sent_id	layer	sentence_good	sentence_bad	sent1_logprob	sent2_logprob	sent1_avg_logprob	sent2_avg_logprob	sent1_logprob_greater	sent1_avg_logprob_greater	field	linguistics_term	instruction
0	1	Alexander didn't walk through that new oasis.	Alexander didn't walk through those new oasis.	-114.0	-114.0	-10.375	-10.375	False	False	morphology	determiner_noun_agreement	Write a natural, coherent English sentence.
1	1	This hair irritates these old alumni.	This hair irritates this old alumni.	-104.0	-104.0	-10.375	-10.375	False	False	morphology	determiner_noun_agreement	Write a natural, coherent English sentence.
2	1	Winston Churchill was escaping from this serious person.	Winston Churchill was escaping from these serious person.	-124.5	-124.5	-10.375	-10.375	False	False	morphology	determiner_noun_agreement	Write a natural, coherent English sentence.
3	1	Anna walks through these purple oases.	Anna walks through this purple oases.	-83.0	-83.0	-10.375	-10.375	False	False	morphology	determiner_noun_agreement	Write a natural, coherent English sentence.
4	1	Alicia sounded like this good analysis.	Alicia sounded like these good analysis.	-93.5	-93.5	-10.375	-10.375	False	False	morphology	determiner_noun_agreement	Write a natural, coherent English sentence.
5	1	Jeffrey might complain about this gray thesis.	Jeffrey might complain about these gray thesis.	-93.5	-93.5	-10.375	-10.375	False	False	morphology	determiner_noun_agreement	Write a natural, coherent English sentence.
6	1	Meredith approaches these concealed women.	Meredith approaches this concealed women.	-93.5	-93.5	-10.375	-10.375	False	False	morphology	determiner_noun_agreement	Write a natural, coherent English sentence.
7	1	Julia questioned those small children.	Julia questioned that small children.	-62.25	-62.25	-10.375	-10.375	False	False	morphology	determiner_noun_agreement	Write a natural, coherent English sentence.
8	1	That adult has brought that purple octopus.	That adult has brought those purple octopus.	-104.0	-104.0	-10.375	-10.375	False	False	morphology	determiner_noun_agreement	Write a natural, coherent English sentence.
9	1	The people hug this displeased woman.	The people hug these displeased woman.	-93.5	-93.5	-10.375	-10.375	False	False	morphology	determiner_noun_agreement	Write a natural, coherent English sentence.
10	1	That beef did bore these displeased people.	That beef did bore this displeased people.	-104.0	-104.0	-10.375	-10.375	False	False	morphology	determiner_noun_agreement	Write a natural, coherent English sentence.
11	1	These libraries talk about these long synopses.	These libraries talk about this long synopses.	-104.0	-104.0	-10.375	-10.375	False	False	morphology	determiner_noun_agreement	Write a natural, coherent English sentence.
12	1	Lori wasn't hiring those delighted men.	Lori wasn't hiring that delighted men.	-104.0	-104.0	-10.375	-10.375	False	False	morphology	determiner_noun_agreement	Write a natural, coherent English sentence.
13	1	The teachers are running around this concealed oasis.	The teachers are running around these concealed oasis.	-114.0	-114.0	-10.375	-10.375	False	False	morphology	determiner_noun_agreement	Write a natural, coherent English sentence.
14	1	Those bananas embarrass these delighted people.	Those bananas embarrass this delighted people.	-83.0	-83.0	-10.375	-10.375	False	False	morphology	determiner_noun_agreement	Write a natural, coherent English sentence.
15	1	Mitchell brought those green oases.	Mitchell brought that green oases.	-72.5	-72.5	-10.375	-10.375	False	False	morphology	determiner_noun_agreement	Write a natural, coherent English sentence.
16	1	The actresses complain about this rough thesis.	The actresses complain about these rough thesis.	-93.5	-93.5	-10.375	-10.375	False	False	morphology	determiner_noun_agreement	Write a natural, coherent English sentence.
17	1	Russell investigates these fast women.	Russell investigates this fast women.	-72.5	-72.5	-10.375	-10.375	False	False	morphology	determiner_noun_agreement	Write a natural, coherent English sentence.
18	1	Irene praised those bad synopses.	Irene praised that bad synopses.	-93.5	-93.5	-10.375	-10.375	False	False	morphology	determiner_noun_agreement	Write a natural, coherent English sentence.
19	1	Denise did confuse that important woman.	Denise did confuse those important woman.	-93.5	-93.5	-10.375	-10.375	False	False	morphology	determiner_noun_agreement	Write a natural, coherent English sentence.
20	1	Some patients dislike those nice women.	Some patients dislike that nice women.	-83.0	-83.0	-10.375	-10.375	False	False	morphology	determiner_noun_agreement	Write a natural, coherent English sentence.
21	1	Amelia wasn't observing this hopeful man.	Amelia wasn't observing these hopeful man.	-124.5	-124.5	-10.375	-10.375	False	False	morphology	determiner_noun_agreement	Write a natural, coherent English sentence.
22	1	Grace is hugging these popular women.	Grace is hugging this popular women.	-83.0	-83.0	-10.375	-10.375	False	False	morphology	determiner_noun_agreement	Write a natural, coherent English sentence.
23	1	Julia might describe this long synopsis.	Julia might describe these long synopsis.	-83.0	-83.0	-10.375	-10.375	False	False	morphology	determiner_noun_agreement	Write a natural, coherent English sentence.
24	1	Many pedestrians do return to these happy men.	Many pedestrians do return to this happy men.	-114.0	-114.0	-10.375	-10.375	False	False	morphology	determiner_noun_agreement	Write a natural, coherent English sentence.
25	1	Laura noticed that determined man.	Laura noticed those determined man.	-62.25	-62.25	-10.375	-10.375	False	False	morphology	determiner_noun_agreement	Write a natural, coherent English sentence.
26	1	Julie would pass those red oases.	Julie would pass that red oases.	-83.0	-83.0	-10.375	-10.375	False	False	morphology	determiner_noun_agreement	Write a natural, coherent English sentence.
27	1	These doctors boast about this out in the open child.	These doctors boast about these out in the open child.	-124.5	-124.5	-10.375	-10.375	False	False	morphology	determiner_noun_agreement	Write a natural, coherent English sentence.
28	1	Stephen isn't revealing this brown nucleus.	Stephen isn't revealing these brown nucleus.	-104.0	-104.0	-10.375	-10.375	False	False	morphology	determiner_noun_agreement	Write a natural, coherent English sentence.
29	1	Travel stuns that sick child.	Travel stuns those sick child.	-72.5	-72.5	-10.375	-10.375	False	False	morphology	determiner_noun_agreement	Write a natural, coherent English sentence.
30	1	Amelia healed that unemployed woman.	Amelia healed those unemployed woman.	-93.5	-93.5	-10.375	-10.375	False	False	morphology	determiner_noun_agreement	Write a natural, coherent English sentence.
31	1	Noah attacks that ill child.	Noah attacks those ill child.	-62.25	-62.25	-10.375	-10.375	False	False	morphology	determiner_noun_agreement	Write a natural, coherent English sentence.
32	1	Randolf buys those gray fungi.	Randolf buys that gray fungi.	-93.5	-93.5	-10.375	-10.375	False	False	morphology	determiner_noun_agreement	Write a natural, coherent English sentence.
33	1	Some pedestrians disagreed with this big woman.	Some pedestrians disagreed with these big woman.	-114.0	-114.0	-10.375	-10.375	False	False	morphology	determiner_noun_agreement	Write a natural, coherent English sentence.
34	1	Adam might sound like these determined children.	Adam might sound like this determined children.	-83.0	-83.0	-10.375	-10.375	False	False	morphology	determiner_noun_agreement	Write a natural, coherent English sentence.
35	1	Bill has stunned this confident man.	Bill has stunned these confident man.	-83.0	-83.0	-10.375	-10.375	False	False	morphology	determiner_noun_agreement	Write a natural, coherent English sentence.
36	1	Rhonda should see these blue oases.	Rhonda should see this blue oases.	-93.5	-93.5	-10.375	-10.375	False	False	morphology	determiner_noun_agreement	Write a natural, coherent English sentence.
37	1	Stephen cares for that out in the open alumnus.	Stephen cares for those out in the open alumnus.	-124.5	-124.5	-10.375	-10.375	False	False	morphology	determiner_noun_agreement	Write a natural, coherent English sentence.
38	1	Cheryl has bought this green oasis.	Cheryl has bought these green oasis.	-93.5	-93.5	-10.375	-10.375	False	False	morphology	determiner_noun_agreement	Write a natural, coherent English sentence.
39	1	Every door annoyed this lucky child.	Every door annoyed these lucky child.	-83.0	-83.0	-10.375	-10.375	False	False	morphology	determiner_noun_agreement	Write a natural, coherent English sentence.
40	1	Gerald cures that unlucky child.	Gerald cures those unlucky child.	-104.0	-104.0	-10.375	-10.375	False	False	morphology	determiner_noun_agreement	Write a natural, coherent English sentence.
41	1	Eyes weren't worrying this troubled child.	Eyes weren't worrying these troubled child.	-114.0	-114.0	-10.375	-10.375	False	False	morphology	determiner_noun_agreement	Write a natural, coherent English sentence.
42	1	Michael isn't referencing this long synopsis.	Michael isn't referencing these long synopsis.	-114.0	-114.0	-10.375	-10.375	False	False	morphology	determiner_noun_agreement	Write a natural, coherent English sentence.
43	1	Robert insults this serious man.	Robert insults these serious man.	-72.5	-72.5	-10.375	-10.375	False	False	morphology	determiner_noun_agreement	Write a natural, coherent English sentence.
44	1	Waitresses describe that smart alumnus.	Waitresses describe those smart alumnus.	-104.0	-104.0	-10.375	-10.375	False	False	morphology	determiner_noun_agreement	Write a natural, coherent English sentence.
45	1	Dan doesn't respect this unemployed alumnus.	Dan doesn't respect these unemployed alumnus.	-124.5	-124.5	-10.375	-10.375	False	False	morphology	determiner_noun_agreement	Write a natural, coherent English sentence.
46	1	Eric has upset those scared people.	Eric has upset that scared people.	-72.5	-72.5	-10.375	-10.375	False	False	morphology	determiner_noun_agreement	Write a natural, coherent English sentence.
47	1	Sabrina was biking to this exposed oasis.	Sabrina was biking to these exposed oasis.	-124.5	-124.5	-10.375	-10.375	False	False	morphology	determiner_noun_agreement	Write a natural, coherent English sentence.
48	1	Edward can't think about these exposed mice.	Edward can't think about this exposed mice.	-114.0	-114.0	-10.375	-10.375	False	False	morphology	determiner_noun_agreement	Write a natural, coherent English sentence.
49	1	Phillip listened to this standing alumnus.	Phillip listened to these standing alumnus.	-104.0	-104.0	-10.375	-10.375	False	False	morphology	determiner_noun_agreement	Write a natural, coherent English sentence.
50	1	Those men skate around this small oasis.	Those men skate around these small oasis.	-104.0	-104.0	-10.375	-10.375	False	False	morphology	determiner_noun_agreement	Write a natural, coherent English sentence.
51	1	Rhonda could think about those content children.	Rhonda could think about that content children.	-93.5	-93.5	-10.375	-10.375	False	False	morphology	determiner_noun_agreement	Write a natural, coherent English sentence.
52	1	Melissa had remembered that unsure person.	Melissa had remembered those unsure person.	-93.5	-93.5	-10.375	-10.375	False	False	morphology	determiner_noun_agreement	Write a natural, coherent English sentence.
53	1	The students talk about this upset person.	The students talk about these upset person.	-83.0	-83.0	-10.375	-10.375	False	False	morphology	determiner_noun_agreement	Write a natural, coherent English sentence.
54	1	Leslie insults those upset alumni.	Leslie insults that upset alumni.	-104.0	-104.0	-10.375	-10.375	False	False	morphology	determiner_noun_agreement	Write a natural, coherent English sentence.
55	1	Hats distract this ill man.	Hats distract these ill man.	-72.5	-72.5	-10.375	-10.375	False	False	morphology	determiner_noun_agreement	Write a natural, coherent English sentence.
56	1	Dawn sounded like this determined child.	Dawn sounded like these determined child.	-83.0	-83.0	-10.375	-10.375	False	False	morphology	determiner_noun_agreement	Write a natural, coherent English sentence.
57	1	Carl had run around that brown oasis.	Carl had run around those brown oasis.	-93.5	-93.5	-10.375	-10.375	False	False	morphology	determiner_noun_agreement	Write a natural, coherent English sentence.
58	1	Anna criticizes these concealed children.	Anna criticizes this concealed children.	-83.0	-83.0	-10.375	-10.375	False	False	morphology	determiner_noun_agreement	Write a natural, coherent English sentence.
59	1	The waiter might criticize that unemployed man.	The waiter might criticize those unemployed man.	-114.0	-114.0	-10.375	-10.375	False	False	morphology	determiner_noun_agreement	Write a natural, coherent English sentence.
60	1	Tracy was investigating this troubled alumnus.	Tracy was investigating these troubled alumnus.	-124.5	-124.5	-10.375	-10.375	False	False	morphology	determiner_noun_agreement	Write a natural, coherent English sentence.
61	1	These newspaper articles astound this clever child.	These newspaper articles astound these clever child.	-93.5	-93.5	-10.375	-10.375	False	False	morphology	determiner_noun_agreement	Write a natural, coherent English sentence.
62	1	Dana hadn't attacked this small man.	Dana hadn't attacked these small man.	-104.0	-104.0	-10.375	-10.375	False	False	morphology	determiner_noun_agreement	Write a natural, coherent English sentence.
63	1	Curtis wasn't breaking those hard teeth.	Curtis wasn't breaking that hard teeth.	-104.0	-104.0	-10.375	-10.375	False	False	morphology	determiner_noun_agreement	Write a natural, coherent English sentence.
64	1	All customers attack this employed alumnus.	All customers attack these employed alumnus.	-93.5	-93.5	-10.375	-10.375	False	False	morphology	determiner_noun_agreement	Write a natural, coherent English sentence.
65	1	Most ladies go to those purple oases.	Most ladies go to that purple oases.	-93.5	-93.5	-10.375	-10.375	False	False	morphology	determiner_noun_agreement	Write a natural, coherent English sentence.
66	1	A dancer tours that blue oasis.	A dancer tours those blue oasis.	-93.5	-93.5	-10.375	-10.375	False	False	morphology	determiner_noun_agreement	Write a natural, coherent English sentence.
67	1	Steven irritated this unconvinced woman.	Steven irritated these unconvinced woman.	-104.0	-104.0	-10.375	-10.375	False	False	morphology	determiner_noun_agreement	Write a natural, coherent English sentence.
68	1	Tara wasn't helping that sick man.	Tara wasn't helping those sick man.	-104.0	-104.0	-10.375	-10.375	False	False	morphology	determiner_noun_agreement	Write a natural, coherent English sentence.
69	1	The dancers aren't cleaning that smooth fungus.	The dancers aren't cleaning those smooth fungus.	-135.0	-135.0	-10.375	-10.375	False	False	morphology	determiner_noun_agreement	Write a natural, coherent English sentence.
70	1	Melissa had talked about these white theses.	Melissa had talked about this white theses.	-104.0	-104.0	-10.375	-10.375	False	False	morphology	determiner_noun_agreement	Write a natural, coherent English sentence.
71	1	The man isn't watching those upset men.	The man isn't watching that upset men.	-104.0	-104.0	-10.375	-10.375	False	False	morphology	determiner_noun_agreement	Write a natural, coherent English sentence.
72	1	Sabrina won't worry this out in the open person.	Sabrina won't worry these out in the open person.	-145.0	-145.0	-10.375	-10.375	False	False	morphology	determiner_noun_agreement	Write a natural, coherent English sentence.
73	1	Every bird embarrassed these unemployed men.	Every bird embarrassed this unemployed men.	-83.0	-83.0	-10.375	-10.375	False	False	morphology	determiner_noun_agreement	Write a natural, coherent English sentence.
74	1	The Borgias drive to that small oasis.	The Borgias drive to those small oasis.	-114.0	-114.0	-10.375	-10.375	False	False	morphology	determiner_noun_agreement	Write a natural, coherent English sentence.
75	1	Bradley likes these brown fungi.	Bradley likes this brown fungi.	-83.0	-83.0	-10.375	-10.375	False	False	morphology	determiner_noun_agreement	Write a natural, coherent English sentence.
76	1	Most guys go to that black oasis.	Most guys go to those black oasis.	-93.5	-93.5	-10.375	-10.375	False	False	morphology	determiner_noun_agreement	Write a natural, coherent English sentence.
77	1	A pedestrian hadn't approached these hopeful women.	A pedestrian hadn't approached this hopeful women.	-124.5	-124.5	-10.375	-10.375	False	False	morphology	determiner_noun_agreement	Write a natural, coherent English sentence.
78	1	Some senators aren't healing this unemployed alumnus.	Some senators aren't healing these unemployed alumnus.	-145.0	-145.0	-10.375	-10.375	False	False	morphology	determiner_noun_agreement	Write a natural, coherent English sentence.
79	1	That cart wasn't stunning these exposed men.	That cart wasn't stunning this exposed men.	-104.0	-104.0	-10.375	-10.375	False	False	morphology	determiner_noun_agreement	Write a natural, coherent English sentence.
80	1	Joel can think about this smart man.	Joel can think about these smart man.	-83.0	-83.0	-10.375	-10.375	False	False	morphology	determiner_noun_agreement	Write a natural, coherent English sentence.
81	1	Those prints disgust those good people.	Those prints disgust that good people.	-72.5	-72.5	-10.375	-10.375	False	False	morphology	determiner_noun_agreement	Write a natural, coherent English sentence.
82	1	Beverly hadn't passed these yellow oases.	Beverly hadn't passed this yellow oases.	-114.0	-114.0	-10.375	-10.375	False	False	morphology	determiner_noun_agreement	Write a natural, coherent English sentence.
83	1	A lot of prints irritate this unconvinced woman.	A lot of prints irritate these unconvinced woman.	-135.0	-135.0	-10.375	-10.375	False	False	morphology	determiner_noun_agreement	Write a natural, coherent English sentence.
84	1	Many customers hire those standing alumni.	Many customers hire that standing alumni.	-93.5	-93.5	-10.375	-10.375	False	False	morphology	determiner_noun_agreement	Write a natural, coherent English sentence.
85	1	Some rug isn't irritating that nice woman.	Some rug isn't irritating those nice woman.	-114.0	-114.0	-10.375	-10.375	False	False	morphology	determiner_noun_agreement	Write a natural, coherent English sentence.
86	1	Jill embarrassed those busy men.	Jill embarrassed that busy men.	-72.5	-72.5	-10.375	-10.375	False	False	morphology	determiner_noun_agreement	Write a natural, coherent English sentence.
87	1	Most sketches could hurt this uncertain person.	Most sketches could hurt these uncertain person.	-104.0	-104.0	-10.375	-10.375	False	False	morphology	determiner_noun_agreement	Write a natural, coherent English sentence.
88	1	Patricia lifted those purple feet.	Patricia lifted that purple feet.	-83.0	-83.0	-10.375	-10.375	False	False	morphology	determiner_noun_agreement	Write a natural, coherent English sentence.
89	1	The girls sell this hard fungus.	The girls sell these hard fungus.	-93.5	-93.5	-10.375	-10.375	False	False	morphology	determiner_noun_agreement	Write a natural, coherent English sentence.
90	1	Nicole has seen this yellow cactus.	Nicole has seen these yellow cactus.	-93.5	-93.5	-10.375	-10.375	False	False	morphology	determiner_noun_agreement	Write a natural, coherent English sentence.
91	1	Sharon could arrive at those big oases.	Sharon could arrive at that big oases.	-104.0	-104.0	-10.375	-10.375	False	False	morphology	determiner_noun_agreement	Write a natural, coherent English sentence.
92	1	This cashier can fire that good woman.	This cashier can fire those good woman.	-93.5	-93.5	-10.375	-10.375	False	False	morphology	determiner_noun_agreement	Write a natural, coherent English sentence.
93	1	Raymond left those scared children.	Raymond left that scared children.	-62.25	-62.25	-10.375	-10.375	False	False	morphology	determiner_noun_agreement	Write a natural, coherent English sentence.
94	1	Noah could discuss that clever person.	Noah could discuss those clever person.	-72.5	-72.5	-10.375	-10.375	False	False	morphology	determiner_noun_agreement	Write a natural, coherent English sentence.
95	1	Rachelle knew that concealed woman.	Rachelle knew those concealed woman.	-83.0	-83.0	-10.375	-10.375	False	False	morphology	determiner_noun_agreement	Write a natural, coherent English sentence.
96	1	Dawn hasn't cured those gray oxen.	Dawn hasn't cured that gray oxen.	-124.5	-124.5	-10.375	-10.375	False	False	morphology	determiner_noun_agreement	Write a natural, coherent English sentence.
97	1	The Great Lakes haven't disgusted those out in the open people.	The Great Lakes haven't disgusted that out in the open people.	-166.0	-166.0	-10.375	-10.375	False	False	morphology	determiner_noun_agreement	Write a natural, coherent English sentence.
98	1	Wayne doesn't exit those cheap oases.	Wayne doesn't exit that cheap oases.	-104.0	-104.0	-10.375	-10.375	False	False	morphology	determiner_noun_agreement	Write a natural, coherent English sentence.
99	1	These waitresses haven't astounded this fast woman.	These waitresses haven't astounded these fast woman.	-145.0	-145.0	-10.375	-10.375	False	False	morphology	determiner_noun_agreement	Write a natural, coherent English sentence.
100	1	Patrick hasn't lifted this out in the open cactus.	Patrick hasn't lifted these out in the open cactus.	-145.0	-145.0	-10.375	-10.375	False	False	morphology	determiner_noun_agreement	Write a natural, coherent English sentence.
101	1	Angela isn't embarrassing those excited children.	Angela isn't embarrassing that excited children.	-104.0	-104.0	-10.375	-10.375	False	False	morphology	determiner_noun_agreement	Write a natural, coherent English sentence.
102	1	Jennifer hasn't criticized this smart man.	Jennifer hasn't criticized these smart man.	-104.0	-104.0	-10.375	-10.375	False	False	morphology	determiner_noun_agreement	Write a natural, coherent English sentence.
103	1	April watched this big person.	April watched these big person.	-62.25	-62.25	-10.375	-10.375	False	False	morphology	determiner_noun_agreement	Write a natural, coherent English sentence.
104	1	Candice hadn't bothered that serious alumnus.	Candice hadn't bothered those serious alumnus.	-124.5	-124.5	-10.375	-10.375	False	False	morphology	determiner_noun_agreement	Write a natural, coherent English sentence.
105	1	The Clintons observe those happy women.	The Clintons observe that happy women.	-93.5	-93.5	-10.375	-10.375	False	False	morphology	determiner_noun_agreement	Write a natural, coherent English sentence.
106	1	The Clintons observe this excited man.	The Clintons observe these excited man.	-93.5	-93.5	-10.375	-10.375	False	False	morphology	determiner_noun_agreement	Write a natural, coherent English sentence.
107	1	Associations were listening to that unlucky child.	Associations were listening to those unlucky child.	-114.0	-114.0	-10.375	-10.375	False	False	morphology	determiner_noun_agreement	Write a natural, coherent English sentence.
108	1	Those committees discussed that busy woman.	Those committees discussed those busy woman.	-93.5	-93.5	-10.375	-10.375	False	False	morphology	determiner_noun_agreement	Write a natural, coherent English sentence.
109	1	Debra isn't discussing that good analysis.	Debra isn't discussing those good analysis.	-104.0	-104.0	-10.375	-10.375	False	False	morphology	determiner_noun_agreement	Write a natural, coherent English sentence.
110	1	The drawing distracts this lucky woman.	The drawing distracts these lucky woman.	-83.0	-83.0	-10.375	-10.375	False	False	morphology	determiner_noun_agreement	Write a natural, coherent English sentence.
111	1	Holly couldn't dislike this exposed child.	Holly couldn't dislike these exposed child.	-104.0	-104.0	-10.375	-10.375	False	False	morphology	determiner_noun_agreement	Write a natural, coherent English sentence.
112	1	Angela examines that good synopsis.	Angela examines those good synopsis.	-83.0	-83.0	-10.375	-10.375	False	False	morphology	determiner_noun_agreement	Write a natural, coherent English sentence.
113	1	These skateboards aggravate that lucky woman.	These skateboards aggravate those lucky woman.	-114.0	-114.0	-10.375	-10.375	False	False	morphology	determiner_noun_agreement	Write a natural, coherent English sentence.
114	1	Some play alarms those small women.	Some play alarms that small women.	-83.0	-83.0	-10.375	-10.375	False	False	morphology	determiner_noun_agreement	Write a natural, coherent English sentence.
115	1	Students investigate these nice men.	Students investigate this nice men.	-62.25	-62.25	-10.375	-10.375	False	False	morphology	determiner_noun_agreement	Write a natural, coherent English sentence.
116	1	Tanya wasn't shocking that busy child.	Tanya wasn't shocking those busy child.	-114.0	-114.0	-10.375	-10.375	False	False	morphology	determiner_noun_agreement	Write a natural, coherent English sentence.
117	1	Brett has boasted about this nice person.	Brett has boasted about these nice person.	-104.0	-104.0	-10.375	-10.375	False	False	morphology	determiner_noun_agreement	Write a natural, coherent English sentence.
118	1	Jennifer described that hidden woman.	Jennifer described those hidden woman.	-62.25	-62.25	-10.375	-10.375	False	False	morphology	determiner_noun_agreement	Write a natural, coherent English sentence.
119	1	Winston Churchill passed these red oases.	Winston Churchill passed this red oases.	-104.0	-104.0	-10.375	-10.375	False	False	morphology	determiner_noun_agreement	Write a natural, coherent English sentence.
120	1	Some mirror could scare this nice woman.	Some mirror could scare these nice woman.	-93.5	-93.5	-10.375	-10.375	False	False	morphology	determiner_noun_agreement	Write a natural, coherent English sentence.
121	1	Caroline hadn't fired that scared alumnus.	Caroline hadn't fired those scared alumnus.	-114.0	-114.0	-10.375	-10.375	False	False	morphology	determiner_noun_agreement	Write a natural, coherent English sentence.
122	1	Edward wasn't referencing that displeased woman.	Edward wasn't referencing those displeased woman.	-124.5	-124.5	-10.375	-10.375	False	False	morphology	determiner_noun_agreement	Write a natural, coherent English sentence.
123	1	Many teachers clean these cheap teeth.	Many teachers clean this cheap teeth.	-72.5	-72.5	-10.375	-10.375	False	False	morphology	determiner_noun_agreement	Write a natural, coherent English sentence.
124	1	Wayne might remember these new oases.	Wayne might remember this new oases.	-83.0	-83.0	-10.375	-10.375	False	False	morphology	determiner_noun_agreement	Write a natural, coherent English sentence.
125	1	Some high school alarms this determined man.	Some high school alarms these determined man.	-93.5	-93.5	-10.375	-10.375	False	False	morphology	determiner_noun_agreement	Write a natural, coherent English sentence.
126	1	Vincent had returned to these out in the open oases.	Vincent had returned to this out in the open oases.	-124.5	-124.5	-10.375	-10.375	False	False	morphology	determiner_noun_agreement	Write a natural, coherent English sentence.
127	1	Marla hired this standing child.	Marla hired these standing child.	-72.5	-72.5	-10.375	-10.375	False	False	morphology	determiner_noun_agreement	Write a natural, coherent English sentence.
128	1	Some cucumber has upset those ill men.	Some cucumber has upset that ill men.	-104.0	-104.0	-10.375	-10.375	False	False	morphology	determiner_noun_agreement	Write a natural, coherent English sentence.
129	1	Russell hasn't kissed this content man.	Russell hasn't kissed these content man.	-93.5	-93.5	-10.375	-10.375	False	False	morphology	determiner_noun_agreement	Write a natural, coherent English sentence.
130	1	Guy has left this determined man.	Guy has left these determined man.	-72.5	-72.5	-10.375	-10.375	False	False	morphology	determiner_noun_agreement	Write a natural, coherent English sentence.
131	1	The Lutherans listen to these employed women.	The Lutherans listen to this employed women.	-93.5	-93.5	-10.375	-10.375	False	False	morphology	determiner_noun_agreement	Write a natural, coherent English sentence.
132	1	Candice disliked these bad analyses.	Candice disliked this bad analyses.	-104.0	-104.0	-10.375	-10.375	False	False	morphology	determiner_noun_agreement	Write a natural, coherent English sentence.
133	1	Many women heal these lost geese.	Many women heal this lost geese.	-83.0	-83.0	-10.375	-10.375	False	False	morphology	determiner_noun_agreement	Write a natural, coherent English sentence.
134	1	Wayne has remembered these smart people.	Wayne has remembered this smart people.	-72.5	-72.5	-10.375	-10.375	False	False	morphology	determiner_noun_agreement	Write a natural, coherent English sentence.
135	1	This teenager had dropped by these white oases.	This teenager had dropped by this white oases.	-104.0	-104.0	-10.375	-10.375	False	False	morphology	determiner_noun_agreement	Write a natural, coherent English sentence.
136	1	Eva has exited those smooth oases.	Eva has exited that smooth oases.	-93.5	-93.5	-10.375	-10.375	False	False	morphology	determiner_noun_agreement	Write a natural, coherent English sentence.
137	1	Cheryl wouldn't aggravate that bad person.	Cheryl wouldn't aggravate those bad person.	-124.5	-124.5	-10.375	-10.375	False	False	morphology	determiner_noun_agreement	Write a natural, coherent English sentence.
138	1	Katherine hadn't shocked those young children.	Katherine hadn't shocked that young children.	-104.0	-104.0	-10.375	-10.375	False	False	morphology	determiner_noun_agreement	Write a natural, coherent English sentence.
139	1	The student loves these troubled people.	The student loves this troubled people.	-83.0	-83.0	-10.375	-10.375	False	False	morphology	determiner_noun_agreement	Write a natural, coherent English sentence.
140	1	Tracy cared for those smart alumni.	Tracy cared for that smart alumni.	-104.0	-104.0	-10.375	-10.375	False	False	morphology	determiner_noun_agreement	Write a natural, coherent English sentence.
141	1	Guys return to these small oases.	Guys return to this small oases.	-93.5	-93.5	-10.375	-10.375	False	False	morphology	determiner_noun_agreement	Write a natural, coherent English sentence.
142	1	Marcus won't bike to this white oasis.	Marcus won't bike to these white oasis.	-114.0	-114.0	-10.375	-10.375	False	False	morphology	determiner_noun_agreement	Write a natural, coherent English sentence.
143	1	Eggplants impressed these unconvinced alumni.	Eggplants impressed this unconvinced alumni.	-145.0	-145.0	-10.375	-10.375	False	False	morphology	determiner_noun_agreement	Write a natural, coherent English sentence.
144	1	A turtle has bored those troubled children.	A turtle has bored that troubled children.	-114.0	-114.0	-10.375	-10.375	False	False	morphology	determiner_noun_agreement	Write a natural, coherent English sentence.
145	1	The adults were taking those old teeth.	The adults were taking that old teeth.	-83.0	-83.0	-10.375	-10.375	False	False	morphology	determiner_noun_agreement	Write a natural, coherent English sentence.
146	1	Alan wasn't returning to those blue oases.	Alan wasn't returning to that blue oases.	-114.0	-114.0	-10.375	-10.375	False	False	morphology	determiner_noun_agreement	Write a natural, coherent English sentence.
147	1	Theodore had lifted this rough cactus.	Theodore had lifted these rough cactus.	-104.0	-104.0	-10.375	-10.375	False	False	morphology	determiner_noun_agreement	Write a natural, coherent English sentence.
148	1	Joel isn't praising those good synopses.	Joel isn't praising that good synopses.	-124.5	-124.5	-10.375	-10.375	False	False	morphology	determiner_noun_agreement	Write a natural, coherent English sentence.
149	1	The pedestrian knows these standing women.	The pedestrian knows this standing women.	-83.0	-83.0	-10.375	-10.375	False	False	morphology	determiner_noun_agreement	Write a natural, coherent English sentence.
150	1	Some museums forget that good analysis.	Some museums forget those good analysis.	-83.0	-83.0	-10.375	-10.375	False	False	morphology	determiner_noun_agreement	Write a natural, coherent English sentence.
151	1	The Clintons might clean that lost fungus.	The Clintons might clean those lost fungus.	-124.5	-124.5	-10.375	-10.375	False	False	morphology	determiner_noun_agreement	Write a natural, coherent English sentence.
152	1	Mary is bothering these out in the open children.	Mary is bothering this out in the open children.	-114.0	-114.0	-10.375	-10.375	False	False	morphology	determiner_noun_agreement	Write a natural, coherent English sentence.
153	1	Many customers sell that lost ox.	Many customers sell those lost ox.	-72.5	-72.5	-10.375	-10.375	False	False	morphology	determiner_noun_agreement	Write a natural, coherent English sentence.
154	1	These waitresses praise these troubled men.	These waitresses praise this troubled men.	-104.0	-104.0	-10.375	-10.375	False	False	morphology	determiner_noun_agreement	Write a natural, coherent English sentence.
155	1	Many men didn't admire that nice person.	Many men didn't admire those nice person.	-114.0	-114.0	-10.375	-10.375	False	False	morphology	determiner_noun_agreement	Write a natural, coherent English sentence.
156	1	Jesus ran around this exposed oasis.	Jesus ran around these exposed oasis.	-83.0	-83.0	-10.375	-10.375	False	False	morphology	determiner_noun_agreement	Write a natural, coherent English sentence.
157	1	Many customers talk about that delighted child.	Many customers talk about those delighted child.	-83.0	-83.0	-10.375	-10.375	False	False	morphology	determiner_noun_agreement	Write a natural, coherent English sentence.
158	1	Drawings had disgusted this small woman.	Drawings had disgusted these small woman.	-93.5	-93.5	-10.375	-10.375	False	False	morphology	determiner_noun_agreement	Write a natural, coherent English sentence.
159	1	Colleen did care for that good man.	Colleen did care for those good man.	-93.5	-93.5	-10.375	-10.375	False	False	morphology	determiner_noun_agreement	Write a natural, coherent English sentence.
160	1	Marcus admired those exposed geese.	Marcus admired that exposed geese.	-83.0	-83.0	-10.375	-10.375	False	False	morphology	determiner_noun_agreement	Write a natural, coherent English sentence.
161	1	Randolf has noticed this clean foot.	Randolf has noticed these clean foot.	-83.0	-83.0	-10.375	-10.375	False	False	morphology	determiner_noun_agreement	Write a natural, coherent English sentence.
162	1	Craig could listen to that determined man.	Craig could listen to those determined man.	-83.0	-83.0	-10.375	-10.375	False	False	morphology	determiner_noun_agreement	Write a natural, coherent English sentence.
163	1	Movies stunned this small man.	Movies stunned these small man.	-83.0	-83.0	-10.375	-10.375	False	False	morphology	determiner_noun_agreement	Write a natural, coherent English sentence.
164	1	Timothy buys this rough ox.	Timothy buys these rough ox.	-83.0	-83.0	-10.375	-10.375	False	False	morphology	determiner_noun_agreement	Write a natural, coherent English sentence.
165	1	Some women go to those red oases.	Some women go to that red oases.	-93.5	-93.5	-10.375	-10.375	False	False	morphology	determiner_noun_agreement	Write a natural, coherent English sentence.
166	1	Ruth fixed this clean tooth.	Ruth fixed these clean tooth.	-62.25	-62.25	-10.375	-10.375	False	False	morphology	determiner_noun_agreement	Write a natural, coherent English sentence.
167	1	Monica is boring those clever men.	Monica is boring that clever men.	-83.0	-83.0	-10.375	-10.375	False	False	morphology	determiner_noun_agreement	Write a natural, coherent English sentence.
168	1	Janice knows these hidden alumni.	Janice knows this hidden alumni.	-93.5	-93.5	-10.375	-10.375	False	False	morphology	determiner_noun_agreement	Write a natural, coherent English sentence.
169	1	Spain insults this delighted alumnus.	Spain insults these delighted alumnus.	-93.5	-93.5	-10.375	-10.375	False	False	morphology	determiner_noun_agreement	Write a natural, coherent English sentence.
170	1	Some planes bore that displeased child.	Some planes bore those displeased child.	-93.5	-93.5	-10.375	-10.375	False	False	morphology	determiner_noun_agreement	Write a natural, coherent English sentence.
171	1	Dishes should upset these happy men.	Dishes should upset this happy men.	-83.0	-83.0	-10.375	-10.375	False	False	morphology	determiner_noun_agreement	Write a natural, coherent English sentence.
172	1	That painting looked like these yellow stimuli.	That painting looked like this yellow stimuli.	-93.5	-93.5	-10.375	-10.375	False	False	morphology	determiner_noun_agreement	Write a natural, coherent English sentence.
173	1	Amy shocked that content man.	Amy shocked those content man.	-62.25	-62.25	-10.375	-10.375	False	False	morphology	determiner_noun_agreement	Write a natural, coherent English sentence.
174	1	Melinda hasn't hidden this determined woman.	Melinda hasn't hidden these determined woman.	-104.0	-104.0	-10.375	-10.375	False	False	morphology	determiner_noun_agreement	Write a natural, coherent English sentence.
175	1	Caroline did drive to this brown oasis.	Caroline did drive to these brown oasis.	-93.5	-93.5	-10.375	-10.375	False	False	morphology	determiner_noun_agreement	Write a natural, coherent English sentence.
176	1	That rice disturbed those smart alumni.	That rice disturbed that smart alumni.	-104.0	-104.0	-10.375	-10.375	False	False	morphology	determiner_noun_agreement	Write a natural, coherent English sentence.
177	1	Brian will examine these long analyses.	Brian will examine this long analyses.	-83.0	-83.0	-10.375	-10.375	False	False	morphology	determiner_noun_agreement	Write a natural, coherent English sentence.
178	1	Mark dislikes this uncertain child.	Mark dislikes these uncertain child.	-83.0	-83.0	-10.375	-10.375	False	False	morphology	determiner_noun_agreement	Write a natural, coherent English sentence.
179	1	Rose was returning to these out in the open children.	Rose was returning to this out in the open children.	-114.0	-114.0	-10.375	-10.375	False	False	morphology	determiner_noun_agreement	Write a natural, coherent English sentence.
180	1	The guest has fixed this red tooth.	The guest has fixed these red tooth.	-83.0	-83.0	-10.375	-10.375	False	False	morphology	determiner_noun_agreement	Write a natural, coherent English sentence.
181	1	Jennifer is breaking this big tooth.	Jennifer is breaking these big tooth.	-72.5	-72.5	-10.375	-10.375	False	False	morphology	determiner_noun_agreement	Write a natural, coherent English sentence.
182	1	Sabrina isn't referencing these red theses.	Sabrina isn't referencing this red theses.	-135.0	-135.0	-10.375	-10.375	False	False	morphology	determiner_noun_agreement	Write a natural, coherent English sentence.
183	1	Valerie hadn't exited that exposed oasis.	Valerie hadn't exited those exposed oasis.	-124.5	-124.5	-10.375	-10.375	False	False	morphology	determiner_noun_agreement	Write a natural, coherent English sentence.
184	1	Every restaurant had worried this hidden child.	Every restaurant had worried these hidden child.	-83.0	-83.0	-10.375	-10.375	False	False	morphology	determiner_noun_agreement	Write a natural, coherent English sentence.
185	1	A woman was examining those long synopses.	A woman was examining that long synopses.	-114.0	-114.0	-10.375	-10.375	False	False	morphology	determiner_noun_agreement	Write a natural, coherent English sentence.
186	1	All actresses approach that content man.	All actresses approach those content man.	-83.0	-83.0	-10.375	-10.375	False	False	morphology	determiner_noun_agreement	Write a natural, coherent English sentence.
187	1	Sarah cleaned those yellow feet.	Sarah cleaned that yellow feet.	-62.25	-62.25	-10.375	-10.375	False	False	morphology	determiner_noun_agreement	Write a natural, coherent English sentence.
188	1	Margaret tours those black oases.	Margaret tours that black oases.	-72.5	-72.5	-10.375	-10.375	False	False	morphology	determiner_noun_agreement	Write a natural, coherent English sentence.
189	1	Rachel wasn't messing up this clean foot.	Rachel wasn't messing up these clean foot.	-114.0	-114.0	-10.375	-10.375	False	False	morphology	determiner_noun_agreement	Write a natural, coherent English sentence.
190	1	The Lutherans go to that old oasis.	The Lutherans go to those old oasis.	-104.0	-104.0	-10.375	-10.375	False	False	morphology	determiner_noun_agreement	Write a natural, coherent English sentence.
191	1	The lamps shock those hidden alumni.	The lamps shock that hidden alumni.	-104.0	-104.0	-10.375	-10.375	False	False	morphology	determiner_noun_agreement	Write a natural, coherent English sentence.
192	1	Claire conceals those small stimuli.	Claire conceals that small stimuli.	-83.0	-83.0	-10.375	-10.375	False	False	morphology	determiner_noun_agreement	Write a natural, coherent English sentence.
193	1	Most documentaries annoy that busy person.	Most documentaries annoy those busy person.	-83.0	-83.0	-10.375	-10.375	False	False	morphology	determiner_noun_agreement	Write a natural, coherent English sentence.
194	1	Pamela shouldn't return to those exposed men.	Pamela shouldn't return to that exposed men.	-114.0	-114.0	-10.375	-10.375	False	False	morphology	determiner_noun_agreement	Write a natural, coherent English sentence.
195	1	That person couldn't arrive at that purple oasis.	That person couldn't arrive at those purple oasis.	-124.5	-124.5	-10.375	-10.375	False	False	morphology	determiner_noun_agreement	Write a natural, coherent English sentence.
196	1	Alicia won't admire those big nuclei.	Alicia won't admire that big nuclei.	-135.0	-135.0	-10.375	-10.375	False	False	morphology	determiner_noun_agreement	Write a natural, coherent English sentence.
197	1	Curtis arrived at that red oasis.	Curtis arrived at those red oasis.	-93.5	-93.5	-10.375	-10.375	False	False	morphology	determiner_noun_agreement	Write a natural, coherent English sentence.
198	1	People investigate that smart man.	People investigate those smart man.	-62.25	-62.25	-10.375	-10.375	False	False	morphology	determiner_noun_agreement	Write a natural, coherent English sentence.
199	1	Some boys hire these content alumni.	Some boys hire this content alumni.	-93.5	-93.5	-10.375	-10.375	False	False	morphology	determiner_noun_agreement	Write a natural, coherent English sentence.
200	1	Leslie found these brown feet.	Leslie found this brown feet.	-72.5	-72.5	-10.375	-10.375	False	False	morphology	determiner_noun_agreement	Write a natural, coherent English sentence.
201	1	Alexander was firing that displeased woman.	Alexander was firing those displeased woman.	-93.5	-93.5	-10.375	-10.375	False	False	morphology	determiner_noun_agreement	Write a natural, coherent English sentence.
202	1	Florence hasn't argued about those confident children.	Florence hasn't argued about that confident children.	-104.0	-104.0	-10.375	-10.375	False	False	morphology	determiner_noun_agreement	Write a natural, coherent English sentence.
203	1	That adult hadn't complained about that exposed man.	That adult hadn't complained about those exposed man.	-114.0	-114.0	-10.375	-10.375	False	False	morphology	determiner_noun_agreement	Write a natural, coherent English sentence.
204	1	Larry works with these scared women.	Larry works with this scared women.	-72.5	-72.5	-10.375	-10.375	False	False	morphology	determiner_noun_agreement	Write a natural, coherent English sentence.
205	1	Kathleen leaves this old child.	Kathleen leaves these old child.	-72.5	-72.5	-10.375	-10.375	False	False	morphology	determiner_noun_agreement	Write a natural, coherent English sentence.
206	1	The actresses weren't watching these scared people.	The actresses weren't watching this scared people.	-114.0	-114.0	-10.375	-10.375	False	False	morphology	determiner_noun_agreement	Write a natural, coherent English sentence.
207	1	Derek isn't escaping from these blue oases.	Derek isn't escaping from this blue oases.	-135.0	-135.0	-10.375	-10.375	False	False	morphology	determiner_noun_agreement	Write a natural, coherent English sentence.
208	1	Naomi isn't talking about that cheap oasis.	Naomi isn't talking about those cheap oasis.	-124.5	-124.5	-10.375	-10.375	False	False	morphology	determiner_noun_agreement	Write a natural, coherent English sentence.
209	1	These guests hate these troubled men.	These guests hate this troubled men.	-83.0	-83.0	-10.375	-10.375	False	False	morphology	determiner_noun_agreement	Write a natural, coherent English sentence.
210	1	Patricia wasn't hiring those small children.	Patricia wasn't hiring that small children.	-114.0	-114.0	-10.375	-10.375	False	False	morphology	determiner_noun_agreement	Write a natural, coherent English sentence.
211	1	All stairs weren't alarming that lucky woman.	All stairs weren't alarming those lucky woman.	-114.0	-114.0	-10.375	-10.375	False	False	morphology	determiner_noun_agreement	Write a natural, coherent English sentence.
212	1	Many drivers left that confident alumnus.	Many drivers left those confident alumnus.	-93.5	-93.5	-10.375	-10.375	False	False	morphology	determiner_noun_agreement	Write a natural, coherent English sentence.
213	1	Every skirt disgusts these smart children.	Every skirt disgusts this smart children.	-83.0	-83.0	-10.375	-10.375	False	False	morphology	determiner_noun_agreement	Write a natural, coherent English sentence.
214	1	Valerie has astounded that lost alumnus.	Valerie has astounded those lost alumnus.	-124.5	-124.5	-10.375	-10.375	False	False	morphology	determiner_noun_agreement	Write a natural, coherent English sentence.
215	1	Sonia should describe this determined child.	Sonia should describe these determined child.	-83.0	-83.0	-10.375	-10.375	False	False	morphology	determiner_noun_agreement	Write a natural, coherent English sentence.
216	1	A lot of lakes weren't disgusting that old person.	A lot of lakes weren't disgusting those old person.	-145.0	-145.0	-10.375	-10.375	False	False	morphology	determiner_noun_agreement	Write a natural, coherent English sentence.
217	1	Some pants hadn't aggravated that good woman.	Some pants hadn't aggravated those good woman.	-124.5	-124.5	-10.375	-10.375	False	False	morphology	determiner_noun_agreement	Write a natural, coherent English sentence.
218	1	Anne does return to that old woman.	Anne does return to those old woman.	-83.0	-83.0	-10.375	-10.375	False	False	morphology	determiner_noun_agreement	Write a natural, coherent English sentence.
219	1	Alan wasn't listening to that delighted person.	Alan wasn't listening to those delighted person.	-104.0	-104.0	-10.375	-10.375	False	False	morphology	determiner_noun_agreement	Write a natural, coherent English sentence.
220	1	Some icicles annoy those serious alumni.	Some icicles annoy that serious alumni.	-104.0	-104.0	-10.375	-10.375	False	False	morphology	determiner_noun_agreement	Write a natural, coherent English sentence.
221	1	Many women won't scare those uncertain men.	Many women won't scare that uncertain men.	-114.0	-114.0	-10.375	-10.375	False	False	morphology	determiner_noun_agreement	Write a natural, coherent English sentence.
222	1	Science disgusts this unconvinced alumnus.	Science disgusts these unconvinced alumnus.	-124.5	-124.5	-10.375	-10.375	False	False	morphology	determiner_noun_agreement	Write a natural, coherent English sentence.
223	1	Connie tours these rough oases.	Connie tours this rough oases.	-83.0	-83.0	-10.375	-10.375	False	False	morphology	determiner_noun_agreement	Write a natural, coherent English sentence.
224	1	Those banks were talking about this lost thesis.	Those banks were talking about these lost thesis.	-93.5	-93.5	-10.375	-10.375	False	False	morphology	determiner_noun_agreement	Write a natural, coherent English sentence.
225	1	Some prints didn't look like this rough louse.	Some prints didn't look like these rough louse.	-124.5	-124.5	-10.375	-10.375	False	False	morphology	determiner_noun_agreement	Write a natural, coherent English sentence.
226	1	All pedestrians like those rough theses.	All pedestrians like that rough theses.	-104.0	-104.0	-10.375	-10.375	False	False	morphology	determiner_noun_agreement	Write a natural, coherent English sentence.
227	1	Douglas saw that black fungus.	Douglas saw those black fungus.	-83.0	-83.0	-10.375	-10.375	False	False	morphology	determiner_noun_agreement	Write a natural, coherent English sentence.
228	1	Sarah examined that bad analysis.	Sarah examined those bad analysis.	-62.25	-62.25	-10.375	-10.375	False	False	morphology	determiner_noun_agreement	Write a natural, coherent English sentence.
229	1	An actress researches this long thesis.	An actress researches these long thesis.	-104.0	-104.0	-10.375	-10.375	False	False	morphology	determiner_noun_agreement	Write a natural, coherent English sentence.
230	1	Those waitresses criticize this hidden child.	Those waitresses criticize these hidden child.	-104.0	-104.0	-10.375	-10.375	False	False	morphology	determiner_noun_agreement	Write a natural, coherent English sentence.
231	1	Most drivers question these upset alumni.	Most drivers question this upset alumni.	-93.5	-93.5	-10.375	-10.375	False	False	morphology	determiner_noun_agreement	Write a natural, coherent English sentence.
232	1	Phillip isn't working with these small women.	Phillip isn't working with this small women.	-114.0	-114.0	-10.375	-10.375	False	False	morphology	determiner_noun_agreement	Write a natural, coherent English sentence.
233	1	Jennifer can't aggravate that unlucky man.	Jennifer can't aggravate those unlucky man.	-135.0	-135.0	-10.375	-10.375	False	False	morphology	determiner_noun_agreement	Write a natural, coherent English sentence.
234	1	Essays confuse this good woman.	Essays confuse these good woman.	-83.0	-83.0	-10.375	-10.375	False	False	morphology	determiner_noun_agreement	Write a natural, coherent English sentence.
235	1	Amelia has forgotten those bad analyses.	Amelia has forgotten that bad analyses.	-93.5	-93.5	-10.375	-10.375	False	False	morphology	determiner_noun_agreement	Write a natural, coherent English sentence.
236	1	Michael had explored this brown oasis.	Michael had explored these brown oasis.	-83.0	-83.0	-10.375	-10.375	False	False	morphology	determiner_noun_agreement	Write a natural, coherent English sentence.
237	1	Natalie can aggravate those smart men.	Natalie can aggravate that smart men.	-104.0	-104.0	-10.375	-10.375	False	False	morphology	determiner_noun_agreement	Write a natural, coherent English sentence.
238	1	That patient won't go to these cheap oases.	That patient won't go to this cheap oases.	-124.5	-124.5	-10.375	-10.375	False	False	morphology	determiner_noun_agreement	Write a natural, coherent English sentence.
239	1	Heidi had discovered those black feet.	Heidi had discovered that black feet.	-83.0	-83.0	-10.375	-10.375	False	False	morphology	determiner_noun_agreement	Write a natural, coherent English sentence.
240	1	David hadn't watched those determined men.	David hadn't watched that determined men.	-93.5	-93.5	-10.375	-10.375	False	False	morphology	determiner_noun_agreement	Write a natural, coherent English sentence.
241	1	Some teenager couldn't walk through these green oases.	Some teenager couldn't walk through this green oases.	-124.5	-124.5	-10.375	-10.375	False	False	morphology	determiner_noun_agreement	Write a natural, coherent English sentence.
242	1	Christina shouldn't sell this hard oasis.	Christina shouldn't sell these hard oasis.	-114.0	-114.0	-10.375	-10.375	False	False	morphology	determiner_noun_agreement	Write a natural, coherent English sentence.
243	1	Christopher isn't firing those sick men.	Christopher isn't firing that sick men.	-93.5	-93.5	-10.375	-10.375	False	False	morphology	determiner_noun_agreement	Write a natural, coherent English sentence.
244	1	Most students hide that yellow mouse.	Most students hide those yellow mouse.	-72.5	-72.5	-10.375	-10.375	False	False	morphology	determiner_noun_agreement	Write a natural, coherent English sentence.
245	1	Holly did buy those clean feet.	Holly did buy that clean feet.	-72.5	-72.5	-10.375	-10.375	False	False	morphology	determiner_noun_agreement	Write a natural, coherent English sentence.
246	1	Many actors clean these brown theses.	Many actors clean this brown theses.	-83.0	-83.0	-10.375	-10.375	False	False	morphology	determiner_noun_agreement	Write a natural, coherent English sentence.
247	1	Stacy would hide those lost lice.	Stacy would hide that lost lice.	-93.5	-93.5	-10.375	-10.375	False	False	morphology	determiner_noun_agreement	Write a natural, coherent English sentence.
248	1	Alan drove to that new oasis.	Alan drove to those new oasis.	-83.0	-83.0	-10.375	-10.375	False	False	morphology	determiner_noun_agreement	Write a natural, coherent English sentence.
249	1	The Impressionists tour this purple oasis.	The Impressionists tour these purple oasis.	-104.0	-104.0	-10.375	-10.375	False	False	morphology	determiner_noun_agreement	Write a natural, coherent English sentence.
250	1	Wayne is talking to this hidden woman.	Wayne is talking to these hidden woman.	-83.0	-83.0	-10.375	-10.375	False	False	morphology	determiner_noun_agreement	Write a natural, coherent English sentence.
251	1	Christopher forgets this happy child.	Christopher forgets these happy child.	-72.5	-72.5	-10.375	-10.375	False	False	morphology	determiner_noun_agreement	Write a natural, coherent English sentence.
252	1	Julie can boycott those cheap oases.	Julie can boycott that cheap oases.	-93.5	-93.5	-10.375	-10.375	False	False	morphology	determiner_noun_agreement	Write a natural, coherent English sentence.
253	1	Most senators dislike these bad theses.	Most senators dislike this bad theses.	-104.0	-104.0	-10.375	-10.375	False	False	morphology	determiner_noun_agreement	Write a natural, coherent English sentence.
254	1	Denise concealed this content person.	Denise concealed these content person.	-83.0	-83.0	-10.375	-10.375	False	False	morphology	determiner_noun_agreement	Write a natural, coherent English sentence.
255	1	Some bike shocks these nice women.	Some bike shocks this nice women.	-83.0	-83.0	-10.375	-10.375	False	False	morphology	determiner_noun_agreement	Write a natural, coherent English sentence.
256	1	These teenagers fix those hidden feet.	These teenagers fix that hidden feet.	-83.0	-83.0	-10.375	-10.375	False	False	morphology	determiner_noun_agreement	Write a natural, coherent English sentence.
257	1	Ella praised that ill woman.	Ella praised those ill woman.	-72.5	-72.5	-10.375	-10.375	False	False	morphology	determiner_noun_agreement	Write a natural, coherent English sentence.
258	1	Current events stun these lost people.	Current events stun this lost people.	-83.0	-83.0	-10.375	-10.375	False	False	morphology	determiner_noun_agreement	Write a natural, coherent English sentence.
259	1	Mary tours this gray oasis.	Mary tours these gray oasis.	-72.5	-72.5	-10.375	-10.375	False	False	morphology	determiner_noun_agreement	Write a natural, coherent English sentence.
260	1	Linda visited those unsure men.	Linda visited that unsure men.	-72.5	-72.5	-10.375	-10.375	False	False	morphology	determiner_noun_agreement	Write a natural, coherent English sentence.
261	1	Dan wouldn't boycott that smooth oasis.	Dan wouldn't boycott those smooth oasis.	-114.0	-114.0	-10.375	-10.375	False	False	morphology	determiner_noun_agreement	Write a natural, coherent English sentence.
262	1	Those men leave that brown oasis.	Those men leave those brown oasis.	-83.0	-83.0	-10.375	-10.375	False	False	morphology	determiner_noun_agreement	Write a natural, coherent English sentence.
263	1	Lissa does pass these black oases.	Lissa does pass this black oases.	-93.5	-93.5	-10.375	-10.375	False	False	morphology	determiner_noun_agreement	Write a natural, coherent English sentence.
264	1	Alice had embarrassed this happy man.	Alice had embarrassed these happy man.	-72.5	-72.5	-10.375	-10.375	False	False	morphology	determiner_noun_agreement	Write a natural, coherent English sentence.
265	1	Wayne is worrying that hopeful child.	Wayne is worrying those hopeful child.	-83.0	-83.0	-10.375	-10.375	False	False	morphology	determiner_noun_agreement	Write a natural, coherent English sentence.
266	1	Lucille is biking to that green oasis.	Lucille is biking to those green oasis.	-114.0	-114.0	-10.375	-10.375	False	False	morphology	determiner_noun_agreement	Write a natural, coherent English sentence.
267	1	Katherine hadn't skated around this white oasis.	Katherine hadn't skated around these white oasis.	-135.0	-135.0	-10.375	-10.375	False	False	morphology	determiner_noun_agreement	Write a natural, coherent English sentence.
268	1	James observed this hopeful child.	James observed these hopeful child.	-72.5	-72.5	-10.375	-10.375	False	False	morphology	determiner_noun_agreement	Write a natural, coherent English sentence.
269	1	Gerald liked this big child.	Gerald liked these big child.	-72.5	-72.5	-10.375	-10.375	False	False	morphology	determiner_noun_agreement	Write a natural, coherent English sentence.
270	1	That committee wasn't hiring this displeased alumnus.	That committee wasn't hiring these displeased alumnus.	-145.0	-145.0	-10.375	-10.375	False	False	morphology	determiner_noun_agreement	Write a natural, coherent English sentence.
271	1	Gary isn't breaking that white tooth.	Gary isn't breaking those white tooth.	-93.5	-93.5	-10.375	-10.375	False	False	morphology	determiner_noun_agreement	Write a natural, coherent English sentence.
272	1	Walter hasn't seen those content children.	Walter hasn't seen that content children.	-93.5	-93.5	-10.375	-10.375	False	False	morphology	determiner_noun_agreement	Write a natural, coherent English sentence.
273	1	Martha didn't clean these hidden teeth.	Martha didn't clean this hidden teeth.	-93.5	-93.5	-10.375	-10.375	False	False	morphology	determiner_noun_agreement	Write a natural, coherent English sentence.
274	1	These teachers are returning to those lost men.	These teachers are returning to that lost men.	-93.5	-93.5	-10.375	-10.375	False	False	morphology	determiner_noun_agreement	Write a natural, coherent English sentence.
275	1	Ellen hadn't boycotted that hidden oasis.	Ellen hadn't boycotted those hidden oasis.	-124.5	-124.5	-10.375	-10.375	False	False	morphology	determiner_noun_agreement	Write a natural, coherent English sentence.
276	1	Some patients drive to these brown oases.	Some patients drive to this brown oases.	-93.5	-93.5	-10.375	-10.375	False	False	morphology	determiner_noun_agreement	Write a natural, coherent English sentence.
277	1	Nina wasn't referencing this ill person.	Nina wasn't referencing these ill person.	-104.0	-104.0	-10.375	-10.375	False	False	morphology	determiner_noun_agreement	Write a natural, coherent English sentence.
278	1	Denise praises these fast children.	Denise praises this fast children.	-83.0	-83.0	-10.375	-10.375	False	False	morphology	determiner_noun_agreement	Write a natural, coherent English sentence.
279	1	Most customers attack that clever man.	Most customers attack those clever man.	-72.5	-72.5	-10.375	-10.375	False	False	morphology	determiner_noun_agreement	Write a natural, coherent English sentence.
280	1	Every photograph looks like those exposed people.	Every photograph looks like that exposed people.	-83.0	-83.0	-10.375	-10.375	False	False	morphology	determiner_noun_agreement	Write a natural, coherent English sentence.
281	1	Cindy shouldn't cure that confident alumnus.	Cindy shouldn't cure those confident alumnus.	-135.0	-135.0	-10.375	-10.375	False	False	morphology	determiner_noun_agreement	Write a natural, coherent English sentence.
282	1	The Borgias reveal these blue feet.	The Borgias reveal this blue feet.	-93.5	-93.5	-10.375	-10.375	False	False	morphology	determiner_noun_agreement	Write a natural, coherent English sentence.
283	1	Ella lifts these exposed fungi.	Ella lifts this exposed fungi.	-93.5	-93.5	-10.375	-10.375	False	False	morphology	determiner_noun_agreement	Write a natural, coherent English sentence.
284	1	The Lutherans astound that unsure person.	The Lutherans astound those unsure person.	-104.0	-104.0	-10.375	-10.375	False	False	morphology	determiner_noun_agreement	Write a natural, coherent English sentence.
285	1	These cakes bore that determined woman.	These cakes bore those determined woman.	-83.0	-83.0	-10.375	-10.375	False	False	morphology	determiner_noun_agreement	Write a natural, coherent English sentence.
286	1	Nina lifts this orange cactus.	Nina lifts these orange cactus.	-93.5	-93.5	-10.375	-10.375	False	False	morphology	determiner_noun_agreement	Write a natural, coherent English sentence.
287	1	The actors kiss these unconvinced children.	The actors kiss this unconvinced children.	-104.0	-104.0	-10.375	-10.375	False	False	morphology	determiner_noun_agreement	Write a natural, coherent English sentence.
288	1	Sharon dislikes that brown thesis.	Sharon dislikes those brown thesis.	-93.5	-93.5	-10.375	-10.375	False	False	morphology	determiner_noun_agreement	Write a natural, coherent English sentence.
289	1	The customers sell these rough fungi.	The customers sell this rough fungi.	-83.0	-83.0	-10.375	-10.375	False	False	morphology	determiner_noun_agreement	Write a natural, coherent English sentence.
290	1	Janice didn't cure those employed men.	Janice didn't cure that employed men.	-104.0	-104.0	-10.375	-10.375	False	False	morphology	determiner_noun_agreement	Write a natural, coherent English sentence.
291	1	Paula left this uncertain person.	Paula left these uncertain person.	-72.5	-72.5	-10.375	-10.375	False	False	morphology	determiner_noun_agreement	Write a natural, coherent English sentence.
292	1	Those guys had escaped from those employed children.	Those guys had escaped from that employed children.	-93.5	-93.5	-10.375	-10.375	False	False	morphology	determiner_noun_agreement	Write a natural, coherent English sentence.
293	1	Christine wasn't touring that old oasis.	Christine wasn't touring those old oasis.	-124.5	-124.5	-10.375	-10.375	False	False	morphology	determiner_noun_agreement	Write a natural, coherent English sentence.
294	1	These waitresses praise this rough thesis.	These waitresses praise these rough thesis.	-93.5	-93.5	-10.375	-10.375	False	False	morphology	determiner_noun_agreement	Write a natural, coherent English sentence.
295	1	Some girls hadn't passed this concealed oasis.	Some girls hadn't passed these concealed oasis.	-124.5	-124.5	-10.375	-10.375	False	False	morphology	determiner_noun_agreement	Write a natural, coherent English sentence.
296	1	Andrea lifts these small cacti.	Andrea lifts this small cacti.	-93.5	-93.5	-10.375	-10.375	False	False	morphology	determiner_noun_agreement	Write a natural, coherent English sentence.
297	1	Kristen is scanning those bad synopses.	Kristen is scanning that bad synopses.	-114.0	-114.0	-10.375	-10.375	False	False	morphology	determiner_noun_agreement	Write a natural, coherent English sentence.
298	1	Alan is skated around these cheap oases.	Alan is skated around this cheap oases.	-104.0	-104.0	-10.375	-10.375	False	False	morphology	determiner_noun_agreement	Write a natural, coherent English sentence.
299	1	Kayla has investigated these busy people.	Kayla has investigated this busy people.	-83.0	-83.0	-10.375	-10.375	False	False	morphology	determiner_noun_agreement	Write a natural, coherent English sentence.
300	1	Timothy observes that good woman.	Timothy observes those good woman.	-83.0	-83.0	-10.375	-10.375	False	False	morphology	determiner_noun_agreement	Write a natural, coherent English sentence.
301	1	Every museum hadn't discussed those hidden theses.	Every museum hadn't discussed that hidden theses.	-114.0	-114.0	-10.375	-10.375	False	False	morphology	determiner_noun_agreement	Write a natural, coherent English sentence.
302	1	Some cashiers help this troubled person.	Some cashiers help these troubled person.	-93.5	-93.5	-10.375	-10.375	False	False	morphology	determiner_noun_agreement	Write a natural, coherent English sentence.
303	1	Amanda was attacking that displeased woman.	Amanda was attacking those displeased woman.	-93.5	-93.5	-10.375	-10.375	False	False	morphology	determiner_noun_agreement	Write a natural, coherent English sentence.
304	1	This window upsets these lost people.	This window upsets this lost people.	-83.0	-83.0	-10.375	-10.375	False	False	morphology	determiner_noun_agreement	Write a natural, coherent English sentence.
305	1	Cindy wasn't bringing those gray cacti.	Cindy wasn't bringing that gray cacti.	-135.0	-135.0	-10.375	-10.375	False	False	morphology	determiner_noun_agreement	Write a natural, coherent English sentence.
306	1	Peter complained about these good synopses.	Peter complained about this good synopses.	-93.5	-93.5	-10.375	-10.375	False	False	morphology	determiner_noun_agreement	Write a natural, coherent English sentence.
307	1	Danielle was touring those new oases.	Danielle was touring that new oases.	-104.0	-104.0	-10.375	-10.375	False	False	morphology	determiner_noun_agreement	Write a natural, coherent English sentence.
308	1	Elaine discusses that standing person.	Elaine discusses those standing person.	-83.0	-83.0	-10.375	-10.375	False	False	morphology	determiner_noun_agreement	Write a natural, coherent English sentence.
309	1	Jacqueline had healed those rough geese.	Jacqueline had healed that rough geese.	-114.0	-114.0	-10.375	-10.375	False	False	morphology	determiner_noun_agreement	Write a natural, coherent English sentence.
310	1	All rivers were distracting those standing men.	All rivers were distracting that standing men.	-93.5	-93.5	-10.375	-10.375	False	False	morphology	determiner_noun_agreement	Write a natural, coherent English sentence.
311	1	Some people exit those yellow oases.	Some people exit that yellow oases.	-83.0	-83.0	-10.375	-10.375	False	False	morphology	determiner_noun_agreement	Write a natural, coherent English sentence.
312	1	Becca isn't exploring these hard oases.	Becca isn't exploring this hard oases.	-114.0	-114.0	-10.375	-10.375	False	False	morphology	determiner_noun_agreement	Write a natural, coherent English sentence.
313	1	Timothy revealed that big foot.	Timothy revealed those big foot.	-72.5	-72.5	-10.375	-10.375	False	False	morphology	determiner_noun_agreement	Write a natural, coherent English sentence.
314	1	Adam fires these determined men.	Adam fires this determined men.	-62.25	-62.25	-10.375	-10.375	False	False	morphology	determiner_noun_agreement	Write a natural, coherent English sentence.
315	1	The teenagers clean this purple foot.	The teenagers clean these purple foot.	-83.0	-83.0	-10.375	-10.375	False	False	morphology	determiner_noun_agreement	Write a natural, coherent English sentence.
316	1	The Great Lakes could annoy that troubled man.	The Great Lakes could annoy those troubled man.	-114.0	-114.0	-10.375	-10.375	False	False	morphology	determiner_noun_agreement	Write a natural, coherent English sentence.
317	1	Karen discusses those bad men.	Karen discusses that bad men.	-72.5	-72.5	-10.375	-10.375	False	False	morphology	determiner_noun_agreement	Write a natural, coherent English sentence.
318	1	Phillip didn't find those ill alumni.	Phillip didn't find that ill alumni.	-124.5	-124.5	-10.375	-10.375	False	False	morphology	determiner_noun_agreement	Write a natural, coherent English sentence.
319	1	A lot of men reference these good analyses.	A lot of men reference this good analyses.	-104.0	-104.0	-10.375	-10.375	False	False	morphology	determiner_noun_agreement	Write a natural, coherent English sentence.
320	1	Larry had insulted these lucky children.	Larry had insulted this lucky children.	-83.0	-83.0	-10.375	-10.375	False	False	morphology	determiner_noun_agreement	Write a natural, coherent English sentence.
321	1	Debra is firing that determined child.	Debra is firing those determined child.	-83.0	-83.0	-10.375	-10.375	False	False	morphology	determiner_noun_agreement	Write a natural, coherent English sentence.
322	1	Noah was watching that fast woman.	Noah was watching those fast woman.	-72.5	-72.5	-10.375	-10.375	False	False	morphology	determiner_noun_agreement	Write a natural, coherent English sentence.
323	1	Gina works with that displeased person.	Gina works with those displeased person.	-104.0	-104.0	-10.375	-10.375	False	False	morphology	determiner_noun_agreement	Write a natural, coherent English sentence.
324	1	Most doctors would bring these big nuclei.	Most doctors would bring this big nuclei.	-93.5	-93.5	-10.375	-10.375	False	False	morphology	determiner_noun_agreement	Write a natural, coherent English sentence.
325	1	All drawings alarm that unconvinced child.	All drawings alarm those unconvinced child.	-104.0	-104.0	-10.375	-10.375	False	False	morphology	determiner_noun_agreement	Write a natural, coherent English sentence.
326	1	Some libraries hate that busy man.	Some libraries hate those busy man.	-72.5	-72.5	-10.375	-10.375	False	False	morphology	determiner_noun_agreement	Write a natural, coherent English sentence.
327	1	Derek disgusted that unemployed child.	Derek disgusted those unemployed child.	-93.5	-93.5	-10.375	-10.375	False	False	morphology	determiner_noun_agreement	Write a natural, coherent English sentence.
328	1	Marla hadn't fired these good men.	Marla hadn't fired this good men.	-104.0	-104.0	-10.375	-10.375	False	False	morphology	determiner_noun_agreement	Write a natural, coherent English sentence.
329	1	Carmen examined that red thesis.	Carmen examined those red thesis.	-72.5	-72.5	-10.375	-10.375	False	False	morphology	determiner_noun_agreement	Write a natural, coherent English sentence.
330	1	Amelia investigates this smart woman.	Amelia investigates these smart woman.	-83.0	-83.0	-10.375	-10.375	False	False	morphology	determiner_noun_agreement	Write a natural, coherent English sentence.
331	1	The Borgias hire that displeased alumnus.	The Borgias hire those displeased alumnus.	-135.0	-135.0	-10.375	-10.375	False	False	morphology	determiner_noun_agreement	Write a natural, coherent English sentence.
332	1	Stacey would arrive at these orange oases.	Stacey would arrive at this orange oases.	-114.0	-114.0	-10.375	-10.375	False	False	morphology	determiner_noun_agreement	Write a natural, coherent English sentence.
333	1	Anna works with this lucky man.	Anna works with these lucky man.	-72.5	-72.5	-10.375	-10.375	False	False	morphology	determiner_noun_agreement	Write a natural, coherent English sentence.
334	1	Walter has scanned this rough thesis.	Walter has scanned these rough thesis.	-83.0	-83.0	-10.375	-10.375	False	False	morphology	determiner_noun_agreement	Write a natural, coherent English sentence.
335	1	Some mushroom bothered that lucky woman.	Some mushroom bothered those lucky woman.	-83.0	-83.0	-10.375	-10.375	False	False	morphology	determiner_noun_agreement	Write a natural, coherent English sentence.
336	1	Cynthia walked through this hard oasis.	Cynthia walked through these hard oasis.	-114.0	-114.0	-10.375	-10.375	False	False	morphology	determiner_noun_agreement	Write a natural, coherent English sentence.
337	1	Liam has healed these black oxen.	Liam has healed this black oxen.	-104.0	-104.0	-10.375	-10.375	False	False	morphology	determiner_noun_agreement	Write a natural, coherent English sentence.
338	1	Andrew did notice these white axes.	Andrew did notice this white axes.	-83.0	-83.0	-10.375	-10.375	False	False	morphology	determiner_noun_agreement	Write a natural, coherent English sentence.
339	1	Bethany kisses these serious alumni.	Bethany kisses this serious alumni.	-104.0	-104.0	-10.375	-10.375	False	False	morphology	determiner_noun_agreement	Write a natural, coherent English sentence.
340	1	Vanessa watches this nice person.	Vanessa watches these nice person.	-72.5	-72.5	-10.375	-10.375	False	False	morphology	determiner_noun_agreement	Write a natural, coherent English sentence.
341	1	Every window astounded that big man.	Every window astounded those big man.	-93.5	-93.5	-10.375	-10.375	False	False	morphology	determiner_noun_agreement	Write a natural, coherent English sentence.
342	1	Donna leaves that upset man.	Donna leaves those upset man.	-72.5	-72.5	-10.375	-10.375	False	False	morphology	determiner_noun_agreement	Write a natural, coherent English sentence.
343	1	Many students drop by that orange oasis.	Many students drop by those orange oasis.	-93.5	-93.5	-10.375	-10.375	False	False	morphology	determiner_noun_agreement	Write a natural, coherent English sentence.
344	1	The sketches looked like this unsure man.	The sketches looked like these unsure man.	-114.0	-114.0	-10.375	-10.375	False	False	morphology	determiner_noun_agreement	Write a natural, coherent English sentence.
345	1	Helen fixes that broken tooth.	Helen fixes those broken tooth.	-72.5	-72.5	-10.375	-10.375	False	False	morphology	determiner_noun_agreement	Write a natural, coherent English sentence.
346	1	Robert wasn't annoying that old person.	Robert wasn't annoying those old person.	-93.5	-93.5	-10.375	-10.375	False	False	morphology	determiner_noun_agreement	Write a natural, coherent English sentence.
347	1	Amy isn't talking to that young woman.	Amy isn't talking to those young woman.	-104.0	-104.0	-10.375	-10.375	False	False	morphology	determiner_noun_agreement	Write a natural, coherent English sentence.
348	1	Alan hadn't remembered these long analyses.	Alan hadn't remembered this long analyses.	-104.0	-104.0	-10.375	-10.375	False	False	morphology	determiner_noun_agreement	Write a natural, coherent English sentence.
349	1	Stephen is working with these out in the open women.	Stephen is working with this out in the open women.	-114.0	-114.0	-10.375	-10.375	False	False	morphology	determiner_noun_agreement	Write a natural, coherent English sentence.
350	1	This library had discussed these employed men.	This library had discussed this employed men.	-83.0	-83.0	-10.375	-10.375	False	False	morphology	determiner_noun_agreement	Write a natural, coherent English sentence.
351	1	This teenager can't worry those delighted men.	This teenager can't worry that delighted men.	-104.0	-104.0	-10.375	-10.375	False	False	morphology	determiner_noun_agreement	Write a natural, coherent English sentence.
352	1	Wendy revealed that sick octopus.	Wendy revealed those sick octopus.	-93.5	-93.5	-10.375	-10.375	False	False	morphology	determiner_noun_agreement	Write a natural, coherent English sentence.
353	1	The Clintons haven't worked with that young person.	The Clintons haven't worked with those young person.	-135.0	-135.0	-10.375	-10.375	False	False	morphology	determiner_noun_agreement	Write a natural, coherent English sentence.
354	1	Some committee aggravates this unconvinced woman.	Some committee aggravates these unconvinced woman.	-124.5	-124.5	-10.375	-10.375	False	False	morphology	determiner_noun_agreement	Write a natural, coherent English sentence.
355	1	Guy bored that troubled man.	Guy bored those troubled man.	-72.5	-72.5	-10.375	-10.375	False	False	morphology	determiner_noun_agreement	Write a natural, coherent English sentence.
356	1	Every actress scanned those bad analyses.	Every actress scanned that bad analyses.	-93.5	-93.5	-10.375	-10.375	False	False	morphology	determiner_noun_agreement	Write a natural, coherent English sentence.
357	1	A library alarms that determined child.	A library alarms those determined child.	-83.0	-83.0	-10.375	-10.375	False	False	morphology	determiner_noun_agreement	Write a natural, coherent English sentence.
358	1	Sheila can't notice this clever man.	Sheila can't notice these clever man.	-104.0	-104.0	-10.375	-10.375	False	False	morphology	determiner_noun_agreement	Write a natural, coherent English sentence.
359	1	James forgets this fast alumnus.	James forgets these fast alumnus.	-93.5	-93.5	-10.375	-10.375	False	False	morphology	determiner_noun_agreement	Write a natural, coherent English sentence.
360	1	Noah hasn't thought about these smooth lice.	Noah hasn't thought about this smooth lice.	-114.0	-114.0	-10.375	-10.375	False	False	morphology	determiner_noun_agreement	Write a natural, coherent English sentence.
361	1	Aaron sees these gray oases.	Aaron sees this gray oases.	-72.5	-72.5	-10.375	-10.375	False	False	morphology	determiner_noun_agreement	Write a natural, coherent English sentence.
362	1	Sherry has taken this standing goose.	Sherry has taken these standing goose.	-93.5	-93.5	-10.375	-10.375	False	False	morphology	determiner_noun_agreement	Write a natural, coherent English sentence.
363	1	Marie hasn't found those ill geese.	Marie hasn't found that ill geese.	-104.0	-104.0	-10.375	-10.375	False	False	morphology	determiner_noun_agreement	Write a natural, coherent English sentence.
364	1	Peter isn't arriving at that red oasis.	Peter isn't arriving at those red oasis.	-114.0	-114.0	-10.375	-10.375	False	False	morphology	determiner_noun_agreement	Write a natural, coherent English sentence.
365	1	Jill isn't boycotting those orange oases.	Jill isn't boycotting that orange oases.	-145.0	-145.0	-10.375	-10.375	False	False	morphology	determiner_noun_agreement	Write a natural, coherent English sentence.
366	1	Julia messes up that orange foot.	Julia messes up those orange foot.	-83.0	-83.0	-10.375	-10.375	False	False	morphology	determiner_noun_agreement	Write a natural, coherent English sentence.
367	1	That hill didn't disturb that content woman.	That hill didn't disturb those content woman.	-104.0	-104.0	-10.375	-10.375	False	False	morphology	determiner_noun_agreement	Write a natural, coherent English sentence.
368	1	Suzanne has concealed that concealed man.	Suzanne has concealed those concealed man.	-104.0	-104.0	-10.375	-10.375	False	False	morphology	determiner_noun_agreement	Write a natural, coherent English sentence.
369	1	Alicia sells that orange octopus.	Alicia sells those orange octopus.	-114.0	-114.0	-10.375	-10.375	False	False	morphology	determiner_noun_agreement	Write a natural, coherent English sentence.
370	1	Leslie has discussed that delighted child.	Leslie has discussed those delighted child.	-83.0	-83.0	-10.375	-10.375	False	False	morphology	determiner_noun_agreement	Write a natural, coherent English sentence.
371	1	Andrea could like these white lice.	Andrea could like this white lice.	-83.0	-83.0	-10.375	-10.375	False	False	morphology	determiner_noun_agreement	Write a natural, coherent English sentence.
372	1	Most children break those rough teeth.	Most children break that rough teeth.	-72.5	-72.5	-10.375	-10.375	False	False	morphology	determiner_noun_agreement	Write a natural, coherent English sentence.
373	1	Richard did work with this clever child.	Richard did work with these clever child.	-83.0	-83.0	-10.375	-10.375	False	False	morphology	determiner_noun_agreement	Write a natural, coherent English sentence.
374	1	Anne hugs this unemployed woman.	Anne hugs these unemployed woman.	-83.0	-83.0	-10.375	-10.375	False	False	morphology	determiner_noun_agreement	Write a natural, coherent English sentence.
375	1	Those actors attack that excited child.	Those actors attack those excited child.	-72.5	-72.5	-10.375	-10.375	False	False	morphology	determiner_noun_agreement	Write a natural, coherent English sentence.
376	1	Bruce was hugging that unconvinced man.	Bruce was hugging those unconvinced man.	-114.0	-114.0	-10.375	-10.375	False	False	morphology	determiner_noun_agreement	Write a natural, coherent English sentence.
377	1	Patrick hasn't hidden this orange oasis.	Patrick hasn't hidden these orange oasis.	-104.0	-104.0	-10.375	-10.375	False	False	morphology	determiner_noun_agreement	Write a natural, coherent English sentence.
378	1	Alicia hadn't discussed that uncertain person.	Alicia hadn't discussed those uncertain person.	-114.0	-114.0	-10.375	-10.375	False	False	morphology	determiner_noun_agreement	Write a natural, coherent English sentence.
379	1	Susan wasn't talking to those confident men.	Susan wasn't talking to that confident men.	-104.0	-104.0	-10.375	-10.375	False	False	morphology	determiner_noun_agreement	Write a natural, coherent English sentence.
380	1	Cheryl will scan that good synopsis.	Cheryl will scan those good synopsis.	-93.5	-93.5	-10.375	-10.375	False	False	morphology	determiner_noun_agreement	Write a natural, coherent English sentence.
381	1	Tamara kissed that unsure man.	Tamara kissed those unsure man.	-83.0	-83.0	-10.375	-10.375	False	False	morphology	determiner_noun_agreement	Write a natural, coherent English sentence.
382	1	Craig boasts about those bad analyses.	Craig boasts about that bad analyses.	-93.5	-93.5	-10.375	-10.375	False	False	morphology	determiner_noun_agreement	Write a natural, coherent English sentence.
383	1	Randolf hadn't hugged those serious people.	Randolf hadn't hugged that serious people.	-114.0	-114.0	-10.375	-10.375	False	False	morphology	determiner_noun_agreement	Write a natural, coherent English sentence.
384	1	Many doctors cure these exposed men.	Many doctors cure this exposed men.	-72.5	-72.5	-10.375	-10.375	False	False	morphology	determiner_noun_agreement	Write a natural, coherent English sentence.
385	1	Women criticized those smooth theses.	Women criticized that smooth theses.	-83.0	-83.0	-10.375	-10.375	False	False	morphology	determiner_noun_agreement	Write a natural, coherent English sentence.
386	1	Some light disturbs that old person.	Some light disturbs those old person.	-93.5	-93.5	-10.375	-10.375	False	False	morphology	determiner_noun_agreement	Write a natural, coherent English sentence.
387	1	Carol was questioning this big man.	Carol was questioning these big man.	-72.5	-72.5	-10.375	-10.375	False	False	morphology	determiner_noun_agreement	Write a natural, coherent English sentence.
388	1	Sara has gone to that old oasis.	Sara has gone to those old oasis.	-93.5	-93.5	-10.375	-10.375	False	False	morphology	determiner_noun_agreement	Write a natural, coherent English sentence.
389	1	Steven brought these red oases.	Steven brought this red oases.	-72.5	-72.5	-10.375	-10.375	False	False	morphology	determiner_noun_agreement	Write a natural, coherent English sentence.
390	1	Diana will disgust these ill children.	Diana will disgust this ill children.	-72.5	-72.5	-10.375	-10.375	False	False	morphology	determiner_noun_agreement	Write a natural, coherent English sentence.
391	1	Steven disturbs these sick alumni.	Steven disturbs this sick alumni.	-104.0	-104.0	-10.375	-10.375	False	False	morphology	determiner_noun_agreement	Write a natural, coherent English sentence.
392	1	Angela wasn't lifting these blue feet.	Angela wasn't lifting this blue feet.	-93.5	-93.5	-10.375	-10.375	False	False	morphology	determiner_noun_agreement	Write a natural, coherent English sentence.
393	1	Sharon hasn't stunned that unsure child.	Sharon hasn't stunned those unsure child.	-124.5	-124.5	-10.375	-10.375	False	False	morphology	determiner_noun_agreement	Write a natural, coherent English sentence.
394	1	These girls question that concealed man.	These girls question those concealed man.	-83.0	-83.0	-10.375	-10.375	False	False	morphology	determiner_noun_agreement	Write a natural, coherent English sentence.
395	1	Martha wasn't kissing this unemployed man.	Martha wasn't kissing these unemployed man.	-114.0	-114.0	-10.375	-10.375	False	False	morphology	determiner_noun_agreement	Write a natural, coherent English sentence.
396	1	Kendra isn't working with this excited child.	Kendra isn't working with these excited child.	-124.5	-124.5	-10.375	-10.375	False	False	morphology	determiner_noun_agreement	Write a natural, coherent English sentence.
397	1	All actresses praise this hard thesis.	All actresses praise these hard thesis.	-83.0	-83.0	-10.375	-10.375	False	False	morphology	determiner_noun_agreement	Write a natural, coherent English sentence.
398	1	David cleans that hard tooth.	David cleans those hard tooth.	-72.5	-72.5	-10.375	-10.375	False	False	morphology	determiner_noun_agreement	Write a natural, coherent English sentence.
399	1	Julia sounded like this uncertain person.	Julia sounded like these uncertain person.	-72.5	-72.5	-10.375	-10.375	False	False	morphology	determiner_noun_agreement	Write a natural, coherent English sentence.
400	1	Those actors attacked that happy alumnus.	Those actors attacked those happy alumnus.	-93.5	-93.5	-10.375	-10.375	False	False	morphology	determiner_noun_agreement	Write a natural, coherent English sentence.
401	1	Eva hadn't admired these black fungi.	Eva hadn't admired this black fungi.	-114.0	-114.0	-10.375	-10.375	False	False	morphology	determiner_noun_agreement	Write a natural, coherent English sentence.
402	1	Many chairs aren't disgusting this unlucky child.	Many chairs aren't disgusting these unlucky child.	-135.0	-135.0	-10.375	-10.375	False	False	morphology	determiner_noun_agreement	Write a natural, coherent English sentence.
403	1	Those waiters break these rough teeth.	Those waiters break this rough teeth.	-83.0	-83.0	-10.375	-10.375	False	False	morphology	determiner_noun_agreement	Write a natural, coherent English sentence.
404	1	Becca leaves this uncertain child.	Becca leaves these uncertain child.	-72.5	-72.5	-10.375	-10.375	False	False	morphology	determiner_noun_agreement	Write a natural, coherent English sentence.
405	1	Some steak disturbs these displeased children.	Some steak disturbs this displeased children.	-124.5	-124.5	-10.375	-10.375	False	False	morphology	determiner_noun_agreement	Write a natural, coherent English sentence.
406	1	Christine wouldn't conceal this lost stimulus.	Christine wouldn't conceal these lost stimulus.	-124.5	-124.5	-10.375	-10.375	False	False	morphology	determiner_noun_agreement	Write a natural, coherent English sentence.
407	1	Every face irritates those unemployed alumni.	Every face irritates that unemployed alumni.	-114.0	-114.0	-10.375	-10.375	False	False	morphology	determiner_noun_agreement	Write a natural, coherent English sentence.
408	1	Susan noticed that unlucky person.	Susan noticed those unlucky person.	-83.0	-83.0	-10.375	-10.375	False	False	morphology	determiner_noun_agreement	Write a natural, coherent English sentence.
409	1	Some women drop by those concealed oases.	Some women drop by that concealed oases.	-104.0	-104.0	-10.375	-10.375	False	False	morphology	determiner_noun_agreement	Write a natural, coherent English sentence.
410	1	The Clintons disagree with these serious men.	The Clintons disagree with this serious men.	-104.0	-104.0	-10.375	-10.375	False	False	morphology	determiner_noun_agreement	Write a natural, coherent English sentence.
411	1	Phillip discovers these busy women.	Phillip discovers this busy women.	-83.0	-83.0	-10.375	-10.375	False	False	morphology	determiner_noun_agreement	Write a natural, coherent English sentence.
412	1	Waiters investigate that hopeful woman.	Waiters investigate those hopeful woman.	-83.0	-83.0	-10.375	-10.375	False	False	morphology	determiner_noun_agreement	Write a natural, coherent English sentence.
413	1	Regina hasn't found these white nuclei.	Regina hasn't found this white nuclei.	-124.5	-124.5	-10.375	-10.375	False	False	morphology	determiner_noun_agreement	Write a natural, coherent English sentence.
414	1	Irene scanned those purple theses.	Irene scanned that purple theses.	-93.5	-93.5	-10.375	-10.375	False	False	morphology	determiner_noun_agreement	Write a natural, coherent English sentence.
415	1	A bank references those popular people.	A bank references that popular people.	-72.5	-72.5	-10.375	-10.375	False	False	morphology	determiner_noun_agreement	Write a natural, coherent English sentence.
416	1	Vincent tours this old oasis.	Vincent tours these old oasis.	-72.5	-72.5	-10.375	-10.375	False	False	morphology	determiner_noun_agreement	Write a natural, coherent English sentence.
417	1	Alicia kisses that standing woman.	Alicia kisses those standing woman.	-93.5	-93.5	-10.375	-10.375	False	False	morphology	determiner_noun_agreement	Write a natural, coherent English sentence.
418	1	Some candles aren't boring those displeased men.	Some candles aren't boring that displeased men.	-135.0	-135.0	-10.375	-10.375	False	False	morphology	determiner_noun_agreement	Write a natural, coherent English sentence.
419	1	That teenager does care for this old alumnus.	That teenager does care for these old alumnus.	-114.0	-114.0	-10.375	-10.375	False	False	morphology	determiner_noun_agreement	Write a natural, coherent English sentence.
420	1	A lot of drawings weren't alarming that displeased man.	A lot of drawings weren't alarming those displeased man.	-156.0	-156.0	-10.375	-10.375	False	False	morphology	determiner_noun_agreement	Write a natural, coherent English sentence.
421	1	That face astounded that important woman.	That face astounded those important woman.	-93.5	-93.5	-10.375	-10.375	False	False	morphology	determiner_noun_agreement	Write a natural, coherent English sentence.
422	1	Tiffany had approached these unemployed people.	Tiffany had approached this unemployed people.	-104.0	-104.0	-10.375	-10.375	False	False	morphology	determiner_noun_agreement	Write a natural, coherent English sentence.
423	1	Christina is passing these rough oases.	Christina is passing this rough oases.	-93.5	-93.5	-10.375	-10.375	False	False	morphology	determiner_noun_agreement	Write a natural, coherent English sentence.
424	1	Debra was praising those busy people.	Debra was praising that busy people.	-93.5	-93.5	-10.375	-10.375	False	False	morphology	determiner_noun_agreement	Write a natural, coherent English sentence.
425	1	The doctors didn't care for these scared children.	The doctors didn't care for this scared children.	-114.0	-114.0	-10.375	-10.375	False	False	morphology	determiner_noun_agreement	Write a natural, coherent English sentence.
426	1	Those ladders stun these small people.	Those ladders stun this small people.	-104.0	-104.0	-10.375	-10.375	False	False	morphology	determiner_noun_agreement	Write a natural, coherent English sentence.
427	1	Samuel isn't distracting these clever women.	Samuel isn't distracting this clever women.	-104.0	-104.0	-10.375	-10.375	False	False	morphology	determiner_noun_agreement	Write a natural, coherent English sentence.
428	1	Lucille dropped by those new oases.	Lucille dropped by that new oases.	-93.5	-93.5	-10.375	-10.375	False	False	morphology	determiner_noun_agreement	Write a natural, coherent English sentence.
429	1	A legislature should aggravate that busy child.	A legislature should aggravate those busy child.	-114.0	-114.0	-10.375	-10.375	False	False	morphology	determiner_noun_agreement	Write a natural, coherent English sentence.
430	1	Larry observed that lucky child.	Larry observed those lucky child.	-62.25	-62.25	-10.375	-10.375	False	False	morphology	determiner_noun_agreement	Write a natural, coherent English sentence.
431	1	Lawrence wasn't approaching those troubled children.	Lawrence wasn't approaching that troubled children.	-104.0	-104.0	-10.375	-10.375	False	False	morphology	determiner_noun_agreement	Write a natural, coherent English sentence.
432	1	Most libraries describe those delighted men.	Most libraries describe that delighted men.	-72.5	-72.5	-10.375	-10.375	False	False	morphology	determiner_noun_agreement	Write a natural, coherent English sentence.
433	1	The Impressionists alarms that sick child.	The Impressionists alarms those sick child.	-104.0	-104.0	-10.375	-10.375	False	False	morphology	determiner_noun_agreement	Write a natural, coherent English sentence.
434	1	A lot of children have this exposed axis.	A lot of children have these exposed axis.	-93.5	-93.5	-10.375	-10.375	False	False	morphology	determiner_noun_agreement	Write a natural, coherent English sentence.
435	1	Melissa couldn't reveal that small man.	Melissa couldn't reveal those small man.	-104.0	-104.0	-10.375	-10.375	False	False	morphology	determiner_noun_agreement	Write a natural, coherent English sentence.
436	1	These carriages won't impress those bad men.	These carriages won't impress that bad men.	-114.0	-114.0	-10.375	-10.375	False	False	morphology	determiner_noun_agreement	Write a natural, coherent English sentence.
437	1	Many girls drop by that red oasis.	Many girls drop by those red oasis.	-93.5	-93.5	-10.375	-10.375	False	False	morphology	determiner_noun_agreement	Write a natural, coherent English sentence.
438	1	The Impressionists fled from this small woman.	The Impressionists fled from these small woman.	-104.0	-104.0	-10.375	-10.375	False	False	morphology	determiner_noun_agreement	Write a natural, coherent English sentence.
439	1	Ann arrived at that blue oasis.	Ann arrived at those blue oasis.	-83.0	-83.0	-10.375	-10.375	False	False	morphology	determiner_noun_agreement	Write a natural, coherent English sentence.
440	1	The sock isn't disturbing those lucky children.	The sock isn't disturbing that lucky children.	-114.0	-114.0	-10.375	-10.375	False	False	morphology	determiner_noun_agreement	Write a natural, coherent English sentence.
441	1	Those socks were shocking those unlucky men.	Those socks were shocking that unlucky men.	-114.0	-114.0	-10.375	-10.375	False	False	morphology	determiner_noun_agreement	Write a natural, coherent English sentence.
442	1	Christine wasn't walking through those cheap oases.	Christine wasn't walking through that cheap oases.	-124.5	-124.5	-10.375	-10.375	False	False	morphology	determiner_noun_agreement	Write a natural, coherent English sentence.
443	1	Mary appreciates those content women.	Mary appreciates that content women.	-72.5	-72.5	-10.375	-10.375	False	False	morphology	determiner_noun_agreement	Write a natural, coherent English sentence.
444	1	That lady didn't question this ill person.	That lady didn't question these ill person.	-104.0	-104.0	-10.375	-10.375	False	False	morphology	determiner_noun_agreement	Write a natural, coherent English sentence.
445	1	Most birds annoy this young woman.	Most birds annoy these young woman.	-72.5	-72.5	-10.375	-10.375	False	False	morphology	determiner_noun_agreement	Write a natural, coherent English sentence.
446	1	Amelia is kissing these content men.	Amelia is kissing this content men.	-93.5	-93.5	-10.375	-10.375	False	False	morphology	determiner_noun_agreement	Write a natural, coherent English sentence.
447	1	Judy isn't taking those standing oxen.	Judy isn't taking that standing oxen.	-114.0	-114.0	-10.375	-10.375	False	False	morphology	determiner_noun_agreement	Write a natural, coherent English sentence.
448	1	Irene is discussing those clever alumni.	Irene is discussing that clever alumni.	-104.0	-104.0	-10.375	-10.375	False	False	morphology	determiner_noun_agreement	Write a natural, coherent English sentence.
449	1	Danielle could describe these long analyses.	Danielle could describe this long analyses.	-93.5	-93.5	-10.375	-10.375	False	False	morphology	determiner_noun_agreement	Write a natural, coherent English sentence.
450	1	Eva hasn't praised that lucky woman.	Eva hasn't praised those lucky woman.	-93.5	-93.5	-10.375	-10.375	False	False	morphology	determiner_noun_agreement	Write a natural, coherent English sentence.
451	1	Grace might observe that unlucky woman.	Grace might observe those unlucky woman.	-93.5	-93.5	-10.375	-10.375	False	False	morphology	determiner_noun_agreement	Write a natural, coherent English sentence.
452	1	The Clintons bothered these clever people.	The Clintons bothered this clever people.	-93.5	-93.5	-10.375	-10.375	False	False	morphology	determiner_noun_agreement	Write a natural, coherent English sentence.
453	1	April hadn't embarrassed those employed alumni.	April hadn't embarrassed that employed alumni.	-114.0	-114.0	-10.375	-10.375	False	False	morphology	determiner_noun_agreement	Write a natural, coherent English sentence.
454	1	Marie shouldn't forget that happy man.	Marie shouldn't forget those happy man.	-93.5	-93.5	-10.375	-10.375	False	False	morphology	determiner_noun_agreement	Write a natural, coherent English sentence.
455	1	Renee isn't breaking that cheap foot.	Renee isn't breaking those cheap foot.	-114.0	-114.0	-10.375	-10.375	False	False	morphology	determiner_noun_agreement	Write a natural, coherent English sentence.
456	1	Monica shouldn't sell those new oases.	Monica shouldn't sell that new oases.	-114.0	-114.0	-10.375	-10.375	False	False	morphology	determiner_noun_agreement	Write a natural, coherent English sentence.
457	1	Every dancer has returned to that troubled man.	Every dancer has returned to those troubled man.	-114.0	-114.0	-10.375	-10.375	False	False	morphology	determiner_noun_agreement	Write a natural, coherent English sentence.
458	1	Those dancers break those green teeth.	Those dancers break that green teeth.	-83.0	-83.0	-10.375	-10.375	False	False	morphology	determiner_noun_agreement	Write a natural, coherent English sentence.
459	1	These teachers talk about these fast women.	These teachers talk about this fast women.	-83.0	-83.0	-10.375	-10.375	False	False	morphology	determiner_noun_agreement	Write a natural, coherent English sentence.
460	1	Spain hasn't praised that happy man.	Spain hasn't praised those happy man.	-93.5	-93.5	-10.375	-10.375	False	False	morphology	determiner_noun_agreement	Write a natural, coherent English sentence.
461	1	Monica does kiss those good people.	Monica does kiss that good people.	-83.0	-83.0	-10.375	-10.375	False	False	morphology	determiner_noun_agreement	Write a natural, coherent English sentence.
462	1	Benjamin can boast about those busy men.	Benjamin can boast about that busy men.	-93.5	-93.5	-10.375	-10.375	False	False	morphology	determiner_noun_agreement	Write a natural, coherent English sentence.
463	1	Donald conceals this lost nucleus.	Donald conceals these lost nucleus.	-83.0	-83.0	-10.375	-10.375	False	False	morphology	determiner_noun_agreement	Write a natural, coherent English sentence.
464	1	Gregory was embarrassing this big woman.	Gregory was embarrassing these big woman.	-83.0	-83.0	-10.375	-10.375	False	False	morphology	determiner_noun_agreement	Write a natural, coherent English sentence.
465	1	The waiter wasn't stunning that hidden child.	The waiter wasn't stunning those hidden child.	-114.0	-114.0	-10.375	-10.375	False	False	morphology	determiner_noun_agreement	Write a natural, coherent English sentence.
466	1	A lot of photographs haven't looked like this red stimulus.	A lot of photographs haven't looked like these red stimulus.	-145.0	-145.0	-10.375	-10.375	False	False	morphology	determiner_noun_agreement	Write a natural, coherent English sentence.
467	1	A patient fixed those cheap feet.	A patient fixed that cheap feet.	-72.5	-72.5	-10.375	-10.375	False	False	morphology	determiner_noun_agreement	Write a natural, coherent English sentence.
468	1	Many gates shouldn't astound these unsure alumni.	Many gates shouldn't astound this unsure alumni.	-145.0	-145.0	-10.375	-10.375	False	False	morphology	determiner_noun_agreement	Write a natural, coherent English sentence.
469	1	That picture hasn't looked like these big men.	That picture hasn't looked like this big men.	-114.0	-114.0	-10.375	-10.375	False	False	morphology	determiner_noun_agreement	Write a natural, coherent English sentence.
470	1	These waitresses talk about this hidden thesis.	These waitresses talk about these hidden thesis.	-104.0	-104.0	-10.375	-10.375	False	False	morphology	determiner_noun_agreement	Write a natural, coherent English sentence.
471	1	Stacy concealed those gray axes.	Stacy concealed that gray axes.	-93.5	-93.5	-10.375	-10.375	False	False	morphology	determiner_noun_agreement	Write a natural, coherent English sentence.
472	1	Nicole remembers those serious alumni.	Nicole remembers that serious alumni.	-93.5	-93.5	-10.375	-10.375	False	False	morphology	determiner_noun_agreement	Write a natural, coherent English sentence.
473	1	Leslie hadn't gone to that small oasis.	Leslie hadn't gone to those small oasis.	-124.5	-124.5	-10.375	-10.375	False	False	morphology	determiner_noun_agreement	Write a natural, coherent English sentence.
474	1	Joel wasn't praising this ill person.	Joel wasn't praising these ill person.	-104.0	-104.0	-10.375	-10.375	False	False	morphology	determiner_noun_agreement	Write a natural, coherent English sentence.
475	1	These drivers embarrasses this young alumnus.	These drivers embarrasses these young alumnus.	-104.0	-104.0	-10.375	-10.375	False	False	morphology	determiner_noun_agreement	Write a natural, coherent English sentence.
476	1	Beef bores that delighted woman.	Beef bores those delighted woman.	-83.0	-83.0	-10.375	-10.375	False	False	morphology	determiner_noun_agreement	Write a natural, coherent English sentence.
477	1	Mitchell goes to this gray oasis.	Mitchell goes to these gray oasis.	-83.0	-83.0	-10.375	-10.375	False	False	morphology	determiner_noun_agreement	Write a natural, coherent English sentence.
478	1	The mouth bores these upset men.	The mouth bores this upset men.	-83.0	-83.0	-10.375	-10.375	False	False	morphology	determiner_noun_agreement	Write a natural, coherent English sentence.
479	1	Most legislatures discuss those good people.	Most legislatures discuss that good people.	-83.0	-83.0	-10.375	-10.375	False	False	morphology	determiner_noun_agreement	Write a natural, coherent English sentence.
480	1	The boys mess up those purple feet.	The boys mess up that purple feet.	-83.0	-83.0	-10.375	-10.375	False	False	morphology	determiner_noun_agreement	Write a natural, coherent English sentence.
481	1	Cashiers describe these fast children.	Cashiers describe this fast children.	-72.5	-72.5	-10.375	-10.375	False	False	morphology	determiner_noun_agreement	Write a natural, coherent English sentence.
482	1	Roger has fired those unconvinced men.	Roger has fired that unconvinced men.	-104.0	-104.0	-10.375	-10.375	False	False	morphology	determiner_noun_agreement	Write a natural, coherent English sentence.
483	1	Amy wasn't kissing this content man.	Amy wasn't kissing these content man.	-104.0	-104.0	-10.375	-10.375	False	False	morphology	determiner_noun_agreement	Write a natural, coherent English sentence.
484	1	Every dancer hadn't praised those good analyses.	Every dancer hadn't praised that good analyses.	-124.5	-124.5	-10.375	-10.375	False	False	morphology	determiner_noun_agreement	Write a natural, coherent English sentence.
485	1	Rhonda wasn't hiding those red mice.	Rhonda wasn't hiding that red mice.	-114.0	-114.0	-10.375	-10.375	False	False	morphology	determiner_noun_agreement	Write a natural, coherent English sentence.
486	1	Every pedestrian talks about that bad synopsis.	Every pedestrian talks about those bad synopsis.	-104.0	-104.0	-10.375	-10.375	False	False	morphology	determiner_noun_agreement	Write a natural, coherent English sentence.
487	1	The fish shocks these old alumni.	The fish shocks this old alumni.	-104.0	-104.0	-10.375	-10.375	False	False	morphology	determiner_noun_agreement	Write a natural, coherent English sentence.
488	1	Those waitresses visited those scared alumni.	Those waitresses visited that scared alumni.	-114.0	-114.0	-10.375	-10.375	False	False	morphology	determiner_noun_agreement	Write a natural, coherent English sentence.
489	1	That library was listening to this nice man.	That library was listening to these nice man.	-93.5	-93.5	-10.375	-10.375	False	False	morphology	determiner_noun_agreement	Write a natural, coherent English sentence.
490	1	Steve wasn't bringing that blue stimulus.	Steve wasn't bringing those blue stimulus.	-104.0	-104.0	-10.375	-10.375	False	False	morphology	determiner_noun_agreement	Write a natural, coherent English sentence.
491	1	Some guest was hiring that scared woman.	Some guest was hiring those scared woman.	-83.0	-83.0	-10.375	-10.375	False	False	morphology	determiner_noun_agreement	Write a natural, coherent English sentence.
492	1	The spotlights upset this unconvinced alumnus.	The spotlights upset these unconvinced alumnus.	-135.0	-135.0	-10.375	-10.375	False	False	morphology	determiner_noun_agreement	Write a natural, coherent English sentence.
493	1	Todd might observe this lost man.	Todd might observe these lost man.	-72.5	-72.5	-10.375	-10.375	False	False	morphology	determiner_noun_agreement	Write a natural, coherent English sentence.
494	1	People could describe that unconvinced person.	People could describe those unconvinced person.	-104.0	-104.0	-10.375	-10.375	False	False	morphology	determiner_noun_agreement	Write a natural, coherent English sentence.
495	1	That waiter had astounded these lucky people.	That waiter had astounded this lucky people.	-114.0	-114.0	-10.375	-10.375	False	False	morphology	determiner_noun_agreement	Write a natural, coherent English sentence.
496	1	Kendra disgusted these confident women.	Kendra disgusted this confident women.	-93.5	-93.5	-10.375	-10.375	False	False	morphology	determiner_noun_agreement	Write a natural, coherent English sentence.
497	1	Spain hasn't annoyed those old people.	Spain hasn't annoyed that old people.	-104.0	-104.0	-10.375	-10.375	False	False	morphology	determiner_noun_agreement	Write a natural, coherent English sentence.
498	1	Steve kisses these out in the open people.	Steve kisses this out in the open people.	-104.0	-104.0	-10.375	-10.375	False	False	morphology	determiner_noun_agreement	Write a natural, coherent English sentence.
499	1	Wayne kissed those unconvinced men.	Wayne kissed that unconvinced men.	-93.5	-93.5	-10.375	-10.375	False	False	morphology	determiner_noun_agreement	Write a natural, coherent English sentence.
500	1	Douglas has brought those lost cacti.	Douglas has brought that lost cacti.	-93.5	-93.5	-10.375	-10.375	False	False	morphology	determiner_noun_agreement	Write a natural, coherent English sentence.
501	1	Tammy can't reveal that big alumnus.	Tammy can't reveal those big alumnus.	-124.5	-124.5	-10.375	-10.375	False	False	morphology	determiner_noun_agreement	Write a natural, coherent English sentence.
502	1	Deborah fled from those standing children.	Deborah fled from that standing children.	-93.5	-93.5	-10.375	-10.375	False	False	morphology	determiner_noun_agreement	Write a natural, coherent English sentence.
503	1	A man wasn't cleaning that hard fungus.	A man wasn't cleaning those hard fungus.	-124.5	-124.5	-10.375	-10.375	False	False	morphology	determiner_noun_agreement	Write a natural, coherent English sentence.
504	1	Danielle has broken those gray teeth.	Danielle has broken that gray teeth.	-83.0	-83.0	-10.375	-10.375	False	False	morphology	determiner_noun_agreement	Write a natural, coherent English sentence.
505	1	Derek praised this big thesis.	Derek praised these big thesis.	-72.5	-72.5	-10.375	-10.375	False	False	morphology	determiner_noun_agreement	Write a natural, coherent English sentence.
506	1	Gary has disgusted those unsure people.	Gary has disgusted that unsure people.	-93.5	-93.5	-10.375	-10.375	False	False	morphology	determiner_noun_agreement	Write a natural, coherent English sentence.
507	1	A senator insulted this bad synopsis.	A senator insulted these bad synopsis.	-104.0	-104.0	-10.375	-10.375	False	False	morphology	determiner_noun_agreement	Write a natural, coherent English sentence.
508	1	A lot of drivers visit these purple oases.	A lot of drivers visit this purple oases.	-104.0	-104.0	-10.375	-10.375	False	False	morphology	determiner_noun_agreement	Write a natural, coherent English sentence.
509	1	Richard isn't attacking this fast child.	Richard isn't attacking these fast child.	-93.5	-93.5	-10.375	-10.375	False	False	morphology	determiner_noun_agreement	Write a natural, coherent English sentence.
510	1	Frank shocked that unsure man.	Frank shocked those unsure man.	-72.5	-72.5	-10.375	-10.375	False	False	morphology	determiner_noun_agreement	Write a natural, coherent English sentence.
511	1	Brett returned to that confident man.	Brett returned to those confident man.	-83.0	-83.0	-10.375	-10.375	False	False	morphology	determiner_noun_agreement	Write a natural, coherent English sentence.
512	1	Many ladies weren't passing these old oases.	Many ladies weren't passing this old oases.	-114.0	-114.0	-10.375	-10.375	False	False	morphology	determiner_noun_agreement	Write a natural, coherent English sentence.
513	1	A waiter brought those purple teeth.	A waiter brought that purple teeth.	-83.0	-83.0	-10.375	-10.375	False	False	morphology	determiner_noun_agreement	Write a natural, coherent English sentence.
514	1	Beverly has fired this fast alumnus.	Beverly has fired these fast alumnus.	-104.0	-104.0	-10.375	-10.375	False	False	morphology	determiner_noun_agreement	Write a natural, coherent English sentence.
515	1	Men haven't observed that standing man.	Men haven't observed those standing man.	-93.5	-93.5	-10.375	-10.375	False	False	morphology	determiner_noun_agreement	Write a natural, coherent English sentence.
516	1	Tiffany admired this ill child.	Tiffany admired these ill child.	-93.5	-93.5	-10.375	-10.375	False	False	morphology	determiner_noun_agreement	Write a natural, coherent English sentence.
517	1	That patient didn't love that unemployed alumnus.	That patient didn't love those unemployed alumnus.	-135.0	-135.0	-10.375	-10.375	False	False	morphology	determiner_noun_agreement	Write a natural, coherent English sentence.
518	1	Aaron reveals that red tooth.	Aaron reveals those red tooth.	-62.25	-62.25	-10.375	-10.375	False	False	morphology	determiner_noun_agreement	Write a natural, coherent English sentence.
519	1	Monica was insulting those bad people.	Monica was insulting that bad people.	-93.5	-93.5	-10.375	-10.375	False	False	morphology	determiner_noun_agreement	Write a natural, coherent English sentence.
520	1	These teenagers watch that old alumnus.	These teenagers watch those old alumnus.	-104.0	-104.0	-10.375	-10.375	False	False	morphology	determiner_noun_agreement	Write a natural, coherent English sentence.
521	1	Tina might confuse this exposed child.	Tina might confuse these exposed child.	-93.5	-93.5	-10.375	-10.375	False	False	morphology	determiner_noun_agreement	Write a natural, coherent English sentence.
522	1	A face was confusing that nice woman.	A face was confusing those nice woman.	-83.0	-83.0	-10.375	-10.375	False	False	morphology	determiner_noun_agreement	Write a natural, coherent English sentence.
523	1	An adult researches that good analysis.	An adult researches those good analysis.	-104.0	-104.0	-10.375	-10.375	False	False	morphology	determiner_noun_agreement	Write a natural, coherent English sentence.
524	1	Some broccoli isn't annoying these unconvinced women.	Some broccoli isn't annoying this unconvinced women.	-156.0	-156.0	-10.375	-10.375	False	False	morphology	determiner_noun_agreement	Write a natural, coherent English sentence.
525	1	Nancy talks about these content children.	Nancy talks about this content children.	-72.5	-72.5	-10.375	-10.375	False	False	morphology	determiner_noun_agreement	Write a natural, coherent English sentence.
526	1	Regina found this lost ox.	Regina found these lost ox.	-83.0	-83.0	-10.375	-10.375	False	False	morphology	determiner_noun_agreement	Write a natural, coherent English sentence.
527	1	Emily had respected that clever man.	Emily had respected those clever man.	-72.5	-72.5	-10.375	-10.375	False	False	morphology	determiner_noun_agreement	Write a natural, coherent English sentence.
528	1	Kathleen has worked with this confident man.	Kathleen has worked with these confident man.	-93.5	-93.5	-10.375	-10.375	False	False	morphology	determiner_noun_agreement	Write a natural, coherent English sentence.
529	1	Most customers are distracting these determined children.	Most customers are distracting this determined children.	-93.5	-93.5	-10.375	-10.375	False	False	morphology	determiner_noun_agreement	Write a natural, coherent English sentence.
530	1	Rachelle didn't cure this black octopus.	Rachelle didn't cure these black octopus.	-124.5	-124.5	-10.375	-10.375	False	False	morphology	determiner_noun_agreement	Write a natural, coherent English sentence.
531	1	Steven hugs these standing men.	Steven hugs this standing men.	-72.5	-72.5	-10.375	-10.375	False	False	morphology	determiner_noun_agreement	Write a natural, coherent English sentence.
532	1	Every popsicle shocked those excited men.	Every popsicle shocked that excited men.	-93.5	-93.5	-10.375	-10.375	False	False	morphology	determiner_noun_agreement	Write a natural, coherent English sentence.
533	1	Sonia lifts that new oasis.	Sonia lifts those new oasis.	-93.5	-93.5	-10.375	-10.375	False	False	morphology	determiner_noun_agreement	Write a natural, coherent English sentence.
534	1	Cheryl might tour that purple oasis.	Cheryl might tour those purple oasis.	-93.5	-93.5	-10.375	-10.375	False	False	morphology	determiner_noun_agreement	Write a natural, coherent English sentence.
535	1	This doctor appreciates this bad child.	This doctor appreciates these bad child.	-83.0	-83.0	-10.375	-10.375	False	False	morphology	determiner_noun_agreement	Write a natural, coherent English sentence.
536	1	Leslie breaks those red feet.	Leslie breaks that red feet.	-72.5	-72.5	-10.375	-10.375	False	False	morphology	determiner_noun_agreement	Write a natural, coherent English sentence.
537	1	Bethany hasn't hidden that yellow louse.	Bethany hasn't hidden those yellow louse.	-114.0	-114.0	-10.375	-10.375	False	False	morphology	determiner_noun_agreement	Write a natural, coherent English sentence.
538	1	Some people have criticized this brown thesis.	Some people have criticized these brown thesis.	-93.5	-93.5	-10.375	-10.375	False	False	morphology	determiner_noun_agreement	Write a natural, coherent English sentence.
539	1	Noah heals this determined child.	Noah heals these determined child.	-72.5	-72.5	-10.375	-10.375	False	False	morphology	determiner_noun_agreement	Write a natural, coherent English sentence.
540	1	Kevin biked to those big oases.	Kevin biked to that big oases.	-104.0	-104.0	-10.375	-10.375	False	False	morphology	determiner_noun_agreement	Write a natural, coherent English sentence.
541	1	Wayne hadn't bored these sick men.	Wayne hadn't bored this sick men.	-93.5	-93.5	-10.375	-10.375	False	False	morphology	determiner_noun_agreement	Write a natural, coherent English sentence.
542	1	Amy returns to those young alumni.	Amy returns to that young alumni.	-93.5	-93.5	-10.375	-10.375	False	False	morphology	determiner_noun_agreement	Write a natural, coherent English sentence.
543	1	That gate did aggravate this excited woman.	That gate did aggravate these excited woman.	-104.0	-104.0	-10.375	-10.375	False	False	morphology	determiner_noun_agreement	Write a natural, coherent English sentence.
544	1	Melissa observes that bad child.	Melissa observes those bad child.	-83.0	-83.0	-10.375	-10.375	False	False	morphology	determiner_noun_agreement	Write a natural, coherent English sentence.
545	1	Kathleen wasn't scanning those long synopses.	Kathleen wasn't scanning that long synopses.	-135.0	-135.0	-10.375	-10.375	False	False	morphology	determiner_noun_agreement	Write a natural, coherent English sentence.
546	1	That guy dropped by these white oases.	That guy dropped by this white oases.	-93.5	-93.5	-10.375	-10.375	False	False	morphology	determiner_noun_agreement	Write a natural, coherent English sentence.
547	1	Every child might fire this serious child.	Every child might fire these serious child.	-83.0	-83.0	-10.375	-10.375	False	False	morphology	determiner_noun_agreement	Write a natural, coherent English sentence.
548	1	Meredith had concealed that black thesis.	Meredith had concealed those black thesis.	-104.0	-104.0	-10.375	-10.375	False	False	morphology	determiner_noun_agreement	Write a natural, coherent English sentence.
549	1	Randolf didn't see these blue teeth.	Randolf didn't see this blue teeth.	-104.0	-104.0	-10.375	-10.375	False	False	morphology	determiner_noun_agreement	Write a natural, coherent English sentence.
550	1	Some guy passes that rough oasis.	Some guy passes those rough oasis.	-83.0	-83.0	-10.375	-10.375	False	False	morphology	determiner_noun_agreement	Write a natural, coherent English sentence.
551	1	Guys hurts that smart man.	Guys hurts those smart man.	-83.0	-83.0	-10.375	-10.375	False	False	morphology	determiner_noun_agreement	Write a natural, coherent English sentence.
552	1	Many museums should describe this fast man.	Many museums should describe these fast man.	-93.5	-93.5	-10.375	-10.375	False	False	morphology	determiner_noun_agreement	Write a natural, coherent English sentence.
553	1	A lot of chairs haven't embarrassed this serious man.	A lot of chairs haven't embarrassed these serious man.	-124.5	-124.5	-10.375	-10.375	False	False	morphology	determiner_noun_agreement	Write a natural, coherent English sentence.
554	1	Emily talked about that ill alumnus.	Emily talked about those ill alumnus.	-93.5	-93.5	-10.375	-10.375	False	False	morphology	determiner_noun_agreement	Write a natural, coherent English sentence.
555	1	A lot of girls notice these black lice.	A lot of girls notice this black lice.	-104.0	-104.0	-10.375	-10.375	False	False	morphology	determiner_noun_agreement	Write a natural, coherent English sentence.
556	1	Those schools reference that green thesis.	Those schools reference those green thesis.	-72.5	-72.5	-10.375	-10.375	False	False	morphology	determiner_noun_agreement	Write a natural, coherent English sentence.
557	1	Bradley had bored this delighted alumnus.	Bradley had bored these delighted alumnus.	-104.0	-104.0	-10.375	-10.375	False	False	morphology	determiner_noun_agreement	Write a natural, coherent English sentence.
558	1	Melinda scares this good woman.	Melinda scares these good woman.	-83.0	-83.0	-10.375	-10.375	False	False	morphology	determiner_noun_agreement	Write a natural, coherent English sentence.
559	1	Those pedestrians go to those big oases.	Those pedestrians go to that big oases.	-114.0	-114.0	-10.375	-10.375	False	False	morphology	determiner_noun_agreement	Write a natural, coherent English sentence.
560	1	Many doctors escaped from that lost child.	Many doctors escaped from those lost child.	-83.0	-83.0	-10.375	-10.375	False	False	morphology	determiner_noun_agreement	Write a natural, coherent English sentence.
561	1	Tamara isn't revealing that orange ox.	Tamara isn't revealing those orange ox.	-104.0	-104.0	-10.375	-10.375	False	False	morphology	determiner_noun_agreement	Write a natural, coherent English sentence.
562	1	Many patients arrive at that hidden oasis.	Many patients arrive at those hidden oasis.	-93.5	-93.5	-10.375	-10.375	False	False	morphology	determiner_noun_agreement	Write a natural, coherent English sentence.
563	1	Beth leaves these happy children.	Beth leaves this happy children.	-62.25	-62.25	-10.375	-10.375	False	False	morphology	determiner_noun_agreement	Write a natural, coherent English sentence.
564	1	Deanna broke that yellow foot.	Deanna broke those yellow foot.	-72.5	-72.5	-10.375	-10.375	False	False	morphology	determiner_noun_agreement	Write a natural, coherent English sentence.
565	1	Jessica had talked to that concealed man.	Jessica had talked to those concealed man.	-93.5	-93.5	-10.375	-10.375	False	False	morphology	determiner_noun_agreement	Write a natural, coherent English sentence.
566	1	Those actors praise those long synopses.	Those actors praise that long synopses.	-93.5	-93.5	-10.375	-10.375	False	False	morphology	determiner_noun_agreement	Write a natural, coherent English sentence.
567	1	This coat hasn't astounded these popular men.	This coat hasn't astounded this popular men.	-124.5	-124.5	-10.375	-10.375	False	False	morphology	determiner_noun_agreement	Write a natural, coherent English sentence.
568	1	Wendy does talk to this scared alumnus.	Wendy does talk to these scared alumnus.	-114.0	-114.0	-10.375	-10.375	False	False	morphology	determiner_noun_agreement	Write a natural, coherent English sentence.
569	1	Christine is questioning these happy men.	Christine is questioning this happy men.	-83.0	-83.0	-10.375	-10.375	False	False	morphology	determiner_noun_agreement	Write a natural, coherent English sentence.
570	1	All doctors loved that displeased man.	All doctors loved those displeased man.	-93.5	-93.5	-10.375	-10.375	False	False	morphology	determiner_noun_agreement	Write a natural, coherent English sentence.
571	1	Waitresses researched these long synopses.	Waitresses researched this long synopses.	-135.0	-135.0	-10.375	-10.375	False	False	morphology	determiner_noun_agreement	Write a natural, coherent English sentence.
572	1	Alexander can flee from this nice woman.	Alexander can flee from these nice woman.	-93.5	-93.5	-10.375	-10.375	False	False	morphology	determiner_noun_agreement	Write a natural, coherent English sentence.
573	1	Walter hadn't hated this fast man.	Walter hadn't hated these fast man.	-93.5	-93.5	-10.375	-10.375	False	False	morphology	determiner_noun_agreement	Write a natural, coherent English sentence.
574	1	Those cashiers buy those smooth lice.	Those cashiers buy that smooth lice.	-93.5	-93.5	-10.375	-10.375	False	False	morphology	determiner_noun_agreement	Write a natural, coherent English sentence.
575	1	Sonia hid that determined child.	Sonia hid those determined child.	-72.5	-72.5	-10.375	-10.375	False	False	morphology	determiner_noun_agreement	Write a natural, coherent English sentence.
576	1	Barbara is observing that excited person.	Barbara is observing those excited person.	-83.0	-83.0	-10.375	-10.375	False	False	morphology	determiner_noun_agreement	Write a natural, coherent English sentence.
577	1	That company stuns these unconvinced women.	That company stuns this unconvinced women.	-114.0	-114.0	-10.375	-10.375	False	False	morphology	determiner_noun_agreement	Write a natural, coherent English sentence.
578	1	Paul thought about those bad theses.	Paul thought about that bad theses.	-83.0	-83.0	-10.375	-10.375	False	False	morphology	determiner_noun_agreement	Write a natural, coherent English sentence.
579	1	Victoria escaped from these displeased children.	Victoria escaped from this displeased children.	-93.5	-93.5	-10.375	-10.375	False	False	morphology	determiner_noun_agreement	Write a natural, coherent English sentence.
580	1	Brad notices this big octopus.	Brad notices these big octopus.	-93.5	-93.5	-10.375	-10.375	False	False	morphology	determiner_noun_agreement	Write a natural, coherent English sentence.
581	1	Adam is praising those yellow theses.	Adam is praising that yellow theses.	-93.5	-93.5	-10.375	-10.375	False	False	morphology	determiner_noun_agreement	Write a natural, coherent English sentence.
582	1	Douglas did tour those hidden oases.	Douglas did tour that hidden oases.	-83.0	-83.0	-10.375	-10.375	False	False	morphology	determiner_noun_agreement	Write a natural, coherent English sentence.
583	1	Gerald couldn't know these happy men.	Gerald couldn't know this happy men.	-104.0	-104.0	-10.375	-10.375	False	False	morphology	determiner_noun_agreement	Write a natural, coherent English sentence.
584	1	Those women hug that smart man.	Those women hug those smart man.	-72.5	-72.5	-10.375	-10.375	False	False	morphology	determiner_noun_agreement	Write a natural, coherent English sentence.
585	1	These senators wouldn't forget that long synopsis.	These senators wouldn't forget those long synopsis.	-124.5	-124.5	-10.375	-10.375	False	False	morphology	determiner_noun_agreement	Write a natural, coherent English sentence.
586	1	Edward took those lost stimuli.	Edward took that lost stimuli.	-72.5	-72.5	-10.375	-10.375	False	False	morphology	determiner_noun_agreement	Write a natural, coherent English sentence.
587	1	The waitresses did know this lucky person.	The waitresses did know these lucky person.	-104.0	-104.0	-10.375	-10.375	False	False	morphology	determiner_noun_agreement	Write a natural, coherent English sentence.
588	1	That library might love this important person.	That library might love these important person.	-83.0	-83.0	-10.375	-10.375	False	False	morphology	determiner_noun_agreement	Write a natural, coherent English sentence.
589	1	Carrie was healing this gray octopus.	Carrie was healing these gray octopus.	-104.0	-104.0	-10.375	-10.375	False	False	morphology	determiner_noun_agreement	Write a natural, coherent English sentence.
590	1	Sonia hadn't cleaned those gray teeth.	Sonia hadn't cleaned that gray teeth.	-104.0	-104.0	-10.375	-10.375	False	False	morphology	determiner_noun_agreement	Write a natural, coherent English sentence.
591	1	The Lutherans alarmed this confident woman.	The Lutherans alarmed these confident woman.	-93.5	-93.5	-10.375	-10.375	False	False	morphology	determiner_noun_agreement	Write a natural, coherent English sentence.
592	1	This shirt impressed those popular people.	This shirt impressed that popular people.	-72.5	-72.5	-10.375	-10.375	False	False	morphology	determiner_noun_agreement	Write a natural, coherent English sentence.
593	1	Some schools love that employed person.	Some schools love those employed person.	-72.5	-72.5	-10.375	-10.375	False	False	morphology	determiner_noun_agreement	Write a natural, coherent English sentence.
594	1	Valerie hasn't known this young child.	Valerie hasn't known these young child.	-104.0	-104.0	-10.375	-10.375	False	False	morphology	determiner_noun_agreement	Write a natural, coherent English sentence.
595	1	Scott respected those displeased men.	Scott respected that displeased men.	-83.0	-83.0	-10.375	-10.375	False	False	morphology	determiner_noun_agreement	Write a natural, coherent English sentence.
596	1	The ladies work with those lost children.	The ladies work with that lost children.	-83.0	-83.0	-10.375	-10.375	False	False	morphology	determiner_noun_agreement	Write a natural, coherent English sentence.
597	1	Dawn had biked to this small oasis.	Dawn had biked to these small oasis.	-124.5	-124.5	-10.375	-10.375	False	False	morphology	determiner_noun_agreement	Write a natural, coherent English sentence.
598	1	Samantha would explore that gray oasis.	Samantha would explore those gray oasis.	-104.0	-104.0	-10.375	-10.375	False	False	morphology	determiner_noun_agreement	Write a natural, coherent English sentence.
599	1	All steps upset those unemployed men.	All steps upset that unemployed men.	-83.0	-83.0	-10.375	-10.375	False	False	morphology	determiner_noun_agreement	Write a natural, coherent English sentence.
600	1	Marla has described that unemployed woman.	Marla has described those unemployed woman.	-93.5	-93.5	-10.375	-10.375	False	False	morphology	determiner_noun_agreement	Write a natural, coherent English sentence.
601	1	Most universities bore those excited children.	Most universities bore that excited children.	-72.5	-72.5	-10.375	-10.375	False	False	morphology	determiner_noun_agreement	Write a natural, coherent English sentence.
602	1	These banks should reference that purple thesis.	These banks should reference those purple thesis.	-83.0	-83.0	-10.375	-10.375	False	False	morphology	determiner_noun_agreement	Write a natural, coherent English sentence.
603	1	Sherry brought those concealed geese.	Sherry brought that concealed geese.	-93.5	-93.5	-10.375	-10.375	False	False	morphology	determiner_noun_agreement	Write a natural, coherent English sentence.
604	1	Many pedestrians complain about these long analyses.	Many pedestrians complain about this long analyses.	-114.0	-114.0	-10.375	-10.375	False	False	morphology	determiner_noun_agreement	Write a natural, coherent English sentence.
605	1	Theresa fixed these small teeth.	Theresa fixed this small teeth.	-72.5	-72.5	-10.375	-10.375	False	False	morphology	determiner_noun_agreement	Write a natural, coherent English sentence.
606	1	This lake disturbed those unconvinced men.	This lake disturbed that unconvinced men.	-114.0	-114.0	-10.375	-10.375	False	False	morphology	determiner_noun_agreement	Write a natural, coherent English sentence.
607	1	Catherine was talking about those bad synopses.	Catherine was talking about that bad synopses.	-104.0	-104.0	-10.375	-10.375	False	False	morphology	determiner_noun_agreement	Write a natural, coherent English sentence.
608	1	Alicia had escaped from these hidden men.	Alicia had escaped from this hidden men.	-104.0	-104.0	-10.375	-10.375	False	False	morphology	determiner_noun_agreement	Write a natural, coherent English sentence.
609	1	Natalie hasn't worked with this confident woman.	Natalie hasn't worked with these confident woman.	-114.0	-114.0	-10.375	-10.375	False	False	morphology	determiner_noun_agreement	Write a natural, coherent English sentence.
610	1	Amelia annoyed this smart man.	Amelia annoyed these smart man.	-83.0	-83.0	-10.375	-10.375	False	False	morphology	determiner_noun_agreement	Write a natural, coherent English sentence.
611	1	Every guest is irritating this serious child.	Every guest is irritating these serious child.	-93.5	-93.5	-10.375	-10.375	False	False	morphology	determiner_noun_agreement	Write a natural, coherent English sentence.
612	1	All reports annoyed this hopeful person.	All reports annoyed these hopeful person.	-93.5	-93.5	-10.375	-10.375	False	False	morphology	determiner_noun_agreement	Write a natural, coherent English sentence.
613	1	These women break those orange teeth.	These women break that orange teeth.	-72.5	-72.5	-10.375	-10.375	False	False	morphology	determiner_noun_agreement	Write a natural, coherent English sentence.
614	1	Christopher could shock this excited child.	Christopher could shock these excited child.	-72.5	-72.5	-10.375	-10.375	False	False	morphology	determiner_noun_agreement	Write a natural, coherent English sentence.
615	1	This spotlight hasn't disgusted that employed child.	This spotlight hasn't disgusted those employed child.	-124.5	-124.5	-10.375	-10.375	False	False	morphology	determiner_noun_agreement	Write a natural, coherent English sentence.
616	1	Samantha fled from that busy child.	Samantha fled from those busy child.	-93.5	-93.5	-10.375	-10.375	False	False	morphology	determiner_noun_agreement	Write a natural, coherent English sentence.
617	1	Lucille arrived at that hard oasis.	Lucille arrived at those hard oasis.	-93.5	-93.5	-10.375	-10.375	False	False	morphology	determiner_noun_agreement	Write a natural, coherent English sentence.
618	1	All teachers see those yellow lice.	All teachers see that yellow lice.	-83.0	-83.0	-10.375	-10.375	False	False	morphology	determiner_noun_agreement	Write a natural, coherent English sentence.
619	1	Some photographs haven't looked like these small octopi.	Some photographs haven't looked like this small octopi.	-135.0	-135.0	-10.375	-10.375	False	False	morphology	determiner_noun_agreement	Write a natural, coherent English sentence.
620	1	Danielle brought those blue feet.	Danielle brought that blue feet.	-72.5	-72.5	-10.375	-10.375	False	False	morphology	determiner_noun_agreement	Write a natural, coherent English sentence.
621	1	Todd hadn't left those exposed men.	Todd hadn't left that exposed men.	-93.5	-93.5	-10.375	-10.375	False	False	morphology	determiner_noun_agreement	Write a natural, coherent English sentence.
622	1	Some doctors embarrasses those delighted alumni.	Some doctors embarrasses that delighted alumni.	-104.0	-104.0	-10.375	-10.375	False	False	morphology	determiner_noun_agreement	Write a natural, coherent English sentence.
623	1	The actresses forget that unemployed alumnus.	The actresses forget those unemployed alumnus.	-114.0	-114.0	-10.375	-10.375	False	False	morphology	determiner_noun_agreement	Write a natural, coherent English sentence.
624	1	A lot of socks alarm this unsure alumnus.	A lot of socks alarm these unsure alumnus.	-124.5	-124.5	-10.375	-10.375	False	False	morphology	determiner_noun_agreement	Write a natural, coherent English sentence.
625	1	The customers are thinking about that busy child.	The customers are thinking about those busy child.	-93.5	-93.5	-10.375	-10.375	False	False	morphology	determiner_noun_agreement	Write a natural, coherent English sentence.
626	1	Kristin wasn't kissing those small men.	Kristin wasn't kissing that small men.	-114.0	-114.0	-10.375	-10.375	False	False	morphology	determiner_noun_agreement	Write a natural, coherent English sentence.
627	1	Omar hasn't broken this broken foot.	Omar hasn't broken these broken foot.	-104.0	-104.0	-10.375	-10.375	False	False	morphology	determiner_noun_agreement	Write a natural, coherent English sentence.
628	1	The actress worked with this nice woman.	The actress worked with these nice woman.	-83.0	-83.0	-10.375	-10.375	False	False	morphology	determiner_noun_agreement	Write a natural, coherent English sentence.
629	1	Patients insult these happy people.	Patients insult this happy people.	-72.5	-72.5	-10.375	-10.375	False	False	morphology	determiner_noun_agreement	Write a natural, coherent English sentence.
630	1	Spain bought those orange lice.	Spain bought that orange lice.	-72.5	-72.5	-10.375	-10.375	False	False	morphology	determiner_noun_agreement	Write a natural, coherent English sentence.
631	1	Those waiters didn't kiss this unlucky child.	Those waiters didn't kiss these unlucky child.	-135.0	-135.0	-10.375	-10.375	False	False	morphology	determiner_noun_agreement	Write a natural, coherent English sentence.
632	1	Jennifer isn't touring these old oases.	Jennifer isn't touring this old oases.	-114.0	-114.0	-10.375	-10.375	False	False	morphology	determiner_noun_agreement	Write a natural, coherent English sentence.
633	1	Glaciers upset this small child.	Glaciers upset these small child.	-83.0	-83.0	-10.375	-10.375	False	False	morphology	determiner_noun_agreement	Write a natural, coherent English sentence.
634	1	John investigated these old men.	John investigated this old men.	-62.25	-62.25	-10.375	-10.375	False	False	morphology	determiner_noun_agreement	Write a natural, coherent English sentence.
635	1	Some doctors hated these yellow theses.	Some doctors hated this yellow theses.	-83.0	-83.0	-10.375	-10.375	False	False	morphology	determiner_noun_agreement	Write a natural, coherent English sentence.
636	1	Linda described that clever man.	Linda described those clever man.	-62.25	-62.25	-10.375	-10.375	False	False	morphology	determiner_noun_agreement	Write a natural, coherent English sentence.
637	1	Many drawings are looking like these excited women.	Many drawings are looking like this excited women.	-93.5	-93.5	-10.375	-10.375	False	False	morphology	determiner_noun_agreement	Write a natural, coherent English sentence.
638	1	Mitchell had concealed that small tooth.	Mitchell had concealed those small tooth.	-83.0	-83.0	-10.375	-10.375	False	False	morphology	determiner_noun_agreement	Write a natural, coherent English sentence.
639	1	Every dog had irritated this young child.	Every dog had irritated these young child.	-93.5	-93.5	-10.375	-10.375	False	False	morphology	determiner_noun_agreement	Write a natural, coherent English sentence.
640	1	Some doctors lift this exposed ox.	Some doctors lift these exposed ox.	-72.5	-72.5	-10.375	-10.375	False	False	morphology	determiner_noun_agreement	Write a natural, coherent English sentence.
641	1	Valerie was disgusting that happy woman.	Valerie was disgusting those happy woman.	-93.5	-93.5	-10.375	-10.375	False	False	morphology	determiner_noun_agreement	Write a natural, coherent English sentence.
642	1	Claire hugs those clever men.	Claire hugs that clever men.	-72.5	-72.5	-10.375	-10.375	False	False	morphology	determiner_noun_agreement	Write a natural, coherent English sentence.
643	1	All adults go to these white oases.	All adults go to this white oases.	-93.5	-93.5	-10.375	-10.375	False	False	morphology	determiner_noun_agreement	Write a natural, coherent English sentence.
644	1	Bill observed this nice child.	Bill observed these nice child.	-62.25	-62.25	-10.375	-10.375	False	False	morphology	determiner_noun_agreement	Write a natural, coherent English sentence.
645	1	Diana kissed these delighted alumni.	Diana kissed this delighted alumni.	-83.0	-83.0	-10.375	-10.375	False	False	morphology	determiner_noun_agreement	Write a natural, coherent English sentence.
646	1	Governments are describing those sick people.	Governments are describing that sick people.	-83.0	-83.0	-10.375	-10.375	False	False	morphology	determiner_noun_agreement	Write a natural, coherent English sentence.
647	1	The doctors cure that young woman.	The doctors cure those young woman.	-72.5	-72.5	-10.375	-10.375	False	False	morphology	determiner_noun_agreement	Write a natural, coherent English sentence.
648	1	Dancers did disagree with this ill child.	Dancers did disagree with these ill child.	-93.5	-93.5	-10.375	-10.375	False	False	morphology	determiner_noun_agreement	Write a natural, coherent English sentence.
649	1	Veronica couldn't embarrass these exposed men.	Veronica couldn't embarrass this exposed men.	-114.0	-114.0	-10.375	-10.375	False	False	morphology	determiner_noun_agreement	Write a natural, coherent English sentence.
650	1	The students cared for that delighted man.	The students cared for those delighted man.	-83.0	-83.0	-10.375	-10.375	False	False	morphology	determiner_noun_agreement	Write a natural, coherent English sentence.
651	1	Steve conceals these important men.	Steve conceals this important men.	-72.5	-72.5	-10.375	-10.375	False	False	morphology	determiner_noun_agreement	Write a natural, coherent English sentence.
652	1	These actresses will talk to these content men.	These actresses will talk to this content men.	-104.0	-104.0	-10.375	-10.375	False	False	morphology	determiner_noun_agreement	Write a natural, coherent English sentence.
653	1	That teenager wouldn't buy these rough oxen.	That teenager wouldn't buy this rough oxen.	-114.0	-114.0	-10.375	-10.375	False	False	morphology	determiner_noun_agreement	Write a natural, coherent English sentence.
654	1	Sheila wouldn't kiss that happy child.	Sheila wouldn't kiss those happy child.	-104.0	-104.0	-10.375	-10.375	False	False	morphology	determiner_noun_agreement	Write a natural, coherent English sentence.
655	1	Erin drove to these out in the open oases.	Erin drove to this out in the open oases.	-124.5	-124.5	-10.375	-10.375	False	False	morphology	determiner_noun_agreement	Write a natural, coherent English sentence.
656	1	Every hat has embarrassed those hopeful people.	Every hat has embarrassed that hopeful people.	-93.5	-93.5	-10.375	-10.375	False	False	morphology	determiner_noun_agreement	Write a natural, coherent English sentence.
657	1	Every man is fleeing from that exposed oasis.	Every man is fleeing from those exposed oasis.	-114.0	-114.0	-10.375	-10.375	False	False	morphology	determiner_noun_agreement	Write a natural, coherent English sentence.
658	1	Some adults visit this ill man.	Some adults visit these ill man.	-72.5	-72.5	-10.375	-10.375	False	False	morphology	determiner_noun_agreement	Write a natural, coherent English sentence.
659	1	Janet did lift that good thesis.	Janet did lift those good thesis.	-83.0	-83.0	-10.375	-10.375	False	False	morphology	determiner_noun_agreement	Write a natural, coherent English sentence.
660	1	Katherine was cleaning this orange tooth.	Katherine was cleaning these orange tooth.	-83.0	-83.0	-10.375	-10.375	False	False	morphology	determiner_noun_agreement	Write a natural, coherent English sentence.
661	1	A lot of tomatoes can't confuse these ill alumni.	A lot of tomatoes can't confuse this ill alumni.	-166.0	-166.0	-10.375	-10.375	False	False	morphology	determiner_noun_agreement	Write a natural, coherent English sentence.
662	1	Rose goes to those out in the open oases.	Rose goes to that out in the open oases.	-114.0	-114.0	-10.375	-10.375	False	False	morphology	determiner_noun_agreement	Write a natural, coherent English sentence.
663	1	These governments criticize those gray oases.	These governments criticize that gray oases.	-93.5	-93.5	-10.375	-10.375	False	False	morphology	determiner_noun_agreement	Write a natural, coherent English sentence.
664	1	Kevin forgot those delighted men.	Kevin forgot that delighted men.	-62.25	-62.25	-10.375	-10.375	False	False	morphology	determiner_noun_agreement	Write a natural, coherent English sentence.
665	1	Most companies describe that long analysis.	Most companies describe those long analysis.	-72.5	-72.5	-10.375	-10.375	False	False	morphology	determiner_noun_agreement	Write a natural, coherent English sentence.
666	1	Vincent was skated around this small oasis.	Vincent was skated around these small oasis.	-104.0	-104.0	-10.375	-10.375	False	False	morphology	determiner_noun_agreement	Write a natural, coherent English sentence.
667	1	Many guys arrive at these out in the open oases.	Many guys arrive at this out in the open oases.	-124.5	-124.5	-10.375	-10.375	False	False	morphology	determiner_noun_agreement	Write a natural, coherent English sentence.
668	1	Gregory hadn't revealed these lost fungi.	Gregory hadn't revealed this lost fungi.	-104.0	-104.0	-10.375	-10.375	False	False	morphology	determiner_noun_agreement	Write a natural, coherent English sentence.
669	1	The cake stuns this standing man.	The cake stuns these standing man.	-83.0	-83.0	-10.375	-10.375	False	False	morphology	determiner_noun_agreement	Write a natural, coherent English sentence.
670	1	Cheryl isn't irritating that clever man.	Cheryl isn't irritating those clever man.	-114.0	-114.0	-10.375	-10.375	False	False	morphology	determiner_noun_agreement	Write a natural, coherent English sentence.
671	1	Some cat bores those old children.	Some cat bores that old children.	-83.0	-83.0	-10.375	-10.375	False	False	morphology	determiner_noun_agreement	Write a natural, coherent English sentence.
672	1	The actress knows that delighted child.	The actress knows those delighted child.	-72.5	-72.5	-10.375	-10.375	False	False	morphology	determiner_noun_agreement	Write a natural, coherent English sentence.
673	1	That actress had driven to these hidden oases.	That actress had driven to this hidden oases.	-104.0	-104.0	-10.375	-10.375	False	False	morphology	determiner_noun_agreement	Write a natural, coherent English sentence.
674	1	The Lutherans arrive at this cheap oasis.	The Lutherans arrive at these cheap oasis.	-104.0	-104.0	-10.375	-10.375	False	False	morphology	determiner_noun_agreement	Write a natural, coherent English sentence.
675	1	Diane was kissing those lost women.	Diane was kissing that lost women.	-93.5	-93.5	-10.375	-10.375	False	False	morphology	determiner_noun_agreement	Write a natural, coherent English sentence.
676	1	Larry disturbs this employed woman.	Larry disturbs these employed woman.	-83.0	-83.0	-10.375	-10.375	False	False	morphology	determiner_noun_agreement	Write a natural, coherent English sentence.
677	1	Pies shock this upset woman.	Pies shock these upset woman.	-72.5	-72.5	-10.375	-10.375	False	False	morphology	determiner_noun_agreement	Write a natural, coherent English sentence.
678	1	Some waiters hug this content alumnus.	Some waiters hug these content alumnus.	-104.0	-104.0	-10.375	-10.375	False	False	morphology	determiner_noun_agreement	Write a natural, coherent English sentence.
679	1	Anna talked to those unsure men.	Anna talked to that unsure men.	-83.0	-83.0	-10.375	-10.375	False	False	morphology	determiner_noun_agreement	Write a natural, coherent English sentence.
680	1	This school bores this determined man.	This school bores these determined man.	-83.0	-83.0	-10.375	-10.375	False	False	morphology	determiner_noun_agreement	Write a natural, coherent English sentence.
681	1	Omar had thought about these unemployed men.	Omar had thought about this unemployed men.	-104.0	-104.0	-10.375	-10.375	False	False	morphology	determiner_noun_agreement	Write a natural, coherent English sentence.
682	1	Winston Churchill cleaned these big nuclei.	Winston Churchill cleaned this big nuclei.	-104.0	-104.0	-10.375	-10.375	False	False	morphology	determiner_noun_agreement	Write a natural, coherent English sentence.
683	1	These organizations aren't concealing that exposed child.	These organizations aren't concealing those exposed child.	-114.0	-114.0	-10.375	-10.375	False	False	morphology	determiner_noun_agreement	Write a natural, coherent English sentence.
684	1	Erin bought this concealed axis.	Erin bought these concealed axis.	-83.0	-83.0	-10.375	-10.375	False	False	morphology	determiner_noun_agreement	Write a natural, coherent English sentence.
685	1	Dan examines this long analysis.	Dan examines these long analysis.	-72.5	-72.5	-10.375	-10.375	False	False	morphology	determiner_noun_agreement	Write a natural, coherent English sentence.
686	1	These drivers concealed these gray oxen.	These drivers concealed this gray oxen.	-93.5	-93.5	-10.375	-10.375	False	False	morphology	determiner_noun_agreement	Write a natural, coherent English sentence.
687	1	All children impresses this happy man.	All children impresses these happy man.	-83.0	-83.0	-10.375	-10.375	False	False	morphology	determiner_noun_agreement	Write a natural, coherent English sentence.
688	1	People will conceal that concealed man.	People will conceal those concealed man.	-93.5	-93.5	-10.375	-10.375	False	False	morphology	determiner_noun_agreement	Write a natural, coherent English sentence.
689	1	Some patient returns to this old man.	Some patient returns to these old man.	-83.0	-83.0	-10.375	-10.375	False	False	morphology	determiner_noun_agreement	Write a natural, coherent English sentence.
690	1	Many actresses discovered those big oases.	Many actresses discovered that big oases.	-93.5	-93.5	-10.375	-10.375	False	False	morphology	determiner_noun_agreement	Write a natural, coherent English sentence.
691	1	The school talks about those young alumni.	The school talks about that young alumni.	-104.0	-104.0	-10.375	-10.375	False	False	morphology	determiner_noun_agreement	Write a natural, coherent English sentence.
692	1	Omar admired these blue fungi.	Omar admired this blue fungi.	-93.5	-93.5	-10.375	-10.375	False	False	morphology	determiner_noun_agreement	Write a natural, coherent English sentence.
693	1	Some school can't hate these good people.	Some school can't hate this good people.	-104.0	-104.0	-10.375	-10.375	False	False	morphology	determiner_noun_agreement	Write a natural, coherent English sentence.
694	1	A lot of eggplants wouldn't disturb that determined woman.	A lot of eggplants wouldn't disturb those determined woman.	-145.0	-145.0	-10.375	-10.375	False	False	morphology	determiner_noun_agreement	Write a natural, coherent English sentence.
695	1	That cake could annoy these uncertain men.	That cake could annoy this uncertain men.	-83.0	-83.0	-10.375	-10.375	False	False	morphology	determiner_noun_agreement	Write a natural, coherent English sentence.
696	1	Lamps are worrying these hopeful alumni.	Lamps are worrying this hopeful alumni.	-114.0	-114.0	-10.375	-10.375	False	False	morphology	determiner_noun_agreement	Write a natural, coherent English sentence.
697	1	A lot of eggplants bore these excited alumni.	A lot of eggplants bore this excited alumni.	-135.0	-135.0	-10.375	-10.375	False	False	morphology	determiner_noun_agreement	Write a natural, coherent English sentence.
698	1	A lot of teachers arrived at these old oases.	A lot of teachers arrived at this old oases.	-114.0	-114.0	-10.375	-10.375	False	False	morphology	determiner_noun_agreement	Write a natural, coherent English sentence.
699	1	Most sweaters hurt those happy people.	Most sweaters hurt that happy people.	-83.0	-83.0	-10.375	-10.375	False	False	morphology	determiner_noun_agreement	Write a natural, coherent English sentence.
700	1	Tara scans those good analyses.	Tara scans that good analyses.	-93.5	-93.5	-10.375	-10.375	False	False	morphology	determiner_noun_agreement	Write a natural, coherent English sentence.
701	1	The man doesn't reference this out in the open woman.	The man doesn't reference these out in the open woman.	-135.0	-135.0	-10.375	-10.375	False	False	morphology	determiner_noun_agreement	Write a natural, coherent English sentence.
702	1	This cashier is leaving this employed person.	This cashier is leaving these employed person.	-93.5	-93.5	-10.375	-10.375	False	False	morphology	determiner_noun_agreement	Write a natural, coherent English sentence.
703	1	Bananas bother these clever alumni.	Bananas bother this clever alumni.	-93.5	-93.5	-10.375	-10.375	False	False	morphology	determiner_noun_agreement	Write a natural, coherent English sentence.
704	1	Some convertibles had worried those fast men.	Some convertibles had worried that fast men.	-93.5	-93.5	-10.375	-10.375	False	False	morphology	determiner_noun_agreement	Write a natural, coherent English sentence.
705	1	Carl bored those nice women.	Carl bored that nice women.	-62.25	-62.25	-10.375	-10.375	False	False	morphology	determiner_noun_agreement	Write a natural, coherent English sentence.
706	1	These teachers explore these old oases.	These teachers explore this old oases.	-83.0	-83.0	-10.375	-10.375	False	False	morphology	determiner_noun_agreement	Write a natural, coherent English sentence.
707	1	Many waiters work with this scared child.	Many waiters work with these scared child.	-93.5	-93.5	-10.375	-10.375	False	False	morphology	determiner_noun_agreement	Write a natural, coherent English sentence.
708	1	Committees admire that smart child.	Committees admire those smart child.	-93.5	-93.5	-10.375	-10.375	False	False	morphology	determiner_noun_agreement	Write a natural, coherent English sentence.
709	1	Matt approaches this exposed child.	Matt approaches these exposed child.	-62.25	-62.25	-10.375	-10.375	False	False	morphology	determiner_noun_agreement	Write a natural, coherent English sentence.
710	1	Brian talks to this lucky man.	Brian talks to these lucky man.	-72.5	-72.5	-10.375	-10.375	False	False	morphology	determiner_noun_agreement	Write a natural, coherent English sentence.
711	1	A boy isn't talking about that red oasis.	A boy isn't talking about those red oasis.	-124.5	-124.5	-10.375	-10.375	False	False	morphology	determiner_noun_agreement	Write a natural, coherent English sentence.
712	1	Phillip bought those black feet.	Phillip bought that black feet.	-72.5	-72.5	-10.375	-10.375	False	False	morphology	determiner_noun_agreement	Write a natural, coherent English sentence.
713	1	Eric isn't buying those brown geese.	Eric isn't buying that brown geese.	-104.0	-104.0	-10.375	-10.375	False	False	morphology	determiner_noun_agreement	Write a natural, coherent English sentence.
714	1	Elaine remembers this delighted woman.	Elaine remembers these delighted woman.	-83.0	-83.0	-10.375	-10.375	False	False	morphology	determiner_noun_agreement	Write a natural, coherent English sentence.
715	1	This pedestrian arrives at that smooth oasis.	This pedestrian arrives at those smooth oasis.	-104.0	-104.0	-10.375	-10.375	False	False	morphology	determiner_noun_agreement	Write a natural, coherent English sentence.
716	1	Those men forget these smart men.	Those men forget this smart men.	-72.5	-72.5	-10.375	-10.375	False	False	morphology	determiner_noun_agreement	Write a natural, coherent English sentence.
717	1	Tara might alarm this unsure person.	Tara might alarm these unsure person.	-93.5	-93.5	-10.375	-10.375	False	False	morphology	determiner_noun_agreement	Write a natural, coherent English sentence.
718	1	Vanessa was healing those purple geese.	Vanessa was healing that purple geese.	-93.5	-93.5	-10.375	-10.375	False	False	morphology	determiner_noun_agreement	Write a natural, coherent English sentence.
719	1	Steven hasn't questioned those troubled people.	Steven hasn't questioned that troubled people.	-104.0	-104.0	-10.375	-10.375	False	False	morphology	determiner_noun_agreement	Write a natural, coherent English sentence.
720	1	Thomas hides this clever woman.	Thomas hides these clever woman.	-72.5	-72.5	-10.375	-10.375	False	False	morphology	determiner_noun_agreement	Write a natural, coherent English sentence.
721	1	Most eyes confuse these content alumni.	Most eyes confuse this content alumni.	-104.0	-104.0	-10.375	-10.375	False	False	morphology	determiner_noun_agreement	Write a natural, coherent English sentence.
722	1	That dog aggravates this busy child.	That dog aggravates these busy child.	-93.5	-93.5	-10.375	-10.375	False	False	morphology	determiner_noun_agreement	Write a natural, coherent English sentence.
723	1	Karen has attacked this popular child.	Karen has attacked these popular child.	-72.5	-72.5	-10.375	-10.375	False	False	morphology	determiner_noun_agreement	Write a natural, coherent English sentence.
724	1	Heidi might confuse those displeased men.	Heidi might confuse that displeased men.	-114.0	-114.0	-10.375	-10.375	False	False	morphology	determiner_noun_agreement	Write a natural, coherent English sentence.
725	1	Maria kisses this bad person.	Maria kisses these bad person.	-72.5	-72.5	-10.375	-10.375	False	False	morphology	determiner_noun_agreement	Write a natural, coherent English sentence.
726	1	Tanya passes this purple oasis.	Tanya passes these purple oasis.	-83.0	-83.0	-10.375	-10.375	False	False	morphology	determiner_noun_agreement	Write a natural, coherent English sentence.
727	1	Marla has respected those delighted alumni.	Marla has respected that delighted alumni.	-104.0	-104.0	-10.375	-10.375	False	False	morphology	determiner_noun_agreement	Write a natural, coherent English sentence.
728	1	Paula is investigating this employed alumnus.	Paula is investigating these employed alumnus.	-114.0	-114.0	-10.375	-10.375	False	False	morphology	determiner_noun_agreement	Write a natural, coherent English sentence.
729	1	Most chairs aren't disgusting those serious women.	Most chairs aren't disgusting that serious women.	-114.0	-114.0	-10.375	-10.375	False	False	morphology	determiner_noun_agreement	Write a natural, coherent English sentence.
730	1	Men hadn't run around this purple oasis.	Men hadn't run around these purple oasis.	-114.0	-114.0	-10.375	-10.375	False	False	morphology	determiner_noun_agreement	Write a natural, coherent English sentence.
731	1	Tina hadn't arrived at those green oases.	Tina hadn't arrived at that green oases.	-124.5	-124.5	-10.375	-10.375	False	False	morphology	determiner_noun_agreement	Write a natural, coherent English sentence.
732	1	Karla knew this busy alumnus.	Karla knew these busy alumnus.	-93.5	-93.5	-10.375	-10.375	False	False	morphology	determiner_noun_agreement	Write a natural, coherent English sentence.
733	1	The actors care for these exposed people.	The actors care for this exposed people.	-83.0	-83.0	-10.375	-10.375	False	False	morphology	determiner_noun_agreement	Write a natural, coherent English sentence.
734	1	Michelle might alarm this employed man.	Michelle might alarm these employed man.	-72.5	-72.5	-10.375	-10.375	False	False	morphology	determiner_noun_agreement	Write a natural, coherent English sentence.
735	1	Maria hasn't walked through these hard oases.	Maria hasn't walked through this hard oases.	-114.0	-114.0	-10.375	-10.375	False	False	morphology	determiner_noun_agreement	Write a natural, coherent English sentence.
736	1	That report might disagree with those delighted men.	That report might disagree with that delighted men.	-93.5	-93.5	-10.375	-10.375	False	False	morphology	determiner_noun_agreement	Write a natural, coherent English sentence.
737	1	Actresses discuss this popular person.	Actresses discuss these popular person.	-83.0	-83.0	-10.375	-10.375	False	False	morphology	determiner_noun_agreement	Write a natural, coherent English sentence.
738	1	Holly won't watch these unlucky men.	Holly won't watch this unlucky men.	-114.0	-114.0	-10.375	-10.375	False	False	morphology	determiner_noun_agreement	Write a natural, coherent English sentence.
739	1	Carl was driving to those blue oases.	Carl was driving to that blue oases.	-93.5	-93.5	-10.375	-10.375	False	False	morphology	determiner_noun_agreement	Write a natural, coherent English sentence.
740	1	Bill passes that rough oasis.	Bill passes those rough oasis.	-72.5	-72.5	-10.375	-10.375	False	False	morphology	determiner_noun_agreement	Write a natural, coherent English sentence.
741	1	All men praise this good thesis.	All men praise these good thesis.	-72.5	-72.5	-10.375	-10.375	False	False	morphology	determiner_noun_agreement	Write a natural, coherent English sentence.
742	1	Many doctors should escape from these hopeful women.	Many doctors should escape from this hopeful women.	-104.0	-104.0	-10.375	-10.375	False	False	morphology	determiner_noun_agreement	Write a natural, coherent English sentence.
743	1	Many girls find these nice men.	Many girls find this nice men.	-72.5	-72.5	-10.375	-10.375	False	False	morphology	determiner_noun_agreement	Write a natural, coherent English sentence.
744	1	Every museum helps those concealed children.	Every museum helps that concealed children.	-83.0	-83.0	-10.375	-10.375	False	False	morphology	determiner_noun_agreement	Write a natural, coherent English sentence.
745	1	Marla was distracting these determined people.	Marla was distracting this determined people.	-93.5	-93.5	-10.375	-10.375	False	False	morphology	determiner_noun_agreement	Write a natural, coherent English sentence.
746	1	Those computers might confuse this nice child.	Those computers might confuse these nice child.	-93.5	-93.5	-10.375	-10.375	False	False	morphology	determiner_noun_agreement	Write a natural, coherent English sentence.
747	1	Tanya hasn't loved that content woman.	Tanya hasn't loved those content woman.	-104.0	-104.0	-10.375	-10.375	False	False	morphology	determiner_noun_agreement	Write a natural, coherent English sentence.
748	1	Theresa won't conceal those lost lice.	Theresa won't conceal that lost lice.	-124.5	-124.5	-10.375	-10.375	False	False	morphology	determiner_noun_agreement	Write a natural, coherent English sentence.
749	1	The Borgias do cure these out in the open octopi.	The Borgias do cure this out in the open octopi.	-156.0	-156.0	-10.375	-10.375	False	False	morphology	determiner_noun_agreement	Write a natural, coherent English sentence.
750	1	Kenneth messed up those lost teeth.	Kenneth messed up that lost teeth.	-93.5	-93.5	-10.375	-10.375	False	False	morphology	determiner_noun_agreement	Write a natural, coherent English sentence.
751	1	Jodi doesn't alarm these unsure people.	Jodi doesn't alarm this unsure people.	-114.0	-114.0	-10.375	-10.375	False	False	morphology	determiner_noun_agreement	Write a natural, coherent English sentence.
752	1	This customer scans those good analyses.	This customer scans that good analyses.	-93.5	-93.5	-10.375	-10.375	False	False	morphology	determiner_noun_agreement	Write a natural, coherent English sentence.
753	1	Vincent can't watch this hopeful alumnus.	Vincent can't watch these hopeful alumnus.	-124.5	-124.5	-10.375	-10.375	False	False	morphology	determiner_noun_agreement	Write a natural, coherent English sentence.
754	1	Jodi talked to this unconvinced child.	Jodi talked to these unconvinced child.	-114.0	-114.0	-10.375	-10.375	False	False	morphology	determiner_noun_agreement	Write a natural, coherent English sentence.
755	1	Katherine exited these exposed oases.	Katherine exited this exposed oases.	-93.5	-93.5	-10.375	-10.375	False	False	morphology	determiner_noun_agreement	Write a natural, coherent English sentence.
756	1	Beverly hasn't brought these rough fungi.	Beverly hasn't brought this rough fungi.	-114.0	-114.0	-10.375	-10.375	False	False	morphology	determiner_noun_agreement	Write a natural, coherent English sentence.
757	1	That unicycle is boring those standing children.	That unicycle is boring that standing children.	-104.0	-104.0	-10.375	-10.375	False	False	morphology	determiner_noun_agreement	Write a natural, coherent English sentence.
758	1	That boy can't escape from those unsure children.	That boy can't escape from that unsure children.	-124.5	-124.5	-10.375	-10.375	False	False	morphology	determiner_noun_agreement	Write a natural, coherent English sentence.
759	1	An adult bought these black axes.	An adult bought this black axes.	-83.0	-83.0	-10.375	-10.375	False	False	morphology	determiner_noun_agreement	Write a natural, coherent English sentence.
760	1	Sara isn't kissing this nice woman.	Sara isn't kissing these nice woman.	-104.0	-104.0	-10.375	-10.375	False	False	morphology	determiner_noun_agreement	Write a natural, coherent English sentence.
761	1	Robert couldn't embarrass those scared people.	Robert couldn't embarrass that scared people.	-93.5	-93.5	-10.375	-10.375	False	False	morphology	determiner_noun_agreement	Write a natural, coherent English sentence.
762	1	Deborah had fled from that important woman.	Deborah had fled from those important woman.	-104.0	-104.0	-10.375	-10.375	False	False	morphology	determiner_noun_agreement	Write a natural, coherent English sentence.
763	1	Brenda discussed that serious woman.	Brenda discussed those serious woman.	-72.5	-72.5	-10.375	-10.375	False	False	morphology	determiner_noun_agreement	Write a natural, coherent English sentence.
764	1	Some women questioned that big woman.	Some women questioned those big woman.	-72.5	-72.5	-10.375	-10.375	False	False	morphology	determiner_noun_agreement	Write a natural, coherent English sentence.
765	1	Rodney didn't kiss those displeased women.	Rodney didn't kiss that displeased women.	-124.5	-124.5	-10.375	-10.375	False	False	morphology	determiner_noun_agreement	Write a natural, coherent English sentence.
766	1	Carrie can help those lost alumni.	Carrie can help that lost alumni.	-104.0	-104.0	-10.375	-10.375	False	False	morphology	determiner_noun_agreement	Write a natural, coherent English sentence.
767	1	Many guests approach this lucky man.	Many guests approach these lucky man.	-72.5	-72.5	-10.375	-10.375	False	False	morphology	determiner_noun_agreement	Write a natural, coherent English sentence.
768	1	Some student messes up that hard foot.	Some student messes up those hard foot.	-93.5	-93.5	-10.375	-10.375	False	False	morphology	determiner_noun_agreement	Write a natural, coherent English sentence.
769	1	Some men had skated around these hard oases.	Some men had skated around this hard oases.	-114.0	-114.0	-10.375	-10.375	False	False	morphology	determiner_noun_agreement	Write a natural, coherent English sentence.
770	1	Some light would annoy those happy alumni.	Some light would annoy that happy alumni.	-104.0	-104.0	-10.375	-10.375	False	False	morphology	determiner_noun_agreement	Write a natural, coherent English sentence.
771	1	Many casseroles shock these unconvinced men.	Many casseroles shock this unconvinced men.	-124.5	-124.5	-10.375	-10.375	False	False	morphology	determiner_noun_agreement	Write a natural, coherent English sentence.
772	1	Carl talks about those confident children.	Carl talks about that confident children.	-72.5	-72.5	-10.375	-10.375	False	False	morphology	determiner_noun_agreement	Write a natural, coherent English sentence.
773	1	Timothy was dropping by those new oases.	Timothy was dropping by that new oases.	-104.0	-104.0	-10.375	-10.375	False	False	morphology	determiner_noun_agreement	Write a natural, coherent English sentence.
774	1	Lori has approached these scared people.	Lori has approached this scared people.	-83.0	-83.0	-10.375	-10.375	False	False	morphology	determiner_noun_agreement	Write a natural, coherent English sentence.
775	1	Jodi wouldn't mess up those orange feet.	Jodi wouldn't mess up that orange feet.	-114.0	-114.0	-10.375	-10.375	False	False	morphology	determiner_noun_agreement	Write a natural, coherent English sentence.
776	1	This newspaper article will embarrass this determined child.	This newspaper article will embarrass these determined child.	-93.5	-93.5	-10.375	-10.375	False	False	morphology	determiner_noun_agreement	Write a natural, coherent English sentence.
777	1	A lot of guys conceal this long analysis.	A lot of guys conceal these long analysis.	-104.0	-104.0	-10.375	-10.375	False	False	morphology	determiner_noun_agreement	Write a natural, coherent English sentence.
778	1	Lawrence fired that serious woman.	Lawrence fired those serious woman.	-62.25	-62.25	-10.375	-10.375	False	False	morphology	determiner_noun_agreement	Write a natural, coherent English sentence.
779	1	This story didn't bore this serious man.	This story didn't bore these serious man.	-104.0	-104.0	-10.375	-10.375	False	False	morphology	determiner_noun_agreement	Write a natural, coherent English sentence.
780	1	Mary can't remember that clever person.	Mary can't remember those clever person.	-93.5	-93.5	-10.375	-10.375	False	False	morphology	determiner_noun_agreement	Write a natural, coherent English sentence.
781	1	Marie could listen to that big woman.	Marie could listen to those big woman.	-83.0	-83.0	-10.375	-10.375	False	False	morphology	determiner_noun_agreement	Write a natural, coherent English sentence.
782	1	Clyde had those exposed axes.	Clyde had that exposed axes.	-93.5	-93.5	-10.375	-10.375	False	False	morphology	determiner_noun_agreement	Write a natural, coherent English sentence.
783	1	Victoria has left these delighted men.	Victoria has left this delighted men.	-72.5	-72.5	-10.375	-10.375	False	False	morphology	determiner_noun_agreement	Write a natural, coherent English sentence.
784	1	The Impressionists disagree with those bad analyses.	The Impressionists disagree with that bad analyses.	-114.0	-114.0	-10.375	-10.375	False	False	morphology	determiner_noun_agreement	Write a natural, coherent English sentence.
785	1	Amy took that hidden fungus.	Amy took those hidden fungus.	-83.0	-83.0	-10.375	-10.375	False	False	morphology	determiner_noun_agreement	Write a natural, coherent English sentence.
786	1	Rose was fixing this hard foot.	Rose was fixing these hard foot.	-72.5	-72.5	-10.375	-10.375	False	False	morphology	determiner_noun_agreement	Write a natural, coherent English sentence.
787	1	Most dishes weren't astounding these scared men.	Most dishes weren't astounding this scared men.	-124.5	-124.5	-10.375	-10.375	False	False	morphology	determiner_noun_agreement	Write a natural, coherent English sentence.
788	1	The doctor sees those smooth cacti.	The doctor sees that smooth cacti.	-93.5	-93.5	-10.375	-10.375	False	False	morphology	determiner_noun_agreement	Write a natural, coherent English sentence.
789	1	Rodney hadn't cured these white octopi.	Rodney hadn't cured this white octopi.	-135.0	-135.0	-10.375	-10.375	False	False	morphology	determiner_noun_agreement	Write a natural, coherent English sentence.
790	1	This museum hadn't disgusted these troubled men.	This museum hadn't disgusted this troubled men.	-124.5	-124.5	-10.375	-10.375	False	False	morphology	determiner_noun_agreement	Write a natural, coherent English sentence.
791	1	Patrick complained about those scared men.	Patrick complained about that scared men.	-72.5	-72.5	-10.375	-10.375	False	False	morphology	determiner_noun_agreement	Write a natural, coherent English sentence.
792	1	Jacqueline should stun these determined alumni.	Jacqueline should stun this determined alumni.	-124.5	-124.5	-10.375	-10.375	False	False	morphology	determiner_noun_agreement	Write a natural, coherent English sentence.
793	1	All apples worry this serious man.	All apples worry these serious man.	-83.0	-83.0	-10.375	-10.375	False	False	morphology	determiner_noun_agreement	Write a natural, coherent English sentence.
794	1	The drawing isn't scaring that old child.	The drawing isn't scaring those old child.	-114.0	-114.0	-10.375	-10.375	False	False	morphology	determiner_noun_agreement	Write a natural, coherent English sentence.
795	1	Veronica questioned this uncertain woman.	Veronica questioned these uncertain woman.	-83.0	-83.0	-10.375	-10.375	False	False	morphology	determiner_noun_agreement	Write a natural, coherent English sentence.
796	1	Vanessa hadn't known this determined alumnus.	Vanessa hadn't known these determined alumnus.	-124.5	-124.5	-10.375	-10.375	False	False	morphology	determiner_noun_agreement	Write a natural, coherent English sentence.
797	1	Cynthia hadn't kissed this unemployed man.	Cynthia hadn't kissed these unemployed man.	-135.0	-135.0	-10.375	-10.375	False	False	morphology	determiner_noun_agreement	Write a natural, coherent English sentence.
798	1	These companies irritate that exposed woman.	These companies irritate those exposed woman.	-83.0	-83.0	-10.375	-10.375	False	False	morphology	determiner_noun_agreement	Write a natural, coherent English sentence.
799	1	This dancer wasn't biking to this orange oasis.	This dancer wasn't biking to these orange oasis.	-145.0	-145.0	-10.375	-10.375	False	False	morphology	determiner_noun_agreement	Write a natural, coherent English sentence.
800	1	Those legislatures could disturb this upset alumnus.	Those legislatures could disturb these upset alumnus.	-114.0	-114.0	-10.375	-10.375	False	False	morphology	determiner_noun_agreement	Write a natural, coherent English sentence.
801	1	Some adult hasn't hidden these ill men.	Some adult hasn't hidden this ill men.	-104.0	-104.0	-10.375	-10.375	False	False	morphology	determiner_noun_agreement	Write a natural, coherent English sentence.
802	1	A cashier should insult these hidden children.	A cashier should insult this hidden children.	-93.5	-93.5	-10.375	-10.375	False	False	morphology	determiner_noun_agreement	Write a natural, coherent English sentence.
803	1	Danielle could annoy that confident man.	Danielle could annoy those confident man.	-83.0	-83.0	-10.375	-10.375	False	False	morphology	determiner_noun_agreement	Write a natural, coherent English sentence.
804	1	These teachers lift this exposed goose.	These teachers lift these exposed goose.	-83.0	-83.0	-10.375	-10.375	False	False	morphology	determiner_noun_agreement	Write a natural, coherent English sentence.
805	1	Christina drove to that exposed oasis.	Christina drove to those exposed oasis.	-93.5	-93.5	-10.375	-10.375	False	False	morphology	determiner_noun_agreement	Write a natural, coherent English sentence.
806	1	Jesus hadn't sounded like these hidden people.	Jesus hadn't sounded like this hidden people.	-104.0	-104.0	-10.375	-10.375	False	False	morphology	determiner_noun_agreement	Write a natural, coherent English sentence.
807	1	Many mushrooms irritate that upset man.	Many mushrooms irritate those upset man.	-93.5	-93.5	-10.375	-10.375	False	False	morphology	determiner_noun_agreement	Write a natural, coherent English sentence.
808	1	Some committee bought those white lice.	Some committee bought that white lice.	-83.0	-83.0	-10.375	-10.375	False	False	morphology	determiner_noun_agreement	Write a natural, coherent English sentence.
809	1	Daniel hasn't known this determined man.	Daniel hasn't known these determined man.	-93.5	-93.5	-10.375	-10.375	False	False	morphology	determiner_noun_agreement	Write a natural, coherent English sentence.
810	1	Art hadn't scared these serious alumni.	Art hadn't scared this serious alumni.	-114.0	-114.0	-10.375	-10.375	False	False	morphology	determiner_noun_agreement	Write a natural, coherent English sentence.
811	1	Alice fires this unconvinced child.	Alice fires these unconvinced child.	-93.5	-93.5	-10.375	-10.375	False	False	morphology	determiner_noun_agreement	Write a natural, coherent English sentence.
812	1	Melanie hid that exposed tooth.	Melanie hid those exposed tooth.	-72.5	-72.5	-10.375	-10.375	False	False	morphology	determiner_noun_agreement	Write a natural, coherent English sentence.
813	1	Most hamsters find that red tooth.	Most hamsters find those red tooth.	-83.0	-83.0	-10.375	-10.375	False	False	morphology	determiner_noun_agreement	Write a natural, coherent English sentence.
814	1	Those children explore those small oases.	Those children explore that small oases.	-83.0	-83.0	-10.375	-10.375	False	False	morphology	determiner_noun_agreement	Write a natural, coherent English sentence.
815	1	Most museums listen to this troubled man.	Most museums listen to these troubled man.	-104.0	-104.0	-10.375	-10.375	False	False	morphology	determiner_noun_agreement	Write a natural, coherent English sentence.
816	1	Patrick embarrassed this unemployed person.	Patrick embarrassed these unemployed person.	-72.5	-72.5	-10.375	-10.375	False	False	morphology	determiner_noun_agreement	Write a natural, coherent English sentence.
817	1	A lot of icicles had alarmed that hidden woman.	A lot of icicles had alarmed those hidden woman.	-124.5	-124.5	-10.375	-10.375	False	False	morphology	determiner_noun_agreement	Write a natural, coherent English sentence.
818	1	Matt hadn't impressed this exposed child.	Matt hadn't impressed these exposed child.	-93.5	-93.5	-10.375	-10.375	False	False	morphology	determiner_noun_agreement	Write a natural, coherent English sentence.
819	1	Eric might see those new feet.	Eric might see that new feet.	-72.5	-72.5	-10.375	-10.375	False	False	morphology	determiner_noun_agreement	Write a natural, coherent English sentence.
820	1	Some turtle can confuse this old alumnus.	Some turtle can confuse these old alumnus.	-135.0	-135.0	-10.375	-10.375	False	False	morphology	determiner_noun_agreement	Write a natural, coherent English sentence.
821	1	Most guests explore these smooth oases.	Most guests explore this smooth oases.	-83.0	-83.0	-10.375	-10.375	False	False	morphology	determiner_noun_agreement	Write a natural, coherent English sentence.
822	1	Brian has praised that happy alumnus.	Brian has praised those happy alumnus.	-93.5	-93.5	-10.375	-10.375	False	False	morphology	determiner_noun_agreement	Write a natural, coherent English sentence.
823	1	Karen sees these ill lice.	Karen sees this ill lice.	-72.5	-72.5	-10.375	-10.375	False	False	morphology	determiner_noun_agreement	Write a natural, coherent English sentence.
824	1	Alicia doesn't observe this confident alumnus.	Alicia doesn't observe these confident alumnus.	-135.0	-135.0	-10.375	-10.375	False	False	morphology	determiner_noun_agreement	Write a natural, coherent English sentence.
825	1	That horse does find this lost octopus.	That horse does find these lost octopus.	-104.0	-104.0	-10.375	-10.375	False	False	morphology	determiner_noun_agreement	Write a natural, coherent English sentence.
826	1	Those customers haven't annoyed those delighted children.	Those customers haven't annoyed that delighted children.	-114.0	-114.0	-10.375	-10.375	False	False	morphology	determiner_noun_agreement	Write a natural, coherent English sentence.
827	1	The Great Lakes confused these hidden women.	The Great Lakes confused this hidden women.	-93.5	-93.5	-10.375	-10.375	False	False	morphology	determiner_noun_agreement	Write a natural, coherent English sentence.
828	1	Russell watches these unsure women.	Russell watches this unsure women.	-72.5	-72.5	-10.375	-10.375	False	False	morphology	determiner_noun_agreement	Write a natural, coherent English sentence.
829	1	Jacqueline has concealed these long synopses.	Jacqueline has concealed this long synopses.	-124.5	-124.5	-10.375	-10.375	False	False	morphology	determiner_noun_agreement	Write a natural, coherent English sentence.
830	1	Carrie isn't hiring this small woman.	Carrie isn't hiring these small woman.	-104.0	-104.0	-10.375	-10.375	False	False	morphology	determiner_noun_agreement	Write a natural, coherent English sentence.
831	1	Charles doesn't admire these big mice.	Charles doesn't admire this big mice.	-114.0	-114.0	-10.375	-10.375	False	False	morphology	determiner_noun_agreement	Write a natural, coherent English sentence.
832	1	The Impressionists might think about that white thesis.	The Impressionists might think about those white thesis.	-114.0	-114.0	-10.375	-10.375	False	False	morphology	determiner_noun_agreement	Write a natural, coherent English sentence.
833	1	Most men question those bad people.	Most men question that bad people.	-72.5	-72.5	-10.375	-10.375	False	False	morphology	determiner_noun_agreement	Write a natural, coherent English sentence.
834	1	Lissa hasn't left this upset woman.	Lissa hasn't left these upset woman.	-104.0	-104.0	-10.375	-10.375	False	False	morphology	determiner_noun_agreement	Write a natural, coherent English sentence.
835	1	Janice won't fire that determined child.	Janice won't fire those determined child.	-104.0	-104.0	-10.375	-10.375	False	False	morphology	determiner_noun_agreement	Write a natural, coherent English sentence.
836	1	This company criticized this lucky man.	This company criticized these lucky man.	-83.0	-83.0	-10.375	-10.375	False	False	morphology	determiner_noun_agreement	Write a natural, coherent English sentence.
837	1	The banks hurt that excited woman.	The banks hurt those excited woman.	-72.5	-72.5	-10.375	-10.375	False	False	morphology	determiner_noun_agreement	Write a natural, coherent English sentence.
838	1	Peter wasn't walking through those red oases.	Peter wasn't walking through that red oases.	-114.0	-114.0	-10.375	-10.375	False	False	morphology	determiner_noun_agreement	Write a natural, coherent English sentence.
839	1	Rebecca wasn't referencing this long synopsis.	Rebecca wasn't referencing these long synopsis.	-114.0	-114.0	-10.375	-10.375	False	False	morphology	determiner_noun_agreement	Write a natural, coherent English sentence.
840	1	Naomi notices this smooth octopus.	Naomi notices these smooth octopus.	-104.0	-104.0	-10.375	-10.375	False	False	morphology	determiner_noun_agreement	Write a natural, coherent English sentence.
841	1	Patrick conceals this hard stimulus.	Patrick conceals these hard stimulus.	-83.0	-83.0	-10.375	-10.375	False	False	morphology	determiner_noun_agreement	Write a natural, coherent English sentence.
842	1	Candice shouldn't bring those smooth feet.	Candice shouldn't bring that smooth feet.	-104.0	-104.0	-10.375	-10.375	False	False	morphology	determiner_noun_agreement	Write a natural, coherent English sentence.
843	1	All books sound like those content women.	All books sound like that content women.	-83.0	-83.0	-10.375	-10.375	False	False	morphology	determiner_noun_agreement	Write a natural, coherent English sentence.
844	1	Bethany hasn't arrived at this white oasis.	Bethany hasn't arrived at these white oasis.	-124.5	-124.5	-10.375	-10.375	False	False	morphology	determiner_noun_agreement	Write a natural, coherent English sentence.
845	1	Steve reveals these unemployed alumni.	Steve reveals this unemployed alumni.	-93.5	-93.5	-10.375	-10.375	False	False	morphology	determiner_noun_agreement	Write a natural, coherent English sentence.
846	1	Sonia was upsetting that ill woman.	Sonia was upsetting those ill woman.	-93.5	-93.5	-10.375	-10.375	False	False	morphology	determiner_noun_agreement	Write a natural, coherent English sentence.
847	1	Keith wasn't boring these delighted men.	Keith wasn't boring this delighted men.	-93.5	-93.5	-10.375	-10.375	False	False	morphology	determiner_noun_agreement	Write a natural, coherent English sentence.
848	1	The Borgias admire these hard mice.	The Borgias admire this hard mice.	-114.0	-114.0	-10.375	-10.375	False	False	morphology	determiner_noun_agreement	Write a natural, coherent English sentence.
849	1	These drivers had forgotten this good analysis.	These drivers had forgotten these good analysis.	-83.0	-83.0	-10.375	-10.375	False	False	morphology	determiner_noun_agreement	Write a natural, coherent English sentence.
850	1	Helen skates around this blue oasis.	Helen skates around these blue oasis.	-93.5	-93.5	-10.375	-10.375	False	False	morphology	determiner_noun_agreement	Write a natural, coherent English sentence.
851	1	Galileo found that smooth stimulus.	Galileo found those smooth stimulus.	-93.5	-93.5	-10.375	-10.375	False	False	morphology	determiner_noun_agreement	Write a natural, coherent English sentence.
852	1	Kimberley isn't curing these small octopi.	Kimberley isn't curing this small octopi.	-145.0	-145.0	-10.375	-10.375	False	False	morphology	determiner_noun_agreement	Write a natural, coherent English sentence.
853	1	Debra didn't conceal these popular men.	Debra didn't conceal this popular men.	-114.0	-114.0	-10.375	-10.375	False	False	morphology	determiner_noun_agreement	Write a natural, coherent English sentence.
854	1	A lot of doctors hug these scared children.	A lot of doctors hug this scared children.	-93.5	-93.5	-10.375	-10.375	False	False	morphology	determiner_noun_agreement	Write a natural, coherent English sentence.
855	1	Those pedestrians weren't fleeing from these concealed men.	Those pedestrians weren't fleeing from this concealed men.	-156.0	-156.0	-10.375	-10.375	False	False	morphology	determiner_noun_agreement	Write a natural, coherent English sentence.
856	1	Those children find that exposed thesis.	Those children find those exposed thesis.	-72.5	-72.5	-10.375	-10.375	False	False	morphology	determiner_noun_agreement	Write a natural, coherent English sentence.
857	1	Debra admires these blue octopi.	Debra admires this blue octopi.	-104.0	-104.0	-10.375	-10.375	False	False	morphology	determiner_noun_agreement	Write a natural, coherent English sentence.
858	1	Bruce wasn't approaching that clever alumnus.	Bruce wasn't approaching those clever alumnus.	-114.0	-114.0	-10.375	-10.375	False	False	morphology	determiner_noun_agreement	Write a natural, coherent English sentence.
859	1	Lawrence isn't questioning that nice woman.	Lawrence isn't questioning those nice woman.	-93.5	-93.5	-10.375	-10.375	False	False	morphology	determiner_noun_agreement	Write a natural, coherent English sentence.
860	1	Some waitresses have this big octopus.	Some waitresses have these big octopus.	-114.0	-114.0	-10.375	-10.375	False	False	morphology	determiner_noun_agreement	Write a natural, coherent English sentence.
861	1	Carolyn had embarrassed that busy alumnus.	Carolyn had embarrassed those busy alumnus.	-104.0	-104.0	-10.375	-10.375	False	False	morphology	determiner_noun_agreement	Write a natural, coherent English sentence.
862	1	Jeffrey aggravated that smart man.	Jeffrey aggravated those smart man.	-93.5	-93.5	-10.375	-10.375	False	False	morphology	determiner_noun_agreement	Write a natural, coherent English sentence.
863	1	Guy messed up this yellow foot.	Guy messed up these yellow foot.	-83.0	-83.0	-10.375	-10.375	False	False	morphology	determiner_noun_agreement	Write a natural, coherent English sentence.
864	1	Every book is embarrassing this small woman.	Every book is embarrassing these small woman.	-93.5	-93.5	-10.375	-10.375	False	False	morphology	determiner_noun_agreement	Write a natural, coherent English sentence.
865	1	These associations were talking about these scared women.	These associations were talking about this scared women.	-93.5	-93.5	-10.375	-10.375	False	False	morphology	determiner_noun_agreement	Write a natural, coherent English sentence.
866	1	Todd disturbs this upset child.	Todd disturbs these upset child.	-83.0	-83.0	-10.375	-10.375	False	False	morphology	determiner_noun_agreement	Write a natural, coherent English sentence.
867	1	That window alarms these exposed women.	That window alarms this exposed women.	-83.0	-83.0	-10.375	-10.375	False	False	morphology	determiner_noun_agreement	Write a natural, coherent English sentence.
868	1	A window upsets these upset men.	A window upsets this upset men.	-83.0	-83.0	-10.375	-10.375	False	False	morphology	determiner_noun_agreement	Write a natural, coherent English sentence.
869	1	Monet is fixing that brown foot.	Monet is fixing those brown foot.	-83.0	-83.0	-10.375	-10.375	False	False	morphology	determiner_noun_agreement	Write a natural, coherent English sentence.
870	1	Adam left these big alumni.	Adam left this big alumni.	-83.0	-83.0	-10.375	-10.375	False	False	morphology	determiner_noun_agreement	Write a natural, coherent English sentence.
871	1	Stacy can exit that big oasis.	Stacy can exit those big oasis.	-93.5	-93.5	-10.375	-10.375	False	False	morphology	determiner_noun_agreement	Write a natural, coherent English sentence.
872	1	Roger was returning to those happy alumni.	Roger was returning to that happy alumni.	-104.0	-104.0	-10.375	-10.375	False	False	morphology	determiner_noun_agreement	Write a natural, coherent English sentence.
873	1	Dana isn't investigating this ill woman.	Dana isn't investigating these ill woman.	-114.0	-114.0	-10.375	-10.375	False	False	morphology	determiner_noun_agreement	Write a natural, coherent English sentence.
874	1	Tammy has those yellow axes.	Tammy has that yellow axes.	-83.0	-83.0	-10.375	-10.375	False	False	morphology	determiner_noun_agreement	Write a natural, coherent English sentence.
875	1	Marla leaves those employed children.	Marla leaves that employed children.	-72.5	-72.5	-10.375	-10.375	False	False	morphology	determiner_noun_agreement	Write a natural, coherent English sentence.
876	1	Sarah referenced that ill child.	Sarah referenced those ill child.	-72.5	-72.5	-10.375	-10.375	False	False	morphology	determiner_noun_agreement	Write a natural, coherent English sentence.
877	1	Edward complained about this serious child.	Edward complained about these serious child.	-72.5	-72.5	-10.375	-10.375	False	False	morphology	determiner_noun_agreement	Write a natural, coherent English sentence.
878	1	Carolyn healed those bad women.	Carolyn healed that bad women.	-83.0	-83.0	-10.375	-10.375	False	False	morphology	determiner_noun_agreement	Write a natural, coherent English sentence.
879	1	The waitresses fired those upset alumni.	The waitresses fired that upset alumni.	-114.0	-114.0	-10.375	-10.375	False	False	morphology	determiner_noun_agreement	Write a natural, coherent English sentence.
880	1	Every driver dropped by that old oasis.	Every driver dropped by those old oasis.	-93.5	-93.5	-10.375	-10.375	False	False	morphology	determiner_noun_agreement	Write a natural, coherent English sentence.
881	1	William hadn't hugged these hopeful alumni.	William hadn't hugged this hopeful alumni.	-135.0	-135.0	-10.375	-10.375	False	False	morphology	determiner_noun_agreement	Write a natural, coherent English sentence.
882	1	The Lutherans had messed up those lost feet.	The Lutherans had messed up that lost feet.	-114.0	-114.0	-10.375	-10.375	False	False	morphology	determiner_noun_agreement	Write a natural, coherent English sentence.
883	1	Florence hasn't confused those standing men.	Florence hasn't confused that standing men.	-93.5	-93.5	-10.375	-10.375	False	False	morphology	determiner_noun_agreement	Write a natural, coherent English sentence.
884	1	Some convertible upset this upset woman.	Some convertible upset these upset woman.	-83.0	-83.0	-10.375	-10.375	False	False	morphology	determiner_noun_agreement	Write a natural, coherent English sentence.
885	1	Rebecca saw this hidden foot.	Rebecca saw these hidden foot.	-62.25	-62.25	-10.375	-10.375	False	False	morphology	determiner_noun_agreement	Write a natural, coherent English sentence.
886	1	Derek returned to these content men.	Derek returned to this content men.	-83.0	-83.0	-10.375	-10.375	False	False	morphology	determiner_noun_agreement	Write a natural, coherent English sentence.
887	1	Those teachers love those hidden women.	Those teachers love that hidden women.	-72.5	-72.5	-10.375	-10.375	False	False	morphology	determiner_noun_agreement	Write a natural, coherent English sentence.
888	1	Jennifer worried those ill men.	Jennifer worried that ill men.	-62.25	-62.25	-10.375	-10.375	False	False	morphology	determiner_noun_agreement	Write a natural, coherent English sentence.
889	1	A chair was stunning this big man.	A chair was stunning these big man.	-83.0	-83.0	-10.375	-10.375	False	False	morphology	determiner_noun_agreement	Write a natural, coherent English sentence.
890	1	Paintings looked like that gray thesis.	Paintings looked like those gray thesis.	-93.5	-93.5	-10.375	-10.375	False	False	morphology	determiner_noun_agreement	Write a natural, coherent English sentence.
891	1	Karla toured this rough oasis.	Karla toured these rough oasis.	-93.5	-93.5	-10.375	-10.375	False	False	morphology	determiner_noun_agreement	Write a natural, coherent English sentence.
892	1	Walter couldn't boycott those hidden oases.	Walter couldn't boycott that hidden oases.	-114.0	-114.0	-10.375	-10.375	False	False	morphology	determiner_noun_agreement	Write a natural, coherent English sentence.
893	1	Donald has worried this smart man.	Donald has worried these smart man.	-72.5	-72.5	-10.375	-10.375	False	False	morphology	determiner_noun_agreement	Write a natural, coherent English sentence.
894	1	Catherine has boycotted those gray oases.	Catherine has boycotted that gray oases.	-104.0	-104.0	-10.375	-10.375	False	False	morphology	determiner_noun_agreement	Write a natural, coherent English sentence.
895	1	Nicole toured those yellow oases.	Nicole toured that yellow oases.	-83.0	-83.0	-10.375	-10.375	False	False	morphology	determiner_noun_agreement	Write a natural, coherent English sentence.
896	1	Barbara praises that young woman.	Barbara praises those young woman.	-72.5	-72.5	-10.375	-10.375	False	False	morphology	determiner_noun_agreement	Write a natural, coherent English sentence.
897	1	The apple aggravates those hopeful children.	The apple aggravates that hopeful children.	-104.0	-104.0	-10.375	-10.375	False	False	morphology	determiner_noun_agreement	Write a natural, coherent English sentence.
898	1	All photographs could look like this big fungus.	All photographs could look like these big fungus.	-114.0	-114.0	-10.375	-10.375	False	False	morphology	determiner_noun_agreement	Write a natural, coherent English sentence.
899	1	Guys should talk about that good synopsis.	Guys should talk about those good synopsis.	-104.0	-104.0	-10.375	-10.375	False	False	morphology	determiner_noun_agreement	Write a natural, coherent English sentence.
900	1	Tracy discovered this concealed alumnus.	Tracy discovered these concealed alumnus.	-104.0	-104.0	-10.375	-10.375	False	False	morphology	determiner_noun_agreement	Write a natural, coherent English sentence.
901	1	All actresses are helping this troubled man.	All actresses are helping these troubled man.	-104.0	-104.0	-10.375	-10.375	False	False	morphology	determiner_noun_agreement	Write a natural, coherent English sentence.
902	1	Douglas isn't revealing this dirty foot.	Douglas isn't revealing these dirty foot.	-93.5	-93.5	-10.375	-10.375	False	False	morphology	determiner_noun_agreement	Write a natural, coherent English sentence.
903	1	Most senators confuse that standing child.	Most senators confuse those standing child.	-93.5	-93.5	-10.375	-10.375	False	False	morphology	determiner_noun_agreement	Write a natural, coherent English sentence.
904	1	Those doctors embarrass that upset woman.	Those doctors embarrass those upset woman.	-72.5	-72.5	-10.375	-10.375	False	False	morphology	determiner_noun_agreement	Write a natural, coherent English sentence.
905	1	A lot of customers were healing those sick men.	A lot of customers were healing that sick men.	-104.0	-104.0	-10.375	-10.375	False	False	morphology	determiner_noun_agreement	Write a natural, coherent English sentence.
906	1	Sabrina does conceal these old alumni.	Sabrina does conceal this old alumni.	-124.5	-124.5	-10.375	-10.375	False	False	morphology	determiner_noun_agreement	Write a natural, coherent English sentence.
907	1	Many girls can't observe those young alumni.	Many girls can't observe that young alumni.	-124.5	-124.5	-10.375	-10.375	False	False	morphology	determiner_noun_agreement	Write a natural, coherent English sentence.
908	1	The actresses hire that lucky man.	The actresses hire those lucky man.	-83.0	-83.0	-10.375	-10.375	False	False	morphology	determiner_noun_agreement	Write a natural, coherent English sentence.
909	1	Andrea is firing that scared child.	Andrea is firing those scared child.	-72.5	-72.5	-10.375	-10.375	False	False	morphology	determiner_noun_agreement	Write a natural, coherent English sentence.
910	1	That dancer scanned that bad synopsis.	That dancer scanned those bad synopsis.	-104.0	-104.0	-10.375	-10.375	False	False	morphology	determiner_noun_agreement	Write a natural, coherent English sentence.
911	1	Daniel breaks these dirty teeth.	Daniel breaks this dirty teeth.	-62.25	-62.25	-10.375	-10.375	False	False	morphology	determiner_noun_agreement	Write a natural, coherent English sentence.
912	1	Students had messed up those purple teeth.	Students had messed up that purple teeth.	-93.5	-93.5	-10.375	-10.375	False	False	morphology	determiner_noun_agreement	Write a natural, coherent English sentence.
913	1	Becky boycotted those old oases.	Becky boycotted that old oases.	-104.0	-104.0	-10.375	-10.375	False	False	morphology	determiner_noun_agreement	Write a natural, coherent English sentence.
914	1	Florence talks to those good women.	Florence talks to that good women.	-72.5	-72.5	-10.375	-10.375	False	False	morphology	determiner_noun_agreement	Write a natural, coherent English sentence.
915	1	Carmen won't break this big foot.	Carmen won't break these big foot.	-104.0	-104.0	-10.375	-10.375	False	False	morphology	determiner_noun_agreement	Write a natural, coherent English sentence.
916	1	Stephen fired those employed men.	Stephen fired that employed men.	-62.25	-62.25	-10.375	-10.375	False	False	morphology	determiner_noun_agreement	Write a natural, coherent English sentence.
917	1	Many governments confuse this sick woman.	Many governments confuse these sick woman.	-83.0	-83.0	-10.375	-10.375	False	False	morphology	determiner_noun_agreement	Write a natural, coherent English sentence.
918	1	Heidi healed this troubled child.	Heidi healed these troubled child.	-93.5	-93.5	-10.375	-10.375	False	False	morphology	determiner_noun_agreement	Write a natural, coherent English sentence.
919	1	Daniel questions these employed alumni.	Daniel questions this employed alumni.	-83.0	-83.0	-10.375	-10.375	False	False	morphology	determiner_noun_agreement	Write a natural, coherent English sentence.
920	1	People admire these yellow oxen.	People admire this yellow oxen.	-83.0	-83.0	-10.375	-10.375	False	False	morphology	determiner_noun_agreement	Write a natural, coherent English sentence.
921	1	Those adults embarrasses this displeased woman.	Those adults embarrasses these displeased woman.	-104.0	-104.0	-10.375	-10.375	False	False	morphology	determiner_noun_agreement	Write a natural, coherent English sentence.
922	1	Winston Churchill notices these big nuclei.	Winston Churchill notices this big nuclei.	-114.0	-114.0	-10.375	-10.375	False	False	morphology	determiner_noun_agreement	Write a natural, coherent English sentence.
923	1	All women hide those concealed nuclei.	All women hide that concealed nuclei.	-93.5	-93.5	-10.375	-10.375	False	False	morphology	determiner_noun_agreement	Write a natural, coherent English sentence.
924	1	Charles was escaping from those lucky men.	Charles was escaping from that lucky men.	-93.5	-93.5	-10.375	-10.375	False	False	morphology	determiner_noun_agreement	Write a natural, coherent English sentence.
925	1	Paul doesn't insult this happy woman.	Paul doesn't insult these happy woman.	-93.5	-93.5	-10.375	-10.375	False	False	morphology	determiner_noun_agreement	Write a natural, coherent English sentence.
926	1	Galileo isn't scanning this brown thesis.	Galileo isn't scanning these brown thesis.	-124.5	-124.5	-10.375	-10.375	False	False	morphology	determiner_noun_agreement	Write a natural, coherent English sentence.
927	1	The newspaper article doesn't annoy that exposed man.	The newspaper article doesn't annoy those exposed man.	-114.0	-114.0	-10.375	-10.375	False	False	morphology	determiner_noun_agreement	Write a natural, coherent English sentence.
928	1	Carmen noticed these gray cacti.	Carmen noticed this gray cacti.	-93.5	-93.5	-10.375	-10.375	False	False	morphology	determiner_noun_agreement	Write a natural, coherent English sentence.
929	1	Teresa approaches this upset man.	Teresa approaches these upset man.	-72.5	-72.5	-10.375	-10.375	False	False	morphology	determiner_noun_agreement	Write a natural, coherent English sentence.
930	1	April was revealing this hidden woman.	April was revealing these hidden woman.	-72.5	-72.5	-10.375	-10.375	False	False	morphology	determiner_noun_agreement	Write a natural, coherent English sentence.
931	1	Michael has loved these scared men.	Michael has loved this scared men.	-72.5	-72.5	-10.375	-10.375	False	False	morphology	determiner_noun_agreement	Write a natural, coherent English sentence.
932	1	Joseph hadn't bought those hard lice.	Joseph hadn't bought that hard lice.	-104.0	-104.0	-10.375	-10.375	False	False	morphology	determiner_noun_agreement	Write a natural, coherent English sentence.
933	1	Larry did drive to this out in the open oasis.	Larry did drive to these out in the open oasis.	-124.5	-124.5	-10.375	-10.375	False	False	morphology	determiner_noun_agreement	Write a natural, coherent English sentence.
934	1	Lisa hasn't driven to that new oasis.	Lisa hasn't driven to those new oasis.	-114.0	-114.0	-10.375	-10.375	False	False	morphology	determiner_noun_agreement	Write a natural, coherent English sentence.
935	1	Steve scanned this good synopsis.	Steve scanned these good synopsis.	-83.0	-83.0	-10.375	-10.375	False	False	morphology	determiner_noun_agreement	Write a natural, coherent English sentence.
936	1	The Lutherans care for those hopeful men.	The Lutherans care for that hopeful men.	-104.0	-104.0	-10.375	-10.375	False	False	morphology	determiner_noun_agreement	Write a natural, coherent English sentence.
937	1	Christine bikes to these orange oases.	Christine bikes to this orange oases.	-104.0	-104.0	-10.375	-10.375	False	False	morphology	determiner_noun_agreement	Write a natural, coherent English sentence.
938	1	Most actors distracted this popular woman.	Most actors distracted these popular woman.	-83.0	-83.0	-10.375	-10.375	False	False	morphology	determiner_noun_agreement	Write a natural, coherent English sentence.
939	1	Emily should observe those displeased men.	Emily should observe that displeased men.	-93.5	-93.5	-10.375	-10.375	False	False	morphology	determiner_noun_agreement	Write a natural, coherent English sentence.
940	1	The drivers do sell this green thesis.	The drivers do sell these green thesis.	-83.0	-83.0	-10.375	-10.375	False	False	morphology	determiner_noun_agreement	Write a natural, coherent English sentence.
941	1	Most drivers love these unemployed men.	Most drivers love this unemployed men.	-83.0	-83.0	-10.375	-10.375	False	False	morphology	determiner_noun_agreement	Write a natural, coherent English sentence.
942	1	Those doctors care for this hopeful man.	Those doctors care for these hopeful man.	-93.5	-93.5	-10.375	-10.375	False	False	morphology	determiner_noun_agreement	Write a natural, coherent English sentence.
943	1	Brad kisses that displeased man.	Brad kisses those displeased man.	-93.5	-93.5	-10.375	-10.375	False	False	morphology	determiner_noun_agreement	Write a natural, coherent English sentence.
944	1	Danielle had argued about those troubled men.	Danielle had argued about that troubled men.	-104.0	-104.0	-10.375	-10.375	False	False	morphology	determiner_noun_agreement	Write a natural, coherent English sentence.
945	1	An actor is disgusting those unsure men.	An actor is disgusting that unsure men.	-104.0	-104.0	-10.375	-10.375	False	False	morphology	determiner_noun_agreement	Write a natural, coherent English sentence.
946	1	Galileo didn't hurt those displeased children.	Galileo didn't hurt that displeased children.	-135.0	-135.0	-10.375	-10.375	False	False	morphology	determiner_noun_agreement	Write a natural, coherent English sentence.
947	1	Omar messed up these small teeth.	Omar messed up this small teeth.	-93.5	-93.5	-10.375	-10.375	False	False	morphology	determiner_noun_agreement	Write a natural, coherent English sentence.
948	1	Carmen will watch this smart person.	Carmen will watch these smart person.	-83.0	-83.0	-10.375	-10.375	False	False	morphology	determiner_noun_agreement	Write a natural, coherent English sentence.
949	1	Jeffrey hid that unlucky child.	Jeffrey hid those unlucky child.	-93.5	-93.5	-10.375	-10.375	False	False	morphology	determiner_noun_agreement	Write a natural, coherent English sentence.
950	1	Every plane bothers this upset child.	Every plane bothers these upset child.	-83.0	-83.0	-10.375	-10.375	False	False	morphology	determiner_noun_agreement	Write a natural, coherent English sentence.
951	1	A lot of hospitals have those blue teeth.	A lot of hospitals have that blue teeth.	-93.5	-93.5	-10.375	-10.375	False	False	morphology	determiner_noun_agreement	Write a natural, coherent English sentence.
952	1	Nancy wasn't disturbing that clever man.	Nancy wasn't disturbing those clever man.	-104.0	-104.0	-10.375	-10.375	False	False	morphology	determiner_noun_agreement	Write a natural, coherent English sentence.
953	1	These ladies bought that white tooth.	These ladies bought those white tooth.	-72.5	-72.5	-10.375	-10.375	False	False	morphology	determiner_noun_agreement	Write a natural, coherent English sentence.
954	1	Every skirt annoys that confident person.	Every skirt annoys those confident person.	-93.5	-93.5	-10.375	-10.375	False	False	morphology	determiner_noun_agreement	Write a natural, coherent English sentence.
955	1	These actors weren't biking to these red oases.	These actors weren't biking to this red oases.	-135.0	-135.0	-10.375	-10.375	False	False	morphology	determiner_noun_agreement	Write a natural, coherent English sentence.
956	1	Carmen has described those confident people.	Carmen has described that confident people.	-83.0	-83.0	-10.375	-10.375	False	False	morphology	determiner_noun_agreement	Write a natural, coherent English sentence.
957	1	All legislatures criticize that brown oasis.	All legislatures criticize those brown oasis.	-104.0	-104.0	-10.375	-10.375	False	False	morphology	determiner_noun_agreement	Write a natural, coherent English sentence.
958	1	Paula works with that clever person.	Paula works with those clever person.	-83.0	-83.0	-10.375	-10.375	False	False	morphology	determiner_noun_agreement	Write a natural, coherent English sentence.
959	1	Benjamin respects those confident children.	Benjamin respects that confident children.	-72.5	-72.5	-10.375	-10.375	False	False	morphology	determiner_noun_agreement	Write a natural, coherent English sentence.
960	1	Mitchell attacked these unsure alumni.	Mitchell attacked this unsure alumni.	-93.5	-93.5	-10.375	-10.375	False	False	morphology	determiner_noun_agreement	Write a natural, coherent English sentence.
961	1	The Lutherans hadn't cleaned these broken teeth.	The Lutherans hadn't cleaned this broken teeth.	-114.0	-114.0	-10.375	-10.375	False	False	morphology	determiner_noun_agreement	Write a natural, coherent English sentence.
962	1	A lot of children observe that young child.	A lot of children observe those young child.	-93.5	-93.5	-10.375	-10.375	False	False	morphology	determiner_noun_agreement	Write a natural, coherent English sentence.
963	1	Gary hadn't sounded like this out in the open oasis.	Gary hadn't sounded like these out in the open oasis.	-145.0	-145.0	-10.375	-10.375	False	False	morphology	determiner_noun_agreement	Write a natural, coherent English sentence.
964	1	That fish annoyed this serious alumnus.	That fish annoyed these serious alumnus.	-104.0	-104.0	-10.375	-10.375	False	False	morphology	determiner_noun_agreement	Write a natural, coherent English sentence.
965	1	Spotlights worry those standing people.	Spotlights worry that standing people.	-72.5	-72.5	-10.375	-10.375	False	False	morphology	determiner_noun_agreement	Write a natural, coherent English sentence.
966	1	Rodney returned to these content alumni.	Rodney returned to this content alumni.	-104.0	-104.0	-10.375	-10.375	False	False	morphology	determiner_noun_agreement	Write a natural, coherent English sentence.
967	1	Bruce references this unemployed child.	Bruce references these unemployed child.	-72.5	-72.5	-10.375	-10.375	False	False	morphology	determiner_noun_agreement	Write a natural, coherent English sentence.
968	1	Many museums criticize this bad analysis.	Many museums criticize these bad analysis.	-93.5	-93.5	-10.375	-10.375	False	False	morphology	determiner_noun_agreement	Write a natural, coherent English sentence.
969	1	Danielle knows that concealed man.	Danielle knows those concealed man.	-83.0	-83.0	-10.375	-10.375	False	False	morphology	determiner_noun_agreement	Write a natural, coherent English sentence.
970	1	Katherine sells that smooth oasis.	Katherine sells those smooth oasis.	-93.5	-93.5	-10.375	-10.375	False	False	morphology	determiner_noun_agreement	Write a natural, coherent English sentence.
971	1	Meredith hadn't scared these clever people.	Meredith hadn't scared this clever people.	-114.0	-114.0	-10.375	-10.375	False	False	morphology	determiner_noun_agreement	Write a natural, coherent English sentence.
972	1	Walter biked to these gray oases.	Walter biked to this gray oases.	-104.0	-104.0	-10.375	-10.375	False	False	morphology	determiner_noun_agreement	Write a natural, coherent English sentence.
973	1	Phillip has investigated this unemployed man.	Phillip has investigated these unemployed man.	-93.5	-93.5	-10.375	-10.375	False	False	morphology	determiner_noun_agreement	Write a natural, coherent English sentence.
974	1	Alice knows that ill woman.	Alice knows those ill woman.	-62.25	-62.25	-10.375	-10.375	False	False	morphology	determiner_noun_agreement	Write a natural, coherent English sentence.
975	1	Daniel bothered that unemployed alumnus.	Daniel bothered those unemployed alumnus.	-93.5	-93.5	-10.375	-10.375	False	False	morphology	determiner_noun_agreement	Write a natural, coherent English sentence.
976	1	Some children notice this black thesis.	Some children notice these black thesis.	-72.5	-72.5	-10.375	-10.375	False	False	morphology	determiner_noun_agreement	Write a natural, coherent English sentence.
977	1	George has alarmed these unemployed children.	George has alarmed this unemployed children.	-93.5	-93.5	-10.375	-10.375	False	False	morphology	determiner_noun_agreement	Write a natural, coherent English sentence.
978	1	Sarah won't drive to this concealed oasis.	Sarah won't drive to these concealed oasis.	-124.5	-124.5	-10.375	-10.375	False	False	morphology	determiner_noun_agreement	Write a natural, coherent English sentence.
979	1	Grace arrived at those small oases.	Grace arrived at that small oases.	-83.0	-83.0	-10.375	-10.375	False	False	morphology	determiner_noun_agreement	Write a natural, coherent English sentence.
980	1	David kisses that lucky man.	David kisses those lucky man.	-72.5	-72.5	-10.375	-10.375	False	False	morphology	determiner_noun_agreement	Write a natural, coherent English sentence.
981	1	Laura isn't lifting this smooth axis.	Laura isn't lifting these smooth axis.	-93.5	-93.5	-10.375	-10.375	False	False	morphology	determiner_noun_agreement	Write a natural, coherent English sentence.
982	1	Mark embarrassed these confident children.	Mark embarrassed this confident children.	-62.25	-62.25	-10.375	-10.375	False	False	morphology	determiner_noun_agreement	Write a natural, coherent English sentence.
983	1	Patients bothers this employed man.	Patients bothers these employed man.	-83.0	-83.0	-10.375	-10.375	False	False	morphology	determiner_noun_agreement	Write a natural, coherent English sentence.
984	1	Christopher has criticized this bad synopsis.	Christopher has criticized these bad synopsis.	-93.5	-93.5	-10.375	-10.375	False	False	morphology	determiner_noun_agreement	Write a natural, coherent English sentence.
985	1	Todd hadn't gone to this cheap oasis.	Todd hadn't gone to these cheap oasis.	-114.0	-114.0	-10.375	-10.375	False	False	morphology	determiner_noun_agreement	Write a natural, coherent English sentence.
986	1	Becca does investigate this lucky alumnus.	Becca does investigate these lucky alumnus.	-104.0	-104.0	-10.375	-10.375	False	False	morphology	determiner_noun_agreement	Write a natural, coherent English sentence.
987	1	Sabrina visits those fast women.	Sabrina visits that fast women.	-83.0	-83.0	-10.375	-10.375	False	False	morphology	determiner_noun_agreement	Write a natural, coherent English sentence.
988	1	Janet knew those unconvinced children.	Janet knew that unconvinced children.	-104.0	-104.0	-10.375	-10.375	False	False	morphology	determiner_noun_agreement	Write a natural, coherent English sentence.
989	1	Christine hated this young man.	Christine hated these young man.	-72.5	-72.5	-10.375	-10.375	False	False	morphology	determiner_noun_agreement	Write a natural, coherent English sentence.
990	1	Chad hadn't complained about these big oases.	Chad hadn't complained about this big oases.	-124.5	-124.5	-10.375	-10.375	False	False	morphology	determiner_noun_agreement	Write a natural, coherent English sentence.
991	1	Many bikes stun that nice man.	Many bikes stun those nice man.	-93.5	-93.5	-10.375	-10.375	False	False	morphology	determiner_noun_agreement	Write a natural, coherent English sentence.
992	1	William hasn't investigated these fast men.	William hasn't investigated this fast men.	-93.5	-93.5	-10.375	-10.375	False	False	morphology	determiner_noun_agreement	Write a natural, coherent English sentence.
993	1	Kristin couldn't research these smooth oases.	Kristin couldn't research this smooth oases.	-114.0	-114.0	-10.375	-10.375	False	False	morphology	determiner_noun_agreement	Write a natural, coherent English sentence.
994	1	Travis arrives at these old oases.	Travis arrives at this old oases.	-93.5	-93.5	-10.375	-10.375	False	False	morphology	determiner_noun_agreement	Write a natural, coherent English sentence.
995	1	Many boys drive to this yellow oasis.	Many boys drive to these yellow oasis.	-93.5	-93.5	-10.375	-10.375	False	False	morphology	determiner_noun_agreement	Write a natural, coherent English sentence.
996	1	Danielle won't heal those unlucky people.	Danielle won't heal that unlucky people.	-124.5	-124.5	-10.375	-10.375	False	False	morphology	determiner_noun_agreement	Write a natural, coherent English sentence.
997	1	Sabrina wouldn't go to that new oasis.	Sabrina wouldn't go to those new oasis.	-135.0	-135.0	-10.375	-10.375	False	False	morphology	determiner_noun_agreement	Write a natural, coherent English sentence.
998	1	This movie theater annoys these lucky alumni.	This movie theater annoys this lucky alumni.	-124.5	-124.5	-10.375	-10.375	False	False	morphology	determiner_noun_agreement	Write a natural, coherent English sentence.
999	1	Stacy doesn't appreciate that out in the open woman.	Stacy doesn't appreciate those out in the open woman.	-135.0	-135.0	-10.375	-10.375	False	False	morphology	determiner_noun_agreement	Write a natural, coherent English sentence.
0	2	Alexander didn't walk through that new oasis.	Alexander didn't walk through those new oasis.	-114.0	-114.0	-10.375	-10.375	False	False	morphology	determiner_noun_agreement	Write a natural, coherent English sentence.
1	2	This hair irritates these old alumni.	This hair irritates this old alumni.	-104.0	-104.0	-10.375	-10.375	False	False	morphology	determiner_noun_agreement	Write a natural, coherent English sentence.
2	2	Winston Churchill was escaping from this serious person.	Winston Churchill was escaping from these serious person.	-124.5	-124.5	-10.375	-10.375	False	False	morphology	determiner_noun_agreement	Write a natural, coherent English sentence.
3	2	Anna walks through these purple oases.	Anna walks through this purple oases.	-83.0	-83.0	-10.375	-10.375	False	False	morphology	determiner_noun_agreement	Write a natural, coherent English sentence.
4	2	Alicia sounded like this good analysis.	Alicia sounded like these good analysis.	-93.5	-93.5	-10.375	-10.375	False	False	morphology	determiner_noun_agreement	Write a natural, coherent English sentence.
5	2	Jeffrey might complain about this gray thesis.	Jeffrey might complain about these gray thesis.	-93.5	-93.5	-10.375	-10.375	False	False	morphology	determiner_noun_agreement	Write a natural, coherent English sentence.
6	2	Meredith approaches these concealed women.	Meredith approaches this concealed women.	-93.5	-93.5	-10.375	-10.375	False	False	morphology	determiner_noun_agreement	Write a natural, coherent English sentence.
7	2	Julia questioned those small children.	Julia questioned that small children.	-62.25	-62.25	-10.375	-10.375	False	False	morphology	determiner_noun_agreement	Write a natural, coherent English sentence.
8	2	That adult has brought that purple octopus.	That adult has brought those purple octopus.	-104.0	-104.0	-10.375	-10.375	False	False	morphology	determiner_noun_agreement	Write a natural, coherent English sentence.
9	2	The people hug this displeased woman.	The people hug these displeased woman.	-93.5	-93.5	-10.375	-10.375	False	False	morphology	determiner_noun_agreement	Write a natural, coherent English sentence.
10	2	That beef did bore these displeased people.	That beef did bore this displeased people.	-104.0	-104.0	-10.375	-10.375	False	False	morphology	determiner_noun_agreement	Write a natural, coherent English sentence.
11	2	These libraries talk about these long synopses.	These libraries talk about this long synopses.	-104.0	-104.0	-10.375	-10.375	False	False	morphology	determiner_noun_agreement	Write a natural, coherent English sentence.
12	2	Lori wasn't hiring those delighted men.	Lori wasn't hiring that delighted men.	-104.0	-104.0	-10.375	-10.375	False	False	morphology	determiner_noun_agreement	Write a natural, coherent English sentence.
13	2	The teachers are running around this concealed oasis.	The teachers are running around these concealed oasis.	-114.0	-114.0	-10.375	-10.375	False	False	morphology	determiner_noun_agreement	Write a natural, coherent English sentence.
14	2	Those bananas embarrass these delighted people.	Those bananas embarrass this delighted people.	-83.0	-83.0	-10.375	-10.375	False	False	morphology	determiner_noun_agreement	Write a natural, coherent English sentence.
15	2	Mitchell brought those green oases.	Mitchell brought that green oases.	-72.5	-72.5	-10.375	-10.375	False	False	morphology	determiner_noun_agreement	Write a natural, coherent English sentence.
16	2	The actresses complain about this rough thesis.	The actresses complain about these rough thesis.	-93.5	-93.5	-10.375	-10.375	False	False	morphology	determiner_noun_agreement	Write a natural, coherent English sentence.
17	2	Russell investigates these fast women.	Russell investigates this fast women.	-72.5	-72.5	-10.375	-10.375	False	False	morphology	determiner_noun_agreement	Write a natural, coherent English sentence.
18	2	Irene praised those bad synopses.	Irene praised that bad synopses.	-93.5	-93.5	-10.375	-10.375	False	False	morphology	determiner_noun_agreement	Write a natural, coherent English sentence.
19	2	Denise did confuse that important woman.	Denise did confuse those important woman.	-93.5	-93.5	-10.375	-10.375	False	False	morphology	determiner_noun_agreement	Write a natural, coherent English sentence.
20	2	Some patients dislike those nice women.	Some patients dislike that nice women.	-83.0	-83.0	-10.375	-10.375	False	False	morphology	determiner_noun_agreement	Write a natural, coherent English sentence.
21	2	Amelia wasn't observing this hopeful man.	Amelia wasn't observing these hopeful man.	-124.5	-124.5	-10.375	-10.375	False	False	morphology	determiner_noun_agreement	Write a natural, coherent English sentence.
22	2	Grace is hugging these popular women.	Grace is hugging this popular women.	-83.0	-83.0	-10.375	-10.375	False	False	morphology	determiner_noun_agreement	Write a natural, coherent English sentence.
23	2	Julia might describe this long synopsis.	Julia might describe these long synopsis.	-83.0	-83.0	-10.375	-10.375	False	False	morphology	determiner_noun_agreement	Write a natural, coherent English sentence.
24	2	Many pedestrians do return to these happy men.	Many pedestrians do return to this happy men.	-114.0	-114.0	-10.375	-10.375	False	False	morphology	determiner_noun_agreement	Write a natural, coherent English sentence.
25	2	Laura noticed that determined man.	Laura noticed those determined man.	-62.25	-62.25	-10.375	-10.375	False	False	morphology	determiner_noun_agreement	Write a natural, coherent English sentence.
26	2	Julie would pass those red oases.	Julie would pass that red oases.	-83.0	-83.0	-10.375	-10.375	False	False	morphology	determiner_noun_agreement	Write a natural, coherent English sentence.
27	2	These doctors boast about this out in the open child.	These doctors boast about these out in the open child.	-124.5	-124.5	-10.375	-10.375	False	False	morphology	determiner_noun_agreement	Write a natural, coherent English sentence.
28	2	Stephen isn't revealing this brown nucleus.	Stephen isn't revealing these brown nucleus.	-104.0	-104.0	-10.375	-10.375	False	False	morphology	determiner_noun_agreement	Write a natural, coherent English sentence.
29	2	Travel stuns that sick child.	Travel stuns those sick child.	-72.5	-72.5	-10.375	-10.375	False	False	morphology	determiner_noun_agreement	Write a natural, coherent English sentence.
30	2	Amelia healed that unemployed woman.	Amelia healed those unemployed woman.	-93.5	-93.5	-10.375	-10.375	False	False	morphology	determiner_noun_agreement	Write a natural, coherent English sentence.
31	2	Noah attacks that ill child.	Noah attacks those ill child.	-62.25	-62.25	-10.375	-10.375	False	False	morphology	determiner_noun_agreement	Write a natural, coherent English sentence.
32	2	Randolf buys those gray fungi.	Randolf buys that gray fungi.	-93.5	-93.5	-10.375	-10.375	False	False	morphology	determiner_noun_agreement	Write a natural, coherent English sentence.
33	2	Some pedestrians disagreed with this big woman.	Some pedestrians disagreed with these big woman.	-114.0	-114.0	-10.375	-10.375	False	False	morphology	determiner_noun_agreement	Write a natural, coherent English sentence.
34	2	Adam might sound like these determined children.	Adam might sound like this determined children.	-83.0	-83.0	-10.375	-10.375	False	False	morphology	determiner_noun_agreement	Write a natural, coherent English sentence.
35	2	Bill has stunned this confident man.	Bill has stunned these confident man.	-83.0	-83.0	-10.375	-10.375	False	False	morphology	determiner_noun_agreement	Write a natural, coherent English sentence.
36	2	Rhonda should see these blue oases.	Rhonda should see this blue oases.	-93.5	-93.5	-10.375	-10.375	False	False	morphology	determiner_noun_agreement	Write a natural, coherent English sentence.
37	2	Stephen cares for that out in the open alumnus.	Stephen cares for those out in the open alumnus.	-124.5	-124.5	-10.375	-10.375	False	False	morphology	determiner_noun_agreement	Write a natural, coherent English sentence.
38	2	Cheryl has bought this green oasis.	Cheryl has bought these green oasis.	-93.5	-93.5	-10.375	-10.375	False	False	morphology	determiner_noun_agreement	Write a natural, coherent English sentence.
39	2	Every door annoyed this lucky child.	Every door annoyed these lucky child.	-83.0	-83.0	-10.375	-10.375	False	False	morphology	determiner_noun_agreement	Write a natural, coherent English sentence.
40	2	Gerald cures that unlucky child.	Gerald cures those unlucky child.	-104.0	-104.0	-10.375	-10.375	False	False	morphology	determiner_noun_agreement	Write a natural, coherent English sentence.
41	2	Eyes weren't worrying this troubled child.	Eyes weren't worrying these troubled child.	-114.0	-114.0	-10.375	-10.375	False	False	morphology	determiner_noun_agreement	Write a natural, coherent English sentence.
42	2	Michael isn't referencing this long synopsis.	Michael isn't referencing these long synopsis.	-114.0	-114.0	-10.375	-10.375	False	False	morphology	determiner_noun_agreement	Write a natural, coherent English sentence.
43	2	Robert insults this serious man.	Robert insults these serious man.	-72.5	-72.5	-10.375	-10.375	False	False	morphology	determiner_noun_agreement	Write a natural, coherent English sentence.
44	2	Waitresses describe that smart alumnus.	Waitresses describe those smart alumnus.	-104.0	-104.0	-10.375	-10.375	False	False	morphology	determiner_noun_agreement	Write a natural, coherent English sentence.
45	2	Dan doesn't respect this unemployed alumnus.	Dan doesn't respect these unemployed alumnus.	-124.5	-124.5	-10.375	-10.375	False	False	morphology	determiner_noun_agreement	Write a natural, coherent English sentence.
46	2	Eric has upset those scared people.	Eric has upset that scared people.	-72.5	-72.5	-10.375	-10.375	False	False	morphology	determiner_noun_agreement	Write a natural, coherent English sentence.
47	2	Sabrina was biking to this exposed oasis.	Sabrina was biking to these exposed oasis.	-124.5	-124.5	-10.375	-10.375	False	False	morphology	determiner_noun_agreement	Write a natural, coherent English sentence.
48	2	Edward can't think about these exposed mice.	Edward can't think about this exposed mice.	-114.0	-114.0	-10.375	-10.375	False	False	morphology	determiner_noun_agreement	Write a natural, coherent English sentence.
49	2	Phillip listened to this standing alumnus.	Phillip listened to these standing alumnus.	-104.0	-104.0	-10.375	-10.375	False	False	morphology	determiner_noun_agreement	Write a natural, coherent English sentence.
50	2	Those men skate around this small oasis.	Those men skate around these small oasis.	-104.0	-104.0	-10.375	-10.375	False	False	morphology	determiner_noun_agreement	Write a natural, coherent English sentence.
51	2	Rhonda could think about those content children.	Rhonda could think about that content children.	-93.5	-93.5	-10.375	-10.375	False	False	morphology	determiner_noun_agreement	Write a natural, coherent English sentence.
52	2	Melissa had remembered that unsure person.	Melissa had remembered those unsure person.	-93.5	-93.5	-10.375	-10.375	False	False	morphology	determiner_noun_agreement	Write a natural, coherent English sentence.
53	2	The students talk about this upset person.	The students talk about these upset person.	-83.0	-83.0	-10.375	-10.375	False	False	morphology	determiner_noun_agreement	Write a natural, coherent English sentence.
54	2	Leslie insults those upset alumni.	Leslie insults that upset alumni.	-104.0	-104.0	-10.375	-10.375	False	False	morphology	determiner_noun_agreement	Write a natural, coherent English sentence.
55	2	Hats distract this ill man.	Hats distract these ill man.	-72.5	-72.5	-10.375	-10.375	False	False	morphology	determiner_noun_agreement	Write a natural, coherent English sentence.
56	2	Dawn sounded like this determined child.	Dawn sounded like these determined child.	-83.0	-83.0	-10.375	-10.375	False	False	morphology	determiner_noun_agreement	Write a natural, coherent English sentence.
57	2	Carl had run around that brown oasis.	Carl had run around those brown oasis.	-93.5	-93.5	-10.375	-10.375	False	False	morphology	determiner_noun_agreement	Write a natural, coherent English sentence.
58	2	Anna criticizes these concealed children.	Anna criticizes this concealed children.	-83.0	-83.0	-10.375	-10.375	False	False	morphology	determiner_noun_agreement	Write a natural, coherent English sentence.
59	2	The waiter might criticize that unemployed man.	The waiter might criticize those unemployed man.	-114.0	-114.0	-10.375	-10.375	False	False	morphology	determiner_noun_agreement	Write a natural, coherent English sentence.
60	2	Tracy was investigating this troubled alumnus.	Tracy was investigating these troubled alumnus.	-124.5	-124.5	-10.375	-10.375	False	False	morphology	determiner_noun_agreement	Write a natural, coherent English sentence.
61	2	These newspaper articles astound this clever child.	These newspaper articles astound these clever child.	-93.5	-93.5	-10.375	-10.375	False	False	morphology	determiner_noun_agreement	Write a natural, coherent English sentence.
62	2	Dana hadn't attacked this small man.	Dana hadn't attacked these small man.	-104.0	-104.0	-10.375	-10.375	False	False	morphology	determiner_noun_agreement	Write a natural, coherent English sentence.
63	2	Curtis wasn't breaking those hard teeth.	Curtis wasn't breaking that hard teeth.	-104.0	-104.0	-10.375	-10.375	False	False	morphology	determiner_noun_agreement	Write a natural, coherent English sentence.
64	2	All customers attack this employed alumnus.	All customers attack these employed alumnus.	-93.5	-93.5	-10.375	-10.375	False	False	morphology	determiner_noun_agreement	Write a natural, coherent English sentence.
65	2	Most ladies go to those purple oases.	Most ladies go to that purple oases.	-93.5	-93.5	-10.375	-10.375	False	False	morphology	determiner_noun_agreement	Write a natural, coherent English sentence.
66	2	A dancer tours that blue oasis.	A dancer tours those blue oasis.	-93.5	-93.5	-10.375	-10.375	False	False	morphology	determiner_noun_agreement	Write a natural, coherent English sentence.
67	2	Steven irritated this unconvinced woman.	Steven irritated these unconvinced woman.	-104.0	-104.0	-10.375	-10.375	False	False	morphology	determiner_noun_agreement	Write a natural, coherent English sentence.
68	2	Tara wasn't helping that sick man.	Tara wasn't helping those sick man.	-104.0	-104.0	-10.375	-10.375	False	False	morphology	determiner_noun_agreement	Write a natural, coherent English sentence.
69	2	The dancers aren't cleaning that smooth fungus.	The dancers aren't cleaning those smooth fungus.	-135.0	-135.0	-10.375	-10.375	False	False	morphology	determiner_noun_agreement	Write a natural, coherent English sentence.
70	2	Melissa had talked about these white theses.	Melissa had talked about this white theses.	-104.0	-104.0	-10.375	-10.375	False	False	morphology	determiner_noun_agreement	Write a natural, coherent English sentence.
71	2	The man isn't watching those upset men.	The man isn't watching that upset men.	-104.0	-104.0	-10.375	-10.375	False	False	morphology	determiner_noun_agreement	Write a natural, coherent English sentence.
72	2	Sabrina won't worry this out in the open person.	Sabrina won't worry these out in the open person.	-145.0	-145.0	-10.375	-10.375	False	False	morphology	determiner_noun_agreement	Write a natural, coherent English sentence.
73	2	Every bird embarrassed these unemployed men.	Every bird embarrassed this unemployed men.	-83.0	-83.0	-10.375	-10.375	False	False	morphology	determiner_noun_agreement	Write a natural, coherent English sentence.
74	2	The Borgias drive to that small oasis.	The Borgias drive to those small oasis.	-114.0	-114.0	-10.375	-10.375	False	False	morphology	determiner_noun_agreement	Write a natural, coherent English sentence.
75	2	Bradley likes these brown fungi.	Bradley likes this brown fungi.	-83.0	-83.0	-10.375	-10.375	False	False	morphology	determiner_noun_agreement	Write a natural, coherent English sentence.
76	2	Most guys go to that black oasis.	Most guys go to those black oasis.	-93.5	-93.5	-10.375	-10.375	False	False	morphology	determiner_noun_agreement	Write a natural, coherent English sentence.
77	2	A pedestrian hadn't approached these hopeful women.	A pedestrian hadn't approached this hopeful women.	-124.5	-124.5	-10.375	-10.375	False	False	morphology	determiner_noun_agreement	Write a natural, coherent English sentence.
78	2	Some senators aren't healing this unemployed alumnus.	Some senators aren't healing these unemployed alumnus.	-145.0	-145.0	-10.375	-10.375	False	False	morphology	determiner_noun_agreement	Write a natural, coherent English sentence.
79	2	That cart wasn't stunning these exposed men.	That cart wasn't stunning this exposed men.	-104.0	-104.0	-10.375	-10.375	False	False	morphology	determiner_noun_agreement	Write a natural, coherent English sentence.
80	2	Joel can think about this smart man.	Joel can think about these smart man.	-83.0	-83.0	-10.375	-10.375	False	False	morphology	determiner_noun_agreement	Write a natural, coherent English sentence.
81	2	Those prints disgust those good people.	Those prints disgust that good people.	-72.5	-72.5	-10.375	-10.375	False	False	morphology	determiner_noun_agreement	Write a natural, coherent English sentence.
82	2	Beverly hadn't passed these yellow oases.	Beverly hadn't passed this yellow oases.	-114.0	-114.0	-10.375	-10.375	False	False	morphology	determiner_noun_agreement	Write a natural, coherent English sentence.
83	2	A lot of prints irritate this unconvinced woman.	A lot of prints irritate these unconvinced woman.	-135.0	-135.0	-10.375	-10.375	False	False	morphology	determiner_noun_agreement	Write a natural, coherent English sentence.
84	2	Many customers hire those standing alumni.	Many customers hire that standing alumni.	-93.5	-93.5	-10.375	-10.375	False	False	morphology	determiner_noun_agreement	Write a natural, coherent English sentence.
85	2	Some rug isn't irritating that nice woman.	Some rug isn't irritating those nice woman.	-114.0	-114.0	-10.375	-10.375	False	False	morphology	determiner_noun_agreement	Write a natural, coherent English sentence.
86	2	Jill embarrassed those busy men.	Jill embarrassed that busy men.	-72.5	-72.5	-10.375	-10.375	False	False	morphology	determiner_noun_agreement	Write a natural, coherent English sentence.
87	2	Most sketches could hurt this uncertain person.	Most sketches could hurt these uncertain person.	-104.0	-104.0	-10.375	-10.375	False	False	morphology	determiner_noun_agreement	Write a natural, coherent English sentence.
88	2	Patricia lifted those purple feet.	Patricia lifted that purple feet.	-83.0	-83.0	-10.375	-10.375	False	False	morphology	determiner_noun_agreement	Write a natural, coherent English sentence.
89	2	The girls sell this hard fungus.	The girls sell these hard fungus.	-93.5	-93.5	-10.375	-10.375	False	False	morphology	determiner_noun_agreement	Write a natural, coherent English sentence.
90	2	Nicole has seen this yellow cactus.	Nicole has seen these yellow cactus.	-93.5	-93.5	-10.375	-10.375	False	False	morphology	determiner_noun_agreement	Write a natural, coherent English sentence.
91	2	Sharon could arrive at those big oases.	Sharon could arrive at that big oases.	-104.0	-104.0	-10.375	-10.375	False	False	morphology	determiner_noun_agreement	Write a natural, coherent English sentence.
92	2	This cashier can fire that good woman.	This cashier can fire those good woman.	-93.5	-93.5	-10.375	-10.375	False	False	morphology	determiner_noun_agreement	Write a natural, coherent English sentence.
93	2	Raymond left those scared children.	Raymond left that scared children.	-62.25	-62.25	-10.375	-10.375	False	False	morphology	determiner_noun_agreement	Write a natural, coherent English sentence.
94	2	Noah could discuss that clever person.	Noah could discuss those clever person.	-72.5	-72.5	-10.375	-10.375	False	False	morphology	determiner_noun_agreement	Write a natural, coherent English sentence.
95	2	Rachelle knew that concealed woman.	Rachelle knew those concealed woman.	-83.0	-83.0	-10.375	-10.375	False	False	morphology	determiner_noun_agreement	Write a natural, coherent English sentence.
96	2	Dawn hasn't cured those gray oxen.	Dawn hasn't cured that gray oxen.	-124.5	-124.5	-10.375	-10.375	False	False	morphology	determiner_noun_agreement	Write a natural, coherent English sentence.
97	2	The Great Lakes haven't disgusted those out in the open people.	The Great Lakes haven't disgusted that out in the open people.	-166.0	-166.0	-10.375	-10.375	False	False	morphology	determiner_noun_agreement	Write a natural, coherent English sentence.
98	2	Wayne doesn't exit those cheap oases.	Wayne doesn't exit that cheap oases.	-104.0	-104.0	-10.375	-10.375	False	False	morphology	determiner_noun_agreement	Write a natural, coherent English sentence.
99	2	These waitresses haven't astounded this fast woman.	These waitresses haven't astounded these fast woman.	-145.0	-145.0	-10.375	-10.375	False	False	morphology	determiner_noun_agreement	Write a natural, coherent English sentence.
100	2	Patrick hasn't lifted this out in the open cactus.	Patrick hasn't lifted these out in the open cactus.	-145.0	-145.0	-10.375	-10.375	False	False	morphology	determiner_noun_agreement	Write a natural, coherent English sentence.
101	2	Angela isn't embarrassing those excited children.	Angela isn't embarrassing that excited children.	-104.0	-104.0	-10.375	-10.375	False	False	morphology	determiner_noun_agreement	Write a natural, coherent English sentence.
102	2	Jennifer hasn't criticized this smart man.	Jennifer hasn't criticized these smart man.	-104.0	-104.0	-10.375	-10.375	False	False	morphology	determiner_noun_agreement	Write a natural, coherent English sentence.
103	2	April watched this big person.	April watched these big person.	-62.25	-62.25	-10.375	-10.375	False	False	morphology	determiner_noun_agreement	Write a natural, coherent English sentence.
104	2	Candice hadn't bothered that serious alumnus.	Candice hadn't bothered those serious alumnus.	-124.5	-124.5	-10.375	-10.375	False	False	morphology	determiner_noun_agreement	Write a natural, coherent English sentence.
105	2	The Clintons observe those happy women.	The Clintons observe that happy women.	-93.5	-93.5	-10.375	-10.375	False	False	morphology	determiner_noun_agreement	Write a natural, coherent English sentence.
106	2	The Clintons observe this excited man.	The Clintons observe these excited man.	-93.5	-93.5	-10.375	-10.375	False	False	morphology	determiner_noun_agreement	Write a natural, coherent English sentence.
107	2	Associations were listening to that unlucky child.	Associations were listening to those unlucky child.	-114.0	-114.0	-10.375	-10.375	False	False	morphology	determiner_noun_agreement	Write a natural, coherent English sentence.
108	2	Those committees discussed that busy woman.	Those committees discussed those busy woman.	-93.5	-93.5	-10.375	-10.375	False	False	morphology	determiner_noun_agreement	Write a natural, coherent English sentence.
109	2	Debra isn't discussing that good analysis.	Debra isn't discussing those good analysis.	-104.0	-104.0	-10.375	-10.375	False	False	morphology	determiner_noun_agreement	Write a natural, coherent English sentence.
110	2	The drawing distracts this lucky woman.	The drawing distracts these lucky woman.	-83.0	-83.0	-10.375	-10.375	False	False	morphology	determiner_noun_agreement	Write a natural, coherent English sentence.
111	2	Holly couldn't dislike this exposed child.	Holly couldn't dislike these exposed child.	-104.0	-104.0	-10.375	-10.375	False	False	morphology	determiner_noun_agreement	Write a natural, coherent English sentence.
112	2	Angela examines that good synopsis.	Angela examines those good synopsis.	-83.0	-83.0	-10.375	-10.375	False	False	morphology	determiner_noun_agreement	Write a natural, coherent English sentence.
113	2	These skateboards aggravate that lucky woman.	These skateboards aggravate those lucky woman.	-114.0	-114.0	-10.375	-10.375	False	False	morphology	determiner_noun_agreement	Write a natural, coherent English sentence.
114	2	Some play alarms those small women.	Some play alarms that small women.	-83.0	-83.0	-10.375	-10.375	False	False	morphology	determiner_noun_agreement	Write a natural, coherent English sentence.
115	2	Students investigate these nice men.	Students investigate this nice men.	-62.25	-62.25	-10.375	-10.375	False	False	morphology	determiner_noun_agreement	Write a natural, coherent English sentence.
116	2	Tanya wasn't shocking that busy child.	Tanya wasn't shocking those busy child.	-114.0	-114.0	-10.375	-10.375	False	False	morphology	determiner_noun_agreement	Write a natural, coherent English sentence.
117	2	Brett has boasted about this nice person.	Brett has boasted about these nice person.	-104.0	-104.0	-10.375	-10.375	False	False	morphology	determiner_noun_agreement	Write a natural, coherent English sentence.
118	2	Jennifer described that hidden woman.	Jennifer described those hidden woman.	-62.25	-62.25	-10.375	-10.375	False	False	morphology	determiner_noun_agreement	Write a natural, coherent English sentence.
119	2	Winston Churchill passed these red oases.	Winston Churchill passed this red oases.	-104.0	-104.0	-10.375	-10.375	False	False	morphology	determiner_noun_agreement	Write a natural, coherent English sentence.
120	2	Some mirror could scare this nice woman.	Some mirror could scare these nice woman.	-93.5	-93.5	-10.375	-10.375	False	False	morphology	determiner_noun_agreement	Write a natural, coherent English sentence.
121	2	Caroline hadn't fired that scared alumnus.	Caroline hadn't fired those scared alumnus.	-114.0	-114.0	-10.375	-10.375	False	False	morphology	determiner_noun_agreement	Write a natural, coherent English sentence.
122	2	Edward wasn't referencing that displeased woman.	Edward wasn't referencing those displeased woman.	-124.5	-124.5	-10.375	-10.375	False	False	morphology	determiner_noun_agreement	Write a natural, coherent English sentence.
123	2	Many teachers clean these cheap teeth.	Many teachers clean this cheap teeth.	-72.5	-72.5	-10.375	-10.375	False	False	morphology	determiner_noun_agreement	Write a natural, coherent English sentence.
124	2	Wayne might remember these new oases.	Wayne might remember this new oases.	-83.0	-83.0	-10.375	-10.375	False	False	morphology	determiner_noun_agreement	Write a natural, coherent English sentence.
125	2	Some high school alarms this determined man.	Some high school alarms these determined man.	-93.5	-93.5	-10.375	-10.375	False	False	morphology	determiner_noun_agreement	Write a natural, coherent English sentence.
126	2	Vincent had returned to these out in the open oases.	Vincent had returned to this out in the open oases.	-124.5	-124.5	-10.375	-10.375	False	False	morphology	determiner_noun_agreement	Write a natural, coherent English sentence.
127	2	Marla hired this standing child.	Marla hired these standing child.	-72.5	-72.5	-10.375	-10.375	False	False	morphology	determiner_noun_agreement	Write a natural, coherent English sentence.
128	2	Some cucumber has upset those ill men.	Some cucumber has upset that ill men.	-104.0	-104.0	-10.375	-10.375	False	False	morphology	determiner_noun_agreement	Write a natural, coherent English sentence.
129	2	Russell hasn't kissed this content man.	Russell hasn't kissed these content man.	-93.5	-93.5	-10.375	-10.375	False	False	morphology	determiner_noun_agreement	Write a natural, coherent English sentence.
130	2	Guy has left this determined man.	Guy has left these determined man.	-72.5	-72.5	-10.375	-10.375	False	False	morphology	determiner_noun_agreement	Write a natural, coherent English sentence.
131	2	The Lutherans listen to these employed women.	The Lutherans listen to this employed women.	-93.5	-93.5	-10.375	-10.375	False	False	morphology	determiner_noun_agreement	Write a natural, coherent English sentence.
132	2	Candice disliked these bad analyses.	Candice disliked this bad analyses.	-104.0	-104.0	-10.375	-10.375	False	False	morphology	determiner_noun_agreement	Write a natural, coherent English sentence.
133	2	Many women heal these lost geese.	Many women heal this lost geese.	-83.0	-83.0	-10.375	-10.375	False	False	morphology	determiner_noun_agreement	Write a natural, coherent English sentence.
134	2	Wayne has remembered these smart people.	Wayne has remembered this smart people.	-72.5	-72.5	-10.375	-10.375	False	False	morphology	determiner_noun_agreement	Write a natural, coherent English sentence.
135	2	This teenager had dropped by these white oases.	This teenager had dropped by this white oases.	-104.0	-104.0	-10.375	-10.375	False	False	morphology	determiner_noun_agreement	Write a natural, coherent English sentence.
136	2	Eva has exited those smooth oases.	Eva has exited that smooth oases.	-93.5	-93.5	-10.375	-10.375	False	False	morphology	determiner_noun_agreement	Write a natural, coherent English sentence.
137	2	Cheryl wouldn't aggravate that bad person.	Cheryl wouldn't aggravate those bad person.	-124.5	-124.5	-10.375	-10.375	False	False	morphology	determiner_noun_agreement	Write a natural, coherent English sentence.
138	2	Katherine hadn't shocked those young children.	Katherine hadn't shocked that young children.	-104.0	-104.0	-10.375	-10.375	False	False	morphology	determiner_noun_agreement	Write a natural, coherent English sentence.
139	2	The student loves these troubled people.	The student loves this troubled people.	-83.0	-83.0	-10.375	-10.375	False	False	morphology	determiner_noun_agreement	Write a natural, coherent English sentence.
140	2	Tracy cared for those smart alumni.	Tracy cared for that smart alumni.	-104.0	-104.0	-10.375	-10.375	False	False	morphology	determiner_noun_agreement	Write a natural, coherent English sentence.
141	2	Guys return to these small oases.	Guys return to this small oases.	-93.5	-93.5	-10.375	-10.375	False	False	morphology	determiner_noun_agreement	Write a natural, coherent English sentence.
142	2	Marcus won't bike to this white oasis.	Marcus won't bike to these white oasis.	-114.0	-114.0	-10.375	-10.375	False	False	morphology	determiner_noun_agreement	Write a natural, coherent English sentence.
143	2	Eggplants impressed these unconvinced alumni.	Eggplants impressed this unconvinced alumni.	-145.0	-145.0	-10.375	-10.375	False	False	morphology	determiner_noun_agreement	Write a natural, coherent English sentence.
144	2	A turtle has bored those troubled children.	A turtle has bored that troubled children.	-114.0	-114.0	-10.375	-10.375	False	False	morphology	determiner_noun_agreement	Write a natural, coherent English sentence.
145	2	The adults were taking those old teeth.	The adults were taking that old teeth.	-83.0	-83.0	-10.375	-10.375	False	False	morphology	determiner_noun_agreement	Write a natural, coherent English sentence.
146	2	Alan wasn't returning to those blue oases.	Alan wasn't returning to that blue oases.	-114.0	-114.0	-10.375	-10.375	False	False	morphology	determiner_noun_agreement	Write a natural, coherent English sentence.
147	2	Theodore had lifted this rough cactus.	Theodore had lifted these rough cactus.	-104.0	-104.0	-10.375	-10.375	False	False	morphology	determiner_noun_agreement	Write a natural, coherent English sentence.
148	2	Joel isn't praising those good synopses.	Joel isn't praising that good synopses.	-124.5	-124.5	-10.375	-10.375	False	False	morphology	determiner_noun_agreement	Write a natural, coherent English sentence.
149	2	The pedestrian knows these standing women.	The pedestrian knows this standing women.	-83.0	-83.0	-10.375	-10.375	False	False	morphology	determiner_noun_agreement	Write a natural, coherent English sentence.
150	2	Some museums forget that good analysis.	Some museums forget those good analysis.	-83.0	-83.0	-10.375	-10.375	False	False	morphology	determiner_noun_agreement	Write a natural, coherent English sentence.
151	2	The Clintons might clean that lost fungus.	The Clintons might clean those lost fungus.	-124.5	-124.5	-10.375	-10.375	False	False	morphology	determiner_noun_agreement	Write a natural, coherent English sentence.
152	2	Mary is bothering these out in the open children.	Mary is bothering this out in the open children.	-114.0	-114.0	-10.375	-10.375	False	False	morphology	determiner_noun_agreement	Write a natural, coherent English sentence.
153	2	Many customers sell that lost ox.	Many customers sell those lost ox.	-72.5	-72.5	-10.375	-10.375	False	False	morphology	determiner_noun_agreement	Write a natural, coherent English sentence.
154	2	These waitresses praise these troubled men.	These waitresses praise this troubled men.	-104.0	-104.0	-10.375	-10.375	False	False	morphology	determiner_noun_agreement	Write a natural, coherent English sentence.
155	2	Many men didn't admire that nice person.	Many men didn't admire those nice person.	-114.0	-114.0	-10.375	-10.375	False	False	morphology	determiner_noun_agreement	Write a natural, coherent English sentence.
156	2	Jesus ran around this exposed oasis.	Jesus ran around these exposed oasis.	-83.0	-83.0	-10.375	-10.375	False	False	morphology	determiner_noun_agreement	Write a natural, coherent English sentence.
157	2	Many customers talk about that delighted child.	Many customers talk about those delighted child.	-83.0	-83.0	-10.375	-10.375	False	False	morphology	determiner_noun_agreement	Write a natural, coherent English sentence.
158	2	Drawings had disgusted this small woman.	Drawings had disgusted these small woman.	-93.5	-93.5	-10.375	-10.375	False	False	morphology	determiner_noun_agreement	Write a natural, coherent English sentence.
159	2	Colleen did care for that good man.	Colleen did care for those good man.	-93.5	-93.5	-10.375	-10.375	False	False	morphology	determiner_noun_agreement	Write a natural, coherent English sentence.
160	2	Marcus admired those exposed geese.	Marcus admired that exposed geese.	-83.0	-83.0	-10.375	-10.375	False	False	morphology	determiner_noun_agreement	Write a natural, coherent English sentence.
161	2	Randolf has noticed this clean foot.	Randolf has noticed these clean foot.	-83.0	-83.0	-10.375	-10.375	False	False	morphology	determiner_noun_agreement	Write a natural, coherent English sentence.
162	2	Craig could listen to that determined man.	Craig could listen to those determined man.	-83.0	-83.0	-10.375	-10.375	False	False	morphology	determiner_noun_agreement	Write a natural, coherent English sentence.
163	2	Movies stunned this small man.	Movies stunned these small man.	-83.0	-83.0	-10.375	-10.375	False	False	morphology	determiner_noun_agreement	Write a natural, coherent English sentence.
164	2	Timothy buys this rough ox.	Timothy buys these rough ox.	-83.0	-83.0	-10.375	-10.375	False	False	morphology	determiner_noun_agreement	Write a natural, coherent English sentence.
165	2	Some women go to those red oases.	Some women go to that red oases.	-93.5	-93.5	-10.375	-10.375	False	False	morphology	determiner_noun_agreement	Write a natural, coherent English sentence.
166	2	Ruth fixed this clean tooth.	Ruth fixed these clean tooth.	-62.25	-62.25	-10.375	-10.375	False	False	morphology	determiner_noun_agreement	Write a natural, coherent English sentence.
167	2	Monica is boring those clever men.	Monica is boring that clever men.	-83.0	-83.0	-10.375	-10.375	False	False	morphology	determiner_noun_agreement	Write a natural, coherent English sentence.
168	2	Janice knows these hidden alumni.	Janice knows this hidden alumni.	-93.5	-93.5	-10.375	-10.375	False	False	morphology	determiner_noun_agreement	Write a natural, coherent English sentence.
169	2	Spain insults this delighted alumnus.	Spain insults these delighted alumnus.	-93.5	-93.5	-10.375	-10.375	False	False	morphology	determiner_noun_agreement	Write a natural, coherent English sentence.
170	2	Some planes bore that displeased child.	Some planes bore those displeased child.	-93.5	-93.5	-10.375	-10.375	False	False	morphology	determiner_noun_agreement	Write a natural, coherent English sentence.
171	2	Dishes should upset these happy men.	Dishes should upset this happy men.	-83.0	-83.0	-10.375	-10.375	False	False	morphology	determiner_noun_agreement	Write a natural, coherent English sentence.
172	2	That painting looked like these yellow stimuli.	That painting looked like this yellow stimuli.	-93.5	-93.5	-10.375	-10.375	False	False	morphology	determiner_noun_agreement	Write a natural, coherent English sentence.
173	2	Amy shocked that content man.	Amy shocked those content man.	-62.25	-62.25	-10.375	-10.375	False	False	morphology	determiner_noun_agreement	Write a natural, coherent English sentence.
174	2	Melinda hasn't hidden this determined woman.	Melinda hasn't hidden these determined woman.	-104.0	-104.0	-10.375	-10.375	False	False	morphology	determiner_noun_agreement	Write a natural, coherent English sentence.
175	2	Caroline did drive to this brown oasis.	Caroline did drive to these brown oasis.	-93.5	-93.5	-10.375	-10.375	False	False	morphology	determiner_noun_agreement	Write a natural, coherent English sentence.
176	2	That rice disturbed those smart alumni.	That rice disturbed that smart alumni.	-104.0	-104.0	-10.375	-10.375	False	False	morphology	determiner_noun_agreement	Write a natural, coherent English sentence.
177	2	Brian will examine these long analyses.	Brian will examine this long analyses.	-83.0	-83.0	-10.375	-10.375	False	False	morphology	determiner_noun_agreement	Write a natural, coherent English sentence.
178	2	Mark dislikes this uncertain child.	Mark dislikes these uncertain child.	-83.0	-83.0	-10.375	-10.375	False	False	morphology	determiner_noun_agreement	Write a natural, coherent English sentence.
179	2	Rose was returning to these out in the open children.	Rose was returning to this out in the open children.	-114.0	-114.0	-10.375	-10.375	False	False	morphology	determiner_noun_agreement	Write a natural, coherent English sentence.
180	2	The guest has fixed this red tooth.	The guest has fixed these red tooth.	-83.0	-83.0	-10.375	-10.375	False	False	morphology	determiner_noun_agreement	Write a natural, coherent English sentence.
181	2	Jennifer is breaking this big tooth.	Jennifer is breaking these big tooth.	-72.5	-72.5	-10.375	-10.375	False	False	morphology	determiner_noun_agreement	Write a natural, coherent English sentence.
182	2	Sabrina isn't referencing these red theses.	Sabrina isn't referencing this red theses.	-135.0	-135.0	-10.375	-10.375	False	False	morphology	determiner_noun_agreement	Write a natural, coherent English sentence.
183	2	Valerie hadn't exited that exposed oasis.	Valerie hadn't exited those exposed oasis.	-124.5	-124.5	-10.375	-10.375	False	False	morphology	determiner_noun_agreement	Write a natural, coherent English sentence.
184	2	Every restaurant had worried this hidden child.	Every restaurant had worried these hidden child.	-83.0	-83.0	-10.375	-10.375	False	False	morphology	determiner_noun_agreement	Write a natural, coherent English sentence.
185	2	A woman was examining those long synopses.	A woman was examining that long synopses.	-114.0	-114.0	-10.375	-10.375	False	False	morphology	determiner_noun_agreement	Write a natural, coherent English sentence.
186	2	All actresses approach that content man.	All actresses approach those content man.	-83.0	-83.0	-10.375	-10.375	False	False	morphology	determiner_noun_agreement	Write a natural, coherent English sentence.
187	2	Sarah cleaned those yellow feet.	Sarah cleaned that yellow feet.	-62.25	-62.25	-10.375	-10.375	False	False	morphology	determiner_noun_agreement	Write a natural, coherent English sentence.
188	2	Margaret tours those black oases.	Margaret tours that black oases.	-72.5	-72.5	-10.375	-10.375	False	False	morphology	determiner_noun_agreement	Write a natural, coherent English sentence.
189	2	Rachel wasn't messing up this clean foot.	Rachel wasn't messing up these clean foot.	-114.0	-114.0	-10.375	-10.375	False	False	morphology	determiner_noun_agreement	Write a natural, coherent English sentence.
190	2	The Lutherans go to that old oasis.	The Lutherans go to those old oasis.	-104.0	-104.0	-10.375	-10.375	False	False	morphology	determiner_noun_agreement	Write a natural, coherent English sentence.
191	2	The lamps shock those hidden alumni.	The lamps shock that hidden alumni.	-104.0	-104.0	-10.375	-10.375	False	False	morphology	determiner_noun_agreement	Write a natural, coherent English sentence.
192	2	Claire conceals those small stimuli.	Claire conceals that small stimuli.	-83.0	-83.0	-10.375	-10.375	False	False	morphology	determiner_noun_agreement	Write a natural, coherent English sentence.
193	2	Most documentaries annoy that busy person.	Most documentaries annoy those busy person.	-83.0	-83.0	-10.375	-10.375	False	False	morphology	determiner_noun_agreement	Write a natural, coherent English sentence.
194	2	Pamela shouldn't return to those exposed men.	Pamela shouldn't return to that exposed men.	-114.0	-114.0	-10.375	-10.375	False	False	morphology	determiner_noun_agreement	Write a natural, coherent English sentence.
195	2	That person couldn't arrive at that purple oasis.	That person couldn't arrive at those purple oasis.	-124.5	-124.5	-10.375	-10.375	False	False	morphology	determiner_noun_agreement	Write a natural, coherent English sentence.
196	2	Alicia won't admire those big nuclei.	Alicia won't admire that big nuclei.	-135.0	-135.0	-10.375	-10.375	False	False	morphology	determiner_noun_agreement	Write a natural, coherent English sentence.
197	2	Curtis arrived at that red oasis.	Curtis arrived at those red oasis.	-93.5	-93.5	-10.375	-10.375	False	False	morphology	determiner_noun_agreement	Write a natural, coherent English sentence.
198	2	People investigate that smart man.	People investigate those smart man.	-62.25	-62.25	-10.375	-10.375	False	False	morphology	determiner_noun_agreement	Write a natural, coherent English sentence.
199	2	Some boys hire these content alumni.	Some boys hire this content alumni.	-93.5	-93.5	-10.375	-10.375	False	False	morphology	determiner_noun_agreement	Write a natural, coherent English sentence.
200	2	Leslie found these brown feet.	Leslie found this brown feet.	-72.5	-72.5	-10.375	-10.375	False	False	morphology	determiner_noun_agreement	Write a natural, coherent English sentence.
201	2	Alexander was firing that displeased woman.	Alexander was firing those displeased woman.	-93.5	-93.5	-10.375	-10.375	False	False	morphology	determiner_noun_agreement	Write a natural, coherent English sentence.
202	2	Florence hasn't argued about those confident children.	Florence hasn't argued about that confident children.	-104.0	-104.0	-10.375	-10.375	False	False	morphology	determiner_noun_agreement	Write a natural, coherent English sentence.
203	2	That adult hadn't complained about that exposed man.	That adult hadn't complained about those exposed man.	-114.0	-114.0	-10.375	-10.375	False	False	morphology	determiner_noun_agreement	Write a natural, coherent English sentence.
204	2	Larry works with these scared women.	Larry works with this scared women.	-72.5	-72.5	-10.375	-10.375	False	False	morphology	determiner_noun_agreement	Write a natural, coherent English sentence.
205	2	Kathleen leaves this old child.	Kathleen leaves these old child.	-72.5	-72.5	-10.375	-10.375	False	False	morphology	determiner_noun_agreement	Write a natural, coherent English sentence.
206	2	The actresses weren't watching these scared people.	The actresses weren't watching this scared people.	-114.0	-114.0	-10.375	-10.375	False	False	morphology	determiner_noun_agreement	Write a natural, coherent English sentence.
207	2	Derek isn't escaping from these blue oases.	Derek isn't escaping from this blue oases.	-135.0	-135.0	-10.375	-10.375	False	False	morphology	determiner_noun_agreement	Write a natural, coherent English sentence.
208	2	Naomi isn't talking about that cheap oasis.	Naomi isn't talking about those cheap oasis.	-124.5	-124.5	-10.375	-10.375	False	False	morphology	determiner_noun_agreement	Write a natural, coherent English sentence.
209	2	These guests hate these troubled men.	These guests hate this troubled men.	-83.0	-83.0	-10.375	-10.375	False	False	morphology	determiner_noun_agreement	Write a natural, coherent English sentence.
210	2	Patricia wasn't hiring those small children.	Patricia wasn't hiring that small children.	-114.0	-114.0	-10.375	-10.375	False	False	morphology	determiner_noun_agreement	Write a natural, coherent English sentence.
211	2	All stairs weren't alarming that lucky woman.	All stairs weren't alarming those lucky woman.	-114.0	-114.0	-10.375	-10.375	False	False	morphology	determiner_noun_agreement	Write a natural, coherent English sentence.
212	2	Many drivers left that confident alumnus.	Many drivers left those confident alumnus.	-93.5	-93.5	-10.375	-10.375	False	False	morphology	determiner_noun_agreement	Write a natural, coherent English sentence.
213	2	Every skirt disgusts these smart children.	Every skirt disgusts this smart children.	-83.0	-83.0	-10.375	-10.375	False	False	morphology	determiner_noun_agreement	Write a natural, coherent English sentence.
214	2	Valerie has astounded that lost alumnus.	Valerie has astounded those lost alumnus.	-124.5	-124.5	-10.375	-10.375	False	False	morphology	determiner_noun_agreement	Write a natural, coherent English sentence.
215	2	Sonia should describe this determined child.	Sonia should describe these determined child.	-83.0	-83.0	-10.375	-10.375	False	False	morphology	determiner_noun_agreement	Write a natural, coherent English sentence.
216	2	A lot of lakes weren't disgusting that old person.	A lot of lakes weren't disgusting those old person.	-145.0	-145.0	-10.375	-10.375	False	False	morphology	determiner_noun_agreement	Write a natural, coherent English sentence.
217	2	Some pants hadn't aggravated that good woman.	Some pants hadn't aggravated those good woman.	-124.5	-124.5	-10.375	-10.375	False	False	morphology	determiner_noun_agreement	Write a natural, coherent English sentence.
218	2	Anne does return to that old woman.	Anne does return to those old woman.	-83.0	-83.0	-10.375	-10.375	False	False	morphology	determiner_noun_agreement	Write a natural, coherent English sentence.
219	2	Alan wasn't listening to that delighted person.	Alan wasn't listening to those delighted person.	-104.0	-104.0	-10.375	-10.375	False	False	morphology	determiner_noun_agreement	Write a natural, coherent English sentence.
220	2	Some icicles annoy those serious alumni.	Some icicles annoy that serious alumni.	-104.0	-104.0	-10.375	-10.375	False	False	morphology	determiner_noun_agreement	Write a natural, coherent English sentence.
221	2	Many women won't scare those uncertain men.	Many women won't scare that uncertain men.	-114.0	-114.0	-10.375	-10.375	False	False	morphology	determiner_noun_agreement	Write a natural, coherent English sentence.
222	2	Science disgusts this unconvinced alumnus.	Science disgusts these unconvinced alumnus.	-124.5	-124.5	-10.375	-10.375	False	False	morphology	determiner_noun_agreement	Write a natural, coherent English sentence.
223	2	Connie tours these rough oases.	Connie tours this rough oases.	-83.0	-83.0	-10.375	-10.375	False	False	morphology	determiner_noun_agreement	Write a natural, coherent English sentence.
224	2	Those banks were talking about this lost thesis.	Those banks were talking about these lost thesis.	-93.5	-93.5	-10.375	-10.375	False	False	morphology	determiner_noun_agreement	Write a natural, coherent English sentence.
225	2	Some prints didn't look like this rough louse.	Some prints didn't look like these rough louse.	-124.5	-124.5	-10.375	-10.375	False	False	morphology	determiner_noun_agreement	Write a natural, coherent English sentence.
226	2	All pedestrians like those rough theses.	All pedestrians like that rough theses.	-104.0	-104.0	-10.375	-10.375	False	False	morphology	determiner_noun_agreement	Write a natural, coherent English sentence.
227	2	Douglas saw that black fungus.	Douglas saw those black fungus.	-83.0	-83.0	-10.375	-10.375	False	False	morphology	determiner_noun_agreement	Write a natural, coherent English sentence.
228	2	Sarah examined that bad analysis.	Sarah examined those bad analysis.	-62.25	-62.25	-10.375	-10.375	False	False	morphology	determiner_noun_agreement	Write a natural, coherent English sentence.
229	2	An actress researches this long thesis.	An actress researches these long thesis.	-104.0	-104.0	-10.375	-10.375	False	False	morphology	determiner_noun_agreement	Write a natural, coherent English sentence.
230	2	Those waitresses criticize this hidden child.	Those waitresses criticize these hidden child.	-104.0	-104.0	-10.375	-10.375	False	False	morphology	determiner_noun_agreement	Write a natural, coherent English sentence.
231	2	Most drivers question these upset alumni.	Most drivers question this upset alumni.	-93.5	-93.5	-10.375	-10.375	False	False	morphology	determiner_noun_agreement	Write a natural, coherent English sentence.
232	2	Phillip isn't working with these small women.	Phillip isn't working with this small women.	-114.0	-114.0	-10.375	-10.375	False	False	morphology	determiner_noun_agreement	Write a natural, coherent English sentence.
233	2	Jennifer can't aggravate that unlucky man.	Jennifer can't aggravate those unlucky man.	-135.0	-135.0	-10.375	-10.375	False	False	morphology	determiner_noun_agreement	Write a natural, coherent English sentence.
234	2	Essays confuse this good woman.	Essays confuse these good woman.	-83.0	-83.0	-10.375	-10.375	False	False	morphology	determiner_noun_agreement	Write a natural, coherent English sentence.
235	2	Amelia has forgotten those bad analyses.	Amelia has forgotten that bad analyses.	-93.5	-93.5	-10.375	-10.375	False	False	morphology	determiner_noun_agreement	Write a natural, coherent English sentence.
236	2	Michael had explored this brown oasis.	Michael had explored these brown oasis.	-83.0	-83.0	-10.375	-10.375	False	False	morphology	determiner_noun_agreement	Write a natural, coherent English sentence.
237	2	Natalie can aggravate those smart men.	Natalie can aggravate that smart men.	-104.0	-104.0	-10.375	-10.375	False	False	morphology	determiner_noun_agreement	Write a natural, coherent English sentence.
238	2	That patient won't go to these cheap oases.	That patient won't go to this cheap oases.	-124.5	-124.5	-10.375	-10.375	False	False	morphology	determiner_noun_agreement	Write a natural, coherent English sentence.
239	2	Heidi had discovered those black feet.	Heidi had discovered that black feet.	-83.0	-83.0	-10.375	-10.375	False	False	morphology	determiner_noun_agreement	Write a natural, coherent English sentence.
240	2	David hadn't watched those determined men.	David hadn't watched that determined men.	-93.5	-93.5	-10.375	-10.375	False	False	morphology	determiner_noun_agreement	Write a natural, coherent English sentence.
241	2	Some teenager couldn't walk through these green oases.	Some teenager couldn't walk through this green oases.	-124.5	-124.5	-10.375	-10.375	False	False	morphology	determiner_noun_agreement	Write a natural, coherent English sentence.
242	2	Christina shouldn't sell this hard oasis.	Christina shouldn't sell these hard oasis.	-114.0	-114.0	-10.375	-10.375	False	False	morphology	determiner_noun_agreement	Write a natural, coherent English sentence.
243	2	Christopher isn't firing those sick men.	Christopher isn't firing that sick men.	-93.5	-93.5	-10.375	-10.375	False	False	morphology	determiner_noun_agreement	Write a natural, coherent English sentence.
244	2	Most students hide that yellow mouse.	Most students hide those yellow mouse.	-72.5	-72.5	-10.375	-10.375	False	False	morphology	determiner_noun_agreement	Write a natural, coherent English sentence.
245	2	Holly did buy those clean feet.	Holly did buy that clean feet.	-72.5	-72.5	-10.375	-10.375	False	False	morphology	determiner_noun_agreement	Write a natural, coherent English sentence.
246	2	Many actors clean these brown theses.	Many actors clean this brown theses.	-83.0	-83.0	-10.375	-10.375	False	False	morphology	determiner_noun_agreement	Write a natural, coherent English sentence.
247	2	Stacy would hide those lost lice.	Stacy would hide that lost lice.	-93.5	-93.5	-10.375	-10.375	False	False	morphology	determiner_noun_agreement	Write a natural, coherent English sentence.
248	2	Alan drove to that new oasis.	Alan drove to those new oasis.	-83.0	-83.0	-10.375	-10.375	False	False	morphology	determiner_noun_agreement	Write a natural, coherent English sentence.
249	2	The Impressionists tour this purple oasis.	The Impressionists tour these purple oasis.	-104.0	-104.0	-10.375	-10.375	False	False	morphology	determiner_noun_agreement	Write a natural, coherent English sentence.
250	2	Wayne is talking to this hidden woman.	Wayne is talking to these hidden woman.	-83.0	-83.0	-10.375	-10.375	False	False	morphology	determiner_noun_agreement	Write a natural, coherent English sentence.
251	2	Christopher forgets this happy child.	Christopher forgets these happy child.	-72.5	-72.5	-10.375	-10.375	False	False	morphology	determiner_noun_agreement	Write a natural, coherent English sentence.
252	2	Julie can boycott those cheap oases.	Julie can boycott that cheap oases.	-93.5	-93.5	-10.375	-10.375	False	False	morphology	determiner_noun_agreement	Write a natural, coherent English sentence.
253	2	Most senators dislike these bad theses.	Most senators dislike this bad theses.	-104.0	-104.0	-10.375	-10.375	False	False	morphology	determiner_noun_agreement	Write a natural, coherent English sentence.
254	2	Denise concealed this content person.	Denise concealed these content person.	-83.0	-83.0	-10.375	-10.375	False	False	morphology	determiner_noun_agreement	Write a natural, coherent English sentence.
255	2	Some bike shocks these nice women.	Some bike shocks this nice women.	-83.0	-83.0	-10.375	-10.375	False	False	morphology	determiner_noun_agreement	Write a natural, coherent English sentence.
256	2	These teenagers fix those hidden feet.	These teenagers fix that hidden feet.	-83.0	-83.0	-10.375	-10.375	False	False	morphology	determiner_noun_agreement	Write a natural, coherent English sentence.
257	2	Ella praised that ill woman.	Ella praised those ill woman.	-72.5	-72.5	-10.375	-10.375	False	False	morphology	determiner_noun_agreement	Write a natural, coherent English sentence.
258	2	Current events stun these lost people.	Current events stun this lost people.	-83.0	-83.0	-10.375	-10.375	False	False	morphology	determiner_noun_agreement	Write a natural, coherent English sentence.
259	2	Mary tours this gray oasis.	Mary tours these gray oasis.	-72.5	-72.5	-10.375	-10.375	False	False	morphology	determiner_noun_agreement	Write a natural, coherent English sentence.
260	2	Linda visited those unsure men.	Linda visited that unsure men.	-72.5	-72.5	-10.375	-10.375	False	False	morphology	determiner_noun_agreement	Write a natural, coherent English sentence.
261	2	Dan wouldn't boycott that smooth oasis.	Dan wouldn't boycott those smooth oasis.	-114.0	-114.0	-10.375	-10.375	False	False	morphology	determiner_noun_agreement	Write a natural, coherent English sentence.
262	2	Those men leave that brown oasis.	Those men leave those brown oasis.	-83.0	-83.0	-10.375	-10.375	False	False	morphology	determiner_noun_agreement	Write a natural, coherent English sentence.
263	2	Lissa does pass these black oases.	Lissa does pass this black oases.	-93.5	-93.5	-10.375	-10.375	False	False	morphology	determiner_noun_agreement	Write a natural, coherent English sentence.
264	2	Alice had embarrassed this happy man.	Alice had embarrassed these happy man.	-72.5	-72.5	-10.375	-10.375	False	False	morphology	determiner_noun_agreement	Write a natural, coherent English sentence.
265	2	Wayne is worrying that hopeful child.	Wayne is worrying those hopeful child.	-83.0	-83.0	-10.375	-10.375	False	False	morphology	determiner_noun_agreement	Write a natural, coherent English sentence.
266	2	Lucille is biking to that green oasis.	Lucille is biking to those green oasis.	-114.0	-114.0	-10.375	-10.375	False	False	morphology	determiner_noun_agreement	Write a natural, coherent English sentence.
267	2	Katherine hadn't skated around this white oasis.	Katherine hadn't skated around these white oasis.	-135.0	-135.0	-10.375	-10.375	False	False	morphology	determiner_noun_agreement	Write a natural, coherent English sentence.
268	2	James observed this hopeful child.	James observed these hopeful child.	-72.5	-72.5	-10.375	-10.375	False	False	morphology	determiner_noun_agreement	Write a natural, coherent English sentence.
269	2	Gerald liked this big child.	Gerald liked these big child.	-72.5	-72.5	-10.375	-10.375	False	False	morphology	determiner_noun_agreement	Write a natural, coherent English sentence.
270	2	That committee wasn't hiring this displeased alumnus.	That committee wasn't hiring these displeased alumnus.	-145.0	-145.0	-10.375	-10.375	False	False	morphology	determiner_noun_agreement	Write a natural, coherent English sentence.
271	2	Gary isn't breaking that white tooth.	Gary isn't breaking those white tooth.	-93.5	-93.5	-10.375	-10.375	False	False	morphology	determiner_noun_agreement	Write a natural, coherent English sentence.
272	2	Walter hasn't seen those content children.	Walter hasn't seen that content children.	-93.5	-93.5	-10.375	-10.375	False	False	morphology	determiner_noun_agreement	Write a natural, coherent English sentence.
273	2	Martha didn't clean these hidden teeth.	Martha didn't clean this hidden teeth.	-93.5	-93.5	-10.375	-10.375	False	False	morphology	determiner_noun_agreement	Write a natural, coherent English sentence.
274	2	These teachers are returning to those lost men.	These teachers are returning to that lost men.	-93.5	-93.5	-10.375	-10.375	False	False	morphology	determiner_noun_agreement	Write a natural, coherent English sentence.
275	2	Ellen hadn't boycotted that hidden oasis.	Ellen hadn't boycotted those hidden oasis.	-124.5	-124.5	-10.375	-10.375	False	False	morphology	determiner_noun_agreement	Write a natural, coherent English sentence.
276	2	Some patients drive to these brown oases.	Some patients drive to this brown oases.	-93.5	-93.5	-10.375	-10.375	False	False	morphology	determiner_noun_agreement	Write a natural, coherent English sentence.
277	2	Nina wasn't referencing this ill person.	Nina wasn't referencing these ill person.	-104.0	-104.0	-10.375	-10.375	False	False	morphology	determiner_noun_agreement	Write a natural, coherent English sentence.
278	2	Denise praises these fast children.	Denise praises this fast children.	-83.0	-83.0	-10.375	-10.375	False	False	morphology	determiner_noun_agreement	Write a natural, coherent English sentence.
279	2	Most customers attack that clever man.	Most customers attack those clever man.	-72.5	-72.5	-10.375	-10.375	False	False	morphology	determiner_noun_agreement	Write a natural, coherent English sentence.
280	2	Every photograph looks like those exposed people.	Every photograph looks like that exposed people.	-83.0	-83.0	-10.375	-10.375	False	False	morphology	determiner_noun_agreement	Write a natural, coherent English sentence.
281	2	Cindy shouldn't cure that confident alumnus.	Cindy shouldn't cure those confident alumnus.	-135.0	-135.0	-10.375	-10.375	False	False	morphology	determiner_noun_agreement	Write a natural, coherent English sentence.
282	2	The Borgias reveal these blue feet.	The Borgias reveal this blue feet.	-93.5	-93.5	-10.375	-10.375	False	False	morphology	determiner_noun_agreement	Write a natural, coherent English sentence.
283	2	Ella lifts these exposed fungi.	Ella lifts this exposed fungi.	-93.5	-93.5	-10.375	-10.375	False	False	morphology	determiner_noun_agreement	Write a natural, coherent English sentence.
284	2	The Lutherans astound that unsure person.	The Lutherans astound those unsure person.	-104.0	-104.0	-10.375	-10.375	False	False	morphology	determiner_noun_agreement	Write a natural, coherent English sentence.
285	2	These cakes bore that determined woman.	These cakes bore those determined woman.	-83.0	-83.0	-10.375	-10.375	False	False	morphology	determiner_noun_agreement	Write a natural, coherent English sentence.
286	2	Nina lifts this orange cactus.	Nina lifts these orange cactus.	-93.5	-93.5	-10.375	-10.375	False	False	morphology	determiner_noun_agreement	Write a natural, coherent English sentence.
287	2	The actors kiss these unconvinced children.	The actors kiss this unconvinced children.	-104.0	-104.0	-10.375	-10.375	False	False	morphology	determiner_noun_agreement	Write a natural, coherent English sentence.
288	2	Sharon dislikes that brown thesis.	Sharon dislikes those brown thesis.	-93.5	-93.5	-10.375	-10.375	False	False	morphology	determiner_noun_agreement	Write a natural, coherent English sentence.
289	2	The customers sell these rough fungi.	The customers sell this rough fungi.	-83.0	-83.0	-10.375	-10.375	False	False	morphology	determiner_noun_agreement	Write a natural, coherent English sentence.
290	2	Janice didn't cure those employed men.	Janice didn't cure that employed men.	-104.0	-104.0	-10.375	-10.375	False	False	morphology	determiner_noun_agreement	Write a natural, coherent English sentence.
291	2	Paula left this uncertain person.	Paula left these uncertain person.	-72.5	-72.5	-10.375	-10.375	False	False	morphology	determiner_noun_agreement	Write a natural, coherent English sentence.
292	2	Those guys had escaped from those employed children.	Those guys had escaped from that employed children.	-93.5	-93.5	-10.375	-10.375	False	False	morphology	determiner_noun_agreement	Write a natural, coherent English sentence.
293	2	Christine wasn't touring that old oasis.	Christine wasn't touring those old oasis.	-124.5	-124.5	-10.375	-10.375	False	False	morphology	determiner_noun_agreement	Write a natural, coherent English sentence.
294	2	These waitresses praise this rough thesis.	These waitresses praise these rough thesis.	-93.5	-93.5	-10.375	-10.375	False	False	morphology	determiner_noun_agreement	Write a natural, coherent English sentence.
295	2	Some girls hadn't passed this concealed oasis.	Some girls hadn't passed these concealed oasis.	-124.5	-124.5	-10.375	-10.375	False	False	morphology	determiner_noun_agreement	Write a natural, coherent English sentence.
296	2	Andrea lifts these small cacti.	Andrea lifts this small cacti.	-93.5	-93.5	-10.375	-10.375	False	False	morphology	determiner_noun_agreement	Write a natural, coherent English sentence.
297	2	Kristen is scanning those bad synopses.	Kristen is scanning that bad synopses.	-114.0	-114.0	-10.375	-10.375	False	False	morphology	determiner_noun_agreement	Write a natural, coherent English sentence.
298	2	Alan is skated around these cheap oases.	Alan is skated around this cheap oases.	-104.0	-104.0	-10.375	-10.375	False	False	morphology	determiner_noun_agreement	Write a natural, coherent English sentence.
299	2	Kayla has investigated these busy people.	Kayla has investigated this busy people.	-83.0	-83.0	-10.375	-10.375	False	False	morphology	determiner_noun_agreement	Write a natural, coherent English sentence.
300	2	Timothy observes that good woman.	Timothy observes those good woman.	-83.0	-83.0	-10.375	-10.375	False	False	morphology	determiner_noun_agreement	Write a natural, coherent English sentence.
301	2	Every museum hadn't discussed those hidden theses.	Every museum hadn't discussed that hidden theses.	-114.0	-114.0	-10.375	-10.375	False	False	morphology	determiner_noun_agreement	Write a natural, coherent English sentence.
302	2	Some cashiers help this troubled person.	Some cashiers help these troubled person.	-93.5	-93.5	-10.375	-10.375	False	False	morphology	determiner_noun_agreement	Write a natural, coherent English sentence.
303	2	Amanda was attacking that displeased woman.	Amanda was attacking those displeased woman.	-93.5	-93.5	-10.375	-10.375	False	False	morphology	determiner_noun_agreement	Write a natural, coherent English sentence.
304	2	This window upsets these lost people.	This window upsets this lost people.	-83.0	-83.0	-10.375	-10.375	False	False	morphology	determiner_noun_agreement	Write a natural, coherent English sentence.
305	2	Cindy wasn't bringing those gray cacti.	Cindy wasn't bringing that gray cacti.	-135.0	-135.0	-10.375	-10.375	False	False	morphology	determiner_noun_agreement	Write a natural, coherent English sentence.
306	2	Peter complained about these good synopses.	Peter complained about this good synopses.	-93.5	-93.5	-10.375	-10.375	False	False	morphology	determiner_noun_agreement	Write a natural, coherent English sentence.
307	2	Danielle was touring those new oases.	Danielle was touring that new oases.	-104.0	-104.0	-10.375	-10.375	False	False	morphology	determiner_noun_agreement	Write a natural, coherent English sentence.
308	2	Elaine discusses that standing person.	Elaine discusses those standing person.	-83.0	-83.0	-10.375	-10.375	False	False	morphology	determiner_noun_agreement	Write a natural, coherent English sentence.
309	2	Jacqueline had healed those rough geese.	Jacqueline had healed that rough geese.	-114.0	-114.0	-10.375	-10.375	False	False	morphology	determiner_noun_agreement	Write a natural, coherent English sentence.
310	2	All rivers were distracting those standing men.	All rivers were distracting that standing men.	-93.5	-93.5	-10.375	-10.375	False	False	morphology	determiner_noun_agreement	Write a natural, coherent English sentence.
311	2	Some people exit those yellow oases.	Some people exit that yellow oases.	-83.0	-83.0	-10.375	-10.375	False	False	morphology	determiner_noun_agreement	Write a natural, coherent English sentence.
312	2	Becca isn't exploring these hard oases.	Becca isn't exploring this hard oases.	-114.0	-114.0	-10.375	-10.375	False	False	morphology	determiner_noun_agreement	Write a natural, coherent English sentence.
313	2	Timothy revealed that big foot.	Timothy revealed those big foot.	-72.5	-72.5	-10.375	-10.375	False	False	morphology	determiner_noun_agreement	Write a natural, coherent English sentence.
314	2	Adam fires these determined men.	Adam fires this determined men.	-62.25	-62.25	-10.375	-10.375	False	False	morphology	determiner_noun_agreement	Write a natural, coherent English sentence.
315	2	The teenagers clean this purple foot.	The teenagers clean these purple foot.	-83.0	-83.0	-10.375	-10.375	False	False	morphology	determiner_noun_agreement	Write a natural, coherent English sentence.
316	2	The Great Lakes could annoy that troubled man.	The Great Lakes could annoy those troubled man.	-114.0	-114.0	-10.375	-10.375	False	False	morphology	determiner_noun_agreement	Write a natural, coherent English sentence.
317	2	Karen discusses those bad men.	Karen discusses that bad men.	-72.5	-72.5	-10.375	-10.375	False	False	morphology	determiner_noun_agreement	Write a natural, coherent English sentence.
318	2	Phillip didn't find those ill alumni.	Phillip didn't find that ill alumni.	-124.5	-124.5	-10.375	-10.375	False	False	morphology	determiner_noun_agreement	Write a natural, coherent English sentence.
319	2	A lot of men reference these good analyses.	A lot of men reference this good analyses.	-104.0	-104.0	-10.375	-10.375	False	False	morphology	determiner_noun_agreement	Write a natural, coherent English sentence.
320	2	Larry had insulted these lucky children.	Larry had insulted this lucky children.	-83.0	-83.0	-10.375	-10.375	False	False	morphology	determiner_noun_agreement	Write a natural, coherent English sentence.
321	2	Debra is firing that determined child.	Debra is firing those determined child.	-83.0	-83.0	-10.375	-10.375	False	False	morphology	determiner_noun_agreement	Write a natural, coherent English sentence.
322	2	Noah was watching that fast woman.	Noah was watching those fast woman.	-72.5	-72.5	-10.375	-10.375	False	False	morphology	determiner_noun_agreement	Write a natural, coherent English sentence.
323	2	Gina works with that displeased person.	Gina works with those displeased person.	-104.0	-104.0	-10.375	-10.375	False	False	morphology	determiner_noun_agreement	Write a natural, coherent English sentence.
324	2	Most doctors would bring these big nuclei.	Most doctors would bring this big nuclei.	-93.5	-93.5	-10.375	-10.375	False	False	morphology	determiner_noun_agreement	Write a natural, coherent English sentence.
325	2	All drawings alarm that unconvinced child.	All drawings alarm those unconvinced child.	-104.0	-104.0	-10.375	-10.375	False	False	morphology	determiner_noun_agreement	Write a natural, coherent English sentence.
326	2	Some libraries hate that busy man.	Some libraries hate those busy man.	-72.5	-72.5	-10.375	-10.375	False	False	morphology	determiner_noun_agreement	Write a natural, coherent English sentence.
327	2	Derek disgusted that unemployed child.	Derek disgusted those unemployed child.	-93.5	-93.5	-10.375	-10.375	False	False	morphology	determiner_noun_agreement	Write a natural, coherent English sentence.
328	2	Marla hadn't fired these good men.	Marla hadn't fired this good men.	-104.0	-104.0	-10.375	-10.375	False	False	morphology	determiner_noun_agreement	Write a natural, coherent English sentence.
329	2	Carmen examined that red thesis.	Carmen examined those red thesis.	-72.5	-72.5	-10.375	-10.375	False	False	morphology	determiner_noun_agreement	Write a natural, coherent English sentence.
330	2	Amelia investigates this smart woman.	Amelia investigates these smart woman.	-83.0	-83.0	-10.375	-10.375	False	False	morphology	determiner_noun_agreement	Write a natural, coherent English sentence.
331	2	The Borgias hire that displeased alumnus.	The Borgias hire those displeased alumnus.	-135.0	-135.0	-10.375	-10.375	False	False	morphology	determiner_noun_agreement	Write a natural, coherent English sentence.
332	2	Stacey would arrive at these orange oases.	Stacey would arrive at this orange oases.	-114.0	-114.0	-10.375	-10.375	False	False	morphology	determiner_noun_agreement	Write a natural, coherent English sentence.
333	2	Anna works with this lucky man.	Anna works with these lucky man.	-72.5	-72.5	-10.375	-10.375	False	False	morphology	determiner_noun_agreement	Write a natural, coherent English sentence.
334	2	Walter has scanned this rough thesis.	Walter has scanned these rough thesis.	-83.0	-83.0	-10.375	-10.375	False	False	morphology	determiner_noun_agreement	Write a natural, coherent English sentence.
335	2	Some mushroom bothered that lucky woman.	Some mushroom bothered those lucky woman.	-83.0	-83.0	-10.375	-10.375	False	False	morphology	determiner_noun_agreement	Write a natural, coherent English sentence.
336	2	Cynthia walked through this hard oasis.	Cynthia walked through these hard oasis.	-114.0	-114.0	-10.375	-10.375	False	False	morphology	determiner_noun_agreement	Write a natural, coherent English sentence.
337	2	Liam has healed these black oxen.	Liam has healed this black oxen.	-104.0	-104.0	-10.375	-10.375	False	False	morphology	determiner_noun_agreement	Write a natural, coherent English sentence.
338	2	Andrew did notice these white axes.	Andrew did notice this white axes.	-83.0	-83.0	-10.375	-10.375	False	False	morphology	determiner_noun_agreement	Write a natural, coherent English sentence.
339	2	Bethany kisses these serious alumni.	Bethany kisses this serious alumni.	-104.0	-104.0	-10.375	-10.375	False	False	morphology	determiner_noun_agreement	Write a natural, coherent English sentence.
340	2	Vanessa watches this nice person.	Vanessa watches these nice person.	-72.5	-72.5	-10.375	-10.375	False	False	morphology	determiner_noun_agreement	Write a natural, coherent English sentence.
341	2	Every window astounded that big man.	Every window astounded those big man.	-93.5	-93.5	-10.375	-10.375	False	False	morphology	determiner_noun_agreement	Write a natural, coherent English sentence.
342	2	Donna leaves that upset man.	Donna leaves those upset man.	-72.5	-72.5	-10.375	-10.375	False	False	morphology	determiner_noun_agreement	Write a natural, coherent English sentence.
343	2	Many students drop by that orange oasis.	Many students drop by those orange oasis.	-93.5	-93.5	-10.375	-10.375	False	False	morphology	determiner_noun_agreement	Write a natural, coherent English sentence.
344	2	The sketches looked like this unsure man.	The sketches looked like these unsure man.	-114.0	-114.0	-10.375	-10.375	False	False	morphology	determiner_noun_agreement	Write a natural, coherent English sentence.
345	2	Helen fixes that broken tooth.	Helen fixes those broken tooth.	-72.5	-72.5	-10.375	-10.375	False	False	morphology	determiner_noun_agreement	Write a natural, coherent English sentence.
346	2	Robert wasn't annoying that old person.	Robert wasn't annoying those old person.	-93.5	-93.5	-10.375	-10.375	False	False	morphology	determiner_noun_agreement	Write a natural, coherent English sentence.
347	2	Amy isn't talking to that young woman.	Amy isn't talking to those young woman.	-104.0	-104.0	-10.375	-10.375	False	False	morphology	determiner_noun_agreement	Write a natural, coherent English sentence.
348	2	Alan hadn't remembered these long analyses.	Alan hadn't remembered this long analyses.	-104.0	-104.0	-10.375	-10.375	False	False	morphology	determiner_noun_agreement	Write a natural, coherent English sentence.
349	2	Stephen is working with these out in the open women.	Stephen is working with this out in the open women.	-114.0	-114.0	-10.375	-10.375	False	False	morphology	determiner_noun_agreement	Write a natural, coherent English sentence.
350	2	This library had discussed these employed men.	This library had discussed this employed men.	-83.0	-83.0	-10.375	-10.375	False	False	morphology	determiner_noun_agreement	Write a natural, coherent English sentence.
351	2	This teenager can't worry those delighted men.	This teenager can't worry that delighted men.	-104.0	-104.0	-10.375	-10.375	False	False	morphology	determiner_noun_agreement	Write a natural, coherent English sentence.
352	2	Wendy revealed that sick octopus.	Wendy revealed those sick octopus.	-93.5	-93.5	-10.375	-10.375	False	False	morphology	determiner_noun_agreement	Write a natural, coherent English sentence.
353	2	The Clintons haven't worked with that young person.	The Clintons haven't worked with those young person.	-135.0	-135.0	-10.375	-10.375	False	False	morphology	determiner_noun_agreement	Write a natural, coherent English sentence.
354	2	Some committee aggravates this unconvinced woman.	Some committee aggravates these unconvinced woman.	-124.5	-124.5	-10.375	-10.375	False	False	morphology	determiner_noun_agreement	Write a natural, coherent English sentence.
355	2	Guy bored that troubled man.	Guy bored those troubled man.	-72.5	-72.5	-10.375	-10.375	False	False	morphology	determiner_noun_agreement	Write a natural, coherent English sentence.
356	2	Every actress scanned those bad analyses.	Every actress scanned that bad analyses.	-93.5	-93.5	-10.375	-10.375	False	False	morphology	determiner_noun_agreement	Write a natural, coherent English sentence.
357	2	A library alarms that determined child.	A library alarms those determined child.	-83.0	-83.0	-10.375	-10.375	False	False	morphology	determiner_noun_agreement	Write a natural, coherent English sentence.
358	2	Sheila can't notice this clever man.	Sheila can't notice these clever man.	-104.0	-104.0	-10.375	-10.375	False	False	morphology	determiner_noun_agreement	Write a natural, coherent English sentence.
359	2	James forgets this fast alumnus.	James forgets these fast alumnus.	-93.5	-93.5	-10.375	-10.375	False	False	morphology	determiner_noun_agreement	Write a natural, coherent English sentence.
360	2	Noah hasn't thought about these smooth lice.	Noah hasn't thought about this smooth lice.	-114.0	-114.0	-10.375	-10.375	False	False	morphology	determiner_noun_agreement	Write a natural, coherent English sentence.
361	2	Aaron sees these gray oases.	Aaron sees this gray oases.	-72.5	-72.5	-10.375	-10.375	False	False	morphology	determiner_noun_agreement	Write a natural, coherent English sentence.
362	2	Sherry has taken this standing goose.	Sherry has taken these standing goose.	-93.5	-93.5	-10.375	-10.375	False	False	morphology	determiner_noun_agreement	Write a natural, coherent English sentence.
363	2	Marie hasn't found those ill geese.	Marie hasn't found that ill geese.	-104.0	-104.0	-10.375	-10.375	False	False	morphology	determiner_noun_agreement	Write a natural, coherent English sentence.
364	2	Peter isn't arriving at that red oasis.	Peter isn't arriving at those red oasis.	-114.0	-114.0	-10.375	-10.375	False	False	morphology	determiner_noun_agreement	Write a natural, coherent English sentence.
365	2	Jill isn't boycotting those orange oases.	Jill isn't boycotting that orange oases.	-145.0	-145.0	-10.375	-10.375	False	False	morphology	determiner_noun_agreement	Write a natural, coherent English sentence.
366	2	Julia messes up that orange foot.	Julia messes up those orange foot.	-83.0	-83.0	-10.375	-10.375	False	False	morphology	determiner_noun_agreement	Write a natural, coherent English sentence.
367	2	That hill didn't disturb that content woman.	That hill didn't disturb those content woman.	-104.0	-104.0	-10.375	-10.375	False	False	morphology	determiner_noun_agreement	Write a natural, coherent English sentence.
368	2	Suzanne has concealed that concealed man.	Suzanne has concealed those concealed man.	-104.0	-104.0	-10.375	-10.375	False	False	morphology	determiner_noun_agreement	Write a natural, coherent English sentence.
369	2	Alicia sells that orange octopus.	Alicia sells those orange octopus.	-114.0	-114.0	-10.375	-10.375	False	False	morphology	determiner_noun_agreement	Write a natural, coherent English sentence.
370	2	Leslie has discussed that delighted child.	Leslie has discussed those delighted child.	-83.0	-83.0	-10.375	-10.375	False	False	morphology	determiner_noun_agreement	Write a natural, coherent English sentence.
371	2	Andrea could like these white lice.	Andrea could like this white lice.	-83.0	-83.0	-10.375	-10.375	False	False	morphology	determiner_noun_agreement	Write a natural, coherent English sentence.
372	2	Most children break those rough teeth.	Most children break that rough teeth.	-72.5	-72.5	-10.375	-10.375	False	False	morphology	determiner_noun_agreement	Write a natural, coherent English sentence.
373	2	Richard did work with this clever child.	Richard did work with these clever child.	-83.0	-83.0	-10.375	-10.375	False	False	morphology	determiner_noun_agreement	Write a natural, coherent English sentence.
374	2	Anne hugs this unemployed woman.	Anne hugs these unemployed woman.	-83.0	-83.0	-10.375	-10.375	False	False	morphology	determiner_noun_agreement	Write a natural, coherent English sentence.
375	2	Those actors attack that excited child.	Those actors attack those excited child.	-72.5	-72.5	-10.375	-10.375	False	False	morphology	determiner_noun_agreement	Write a natural, coherent English sentence.
376	2	Bruce was hugging that unconvinced man.	Bruce was hugging those unconvinced man.	-114.0	-114.0	-10.375	-10.375	False	False	morphology	determiner_noun_agreement	Write a natural, coherent English sentence.
377	2	Patrick hasn't hidden this orange oasis.	Patrick hasn't hidden these orange oasis.	-104.0	-104.0	-10.375	-10.375	False	False	morphology	determiner_noun_agreement	Write a natural, coherent English sentence.
378	2	Alicia hadn't discussed that uncertain person.	Alicia hadn't discussed those uncertain person.	-114.0	-114.0	-10.375	-10.375	False	False	morphology	determiner_noun_agreement	Write a natural, coherent English sentence.
379	2	Susan wasn't talking to those confident men.	Susan wasn't talking to that confident men.	-104.0	-104.0	-10.375	-10.375	False	False	morphology	determiner_noun_agreement	Write a natural, coherent English sentence.
380	2	Cheryl will scan that good synopsis.	Cheryl will scan those good synopsis.	-93.5	-93.5	-10.375	-10.375	False	False	morphology	determiner_noun_agreement	Write a natural, coherent English sentence.
381	2	Tamara kissed that unsure man.	Tamara kissed those unsure man.	-83.0	-83.0	-10.375	-10.375	False	False	morphology	determiner_noun_agreement	Write a natural, coherent English sentence.
382	2	Craig boasts about those bad analyses.	Craig boasts about that bad analyses.	-93.5	-93.5	-10.375	-10.375	False	False	morphology	determiner_noun_agreement	Write a natural, coherent English sentence.
383	2	Randolf hadn't hugged those serious people.	Randolf hadn't hugged that serious people.	-114.0	-114.0	-10.375	-10.375	False	False	morphology	determiner_noun_agreement	Write a natural, coherent English sentence.
384	2	Many doctors cure these exposed men.	Many doctors cure this exposed men.	-72.5	-72.5	-10.375	-10.375	False	False	morphology	determiner_noun_agreement	Write a natural, coherent English sentence.
385	2	Women criticized those smooth theses.	Women criticized that smooth theses.	-83.0	-83.0	-10.375	-10.375	False	False	morphology	determiner_noun_agreement	Write a natural, coherent English sentence.
386	2	Some light disturbs that old person.	Some light disturbs those old person.	-93.5	-93.5	-10.375	-10.375	False	False	morphology	determiner_noun_agreement	Write a natural, coherent English sentence.
387	2	Carol was questioning this big man.	Carol was questioning these big man.	-72.5	-72.5	-10.375	-10.375	False	False	morphology	determiner_noun_agreement	Write a natural, coherent English sentence.
388	2	Sara has gone to that old oasis.	Sara has gone to those old oasis.	-93.5	-93.5	-10.375	-10.375	False	False	morphology	determiner_noun_agreement	Write a natural, coherent English sentence.
389	2	Steven brought these red oases.	Steven brought this red oases.	-72.5	-72.5	-10.375	-10.375	False	False	morphology	determiner_noun_agreement	Write a natural, coherent English sentence.
390	2	Diana will disgust these ill children.	Diana will disgust this ill children.	-72.5	-72.5	-10.375	-10.375	False	False	morphology	determiner_noun_agreement	Write a natural, coherent English sentence.
391	2	Steven disturbs these sick alumni.	Steven disturbs this sick alumni.	-104.0	-104.0	-10.375	-10.375	False	False	morphology	determiner_noun_agreement	Write a natural, coherent English sentence.
392	2	Angela wasn't lifting these blue feet.	Angela wasn't lifting this blue feet.	-93.5	-93.5	-10.375	-10.375	False	False	morphology	determiner_noun_agreement	Write a natural, coherent English sentence.
393	2	Sharon hasn't stunned that unsure child.	Sharon hasn't stunned those unsure child.	-124.5	-124.5	-10.375	-10.375	False	False	morphology	determiner_noun_agreement	Write a natural, coherent English sentence.
394	2	These girls question that concealed man.	These girls question those concealed man.	-83.0	-83.0	-10.375	-10.375	False	False	morphology	determiner_noun_agreement	Write a natural, coherent English sentence.
395	2	Martha wasn't kissing this unemployed man.	Martha wasn't kissing these unemployed man.	-114.0	-114.0	-10.375	-10.375	False	False	morphology	determiner_noun_agreement	Write a natural, coherent English sentence.
396	2	Kendra isn't working with this excited child.	Kendra isn't working with these excited child.	-124.5	-124.5	-10.375	-10.375	False	False	morphology	determiner_noun_agreement	Write a natural, coherent English sentence.
397	2	All actresses praise this hard thesis.	All actresses praise these hard thesis.	-83.0	-83.0	-10.375	-10.375	False	False	morphology	determiner_noun_agreement	Write a natural, coherent English sentence.
398	2	David cleans that hard tooth.	David cleans those hard tooth.	-72.5	-72.5	-10.375	-10.375	False	False	morphology	determiner_noun_agreement	Write a natural, coherent English sentence.
399	2	Julia sounded like this uncertain person.	Julia sounded like these uncertain person.	-72.5	-72.5	-10.375	-10.375	False	False	morphology	determiner_noun_agreement	Write a natural, coherent English sentence.
400	2	Those actors attacked that happy alumnus.	Those actors attacked those happy alumnus.	-93.5	-93.5	-10.375	-10.375	False	False	morphology	determiner_noun_agreement	Write a natural, coherent English sentence.
401	2	Eva hadn't admired these black fungi.	Eva hadn't admired this black fungi.	-114.0	-114.0	-10.375	-10.375	False	False	morphology	determiner_noun_agreement	Write a natural, coherent English sentence.
402	2	Many chairs aren't disgusting this unlucky child.	Many chairs aren't disgusting these unlucky child.	-135.0	-135.0	-10.375	-10.375	False	False	morphology	determiner_noun_agreement	Write a natural, coherent English sentence.
403	2	Those waiters break these rough teeth.	Those waiters break this rough teeth.	-83.0	-83.0	-10.375	-10.375	False	False	morphology	determiner_noun_agreement	Write a natural, coherent English sentence.
404	2	Becca leaves this uncertain child.	Becca leaves these uncertain child.	-72.5	-72.5	-10.375	-10.375	False	False	morphology	determiner_noun_agreement	Write a natural, coherent English sentence.
405	2	Some steak disturbs these displeased children.	Some steak disturbs this displeased children.	-124.5	-124.5	-10.375	-10.375	False	False	morphology	determiner_noun_agreement	Write a natural, coherent English sentence.
406	2	Christine wouldn't conceal this lost stimulus.	Christine wouldn't conceal these lost stimulus.	-124.5	-124.5	-10.375	-10.375	False	False	morphology	determiner_noun_agreement	Write a natural, coherent English sentence.
407	2	Every face irritates those unemployed alumni.	Every face irritates that unemployed alumni.	-114.0	-114.0	-10.375	-10.375	False	False	morphology	determiner_noun_agreement	Write a natural, coherent English sentence.
408	2	Susan noticed that unlucky person.	Susan noticed those unlucky person.	-83.0	-83.0	-10.375	-10.375	False	False	morphology	determiner_noun_agreement	Write a natural, coherent English sentence.
409	2	Some women drop by those concealed oases.	Some women drop by that concealed oases.	-104.0	-104.0	-10.375	-10.375	False	False	morphology	determiner_noun_agreement	Write a natural, coherent English sentence.
410	2	The Clintons disagree with these serious men.	The Clintons disagree with this serious men.	-104.0	-104.0	-10.375	-10.375	False	False	morphology	determiner_noun_agreement	Write a natural, coherent English sentence.
411	2	Phillip discovers these busy women.	Phillip discovers this busy women.	-83.0	-83.0	-10.375	-10.375	False	False	morphology	determiner_noun_agreement	Write a natural, coherent English sentence.
412	2	Waiters investigate that hopeful woman.	Waiters investigate those hopeful woman.	-83.0	-83.0	-10.375	-10.375	False	False	morphology	determiner_noun_agreement	Write a natural, coherent English sentence.
413	2	Regina hasn't found these white nuclei.	Regina hasn't found this white nuclei.	-124.5	-124.5	-10.375	-10.375	False	False	morphology	determiner_noun_agreement	Write a natural, coherent English sentence.
414	2	Irene scanned those purple theses.	Irene scanned that purple theses.	-93.5	-93.5	-10.375	-10.375	False	False	morphology	determiner_noun_agreement	Write a natural, coherent English sentence.
415	2	A bank references those popular people.	A bank references that popular people.	-72.5	-72.5	-10.375	-10.375	False	False	morphology	determiner_noun_agreement	Write a natural, coherent English sentence.
416	2	Vincent tours this old oasis.	Vincent tours these old oasis.	-72.5	-72.5	-10.375	-10.375	False	False	morphology	determiner_noun_agreement	Write a natural, coherent English sentence.
417	2	Alicia kisses that standing woman.	Alicia kisses those standing woman.	-93.5	-93.5	-10.375	-10.375	False	False	morphology	determiner_noun_agreement	Write a natural, coherent English sentence.
418	2	Some candles aren't boring those displeased men.	Some candles aren't boring that displeased men.	-135.0	-135.0	-10.375	-10.375	False	False	morphology	determiner_noun_agreement	Write a natural, coherent English sentence.
419	2	That teenager does care for this old alumnus.	That teenager does care for these old alumnus.	-114.0	-114.0	-10.375	-10.375	False	False	morphology	determiner_noun_agreement	Write a natural, coherent English sentence.
420	2	A lot of drawings weren't alarming that displeased man.	A lot of drawings weren't alarming those displeased man.	-156.0	-156.0	-10.375	-10.375	False	False	morphology	determiner_noun_agreement	Write a natural, coherent English sentence.
421	2	That face astounded that important woman.	That face astounded those important woman.	-93.5	-93.5	-10.375	-10.375	False	False	morphology	determiner_noun_agreement	Write a natural, coherent English sentence.
422	2	Tiffany had approached these unemployed people.	Tiffany had approached this unemployed people.	-104.0	-104.0	-10.375	-10.375	False	False	morphology	determiner_noun_agreement	Write a natural, coherent English sentence.
423	2	Christina is passing these rough oases.	Christina is passing this rough oases.	-93.5	-93.5	-10.375	-10.375	False	False	morphology	determiner_noun_agreement	Write a natural, coherent English sentence.
424	2	Debra was praising those busy people.	Debra was praising that busy people.	-93.5	-93.5	-10.375	-10.375	False	False	morphology	determiner_noun_agreement	Write a natural, coherent English sentence.
425	2	The doctors didn't care for these scared children.	The doctors didn't care for this scared children.	-114.0	-114.0	-10.375	-10.375	False	False	morphology	determiner_noun_agreement	Write a natural, coherent English sentence.
426	2	Those ladders stun these small people.	Those ladders stun this small people.	-104.0	-104.0	-10.375	-10.375	False	False	morphology	determiner_noun_agreement	Write a natural, coherent English sentence.
427	2	Samuel isn't distracting these clever women.	Samuel isn't distracting this clever women.	-104.0	-104.0	-10.375	-10.375	False	False	morphology	determiner_noun_agreement	Write a natural, coherent English sentence.
428	2	Lucille dropped by those new oases.	Lucille dropped by that new oases.	-93.5	-93.5	-10.375	-10.375	False	False	morphology	determiner_noun_agreement	Write a natural, coherent English sentence.
429	2	A legislature should aggravate that busy child.	A legislature should aggravate those busy child.	-114.0	-114.0	-10.375	-10.375	False	False	morphology	determiner_noun_agreement	Write a natural, coherent English sentence.
430	2	Larry observed that lucky child.	Larry observed those lucky child.	-62.25	-62.25	-10.375	-10.375	False	False	morphology	determiner_noun_agreement	Write a natural, coherent English sentence.
431	2	Lawrence wasn't approaching those troubled children.	Lawrence wasn't approaching that troubled children.	-104.0	-104.0	-10.375	-10.375	False	False	morphology	determiner_noun_agreement	Write a natural, coherent English sentence.
432	2	Most libraries describe those delighted men.	Most libraries describe that delighted men.	-72.5	-72.5	-10.375	-10.375	False	False	morphology	determiner_noun_agreement	Write a natural, coherent English sentence.
433	2	The Impressionists alarms that sick child.	The Impressionists alarms those sick child.	-104.0	-104.0	-10.375	-10.375	False	False	morphology	determiner_noun_agreement	Write a natural, coherent English sentence.
434	2	A lot of children have this exposed axis.	A lot of children have these exposed axis.	-93.5	-93.5	-10.375	-10.375	False	False	morphology	determiner_noun_agreement	Write a natural, coherent English sentence.
435	2	Melissa couldn't reveal that small man.	Melissa couldn't reveal those small man.	-104.0	-104.0	-10.375	-10.375	False	False	morphology	determiner_noun_agreement	Write a natural, coherent English sentence.
436	2	These carriages won't impress those bad men.	These carriages won't impress that bad men.	-114.0	-114.0	-10.375	-10.375	False	False	morphology	determiner_noun_agreement	Write a natural, coherent English sentence.
437	2	Many girls drop by that red oasis.	Many girls drop by those red oasis.	-93.5	-93.5	-10.375	-10.375	False	False	morphology	determiner_noun_agreement	Write a natural, coherent English sentence.
438	2	The Impressionists fled from this small woman.	The Impressionists fled from these small woman.	-104.0	-104.0	-10.375	-10.375	False	False	morphology	determiner_noun_agreement	Write a natural, coherent English sentence.
439	2	Ann arrived at that blue oasis.	Ann arrived at those blue oasis.	-83.0	-83.0	-10.375	-10.375	False	False	morphology	determiner_noun_agreement	Write a natural, coherent English sentence.
440	2	The sock isn't disturbing those lucky children.	The sock isn't disturbing that lucky children.	-114.0	-114.0	-10.375	-10.375	False	False	morphology	determiner_noun_agreement	Write a natural, coherent English sentence.
441	2	Those socks were shocking those unlucky men.	Those socks were shocking that unlucky men.	-114.0	-114.0	-10.375	-10.375	False	False	morphology	determiner_noun_agreement	Write a natural, coherent English sentence.
442	2	Christine wasn't walking through those cheap oases.	Christine wasn't walking through that cheap oases.	-124.5	-124.5	-10.375	-10.375	False	False	morphology	determiner_noun_agreement	Write a natural, coherent English sentence.
443	2	Mary appreciates those content women.	Mary appreciates that content women.	-72.5	-72.5	-10.375	-10.375	False	False	morphology	determiner_noun_agreement	Write a natural, coherent English sentence.
444	2	That lady didn't question this ill person.	That lady didn't question these ill person.	-104.0	-104.0	-10.375	-10.375	False	False	morphology	determiner_noun_agreement	Write a natural, coherent English sentence.
445	2	Most birds annoy this young woman.	Most birds annoy these young woman.	-72.5	-72.5	-10.375	-10.375	False	False	morphology	determiner_noun_agreement	Write a natural, coherent English sentence.
446	2	Amelia is kissing these content men.	Amelia is kissing this content men.	-93.5	-93.5	-10.375	-10.375	False	False	morphology	determiner_noun_agreement	Write a natural, coherent English sentence.
447	2	Judy isn't taking those standing oxen.	Judy isn't taking that standing oxen.	-114.0	-114.0	-10.375	-10.375	False	False	morphology	determiner_noun_agreement	Write a natural, coherent English sentence.
448	2	Irene is discussing those clever alumni.	Irene is discussing that clever alumni.	-104.0	-104.0	-10.375	-10.375	False	False	morphology	determiner_noun_agreement	Write a natural, coherent English sentence.
449	2	Danielle could describe these long analyses.	Danielle could describe this long analyses.	-93.5	-93.5	-10.375	-10.375	False	False	morphology	determiner_noun_agreement	Write a natural, coherent English sentence.
450	2	Eva hasn't praised that lucky woman.	Eva hasn't praised those lucky woman.	-93.5	-93.5	-10.375	-10.375	False	False	morphology	determiner_noun_agreement	Write a natural, coherent English sentence.
451	2	Grace might observe that unlucky woman.	Grace might observe those unlucky woman.	-93.5	-93.5	-10.375	-10.375	False	False	morphology	determiner_noun_agreement	Write a natural, coherent English sentence.
452	2	The Clintons bothered these clever people.	The Clintons bothered this clever people.	-93.5	-93.5	-10.375	-10.375	False	False	morphology	determiner_noun_agreement	Write a natural, coherent English sentence.
453	2	April hadn't embarrassed those employed alumni.	April hadn't embarrassed that employed alumni.	-114.0	-114.0	-10.375	-10.375	False	False	morphology	determiner_noun_agreement	Write a natural, coherent English sentence.
454	2	Marie shouldn't forget that happy man.	Marie shouldn't forget those happy man.	-93.5	-93.5	-10.375	-10.375	False	False	morphology	determiner_noun_agreement	Write a natural, coherent English sentence.
455	2	Renee isn't breaking that cheap foot.	Renee isn't breaking those cheap foot.	-114.0	-114.0	-10.375	-10.375	False	False	morphology	determiner_noun_agreement	Write a natural, coherent English sentence.
456	2	Monica shouldn't sell those new oases.	Monica shouldn't sell that new oases.	-114.0	-114.0	-10.375	-10.375	False	False	morphology	determiner_noun_agreement	Write a natural, coherent English sentence.
457	2	Every dancer has returned to that troubled man.	Every dancer has returned to those troubled man.	-114.0	-114.0	-10.375	-10.375	False	False	morphology	determiner_noun_agreement	Write a natural, coherent English sentence.
458	2	Those dancers break those green teeth.	Those dancers break that green teeth.	-83.0	-83.0	-10.375	-10.375	False	False	morphology	determiner_noun_agreement	Write a natural, coherent English sentence.
459	2	These teachers talk about these fast women.	These teachers talk about this fast women.	-83.0	-83.0	-10.375	-10.375	False	False	morphology	determiner_noun_agreement	Write a natural, coherent English sentence.
460	2	Spain hasn't praised that happy man.	Spain hasn't praised those happy man.	-93.5	-93.5	-10.375	-10.375	False	False	morphology	determiner_noun_agreement	Write a natural, coherent English sentence.
461	2	Monica does kiss those good people.	Monica does kiss that good people.	-83.0	-83.0	-10.375	-10.375	False	False	morphology	determiner_noun_agreement	Write a natural, coherent English sentence.
462	2	Benjamin can boast about those busy men.	Benjamin can boast about that busy men.	-93.5	-93.5	-10.375	-10.375	False	False	morphology	determiner_noun_agreement	Write a natural, coherent English sentence.
463	2	Donald conceals this lost nucleus.	Donald conceals these lost nucleus.	-83.0	-83.0	-10.375	-10.375	False	False	morphology	determiner_noun_agreement	Write a natural, coherent English sentence.
464	2	Gregory was embarrassing this big woman.	Gregory was embarrassing these big woman.	-83.0	-83.0	-10.375	-10.375	False	False	morphology	determiner_noun_agreement	Write a natural, coherent English sentence.
465	2	The waiter wasn't stunning that hidden child.	The waiter wasn't stunning those hidden child.	-114.0	-114.0	-10.375	-10.375	False	False	morphology	determiner_noun_agreement	Write a natural, coherent English sentence.
466	2	A lot of photographs haven't looked like this red stimulus.	A lot of photographs haven't looked like these red stimulus.	-145.0	-145.0	-10.375	-10.375	False	False	morphology	determiner_noun_agreement	Write a natural, coherent English sentence.
467	2	A patient fixed those cheap feet.	A patient fixed that cheap feet.	-72.5	-72.5	-10.375	-10.375	False	False	morphology	determiner_noun_agreement	Write a natural, coherent English sentence.
468	2	Many gates shouldn't astound these unsure alumni.	Many gates shouldn't astound this unsure alumni.	-145.0	-145.0	-10.375	-10.375	False	False	morphology	determiner_noun_agreement	Write a natural, coherent English sentence.
469	2	That picture hasn't looked like these big men.	That picture hasn't looked like this big men.	-114.0	-114.0	-10.375	-10.375	False	False	morphology	determiner_noun_agreement	Write a natural, coherent English sentence.
470	2	These waitresses talk about this hidden thesis.	These waitresses talk about these hidden thesis.	-104.0	-104.0	-10.375	-10.375	False	False	morphology	determiner_noun_agreement	Write a natural, coherent English sentence.
471	2	Stacy concealed those gray axes.	Stacy concealed that gray axes.	-93.5	-93.5	-10.375	-10.375	False	False	morphology	determiner_noun_agreement	Write a natural, coherent English sentence.
472	2	Nicole remembers those serious alumni.	Nicole remembers that serious alumni.	-93.5	-93.5	-10.375	-10.375	False	False	morphology	determiner_noun_agreement	Write a natural, coherent English sentence.
473	2	Leslie hadn't gone to that small oasis.	Leslie hadn't gone to those small oasis.	-124.5	-124.5	-10.375	-10.375	False	False	morphology	determiner_noun_agreement	Write a natural, coherent English sentence.
474	2	Joel wasn't praising this ill person.	Joel wasn't praising these ill person.	-104.0	-104.0	-10.375	-10.375	False	False	morphology	determiner_noun_agreement	Write a natural, coherent English sentence.
475	2	These drivers embarrasses this young alumnus.	These drivers embarrasses these young alumnus.	-104.0	-104.0	-10.375	-10.375	False	False	morphology	determiner_noun_agreement	Write a natural, coherent English sentence.
476	2	Beef bores that delighted woman.	Beef bores those delighted woman.	-83.0	-83.0	-10.375	-10.375	False	False	morphology	determiner_noun_agreement	Write a natural, coherent English sentence.
477	2	Mitchell goes to this gray oasis.	Mitchell goes to these gray oasis.	-83.0	-83.0	-10.375	-10.375	False	False	morphology	determiner_noun_agreement	Write a natural, coherent English sentence.
478	2	The mouth bores these upset men.	The mouth bores this upset men.	-83.0	-83.0	-10.375	-10.375	False	False	morphology	determiner_noun_agreement	Write a natural, coherent English sentence.
479	2	Most legislatures discuss those good people.	Most legislatures discuss that good people.	-83.0	-83.0	-10.375	-10.375	False	False	morphology	determiner_noun_agreement	Write a natural, coherent English sentence.
480	2	The boys mess up those purple feet.	The boys mess up that purple feet.	-83.0	-83.0	-10.375	-10.375	False	False	morphology	determiner_noun_agreement	Write a natural, coherent English sentence.
481	2	Cashiers describe these fast children.	Cashiers describe this fast children.	-72.5	-72.5	-10.375	-10.375	False	False	morphology	determiner_noun_agreement	Write a natural, coherent English sentence.
482	2	Roger has fired those unconvinced men.	Roger has fired that unconvinced men.	-104.0	-104.0	-10.375	-10.375	False	False	morphology	determiner_noun_agreement	Write a natural, coherent English sentence.
483	2	Amy wasn't kissing this content man.	Amy wasn't kissing these content man.	-104.0	-104.0	-10.375	-10.375	False	False	morphology	determiner_noun_agreement	Write a natural, coherent English sentence.
484	2	Every dancer hadn't praised those good analyses.	Every dancer hadn't praised that good analyses.	-124.5	-124.5	-10.375	-10.375	False	False	morphology	determiner_noun_agreement	Write a natural, coherent English sentence.
485	2	Rhonda wasn't hiding those red mice.	Rhonda wasn't hiding that red mice.	-114.0	-114.0	-10.375	-10.375	False	False	morphology	determiner_noun_agreement	Write a natural, coherent English sentence.
486	2	Every pedestrian talks about that bad synopsis.	Every pedestrian talks about those bad synopsis.	-104.0	-104.0	-10.375	-10.375	False	False	morphology	determiner_noun_agreement	Write a natural, coherent English sentence.
487	2	The fish shocks these old alumni.	The fish shocks this old alumni.	-104.0	-104.0	-10.375	-10.375	False	False	morphology	determiner_noun_agreement	Write a natural, coherent English sentence.
488	2	Those waitresses visited those scared alumni.	Those waitresses visited that scared alumni.	-114.0	-114.0	-10.375	-10.375	False	False	morphology	determiner_noun_agreement	Write a natural, coherent English sentence.
489	2	That library was listening to this nice man.	That library was listening to these nice man.	-93.5	-93.5	-10.375	-10.375	False	False	morphology	determiner_noun_agreement	Write a natural, coherent English sentence.
490	2	Steve wasn't bringing that blue stimulus.	Steve wasn't bringing those blue stimulus.	-104.0	-104.0	-10.375	-10.375	False	False	morphology	determiner_noun_agreement	Write a natural, coherent English sentence.
491	2	Some guest was hiring that scared woman.	Some guest was hiring those scared woman.	-83.0	-83.0	-10.375	-10.375	False	False	morphology	determiner_noun_agreement	Write a natural, coherent English sentence.
492	2	The spotlights upset this unconvinced alumnus.	The spotlights upset these unconvinced alumnus.	-135.0	-135.0	-10.375	-10.375	False	False	morphology	determiner_noun_agreement	Write a natural, coherent English sentence.
493	2	Todd might observe this lost man.	Todd might observe these lost man.	-72.5	-72.5	-10.375	-10.375	False	False	morphology	determiner_noun_agreement	Write a natural, coherent English sentence.
494	2	People could describe that unconvinced person.	People could describe those unconvinced person.	-104.0	-104.0	-10.375	-10.375	False	False	morphology	determiner_noun_agreement	Write a natural, coherent English sentence.
495	2	That waiter had astounded these lucky people.	That waiter had astounded this lucky people.	-114.0	-114.0	-10.375	-10.375	False	False	morphology	determiner_noun_agreement	Write a natural, coherent English sentence.
496	2	Kendra disgusted these confident women.	Kendra disgusted this confident women.	-93.5	-93.5	-10.375	-10.375	False	False	morphology	determiner_noun_agreement	Write a natural, coherent English sentence.
497	2	Spain hasn't annoyed those old people.	Spain hasn't annoyed that old people.	-104.0	-104.0	-10.375	-10.375	False	False	morphology	determiner_noun_agreement	Write a natural, coherent English sentence.
498	2	Steve kisses these out in the open people.	Steve kisses this out in the open people.	-104.0	-104.0	-10.375	-10.375	False	False	morphology	determiner_noun_agreement	Write a natural, coherent English sentence.
499	2	Wayne kissed those unconvinced men.	Wayne kissed that unconvinced men.	-93.5	-93.5	-10.375	-10.375	False	False	morphology	determiner_noun_agreement	Write a natural, coherent English sentence.
500	2	Douglas has brought those lost cacti.	Douglas has brought that lost cacti.	-93.5	-93.5	-10.375	-10.375	False	False	morphology	determiner_noun_agreement	Write a natural, coherent English sentence.
501	2	Tammy can't reveal that big alumnus.	Tammy can't reveal those big alumnus.	-124.5	-124.5	-10.375	-10.375	False	False	morphology	determiner_noun_agreement	Write a natural, coherent English sentence.
502	2	Deborah fled from those standing children.	Deborah fled from that standing children.	-93.5	-93.5	-10.375	-10.375	False	False	morphology	determiner_noun_agreement	Write a natural, coherent English sentence.
503	2	A man wasn't cleaning that hard fungus.	A man wasn't cleaning those hard fungus.	-124.5	-124.5	-10.375	-10.375	False	False	morphology	determiner_noun_agreement	Write a natural, coherent English sentence.
504	2	Danielle has broken those gray teeth.	Danielle has broken that gray teeth.	-83.0	-83.0	-10.375	-10.375	False	False	morphology	determiner_noun_agreement	Write a natural, coherent English sentence.
505	2	Derek praised this big thesis.	Derek praised these big thesis.	-72.5	-72.5	-10.375	-10.375	False	False	morphology	determiner_noun_agreement	Write a natural, coherent English sentence.
506	2	Gary has disgusted those unsure people.	Gary has disgusted that unsure people.	-93.5	-93.5	-10.375	-10.375	False	False	morphology	determiner_noun_agreement	Write a natural, coherent English sentence.
507	2	A senator insulted this bad synopsis.	A senator insulted these bad synopsis.	-104.0	-104.0	-10.375	-10.375	False	False	morphology	determiner_noun_agreement	Write a natural, coherent English sentence.
508	2	A lot of drivers visit these purple oases.	A lot of drivers visit this purple oases.	-104.0	-104.0	-10.375	-10.375	False	False	morphology	determiner_noun_agreement	Write a natural, coherent English sentence.
509	2	Richard isn't attacking this fast child.	Richard isn't attacking these fast child.	-93.5	-93.5	-10.375	-10.375	False	False	morphology	determiner_noun_agreement	Write a natural, coherent English sentence.
510	2	Frank shocked that unsure man.	Frank shocked those unsure man.	-72.5	-72.5	-10.375	-10.375	False	False	morphology	determiner_noun_agreement	Write a natural, coherent English sentence.
511	2	Brett returned to that confident man.	Brett returned to those confident man.	-83.0	-83.0	-10.375	-10.375	False	False	morphology	determiner_noun_agreement	Write a natural, coherent English sentence.
512	2	Many ladies weren't passing these old oases.	Many ladies weren't passing this old oases.	-114.0	-114.0	-10.375	-10.375	False	False	morphology	determiner_noun_agreement	Write a natural, coherent English sentence.
513	2	A waiter brought those purple teeth.	A waiter brought that purple teeth.	-83.0	-83.0	-10.375	-10.375	False	False	morphology	determiner_noun_agreement	Write a natural, coherent English sentence.
514	2	Beverly has fired this fast alumnus.	Beverly has fired these fast alumnus.	-104.0	-104.0	-10.375	-10.375	False	False	morphology	determiner_noun_agreement	Write a natural, coherent English sentence.
515	2	Men haven't observed that standing man.	Men haven't observed those standing man.	-93.5	-93.5	-10.375	-10.375	False	False	morphology	determiner_noun_agreement	Write a natural, coherent English sentence.
516	2	Tiffany admired this ill child.	Tiffany admired these ill child.	-93.5	-93.5	-10.375	-10.375	False	False	morphology	determiner_noun_agreement	Write a natural, coherent English sentence.
517	2	That patient didn't love that unemployed alumnus.	That patient didn't love those unemployed alumnus.	-135.0	-135.0	-10.375	-10.375	False	False	morphology	determiner_noun_agreement	Write a natural, coherent English sentence.
518	2	Aaron reveals that red tooth.	Aaron reveals those red tooth.	-62.25	-62.25	-10.375	-10.375	False	False	morphology	determiner_noun_agreement	Write a natural, coherent English sentence.
519	2	Monica was insulting those bad people.	Monica was insulting that bad people.	-93.5	-93.5	-10.375	-10.375	False	False	morphology	determiner_noun_agreement	Write a natural, coherent English sentence.
520	2	These teenagers watch that old alumnus.	These teenagers watch those old alumnus.	-104.0	-104.0	-10.375	-10.375	False	False	morphology	determiner_noun_agreement	Write a natural, coherent English sentence.
521	2	Tina might confuse this exposed child.	Tina might confuse these exposed child.	-93.5	-93.5	-10.375	-10.375	False	False	morphology	determiner_noun_agreement	Write a natural, coherent English sentence.
522	2	A face was confusing that nice woman.	A face was confusing those nice woman.	-83.0	-83.0	-10.375	-10.375	False	False	morphology	determiner_noun_agreement	Write a natural, coherent English sentence.
523	2	An adult researches that good analysis.	An adult researches those good analysis.	-104.0	-104.0	-10.375	-10.375	False	False	morphology	determiner_noun_agreement	Write a natural, coherent English sentence.
524	2	Some broccoli isn't annoying these unconvinced women.	Some broccoli isn't annoying this unconvinced women.	-156.0	-156.0	-10.375	-10.375	False	False	morphology	determiner_noun_agreement	Write a natural, coherent English sentence.
525	2	Nancy talks about these content children.	Nancy talks about this content children.	-72.5	-72.5	-10.375	-10.375	False	False	morphology	determiner_noun_agreement	Write a natural, coherent English sentence.
526	2	Regina found this lost ox.	Regina found these lost ox.	-83.0	-83.0	-10.375	-10.375	False	False	morphology	determiner_noun_agreement	Write a natural, coherent English sentence.
527	2	Emily had respected that clever man.	Emily had respected those clever man.	-72.5	-72.5	-10.375	-10.375	False	False	morphology	determiner_noun_agreement	Write a natural, coherent English sentence.
528	2	Kathleen has worked with this confident man.	Kathleen has worked with these confident man.	-93.5	-93.5	-10.375	-10.375	False	False	morphology	determiner_noun_agreement	Write a natural, coherent English sentence.
529	2	Most customers are distracting these determined children.	Most customers are distracting this determined children.	-93.5	-93.5	-10.375	-10.375	False	False	morphology	determiner_noun_agreement	Write a natural, coherent English sentence.
530	2	Rachelle didn't cure this black octopus.	Rachelle didn't cure these black octopus.	-124.5	-124.5	-10.375	-10.375	False	False	morphology	determiner_noun_agreement	Write a natural, coherent English sentence.
531	2	Steven hugs these standing men.	Steven hugs this standing men.	-72.5	-72.5	-10.375	-10.375	False	False	morphology	determiner_noun_agreement	Write a natural, coherent English sentence.
532	2	Every popsicle shocked those excited men.	Every popsicle shocked that excited men.	-93.5	-93.5	-10.375	-10.375	False	False	morphology	determiner_noun_agreement	Write a natural, coherent English sentence.
533	2	Sonia lifts that new oasis.	Sonia lifts those new oasis.	-93.5	-93.5	-10.375	-10.375	False	False	morphology	determiner_noun_agreement	Write a natural, coherent English sentence.
534	2	Cheryl might tour that purple oasis.	Cheryl might tour those purple oasis.	-93.5	-93.5	-10.375	-10.375	False	False	morphology	determiner_noun_agreement	Write a natural, coherent English sentence.
535	2	This doctor appreciates this bad child.	This doctor appreciates these bad child.	-83.0	-83.0	-10.375	-10.375	False	False	morphology	determiner_noun_agreement	Write a natural, coherent English sentence.
536	2	Leslie breaks those red feet.	Leslie breaks that red feet.	-72.5	-72.5	-10.375	-10.375	False	False	morphology	determiner_noun_agreement	Write a natural, coherent English sentence.
537	2	Bethany hasn't hidden that yellow louse.	Bethany hasn't hidden those yellow louse.	-114.0	-114.0	-10.375	-10.375	False	False	morphology	determiner_noun_agreement	Write a natural, coherent English sentence.
538	2	Some people have criticized this brown thesis.	Some people have criticized these brown thesis.	-93.5	-93.5	-10.375	-10.375	False	False	morphology	determiner_noun_agreement	Write a natural, coherent English sentence.
539	2	Noah heals this determined child.	Noah heals these determined child.	-72.5	-72.5	-10.375	-10.375	False	False	morphology	determiner_noun_agreement	Write a natural, coherent English sentence.
540	2	Kevin biked to those big oases.	Kevin biked to that big oases.	-104.0	-104.0	-10.375	-10.375	False	False	morphology	determiner_noun_agreement	Write a natural, coherent English sentence.
541	2	Wayne hadn't bored these sick men.	Wayne hadn't bored this sick men.	-93.5	-93.5	-10.375	-10.375	False	False	morphology	determiner_noun_agreement	Write a natural, coherent English sentence.
542	2	Amy returns to those young alumni.	Amy returns to that young alumni.	-93.5	-93.5	-10.375	-10.375	False	False	morphology	determiner_noun_agreement	Write a natural, coherent English sentence.
543	2	That gate did aggravate this excited woman.	That gate did aggravate these excited woman.	-104.0	-104.0	-10.375	-10.375	False	False	morphology	determiner_noun_agreement	Write a natural, coherent English sentence.
544	2	Melissa observes that bad child.	Melissa observes those bad child.	-83.0	-83.0	-10.375	-10.375	False	False	morphology	determiner_noun_agreement	Write a natural, coherent English sentence.
545	2	Kathleen wasn't scanning those long synopses.	Kathleen wasn't scanning that long synopses.	-135.0	-135.0	-10.375	-10.375	False	False	morphology	determiner_noun_agreement	Write a natural, coherent English sentence.
546	2	That guy dropped by these white oases.	That guy dropped by this white oases.	-93.5	-93.5	-10.375	-10.375	False	False	morphology	determiner_noun_agreement	Write a natural, coherent English sentence.
547	2	Every child might fire this serious child.	Every child might fire these serious child.	-83.0	-83.0	-10.375	-10.375	False	False	morphology	determiner_noun_agreement	Write a natural, coherent English sentence.
548	2	Meredith had concealed that black thesis.	Meredith had concealed those black thesis.	-104.0	-104.0	-10.375	-10.375	False	False	morphology	determiner_noun_agreement	Write a natural, coherent English sentence.
549	2	Randolf didn't see these blue teeth.	Randolf didn't see this blue teeth.	-104.0	-104.0	-10.375	-10.375	False	False	morphology	determiner_noun_agreement	Write a natural, coherent English sentence.
550	2	Some guy passes that rough oasis.	Some guy passes those rough oasis.	-83.0	-83.0	-10.375	-10.375	False	False	morphology	determiner_noun_agreement	Write a natural, coherent English sentence.
551	2	Guys hurts that smart man.	Guys hurts those smart man.	-83.0	-83.0	-10.375	-10.375	False	False	morphology	determiner_noun_agreement	Write a natural, coherent English sentence.
552	2	Many museums should describe this fast man.	Many museums should describe these fast man.	-93.5	-93.5	-10.375	-10.375	False	False	morphology	determiner_noun_agreement	Write a natural, coherent English sentence.
553	2	A lot of chairs haven't embarrassed this serious man.	A lot of chairs haven't embarrassed these serious man.	-124.5	-124.5	-10.375	-10.375	False	False	morphology	determiner_noun_agreement	Write a natural, coherent English sentence.
554	2	Emily talked about that ill alumnus.	Emily talked about those ill alumnus.	-93.5	-93.5	-10.375	-10.375	False	False	morphology	determiner_noun_agreement	Write a natural, coherent English sentence.
555	2	A lot of girls notice these black lice.	A lot of girls notice this black lice.	-104.0	-104.0	-10.375	-10.375	False	False	morphology	determiner_noun_agreement	Write a natural, coherent English sentence.
556	2	Those schools reference that green thesis.	Those schools reference those green thesis.	-72.5	-72.5	-10.375	-10.375	False	False	morphology	determiner_noun_agreement	Write a natural, coherent English sentence.
557	2	Bradley had bored this delighted alumnus.	Bradley had bored these delighted alumnus.	-104.0	-104.0	-10.375	-10.375	False	False	morphology	determiner_noun_agreement	Write a natural, coherent English sentence.
558	2	Melinda scares this good woman.	Melinda scares these good woman.	-83.0	-83.0	-10.375	-10.375	False	False	morphology	determiner_noun_agreement	Write a natural, coherent English sentence.
559	2	Those pedestrians go to those big oases.	Those pedestrians go to that big oases.	-114.0	-114.0	-10.375	-10.375	False	False	morphology	determiner_noun_agreement	Write a natural, coherent English sentence.
560	2	Many doctors escaped from that lost child.	Many doctors escaped from those lost child.	-83.0	-83.0	-10.375	-10.375	False	False	morphology	determiner_noun_agreement	Write a natural, coherent English sentence.
561	2	Tamara isn't revealing that orange ox.	Tamara isn't revealing those orange ox.	-104.0	-104.0	-10.375	-10.375	False	False	morphology	determiner_noun_agreement	Write a natural, coherent English sentence.
562	2	Many patients arrive at that hidden oasis.	Many patients arrive at those hidden oasis.	-93.5	-93.5	-10.375	-10.375	False	False	morphology	determiner_noun_agreement	Write a natural, coherent English sentence.
563	2	Beth leaves these happy children.	Beth leaves this happy children.	-62.25	-62.25	-10.375	-10.375	False	False	morphology	determiner_noun_agreement	Write a natural, coherent English sentence.
564	2	Deanna broke that yellow foot.	Deanna broke those yellow foot.	-72.5	-72.5	-10.375	-10.375	False	False	morphology	determiner_noun_agreement	Write a natural, coherent English sentence.
565	2	Jessica had talked to that concealed man.	Jessica had talked to those concealed man.	-93.5	-93.5	-10.375	-10.375	False	False	morphology	determiner_noun_agreement	Write a natural, coherent English sentence.
566	2	Those actors praise those long synopses.	Those actors praise that long synopses.	-93.5	-93.5	-10.375	-10.375	False	False	morphology	determiner_noun_agreement	Write a natural, coherent English sentence.
567	2	This coat hasn't astounded these popular men.	This coat hasn't astounded this popular men.	-124.5	-124.5	-10.375	-10.375	False	False	morphology	determiner_noun_agreement	Write a natural, coherent English sentence.
568	2	Wendy does talk to this scared alumnus.	Wendy does talk to these scared alumnus.	-114.0	-114.0	-10.375	-10.375	False	False	morphology	determiner_noun_agreement	Write a natural, coherent English sentence.
569	2	Christine is questioning these happy men.	Christine is questioning this happy men.	-83.0	-83.0	-10.375	-10.375	False	False	morphology	determiner_noun_agreement	Write a natural, coherent English sentence.
570	2	All doctors loved that displeased man.	All doctors loved those displeased man.	-93.5	-93.5	-10.375	-10.375	False	False	morphology	determiner_noun_agreement	Write a natural, coherent English sentence.
571	2	Waitresses researched these long synopses.	Waitresses researched this long synopses.	-135.0	-135.0	-10.375	-10.375	False	False	morphology	determiner_noun_agreement	Write a natural, coherent English sentence.
572	2	Alexander can flee from this nice woman.	Alexander can flee from these nice woman.	-93.5	-93.5	-10.375	-10.375	False	False	morphology	determiner_noun_agreement	Write a natural, coherent English sentence.
573	2	Walter hadn't hated this fast man.	Walter hadn't hated these fast man.	-93.5	-93.5	-10.375	-10.375	False	False	morphology	determiner_noun_agreement	Write a natural, coherent English sentence.
574	2	Those cashiers buy those smooth lice.	Those cashiers buy that smooth lice.	-93.5	-93.5	-10.375	-10.375	False	False	morphology	determiner_noun_agreement	Write a natural, coherent English sentence.
575	2	Sonia hid that determined child.	Sonia hid those determined child.	-72.5	-72.5	-10.375	-10.375	False	False	morphology	determiner_noun_agreement	Write a natural, coherent English sentence.
576	2	Barbara is observing that excited person.	Barbara is observing those excited person.	-83.0	-83.0	-10.375	-10.375	False	False	morphology	determiner_noun_agreement	Write a natural, coherent English sentence.
577	2	That company stuns these unconvinced women.	That company stuns this unconvinced women.	-114.0	-114.0	-10.375	-10.375	False	False	morphology	determiner_noun_agreement	Write a natural, coherent English sentence.
578	2	Paul thought about those bad theses.	Paul thought about that bad theses.	-83.0	-83.0	-10.375	-10.375	False	False	morphology	determiner_noun_agreement	Write a natural, coherent English sentence.
579	2	Victoria escaped from these displeased children.	Victoria escaped from this displeased children.	-93.5	-93.5	-10.375	-10.375	False	False	morphology	determiner_noun_agreement	Write a natural, coherent English sentence.
580	2	Brad notices this big octopus.	Brad notices these big octopus.	-93.5	-93.5	-10.375	-10.375	False	False	morphology	determiner_noun_agreement	Write a natural, coherent English sentence.
581	2	Adam is praising those yellow theses.	Adam is praising that yellow theses.	-93.5	-93.5	-10.375	-10.375	False	False	morphology	determiner_noun_agreement	Write a natural, coherent English sentence.
582	2	Douglas did tour those hidden oases.	Douglas did tour that hidden oases.	-83.0	-83.0	-10.375	-10.375	False	False	morphology	determiner_noun_agreement	Write a natural, coherent English sentence.
583	2	Gerald couldn't know these happy men.	Gerald couldn't know this happy men.	-104.0	-104.0	-10.375	-10.375	False	False	morphology	determiner_noun_agreement	Write a natural, coherent English sentence.
584	2	Those women hug that smart man.	Those women hug those smart man.	-72.5	-72.5	-10.375	-10.375	False	False	morphology	determiner_noun_agreement	Write a natural, coherent English sentence.
585	2	These senators wouldn't forget that long synopsis.	These senators wouldn't forget those long synopsis.	-124.5	-124.5	-10.375	-10.375	False	False	morphology	determiner_noun_agreement	Write a natural, coherent English sentence.
586	2	Edward took those lost stimuli.	Edward took that lost stimuli.	-72.5	-72.5	-10.375	-10.375	False	False	morphology	determiner_noun_agreement	Write a natural, coherent English sentence.
587	2	The waitresses did know this lucky person.	The waitresses did know these lucky person.	-104.0	-104.0	-10.375	-10.375	False	False	morphology	determiner_noun_agreement	Write a natural, coherent English sentence.
588	2	That library might love this important person.	That library might love these important person.	-83.0	-83.0	-10.375	-10.375	False	False	morphology	determiner_noun_agreement	Write a natural, coherent English sentence.
589	2	Carrie was healing this gray octopus.	Carrie was healing these gray octopus.	-104.0	-104.0	-10.375	-10.375	False	False	morphology	determiner_noun_agreement	Write a natural, coherent English sentence.
590	2	Sonia hadn't cleaned those gray teeth.	Sonia hadn't cleaned that gray teeth.	-104.0	-104.0	-10.375	-10.375	False	False	morphology	determiner_noun_agreement	Write a natural, coherent English sentence.
591	2	The Lutherans alarmed this confident woman.	The Lutherans alarmed these confident woman.	-93.5	-93.5	-10.375	-10.375	False	False	morphology	determiner_noun_agreement	Write a natural, coherent English sentence.
592	2	This shirt impressed those popular people.	This shirt impressed that popular people.	-72.5	-72.5	-10.375	-10.375	False	False	morphology	determiner_noun_agreement	Write a natural, coherent English sentence.
593	2	Some schools love that employed person.	Some schools love those employed person.	-72.5	-72.5	-10.375	-10.375	False	False	morphology	determiner_noun_agreement	Write a natural, coherent English sentence.
594	2	Valerie hasn't known this young child.	Valerie hasn't known these young child.	-104.0	-104.0	-10.375	-10.375	False	False	morphology	determiner_noun_agreement	Write a natural, coherent English sentence.
595	2	Scott respected those displeased men.	Scott respected that displeased men.	-83.0	-83.0	-10.375	-10.375	False	False	morphology	determiner_noun_agreement	Write a natural, coherent English sentence.
596	2	The ladies work with those lost children.	The ladies work with that lost children.	-83.0	-83.0	-10.375	-10.375	False	False	morphology	determiner_noun_agreement	Write a natural, coherent English sentence.
597	2	Dawn had biked to this small oasis.	Dawn had biked to these small oasis.	-124.5	-124.5	-10.375	-10.375	False	False	morphology	determiner_noun_agreement	Write a natural, coherent English sentence.
598	2	Samantha would explore that gray oasis.	Samantha would explore those gray oasis.	-104.0	-104.0	-10.375	-10.375	False	False	morphology	determiner_noun_agreement	Write a natural, coherent English sentence.
599	2	All steps upset those unemployed men.	All steps upset that unemployed men.	-83.0	-83.0	-10.375	-10.375	False	False	morphology	determiner_noun_agreement	Write a natural, coherent English sentence.
600	2	Marla has described that unemployed woman.	Marla has described those unemployed woman.	-93.5	-93.5	-10.375	-10.375	False	False	morphology	determiner_noun_agreement	Write a natural, coherent English sentence.
601	2	Most universities bore those excited children.	Most universities bore that excited children.	-72.5	-72.5	-10.375	-10.375	False	False	morphology	determiner_noun_agreement	Write a natural, coherent English sentence.
602	2	These banks should reference that purple thesis.	These banks should reference those purple thesis.	-83.0	-83.0	-10.375	-10.375	False	False	morphology	determiner_noun_agreement	Write a natural, coherent English sentence.
603	2	Sherry brought those concealed geese.	Sherry brought that concealed geese.	-93.5	-93.5	-10.375	-10.375	False	False	morphology	determiner_noun_agreement	Write a natural, coherent English sentence.
604	2	Many pedestrians complain about these long analyses.	Many pedestrians complain about this long analyses.	-114.0	-114.0	-10.375	-10.375	False	False	morphology	determiner_noun_agreement	Write a natural, coherent English sentence.
605	2	Theresa fixed these small teeth.	Theresa fixed this small teeth.	-72.5	-72.5	-10.375	-10.375	False	False	morphology	determiner_noun_agreement	Write a natural, coherent English sentence.
606	2	This lake disturbed those unconvinced men.	This lake disturbed that unconvinced men.	-114.0	-114.0	-10.375	-10.375	False	False	morphology	determiner_noun_agreement	Write a natural, coherent English sentence.
607	2	Catherine was talking about those bad synopses.	Catherine was talking about that bad synopses.	-104.0	-104.0	-10.375	-10.375	False	False	morphology	determiner_noun_agreement	Write a natural, coherent English sentence.
608	2	Alicia had escaped from these hidden men.	Alicia had escaped from this hidden men.	-104.0	-104.0	-10.375	-10.375	False	False	morphology	determiner_noun_agreement	Write a natural, coherent English sentence.
609	2	Natalie hasn't worked with this confident woman.	Natalie hasn't worked with these confident woman.	-114.0	-114.0	-10.375	-10.375	False	False	morphology	determiner_noun_agreement	Write a natural, coherent English sentence.
610	2	Amelia annoyed this smart man.	Amelia annoyed these smart man.	-83.0	-83.0	-10.375	-10.375	False	False	morphology	determiner_noun_agreement	Write a natural, coherent English sentence.
611	2	Every guest is irritating this serious child.	Every guest is irritating these serious child.	-93.5	-93.5	-10.375	-10.375	False	False	morphology	determiner_noun_agreement	Write a natural, coherent English sentence.
612	2	All reports annoyed this hopeful person.	All reports annoyed these hopeful person.	-93.5	-93.5	-10.375	-10.375	False	False	morphology	determiner_noun_agreement	Write a natural, coherent English sentence.
613	2	These women break those orange teeth.	These women break that orange teeth.	-72.5	-72.5	-10.375	-10.375	False	False	morphology	determiner_noun_agreement	Write a natural, coherent English sentence.
614	2	Christopher could shock this excited child.	Christopher could shock these excited child.	-72.5	-72.5	-10.375	-10.375	False	False	morphology	determiner_noun_agreement	Write a natural, coherent English sentence.
615	2	This spotlight hasn't disgusted that employed child.	This spotlight hasn't disgusted those employed child.	-124.5	-124.5	-10.375	-10.375	False	False	morphology	determiner_noun_agreement	Write a natural, coherent English sentence.
616	2	Samantha fled from that busy child.	Samantha fled from those busy child.	-93.5	-93.5	-10.375	-10.375	False	False	morphology	determiner_noun_agreement	Write a natural, coherent English sentence.
617	2	Lucille arrived at that hard oasis.	Lucille arrived at those hard oasis.	-93.5	-93.5	-10.375	-10.375	False	False	morphology	determiner_noun_agreement	Write a natural, coherent English sentence.
618	2	All teachers see those yellow lice.	All teachers see that yellow lice.	-83.0	-83.0	-10.375	-10.375	False	False	morphology	determiner_noun_agreement	Write a natural, coherent English sentence.
619	2	Some photographs haven't looked like these small octopi.	Some photographs haven't looked like this small octopi.	-135.0	-135.0	-10.375	-10.375	False	False	morphology	determiner_noun_agreement	Write a natural, coherent English sentence.
620	2	Danielle brought those blue feet.	Danielle brought that blue feet.	-72.5	-72.5	-10.375	-10.375	False	False	morphology	determiner_noun_agreement	Write a natural, coherent English sentence.
621	2	Todd hadn't left those exposed men.	Todd hadn't left that exposed men.	-93.5	-93.5	-10.375	-10.375	False	False	morphology	determiner_noun_agreement	Write a natural, coherent English sentence.
622	2	Some doctors embarrasses those delighted alumni.	Some doctors embarrasses that delighted alumni.	-104.0	-104.0	-10.375	-10.375	False	False	morphology	determiner_noun_agreement	Write a natural, coherent English sentence.
623	2	The actresses forget that unemployed alumnus.	The actresses forget those unemployed alumnus.	-114.0	-114.0	-10.375	-10.375	False	False	morphology	determiner_noun_agreement	Write a natural, coherent English sentence.
624	2	A lot of socks alarm this unsure alumnus.	A lot of socks alarm these unsure alumnus.	-124.5	-124.5	-10.375	-10.375	False	False	morphology	determiner_noun_agreement	Write a natural, coherent English sentence.
625	2	The customers are thinking about that busy child.	The customers are thinking about those busy child.	-93.5	-93.5	-10.375	-10.375	False	False	morphology	determiner_noun_agreement	Write a natural, coherent English sentence.
626	2	Kristin wasn't kissing those small men.	Kristin wasn't kissing that small men.	-114.0	-114.0	-10.375	-10.375	False	False	morphology	determiner_noun_agreement	Write a natural, coherent English sentence.
627	2	Omar hasn't broken this broken foot.	Omar hasn't broken these broken foot.	-104.0	-104.0	-10.375	-10.375	False	False	morphology	determiner_noun_agreement	Write a natural, coherent English sentence.
628	2	The actress worked with this nice woman.	The actress worked with these nice woman.	-83.0	-83.0	-10.375	-10.375	False	False	morphology	determiner_noun_agreement	Write a natural, coherent English sentence.
629	2	Patients insult these happy people.	Patients insult this happy people.	-72.5	-72.5	-10.375	-10.375	False	False	morphology	determiner_noun_agreement	Write a natural, coherent English sentence.
630	2	Spain bought those orange lice.	Spain bought that orange lice.	-72.5	-72.5	-10.375	-10.375	False	False	morphology	determiner_noun_agreement	Write a natural, coherent English sentence.
631	2	Those waiters didn't kiss this unlucky child.	Those waiters didn't kiss these unlucky child.	-135.0	-135.0	-10.375	-10.375	False	False	morphology	determiner_noun_agreement	Write a natural, coherent English sentence.
632	2	Jennifer isn't touring these old oases.	Jennifer isn't touring this old oases.	-114.0	-114.0	-10.375	-10.375	False	False	morphology	determiner_noun_agreement	Write a natural, coherent English sentence.
633	2	Glaciers upset this small child.	Glaciers upset these small child.	-83.0	-83.0	-10.375	-10.375	False	False	morphology	determiner_noun_agreement	Write a natural, coherent English sentence.
634	2	John investigated these old men.	John investigated this old men.	-62.25	-62.25	-10.375	-10.375	False	False	morphology	determiner_noun_agreement	Write a natural, coherent English sentence.
635	2	Some doctors hated these yellow theses.	Some doctors hated this yellow theses.	-83.0	-83.0	-10.375	-10.375	False	False	morphology	determiner_noun_agreement	Write a natural, coherent English sentence.
636	2	Linda described that clever man.	Linda described those clever man.	-62.25	-62.25	-10.375	-10.375	False	False	morphology	determiner_noun_agreement	Write a natural, coherent English sentence.
637	2	Many drawings are looking like these excited women.	Many drawings are looking like this excited women.	-93.5	-93.5	-10.375	-10.375	False	False	morphology	determiner_noun_agreement	Write a natural, coherent English sentence.
638	2	Mitchell had concealed that small tooth.	Mitchell had concealed those small tooth.	-83.0	-83.0	-10.375	-10.375	False	False	morphology	determiner_noun_agreement	Write a natural, coherent English sentence.
639	2	Every dog had irritated this young child.	Every dog had irritated these young child.	-93.5	-93.5	-10.375	-10.375	False	False	morphology	determiner_noun_agreement	Write a natural, coherent English sentence.
640	2	Some doctors lift this exposed ox.	Some doctors lift these exposed ox.	-72.5	-72.5	-10.375	-10.375	False	False	morphology	determiner_noun_agreement	Write a natural, coherent English sentence.
641	2	Valerie was disgusting that happy woman.	Valerie was disgusting those happy woman.	-93.5	-93.5	-10.375	-10.375	False	False	morphology	determiner_noun_agreement	Write a natural, coherent English sentence.
642	2	Claire hugs those clever men.	Claire hugs that clever men.	-72.5	-72.5	-10.375	-10.375	False	False	morphology	determiner_noun_agreement	Write a natural, coherent English sentence.
643	2	All adults go to these white oases.	All adults go to this white oases.	-93.5	-93.5	-10.375	-10.375	False	False	morphology	determiner_noun_agreement	Write a natural, coherent English sentence.
644	2	Bill observed this nice child.	Bill observed these nice child.	-62.25	-62.25	-10.375	-10.375	False	False	morphology	determiner_noun_agreement	Write a natural, coherent English sentence.
645	2	Diana kissed these delighted alumni.	Diana kissed this delighted alumni.	-83.0	-83.0	-10.375	-10.375	False	False	morphology	determiner_noun_agreement	Write a natural, coherent English sentence.
646	2	Governments are describing those sick people.	Governments are describing that sick people.	-83.0	-83.0	-10.375	-10.375	False	False	morphology	determiner_noun_agreement	Write a natural, coherent English sentence.
647	2	The doctors cure that young woman.	The doctors cure those young woman.	-72.5	-72.5	-10.375	-10.375	False	False	morphology	determiner_noun_agreement	Write a natural, coherent English sentence.
648	2	Dancers did disagree with this ill child.	Dancers did disagree with these ill child.	-93.5	-93.5	-10.375	-10.375	False	False	morphology	determiner_noun_agreement	Write a natural, coherent English sentence.
649	2	Veronica couldn't embarrass these exposed men.	Veronica couldn't embarrass this exposed men.	-114.0	-114.0	-10.375	-10.375	False	False	morphology	determiner_noun_agreement	Write a natural, coherent English sentence.
650	2	The students cared for that delighted man.	The students cared for those delighted man.	-83.0	-83.0	-10.375	-10.375	False	False	morphology	determiner_noun_agreement	Write a natural, coherent English sentence.
651	2	Steve conceals these important men.	Steve conceals this important men.	-72.5	-72.5	-10.375	-10.375	False	False	morphology	determiner_noun_agreement	Write a natural, coherent English sentence.
652	2	These actresses will talk to these content men.	These actresses will talk to this content men.	-104.0	-104.0	-10.375	-10.375	False	False	morphology	determiner_noun_agreement	Write a natural, coherent English sentence.
653	2	That teenager wouldn't buy these rough oxen.	That teenager wouldn't buy this rough oxen.	-114.0	-114.0	-10.375	-10.375	False	False	morphology	determiner_noun_agreement	Write a natural, coherent English sentence.
654	2	Sheila wouldn't kiss that happy child.	Sheila wouldn't kiss those happy child.	-104.0	-104.0	-10.375	-10.375	False	False	morphology	determiner_noun_agreement	Write a natural, coherent English sentence.
655	2	Erin drove to these out in the open oases.	Erin drove to this out in the open oases.	-124.5	-124.5	-10.375	-10.375	False	False	morphology	determiner_noun_agreement	Write a natural, coherent English sentence.
656	2	Every hat has embarrassed those hopeful people.	Every hat has embarrassed that hopeful people.	-93.5	-93.5	-10.375	-10.375	False	False	morphology	determiner_noun_agreement	Write a natural, coherent English sentence.
657	2	Every man is fleeing from that exposed oasis.	Every man is fleeing from those exposed oasis.	-114.0	-114.0	-10.375	-10.375	False	False	morphology	determiner_noun_agreement	Write a natural, coherent English sentence.
658	2	Some adults visit this ill man.	Some adults visit these ill man.	-72.5	-72.5	-10.375	-10.375	False	False	morphology	determiner_noun_agreement	Write a natural, coherent English sentence.
659	2	Janet did lift that good thesis.	Janet did lift those good thesis.	-83.0	-83.0	-10.375	-10.375	False	False	morphology	determiner_noun_agreement	Write a natural, coherent English sentence.
660	2	Katherine was cleaning this orange tooth.	Katherine was cleaning these orange tooth.	-83.0	-83.0	-10.375	-10.375	False	False	morphology	determiner_noun_agreement	Write a natural, coherent English sentence.
661	2	A lot of tomatoes can't confuse these ill alumni.	A lot of tomatoes can't confuse this ill alumni.	-166.0	-166.0	-10.375	-10.375	False	False	morphology	determiner_noun_agreement	Write a natural, coherent English sentence.
662	2	Rose goes to those out in the open oases.	Rose goes to that out in the open oases.	-114.0	-114.0	-10.375	-10.375	False	False	morphology	determiner_noun_agreement	Write a natural, coherent English sentence.
663	2	These governments criticize those gray oases.	These governments criticize that gray oases.	-93.5	-93.5	-10.375	-10.375	False	False	morphology	determiner_noun_agreement	Write a natural, coherent English sentence.
664	2	Kevin forgot those delighted men.	Kevin forgot that delighted men.	-62.25	-62.25	-10.375	-10.375	False	False	morphology	determiner_noun_agreement	Write a natural, coherent English sentence.
665	2	Most companies describe that long analysis.	Most companies describe those long analysis.	-72.5	-72.5	-10.375	-10.375	False	False	morphology	determiner_noun_agreement	Write a natural, coherent English sentence.
666	2	Vincent was skated around this small oasis.	Vincent was skated around these small oasis.	-104.0	-104.0	-10.375	-10.375	False	False	morphology	determiner_noun_agreement	Write a natural, coherent English sentence.
667	2	Many guys arrive at these out in the open oases.	Many guys arrive at this out in the open oases.	-124.5	-124.5	-10.375	-10.375	False	False	morphology	determiner_noun_agreement	Write a natural, coherent English sentence.
668	2	Gregory hadn't revealed these lost fungi.	Gregory hadn't revealed this lost fungi.	-104.0	-104.0	-10.375	-10.375	False	False	morphology	determiner_noun_agreement	Write a natural, coherent English sentence.
669	2	The cake stuns this standing man.	The cake stuns these standing man.	-83.0	-83.0	-10.375	-10.375	False	False	morphology	determiner_noun_agreement	Write a natural, coherent English sentence.
670	2	Cheryl isn't irritating that clever man.	Cheryl isn't irritating those clever man.	-114.0	-114.0	-10.375	-10.375	False	False	morphology	determiner_noun_agreement	Write a natural, coherent English sentence.
671	2	Some cat bores those old children.	Some cat bores that old children.	-83.0	-83.0	-10.375	-10.375	False	False	morphology	determiner_noun_agreement	Write a natural, coherent English sentence.
672	2	The actress knows that delighted child.	The actress knows those delighted child.	-72.5	-72.5	-10.375	-10.375	False	False	morphology	determiner_noun_agreement	Write a natural, coherent English sentence.
673	2	That actress had driven to these hidden oases.	That actress had driven to this hidden oases.	-104.0	-104.0	-10.375	-10.375	False	False	morphology	determiner_noun_agreement	Write a natural, coherent English sentence.
674	2	The Lutherans arrive at this cheap oasis.	The Lutherans arrive at these cheap oasis.	-104.0	-104.0	-10.375	-10.375	False	False	morphology	determiner_noun_agreement	Write a natural, coherent English sentence.
675	2	Diane was kissing those lost women.	Diane was kissing that lost women.	-93.5	-93.5	-10.375	-10.375	False	False	morphology	determiner_noun_agreement	Write a natural, coherent English sentence.
676	2	Larry disturbs this employed woman.	Larry disturbs these employed woman.	-83.0	-83.0	-10.375	-10.375	False	False	morphology	determiner_noun_agreement	Write a natural, coherent English sentence.
677	2	Pies shock this upset woman.	Pies shock these upset woman.	-72.5	-72.5	-10.375	-10.375	False	False	morphology	determiner_noun_agreement	Write a natural, coherent English sentence.
678	2	Some waiters hug this content alumnus.	Some waiters hug these content alumnus.	-104.0	-104.0	-10.375	-10.375	False	False	morphology	determiner_noun_agreement	Write a natural, coherent English sentence.
679	2	Anna talked to those unsure men.	Anna talked to that unsure men.	-83.0	-83.0	-10.375	-10.375	False	False	morphology	determiner_noun_agreement	Write a natural, coherent English sentence.
680	2	This school bores this determined man.	This school bores these determined man.	-83.0	-83.0	-10.375	-10.375	False	False	morphology	determiner_noun_agreement	Write a natural, coherent English sentence.
681	2	Omar had thought about these unemployed men.	Omar had thought about this unemployed men.	-104.0	-104.0	-10.375	-10.375	False	False	morphology	determiner_noun_agreement	Write a natural, coherent English sentence.
682	2	Winston Churchill cleaned these big nuclei.	Winston Churchill cleaned this big nuclei.	-104.0	-104.0	-10.375	-10.375	False	False	morphology	determiner_noun_agreement	Write a natural, coherent English sentence.
683	2	These organizations aren't concealing that exposed child.	These organizations aren't concealing those exposed child.	-114.0	-114.0	-10.375	-10.375	False	False	morphology	determiner_noun_agreement	Write a natural, coherent English sentence.
684	2	Erin bought this concealed axis.	Erin bought these concealed axis.	-83.0	-83.0	-10.375	-10.375	False	False	morphology	determiner_noun_agreement	Write a natural, coherent English sentence.
685	2	Dan examines this long analysis.	Dan examines these long analysis.	-72.5	-72.5	-10.375	-10.375	False	False	morphology	determiner_noun_agreement	Write a natural, coherent English sentence.
686	2	These drivers concealed these gray oxen.	These drivers concealed this gray oxen.	-93.5	-93.5	-10.375	-10.375	False	False	morphology	determiner_noun_agreement	Write a natural, coherent English sentence.
687	2	All children impresses this happy man.	All children impresses these happy man.	-83.0	-83.0	-10.375	-10.375	False	False	morphology	determiner_noun_agreement	Write a natural, coherent English sentence.
688	2	People will conceal that concealed man.	People will conceal those concealed man.	-93.5	-93.5	-10.375	-10.375	False	False	morphology	determiner_noun_agreement	Write a natural, coherent English sentence.
689	2	Some patient returns to this old man.	Some patient returns to these old man.	-83.0	-83.0	-10.375	-10.375	False	False	morphology	determiner_noun_agreement	Write a natural, coherent English sentence.
690	2	Many actresses discovered those big oases.	Many actresses discovered that big oases.	-93.5	-93.5	-10.375	-10.375	False	False	morphology	determiner_noun_agreement	Write a natural, coherent English sentence.
691	2	The school talks about those young alumni.	The school talks about that young alumni.	-104.0	-104.0	-10.375	-10.375	False	False	morphology	determiner_noun_agreement	Write a natural, coherent English sentence.
692	2	Omar admired these blue fungi.	Omar admired this blue fungi.	-93.5	-93.5	-10.375	-10.375	False	False	morphology	determiner_noun_agreement	Write a natural, coherent English sentence.
693	2	Some school can't hate these good people.	Some school can't hate this good people.	-104.0	-104.0	-10.375	-10.375	False	False	morphology	determiner_noun_agreement	Write a natural, coherent English sentence.
694	2	A lot of eggplants wouldn't disturb that determined woman.	A lot of eggplants wouldn't disturb those determined woman.	-145.0	-145.0	-10.375	-10.375	False	False	morphology	determiner_noun_agreement	Write a natural, coherent English sentence.
695	2	That cake could annoy these uncertain men.	That cake could annoy this uncertain men.	-83.0	-83.0	-10.375	-10.375	False	False	morphology	determiner_noun_agreement	Write a natural, coherent English sentence.
696	2	Lamps are worrying these hopeful alumni.	Lamps are worrying this hopeful alumni.	-114.0	-114.0	-10.375	-10.375	False	False	morphology	determiner_noun_agreement	Write a natural, coherent English sentence.
697	2	A lot of eggplants bore these excited alumni.	A lot of eggplants bore this excited alumni.	-135.0	-135.0	-10.375	-10.375	False	False	morphology	determiner_noun_agreement	Write a natural, coherent English sentence.
698	2	A lot of teachers arrived at these old oases.	A lot of teachers arrived at this old oases.	-114.0	-114.0	-10.375	-10.375	False	False	morphology	determiner_noun_agreement	Write a natural, coherent English sentence.
699	2	Most sweaters hurt those happy people.	Most sweaters hurt that happy people.	-83.0	-83.0	-10.375	-10.375	False	False	morphology	determiner_noun_agreement	Write a natural, coherent English sentence.
700	2	Tara scans those good analyses.	Tara scans that good analyses.	-93.5	-93.5	-10.375	-10.375	False	False	morphology	determiner_noun_agreement	Write a natural, coherent English sentence.
701	2	The man doesn't reference this out in the open woman.	The man doesn't reference these out in the open woman.	-135.0	-135.0	-10.375	-10.375	False	False	morphology	determiner_noun_agreement	Write a natural, coherent English sentence.
702	2	This cashier is leaving this employed person.	This cashier is leaving these employed person.	-93.5	-93.5	-10.375	-10.375	False	False	morphology	determiner_noun_agreement	Write a natural, coherent English sentence.
703	2	Bananas bother these clever alumni.	Bananas bother this clever alumni.	-93.5	-93.5	-10.375	-10.375	False	False	morphology	determiner_noun_agreement	Write a natural, coherent English sentence.
704	2	Some convertibles had worried those fast men.	Some convertibles had worried that fast men.	-93.5	-93.5	-10.375	-10.375	False	False	morphology	determiner_noun_agreement	Write a natural, coherent English sentence.
705	2	Carl bored those nice women.	Carl bored that nice women.	-62.25	-62.25	-10.375	-10.375	False	False	morphology	determiner_noun_agreement	Write a natural, coherent English sentence.
706	2	These teachers explore these old oases.	These teachers explore this old oases.	-83.0	-83.0	-10.375	-10.375	False	False	morphology	determiner_noun_agreement	Write a natural, coherent English sentence.
707	2	Many waiters work with this scared child.	Many waiters work with these scared child.	-93.5	-93.5	-10.375	-10.375	False	False	morphology	determiner_noun_agreement	Write a natural, coherent English sentence.
708	2	Committees admire that smart child.	Committees admire those smart child.	-93.5	-93.5	-10.375	-10.375	False	False	morphology	determiner_noun_agreement	Write a natural, coherent English sentence.
709	2	Matt approaches this exposed child.	Matt approaches these exposed child.	-62.25	-62.25	-10.375	-10.375	False	False	morphology	determiner_noun_agreement	Write a natural, coherent English sentence.
710	2	Brian talks to this lucky man.	Brian talks to these lucky man.	-72.5	-72.5	-10.375	-10.375	False	False	morphology	determiner_noun_agreement	Write a natural, coherent English sentence.
711	2	A boy isn't talking about that red oasis.	A boy isn't talking about those red oasis.	-124.5	-124.5	-10.375	-10.375	False	False	morphology	determiner_noun_agreement	Write a natural, coherent English sentence.
712	2	Phillip bought those black feet.	Phillip bought that black feet.	-72.5	-72.5	-10.375	-10.375	False	False	morphology	determiner_noun_agreement	Write a natural, coherent English sentence.
713	2	Eric isn't buying those brown geese.	Eric isn't buying that brown geese.	-104.0	-104.0	-10.375	-10.375	False	False	morphology	determiner_noun_agreement	Write a natural, coherent English sentence.
714	2	Elaine remembers this delighted woman.	Elaine remembers these delighted woman.	-83.0	-83.0	-10.375	-10.375	False	False	morphology	determiner_noun_agreement	Write a natural, coherent English sentence.
715	2	This pedestrian arrives at that smooth oasis.	This pedestrian arrives at those smooth oasis.	-104.0	-104.0	-10.375	-10.375	False	False	morphology	determiner_noun_agreement	Write a natural, coherent English sentence.
716	2	Those men forget these smart men.	Those men forget this smart men.	-72.5	-72.5	-10.375	-10.375	False	False	morphology	determiner_noun_agreement	Write a natural, coherent English sentence.
717	2	Tara might alarm this unsure person.	Tara might alarm these unsure person.	-93.5	-93.5	-10.375	-10.375	False	False	morphology	determiner_noun_agreement	Write a natural, coherent English sentence.
718	2	Vanessa was healing those purple geese.	Vanessa was healing that purple geese.	-93.5	-93.5	-10.375	-10.375	False	False	morphology	determiner_noun_agreement	Write a natural, coherent English sentence.
719	2	Steven hasn't questioned those troubled people.	Steven hasn't questioned that troubled people.	-104.0	-104.0	-10.375	-10.375	False	False	morphology	determiner_noun_agreement	Write a natural, coherent English sentence.
720	2	Thomas hides this clever woman.	Thomas hides these clever woman.	-72.5	-72.5	-10.375	-10.375	False	False	morphology	determiner_noun_agreement	Write a natural, coherent English sentence.
721	2	Most eyes confuse these content alumni.	Most eyes confuse this content alumni.	-104.0	-104.0	-10.375	-10.375	False	False	morphology	determiner_noun_agreement	Write a natural, coherent English sentence.
722	2	That dog aggravates this busy child.	That dog aggravates these busy child.	-93.5	-93.5	-10.375	-10.375	False	False	morphology	determiner_noun_agreement	Write a natural, coherent English sentence.
723	2	Karen has attacked this popular child.	Karen has attacked these popular child.	-72.5	-72.5	-10.375	-10.375	False	False	morphology	determiner_noun_agreement	Write a natural, coherent English sentence.
724	2	Heidi might confuse those displeased men.	Heidi might confuse that displeased men.	-114.0	-114.0	-10.375	-10.375	False	False	morphology	determiner_noun_agreement	Write a natural, coherent English sentence.
725	2	Maria kisses this bad person.	Maria kisses these bad person.	-72.5	-72.5	-10.375	-10.375	False	False	morphology	determiner_noun_agreement	Write a natural, coherent English sentence.
726	2	Tanya passes this purple oasis.	Tanya passes these purple oasis.	-83.0	-83.0	-10.375	-10.375	False	False	morphology	determiner_noun_agreement	Write a natural, coherent English sentence.
727	2	Marla has respected those delighted alumni.	Marla has respected that delighted alumni.	-104.0	-104.0	-10.375	-10.375	False	False	morphology	determiner_noun_agreement	Write a natural, coherent English sentence.
728	2	Paula is investigating this employed alumnus.	Paula is investigating these employed alumnus.	-114.0	-114.0	-10.375	-10.375	False	False	morphology	determiner_noun_agreement	Write a natural, coherent English sentence.
729	2	Most chairs aren't disgusting those serious women.	Most chairs aren't disgusting that serious women.	-114.0	-114.0	-10.375	-10.375	False	False	morphology	determiner_noun_agreement	Write a natural, coherent English sentence.
730	2	Men hadn't run around this purple oasis.	Men hadn't run around these purple oasis.	-114.0	-114.0	-10.375	-10.375	False	False	morphology	determiner_noun_agreement	Write a natural, coherent English sentence.
731	2	Tina hadn't arrived at those green oases.	Tina hadn't arrived at that green oases.	-124.5	-124.5	-10.375	-10.375	False	False	morphology	determiner_noun_agreement	Write a natural, coherent English sentence.
732	2	Karla knew this busy alumnus.	Karla knew these busy alumnus.	-93.5	-93.5	-10.375	-10.375	False	False	morphology	determiner_noun_agreement	Write a natural, coherent English sentence.
733	2	The actors care for these exposed people.	The actors care for this exposed people.	-83.0	-83.0	-10.375	-10.375	False	False	morphology	determiner_noun_agreement	Write a natural, coherent English sentence.
734	2	Michelle might alarm this employed man.	Michelle might alarm these employed man.	-72.5	-72.5	-10.375	-10.375	False	False	morphology	determiner_noun_agreement	Write a natural, coherent English sentence.
735	2	Maria hasn't walked through these hard oases.	Maria hasn't walked through this hard oases.	-114.0	-114.0	-10.375	-10.375	False	False	morphology	determiner_noun_agreement	Write a natural, coherent English sentence.
736	2	That report might disagree with those delighted men.	That report might disagree with that delighted men.	-93.5	-93.5	-10.375	-10.375	False	False	morphology	determiner_noun_agreement	Write a natural, coherent English sentence.
737	2	Actresses discuss this popular person.	Actresses discuss these popular person.	-83.0	-83.0	-10.375	-10.375	False	False	morphology	determiner_noun_agreement	Write a natural, coherent English sentence.
738	2	Holly won't watch these unlucky men.	Holly won't watch this unlucky men.	-114.0	-114.0	-10.375	-10.375	False	False	morphology	determiner_noun_agreement	Write a natural, coherent English sentence.
739	2	Carl was driving to those blue oases.	Carl was driving to that blue oases.	-93.5	-93.5	-10.375	-10.375	False	False	morphology	determiner_noun_agreement	Write a natural, coherent English sentence.
740	2	Bill passes that rough oasis.	Bill passes those rough oasis.	-72.5	-72.5	-10.375	-10.375	False	False	morphology	determiner_noun_agreement	Write a natural, coherent English sentence.
741	2	All men praise this good thesis.	All men praise these good thesis.	-72.5	-72.5	-10.375	-10.375	False	False	morphology	determiner_noun_agreement	Write a natural, coherent English sentence.
742	2	Many doctors should escape from these hopeful women.	Many doctors should escape from this hopeful women.	-104.0	-104.0	-10.375	-10.375	False	False	morphology	determiner_noun_agreement	Write a natural, coherent English sentence.
743	2	Many girls find these nice men.	Many girls find this nice men.	-72.5	-72.5	-10.375	-10.375	False	False	morphology	determiner_noun_agreement	Write a natural, coherent English sentence.
744	2	Every museum helps those concealed children.	Every museum helps that concealed children.	-83.0	-83.0	-10.375	-10.375	False	False	morphology	determiner_noun_agreement	Write a natural, coherent English sentence.
745	2	Marla was distracting these determined people.	Marla was distracting this determined people.	-93.5	-93.5	-10.375	-10.375	False	False	morphology	determiner_noun_agreement	Write a natural, coherent English sentence.
746	2	Those computers might confuse this nice child.	Those computers might confuse these nice child.	-93.5	-93.5	-10.375	-10.375	False	False	morphology	determiner_noun_agreement	Write a natural, coherent English sentence.
747	2	Tanya hasn't loved that content woman.	Tanya hasn't loved those content woman.	-104.0	-104.0	-10.375	-10.375	False	False	morphology	determiner_noun_agreement	Write a natural, coherent English sentence.
748	2	Theresa won't conceal those lost lice.	Theresa won't conceal that lost lice.	-124.5	-124.5	-10.375	-10.375	False	False	morphology	determiner_noun_agreement	Write a natural, coherent English sentence.
749	2	The Borgias do cure these out in the open octopi.	The Borgias do cure this out in the open octopi.	-156.0	-156.0	-10.375	-10.375	False	False	morphology	determiner_noun_agreement	Write a natural, coherent English sentence.
750	2	Kenneth messed up those lost teeth.	Kenneth messed up that lost teeth.	-93.5	-93.5	-10.375	-10.375	False	False	morphology	determiner_noun_agreement	Write a natural, coherent English sentence.
751	2	Jodi doesn't alarm these unsure people.	Jodi doesn't alarm this unsure people.	-114.0	-114.0	-10.375	-10.375	False	False	morphology	determiner_noun_agreement	Write a natural, coherent English sentence.
752	2	This customer scans those good analyses.	This customer scans that good analyses.	-93.5	-93.5	-10.375	-10.375	False	False	morphology	determiner_noun_agreement	Write a natural, coherent English sentence.
753	2	Vincent can't watch this hopeful alumnus.	Vincent can't watch these hopeful alumnus.	-124.5	-124.5	-10.375	-10.375	False	False	morphology	determiner_noun_agreement	Write a natural, coherent English sentence.
754	2	Jodi talked to this unconvinced child.	Jodi talked to these unconvinced child.	-114.0	-114.0	-10.375	-10.375	False	False	morphology	determiner_noun_agreement	Write a natural, coherent English sentence.
755	2	Katherine exited these exposed oases.	Katherine exited this exposed oases.	-93.5	-93.5	-10.375	-10.375	False	False	morphology	determiner_noun_agreement	Write a natural, coherent English sentence.
756	2	Beverly hasn't brought these rough fungi.	Beverly hasn't brought this rough fungi.	-114.0	-114.0	-10.375	-10.375	False	False	morphology	determiner_noun_agreement	Write a natural, coherent English sentence.
757	2	That unicycle is boring those standing children.	That unicycle is boring that standing children.	-104.0	-104.0	-10.375	-10.375	False	False	morphology	determiner_noun_agreement	Write a natural, coherent English sentence.
758	2	That boy can't escape from those unsure children.	That boy can't escape from that unsure children.	-124.5	-124.5	-10.375	-10.375	False	False	morphology	determiner_noun_agreement	Write a natural, coherent English sentence.
759	2	An adult bought these black axes.	An adult bought this black axes.	-83.0	-83.0	-10.375	-10.375	False	False	morphology	determiner_noun_agreement	Write a natural, coherent English sentence.
760	2	Sara isn't kissing this nice woman.	Sara isn't kissing these nice woman.	-104.0	-104.0	-10.375	-10.375	False	False	morphology	determiner_noun_agreement	Write a natural, coherent English sentence.
761	2	Robert couldn't embarrass those scared people.	Robert couldn't embarrass that scared people.	-93.5	-93.5	-10.375	-10.375	False	False	morphology	determiner_noun_agreement	Write a natural, coherent English sentence.
762	2	Deborah had fled from that important woman.	Deborah had fled from those important woman.	-104.0	-104.0	-10.375	-10.375	False	False	morphology	determiner_noun_agreement	Write a natural, coherent English sentence.
763	2	Brenda discussed that serious woman.	Brenda discussed those serious woman.	-72.5	-72.5	-10.375	-10.375	False	False	morphology	determiner_noun_agreement	Write a natural, coherent English sentence.
764	2	Some women questioned that big woman.	Some women questioned those big woman.	-72.5	-72.5	-10.375	-10.375	False	False	morphology	determiner_noun_agreement	Write a natural, coherent English sentence.
765	2	Rodney didn't kiss those displeased women.	Rodney didn't kiss that displeased women.	-124.5	-124.5	-10.375	-10.375	False	False	morphology	determiner_noun_agreement	Write a natural, coherent English sentence.
766	2	Carrie can help those lost alumni.	Carrie can help that lost alumni.	-104.0	-104.0	-10.375	-10.375	False	False	morphology	determiner_noun_agreement	Write a natural, coherent English sentence.
767	2	Many guests approach this lucky man.	Many guests approach these lucky man.	-72.5	-72.5	-10.375	-10.375	False	False	morphology	determiner_noun_agreement	Write a natural, coherent English sentence.
768	2	Some student messes up that hard foot.	Some student messes up those hard foot.	-93.5	-93.5	-10.375	-10.375	False	False	morphology	determiner_noun_agreement	Write a natural, coherent English sentence.
769	2	Some men had skated around these hard oases.	Some men had skated around this hard oases.	-114.0	-114.0	-10.375	-10.375	False	False	morphology	determiner_noun_agreement	Write a natural, coherent English sentence.
770	2	Some light would annoy those happy alumni.	Some light would annoy that happy alumni.	-104.0	-104.0	-10.375	-10.375	False	False	morphology	determiner_noun_agreement	Write a natural, coherent English sentence.
771	2	Many casseroles shock these unconvinced men.	Many casseroles shock this unconvinced men.	-124.5	-124.5	-10.375	-10.375	False	False	morphology	determiner_noun_agreement	Write a natural, coherent English sentence.
772	2	Carl talks about those confident children.	Carl talks about that confident children.	-72.5	-72.5	-10.375	-10.375	False	False	morphology	determiner_noun_agreement	Write a natural, coherent English sentence.
773	2	Timothy was dropping by those new oases.	Timothy was dropping by that new oases.	-104.0	-104.0	-10.375	-10.375	False	False	morphology	determiner_noun_agreement	Write a natural, coherent English sentence.
774	2	Lori has approached these scared people.	Lori has approached this scared people.	-83.0	-83.0	-10.375	-10.375	False	False	morphology	determiner_noun_agreement	Write a natural, coherent English sentence.
775	2	Jodi wouldn't mess up those orange feet.	Jodi wouldn't mess up that orange feet.	-114.0	-114.0	-10.375	-10.375	False	False	morphology	determiner_noun_agreement	Write a natural, coherent English sentence.
776	2	This newspaper article will embarrass this determined child.	This newspaper article will embarrass these determined child.	-93.5	-93.5	-10.375	-10.375	False	False	morphology	determiner_noun_agreement	Write a natural, coherent English sentence.
777	2	A lot of guys conceal this long analysis.	A lot of guys conceal these long analysis.	-104.0	-104.0	-10.375	-10.375	False	False	morphology	determiner_noun_agreement	Write a natural, coherent English sentence.
778	2	Lawrence fired that serious woman.	Lawrence fired those serious woman.	-62.25	-62.25	-10.375	-10.375	False	False	morphology	determiner_noun_agreement	Write a natural, coherent English sentence.
779	2	This story didn't bore this serious man.	This story didn't bore these serious man.	-104.0	-104.0	-10.375	-10.375	False	False	morphology	determiner_noun_agreement	Write a natural, coherent English sentence.
780	2	Mary can't remember that clever person.	Mary can't remember those clever person.	-93.5	-93.5	-10.375	-10.375	False	False	morphology	determiner_noun_agreement	Write a natural, coherent English sentence.
781	2	Marie could listen to that big woman.	Marie could listen to those big woman.	-83.0	-83.0	-10.375	-10.375	False	False	morphology	determiner_noun_agreement	Write a natural, coherent English sentence.
782	2	Clyde had those exposed axes.	Clyde had that exposed axes.	-93.5	-93.5	-10.375	-10.375	False	False	morphology	determiner_noun_agreement	Write a natural, coherent English sentence.
783	2	Victoria has left these delighted men.	Victoria has left this delighted men.	-72.5	-72.5	-10.375	-10.375	False	False	morphology	determiner_noun_agreement	Write a natural, coherent English sentence.
784	2	The Impressionists disagree with those bad analyses.	The Impressionists disagree with that bad analyses.	-114.0	-114.0	-10.375	-10.375	False	False	morphology	determiner_noun_agreement	Write a natural, coherent English sentence.
785	2	Amy took that hidden fungus.	Amy took those hidden fungus.	-83.0	-83.0	-10.375	-10.375	False	False	morphology	determiner_noun_agreement	Write a natural, coherent English sentence.
786	2	Rose was fixing this hard foot.	Rose was fixing these hard foot.	-72.5	-72.5	-10.375	-10.375	False	False	morphology	determiner_noun_agreement	Write a natural, coherent English sentence.
787	2	Most dishes weren't astounding these scared men.	Most dishes weren't astounding this scared men.	-124.5	-124.5	-10.375	-10.375	False	False	morphology	determiner_noun_agreement	Write a natural, coherent English sentence.
788	2	The doctor sees those smooth cacti.	The doctor sees that smooth cacti.	-93.5	-93.5	-10.375	-10.375	False	False	morphology	determiner_noun_agreement	Write a natural, coherent English sentence.
789	2	Rodney hadn't cured these white octopi.	Rodney hadn't cured this white octopi.	-135.0	-135.0	-10.375	-10.375	False	False	morphology	determiner_noun_agreement	Write a natural, coherent English sentence.
790	2	This museum hadn't disgusted these troubled men.	This museum hadn't disgusted this troubled men.	-124.5	-124.5	-10.375	-10.375	False	False	morphology	determiner_noun_agreement	Write a natural, coherent English sentence.
791	2	Patrick complained about those scared men.	Patrick complained about that scared men.	-72.5	-72.5	-10.375	-10.375	False	False	morphology	determiner_noun_agreement	Write a natural, coherent English sentence.
792	2	Jacqueline should stun these determined alumni.	Jacqueline should stun this determined alumni.	-124.5	-124.5	-10.375	-10.375	False	False	morphology	determiner_noun_agreement	Write a natural, coherent English sentence.
793	2	All apples worry this serious man.	All apples worry these serious man.	-83.0	-83.0	-10.375	-10.375	False	False	morphology	determiner_noun_agreement	Write a natural, coherent English sentence.
794	2	The drawing isn't scaring that old child.	The drawing isn't scaring those old child.	-114.0	-114.0	-10.375	-10.375	False	False	morphology	determiner_noun_agreement	Write a natural, coherent English sentence.
795	2	Veronica questioned this uncertain woman.	Veronica questioned these uncertain woman.	-83.0	-83.0	-10.375	-10.375	False	False	morphology	determiner_noun_agreement	Write a natural, coherent English sentence.
796	2	Vanessa hadn't known this determined alumnus.	Vanessa hadn't known these determined alumnus.	-124.5	-124.5	-10.375	-10.375	False	False	morphology	determiner_noun_agreement	Write a natural, coherent English sentence.
797	2	Cynthia hadn't kissed this unemployed man.	Cynthia hadn't kissed these unemployed man.	-135.0	-135.0	-10.375	-10.375	False	False	morphology	determiner_noun_agreement	Write a natural, coherent English sentence.
798	2	These companies irritate that exposed woman.	These companies irritate those exposed woman.	-83.0	-83.0	-10.375	-10.375	False	False	morphology	determiner_noun_agreement	Write a natural, coherent English sentence.
799	2	This dancer wasn't biking to this orange oasis.	This dancer wasn't biking to these orange oasis.	-145.0	-145.0	-10.375	-10.375	False	False	morphology	determiner_noun_agreement	Write a natural, coherent English sentence.
800	2	Those legislatures could disturb this upset alumnus.	Those legislatures could disturb these upset alumnus.	-114.0	-114.0	-10.375	-10.375	False	False	morphology	determiner_noun_agreement	Write a natural, coherent English sentence.
801	2	Some adult hasn't hidden these ill men.	Some adult hasn't hidden this ill men.	-104.0	-104.0	-10.375	-10.375	False	False	morphology	determiner_noun_agreement	Write a natural, coherent English sentence.
802	2	A cashier should insult these hidden children.	A cashier should insult this hidden children.	-93.5	-93.5	-10.375	-10.375	False	False	morphology	determiner_noun_agreement	Write a natural, coherent English sentence.
803	2	Danielle could annoy that confident man.	Danielle could annoy those confident man.	-83.0	-83.0	-10.375	-10.375	False	False	morphology	determiner_noun_agreement	Write a natural, coherent English sentence.
804	2	These teachers lift this exposed goose.	These teachers lift these exposed goose.	-83.0	-83.0	-10.375	-10.375	False	False	morphology	determiner_noun_agreement	Write a natural, coherent English sentence.
805	2	Christina drove to that exposed oasis.	Christina drove to those exposed oasis.	-93.5	-93.5	-10.375	-10.375	False	False	morphology	determiner_noun_agreement	Write a natural, coherent English sentence.
806	2	Jesus hadn't sounded like these hidden people.	Jesus hadn't sounded like this hidden people.	-104.0	-104.0	-10.375	-10.375	False	False	morphology	determiner_noun_agreement	Write a natural, coherent English sentence.
807	2	Many mushrooms irritate that upset man.	Many mushrooms irritate those upset man.	-93.5	-93.5	-10.375	-10.375	False	False	morphology	determiner_noun_agreement	Write a natural, coherent English sentence.
808	2	Some committee bought those white lice.	Some committee bought that white lice.	-83.0	-83.0	-10.375	-10.375	False	False	morphology	determiner_noun_agreement	Write a natural, coherent English sentence.
809	2	Daniel hasn't known this determined man.	Daniel hasn't known these determined man.	-93.5	-93.5	-10.375	-10.375	False	False	morphology	determiner_noun_agreement	Write a natural, coherent English sentence.
810	2	Art hadn't scared these serious alumni.	Art hadn't scared this serious alumni.	-114.0	-114.0	-10.375	-10.375	False	False	morphology	determiner_noun_agreement	Write a natural, coherent English sentence.
811	2	Alice fires this unconvinced child.	Alice fires these unconvinced child.	-93.5	-93.5	-10.375	-10.375	False	False	morphology	determiner_noun_agreement	Write a natural, coherent English sentence.
812	2	Melanie hid that exposed tooth.	Melanie hid those exposed tooth.	-72.5	-72.5	-10.375	-10.375	False	False	morphology	determiner_noun_agreement	Write a natural, coherent English sentence.
813	2	Most hamsters find that red tooth.	Most hamsters find those red tooth.	-83.0	-83.0	-10.375	-10.375	False	False	morphology	determiner_noun_agreement	Write a natural, coherent English sentence.
814	2	Those children explore those small oases.	Those children explore that small oases.	-83.0	-83.0	-10.375	-10.375	False	False	morphology	determiner_noun_agreement	Write a natural, coherent English sentence.
815	2	Most museums listen to this troubled man.	Most museums listen to these troubled man.	-104.0	-104.0	-10.375	-10.375	False	False	morphology	determiner_noun_agreement	Write a natural, coherent English sentence.
816	2	Patrick embarrassed this unemployed person.	Patrick embarrassed these unemployed person.	-72.5	-72.5	-10.375	-10.375	False	False	morphology	determiner_noun_agreement	Write a natural, coherent English sentence.
817	2	A lot of icicles had alarmed that hidden woman.	A lot of icicles had alarmed those hidden woman.	-124.5	-124.5	-10.375	-10.375	False	False	morphology	determiner_noun_agreement	Write a natural, coherent English sentence.
818	2	Matt hadn't impressed this exposed child.	Matt hadn't impressed these exposed child.	-93.5	-93.5	-10.375	-10.375	False	False	morphology	determiner_noun_agreement	Write a natural, coherent English sentence.
819	2	Eric might see those new feet.	Eric might see that new feet.	-72.5	-72.5	-10.375	-10.375	False	False	morphology	determiner_noun_agreement	Write a natural, coherent English sentence.
820	2	Some turtle can confuse this old alumnus.	Some turtle can confuse these old alumnus.	-135.0	-135.0	-10.375	-10.375	False	False	morphology	determiner_noun_agreement	Write a natural, coherent English sentence.
821	2	Most guests explore these smooth oases.	Most guests explore this smooth oases.	-83.0	-83.0	-10.375	-10.375	False	False	morphology	determiner_noun_agreement	Write a natural, coherent English sentence.
822	2	Brian has praised that happy alumnus.	Brian has praised those happy alumnus.	-93.5	-93.5	-10.375	-10.375	False	False	morphology	determiner_noun_agreement	Write a natural, coherent English sentence.
823	2	Karen sees these ill lice.	Karen sees this ill lice.	-72.5	-72.5	-10.375	-10.375	False	False	morphology	determiner_noun_agreement	Write a natural, coherent English sentence.
824	2	Alicia doesn't observe this confident alumnus.	Alicia doesn't observe these confident alumnus.	-135.0	-135.0	-10.375	-10.375	False	False	morphology	determiner_noun_agreement	Write a natural, coherent English sentence.
825	2	That horse does find this lost octopus.	That horse does find these lost octopus.	-104.0	-104.0	-10.375	-10.375	False	False	morphology	determiner_noun_agreement	Write a natural, coherent English sentence.
826	2	Those customers haven't annoyed those delighted children.	Those customers haven't annoyed that delighted children.	-114.0	-114.0	-10.375	-10.375	False	False	morphology	determiner_noun_agreement	Write a natural, coherent English sentence.
827	2	The Great Lakes confused these hidden women.	The Great Lakes confused this hidden women.	-93.5	-93.5	-10.375	-10.375	False	False	morphology	determiner_noun_agreement	Write a natural, coherent English sentence.
828	2	Russell watches these unsure women.	Russell watches this unsure women.	-72.5	-72.5	-10.375	-10.375	False	False	morphology	determiner_noun_agreement	Write a natural, coherent English sentence.
829	2	Jacqueline has concealed these long synopses.	Jacqueline has concealed this long synopses.	-124.5	-124.5	-10.375	-10.375	False	False	morphology	determiner_noun_agreement	Write a natural, coherent English sentence.
830	2	Carrie isn't hiring this small woman.	Carrie isn't hiring these small woman.	-104.0	-104.0	-10.375	-10.375	False	False	morphology	determiner_noun_agreement	Write a natural, coherent English sentence.
831	2	Charles doesn't admire these big mice.	Charles doesn't admire this big mice.	-114.0	-114.0	-10.375	-10.375	False	False	morphology	determiner_noun_agreement	Write a natural, coherent English sentence.
832	2	The Impressionists might think about that white thesis.	The Impressionists might think about those white thesis.	-114.0	-114.0	-10.375	-10.375	False	False	morphology	determiner_noun_agreement	Write a natural, coherent English sentence.
833	2	Most men question those bad people.	Most men question that bad people.	-72.5	-72.5	-10.375	-10.375	False	False	morphology	determiner_noun_agreement	Write a natural, coherent English sentence.
834	2	Lissa hasn't left this upset woman.	Lissa hasn't left these upset woman.	-104.0	-104.0	-10.375	-10.375	False	False	morphology	determiner_noun_agreement	Write a natural, coherent English sentence.
835	2	Janice won't fire that determined child.	Janice won't fire those determined child.	-104.0	-104.0	-10.375	-10.375	False	False	morphology	determiner_noun_agreement	Write a natural, coherent English sentence.
836	2	This company criticized this lucky man.	This company criticized these lucky man.	-83.0	-83.0	-10.375	-10.375	False	False	morphology	determiner_noun_agreement	Write a natural, coherent English sentence.
837	2	The banks hurt that excited woman.	The banks hurt those excited woman.	-72.5	-72.5	-10.375	-10.375	False	False	morphology	determiner_noun_agreement	Write a natural, coherent English sentence.
838	2	Peter wasn't walking through those red oases.	Peter wasn't walking through that red oases.	-114.0	-114.0	-10.375	-10.375	False	False	morphology	determiner_noun_agreement	Write a natural, coherent English sentence.
839	2	Rebecca wasn't referencing this long synopsis.	Rebecca wasn't referencing these long synopsis.	-114.0	-114.0	-10.375	-10.375	False	False	morphology	determiner_noun_agreement	Write a natural, coherent English sentence.
840	2	Naomi notices this smooth octopus.	Naomi notices these smooth octopus.	-104.0	-104.0	-10.375	-10.375	False	False	morphology	determiner_noun_agreement	Write a natural, coherent English sentence.
841	2	Patrick conceals this hard stimulus.	Patrick conceals these hard stimulus.	-83.0	-83.0	-10.375	-10.375	False	False	morphology	determiner_noun_agreement	Write a natural, coherent English sentence.
842	2	Candice shouldn't bring those smooth feet.	Candice shouldn't bring that smooth feet.	-104.0	-104.0	-10.375	-10.375	False	False	morphology	determiner_noun_agreement	Write a natural, coherent English sentence.
843	2	All books sound like those content women.	All books sound like that content women.	-83.0	-83.0	-10.375	-10.375	False	False	morphology	determiner_noun_agreement	Write a natural, coherent English sentence.
844	2	Bethany hasn't arrived at this white oasis.	Bethany hasn't arrived at these white oasis.	-124.5	-124.5	-10.375	-10.375	False	False	morphology	determiner_noun_agreement	Write a natural, coherent English sentence.
845	2	Steve reveals these unemployed alumni.	Steve reveals this unemployed alumni.	-93.5	-93.5	-10.375	-10.375	False	False	morphology	determiner_noun_agreement	Write a natural, coherent English sentence.
846	2	Sonia was upsetting that ill woman.	Sonia was upsetting those ill woman.	-93.5	-93.5	-10.375	-10.375	False	False	morphology	determiner_noun_agreement	Write a natural, coherent English sentence.
847	2	Keith wasn't boring these delighted men.	Keith wasn't boring this delighted men.	-93.5	-93.5	-10.375	-10.375	False	False	morphology	determiner_noun_agreement	Write a natural, coherent English sentence.
848	2	The Borgias admire these hard mice.	The Borgias admire this hard mice.	-114.0	-114.0	-10.375	-10.375	False	False	morphology	determiner_noun_agreement	Write a natural, coherent English sentence.
849	2	These drivers had forgotten this good analysis.	These drivers had forgotten these good analysis.	-83.0	-83.0	-10.375	-10.375	False	False	morphology	determiner_noun_agreement	Write a natural, coherent English sentence.
850	2	Helen skates around this blue oasis.	Helen skates around these blue oasis.	-93.5	-93.5	-10.375	-10.375	False	False	morphology	determiner_noun_agreement	Write a natural, coherent English sentence.
851	2	Galileo found that smooth stimulus.	Galileo found those smooth stimulus.	-93.5	-93.5	-10.375	-10.375	False	False	morphology	determiner_noun_agreement	Write a natural, coherent English sentence.
852	2	Kimberley isn't curing these small octopi.	Kimberley isn't curing this small octopi.	-145.0	-145.0	-10.375	-10.375	False	False	morphology	determiner_noun_agreement	Write a natural, coherent English sentence.
853	2	Debra didn't conceal these popular men.	Debra didn't conceal this popular men.	-114.0	-114.0	-10.375	-10.375	False	False	morphology	determiner_noun_agreement	Write a natural, coherent English sentence.
854	2	A lot of doctors hug these scared children.	A lot of doctors hug this scared children.	-93.5	-93.5	-10.375	-10.375	False	False	morphology	determiner_noun_agreement	Write a natural, coherent English sentence.
855	2	Those pedestrians weren't fleeing from these concealed men.	Those pedestrians weren't fleeing from this concealed men.	-156.0	-156.0	-10.375	-10.375	False	False	morphology	determiner_noun_agreement	Write a natural, coherent English sentence.
856	2	Those children find that exposed thesis.	Those children find those exposed thesis.	-72.5	-72.5	-10.375	-10.375	False	False	morphology	determiner_noun_agreement	Write a natural, coherent English sentence.
857	2	Debra admires these blue octopi.	Debra admires this blue octopi.	-104.0	-104.0	-10.375	-10.375	False	False	morphology	determiner_noun_agreement	Write a natural, coherent English sentence.
858	2	Bruce wasn't approaching that clever alumnus.	Bruce wasn't approaching those clever alumnus.	-114.0	-114.0	-10.375	-10.375	False	False	morphology	determiner_noun_agreement	Write a natural, coherent English sentence.
859	2	Lawrence isn't questioning that nice woman.	Lawrence isn't questioning those nice woman.	-93.5	-93.5	-10.375	-10.375	False	False	morphology	determiner_noun_agreement	Write a natural, coherent English sentence.
860	2	Some waitresses have this big octopus.	Some waitresses have these big octopus.	-114.0	-114.0	-10.375	-10.375	False	False	morphology	determiner_noun_agreement	Write a natural, coherent English sentence.
861	2	Carolyn had embarrassed that busy alumnus.	Carolyn had embarrassed those busy alumnus.	-104.0	-104.0	-10.375	-10.375	False	False	morphology	determiner_noun_agreement	Write a natural, coherent English sentence.
862	2	Jeffrey aggravated that smart man.	Jeffrey aggravated those smart man.	-93.5	-93.5	-10.375	-10.375	False	False	morphology	determiner_noun_agreement	Write a natural, coherent English sentence.
863	2	Guy messed up this yellow foot.	Guy messed up these yellow foot.	-83.0	-83.0	-10.375	-10.375	False	False	morphology	determiner_noun_agreement	Write a natural, coherent English sentence.
864	2	Every book is embarrassing this small woman.	Every book is embarrassing these small woman.	-93.5	-93.5	-10.375	-10.375	False	False	morphology	determiner_noun_agreement	Write a natural, coherent English sentence.
865	2	These associations were talking about these scared women.	These associations were talking about this scared women.	-93.5	-93.5	-10.375	-10.375	False	False	morphology	determiner_noun_agreement	Write a natural, coherent English sentence.
866	2	Todd disturbs this upset child.	Todd disturbs these upset child.	-83.0	-83.0	-10.375	-10.375	False	False	morphology	determiner_noun_agreement	Write a natural, coherent English sentence.
867	2	That window alarms these exposed women.	That window alarms this exposed women.	-83.0	-83.0	-10.375	-10.375	False	False	morphology	determiner_noun_agreement	Write a natural, coherent English sentence.
868	2	A window upsets these upset men.	A window upsets this upset men.	-83.0	-83.0	-10.375	-10.375	False	False	morphology	determiner_noun_agreement	Write a natural, coherent English sentence.
869	2	Monet is fixing that brown foot.	Monet is fixing those brown foot.	-83.0	-83.0	-10.375	-10.375	False	False	morphology	determiner_noun_agreement	Write a natural, coherent English sentence.
870	2	Adam left these big alumni.	Adam left this big alumni.	-83.0	-83.0	-10.375	-10.375	False	False	morphology	determiner_noun_agreement	Write a natural, coherent English sentence.
871	2	Stacy can exit that big oasis.	Stacy can exit those big oasis.	-93.5	-93.5	-10.375	-10.375	False	False	morphology	determiner_noun_agreement	Write a natural, coherent English sentence.
872	2	Roger was returning to those happy alumni.	Roger was returning to that happy alumni.	-104.0	-104.0	-10.375	-10.375	False	False	morphology	determiner_noun_agreement	Write a natural, coherent English sentence.
873	2	Dana isn't investigating this ill woman.	Dana isn't investigating these ill woman.	-114.0	-114.0	-10.375	-10.375	False	False	morphology	determiner_noun_agreement	Write a natural, coherent English sentence.
874	2	Tammy has those yellow axes.	Tammy has that yellow axes.	-83.0	-83.0	-10.375	-10.375	False	False	morphology	determiner_noun_agreement	Write a natural, coherent English sentence.
875	2	Marla leaves those employed children.	Marla leaves that employed children.	-72.5	-72.5	-10.375	-10.375	False	False	morphology	determiner_noun_agreement	Write a natural, coherent English sentence.
876	2	Sarah referenced that ill child.	Sarah referenced those ill child.	-72.5	-72.5	-10.375	-10.375	False	False	morphology	determiner_noun_agreement	Write a natural, coherent English sentence.
877	2	Edward complained about this serious child.	Edward complained about these serious child.	-72.5	-72.5	-10.375	-10.375	False	False	morphology	determiner_noun_agreement	Write a natural, coherent English sentence.
878	2	Carolyn healed those bad women.	Carolyn healed that bad women.	-83.0	-83.0	-10.375	-10.375	False	False	morphology	determiner_noun_agreement	Write a natural, coherent English sentence.
879	2	The waitresses fired those upset alumni.	The waitresses fired that upset alumni.	-114.0	-114.0	-10.375	-10.375	False	False	morphology	determiner_noun_agreement	Write a natural, coherent English sentence.
880	2	Every driver dropped by that old oasis.	Every driver dropped by those old oasis.	-93.5	-93.5	-10.375	-10.375	False	False	morphology	determiner_noun_agreement	Write a natural, coherent English sentence.
881	2	William hadn't hugged these hopeful alumni.	William hadn't hugged this hopeful alumni.	-135.0	-135.0	-10.375	-10.375	False	False	morphology	determiner_noun_agreement	Write a natural, coherent English sentence.
882	2	The Lutherans had messed up those lost feet.	The Lutherans had messed up that lost feet.	-114.0	-114.0	-10.375	-10.375	False	False	morphology	determiner_noun_agreement	Write a natural, coherent English sentence.
883	2	Florence hasn't confused those standing men.	Florence hasn't confused that standing men.	-93.5	-93.5	-10.375	-10.375	False	False	morphology	determiner_noun_agreement	Write a natural, coherent English sentence.
884	2	Some convertible upset this upset woman.	Some convertible upset these upset woman.	-83.0	-83.0	-10.375	-10.375	False	False	morphology	determiner_noun_agreement	Write a natural, coherent English sentence.
885	2	Rebecca saw this hidden foot.	Rebecca saw these hidden foot.	-62.25	-62.25	-10.375	-10.375	False	False	morphology	determiner_noun_agreement	Write a natural, coherent English sentence.
886	2	Derek returned to these content men.	Derek returned to this content men.	-83.0	-83.0	-10.375	-10.375	False	False	morphology	determiner_noun_agreement	Write a natural, coherent English sentence.
887	2	Those teachers love those hidden women.	Those teachers love that hidden women.	-72.5	-72.5	-10.375	-10.375	False	False	morphology	determiner_noun_agreement	Write a natural, coherent English sentence.
888	2	Jennifer worried those ill men.	Jennifer worried that ill men.	-62.25	-62.25	-10.375	-10.375	False	False	morphology	determiner_noun_agreement	Write a natural, coherent English sentence.
889	2	A chair was stunning this big man.	A chair was stunning these big man.	-83.0	-83.0	-10.375	-10.375	False	False	morphology	determiner_noun_agreement	Write a natural, coherent English sentence.
890	2	Paintings looked like that gray thesis.	Paintings looked like those gray thesis.	-93.5	-93.5	-10.375	-10.375	False	False	morphology	determiner_noun_agreement	Write a natural, coherent English sentence.
891	2	Karla toured this rough oasis.	Karla toured these rough oasis.	-93.5	-93.5	-10.375	-10.375	False	False	morphology	determiner_noun_agreement	Write a natural, coherent English sentence.
892	2	Walter couldn't boycott those hidden oases.	Walter couldn't boycott that hidden oases.	-114.0	-114.0	-10.375	-10.375	False	False	morphology	determiner_noun_agreement	Write a natural, coherent English sentence.
893	2	Donald has worried this smart man.	Donald has worried these smart man.	-72.5	-72.5	-10.375	-10.375	False	False	morphology	determiner_noun_agreement	Write a natural, coherent English sentence.
894	2	Catherine has boycotted those gray oases.	Catherine has boycotted that gray oases.	-104.0	-104.0	-10.375	-10.375	False	False	morphology	determiner_noun_agreement	Write a natural, coherent English sentence.
895	2	Nicole toured those yellow oases.	Nicole toured that yellow oases.	-83.0	-83.0	-10.375	-10.375	False	False	morphology	determiner_noun_agreement	Write a natural, coherent English sentence.
896	2	Barbara praises that young woman.	Barbara praises those young woman.	-72.5	-72.5	-10.375	-10.375	False	False	morphology	determiner_noun_agreement	Write a natural, coherent English sentence.
897	2	The apple aggravates those hopeful children.	The apple aggravates that hopeful children.	-104.0	-104.0	-10.375	-10.375	False	False	morphology	determiner_noun_agreement	Write a natural, coherent English sentence.
898	2	All photographs could look like this big fungus.	All photographs could look like these big fungus.	-114.0	-114.0	-10.375	-10.375	False	False	morphology	determiner_noun_agreement	Write a natural, coherent English sentence.
899	2	Guys should talk about that good synopsis.	Guys should talk about those good synopsis.	-104.0	-104.0	-10.375	-10.375	False	False	morphology	determiner_noun_agreement	Write a natural, coherent English sentence.
900	2	Tracy discovered this concealed alumnus.	Tracy discovered these concealed alumnus.	-104.0	-104.0	-10.375	-10.375	False	False	morphology	determiner_noun_agreement	Write a natural, coherent English sentence.
901	2	All actresses are helping this troubled man.	All actresses are helping these troubled man.	-104.0	-104.0	-10.375	-10.375	False	False	morphology	determiner_noun_agreement	Write a natural, coherent English sentence.
902	2	Douglas isn't revealing this dirty foot.	Douglas isn't revealing these dirty foot.	-93.5	-93.5	-10.375	-10.375	False	False	morphology	determiner_noun_agreement	Write a natural, coherent English sentence.
903	2	Most senators confuse that standing child.	Most senators confuse those standing child.	-93.5	-93.5	-10.375	-10.375	False	False	morphology	determiner_noun_agreement	Write a natural, coherent English sentence.
904	2	Those doctors embarrass that upset woman.	Those doctors embarrass those upset woman.	-72.5	-72.5	-10.375	-10.375	False	False	morphology	determiner_noun_agreement	Write a natural, coherent English sentence.
905	2	A lot of customers were healing those sick men.	A lot of customers were healing that sick men.	-104.0	-104.0	-10.375	-10.375	False	False	morphology	determiner_noun_agreement	Write a natural, coherent English sentence.
906	2	Sabrina does conceal these old alumni.	Sabrina does conceal this old alumni.	-124.5	-124.5	-10.375	-10.375	False	False	morphology	determiner_noun_agreement	Write a natural, coherent English sentence.
907	2	Many girls can't observe those young alumni.	Many girls can't observe that young alumni.	-124.5	-124.5	-10.375	-10.375	False	False	morphology	determiner_noun_agreement	Write a natural, coherent English sentence.
908	2	The actresses hire that lucky man.	The actresses hire those lucky man.	-83.0	-83.0	-10.375	-10.375	False	False	morphology	determiner_noun_agreement	Write a natural, coherent English sentence.
909	2	Andrea is firing that scared child.	Andrea is firing those scared child.	-72.5	-72.5	-10.375	-10.375	False	False	morphology	determiner_noun_agreement	Write a natural, coherent English sentence.
910	2	That dancer scanned that bad synopsis.	That dancer scanned those bad synopsis.	-104.0	-104.0	-10.375	-10.375	False	False	morphology	determiner_noun_agreement	Write a natural, coherent English sentence.
911	2	Daniel breaks these dirty teeth.	Daniel breaks this dirty teeth.	-62.25	-62.25	-10.375	-10.375	False	False	morphology	determiner_noun_agreement	Write a natural, coherent English sentence.
912	2	Students had messed up those purple teeth.	Students had messed up that purple teeth.	-93.5	-93.5	-10.375	-10.375	False	False	morphology	determiner_noun_agreement	Write a natural, coherent English sentence.
913	2	Becky boycotted those old oases.	Becky boycotted that old oases.	-104.0	-104.0	-10.375	-10.375	False	False	morphology	determiner_noun_agreement	Write a natural, coherent English sentence.
914	2	Florence talks to those good women.	Florence talks to that good women.	-72.5	-72.5	-10.375	-10.375	False	False	morphology	determiner_noun_agreement	Write a natural, coherent English sentence.
915	2	Carmen won't break this big foot.	Carmen won't break these big foot.	-104.0	-104.0	-10.375	-10.375	False	False	morphology	determiner_noun_agreement	Write a natural, coherent English sentence.
916	2	Stephen fired those employed men.	Stephen fired that employed men.	-62.25	-62.25	-10.375	-10.375	False	False	morphology	determiner_noun_agreement	Write a natural, coherent English sentence.
917	2	Many governments confuse this sick woman.	Many governments confuse these sick woman.	-83.0	-83.0	-10.375	-10.375	False	False	morphology	determiner_noun_agreement	Write a natural, coherent English sentence.
918	2	Heidi healed this troubled child.	Heidi healed these troubled child.	-93.5	-93.5	-10.375	-10.375	False	False	morphology	determiner_noun_agreement	Write a natural, coherent English sentence.
919	2	Daniel questions these employed alumni.	Daniel questions this employed alumni.	-83.0	-83.0	-10.375	-10.375	False	False	morphology	determiner_noun_agreement	Write a natural, coherent English sentence.
920	2	People admire these yellow oxen.	People admire this yellow oxen.	-83.0	-83.0	-10.375	-10.375	False	False	morphology	determiner_noun_agreement	Write a natural, coherent English sentence.
921	2	Those adults embarrasses this displeased woman.	Those adults embarrasses these displeased woman.	-104.0	-104.0	-10.375	-10.375	False	False	morphology	determiner_noun_agreement	Write a natural, coherent English sentence.
922	2	Winston Churchill notices these big nuclei.	Winston Churchill notices this big nuclei.	-114.0	-114.0	-10.375	-10.375	False	False	morphology	determiner_noun_agreement	Write a natural, coherent English sentence.
923	2	All women hide those concealed nuclei.	All women hide that concealed nuclei.	-93.5	-93.5	-10.375	-10.375	False	False	morphology	determiner_noun_agreement	Write a natural, coherent English sentence.
924	2	Charles was escaping from those lucky men.	Charles was escaping from that lucky men.	-93.5	-93.5	-10.375	-10.375	False	False	morphology	determiner_noun_agreement	Write a natural, coherent English sentence.
925	2	Paul doesn't insult this happy woman.	Paul doesn't insult these happy woman.	-93.5	-93.5	-10.375	-10.375	False	False	morphology	determiner_noun_agreement	Write a natural, coherent English sentence.
926	2	Galileo isn't scanning this brown thesis.	Galileo isn't scanning these brown thesis.	-124.5	-124.5	-10.375	-10.375	False	False	morphology	determiner_noun_agreement	Write a natural, coherent English sentence.
927	2	The newspaper article doesn't annoy that exposed man.	The newspaper article doesn't annoy those exposed man.	-114.0	-114.0	-10.375	-10.375	False	False	morphology	determiner_noun_agreement	Write a natural, coherent English sentence.
928	2	Carmen noticed these gray cacti.	Carmen noticed this gray cacti.	-93.5	-93.5	-10.375	-10.375	False	False	morphology	determiner_noun_agreement	Write a natural, coherent English sentence.
929	2	Teresa approaches this upset man.	Teresa approaches these upset man.	-72.5	-72.5	-10.375	-10.375	False	False	morphology	determiner_noun_agreement	Write a natural, coherent English sentence.
930	2	April was revealing this hidden woman.	April was revealing these hidden woman.	-72.5	-72.5	-10.375	-10.375	False	False	morphology	determiner_noun_agreement	Write a natural, coherent English sentence.
931	2	Michael has loved these scared men.	Michael has loved this scared men.	-72.5	-72.5	-10.375	-10.375	False	False	morphology	determiner_noun_agreement	Write a natural, coherent English sentence.
932	2	Joseph hadn't bought those hard lice.	Joseph hadn't bought that hard lice.	-104.0	-104.0	-10.375	-10.375	False	False	morphology	determiner_noun_agreement	Write a natural, coherent English sentence.
933	2	Larry did drive to this out in the open oasis.	Larry did drive to these out in the open oasis.	-124.5	-124.5	-10.375	-10.375	False	False	morphology	determiner_noun_agreement	Write a natural, coherent English sentence.
934	2	Lisa hasn't driven to that new oasis.	Lisa hasn't driven to those new oasis.	-114.0	-114.0	-10.375	-10.375	False	False	morphology	determiner_noun_agreement	Write a natural, coherent English sentence.
935	2	Steve scanned this good synopsis.	Steve scanned these good synopsis.	-83.0	-83.0	-10.375	-10.375	False	False	morphology	determiner_noun_agreement	Write a natural, coherent English sentence.
936	2	The Lutherans care for those hopeful men.	The Lutherans care for that hopeful men.	-104.0	-104.0	-10.375	-10.375	False	False	morphology	determiner_noun_agreement	Write a natural, coherent English sentence.
937	2	Christine bikes to these orange oases.	Christine bikes to this orange oases.	-104.0	-104.0	-10.375	-10.375	False	False	morphology	determiner_noun_agreement	Write a natural, coherent English sentence.
938	2	Most actors distracted this popular woman.	Most actors distracted these popular woman.	-83.0	-83.0	-10.375	-10.375	False	False	morphology	determiner_noun_agreement	Write a natural, coherent English sentence.
939	2	Emily should observe those displeased men.	Emily should observe that displeased men.	-93.5	-93.5	-10.375	-10.375	False	False	morphology	determiner_noun_agreement	Write a natural, coherent English sentence.
940	2	The drivers do sell this green thesis.	The drivers do sell these green thesis.	-83.0	-83.0	-10.375	-10.375	False	False	morphology	determiner_noun_agreement	Write a natural, coherent English sentence.
941	2	Most drivers love these unemployed men.	Most drivers love this unemployed men.	-83.0	-83.0	-10.375	-10.375	False	False	morphology	determiner_noun_agreement	Write a natural, coherent English sentence.
942	2	Those doctors care for this hopeful man.	Those doctors care for these hopeful man.	-93.5	-93.5	-10.375	-10.375	False	False	morphology	determiner_noun_agreement	Write a natural, coherent English sentence.
943	2	Brad kisses that displeased man.	Brad kisses those displeased man.	-93.5	-93.5	-10.375	-10.375	False	False	morphology	determiner_noun_agreement	Write a natural, coherent English sentence.
944	2	Danielle had argued about those troubled men.	Danielle had argued about that troubled men.	-104.0	-104.0	-10.375	-10.375	False	False	morphology	determiner_noun_agreement	Write a natural, coherent English sentence.
945	2	An actor is disgusting those unsure men.	An actor is disgusting that unsure men.	-104.0	-104.0	-10.375	-10.375	False	False	morphology	determiner_noun_agreement	Write a natural, coherent English sentence.
946	2	Galileo didn't hurt those displeased children.	Galileo didn't hurt that displeased children.	-135.0	-135.0	-10.375	-10.375	False	False	morphology	determiner_noun_agreement	Write a natural, coherent English sentence.
947	2	Omar messed up these small teeth.	Omar messed up this small teeth.	-93.5	-93.5	-10.375	-10.375	False	False	morphology	determiner_noun_agreement	Write a natural, coherent English sentence.
948	2	Carmen will watch this smart person.	Carmen will watch these smart person.	-83.0	-83.0	-10.375	-10.375	False	False	morphology	determiner_noun_agreement	Write a natural, coherent English sentence.
949	2	Jeffrey hid that unlucky child.	Jeffrey hid those unlucky child.	-93.5	-93.5	-10.375	-10.375	False	False	morphology	determiner_noun_agreement	Write a natural, coherent English sentence.
950	2	Every plane bothers this upset child.	Every plane bothers these upset child.	-83.0	-83.0	-10.375	-10.375	False	False	morphology	determiner_noun_agreement	Write a natural, coherent English sentence.
951	2	A lot of hospitals have those blue teeth.	A lot of hospitals have that blue teeth.	-93.5	-93.5	-10.375	-10.375	False	False	morphology	determiner_noun_agreement	Write a natural, coherent English sentence.
952	2	Nancy wasn't disturbing that clever man.	Nancy wasn't disturbing those clever man.	-104.0	-104.0	-10.375	-10.375	False	False	morphology	determiner_noun_agreement	Write a natural, coherent English sentence.
953	2	These ladies bought that white tooth.	These ladies bought those white tooth.	-72.5	-72.5	-10.375	-10.375	False	False	morphology	determiner_noun_agreement	Write a natural, coherent English sentence.
954	2	Every skirt annoys that confident person.	Every skirt annoys those confident person.	-93.5	-93.5	-10.375	-10.375	False	False	morphology	determiner_noun_agreement	Write a natural, coherent English sentence.
955	2	These actors weren't biking to these red oases.	These actors weren't biking to this red oases.	-135.0	-135.0	-10.375	-10.375	False	False	morphology	determiner_noun_agreement	Write a natural, coherent English sentence.
956	2	Carmen has described those confident people.	Carmen has described that confident people.	-83.0	-83.0	-10.375	-10.375	False	False	morphology	determiner_noun_agreement	Write a natural, coherent English sentence.
957	2	All legislatures criticize that brown oasis.	All legislatures criticize those brown oasis.	-104.0	-104.0	-10.375	-10.375	False	False	morphology	determiner_noun_agreement	Write a natural, coherent English sentence.
958	2	Paula works with that clever person.	Paula works with those clever person.	-83.0	-83.0	-10.375	-10.375	False	False	morphology	determiner_noun_agreement	Write a natural, coherent English sentence.
959	2	Benjamin respects those confident children.	Benjamin respects that confident children.	-72.5	-72.5	-10.375	-10.375	False	False	morphology	determiner_noun_agreement	Write a natural, coherent English sentence.
960	2	Mitchell attacked these unsure alumni.	Mitchell attacked this unsure alumni.	-93.5	-93.5	-10.375	-10.375	False	False	morphology	determiner_noun_agreement	Write a natural, coherent English sentence.
961	2	The Lutherans hadn't cleaned these broken teeth.	The Lutherans hadn't cleaned this broken teeth.	-114.0	-114.0	-10.375	-10.375	False	False	morphology	determiner_noun_agreement	Write a natural, coherent English sentence.
962	2	A lot of children observe that young child.	A lot of children observe those young child.	-93.5	-93.5	-10.375	-10.375	False	False	morphology	determiner_noun_agreement	Write a natural, coherent English sentence.
963	2	Gary hadn't sounded like this out in the open oasis.	Gary hadn't sounded like these out in the open oasis.	-145.0	-145.0	-10.375	-10.375	False	False	morphology	determiner_noun_agreement	Write a natural, coherent English sentence.
964	2	That fish annoyed this serious alumnus.	That fish annoyed these serious alumnus.	-104.0	-104.0	-10.375	-10.375	False	False	morphology	determiner_noun_agreement	Write a natural, coherent English sentence.
965	2	Spotlights worry those standing people.	Spotlights worry that standing people.	-72.5	-72.5	-10.375	-10.375	False	False	morphology	determiner_noun_agreement	Write a natural, coherent English sentence.
966	2	Rodney returned to these content alumni.	Rodney returned to this content alumni.	-104.0	-104.0	-10.375	-10.375	False	False	morphology	determiner_noun_agreement	Write a natural, coherent English sentence.
967	2	Bruce references this unemployed child.	Bruce references these unemployed child.	-72.5	-72.5	-10.375	-10.375	False	False	morphology	determiner_noun_agreement	Write a natural, coherent English sentence.
968	2	Many museums criticize this bad analysis.	Many museums criticize these bad analysis.	-93.5	-93.5	-10.375	-10.375	False	False	morphology	determiner_noun_agreement	Write a natural, coherent English sentence.
969	2	Danielle knows that concealed man.	Danielle knows those concealed man.	-83.0	-83.0	-10.375	-10.375	False	False	morphology	determiner_noun_agreement	Write a natural, coherent English sentence.
970	2	Katherine sells that smooth oasis.	Katherine sells those smooth oasis.	-93.5	-93.5	-10.375	-10.375	False	False	morphology	determiner_noun_agreement	Write a natural, coherent English sentence.
971	2	Meredith hadn't scared these clever people.	Meredith hadn't scared this clever people.	-114.0	-114.0	-10.375	-10.375	False	False	morphology	determiner_noun_agreement	Write a natural, coherent English sentence.
972	2	Walter biked to these gray oases.	Walter biked to this gray oases.	-104.0	-104.0	-10.375	-10.375	False	False	morphology	determiner_noun_agreement	Write a natural, coherent English sentence.
973	2	Phillip has investigated this unemployed man.	Phillip has investigated these unemployed man.	-93.5	-93.5	-10.375	-10.375	False	False	morphology	determiner_noun_agreement	Write a natural, coherent English sentence.
974	2	Alice knows that ill woman.	Alice knows those ill woman.	-62.25	-62.25	-10.375	-10.375	False	False	morphology	determiner_noun_agreement	Write a natural, coherent English sentence.
975	2	Daniel bothered that unemployed alumnus.	Daniel bothered those unemployed alumnus.	-93.5	-93.5	-10.375	-10.375	False	False	morphology	determiner_noun_agreement	Write a natural, coherent English sentence.
976	2	Some children notice this black thesis.	Some children notice these black thesis.	-72.5	-72.5	-10.375	-10.375	False	False	morphology	determiner_noun_agreement	Write a natural, coherent English sentence.
977	2	George has alarmed these unemployed children.	George has alarmed this unemployed children.	-93.5	-93.5	-10.375	-10.375	False	False	morphology	determiner_noun_agreement	Write a natural, coherent English sentence.
978	2	Sarah won't drive to this concealed oasis.	Sarah won't drive to these concealed oasis.	-124.5	-124.5	-10.375	-10.375	False	False	morphology	determiner_noun_agreement	Write a natural, coherent English sentence.
979	2	Grace arrived at those small oases.	Grace arrived at that small oases.	-83.0	-83.0	-10.375	-10.375	False	False	morphology	determiner_noun_agreement	Write a natural, coherent English sentence.
980	2	David kisses that lucky man.	David kisses those lucky man.	-72.5	-72.5	-10.375	-10.375	False	False	morphology	determiner_noun_agreement	Write a natural, coherent English sentence.
981	2	Laura isn't lifting this smooth axis.	Laura isn't lifting these smooth axis.	-93.5	-93.5	-10.375	-10.375	False	False	morphology	determiner_noun_agreement	Write a natural, coherent English sentence.
982	2	Mark embarrassed these confident children.	Mark embarrassed this confident children.	-62.25	-62.25	-10.375	-10.375	False	False	morphology	determiner_noun_agreement	Write a natural, coherent English sentence.
983	2	Patients bothers this employed man.	Patients bothers these employed man.	-83.0	-83.0	-10.375	-10.375	False	False	morphology	determiner_noun_agreement	Write a natural, coherent English sentence.
984	2	Christopher has criticized this bad synopsis.	Christopher has criticized these bad synopsis.	-93.5	-93.5	-10.375	-10.375	False	False	morphology	determiner_noun_agreement	Write a natural, coherent English sentence.
985	2	Todd hadn't gone to this cheap oasis.	Todd hadn't gone to these cheap oasis.	-114.0	-114.0	-10.375	-10.375	False	False	morphology	determiner_noun_agreement	Write a natural, coherent English sentence.
986	2	Becca does investigate this lucky alumnus.	Becca does investigate these lucky alumnus.	-104.0	-104.0	-10.375	-10.375	False	False	morphology	determiner_noun_agreement	Write a natural, coherent English sentence.
987	2	Sabrina visits those fast women.	Sabrina visits that fast women.	-83.0	-83.0	-10.375	-10.375	False	False	morphology	determiner_noun_agreement	Write a natural, coherent English sentence.
988	2	Janet knew those unconvinced children.	Janet knew that unconvinced children.	-104.0	-104.0	-10.375	-10.375	False	False	morphology	determiner_noun_agreement	Write a natural, coherent English sentence.
989	2	Christine hated this young man.	Christine hated these young man.	-72.5	-72.5	-10.375	-10.375	False	False	morphology	determiner_noun_agreement	Write a natural, coherent English sentence.
990	2	Chad hadn't complained about these big oases.	Chad hadn't complained about this big oases.	-124.5	-124.5	-10.375	-10.375	False	False	morphology	determiner_noun_agreement	Write a natural, coherent English sentence.
991	2	Many bikes stun that nice man.	Many bikes stun those nice man.	-93.5	-93.5	-10.375	-10.375	False	False	morphology	determiner_noun_agreement	Write a natural, coherent English sentence.
992	2	William hasn't investigated these fast men.	William hasn't investigated this fast men.	-93.5	-93.5	-10.375	-10.375	False	False	morphology	determiner_noun_agreement	Write a natural, coherent English sentence.
993	2	Kristin couldn't research these smooth oases.	Kristin couldn't research this smooth oases.	-114.0	-114.0	-10.375	-10.375	False	False	morphology	determiner_noun_agreement	Write a natural, coherent English sentence.
994	2	Travis arrives at these old oases.	Travis arrives at this old oases.	-93.5	-93.5	-10.375	-10.375	False	False	morphology	determiner_noun_agreement	Write a natural, coherent English sentence.
995	2	Many boys drive to this yellow oasis.	Many boys drive to these yellow oasis.	-93.5	-93.5	-10.375	-10.375	False	False	morphology	determiner_noun_agreement	Write a natural, coherent English sentence.
996	2	Danielle won't heal those unlucky people.	Danielle won't heal that unlucky people.	-124.5	-124.5	-10.375	-10.375	False	False	morphology	determiner_noun_agreement	Write a natural, coherent English sentence.
997	2	Sabrina wouldn't go to that new oasis.	Sabrina wouldn't go to those new oasis.	-135.0	-135.0	-10.375	-10.375	False	False	morphology	determiner_noun_agreement	Write a natural, coherent English sentence.
998	2	This movie theater annoys these lucky alumni.	This movie theater annoys this lucky alumni.	-124.5	-124.5	-10.375	-10.375	False	False	morphology	determiner_noun_agreement	Write a natural, coherent English sentence.
999	2	Stacy doesn't appreciate that out in the open woman.	Stacy doesn't appreciate those out in the open woman.	-135.0	-135.0	-10.375	-10.375	False	False	morphology	determiner_noun_agreement	Write a natural, coherent English sentence.
0	3	Alexander didn't walk through that new oasis.	Alexander didn't walk through those new oasis.	-114.0	-114.0	-10.375	-10.375	False	False	morphology	determiner_noun_agreement	Write a natural, coherent English sentence.
1	3	This hair irritates these old alumni.	This hair irritates this old alumni.	-104.0	-104.0	-10.375	-10.375	False	False	morphology	determiner_noun_agreement	Write a natural, coherent English sentence.
2	3	Winston Churchill was escaping from this serious person.	Winston Churchill was escaping from these serious person.	-124.5	-124.5	-10.375	-10.375	False	False	morphology	determiner_noun_agreement	Write a natural, coherent English sentence.
3	3	Anna walks through these purple oases.	Anna walks through this purple oases.	-83.0	-83.0	-10.375	-10.375	False	False	morphology	determiner_noun_agreement	Write a natural, coherent English sentence.
4	3	Alicia sounded like this good analysis.	Alicia sounded like these good analysis.	-93.5	-93.5	-10.375	-10.375	False	False	morphology	determiner_noun_agreement	Write a natural, coherent English sentence.
5	3	Jeffrey might complain about this gray thesis.	Jeffrey might complain about these gray thesis.	-93.5	-93.5	-10.375	-10.375	False	False	morphology	determiner_noun_agreement	Write a natural, coherent English sentence.
6	3	Meredith approaches these concealed women.	Meredith approaches this concealed women.	-93.5	-93.5	-10.375	-10.375	False	False	morphology	determiner_noun_agreement	Write a natural, coherent English sentence.
7	3	Julia questioned those small children.	Julia questioned that small children.	-62.25	-62.25	-10.375	-10.375	False	False	morphology	determiner_noun_agreement	Write a natural, coherent English sentence.
8	3	That adult has brought that purple octopus.	That adult has brought those purple octopus.	-104.0	-104.0	-10.375	-10.375	False	False	morphology	determiner_noun_agreement	Write a natural, coherent English sentence.
9	3	The people hug this displeased woman.	The people hug these displeased woman.	-93.5	-93.5	-10.375	-10.375	False	False	morphology	determiner_noun_agreement	Write a natural, coherent English sentence.
10	3	That beef did bore these displeased people.	That beef did bore this displeased people.	-104.0	-104.0	-10.375	-10.375	False	False	morphology	determiner_noun_agreement	Write a natural, coherent English sentence.
11	3	These libraries talk about these long synopses.	These libraries talk about this long synopses.	-104.0	-104.0	-10.375	-10.375	False	False	morphology	determiner_noun_agreement	Write a natural, coherent English sentence.
12	3	Lori wasn't hiring those delighted men.	Lori wasn't hiring that delighted men.	-104.0	-104.0	-10.375	-10.375	False	False	morphology	determiner_noun_agreement	Write a natural, coherent English sentence.
13	3	The teachers are running around this concealed oasis.	The teachers are running around these concealed oasis.	-114.0	-114.0	-10.375	-10.375	False	False	morphology	determiner_noun_agreement	Write a natural, coherent English sentence.
14	3	Those bananas embarrass these delighted people.	Those bananas embarrass this delighted people.	-83.0	-83.0	-10.375	-10.375	False	False	morphology	determiner_noun_agreement	Write a natural, coherent English sentence.
15	3	Mitchell brought those green oases.	Mitchell brought that green oases.	-72.5	-72.5	-10.375	-10.375	False	False	morphology	determiner_noun_agreement	Write a natural, coherent English sentence.
16	3	The actresses complain about this rough thesis.	The actresses complain about these rough thesis.	-93.5	-93.5	-10.375	-10.375	False	False	morphology	determiner_noun_agreement	Write a natural, coherent English sentence.
17	3	Russell investigates these fast women.	Russell investigates this fast women.	-72.5	-72.5	-10.375	-10.375	False	False	morphology	determiner_noun_agreement	Write a natural, coherent English sentence.
18	3	Irene praised those bad synopses.	Irene praised that bad synopses.	-93.5	-93.5	-10.375	-10.375	False	False	morphology	determiner_noun_agreement	Write a natural, coherent English sentence.
19	3	Denise did confuse that important woman.	Denise did confuse those important woman.	-93.5	-93.5	-10.375	-10.375	False	False	morphology	determiner_noun_agreement	Write a natural, coherent English sentence.
20	3	Some patients dislike those nice women.	Some patients dislike that nice women.	-83.0	-83.0	-10.375	-10.375	False	False	morphology	determiner_noun_agreement	Write a natural, coherent English sentence.
21	3	Amelia wasn't observing this hopeful man.	Amelia wasn't observing these hopeful man.	-124.5	-124.5	-10.375	-10.375	False	False	morphology	determiner_noun_agreement	Write a natural, coherent English sentence.
22	3	Grace is hugging these popular women.	Grace is hugging this popular women.	-83.0	-83.0	-10.375	-10.375	False	False	morphology	determiner_noun_agreement	Write a natural, coherent English sentence.
23	3	Julia might describe this long synopsis.	Julia might describe these long synopsis.	-83.0	-83.0	-10.375	-10.375	False	False	morphology	determiner_noun_agreement	Write a natural, coherent English sentence.
24	3	Many pedestrians do return to these happy men.	Many pedestrians do return to this happy men.	-114.0	-114.0	-10.375	-10.375	False	False	morphology	determiner_noun_agreement	Write a natural, coherent English sentence.
25	3	Laura noticed that determined man.	Laura noticed those determined man.	-62.25	-62.25	-10.375	-10.375	False	False	morphology	determiner_noun_agreement	Write a natural, coherent English sentence.
26	3	Julie would pass those red oases.	Julie would pass that red oases.	-83.0	-83.0	-10.375	-10.375	False	False	morphology	determiner_noun_agreement	Write a natural, coherent English sentence.
27	3	These doctors boast about this out in the open child.	These doctors boast about these out in the open child.	-124.5	-124.5	-10.375	-10.375	False	False	morphology	determiner_noun_agreement	Write a natural, coherent English sentence.
28	3	Stephen isn't revealing this brown nucleus.	Stephen isn't revealing these brown nucleus.	-104.0	-104.0	-10.375	-10.375	False	False	morphology	determiner_noun_agreement	Write a natural, coherent English sentence.
29	3	Travel stuns that sick child.	Travel stuns those sick child.	-72.5	-72.5	-10.375	-10.375	False	False	morphology	determiner_noun_agreement	Write a natural, coherent English sentence.
30	3	Amelia healed that unemployed woman.	Amelia healed those unemployed woman.	-93.5	-93.5	-10.375	-10.375	False	False	morphology	determiner_noun_agreement	Write a natural, coherent English sentence.
31	3	Noah attacks that ill child.	Noah attacks those ill child.	-62.25	-62.25	-10.375	-10.375	False	False	morphology	determiner_noun_agreement	Write a natural, coherent English sentence.
32	3	Randolf buys those gray fungi.	Randolf buys that gray fungi.	-93.5	-93.5	-10.375	-10.375	False	False	morphology	determiner_noun_agreement	Write a natural, coherent English sentence.
33	3	Some pedestrians disagreed with this big woman.	Some pedestrians disagreed with these big woman.	-114.0	-114.0	-10.375	-10.375	False	False	morphology	determiner_noun_agreement	Write a natural, coherent English sentence.
34	3	Adam might sound like these determined children.	Adam might sound like this determined children.	-83.0	-83.0	-10.375	-10.375	False	False	morphology	determiner_noun_agreement	Write a natural, coherent English sentence.
35	3	Bill has stunned this confident man.	Bill has stunned these confident man.	-83.0	-83.0	-10.375	-10.375	False	False	morphology	determiner_noun_agreement	Write a natural, coherent English sentence.
36	3	Rhonda should see these blue oases.	Rhonda should see this blue oases.	-93.5	-93.5	-10.375	-10.375	False	False	morphology	determiner_noun_agreement	Write a natural, coherent English sentence.
37	3	Stephen cares for that out in the open alumnus.	Stephen cares for those out in the open alumnus.	-124.5	-124.5	-10.375	-10.375	False	False	morphology	determiner_noun_agreement	Write a natural, coherent English sentence.
38	3	Cheryl has bought this green oasis.	Cheryl has bought these green oasis.	-93.5	-93.5	-10.375	-10.375	False	False	morphology	determiner_noun_agreement	Write a natural, coherent English sentence.
39	3	Every door annoyed this lucky child.	Every door annoyed these lucky child.	-83.0	-83.0	-10.375	-10.375	False	False	morphology	determiner_noun_agreement	Write a natural, coherent English sentence.
40	3	Gerald cures that unlucky child.	Gerald cures those unlucky child.	-104.0	-104.0	-10.375	-10.375	False	False	morphology	determiner_noun_agreement	Write a natural, coherent English sentence.
41	3	Eyes weren't worrying this troubled child.	Eyes weren't worrying these troubled child.	-114.0	-114.0	-10.375	-10.375	False	False	morphology	determiner_noun_agreement	Write a natural, coherent English sentence.
42	3	Michael isn't referencing this long synopsis.	Michael isn't referencing these long synopsis.	-114.0	-114.0	-10.375	-10.375	False	False	morphology	determiner_noun_agreement	Write a natural, coherent English sentence.
43	3	Robert insults this serious man.	Robert insults these serious man.	-72.5	-72.5	-10.375	-10.375	False	False	morphology	determiner_noun_agreement	Write a natural, coherent English sentence.
44	3	Waitresses describe that smart alumnus.	Waitresses describe those smart alumnus.	-104.0	-104.0	-10.375	-10.375	False	False	morphology	determiner_noun_agreement	Write a natural, coherent English sentence.
45	3	Dan doesn't respect this unemployed alumnus.	Dan doesn't respect these unemployed alumnus.	-124.5	-124.5	-10.375	-10.375	False	False	morphology	determiner_noun_agreement	Write a natural, coherent English sentence.
46	3	Eric has upset those scared people.	Eric has upset that scared people.	-72.5	-72.5	-10.375	-10.375	False	False	morphology	determiner_noun_agreement	Write a natural, coherent English sentence.
47	3	Sabrina was biking to this exposed oasis.	Sabrina was biking to these exposed oasis.	-124.5	-124.5	-10.375	-10.375	False	False	morphology	determiner_noun_agreement	Write a natural, coherent English sentence.
48	3	Edward can't think about these exposed mice.	Edward can't think about this exposed mice.	-114.0	-114.0	-10.375	-10.375	False	False	morphology	determiner_noun_agreement	Write a natural, coherent English sentence.
49	3	Phillip listened to this standing alumnus.	Phillip listened to these standing alumnus.	-104.0	-104.0	-10.375	-10.375	False	False	morphology	determiner_noun_agreement	Write a natural, coherent English sentence.
50	3	Those men skate around this small oasis.	Those men skate around these small oasis.	-104.0	-104.0	-10.375	-10.375	False	False	morphology	determiner_noun_agreement	Write a natural, coherent English sentence.
51	3	Rhonda could think about those content children.	Rhonda could think about that content children.	-93.5	-93.5	-10.375	-10.375	False	False	morphology	determiner_noun_agreement	Write a natural, coherent English sentence.
52	3	Melissa had remembered that unsure person.	Melissa had remembered those unsure person.	-93.5	-93.5	-10.375	-10.375	False	False	morphology	determiner_noun_agreement	Write a natural, coherent English sentence.
53	3	The students talk about this upset person.	The students talk about these upset person.	-83.0	-83.0	-10.375	-10.375	False	False	morphology	determiner_noun_agreement	Write a natural, coherent English sentence.
54	3	Leslie insults those upset alumni.	Leslie insults that upset alumni.	-104.0	-104.0	-10.375	-10.375	False	False	morphology	determiner_noun_agreement	Write a natural, coherent English sentence.
55	3	Hats distract this ill man.	Hats distract these ill man.	-72.5	-72.5	-10.375	-10.375	False	False	morphology	determiner_noun_agreement	Write a natural, coherent English sentence.
56	3	Dawn sounded like this determined child.	Dawn sounded like these determined child.	-83.0	-83.0	-10.375	-10.375	False	False	morphology	determiner_noun_agreement	Write a natural, coherent English sentence.
57	3	Carl had run around that brown oasis.	Carl had run around those brown oasis.	-93.5	-93.5	-10.375	-10.375	False	False	morphology	determiner_noun_agreement	Write a natural, coherent English sentence.
58	3	Anna criticizes these concealed children.	Anna criticizes this concealed children.	-83.0	-83.0	-10.375	-10.375	False	False	morphology	determiner_noun_agreement	Write a natural, coherent English sentence.
59	3	The waiter might criticize that unemployed man.	The waiter might criticize those unemployed man.	-114.0	-114.0	-10.375	-10.375	False	False	morphology	determiner_noun_agreement	Write a natural, coherent English sentence.
60	3	Tracy was investigating this troubled alumnus.	Tracy was investigating these troubled alumnus.	-124.5	-124.5	-10.375	-10.375	False	False	morphology	determiner_noun_agreement	Write a natural, coherent English sentence.
61	3	These newspaper articles astound this clever child.	These newspaper articles astound these clever child.	-93.5	-93.5	-10.375	-10.375	False	False	morphology	determiner_noun_agreement	Write a natural, coherent English sentence.
62	3	Dana hadn't attacked this small man.	Dana hadn't attacked these small man.	-104.0	-104.0	-10.375	-10.375	False	False	morphology	determiner_noun_agreement	Write a natural, coherent English sentence.
63	3	Curtis wasn't breaking those hard teeth.	Curtis wasn't breaking that hard teeth.	-104.0	-104.0	-10.375	-10.375	False	False	morphology	determiner_noun_agreement	Write a natural, coherent English sentence.
64	3	All customers attack this employed alumnus.	All customers attack these employed alumnus.	-93.5	-93.5	-10.375	-10.375	False	False	morphology	determiner_noun_agreement	Write a natural, coherent English sentence.
65	3	Most ladies go to those purple oases.	Most ladies go to that purple oases.	-93.5	-93.5	-10.375	-10.375	False	False	morphology	determiner_noun_agreement	Write a natural, coherent English sentence.
66	3	A dancer tours that blue oasis.	A dancer tours those blue oasis.	-93.5	-93.5	-10.375	-10.375	False	False	morphology	determiner_noun_agreement	Write a natural, coherent English sentence.
67	3	Steven irritated this unconvinced woman.	Steven irritated these unconvinced woman.	-104.0	-104.0	-10.375	-10.375	False	False	morphology	determiner_noun_agreement	Write a natural, coherent English sentence.
68	3	Tara wasn't helping that sick man.	Tara wasn't helping those sick man.	-104.0	-104.0	-10.375	-10.375	False	False	morphology	determiner_noun_agreement	Write a natural, coherent English sentence.
69	3	The dancers aren't cleaning that smooth fungus.	The dancers aren't cleaning those smooth fungus.	-135.0	-135.0	-10.375	-10.375	False	False	morphology	determiner_noun_agreement	Write a natural, coherent English sentence.
70	3	Melissa had talked about these white theses.	Melissa had talked about this white theses.	-104.0	-104.0	-10.375	-10.375	False	False	morphology	determiner_noun_agreement	Write a natural, coherent English sentence.
71	3	The man isn't watching those upset men.	The man isn't watching that upset men.	-104.0	-104.0	-10.375	-10.375	False	False	morphology	determiner_noun_agreement	Write a natural, coherent English sentence.
72	3	Sabrina won't worry this out in the open person.	Sabrina won't worry these out in the open person.	-145.0	-145.0	-10.375	-10.375	False	False	morphology	determiner_noun_agreement	Write a natural, coherent English sentence.
73	3	Every bird embarrassed these unemployed men.	Every bird embarrassed this unemployed men.	-83.0	-83.0	-10.375	-10.375	False	False	morphology	determiner_noun_agreement	Write a natural, coherent English sentence.
74	3	The Borgias drive to that small oasis.	The Borgias drive to those small oasis.	-114.0	-114.0	-10.375	-10.375	False	False	morphology	determiner_noun_agreement	Write a natural, coherent English sentence.
75	3	Bradley likes these brown fungi.	Bradley likes this brown fungi.	-83.0	-83.0	-10.375	-10.375	False	False	morphology	determiner_noun_agreement	Write a natural, coherent English sentence.
76	3	Most guys go to that black oasis.	Most guys go to those black oasis.	-93.5	-93.5	-10.375	-10.375	False	False	morphology	determiner_noun_agreement	Write a natural, coherent English sentence.
77	3	A pedestrian hadn't approached these hopeful women.	A pedestrian hadn't approached this hopeful women.	-124.5	-124.5	-10.375	-10.375	False	False	morphology	determiner_noun_agreement	Write a natural, coherent English sentence.
78	3	Some senators aren't healing this unemployed alumnus.	Some senators aren't healing these unemployed alumnus.	-145.0	-145.0	-10.375	-10.375	False	False	morphology	determiner_noun_agreement	Write a natural, coherent English sentence.
79	3	That cart wasn't stunning these exposed men.	That cart wasn't stunning this exposed men.	-104.0	-104.0	-10.375	-10.375	False	False	morphology	determiner_noun_agreement	Write a natural, coherent English sentence.
80	3	Joel can think about this smart man.	Joel can think about these smart man.	-83.0	-83.0	-10.375	-10.375	False	False	morphology	determiner_noun_agreement	Write a natural, coherent English sentence.
81	3	Those prints disgust those good people.	Those prints disgust that good people.	-72.5	-72.5	-10.375	-10.375	False	False	morphology	determiner_noun_agreement	Write a natural, coherent English sentence.
82	3	Beverly hadn't passed these yellow oases.	Beverly hadn't passed this yellow oases.	-114.0	-114.0	-10.375	-10.375	False	False	morphology	determiner_noun_agreement	Write a natural, coherent English sentence.
83	3	A lot of prints irritate this unconvinced woman.	A lot of prints irritate these unconvinced woman.	-135.0	-135.0	-10.375	-10.375	False	False	morphology	determiner_noun_agreement	Write a natural, coherent English sentence.
84	3	Many customers hire those standing alumni.	Many customers hire that standing alumni.	-93.5	-93.5	-10.375	-10.375	False	False	morphology	determiner_noun_agreement	Write a natural, coherent English sentence.
85	3	Some rug isn't irritating that nice woman.	Some rug isn't irritating those nice woman.	-114.0	-114.0	-10.375	-10.375	False	False	morphology	determiner_noun_agreement	Write a natural, coherent English sentence.
86	3	Jill embarrassed those busy men.	Jill embarrassed that busy men.	-72.5	-72.5	-10.375	-10.375	False	False	morphology	determiner_noun_agreement	Write a natural, coherent English sentence.
87	3	Most sketches could hurt this uncertain person.	Most sketches could hurt these uncertain person.	-104.0	-104.0	-10.375	-10.375	False	False	morphology	determiner_noun_agreement	Write a natural, coherent English sentence.
88	3	Patricia lifted those purple feet.	Patricia lifted that purple feet.	-83.0	-83.0	-10.375	-10.375	False	False	morphology	determiner_noun_agreement	Write a natural, coherent English sentence.
89	3	The girls sell this hard fungus.	The girls sell these hard fungus.	-93.5	-93.5	-10.375	-10.375	False	False	morphology	determiner_noun_agreement	Write a natural, coherent English sentence.
90	3	Nicole has seen this yellow cactus.	Nicole has seen these yellow cactus.	-93.5	-93.5	-10.375	-10.375	False	False	morphology	determiner_noun_agreement	Write a natural, coherent English sentence.
91	3	Sharon could arrive at those big oases.	Sharon could arrive at that big oases.	-104.0	-104.0	-10.375	-10.375	False	False	morphology	determiner_noun_agreement	Write a natural, coherent English sentence.
92	3	This cashier can fire that good woman.	This cashier can fire those good woman.	-93.5	-93.5	-10.375	-10.375	False	False	morphology	determiner_noun_agreement	Write a natural, coherent English sentence.
93	3	Raymond left those scared children.	Raymond left that scared children.	-62.25	-62.25	-10.375	-10.375	False	False	morphology	determiner_noun_agreement	Write a natural, coherent English sentence.
94	3	Noah could discuss that clever person.	Noah could discuss those clever person.	-72.5	-72.5	-10.375	-10.375	False	False	morphology	determiner_noun_agreement	Write a natural, coherent English sentence.
95	3	Rachelle knew that concealed woman.	Rachelle knew those concealed woman.	-83.0	-83.0	-10.375	-10.375	False	False	morphology	determiner_noun_agreement	Write a natural, coherent English sentence.
96	3	Dawn hasn't cured those gray oxen.	Dawn hasn't cured that gray oxen.	-124.5	-124.5	-10.375	-10.375	False	False	morphology	determiner_noun_agreement	Write a natural, coherent English sentence.
97	3	The Great Lakes haven't disgusted those out in the open people.	The Great Lakes haven't disgusted that out in the open people.	-166.0	-166.0	-10.375	-10.375	False	False	morphology	determiner_noun_agreement	Write a natural, coherent English sentence.
98	3	Wayne doesn't exit those cheap oases.	Wayne doesn't exit that cheap oases.	-104.0	-104.0	-10.375	-10.375	False	False	morphology	determiner_noun_agreement	Write a natural, coherent English sentence.
99	3	These waitresses haven't astounded this fast woman.	These waitresses haven't astounded these fast woman.	-145.0	-145.0	-10.375	-10.375	False	False	morphology	determiner_noun_agreement	Write a natural, coherent English sentence.
100	3	Patrick hasn't lifted this out in the open cactus.	Patrick hasn't lifted these out in the open cactus.	-145.0	-145.0	-10.375	-10.375	False	False	morphology	determiner_noun_agreement	Write a natural, coherent English sentence.
101	3	Angela isn't embarrassing those excited children.	Angela isn't embarrassing that excited children.	-104.0	-104.0	-10.375	-10.375	False	False	morphology	determiner_noun_agreement	Write a natural, coherent English sentence.
102	3	Jennifer hasn't criticized this smart man.	Jennifer hasn't criticized these smart man.	-104.0	-104.0	-10.375	-10.375	False	False	morphology	determiner_noun_agreement	Write a natural, coherent English sentence.
103	3	April watched this big person.	April watched these big person.	-62.25	-62.25	-10.375	-10.375	False	False	morphology	determiner_noun_agreement	Write a natural, coherent English sentence.
104	3	Candice hadn't bothered that serious alumnus.	Candice hadn't bothered those serious alumnus.	-124.5	-124.5	-10.375	-10.375	False	False	morphology	determiner_noun_agreement	Write a natural, coherent English sentence.
105	3	The Clintons observe those happy women.	The Clintons observe that happy women.	-93.5	-93.5	-10.375	-10.375	False	False	morphology	determiner_noun_agreement	Write a natural, coherent English sentence.
106	3	The Clintons observe this excited man.	The Clintons observe these excited man.	-93.5	-93.5	-10.375	-10.375	False	False	morphology	determiner_noun_agreement	Write a natural, coherent English sentence.
107	3	Associations were listening to that unlucky child.	Associations were listening to those unlucky child.	-114.0	-114.0	-10.375	-10.375	False	False	morphology	determiner_noun_agreement	Write a natural, coherent English sentence.
108	3	Those committees discussed that busy woman.	Those committees discussed those busy woman.	-93.5	-93.5	-10.375	-10.375	False	False	morphology	determiner_noun_agreement	Write a natural, coherent English sentence.
109	3	Debra isn't discussing that good analysis.	Debra isn't discussing those good analysis.	-104.0	-104.0	-10.375	-10.375	False	False	morphology	determiner_noun_agreement	Write a natural, coherent English sentence.
110	3	The drawing distracts this lucky woman.	The drawing distracts these lucky woman.	-83.0	-83.0	-10.375	-10.375	False	False	morphology	determiner_noun_agreement	Write a natural, coherent English sentence.
111	3	Holly couldn't dislike this exposed child.	Holly couldn't dislike these exposed child.	-104.0	-104.0	-10.375	-10.375	False	False	morphology	determiner_noun_agreement	Write a natural, coherent English sentence.
112	3	Angela examines that good synopsis.	Angela examines those good synopsis.	-83.0	-83.0	-10.375	-10.375	False	False	morphology	determiner_noun_agreement	Write a natural, coherent English sentence.
113	3	These skateboards aggravate that lucky woman.	These skateboards aggravate those lucky woman.	-114.0	-114.0	-10.375	-10.375	False	False	morphology	determiner_noun_agreement	Write a natural, coherent English sentence.
114	3	Some play alarms those small women.	Some play alarms that small women.	-83.0	-83.0	-10.375	-10.375	False	False	morphology	determiner_noun_agreement	Write a natural, coherent English sentence.
115	3	Students investigate these nice men.	Students investigate this nice men.	-62.25	-62.25	-10.375	-10.375	False	False	morphology	determiner_noun_agreement	Write a natural, coherent English sentence.
116	3	Tanya wasn't shocking that busy child.	Tanya wasn't shocking those busy child.	-114.0	-114.0	-10.375	-10.375	False	False	morphology	determiner_noun_agreement	Write a natural, coherent English sentence.
117	3	Brett has boasted about this nice person.	Brett has boasted about these nice person.	-104.0	-104.0	-10.375	-10.375	False	False	morphology	determiner_noun_agreement	Write a natural, coherent English sentence.
118	3	Jennifer described that hidden woman.	Jennifer described those hidden woman.	-62.25	-62.25	-10.375	-10.375	False	False	morphology	determiner_noun_agreement	Write a natural, coherent English sentence.
119	3	Winston Churchill passed these red oases.	Winston Churchill passed this red oases.	-104.0	-104.0	-10.375	-10.375	False	False	morphology	determiner_noun_agreement	Write a natural, coherent English sentence.
120	3	Some mirror could scare this nice woman.	Some mirror could scare these nice woman.	-93.5	-93.5	-10.375	-10.375	False	False	morphology	determiner_noun_agreement	Write a natural, coherent English sentence.
121	3	Caroline hadn't fired that scared alumnus.	Caroline hadn't fired those scared alumnus.	-114.0	-114.0	-10.375	-10.375	False	False	morphology	determiner_noun_agreement	Write a natural, coherent English sentence.
122	3	Edward wasn't referencing that displeased woman.	Edward wasn't referencing those displeased woman.	-124.5	-124.5	-10.375	-10.375	False	False	morphology	determiner_noun_agreement	Write a natural, coherent English sentence.
123	3	Many teachers clean these cheap teeth.	Many teachers clean this cheap teeth.	-72.5	-72.5	-10.375	-10.375	False	False	morphology	determiner_noun_agreement	Write a natural, coherent English sentence.
124	3	Wayne might remember these new oases.	Wayne might remember this new oases.	-83.0	-83.0	-10.375	-10.375	False	False	morphology	determiner_noun_agreement	Write a natural, coherent English sentence.
125	3	Some high school alarms this determined man.	Some high school alarms these determined man.	-93.5	-93.5	-10.375	-10.375	False	False	morphology	determiner_noun_agreement	Write a natural, coherent English sentence.
126	3	Vincent had returned to these out in the open oases.	Vincent had returned to this out in the open oases.	-124.5	-124.5	-10.375	-10.375	False	False	morphology	determiner_noun_agreement	Write a natural, coherent English sentence.
127	3	Marla hired this standing child.	Marla hired these standing child.	-72.5	-72.5	-10.375	-10.375	False	False	morphology	determiner_noun_agreement	Write a natural, coherent English sentence.
128	3	Some cucumber has upset those ill men.	Some cucumber has upset that ill men.	-104.0	-104.0	-10.375	-10.375	False	False	morphology	determiner_noun_agreement	Write a natural, coherent English sentence.
129	3	Russell hasn't kissed this content man.	Russell hasn't kissed these content man.	-93.5	-93.5	-10.375	-10.375	False	False	morphology	determiner_noun_agreement	Write a natural, coherent English sentence.
130	3	Guy has left this determined man.	Guy has left these determined man.	-72.5	-72.5	-10.375	-10.375	False	False	morphology	determiner_noun_agreement	Write a natural, coherent English sentence.
131	3	The Lutherans listen to these employed women.	The Lutherans listen to this employed women.	-93.5	-93.5	-10.375	-10.375	False	False	morphology	determiner_noun_agreement	Write a natural, coherent English sentence.
132	3	Candice disliked these bad analyses.	Candice disliked this bad analyses.	-104.0	-104.0	-10.375	-10.375	False	False	morphology	determiner_noun_agreement	Write a natural, coherent English sentence.
133	3	Many women heal these lost geese.	Many women heal this lost geese.	-83.0	-83.0	-10.375	-10.375	False	False	morphology	determiner_noun_agreement	Write a natural, coherent English sentence.
134	3	Wayne has remembered these smart people.	Wayne has remembered this smart people.	-72.5	-72.5	-10.375	-10.375	False	False	morphology	determiner_noun_agreement	Write a natural, coherent English sentence.
135	3	This teenager had dropped by these white oases.	This teenager had dropped by this white oases.	-104.0	-104.0	-10.375	-10.375	False	False	morphology	determiner_noun_agreement	Write a natural, coherent English sentence.
136	3	Eva has exited those smooth oases.	Eva has exited that smooth oases.	-93.5	-93.5	-10.375	-10.375	False	False	morphology	determiner_noun_agreement	Write a natural, coherent English sentence.
137	3	Cheryl wouldn't aggravate that bad person.	Cheryl wouldn't aggravate those bad person.	-124.5	-124.5	-10.375	-10.375	False	False	morphology	determiner_noun_agreement	Write a natural, coherent English sentence.
138	3	Katherine hadn't shocked those young children.	Katherine hadn't shocked that young children.	-104.0	-104.0	-10.375	-10.375	False	False	morphology	determiner_noun_agreement	Write a natural, coherent English sentence.
139	3	The student loves these troubled people.	The student loves this troubled people.	-83.0	-83.0	-10.375	-10.375	False	False	morphology	determiner_noun_agreement	Write a natural, coherent English sentence.
140	3	Tracy cared for those smart alumni.	Tracy cared for that smart alumni.	-104.0	-104.0	-10.375	-10.375	False	False	morphology	determiner_noun_agreement	Write a natural, coherent English sentence.
141	3	Guys return to these small oases.	Guys return to this small oases.	-93.5	-93.5	-10.375	-10.375	False	False	morphology	determiner_noun_agreement	Write a natural, coherent English sentence.
142	3	Marcus won't bike to this white oasis.	Marcus won't bike to these white oasis.	-114.0	-114.0	-10.375	-10.375	False	False	morphology	determiner_noun_agreement	Write a natural, coherent English sentence.
143	3	Eggplants impressed these unconvinced alumni.	Eggplants impressed this unconvinced alumni.	-145.0	-145.0	-10.375	-10.375	False	False	morphology	determiner_noun_agreement	Write a natural, coherent English sentence.
144	3	A turtle has bored those troubled children.	A turtle has bored that troubled children.	-114.0	-114.0	-10.375	-10.375	False	False	morphology	determiner_noun_agreement	Write a natural, coherent English sentence.
145	3	The adults were taking those old teeth.	The adults were taking that old teeth.	-83.0	-83.0	-10.375	-10.375	False	False	morphology	determiner_noun_agreement	Write a natural, coherent English sentence.
146	3	Alan wasn't returning to those blue oases.	Alan wasn't returning to that blue oases.	-114.0	-114.0	-10.375	-10.375	False	False	morphology	determiner_noun_agreement	Write a natural, coherent English sentence.
147	3	Theodore had lifted this rough cactus.	Theodore had lifted these rough cactus.	-104.0	-104.0	-10.375	-10.375	False	False	morphology	determiner_noun_agreement	Write a natural, coherent English sentence.
148	3	Joel isn't praising those good synopses.	Joel isn't praising that good synopses.	-124.5	-124.5	-10.375	-10.375	False	False	morphology	determiner_noun_agreement	Write a natural, coherent English sentence.
149	3	The pedestrian knows these standing women.	The pedestrian knows this standing women.	-83.0	-83.0	-10.375	-10.375	False	False	morphology	determiner_noun_agreement	Write a natural, coherent English sentence.
150	3	Some museums forget that good analysis.	Some museums forget those good analysis.	-83.0	-83.0	-10.375	-10.375	False	False	morphology	determiner_noun_agreement	Write a natural, coherent English sentence.
151	3	The Clintons might clean that lost fungus.	The Clintons might clean those lost fungus.	-124.5	-124.5	-10.375	-10.375	False	False	morphology	determiner_noun_agreement	Write a natural, coherent English sentence.
152	3	Mary is bothering these out in the open children.	Mary is bothering this out in the open children.	-114.0	-114.0	-10.375	-10.375	False	False	morphology	determiner_noun_agreement	Write a natural, coherent English sentence.
153	3	Many customers sell that lost ox.	Many customers sell those lost ox.	-72.5	-72.5	-10.375	-10.375	False	False	morphology	determiner_noun_agreement	Write a natural, coherent English sentence.
154	3	These waitresses praise these troubled men.	These waitresses praise this troubled men.	-104.0	-104.0	-10.375	-10.375	False	False	morphology	determiner_noun_agreement	Write a natural, coherent English sentence.
155	3	Many men didn't admire that nice person.	Many men didn't admire those nice person.	-114.0	-114.0	-10.375	-10.375	False	False	morphology	determiner_noun_agreement	Write a natural, coherent English sentence.
156	3	Jesus ran around this exposed oasis.	Jesus ran around these exposed oasis.	-83.0	-83.0	-10.375	-10.375	False	False	morphology	determiner_noun_agreement	Write a natural, coherent English sentence.
157	3	Many customers talk about that delighted child.	Many customers talk about those delighted child.	-83.0	-83.0	-10.375	-10.375	False	False	morphology	determiner_noun_agreement	Write a natural, coherent English sentence.
158	3	Drawings had disgusted this small woman.	Drawings had disgusted these small woman.	-93.5	-93.5	-10.375	-10.375	False	False	morphology	determiner_noun_agreement	Write a natural, coherent English sentence.
159	3	Colleen did care for that good man.	Colleen did care for those good man.	-93.5	-93.5	-10.375	-10.375	False	False	morphology	determiner_noun_agreement	Write a natural, coherent English sentence.
160	3	Marcus admired those exposed geese.	Marcus admired that exposed geese.	-83.0	-83.0	-10.375	-10.375	False	False	morphology	determiner_noun_agreement	Write a natural, coherent English sentence.
161	3	Randolf has noticed this clean foot.	Randolf has noticed these clean foot.	-83.0	-83.0	-10.375	-10.375	False	False	morphology	determiner_noun_agreement	Write a natural, coherent English sentence.
162	3	Craig could listen to that determined man.	Craig could listen to those determined man.	-83.0	-83.0	-10.375	-10.375	False	False	morphology	determiner_noun_agreement	Write a natural, coherent English sentence.
163	3	Movies stunned this small man.	Movies stunned these small man.	-83.0	-83.0	-10.375	-10.375	False	False	morphology	determiner_noun_agreement	Write a natural, coherent English sentence.
164	3	Timothy buys this rough ox.	Timothy buys these rough ox.	-83.0	-83.0	-10.375	-10.375	False	False	morphology	determiner_noun_agreement	Write a natural, coherent English sentence.
165	3	Some women go to those red oases.	Some women go to that red oases.	-93.5	-93.5	-10.375	-10.375	False	False	morphology	determiner_noun_agreement	Write a natural, coherent English sentence.
166	3	Ruth fixed this clean tooth.	Ruth fixed these clean tooth.	-62.25	-62.25	-10.375	-10.375	False	False	morphology	determiner_noun_agreement	Write a natural, coherent English sentence.
167	3	Monica is boring those clever men.	Monica is boring that clever men.	-83.0	-83.0	-10.375	-10.375	False	False	morphology	determiner_noun_agreement	Write a natural, coherent English sentence.
168	3	Janice knows these hidden alumni.	Janice knows this hidden alumni.	-93.5	-93.5	-10.375	-10.375	False	False	morphology	determiner_noun_agreement	Write a natural, coherent English sentence.
169	3	Spain insults this delighted alumnus.	Spain insults these delighted alumnus.	-93.5	-93.5	-10.375	-10.375	False	False	morphology	determiner_noun_agreement	Write a natural, coherent English sentence.
170	3	Some planes bore that displeased child.	Some planes bore those displeased child.	-93.5	-93.5	-10.375	-10.375	False	False	morphology	determiner_noun_agreement	Write a natural, coherent English sentence.
171	3	Dishes should upset these happy men.	Dishes should upset this happy men.	-83.0	-83.0	-10.375	-10.375	False	False	morphology	determiner_noun_agreement	Write a natural, coherent English sentence.
172	3	That painting looked like these yellow stimuli.	That painting looked like this yellow stimuli.	-93.5	-93.5	-10.375	-10.375	False	False	morphology	determiner_noun_agreement	Write a natural, coherent English sentence.
173	3	Amy shocked that content man.	Amy shocked those content man.	-62.25	-62.25	-10.375	-10.375	False	False	morphology	determiner_noun_agreement	Write a natural, coherent English sentence.
174	3	Melinda hasn't hidden this determined woman.	Melinda hasn't hidden these determined woman.	-104.0	-104.0	-10.375	-10.375	False	False	morphology	determiner_noun_agreement	Write a natural, coherent English sentence.
175	3	Caroline did drive to this brown oasis.	Caroline did drive to these brown oasis.	-93.5	-93.5	-10.375	-10.375	False	False	morphology	determiner_noun_agreement	Write a natural, coherent English sentence.
176	3	That rice disturbed those smart alumni.	That rice disturbed that smart alumni.	-104.0	-104.0	-10.375	-10.375	False	False	morphology	determiner_noun_agreement	Write a natural, coherent English sentence.
177	3	Brian will examine these long analyses.	Brian will examine this long analyses.	-83.0	-83.0	-10.375	-10.375	False	False	morphology	determiner_noun_agreement	Write a natural, coherent English sentence.
178	3	Mark dislikes this uncertain child.	Mark dislikes these uncertain child.	-83.0	-83.0	-10.375	-10.375	False	False	morphology	determiner_noun_agreement	Write a natural, coherent English sentence.
179	3	Rose was returning to these out in the open children.	Rose was returning to this out in the open children.	-114.0	-114.0	-10.375	-10.375	False	False	morphology	determiner_noun_agreement	Write a natural, coherent English sentence.
180	3	The guest has fixed this red tooth.	The guest has fixed these red tooth.	-83.0	-83.0	-10.375	-10.375	False	False	morphology	determiner_noun_agreement	Write a natural, coherent English sentence.
181	3	Jennifer is breaking this big tooth.	Jennifer is breaking these big tooth.	-72.5	-72.5	-10.375	-10.375	False	False	morphology	determiner_noun_agreement	Write a natural, coherent English sentence.
182	3	Sabrina isn't referencing these red theses.	Sabrina isn't referencing this red theses.	-135.0	-135.0	-10.375	-10.375	False	False	morphology	determiner_noun_agreement	Write a natural, coherent English sentence.
183	3	Valerie hadn't exited that exposed oasis.	Valerie hadn't exited those exposed oasis.	-124.5	-124.5	-10.375	-10.375	False	False	morphology	determiner_noun_agreement	Write a natural, coherent English sentence.
184	3	Every restaurant had worried this hidden child.	Every restaurant had worried these hidden child.	-83.0	-83.0	-10.375	-10.375	False	False	morphology	determiner_noun_agreement	Write a natural, coherent English sentence.
185	3	A woman was examining those long synopses.	A woman was examining that long synopses.	-114.0	-114.0	-10.375	-10.375	False	False	morphology	determiner_noun_agreement	Write a natural, coherent English sentence.
186	3	All actresses approach that content man.	All actresses approach those content man.	-83.0	-83.0	-10.375	-10.375	False	False	morphology	determiner_noun_agreement	Write a natural, coherent English sentence.
187	3	Sarah cleaned those yellow feet.	Sarah cleaned that yellow feet.	-62.25	-62.25	-10.375	-10.375	False	False	morphology	determiner_noun_agreement	Write a natural, coherent English sentence.
188	3	Margaret tours those black oases.	Margaret tours that black oases.	-72.5	-72.5	-10.375	-10.375	False	False	morphology	determiner_noun_agreement	Write a natural, coherent English sentence.
189	3	Rachel wasn't messing up this clean foot.	Rachel wasn't messing up these clean foot.	-114.0	-114.0	-10.375	-10.375	False	False	morphology	determiner_noun_agreement	Write a natural, coherent English sentence.
190	3	The Lutherans go to that old oasis.	The Lutherans go to those old oasis.	-104.0	-104.0	-10.375	-10.375	False	False	morphology	determiner_noun_agreement	Write a natural, coherent English sentence.
191	3	The lamps shock those hidden alumni.	The lamps shock that hidden alumni.	-104.0	-104.0	-10.375	-10.375	False	False	morphology	determiner_noun_agreement	Write a natural, coherent English sentence.
192	3	Claire conceals those small stimuli.	Claire conceals that small stimuli.	-83.0	-83.0	-10.375	-10.375	False	False	morphology	determiner_noun_agreement	Write a natural, coherent English sentence.
193	3	Most documentaries annoy that busy person.	Most documentaries annoy those busy person.	-83.0	-83.0	-10.375	-10.375	False	False	morphology	determiner_noun_agreement	Write a natural, coherent English sentence.
194	3	Pamela shouldn't return to those exposed men.	Pamela shouldn't return to that exposed men.	-114.0	-114.0	-10.375	-10.375	False	False	morphology	determiner_noun_agreement	Write a natural, coherent English sentence.
195	3	That person couldn't arrive at that purple oasis.	That person couldn't arrive at those purple oasis.	-124.5	-124.5	-10.375	-10.375	False	False	morphology	determiner_noun_agreement	Write a natural, coherent English sentence.
196	3	Alicia won't admire those big nuclei.	Alicia won't admire that big nuclei.	-135.0	-135.0	-10.375	-10.375	False	False	morphology	determiner_noun_agreement	Write a natural, coherent English sentence.
197	3	Curtis arrived at that red oasis.	Curtis arrived at those red oasis.	-93.5	-93.5	-10.375	-10.375	False	False	morphology	determiner_noun_agreement	Write a natural, coherent English sentence.
198	3	People investigate that smart man.	People investigate those smart man.	-62.25	-62.25	-10.375	-10.375	False	False	morphology	determiner_noun_agreement	Write a natural, coherent English sentence.
199	3	Some boys hire these content alumni.	Some boys hire this content alumni.	-93.5	-93.5	-10.375	-10.375	False	False	morphology	determiner_noun_agreement	Write a natural, coherent English sentence.
200	3	Leslie found these brown feet.	Leslie found this brown feet.	-72.5	-72.5	-10.375	-10.375	False	False	morphology	determiner_noun_agreement	Write a natural, coherent English sentence.
201	3	Alexander was firing that displeased woman.	Alexander was firing those displeased woman.	-93.5	-93.5	-10.375	-10.375	False	False	morphology	determiner_noun_agreement	Write a natural, coherent English sentence.
202	3	Florence hasn't argued about those confident children.	Florence hasn't argued about that confident children.	-104.0	-104.0	-10.375	-10.375	False	False	morphology	determiner_noun_agreement	Write a natural, coherent English sentence.
203	3	That adult hadn't complained about that exposed man.	That adult hadn't complained about those exposed man.	-114.0	-114.0	-10.375	-10.375	False	False	morphology	determiner_noun_agreement	Write a natural, coherent English sentence.
204	3	Larry works with these scared women.	Larry works with this scared women.	-72.5	-72.5	-10.375	-10.375	False	False	morphology	determiner_noun_agreement	Write a natural, coherent English sentence.
205	3	Kathleen leaves this old child.	Kathleen leaves these old child.	-72.5	-72.5	-10.375	-10.375	False	False	morphology	determiner_noun_agreement	Write a natural, coherent English sentence.
206	3	The actresses weren't watching these scared people.	The actresses weren't watching this scared people.	-114.0	-114.0	-10.375	-10.375	False	False	morphology	determiner_noun_agreement	Write a natural, coherent English sentence.
207	3	Derek isn't escaping from these blue oases.	Derek isn't escaping from this blue oases.	-135.0	-135.0	-10.375	-10.375	False	False	morphology	determiner_noun_agreement	Write a natural, coherent English sentence.
208	3	Naomi isn't talking about that cheap oasis.	Naomi isn't talking about those cheap oasis.	-124.5	-124.5	-10.375	-10.375	False	False	morphology	determiner_noun_agreement	Write a natural, coherent English sentence.
209	3	These guests hate these troubled men.	These guests hate this troubled men.	-83.0	-83.0	-10.375	-10.375	False	False	morphology	determiner_noun_agreement	Write a natural, coherent English sentence.
210	3	Patricia wasn't hiring those small children.	Patricia wasn't hiring that small children.	-114.0	-114.0	-10.375	-10.375	False	False	morphology	determiner_noun_agreement	Write a natural, coherent English sentence.
211	3	All stairs weren't alarming that lucky woman.	All stairs weren't alarming those lucky woman.	-114.0	-114.0	-10.375	-10.375	False	False	morphology	determiner_noun_agreement	Write a natural, coherent English sentence.
212	3	Many drivers left that confident alumnus.	Many drivers left those confident alumnus.	-93.5	-93.5	-10.375	-10.375	False	False	morphology	determiner_noun_agreement	Write a natural, coherent English sentence.
213	3	Every skirt disgusts these smart children.	Every skirt disgusts this smart children.	-83.0	-83.0	-10.375	-10.375	False	False	morphology	determiner_noun_agreement	Write a natural, coherent English sentence.
214	3	Valerie has astounded that lost alumnus.	Valerie has astounded those lost alumnus.	-124.5	-124.5	-10.375	-10.375	False	False	morphology	determiner_noun_agreement	Write a natural, coherent English sentence.
215	3	Sonia should describe this determined child.	Sonia should describe these determined child.	-83.0	-83.0	-10.375	-10.375	False	False	morphology	determiner_noun_agreement	Write a natural, coherent English sentence.
216	3	A lot of lakes weren't disgusting that old person.	A lot of lakes weren't disgusting those old person.	-145.0	-145.0	-10.375	-10.375	False	False	morphology	determiner_noun_agreement	Write a natural, coherent English sentence.
217	3	Some pants hadn't aggravated that good woman.	Some pants hadn't aggravated those good woman.	-124.5	-124.5	-10.375	-10.375	False	False	morphology	determiner_noun_agreement	Write a natural, coherent English sentence.
218	3	Anne does return to that old woman.	Anne does return to those old woman.	-83.0	-83.0	-10.375	-10.375	False	False	morphology	determiner_noun_agreement	Write a natural, coherent English sentence.
219	3	Alan wasn't listening to that delighted person.	Alan wasn't listening to those delighted person.	-104.0	-104.0	-10.375	-10.375	False	False	morphology	determiner_noun_agreement	Write a natural, coherent English sentence.
220	3	Some icicles annoy those serious alumni.	Some icicles annoy that serious alumni.	-104.0	-104.0	-10.375	-10.375	False	False	morphology	determiner_noun_agreement	Write a natural, coherent English sentence.
221	3	Many women won't scare those uncertain men.	Many women won't scare that uncertain men.	-114.0	-114.0	-10.375	-10.375	False	False	morphology	determiner_noun_agreement	Write a natural, coherent English sentence.
222	3	Science disgusts this unconvinced alumnus.	Science disgusts these unconvinced alumnus.	-124.5	-124.5	-10.375	-10.375	False	False	morphology	determiner_noun_agreement	Write a natural, coherent English sentence.
223	3	Connie tours these rough oases.	Connie tours this rough oases.	-83.0	-83.0	-10.375	-10.375	False	False	morphology	determiner_noun_agreement	Write a natural, coherent English sentence.
224	3	Those banks were talking about this lost thesis.	Those banks were talking about these lost thesis.	-93.5	-93.5	-10.375	-10.375	False	False	morphology	determiner_noun_agreement	Write a natural, coherent English sentence.
225	3	Some prints didn't look like this rough louse.	Some prints didn't look like these rough louse.	-124.5	-124.5	-10.375	-10.375	False	False	morphology	determiner_noun_agreement	Write a natural, coherent English sentence.
226	3	All pedestrians like those rough theses.	All pedestrians like that rough theses.	-104.0	-104.0	-10.375	-10.375	False	False	morphology	determiner_noun_agreement	Write a natural, coherent English sentence.
227	3	Douglas saw that black fungus.	Douglas saw those black fungus.	-83.0	-83.0	-10.375	-10.375	False	False	morphology	determiner_noun_agreement	Write a natural, coherent English sentence.
228	3	Sarah examined that bad analysis.	Sarah examined those bad analysis.	-62.25	-62.25	-10.375	-10.375	False	False	morphology	determiner_noun_agreement	Write a natural, coherent English sentence.
229	3	An actress researches this long thesis.	An actress researches these long thesis.	-104.0	-104.0	-10.375	-10.375	False	False	morphology	determiner_noun_agreement	Write a natural, coherent English sentence.
230	3	Those waitresses criticize this hidden child.	Those waitresses criticize these hidden child.	-104.0	-104.0	-10.375	-10.375	False	False	morphology	determiner_noun_agreement	Write a natural, coherent English sentence.
231	3	Most drivers question these upset alumni.	Most drivers question this upset alumni.	-93.5	-93.5	-10.375	-10.375	False	False	morphology	determiner_noun_agreement	Write a natural, coherent English sentence.
232	3	Phillip isn't working with these small women.	Phillip isn't working with this small women.	-114.0	-114.0	-10.375	-10.375	False	False	morphology	determiner_noun_agreement	Write a natural, coherent English sentence.
233	3	Jennifer can't aggravate that unlucky man.	Jennifer can't aggravate those unlucky man.	-135.0	-135.0	-10.375	-10.375	False	False	morphology	determiner_noun_agreement	Write a natural, coherent English sentence.
234	3	Essays confuse this good woman.	Essays confuse these good woman.	-83.0	-83.0	-10.375	-10.375	False	False	morphology	determiner_noun_agreement	Write a natural, coherent English sentence.
235	3	Amelia has forgotten those bad analyses.	Amelia has forgotten that bad analyses.	-93.5	-93.5	-10.375	-10.375	False	False	morphology	determiner_noun_agreement	Write a natural, coherent English sentence.
236	3	Michael had explored this brown oasis.	Michael had explored these brown oasis.	-83.0	-83.0	-10.375	-10.375	False	False	morphology	determiner_noun_agreement	Write a natural, coherent English sentence.
237	3	Natalie can aggravate those smart men.	Natalie can aggravate that smart men.	-104.0	-104.0	-10.375	-10.375	False	False	morphology	determiner_noun_agreement	Write a natural, coherent English sentence.
238	3	That patient won't go to these cheap oases.	That patient won't go to this cheap oases.	-124.5	-124.5	-10.375	-10.375	False	False	morphology	determiner_noun_agreement	Write a natural, coherent English sentence.
239	3	Heidi had discovered those black feet.	Heidi had discovered that black feet.	-83.0	-83.0	-10.375	-10.375	False	False	morphology	determiner_noun_agreement	Write a natural, coherent English sentence.
240	3	David hadn't watched those determined men.	David hadn't watched that determined men.	-93.5	-93.5	-10.375	-10.375	False	False	morphology	determiner_noun_agreement	Write a natural, coherent English sentence.
241	3	Some teenager couldn't walk through these green oases.	Some teenager couldn't walk through this green oases.	-124.5	-124.5	-10.375	-10.375	False	False	morphology	determiner_noun_agreement	Write a natural, coherent English sentence.
242	3	Christina shouldn't sell this hard oasis.	Christina shouldn't sell these hard oasis.	-114.0	-114.0	-10.375	-10.375	False	False	morphology	determiner_noun_agreement	Write a natural, coherent English sentence.
243	3	Christopher isn't firing those sick men.	Christopher isn't firing that sick men.	-93.5	-93.5	-10.375	-10.375	False	False	morphology	determiner_noun_agreement	Write a natural, coherent English sentence.
244	3	Most students hide that yellow mouse.	Most students hide those yellow mouse.	-72.5	-72.5	-10.375	-10.375	False	False	morphology	determiner_noun_agreement	Write a natural, coherent English sentence.
245	3	Holly did buy those clean feet.	Holly did buy that clean feet.	-72.5	-72.5	-10.375	-10.375	False	False	morphology	determiner_noun_agreement	Write a natural, coherent English sentence.
246	3	Many actors clean these brown theses.	Many actors clean this brown theses.	-83.0	-83.0	-10.375	-10.375	False	False	morphology	determiner_noun_agreement	Write a natural, coherent English sentence.
247	3	Stacy would hide those lost lice.	Stacy would hide that lost lice.	-93.5	-93.5	-10.375	-10.375	False	False	morphology	determiner_noun_agreement	Write a natural, coherent English sentence.
248	3	Alan drove to that new oasis.	Alan drove to those new oasis.	-83.0	-83.0	-10.375	-10.375	False	False	morphology	determiner_noun_agreement	Write a natural, coherent English sentence.
249	3	The Impressionists tour this purple oasis.	The Impressionists tour these purple oasis.	-104.0	-104.0	-10.375	-10.375	False	False	morphology	determiner_noun_agreement	Write a natural, coherent English sentence.
250	3	Wayne is talking to this hidden woman.	Wayne is talking to these hidden woman.	-83.0	-83.0	-10.375	-10.375	False	False	morphology	determiner_noun_agreement	Write a natural, coherent English sentence.
251	3	Christopher forgets this happy child.	Christopher forgets these happy child.	-72.5	-72.5	-10.375	-10.375	False	False	morphology	determiner_noun_agreement	Write a natural, coherent English sentence.
252	3	Julie can boycott those cheap oases.	Julie can boycott that cheap oases.	-93.5	-93.5	-10.375	-10.375	False	False	morphology	determiner_noun_agreement	Write a natural, coherent English sentence.
253	3	Most senators dislike these bad theses.	Most senators dislike this bad theses.	-104.0	-104.0	-10.375	-10.375	False	False	morphology	determiner_noun_agreement	Write a natural, coherent English sentence.
254	3	Denise concealed this content person.	Denise concealed these content person.	-83.0	-83.0	-10.375	-10.375	False	False	morphology	determiner_noun_agreement	Write a natural, coherent English sentence.
255	3	Some bike shocks these nice women.	Some bike shocks this nice women.	-83.0	-83.0	-10.375	-10.375	False	False	morphology	determiner_noun_agreement	Write a natural, coherent English sentence.
256	3	These teenagers fix those hidden feet.	These teenagers fix that hidden feet.	-83.0	-83.0	-10.375	-10.375	False	False	morphology	determiner_noun_agreement	Write a natural, coherent English sentence.
257	3	Ella praised that ill woman.	Ella praised those ill woman.	-72.5	-72.5	-10.375	-10.375	False	False	morphology	determiner_noun_agreement	Write a natural, coherent English sentence.
258	3	Current events stun these lost people.	Current events stun this lost people.	-83.0	-83.0	-10.375	-10.375	False	False	morphology	determiner_noun_agreement	Write a natural, coherent English sentence.
259	3	Mary tours this gray oasis.	Mary tours these gray oasis.	-72.5	-72.5	-10.375	-10.375	False	False	morphology	determiner_noun_agreement	Write a natural, coherent English sentence.
260	3	Linda visited those unsure men.	Linda visited that unsure men.	-72.5	-72.5	-10.375	-10.375	False	False	morphology	determiner_noun_agreement	Write a natural, coherent English sentence.
261	3	Dan wouldn't boycott that smooth oasis.	Dan wouldn't boycott those smooth oasis.	-114.0	-114.0	-10.375	-10.375	False	False	morphology	determiner_noun_agreement	Write a natural, coherent English sentence.
262	3	Those men leave that brown oasis.	Those men leave those brown oasis.	-83.0	-83.0	-10.375	-10.375	False	False	morphology	determiner_noun_agreement	Write a natural, coherent English sentence.
263	3	Lissa does pass these black oases.	Lissa does pass this black oases.	-93.5	-93.5	-10.375	-10.375	False	False	morphology	determiner_noun_agreement	Write a natural, coherent English sentence.
264	3	Alice had embarrassed this happy man.	Alice had embarrassed these happy man.	-72.5	-72.5	-10.375	-10.375	False	False	morphology	determiner_noun_agreement	Write a natural, coherent English sentence.
265	3	Wayne is worrying that hopeful child.	Wayne is worrying those hopeful child.	-83.0	-83.0	-10.375	-10.375	False	False	morphology	determiner_noun_agreement	Write a natural, coherent English sentence.
266	3	Lucille is biking to that green oasis.	Lucille is biking to those green oasis.	-114.0	-114.0	-10.375	-10.375	False	False	morphology	determiner_noun_agreement	Write a natural, coherent English sentence.
267	3	Katherine hadn't skated around this white oasis.	Katherine hadn't skated around these white oasis.	-135.0	-135.0	-10.375	-10.375	False	False	morphology	determiner_noun_agreement	Write a natural, coherent English sentence.
268	3	James observed this hopeful child.	James observed these hopeful child.	-72.5	-72.5	-10.375	-10.375	False	False	morphology	determiner_noun_agreement	Write a natural, coherent English sentence.
269	3	Gerald liked this big child.	Gerald liked these big child.	-72.5	-72.5	-10.375	-10.375	False	False	morphology	determiner_noun_agreement	Write a natural, coherent English sentence.
270	3	That committee wasn't hiring this displeased alumnus.	That committee wasn't hiring these displeased alumnus.	-145.0	-145.0	-10.375	-10.375	False	False	morphology	determiner_noun_agreement	Write a natural, coherent English sentence.
271	3	Gary isn't breaking that white tooth.	Gary isn't breaking those white tooth.	-93.5	-93.5	-10.375	-10.375	False	False	morphology	determiner_noun_agreement	Write a natural, coherent English sentence.
272	3	Walter hasn't seen those content children.	Walter hasn't seen that content children.	-93.5	-93.5	-10.375	-10.375	False	False	morphology	determiner_noun_agreement	Write a natural, coherent English sentence.
273	3	Martha didn't clean these hidden teeth.	Martha didn't clean this hidden teeth.	-93.5	-93.5	-10.375	-10.375	False	False	morphology	determiner_noun_agreement	Write a natural, coherent English sentence.
274	3	These teachers are returning to those lost men.	These teachers are returning to that lost men.	-93.5	-93.5	-10.375	-10.375	False	False	morphology	determiner_noun_agreement	Write a natural, coherent English sentence.
275	3	Ellen hadn't boycotted that hidden oasis.	Ellen hadn't boycotted those hidden oasis.	-124.5	-124.5	-10.375	-10.375	False	False	morphology	determiner_noun_agreement	Write a natural, coherent English sentence.
276	3	Some patients drive to these brown oases.	Some patients drive to this brown oases.	-93.5	-93.5	-10.375	-10.375	False	False	morphology	determiner_noun_agreement	Write a natural, coherent English sentence.
277	3	Nina wasn't referencing this ill person.	Nina wasn't referencing these ill person.	-104.0	-104.0	-10.375	-10.375	False	False	morphology	determiner_noun_agreement	Write a natural, coherent English sentence.
278	3	Denise praises these fast children.	Denise praises this fast children.	-83.0	-83.0	-10.375	-10.375	False	False	morphology	determiner_noun_agreement	Write a natural, coherent English sentence.
279	3	Most customers attack that clever man.	Most customers attack those clever man.	-72.5	-72.5	-10.375	-10.375	False	False	morphology	determiner_noun_agreement	Write a natural, coherent English sentence.
280	3	Every photograph looks like those exposed people.	Every photograph looks like that exposed people.	-83.0	-83.0	-10.375	-10.375	False	False	morphology	determiner_noun_agreement	Write a natural, coherent English sentence.
281	3	Cindy shouldn't cure that confident alumnus.	Cindy shouldn't cure those confident alumnus.	-135.0	-135.0	-10.375	-10.375	False	False	morphology	determiner_noun_agreement	Write a natural, coherent English sentence.
282	3	The Borgias reveal these blue feet.	The Borgias reveal this blue feet.	-93.5	-93.5	-10.375	-10.375	False	False	morphology	determiner_noun_agreement	Write a natural, coherent English sentence.
283	3	Ella lifts these exposed fungi.	Ella lifts this exposed fungi.	-93.5	-93.5	-10.375	-10.375	False	False	morphology	determiner_noun_agreement	Write a natural, coherent English sentence.
284	3	The Lutherans astound that unsure person.	The Lutherans astound those unsure person.	-104.0	-104.0	-10.375	-10.375	False	False	morphology	determiner_noun_agreement	Write a natural, coherent English sentence.
285	3	These cakes bore that determined woman.	These cakes bore those determined woman.	-83.0	-83.0	-10.375	-10.375	False	False	morphology	determiner_noun_agreement	Write a natural, coherent English sentence.
286	3	Nina lifts this orange cactus.	Nina lifts these orange cactus.	-93.5	-93.5	-10.375	-10.375	False	False	morphology	determiner_noun_agreement	Write a natural, coherent English sentence.
287	3	The actors kiss these unconvinced children.	The actors kiss this unconvinced children.	-104.0	-104.0	-10.375	-10.375	False	False	morphology	determiner_noun_agreement	Write a natural, coherent English sentence.
288	3	Sharon dislikes that brown thesis.	Sharon dislikes those brown thesis.	-93.5	-93.5	-10.375	-10.375	False	False	morphology	determiner_noun_agreement	Write a natural, coherent English sentence.
289	3	The customers sell these rough fungi.	The customers sell this rough fungi.	-83.0	-83.0	-10.375	-10.375	False	False	morphology	determiner_noun_agreement	Write a natural, coherent English sentence.
290	3	Janice didn't cure those employed men.	Janice didn't cure that employed men.	-104.0	-104.0	-10.375	-10.375	False	False	morphology	determiner_noun_agreement	Write a natural, coherent English sentence.
291	3	Paula left this uncertain person.	Paula left these uncertain person.	-72.5	-72.5	-10.375	-10.375	False	False	morphology	determiner_noun_agreement	Write a natural, coherent English sentence.
292	3	Those guys had escaped from those employed children.	Those guys had escaped from that employed children.	-93.5	-93.5	-10.375	-10.375	False	False	morphology	determiner_noun_agreement	Write a natural, coherent English sentence.
293	3	Christine wasn't touring that old oasis.	Christine wasn't touring those old oasis.	-124.5	-124.5	-10.375	-10.375	False	False	morphology	determiner_noun_agreement	Write a natural, coherent English sentence.
294	3	These waitresses praise this rough thesis.	These waitresses praise these rough thesis.	-93.5	-93.5	-10.375	-10.375	False	False	morphology	determiner_noun_agreement	Write a natural, coherent English sentence.
295	3	Some girls hadn't passed this concealed oasis.	Some girls hadn't passed these concealed oasis.	-124.5	-124.5	-10.375	-10.375	False	False	morphology	determiner_noun_agreement	Write a natural, coherent English sentence.
296	3	Andrea lifts these small cacti.	Andrea lifts this small cacti.	-93.5	-93.5	-10.375	-10.375	False	False	morphology	determiner_noun_agreement	Write a natural, coherent English sentence.
297	3	Kristen is scanning those bad synopses.	Kristen is scanning that bad synopses.	-114.0	-114.0	-10.375	-10.375	False	False	morphology	determiner_noun_agreement	Write a natural, coherent English sentence.
298	3	Alan is skated around these cheap oases.	Alan is skated around this cheap oases.	-104.0	-104.0	-10.375	-10.375	False	False	morphology	determiner_noun_agreement	Write a natural, coherent English sentence.
299	3	Kayla has investigated these busy people.	Kayla has investigated this busy people.	-83.0	-83.0	-10.375	-10.375	False	False	morphology	determiner_noun_agreement	Write a natural, coherent English sentence.
300	3	Timothy observes that good woman.	Timothy observes those good woman.	-83.0	-83.0	-10.375	-10.375	False	False	morphology	determiner_noun_agreement	Write a natural, coherent English sentence.
301	3	Every museum hadn't discussed those hidden theses.	Every museum hadn't discussed that hidden theses.	-114.0	-114.0	-10.375	-10.375	False	False	morphology	determiner_noun_agreement	Write a natural, coherent English sentence.
302	3	Some cashiers help this troubled person.	Some cashiers help these troubled person.	-93.5	-93.5	-10.375	-10.375	False	False	morphology	determiner_noun_agreement	Write a natural, coherent English sentence.
303	3	Amanda was attacking that displeased woman.	Amanda was attacking those displeased woman.	-93.5	-93.5	-10.375	-10.375	False	False	morphology	determiner_noun_agreement	Write a natural, coherent English sentence.
304	3	This window upsets these lost people.	This window upsets this lost people.	-83.0	-83.0	-10.375	-10.375	False	False	morphology	determiner_noun_agreement	Write a natural, coherent English sentence.
305	3	Cindy wasn't bringing those gray cacti.	Cindy wasn't bringing that gray cacti.	-135.0	-135.0	-10.375	-10.375	False	False	morphology	determiner_noun_agreement	Write a natural, coherent English sentence.
306	3	Peter complained about these good synopses.	Peter complained about this good synopses.	-93.5	-93.5	-10.375	-10.375	False	False	morphology	determiner_noun_agreement	Write a natural, coherent English sentence.
307	3	Danielle was touring those new oases.	Danielle was touring that new oases.	-104.0	-104.0	-10.375	-10.375	False	False	morphology	determiner_noun_agreement	Write a natural, coherent English sentence.
308	3	Elaine discusses that standing person.	Elaine discusses those standing person.	-83.0	-83.0	-10.375	-10.375	False	False	morphology	determiner_noun_agreement	Write a natural, coherent English sentence.
309	3	Jacqueline had healed those rough geese.	Jacqueline had healed that rough geese.	-114.0	-114.0	-10.375	-10.375	False	False	morphology	determiner_noun_agreement	Write a natural, coherent English sentence.
310	3	All rivers were distracting those standing men.	All rivers were distracting that standing men.	-93.5	-93.5	-10.375	-10.375	False	False	morphology	determiner_noun_agreement	Write a natural, coherent English sentence.
311	3	Some people exit those yellow oases.	Some people exit that yellow oases.	-83.0	-83.0	-10.375	-10.375	False	False	morphology	determiner_noun_agreement	Write a natural, coherent English sentence.
312	3	Becca isn't exploring these hard oases.	Becca isn't exploring this hard oases.	-114.0	-114.0	-10.375	-10.375	False	False	morphology	determiner_noun_agreement	Write a natural, coherent English sentence.
313	3	Timothy revealed that big foot.	Timothy revealed those big foot.	-72.5	-72.5	-10.375	-10.375	False	False	morphology	determiner_noun_agreement	Write a natural, coherent English sentence.
314	3	Adam fires these determined men.	Adam fires this determined men.	-62.25	-62.25	-10.375	-10.375	False	False	morphology	determiner_noun_agreement	Write a natural, coherent English sentence.
315	3	The teenagers clean this purple foot.	The teenagers clean these purple foot.	-83.0	-83.0	-10.375	-10.375	False	False	morphology	determiner_noun_agreement	Write a natural, coherent English sentence.
316	3	The Great Lakes could annoy that troubled man.	The Great Lakes could annoy those troubled man.	-114.0	-114.0	-10.375	-10.375	False	False	morphology	determiner_noun_agreement	Write a natural, coherent English sentence.
317	3	Karen discusses those bad men.	Karen discusses that bad men.	-72.5	-72.5	-10.375	-10.375	False	False	morphology	determiner_noun_agreement	Write a natural, coherent English sentence.
318	3	Phillip didn't find those ill alumni.	Phillip didn't find that ill alumni.	-124.5	-124.5	-10.375	-10.375	False	False	morphology	determiner_noun_agreement	Write a natural, coherent English sentence.
319	3	A lot of men reference these good analyses.	A lot of men reference this good analyses.	-104.0	-104.0	-10.375	-10.375	False	False	morphology	determiner_noun_agreement	Write a natural, coherent English sentence.
320	3	Larry had insulted these lucky children.	Larry had insulted this lucky children.	-83.0	-83.0	-10.375	-10.375	False	False	morphology	determiner_noun_agreement	Write a natural, coherent English sentence.
321	3	Debra is firing that determined child.	Debra is firing those determined child.	-83.0	-83.0	-10.375	-10.375	False	False	morphology	determiner_noun_agreement	Write a natural, coherent English sentence.
322	3	Noah was watching that fast woman.	Noah was watching those fast woman.	-72.5	-72.5	-10.375	-10.375	False	False	morphology	determiner_noun_agreement	Write a natural, coherent English sentence.
323	3	Gina works with that displeased person.	Gina works with those displeased person.	-104.0	-104.0	-10.375	-10.375	False	False	morphology	determiner_noun_agreement	Write a natural, coherent English sentence.
324	3	Most doctors would bring these big nuclei.	Most doctors would bring this big nuclei.	-93.5	-93.5	-10.375	-10.375	False	False	morphology	determiner_noun_agreement	Write a natural, coherent English sentence.
325	3	All drawings alarm that unconvinced child.	All drawings alarm those unconvinced child.	-104.0	-104.0	-10.375	-10.375	False	False	morphology	determiner_noun_agreement	Write a natural, coherent English sentence.
326	3	Some libraries hate that busy man.	Some libraries hate those busy man.	-72.5	-72.5	-10.375	-10.375	False	False	morphology	determiner_noun_agreement	Write a natural, coherent English sentence.
327	3	Derek disgusted that unemployed child.	Derek disgusted those unemployed child.	-93.5	-93.5	-10.375	-10.375	False	False	morphology	determiner_noun_agreement	Write a natural, coherent English sentence.
328	3	Marla hadn't fired these good men.	Marla hadn't fired this good men.	-104.0	-104.0	-10.375	-10.375	False	False	morphology	determiner_noun_agreement	Write a natural, coherent English sentence.
329	3	Carmen examined that red thesis.	Carmen examined those red thesis.	-72.5	-72.5	-10.375	-10.375	False	False	morphology	determiner_noun_agreement	Write a natural, coherent English sentence.
330	3	Amelia investigates this smart woman.	Amelia investigates these smart woman.	-83.0	-83.0	-10.375	-10.375	False	False	morphology	determiner_noun_agreement	Write a natural, coherent English sentence.
331	3	The Borgias hire that displeased alumnus.	The Borgias hire those displeased alumnus.	-135.0	-135.0	-10.375	-10.375	False	False	morphology	determiner_noun_agreement	Write a natural, coherent English sentence.
332	3	Stacey would arrive at these orange oases.	Stacey would arrive at this orange oases.	-114.0	-114.0	-10.375	-10.375	False	False	morphology	determiner_noun_agreement	Write a natural, coherent English sentence.
333	3	Anna works with this lucky man.	Anna works with these lucky man.	-72.5	-72.5	-10.375	-10.375	False	False	morphology	determiner_noun_agreement	Write a natural, coherent English sentence.
334	3	Walter has scanned this rough thesis.	Walter has scanned these rough thesis.	-83.0	-83.0	-10.375	-10.375	False	False	morphology	determiner_noun_agreement	Write a natural, coherent English sentence.
335	3	Some mushroom bothered that lucky woman.	Some mushroom bothered those lucky woman.	-83.0	-83.0	-10.375	-10.375	False	False	morphology	determiner_noun_agreement	Write a natural, coherent English sentence.
336	3	Cynthia walked through this hard oasis.	Cynthia walked through these hard oasis.	-114.0	-114.0	-10.375	-10.375	False	False	morphology	determiner_noun_agreement	Write a natural, coherent English sentence.
337	3	Liam has healed these black oxen.	Liam has healed this black oxen.	-104.0	-104.0	-10.375	-10.375	False	False	morphology	determiner_noun_agreement	Write a natural, coherent English sentence.
338	3	Andrew did notice these white axes.	Andrew did notice this white axes.	-83.0	-83.0	-10.375	-10.375	False	False	morphology	determiner_noun_agreement	Write a natural, coherent English sentence.
339	3	Bethany kisses these serious alumni.	Bethany kisses this serious alumni.	-104.0	-104.0	-10.375	-10.375	False	False	morphology	determiner_noun_agreement	Write a natural, coherent English sentence.
340	3	Vanessa watches this nice person.	Vanessa watches these nice person.	-72.5	-72.5	-10.375	-10.375	False	False	morphology	determiner_noun_agreement	Write a natural, coherent English sentence.
341	3	Every window astounded that big man.	Every window astounded those big man.	-93.5	-93.5	-10.375	-10.375	False	False	morphology	determiner_noun_agreement	Write a natural, coherent English sentence.
342	3	Donna leaves that upset man.	Donna leaves those upset man.	-72.5	-72.5	-10.375	-10.375	False	False	morphology	determiner_noun_agreement	Write a natural, coherent English sentence.
343	3	Many students drop by that orange oasis.	Many students drop by those orange oasis.	-93.5	-93.5	-10.375	-10.375	False	False	morphology	determiner_noun_agreement	Write a natural, coherent English sentence.
344	3	The sketches looked like this unsure man.	The sketches looked like these unsure man.	-114.0	-114.0	-10.375	-10.375	False	False	morphology	determiner_noun_agreement	Write a natural, coherent English sentence.
345	3	Helen fixes that broken tooth.	Helen fixes those broken tooth.	-72.5	-72.5	-10.375	-10.375	False	False	morphology	determiner_noun_agreement	Write a natural, coherent English sentence.
346	3	Robert wasn't annoying that old person.	Robert wasn't annoying those old person.	-93.5	-93.5	-10.375	-10.375	False	False	morphology	determiner_noun_agreement	Write a natural, coherent English sentence.
347	3	Amy isn't talking to that young woman.	Amy isn't talking to those young woman.	-104.0	-104.0	-10.375	-10.375	False	False	morphology	determiner_noun_agreement	Write a natural, coherent English sentence.
348	3	Alan hadn't remembered these long analyses.	Alan hadn't remembered this long analyses.	-104.0	-104.0	-10.375	-10.375	False	False	morphology	determiner_noun_agreement	Write a natural, coherent English sentence.
349	3	Stephen is working with these out in the open women.	Stephen is working with this out in the open women.	-114.0	-114.0	-10.375	-10.375	False	False	morphology	determiner_noun_agreement	Write a natural, coherent English sentence.
350	3	This library had discussed these employed men.	This library had discussed this employed men.	-83.0	-83.0	-10.375	-10.375	False	False	morphology	determiner_noun_agreement	Write a natural, coherent English sentence.
351	3	This teenager can't worry those delighted men.	This teenager can't worry that delighted men.	-104.0	-104.0	-10.375	-10.375	False	False	morphology	determiner_noun_agreement	Write a natural, coherent English sentence.
352	3	Wendy revealed that sick octopus.	Wendy revealed those sick octopus.	-93.5	-93.5	-10.375	-10.375	False	False	morphology	determiner_noun_agreement	Write a natural, coherent English sentence.
353	3	The Clintons haven't worked with that young person.	The Clintons haven't worked with those young person.	-135.0	-135.0	-10.375	-10.375	False	False	morphology	determiner_noun_agreement	Write a natural, coherent English sentence.
354	3	Some committee aggravates this unconvinced woman.	Some committee aggravates these unconvinced woman.	-124.5	-124.5	-10.375	-10.375	False	False	morphology	determiner_noun_agreement	Write a natural, coherent English sentence.
355	3	Guy bored that troubled man.	Guy bored those troubled man.	-72.5	-72.5	-10.375	-10.375	False	False	morphology	determiner_noun_agreement	Write a natural, coherent English sentence.
356	3	Every actress scanned those bad analyses.	Every actress scanned that bad analyses.	-93.5	-93.5	-10.375	-10.375	False	False	morphology	determiner_noun_agreement	Write a natural, coherent English sentence.
357	3	A library alarms that determined child.	A library alarms those determined child.	-83.0	-83.0	-10.375	-10.375	False	False	morphology	determiner_noun_agreement	Write a natural, coherent English sentence.
358	3	Sheila can't notice this clever man.	Sheila can't notice these clever man.	-104.0	-104.0	-10.375	-10.375	False	False	morphology	determiner_noun_agreement	Write a natural, coherent English sentence.
359	3	James forgets this fast alumnus.	James forgets these fast alumnus.	-93.5	-93.5	-10.375	-10.375	False	False	morphology	determiner_noun_agreement	Write a natural, coherent English sentence.
360	3	Noah hasn't thought about these smooth lice.	Noah hasn't thought about this smooth lice.	-114.0	-114.0	-10.375	-10.375	False	False	morphology	determiner_noun_agreement	Write a natural, coherent English sentence.
361	3	Aaron sees these gray oases.	Aaron sees this gray oases.	-72.5	-72.5	-10.375	-10.375	False	False	morphology	determiner_noun_agreement	Write a natural, coherent English sentence.
362	3	Sherry has taken this standing goose.	Sherry has taken these standing goose.	-93.5	-93.5	-10.375	-10.375	False	False	morphology	determiner_noun_agreement	Write a natural, coherent English sentence.
363	3	Marie hasn't found those ill geese.	Marie hasn't found that ill geese.	-104.0	-104.0	-10.375	-10.375	False	False	morphology	determiner_noun_agreement	Write a natural, coherent English sentence.
364	3	Peter isn't arriving at that red oasis.	Peter isn't arriving at those red oasis.	-114.0	-114.0	-10.375	-10.375	False	False	morphology	determiner_noun_agreement	Write a natural, coherent English sentence.
365	3	Jill isn't boycotting those orange oases.	Jill isn't boycotting that orange oases.	-145.0	-145.0	-10.375	-10.375	False	False	morphology	determiner_noun_agreement	Write a natural, coherent English sentence.
366	3	Julia messes up that orange foot.	Julia messes up those orange foot.	-83.0	-83.0	-10.375	-10.375	False	False	morphology	determiner_noun_agreement	Write a natural, coherent English sentence.
367	3	That hill didn't disturb that content woman.	That hill didn't disturb those content woman.	-104.0	-104.0	-10.375	-10.375	False	False	morphology	determiner_noun_agreement	Write a natural, coherent English sentence.
368	3	Suzanne has concealed that concealed man.	Suzanne has concealed those concealed man.	-104.0	-104.0	-10.375	-10.375	False	False	morphology	determiner_noun_agreement	Write a natural, coherent English sentence.
369	3	Alicia sells that orange octopus.	Alicia sells those orange octopus.	-114.0	-114.0	-10.375	-10.375	False	False	morphology	determiner_noun_agreement	Write a natural, coherent English sentence.
370	3	Leslie has discussed that delighted child.	Leslie has discussed those delighted child.	-83.0	-83.0	-10.375	-10.375	False	False	morphology	determiner_noun_agreement	Write a natural, coherent English sentence.
371	3	Andrea could like these white lice.	Andrea could like this white lice.	-83.0	-83.0	-10.375	-10.375	False	False	morphology	determiner_noun_agreement	Write a natural, coherent English sentence.
372	3	Most children break those rough teeth.	Most children break that rough teeth.	-72.5	-72.5	-10.375	-10.375	False	False	morphology	determiner_noun_agreement	Write a natural, coherent English sentence.
373	3	Richard did work with this clever child.	Richard did work with these clever child.	-83.0	-83.0	-10.375	-10.375	False	False	morphology	determiner_noun_agreement	Write a natural, coherent English sentence.
374	3	Anne hugs this unemployed woman.	Anne hugs these unemployed woman.	-83.0	-83.0	-10.375	-10.375	False	False	morphology	determiner_noun_agreement	Write a natural, coherent English sentence.
375	3	Those actors attack that excited child.	Those actors attack those excited child.	-72.5	-72.5	-10.375	-10.375	False	False	morphology	determiner_noun_agreement	Write a natural, coherent English sentence.
376	3	Bruce was hugging that unconvinced man.	Bruce was hugging those unconvinced man.	-114.0	-114.0	-10.375	-10.375	False	False	morphology	determiner_noun_agreement	Write a natural, coherent English sentence.
377	3	Patrick hasn't hidden this orange oasis.	Patrick hasn't hidden these orange oasis.	-104.0	-104.0	-10.375	-10.375	False	False	morphology	determiner_noun_agreement	Write a natural, coherent English sentence.
378	3	Alicia hadn't discussed that uncertain person.	Alicia hadn't discussed those uncertain person.	-114.0	-114.0	-10.375	-10.375	False	False	morphology	determiner_noun_agreement	Write a natural, coherent English sentence.
379	3	Susan wasn't talking to those confident men.	Susan wasn't talking to that confident men.	-104.0	-104.0	-10.375	-10.375	False	False	morphology	determiner_noun_agreement	Write a natural, coherent English sentence.
380	3	Cheryl will scan that good synopsis.	Cheryl will scan those good synopsis.	-93.5	-93.5	-10.375	-10.375	False	False	morphology	determiner_noun_agreement	Write a natural, coherent English sentence.
381	3	Tamara kissed that unsure man.	Tamara kissed those unsure man.	-83.0	-83.0	-10.375	-10.375	False	False	morphology	determiner_noun_agreement	Write a natural, coherent English sentence.
382	3	Craig boasts about those bad analyses.	Craig boasts about that bad analyses.	-93.5	-93.5	-10.375	-10.375	False	False	morphology	determiner_noun_agreement	Write a natural, coherent English sentence.
383	3	Randolf hadn't hugged those serious people.	Randolf hadn't hugged that serious people.	-114.0	-114.0	-10.375	-10.375	False	False	morphology	determiner_noun_agreement	Write a natural, coherent English sentence.
384	3	Many doctors cure these exposed men.	Many doctors cure this exposed men.	-72.5	-72.5	-10.375	-10.375	False	False	morphology	determiner_noun_agreement	Write a natural, coherent English sentence.
385	3	Women criticized those smooth theses.	Women criticized that smooth theses.	-83.0	-83.0	-10.375	-10.375	False	False	morphology	determiner_noun_agreement	Write a natural, coherent English sentence.
386	3	Some light disturbs that old person.	Some light disturbs those old person.	-93.5	-93.5	-10.375	-10.375	False	False	morphology	determiner_noun_agreement	Write a natural, coherent English sentence.
387	3	Carol was questioning this big man.	Carol was questioning these big man.	-72.5	-72.5	-10.375	-10.375	False	False	morphology	determiner_noun_agreement	Write a natural, coherent English sentence.
388	3	Sara has gone to that old oasis.	Sara has gone to those old oasis.	-93.5	-93.5	-10.375	-10.375	False	False	morphology	determiner_noun_agreement	Write a natural, coherent English sentence.
389	3	Steven brought these red oases.	Steven brought this red oases.	-72.5	-72.5	-10.375	-10.375	False	False	morphology	determiner_noun_agreement	Write a natural, coherent English sentence.
390	3	Diana will disgust these ill children.	Diana will disgust this ill children.	-72.5	-72.5	-10.375	-10.375	False	False	morphology	determiner_noun_agreement	Write a natural, coherent English sentence.
391	3	Steven disturbs these sick alumni.	Steven disturbs this sick alumni.	-104.0	-104.0	-10.375	-10.375	False	False	morphology	determiner_noun_agreement	Write a natural, coherent English sentence.
392	3	Angela wasn't lifting these blue feet.	Angela wasn't lifting this blue feet.	-93.5	-93.5	-10.375	-10.375	False	False	morphology	determiner_noun_agreement	Write a natural, coherent English sentence.
393	3	Sharon hasn't stunned that unsure child.	Sharon hasn't stunned those unsure child.	-124.5	-124.5	-10.375	-10.375	False	False	morphology	determiner_noun_agreement	Write a natural, coherent English sentence.
394	3	These girls question that concealed man.	These girls question those concealed man.	-83.0	-83.0	-10.375	-10.375	False	False	morphology	determiner_noun_agreement	Write a natural, coherent English sentence.
395	3	Martha wasn't kissing this unemployed man.	Martha wasn't kissing these unemployed man.	-114.0	-114.0	-10.375	-10.375	False	False	morphology	determiner_noun_agreement	Write a natural, coherent English sentence.
396	3	Kendra isn't working with this excited child.	Kendra isn't working with these excited child.	-124.5	-124.5	-10.375	-10.375	False	False	morphology	determiner_noun_agreement	Write a natural, coherent English sentence.
397	3	All actresses praise this hard thesis.	All actresses praise these hard thesis.	-83.0	-83.0	-10.375	-10.375	False	False	morphology	determiner_noun_agreement	Write a natural, coherent English sentence.
398	3	David cleans that hard tooth.	David cleans those hard tooth.	-72.5	-72.5	-10.375	-10.375	False	False	morphology	determiner_noun_agreement	Write a natural, coherent English sentence.
399	3	Julia sounded like this uncertain person.	Julia sounded like these uncertain person.	-72.5	-72.5	-10.375	-10.375	False	False	morphology	determiner_noun_agreement	Write a natural, coherent English sentence.
400	3	Those actors attacked that happy alumnus.	Those actors attacked those happy alumnus.	-93.5	-93.5	-10.375	-10.375	False	False	morphology	determiner_noun_agreement	Write a natural, coherent English sentence.
401	3	Eva hadn't admired these black fungi.	Eva hadn't admired this black fungi.	-114.0	-114.0	-10.375	-10.375	False	False	morphology	determiner_noun_agreement	Write a natural, coherent English sentence.
402	3	Many chairs aren't disgusting this unlucky child.	Many chairs aren't disgusting these unlucky child.	-135.0	-135.0	-10.375	-10.375	False	False	morphology	determiner_noun_agreement	Write a natural, coherent English sentence.
403	3	Those waiters break these rough teeth.	Those waiters break this rough teeth.	-83.0	-83.0	-10.375	-10.375	False	False	morphology	determiner_noun_agreement	Write a natural, coherent English sentence.
404	3	Becca leaves this uncertain child.	Becca leaves these uncertain child.	-72.5	-72.5	-10.375	-10.375	False	False	morphology	determiner_noun_agreement	Write a natural, coherent English sentence.
405	3	Some steak disturbs these displeased children.	Some steak disturbs this displeased children.	-124.5	-124.5	-10.375	-10.375	False	False	morphology	determiner_noun_agreement	Write a natural, coherent English sentence.
406	3	Christine wouldn't conceal this lost stimulus.	Christine wouldn't conceal these lost stimulus.	-124.5	-124.5	-10.375	-10.375	False	False	morphology	determiner_noun_agreement	Write a natural, coherent English sentence.
407	3	Every face irritates those unemployed alumni.	Every face irritates that unemployed alumni.	-114.0	-114.0	-10.375	-10.375	False	False	morphology	determiner_noun_agreement	Write a natural, coherent English sentence.
408	3	Susan noticed that unlucky person.	Susan noticed those unlucky person.	-83.0	-83.0	-10.375	-10.375	False	False	morphology	determiner_noun_agreement	Write a natural, coherent English sentence.
409	3	Some women drop by those concealed oases.	Some women drop by that concealed oases.	-104.0	-104.0	-10.375	-10.375	False	False	morphology	determiner_noun_agreement	Write a natural, coherent English sentence.
410	3	The Clintons disagree with these serious men.	The Clintons disagree with this serious men.	-104.0	-104.0	-10.375	-10.375	False	False	morphology	determiner_noun_agreement	Write a natural, coherent English sentence.
411	3	Phillip discovers these busy women.	Phillip discovers this busy women.	-83.0	-83.0	-10.375	-10.375	False	False	morphology	determiner_noun_agreement	Write a natural, coherent English sentence.
412	3	Waiters investigate that hopeful woman.	Waiters investigate those hopeful woman.	-83.0	-83.0	-10.375	-10.375	False	False	morphology	determiner_noun_agreement	Write a natural, coherent English sentence.
413	3	Regina hasn't found these white nuclei.	Regina hasn't found this white nuclei.	-124.5	-124.5	-10.375	-10.375	False	False	morphology	determiner_noun_agreement	Write a natural, coherent English sentence.
414	3	Irene scanned those purple theses.	Irene scanned that purple theses.	-93.5	-93.5	-10.375	-10.375	False	False	morphology	determiner_noun_agreement	Write a natural, coherent English sentence.
415	3	A bank references those popular people.	A bank references that popular people.	-72.5	-72.5	-10.375	-10.375	False	False	morphology	determiner_noun_agreement	Write a natural, coherent English sentence.
416	3	Vincent tours this old oasis.	Vincent tours these old oasis.	-72.5	-72.5	-10.375	-10.375	False	False	morphology	determiner_noun_agreement	Write a natural, coherent English sentence.
417	3	Alicia kisses that standing woman.	Alicia kisses those standing woman.	-93.5	-93.5	-10.375	-10.375	False	False	morphology	determiner_noun_agreement	Write a natural, coherent English sentence.
418	3	Some candles aren't boring those displeased men.	Some candles aren't boring that displeased men.	-135.0	-135.0	-10.375	-10.375	False	False	morphology	determiner_noun_agreement	Write a natural, coherent English sentence.
419	3	That teenager does care for this old alumnus.	That teenager does care for these old alumnus.	-114.0	-114.0	-10.375	-10.375	False	False	morphology	determiner_noun_agreement	Write a natural, coherent English sentence.
420	3	A lot of drawings weren't alarming that displeased man.	A lot of drawings weren't alarming those displeased man.	-156.0	-156.0	-10.375	-10.375	False	False	morphology	determiner_noun_agreement	Write a natural, coherent English sentence.
421	3	That face astounded that important woman.	That face astounded those important woman.	-93.5	-93.5	-10.375	-10.375	False	False	morphology	determiner_noun_agreement	Write a natural, coherent English sentence.
422	3	Tiffany had approached these unemployed people.	Tiffany had approached this unemployed people.	-104.0	-104.0	-10.375	-10.375	False	False	morphology	determiner_noun_agreement	Write a natural, coherent English sentence.
423	3	Christina is passing these rough oases.	Christina is passing this rough oases.	-93.5	-93.5	-10.375	-10.375	False	False	morphology	determiner_noun_agreement	Write a natural, coherent English sentence.
424	3	Debra was praising those busy people.	Debra was praising that busy people.	-93.5	-93.5	-10.375	-10.375	False	False	morphology	determiner_noun_agreement	Write a natural, coherent English sentence.
425	3	The doctors didn't care for these scared children.	The doctors didn't care for this scared children.	-114.0	-114.0	-10.375	-10.375	False	False	morphology	determiner_noun_agreement	Write a natural, coherent English sentence.
426	3	Those ladders stun these small people.	Those ladders stun this small people.	-104.0	-104.0	-10.375	-10.375	False	False	morphology	determiner_noun_agreement	Write a natural, coherent English sentence.
427	3	Samuel isn't distracting these clever women.	Samuel isn't distracting this clever women.	-104.0	-104.0	-10.375	-10.375	False	False	morphology	determiner_noun_agreement	Write a natural, coherent English sentence.
428	3	Lucille dropped by those new oases.	Lucille dropped by that new oases.	-93.5	-93.5	-10.375	-10.375	False	False	morphology	determiner_noun_agreement	Write a natural, coherent English sentence.
429	3	A legislature should aggravate that busy child.	A legislature should aggravate those busy child.	-114.0	-114.0	-10.375	-10.375	False	False	morphology	determiner_noun_agreement	Write a natural, coherent English sentence.
430	3	Larry observed that lucky child.	Larry observed those lucky child.	-62.25	-62.25	-10.375	-10.375	False	False	morphology	determiner_noun_agreement	Write a natural, coherent English sentence.
431	3	Lawrence wasn't approaching those troubled children.	Lawrence wasn't approaching that troubled children.	-104.0	-104.0	-10.375	-10.375	False	False	morphology	determiner_noun_agreement	Write a natural, coherent English sentence.
432	3	Most libraries describe those delighted men.	Most libraries describe that delighted men.	-72.5	-72.5	-10.375	-10.375	False	False	morphology	determiner_noun_agreement	Write a natural, coherent English sentence.
433	3	The Impressionists alarms that sick child.	The Impressionists alarms those sick child.	-104.0	-104.0	-10.375	-10.375	False	False	morphology	determiner_noun_agreement	Write a natural, coherent English sentence.
434	3	A lot of children have this exposed axis.	A lot of children have these exposed axis.	-93.5	-93.5	-10.375	-10.375	False	False	morphology	determiner_noun_agreement	Write a natural, coherent English sentence.
435	3	Melissa couldn't reveal that small man.	Melissa couldn't reveal those small man.	-104.0	-104.0	-10.375	-10.375	False	False	morphology	determiner_noun_agreement	Write a natural, coherent English sentence.
436	3	These carriages won't impress those bad men.	These carriages won't impress that bad men.	-114.0	-114.0	-10.375	-10.375	False	False	morphology	determiner_noun_agreement	Write a natural, coherent English sentence.
437	3	Many girls drop by that red oasis.	Many girls drop by those red oasis.	-93.5	-93.5	-10.375	-10.375	False	False	morphology	determiner_noun_agreement	Write a natural, coherent English sentence.
438	3	The Impressionists fled from this small woman.	The Impressionists fled from these small woman.	-104.0	-104.0	-10.375	-10.375	False	False	morphology	determiner_noun_agreement	Write a natural, coherent English sentence.
439	3	Ann arrived at that blue oasis.	Ann arrived at those blue oasis.	-83.0	-83.0	-10.375	-10.375	False	False	morphology	determiner_noun_agreement	Write a natural, coherent English sentence.
440	3	The sock isn't disturbing those lucky children.	The sock isn't disturbing that lucky children.	-114.0	-114.0	-10.375	-10.375	False	False	morphology	determiner_noun_agreement	Write a natural, coherent English sentence.
441	3	Those socks were shocking those unlucky men.	Those socks were shocking that unlucky men.	-114.0	-114.0	-10.375	-10.375	False	False	morphology	determiner_noun_agreement	Write a natural, coherent English sentence.
442	3	Christine wasn't walking through those cheap oases.	Christine wasn't walking through that cheap oases.	-124.5	-124.5	-10.375	-10.375	False	False	morphology	determiner_noun_agreement	Write a natural, coherent English sentence.
443	3	Mary appreciates those content women.	Mary appreciates that content women.	-72.5	-72.5	-10.375	-10.375	False	False	morphology	determiner_noun_agreement	Write a natural, coherent English sentence.
444	3	That lady didn't question this ill person.	That lady didn't question these ill person.	-104.0	-104.0	-10.375	-10.375	False	False	morphology	determiner_noun_agreement	Write a natural, coherent English sentence.
445	3	Most birds annoy this young woman.	Most birds annoy these young woman.	-72.5	-72.5	-10.375	-10.375	False	False	morphology	determiner_noun_agreement	Write a natural, coherent English sentence.
446	3	Amelia is kissing these content men.	Amelia is kissing this content men.	-93.5	-93.5	-10.375	-10.375	False	False	morphology	determiner_noun_agreement	Write a natural, coherent English sentence.
447	3	Judy isn't taking those standing oxen.	Judy isn't taking that standing oxen.	-114.0	-114.0	-10.375	-10.375	False	False	morphology	determiner_noun_agreement	Write a natural, coherent English sentence.
448	3	Irene is discussing those clever alumni.	Irene is discussing that clever alumni.	-104.0	-104.0	-10.375	-10.375	False	False	morphology	determiner_noun_agreement	Write a natural, coherent English sentence.
449	3	Danielle could describe these long analyses.	Danielle could describe this long analyses.	-93.5	-93.5	-10.375	-10.375	False	False	morphology	determiner_noun_agreement	Write a natural, coherent English sentence.
450	3	Eva hasn't praised that lucky woman.	Eva hasn't praised those lucky woman.	-93.5	-93.5	-10.375	-10.375	False	False	morphology	determiner_noun_agreement	Write a natural, coherent English sentence.
451	3	Grace might observe that unlucky woman.	Grace might observe those unlucky woman.	-93.5	-93.5	-10.375	-10.375	False	False	morphology	determiner_noun_agreement	Write a natural, coherent English sentence.
452	3	The Clintons bothered these clever people.	The Clintons bothered this clever people.	-93.5	-93.5	-10.375	-10.375	False	False	morphology	determiner_noun_agreement	Write a natural, coherent English sentence.
453	3	April hadn't embarrassed those employed alumni.	April hadn't embarrassed that employed alumni.	-114.0	-114.0	-10.375	-10.375	False	False	morphology	determiner_noun_agreement	Write a natural, coherent English sentence.
454	3	Marie shouldn't forget that happy man.	Marie shouldn't forget those happy man.	-93.5	-93.5	-10.375	-10.375	False	False	morphology	determiner_noun_agreement	Write a natural, coherent English sentence.
455	3	Renee isn't breaking that cheap foot.	Renee isn't breaking those cheap foot.	-114.0	-114.0	-10.375	-10.375	False	False	morphology	determiner_noun_agreement	Write a natural, coherent English sentence.
456	3	Monica shouldn't sell those new oases.	Monica shouldn't sell that new oases.	-114.0	-114.0	-10.375	-10.375	False	False	morphology	determiner_noun_agreement	Write a natural, coherent English sentence.
457	3	Every dancer has returned to that troubled man.	Every dancer has returned to those troubled man.	-114.0	-114.0	-10.375	-10.375	False	False	morphology	determiner_noun_agreement	Write a natural, coherent English sentence.
458	3	Those dancers break those green teeth.	Those dancers break that green teeth.	-83.0	-83.0	-10.375	-10.375	False	False	morphology	determiner_noun_agreement	Write a natural, coherent English sentence.
459	3	These teachers talk about these fast women.	These teachers talk about this fast women.	-83.0	-83.0	-10.375	-10.375	False	False	morphology	determiner_noun_agreement	Write a natural, coherent English sentence.
460	3	Spain hasn't praised that happy man.	Spain hasn't praised those happy man.	-93.5	-93.5	-10.375	-10.375	False	False	morphology	determiner_noun_agreement	Write a natural, coherent English sentence.
461	3	Monica does kiss those good people.	Monica does kiss that good people.	-83.0	-83.0	-10.375	-10.375	False	False	morphology	determiner_noun_agreement	Write a natural, coherent English sentence.
462	3	Benjamin can boast about those busy men.	Benjamin can boast about that busy men.	-93.5	-93.5	-10.375	-10.375	False	False	morphology	determiner_noun_agreement	Write a natural, coherent English sentence.
463	3	Donald conceals this lost nucleus.	Donald conceals these lost nucleus.	-83.0	-83.0	-10.375	-10.375	False	False	morphology	determiner_noun_agreement	Write a natural, coherent English sentence.
464	3	Gregory was embarrassing this big woman.	Gregory was embarrassing these big woman.	-83.0	-83.0	-10.375	-10.375	False	False	morphology	determiner_noun_agreement	Write a natural, coherent English sentence.
465	3	The waiter wasn't stunning that hidden child.	The waiter wasn't stunning those hidden child.	-114.0	-114.0	-10.375	-10.375	False	False	morphology	determiner_noun_agreement	Write a natural, coherent English sentence.
466	3	A lot of photographs haven't looked like this red stimulus.	A lot of photographs haven't looked like these red stimulus.	-145.0	-145.0	-10.375	-10.375	False	False	morphology	determiner_noun_agreement	Write a natural, coherent English sentence.
467	3	A patient fixed those cheap feet.	A patient fixed that cheap feet.	-72.5	-72.5	-10.375	-10.375	False	False	morphology	determiner_noun_agreement	Write a natural, coherent English sentence.
468	3	Many gates shouldn't astound these unsure alumni.	Many gates shouldn't astound this unsure alumni.	-145.0	-145.0	-10.375	-10.375	False	False	morphology	determiner_noun_agreement	Write a natural, coherent English sentence.
469	3	That picture hasn't looked like these big men.	That picture hasn't looked like this big men.	-114.0	-114.0	-10.375	-10.375	False	False	morphology	determiner_noun_agreement	Write a natural, coherent English sentence.
470	3	These waitresses talk about this hidden thesis.	These waitresses talk about these hidden thesis.	-104.0	-104.0	-10.375	-10.375	False	False	morphology	determiner_noun_agreement	Write a natural, coherent English sentence.
471	3	Stacy concealed those gray axes.	Stacy concealed that gray axes.	-93.5	-93.5	-10.375	-10.375	False	False	morphology	determiner_noun_agreement	Write a natural, coherent English sentence.
472	3	Nicole remembers those serious alumni.	Nicole remembers that serious alumni.	-93.5	-93.5	-10.375	-10.375	False	False	morphology	determiner_noun_agreement	Write a natural, coherent English sentence.
473	3	Leslie hadn't gone to that small oasis.	Leslie hadn't gone to those small oasis.	-124.5	-124.5	-10.375	-10.375	False	False	morphology	determiner_noun_agreement	Write a natural, coherent English sentence.
474	3	Joel wasn't praising this ill person.	Joel wasn't praising these ill person.	-104.0	-104.0	-10.375	-10.375	False	False	morphology	determiner_noun_agreement	Write a natural, coherent English sentence.
475	3	These drivers embarrasses this young alumnus.	These drivers embarrasses these young alumnus.	-104.0	-104.0	-10.375	-10.375	False	False	morphology	determiner_noun_agreement	Write a natural, coherent English sentence.
476	3	Beef bores that delighted woman.	Beef bores those delighted woman.	-83.0	-83.0	-10.375	-10.375	False	False	morphology	determiner_noun_agreement	Write a natural, coherent English sentence.
477	3	Mitchell goes to this gray oasis.	Mitchell goes to these gray oasis.	-83.0	-83.0	-10.375	-10.375	False	False	morphology	determiner_noun_agreement	Write a natural, coherent English sentence.
478	3	The mouth bores these upset men.	The mouth bores this upset men.	-83.0	-83.0	-10.375	-10.375	False	False	morphology	determiner_noun_agreement	Write a natural, coherent English sentence.
479	3	Most legislatures discuss those good people.	Most legislatures discuss that good people.	-83.0	-83.0	-10.375	-10.375	False	False	morphology	determiner_noun_agreement	Write a natural, coherent English sentence.
480	3	The boys mess up those purple feet.	The boys mess up that purple feet.	-83.0	-83.0	-10.375	-10.375	False	False	morphology	determiner_noun_agreement	Write a natural, coherent English sentence.
481	3	Cashiers describe these fast children.	Cashiers describe this fast children.	-72.5	-72.5	-10.375	-10.375	False	False	morphology	determiner_noun_agreement	Write a natural, coherent English sentence.
482	3	Roger has fired those unconvinced men.	Roger has fired that unconvinced men.	-104.0	-104.0	-10.375	-10.375	False	False	morphology	determiner_noun_agreement	Write a natural, coherent English sentence.
483	3	Amy wasn't kissing this content man.	Amy wasn't kissing these content man.	-104.0	-104.0	-10.375	-10.375	False	False	morphology	determiner_noun_agreement	Write a natural, coherent English sentence.
484	3	Every dancer hadn't praised those good analyses.	Every dancer hadn't praised that good analyses.	-124.5	-124.5	-10.375	-10.375	False	False	morphology	determiner_noun_agreement	Write a natural, coherent English sentence.
485	3	Rhonda wasn't hiding those red mice.	Rhonda wasn't hiding that red mice.	-114.0	-114.0	-10.375	-10.375	False	False	morphology	determiner_noun_agreement	Write a natural, coherent English sentence.
486	3	Every pedestrian talks about that bad synopsis.	Every pedestrian talks about those bad synopsis.	-104.0	-104.0	-10.375	-10.375	False	False	morphology	determiner_noun_agreement	Write a natural, coherent English sentence.
487	3	The fish shocks these old alumni.	The fish shocks this old alumni.	-104.0	-104.0	-10.375	-10.375	False	False	morphology	determiner_noun_agreement	Write a natural, coherent English sentence.
488	3	Those waitresses visited those scared alumni.	Those waitresses visited that scared alumni.	-114.0	-114.0	-10.375	-10.375	False	False	morphology	determiner_noun_agreement	Write a natural, coherent English sentence.
489	3	That library was listening to this nice man.	That library was listening to these nice man.	-93.5	-93.5	-10.375	-10.375	False	False	morphology	determiner_noun_agreement	Write a natural, coherent English sentence.
490	3	Steve wasn't bringing that blue stimulus.	Steve wasn't bringing those blue stimulus.	-104.0	-104.0	-10.375	-10.375	False	False	morphology	determiner_noun_agreement	Write a natural, coherent English sentence.
491	3	Some guest was hiring that scared woman.	Some guest was hiring those scared woman.	-83.0	-83.0	-10.375	-10.375	False	False	morphology	determiner_noun_agreement	Write a natural, coherent English sentence.
492	3	The spotlights upset this unconvinced alumnus.	The spotlights upset these unconvinced alumnus.	-135.0	-135.0	-10.375	-10.375	False	False	morphology	determiner_noun_agreement	Write a natural, coherent English sentence.
493	3	Todd might observe this lost man.	Todd might observe these lost man.	-72.5	-72.5	-10.375	-10.375	False	False	morphology	determiner_noun_agreement	Write a natural, coherent English sentence.
494	3	People could describe that unconvinced person.	People could describe those unconvinced person.	-104.0	-104.0	-10.375	-10.375	False	False	morphology	determiner_noun_agreement	Write a natural, coherent English sentence.
495	3	That waiter had astounded these lucky people.	That waiter had astounded this lucky people.	-114.0	-114.0	-10.375	-10.375	False	False	morphology	determiner_noun_agreement	Write a natural, coherent English sentence.
496	3	Kendra disgusted these confident women.	Kendra disgusted this confident women.	-93.5	-93.5	-10.375	-10.375	False	False	morphology	determiner_noun_agreement	Write a natural, coherent English sentence.
497	3	Spain hasn't annoyed those old people.	Spain hasn't annoyed that old people.	-104.0	-104.0	-10.375	-10.375	False	False	morphology	determiner_noun_agreement	Write a natural, coherent English sentence.
498	3	Steve kisses these out in the open people.	Steve kisses this out in the open people.	-104.0	-104.0	-10.375	-10.375	False	False	morphology	determiner_noun_agreement	Write a natural, coherent English sentence.
499	3	Wayne kissed those unconvinced men.	Wayne kissed that unconvinced men.	-93.5	-93.5	-10.375	-10.375	False	False	morphology	determiner_noun_agreement	Write a natural, coherent English sentence.
500	3	Douglas has brought those lost cacti.	Douglas has brought that lost cacti.	-93.5	-93.5	-10.375	-10.375	False	False	morphology	determiner_noun_agreement	Write a natural, coherent English sentence.
501	3	Tammy can't reveal that big alumnus.	Tammy can't reveal those big alumnus.	-124.5	-124.5	-10.375	-10.375	False	False	morphology	determiner_noun_agreement	Write a natural, coherent English sentence.
502	3	Deborah fled from those standing children.	Deborah fled from that standing children.	-93.5	-93.5	-10.375	-10.375	False	False	morphology	determiner_noun_agreement	Write a natural, coherent English sentence.
503	3	A man wasn't cleaning that hard fungus.	A man wasn't cleaning those hard fungus.	-124.5	-124.5	-10.375	-10.375	False	False	morphology	determiner_noun_agreement	Write a natural, coherent English sentence.
504	3	Danielle has broken those gray teeth.	Danielle has broken that gray teeth.	-83.0	-83.0	-10.375	-10.375	False	False	morphology	determiner_noun_agreement	Write a natural, coherent English sentence.
505	3	Derek praised this big thesis.	Derek praised these big thesis.	-72.5	-72.5	-10.375	-10.375	False	False	morphology	determiner_noun_agreement	Write a natural, coherent English sentence.
506	3	Gary has disgusted those unsure people.	Gary has disgusted that unsure people.	-93.5	-93.5	-10.375	-10.375	False	False	morphology	determiner_noun_agreement	Write a natural, coherent English sentence.
507	3	A senator insulted this bad synopsis.	A senator insulted these bad synopsis.	-104.0	-104.0	-10.375	-10.375	False	False	morphology	determiner_noun_agreement	Write a natural, coherent English sentence.
508	3	A lot of drivers visit these purple oases.	A lot of drivers visit this purple oases.	-104.0	-104.0	-10.375	-10.375	False	False	morphology	determiner_noun_agreement	Write a natural, coherent English sentence.
509	3	Richard isn't attacking this fast child.	Richard isn't attacking these fast child.	-93.5	-93.5	-10.375	-10.375	False	False	morphology	determiner_noun_agreement	Write a natural, coherent English sentence.
510	3	Frank shocked that unsure man.	Frank shocked those unsure man.	-72.5	-72.5	-10.375	-10.375	False	False	morphology	determiner_noun_agreement	Write a natural, coherent English sentence.
511	3	Brett returned to that confident man.	Brett returned to those confident man.	-83.0	-83.0	-10.375	-10.375	False	False	morphology	determiner_noun_agreement	Write a natural, coherent English sentence.
512	3	Many ladies weren't passing these old oases.	Many ladies weren't passing this old oases.	-114.0	-114.0	-10.375	-10.375	False	False	morphology	determiner_noun_agreement	Write a natural, coherent English sentence.
513	3	A waiter brought those purple teeth.	A waiter brought that purple teeth.	-83.0	-83.0	-10.375	-10.375	False	False	morphology	determiner_noun_agreement	Write a natural, coherent English sentence.
514	3	Beverly has fired this fast alumnus.	Beverly has fired these fast alumnus.	-104.0	-104.0	-10.375	-10.375	False	False	morphology	determiner_noun_agreement	Write a natural, coherent English sentence.
515	3	Men haven't observed that standing man.	Men haven't observed those standing man.	-93.5	-93.5	-10.375	-10.375	False	False	morphology	determiner_noun_agreement	Write a natural, coherent English sentence.
516	3	Tiffany admired this ill child.	Tiffany admired these ill child.	-93.5	-93.5	-10.375	-10.375	False	False	morphology	determiner_noun_agreement	Write a natural, coherent English sentence.
517	3	That patient didn't love that unemployed alumnus.	That patient didn't love those unemployed alumnus.	-135.0	-135.0	-10.375	-10.375	False	False	morphology	determiner_noun_agreement	Write a natural, coherent English sentence.
518	3	Aaron reveals that red tooth.	Aaron reveals those red tooth.	-62.25	-62.25	-10.375	-10.375	False	False	morphology	determiner_noun_agreement	Write a natural, coherent English sentence.
519	3	Monica was insulting those bad people.	Monica was insulting that bad people.	-93.5	-93.5	-10.375	-10.375	False	False	morphology	determiner_noun_agreement	Write a natural, coherent English sentence.
520	3	These teenagers watch that old alumnus.	These teenagers watch those old alumnus.	-104.0	-104.0	-10.375	-10.375	False	False	morphology	determiner_noun_agreement	Write a natural, coherent English sentence.
521	3	Tina might confuse this exposed child.	Tina might confuse these exposed child.	-93.5	-93.5	-10.375	-10.375	False	False	morphology	determiner_noun_agreement	Write a natural, coherent English sentence.
522	3	A face was confusing that nice woman.	A face was confusing those nice woman.	-83.0	-83.0	-10.375	-10.375	False	False	morphology	determiner_noun_agreement	Write a natural, coherent English sentence.
523	3	An adult researches that good analysis.	An adult researches those good analysis.	-104.0	-104.0	-10.375	-10.375	False	False	morphology	determiner_noun_agreement	Write a natural, coherent English sentence.
524	3	Some broccoli isn't annoying these unconvinced women.	Some broccoli isn't annoying this unconvinced women.	-156.0	-156.0	-10.375	-10.375	False	False	morphology	determiner_noun_agreement	Write a natural, coherent English sentence.
525	3	Nancy talks about these content children.	Nancy talks about this content children.	-72.5	-72.5	-10.375	-10.375	False	False	morphology	determiner_noun_agreement	Write a natural, coherent English sentence.
526	3	Regina found this lost ox.	Regina found these lost ox.	-83.0	-83.0	-10.375	-10.375	False	False	morphology	determiner_noun_agreement	Write a natural, coherent English sentence.
527	3	Emily had respected that clever man.	Emily had respected those clever man.	-72.5	-72.5	-10.375	-10.375	False	False	morphology	determiner_noun_agreement	Write a natural, coherent English sentence.
528	3	Kathleen has worked with this confident man.	Kathleen has worked with these confident man.	-93.5	-93.5	-10.375	-10.375	False	False	morphology	determiner_noun_agreement	Write a natural, coherent English sentence.
529	3	Most customers are distracting these determined children.	Most customers are distracting this determined children.	-93.5	-93.5	-10.375	-10.375	False	False	morphology	determiner_noun_agreement	Write a natural, coherent English sentence.
530	3	Rachelle didn't cure this black octopus.	Rachelle didn't cure these black octopus.	-124.5	-124.5	-10.375	-10.375	False	False	morphology	determiner_noun_agreement	Write a natural, coherent English sentence.
531	3	Steven hugs these standing men.	Steven hugs this standing men.	-72.5	-72.5	-10.375	-10.375	False	False	morphology	determiner_noun_agreement	Write a natural, coherent English sentence.
532	3	Every popsicle shocked those excited men.	Every popsicle shocked that excited men.	-93.5	-93.5	-10.375	-10.375	False	False	morphology	determiner_noun_agreement	Write a natural, coherent English sentence.
533	3	Sonia lifts that new oasis.	Sonia lifts those new oasis.	-93.5	-93.5	-10.375	-10.375	False	False	morphology	determiner_noun_agreement	Write a natural, coherent English sentence.
534	3	Cheryl might tour that purple oasis.	Cheryl might tour those purple oasis.	-93.5	-93.5	-10.375	-10.375	False	False	morphology	determiner_noun_agreement	Write a natural, coherent English sentence.
535	3	This doctor appreciates this bad child.	This doctor appreciates these bad child.	-83.0	-83.0	-10.375	-10.375	False	False	morphology	determiner_noun_agreement	Write a natural, coherent English sentence.
536	3	Leslie breaks those red feet.	Leslie breaks that red feet.	-72.5	-72.5	-10.375	-10.375	False	False	morphology	determiner_noun_agreement	Write a natural, coherent English sentence.
537	3	Bethany hasn't hidden that yellow louse.	Bethany hasn't hidden those yellow louse.	-114.0	-114.0	-10.375	-10.375	False	False	morphology	determiner_noun_agreement	Write a natural, coherent English sentence.
538	3	Some people have criticized this brown thesis.	Some people have criticized these brown thesis.	-93.5	-93.5	-10.375	-10.375	False	False	morphology	determiner_noun_agreement	Write a natural, coherent English sentence.
539	3	Noah heals this determined child.	Noah heals these determined child.	-72.5	-72.5	-10.375	-10.375	False	False	morphology	determiner_noun_agreement	Write a natural, coherent English sentence.
540	3	Kevin biked to those big oases.	Kevin biked to that big oases.	-104.0	-104.0	-10.375	-10.375	False	False	morphology	determiner_noun_agreement	Write a natural, coherent English sentence.
541	3	Wayne hadn't bored these sick men.	Wayne hadn't bored this sick men.	-93.5	-93.5	-10.375	-10.375	False	False	morphology	determiner_noun_agreement	Write a natural, coherent English sentence.
542	3	Amy returns to those young alumni.	Amy returns to that young alumni.	-93.5	-93.5	-10.375	-10.375	False	False	morphology	determiner_noun_agreement	Write a natural, coherent English sentence.
543	3	That gate did aggravate this excited woman.	That gate did aggravate these excited woman.	-104.0	-104.0	-10.375	-10.375	False	False	morphology	determiner_noun_agreement	Write a natural, coherent English sentence.
544	3	Melissa observes that bad child.	Melissa observes those bad child.	-83.0	-83.0	-10.375	-10.375	False	False	morphology	determiner_noun_agreement	Write a natural, coherent English sentence.
545	3	Kathleen wasn't scanning those long synopses.	Kathleen wasn't scanning that long synopses.	-135.0	-135.0	-10.375	-10.375	False	False	morphology	determiner_noun_agreement	Write a natural, coherent English sentence.
546	3	That guy dropped by these white oases.	That guy dropped by this white oases.	-93.5	-93.5	-10.375	-10.375	False	False	morphology	determiner_noun_agreement	Write a natural, coherent English sentence.
547	3	Every child might fire this serious child.	Every child might fire these serious child.	-83.0	-83.0	-10.375	-10.375	False	False	morphology	determiner_noun_agreement	Write a natural, coherent English sentence.
548	3	Meredith had concealed that black thesis.	Meredith had concealed those black thesis.	-104.0	-104.0	-10.375	-10.375	False	False	morphology	determiner_noun_agreement	Write a natural, coherent English sentence.
549	3	Randolf didn't see these blue teeth.	Randolf didn't see this blue teeth.	-104.0	-104.0	-10.375	-10.375	False	False	morphology	determiner_noun_agreement	Write a natural, coherent English sentence.
550	3	Some guy passes that rough oasis.	Some guy passes those rough oasis.	-83.0	-83.0	-10.375	-10.375	False	False	morphology	determiner_noun_agreement	Write a natural, coherent English sentence.
551	3	Guys hurts that smart man.	Guys hurts those smart man.	-83.0	-83.0	-10.375	-10.375	False	False	morphology	determiner_noun_agreement	Write a natural, coherent English sentence.
552	3	Many museums should describe this fast man.	Many museums should describe these fast man.	-93.5	-93.5	-10.375	-10.375	False	False	morphology	determiner_noun_agreement	Write a natural, coherent English sentence.
553	3	A lot of chairs haven't embarrassed this serious man.	A lot of chairs haven't embarrassed these serious man.	-124.5	-124.5	-10.375	-10.375	False	False	morphology	determiner_noun_agreement	Write a natural, coherent English sentence.
554	3	Emily talked about that ill alumnus.	Emily talked about those ill alumnus.	-93.5	-93.5	-10.375	-10.375	False	False	morphology	determiner_noun_agreement	Write a natural, coherent English sentence.
555	3	A lot of girls notice these black lice.	A lot of girls notice this black lice.	-104.0	-104.0	-10.375	-10.375	False	False	morphology	determiner_noun_agreement	Write a natural, coherent English sentence.
556	3	Those schools reference that green thesis.	Those schools reference those green thesis.	-72.5	-72.5	-10.375	-10.375	False	False	morphology	determiner_noun_agreement	Write a natural, coherent English sentence.
557	3	Bradley had bored this delighted alumnus.	Bradley had bored these delighted alumnus.	-104.0	-104.0	-10.375	-10.375	False	False	morphology	determiner_noun_agreement	Write a natural, coherent English sentence.
558	3	Melinda scares this good woman.	Melinda scares these good woman.	-83.0	-83.0	-10.375	-10.375	False	False	morphology	determiner_noun_agreement	Write a natural, coherent English sentence.
559	3	Those pedestrians go to those big oases.	Those pedestrians go to that big oases.	-114.0	-114.0	-10.375	-10.375	False	False	morphology	determiner_noun_agreement	Write a natural, coherent English sentence.
560	3	Many doctors escaped from that lost child.	Many doctors escaped from those lost child.	-83.0	-83.0	-10.375	-10.375	False	False	morphology	determiner_noun_agreement	Write a natural, coherent English sentence.
561	3	Tamara isn't revealing that orange ox.	Tamara isn't revealing those orange ox.	-104.0	-104.0	-10.375	-10.375	False	False	morphology	determiner_noun_agreement	Write a natural, coherent English sentence.
562	3	Many patients arrive at that hidden oasis.	Many patients arrive at those hidden oasis.	-93.5	-93.5	-10.375	-10.375	False	False	morphology	determiner_noun_agreement	Write a natural, coherent English sentence.
563	3	Beth leaves these happy children.	Beth leaves this happy children.	-62.25	-62.25	-10.375	-10.375	False	False	morphology	determiner_noun_agreement	Write a natural, coherent English sentence.
564	3	Deanna broke that yellow foot.	Deanna broke those yellow foot.	-72.5	-72.5	-10.375	-10.375	False	False	morphology	determiner_noun_agreement	Write a natural, coherent English sentence.
565	3	Jessica had talked to that concealed man.	Jessica had talked to those concealed man.	-93.5	-93.5	-10.375	-10.375	False	False	morphology	determiner_noun_agreement	Write a natural, coherent English sentence.
566	3	Those actors praise those long synopses.	Those actors praise that long synopses.	-93.5	-93.5	-10.375	-10.375	False	False	morphology	determiner_noun_agreement	Write a natural, coherent English sentence.
567	3	This coat hasn't astounded these popular men.	This coat hasn't astounded this popular men.	-124.5	-124.5	-10.375	-10.375	False	False	morphology	determiner_noun_agreement	Write a natural, coherent English sentence.
568	3	Wendy does talk to this scared alumnus.	Wendy does talk to these scared alumnus.	-114.0	-114.0	-10.375	-10.375	False	False	morphology	determiner_noun_agreement	Write a natural, coherent English sentence.
569	3	Christine is questioning these happy men.	Christine is questioning this happy men.	-83.0	-83.0	-10.375	-10.375	False	False	morphology	determiner_noun_agreement	Write a natural, coherent English sentence.
570	3	All doctors loved that displeased man.	All doctors loved those displeased man.	-93.5	-93.5	-10.375	-10.375	False	False	morphology	determiner_noun_agreement	Write a natural, coherent English sentence.
571	3	Waitresses researched these long synopses.	Waitresses researched this long synopses.	-135.0	-135.0	-10.375	-10.375	False	False	morphology	determiner_noun_agreement	Write a natural, coherent English sentence.
572	3	Alexander can flee from this nice woman.	Alexander can flee from these nice woman.	-93.5	-93.5	-10.375	-10.375	False	False	morphology	determiner_noun_agreement	Write a natural, coherent English sentence.
573	3	Walter hadn't hated this fast man.	Walter hadn't hated these fast man.	-93.5	-93.5	-10.375	-10.375	False	False	morphology	determiner_noun_agreement	Write a natural, coherent English sentence.
574	3	Those cashiers buy those smooth lice.	Those cashiers buy that smooth lice.	-93.5	-93.5	-10.375	-10.375	False	False	morphology	determiner_noun_agreement	Write a natural, coherent English sentence.
575	3	Sonia hid that determined child.	Sonia hid those determined child.	-72.5	-72.5	-10.375	-10.375	False	False	morphology	determiner_noun_agreement	Write a natural, coherent English sentence.
576	3	Barbara is observing that excited person.	Barbara is observing those excited person.	-83.0	-83.0	-10.375	-10.375	False	False	morphology	determiner_noun_agreement	Write a natural, coherent English sentence.
577	3	That company stuns these unconvinced women.	That company stuns this unconvinced women.	-114.0	-114.0	-10.375	-10.375	False	False	morphology	determiner_noun_agreement	Write a natural, coherent English sentence.
578	3	Paul thought about those bad theses.	Paul thought about that bad theses.	-83.0	-83.0	-10.375	-10.375	False	False	morphology	determiner_noun_agreement	Write a natural, coherent English sentence.
579	3	Victoria escaped from these displeased children.	Victoria escaped from this displeased children.	-93.5	-93.5	-10.375	-10.375	False	False	morphology	determiner_noun_agreement	Write a natural, coherent English sentence.
580	3	Brad notices this big octopus.	Brad notices these big octopus.	-93.5	-93.5	-10.375	-10.375	False	False	morphology	determiner_noun_agreement	Write a natural, coherent English sentence.
581	3	Adam is praising those yellow theses.	Adam is praising that yellow theses.	-93.5	-93.5	-10.375	-10.375	False	False	morphology	determiner_noun_agreement	Write a natural, coherent English sentence.
582	3	Douglas did tour those hidden oases.	Douglas did tour that hidden oases.	-83.0	-83.0	-10.375	-10.375	False	False	morphology	determiner_noun_agreement	Write a natural, coherent English sentence.
583	3	Gerald couldn't know these happy men.	Gerald couldn't know this happy men.	-104.0	-104.0	-10.375	-10.375	False	False	morphology	determiner_noun_agreement	Write a natural, coherent English sentence.
584	3	Those women hug that smart man.	Those women hug those smart man.	-72.5	-72.5	-10.375	-10.375	False	False	morphology	determiner_noun_agreement	Write a natural, coherent English sentence.
585	3	These senators wouldn't forget that long synopsis.	These senators wouldn't forget those long synopsis.	-124.5	-124.5	-10.375	-10.375	False	False	morphology	determiner_noun_agreement	Write a natural, coherent English sentence.
586	3	Edward took those lost stimuli.	Edward took that lost stimuli.	-72.5	-72.5	-10.375	-10.375	False	False	morphology	determiner_noun_agreement	Write a natural, coherent English sentence.
587	3	The waitresses did know this lucky person.	The waitresses did know these lucky person.	-104.0	-104.0	-10.375	-10.375	False	False	morphology	determiner_noun_agreement	Write a natural, coherent English sentence.
588	3	That library might love this important person.	That library might love these important person.	-83.0	-83.0	-10.375	-10.375	False	False	morphology	determiner_noun_agreement	Write a natural, coherent English sentence.
589	3	Carrie was healing this gray octopus.	Carrie was healing these gray octopus.	-104.0	-104.0	-10.375	-10.375	False	False	morphology	determiner_noun_agreement	Write a natural, coherent English sentence.
590	3	Sonia hadn't cleaned those gray teeth.	Sonia hadn't cleaned that gray teeth.	-104.0	-104.0	-10.375	-10.375	False	False	morphology	determiner_noun_agreement	Write a natural, coherent English sentence.
591	3	The Lutherans alarmed this confident woman.	The Lutherans alarmed these confident woman.	-93.5	-93.5	-10.375	-10.375	False	False	morphology	determiner_noun_agreement	Write a natural, coherent English sentence.
592	3	This shirt impressed those popular people.	This shirt impressed that popular people.	-72.5	-72.5	-10.375	-10.375	False	False	morphology	determiner_noun_agreement	Write a natural, coherent English sentence.
593	3	Some schools love that employed person.	Some schools love those employed person.	-72.5	-72.5	-10.375	-10.375	False	False	morphology	determiner_noun_agreement	Write a natural, coherent English sentence.
594	3	Valerie hasn't known this young child.	Valerie hasn't known these young child.	-104.0	-104.0	-10.375	-10.375	False	False	morphology	determiner_noun_agreement	Write a natural, coherent English sentence.
595	3	Scott respected those displeased men.	Scott respected that displeased men.	-83.0	-83.0	-10.375	-10.375	False	False	morphology	determiner_noun_agreement	Write a natural, coherent English sentence.
596	3	The ladies work with those lost children.	The ladies work with that lost children.	-83.0	-83.0	-10.375	-10.375	False	False	morphology	determiner_noun_agreement	Write a natural, coherent English sentence.
597	3	Dawn had biked to this small oasis.	Dawn had biked to these small oasis.	-124.5	-124.5	-10.375	-10.375	False	False	morphology	determiner_noun_agreement	Write a natural, coherent English sentence.
598	3	Samantha would explore that gray oasis.	Samantha would explore those gray oasis.	-104.0	-104.0	-10.375	-10.375	False	False	morphology	determiner_noun_agreement	Write a natural, coherent English sentence.
599	3	All steps upset those unemployed men.	All steps upset that unemployed men.	-83.0	-83.0	-10.375	-10.375	False	False	morphology	determiner_noun_agreement	Write a natural, coherent English sentence.
600	3	Marla has described that unemployed woman.	Marla has described those unemployed woman.	-93.5	-93.5	-10.375	-10.375	False	False	morphology	determiner_noun_agreement	Write a natural, coherent English sentence.
601	3	Most universities bore those excited children.	Most universities bore that excited children.	-72.5	-72.5	-10.375	-10.375	False	False	morphology	determiner_noun_agreement	Write a natural, coherent English sentence.
602	3	These banks should reference that purple thesis.	These banks should reference those purple thesis.	-83.0	-83.0	-10.375	-10.375	False	False	morphology	determiner_noun_agreement	Write a natural, coherent English sentence.
603	3	Sherry brought those concealed geese.	Sherry brought that concealed geese.	-93.5	-93.5	-10.375	-10.375	False	False	morphology	determiner_noun_agreement	Write a natural, coherent English sentence.
604	3	Many pedestrians complain about these long analyses.	Many pedestrians complain about this long analyses.	-114.0	-114.0	-10.375	-10.375	False	False	morphology	determiner_noun_agreement	Write a natural, coherent English sentence.
605	3	Theresa fixed these small teeth.	Theresa fixed this small teeth.	-72.5	-72.5	-10.375	-10.375	False	False	morphology	determiner_noun_agreement	Write a natural, coherent English sentence.
606	3	This lake disturbed those unconvinced men.	This lake disturbed that unconvinced men.	-114.0	-114.0	-10.375	-10.375	False	False	morphology	determiner_noun_agreement	Write a natural, coherent English sentence.
607	3	Catherine was talking about those bad synopses.	Catherine was talking about that bad synopses.	-104.0	-104.0	-10.375	-10.375	False	False	morphology	determiner_noun_agreement	Write a natural, coherent English sentence.
608	3	Alicia had escaped from these hidden men.	Alicia had escaped from this hidden men.	-104.0	-104.0	-10.375	-10.375	False	False	morphology	determiner_noun_agreement	Write a natural, coherent English sentence.
609	3	Natalie hasn't worked with this confident woman.	Natalie hasn't worked with these confident woman.	-114.0	-114.0	-10.375	-10.375	False	False	morphology	determiner_noun_agreement	Write a natural, coherent English sentence.
610	3	Amelia annoyed this smart man.	Amelia annoyed these smart man.	-83.0	-83.0	-10.375	-10.375	False	False	morphology	determiner_noun_agreement	Write a natural, coherent English sentence.
611	3	Every guest is irritating this serious child.	Every guest is irritating these serious child.	-93.5	-93.5	-10.375	-10.375	False	False	morphology	determiner_noun_agreement	Write a natural, coherent English sentence.
612	3	All reports annoyed this hopeful person.	All reports annoyed these hopeful person.	-93.5	-93.5	-10.375	-10.375	False	False	morphology	determiner_noun_agreement	Write a natural, coherent English sentence.
613	3	These women break those orange teeth.	These women break that orange teeth.	-72.5	-72.5	-10.375	-10.375	False	False	morphology	determiner_noun_agreement	Write a natural, coherent English sentence.
614	3	Christopher could shock this excited child.	Christopher could shock these excited child.	-72.5	-72.5	-10.375	-10.375	False	False	morphology	determiner_noun_agreement	Write a natural, coherent English sentence.
615	3	This spotlight hasn't disgusted that employed child.	This spotlight hasn't disgusted those employed child.	-124.5	-124.5	-10.375	-10.375	False	False	morphology	determiner_noun_agreement	Write a natural, coherent English sentence.
616	3	Samantha fled from that busy child.	Samantha fled from those busy child.	-93.5	-93.5	-10.375	-10.375	False	False	morphology	determiner_noun_agreement	Write a natural, coherent English sentence.
617	3	Lucille arrived at that hard oasis.	Lucille arrived at those hard oasis.	-93.5	-93.5	-10.375	-10.375	False	False	morphology	determiner_noun_agreement	Write a natural, coherent English sentence.
618	3	All teachers see those yellow lice.	All teachers see that yellow lice.	-83.0	-83.0	-10.375	-10.375	False	False	morphology	determiner_noun_agreement	Write a natural, coherent English sentence.
619	3	Some photographs haven't looked like these small octopi.	Some photographs haven't looked like this small octopi.	-135.0	-135.0	-10.375	-10.375	False	False	morphology	determiner_noun_agreement	Write a natural, coherent English sentence.
620	3	Danielle brought those blue feet.	Danielle brought that blue feet.	-72.5	-72.5	-10.375	-10.375	False	False	morphology	determiner_noun_agreement	Write a natural, coherent English sentence.
621	3	Todd hadn't left those exposed men.	Todd hadn't left that exposed men.	-93.5	-93.5	-10.375	-10.375	False	False	morphology	determiner_noun_agreement	Write a natural, coherent English sentence.
622	3	Some doctors embarrasses those delighted alumni.	Some doctors embarrasses that delighted alumni.	-104.0	-104.0	-10.375	-10.375	False	False	morphology	determiner_noun_agreement	Write a natural, coherent English sentence.
623	3	The actresses forget that unemployed alumnus.	The actresses forget those unemployed alumnus.	-114.0	-114.0	-10.375	-10.375	False	False	morphology	determiner_noun_agreement	Write a natural, coherent English sentence.
624	3	A lot of socks alarm this unsure alumnus.	A lot of socks alarm these unsure alumnus.	-124.5	-124.5	-10.375	-10.375	False	False	morphology	determiner_noun_agreement	Write a natural, coherent English sentence.
625	3	The customers are thinking about that busy child.	The customers are thinking about those busy child.	-93.5	-93.5	-10.375	-10.375	False	False	morphology	determiner_noun_agreement	Write a natural, coherent English sentence.
626	3	Kristin wasn't kissing those small men.	Kristin wasn't kissing that small men.	-114.0	-114.0	-10.375	-10.375	False	False	morphology	determiner_noun_agreement	Write a natural, coherent English sentence.
627	3	Omar hasn't broken this broken foot.	Omar hasn't broken these broken foot.	-104.0	-104.0	-10.375	-10.375	False	False	morphology	determiner_noun_agreement	Write a natural, coherent English sentence.
628	3	The actress worked with this nice woman.	The actress worked with these nice woman.	-83.0	-83.0	-10.375	-10.375	False	False	morphology	determiner_noun_agreement	Write a natural, coherent English sentence.
629	3	Patients insult these happy people.	Patients insult this happy people.	-72.5	-72.5	-10.375	-10.375	False	False	morphology	determiner_noun_agreement	Write a natural, coherent English sentence.
630	3	Spain bought those orange lice.	Spain bought that orange lice.	-72.5	-72.5	-10.375	-10.375	False	False	morphology	determiner_noun_agreement	Write a natural, coherent English sentence.
631	3	Those waiters didn't kiss this unlucky child.	Those waiters didn't kiss these unlucky child.	-135.0	-135.0	-10.375	-10.375	False	False	morphology	determiner_noun_agreement	Write a natural, coherent English sentence.
632	3	Jennifer isn't touring these old oases.	Jennifer isn't touring this old oases.	-114.0	-114.0	-10.375	-10.375	False	False	morphology	determiner_noun_agreement	Write a natural, coherent English sentence.
633	3	Glaciers upset this small child.	Glaciers upset these small child.	-83.0	-83.0	-10.375	-10.375	False	False	morphology	determiner_noun_agreement	Write a natural, coherent English sentence.
634	3	John investigated these old men.	John investigated this old men.	-62.25	-62.25	-10.375	-10.375	False	False	morphology	determiner_noun_agreement	Write a natural, coherent English sentence.
635	3	Some doctors hated these yellow theses.	Some doctors hated this yellow theses.	-83.0	-83.0	-10.375	-10.375	False	False	morphology	determiner_noun_agreement	Write a natural, coherent English sentence.
636	3	Linda described that clever man.	Linda described those clever man.	-62.25	-62.25	-10.375	-10.375	False	False	morphology	determiner_noun_agreement	Write a natural, coherent English sentence.
637	3	Many drawings are looking like these excited women.	Many drawings are looking like this excited women.	-93.5	-93.5	-10.375	-10.375	False	False	morphology	determiner_noun_agreement	Write a natural, coherent English sentence.
638	3	Mitchell had concealed that small tooth.	Mitchell had concealed those small tooth.	-83.0	-83.0	-10.375	-10.375	False	False	morphology	determiner_noun_agreement	Write a natural, coherent English sentence.
639	3	Every dog had irritated this young child.	Every dog had irritated these young child.	-93.5	-93.5	-10.375	-10.375	False	False	morphology	determiner_noun_agreement	Write a natural, coherent English sentence.
640	3	Some doctors lift this exposed ox.	Some doctors lift these exposed ox.	-72.5	-72.5	-10.375	-10.375	False	False	morphology	determiner_noun_agreement	Write a natural, coherent English sentence.
641	3	Valerie was disgusting that happy woman.	Valerie was disgusting those happy woman.	-93.5	-93.5	-10.375	-10.375	False	False	morphology	determiner_noun_agreement	Write a natural, coherent English sentence.
642	3	Claire hugs those clever men.	Claire hugs that clever men.	-72.5	-72.5	-10.375	-10.375	False	False	morphology	determiner_noun_agreement	Write a natural, coherent English sentence.
643	3	All adults go to these white oases.	All adults go to this white oases.	-93.5	-93.5	-10.375	-10.375	False	False	morphology	determiner_noun_agreement	Write a natural, coherent English sentence.
644	3	Bill observed this nice child.	Bill observed these nice child.	-62.25	-62.25	-10.375	-10.375	False	False	morphology	determiner_noun_agreement	Write a natural, coherent English sentence.
645	3	Diana kissed these delighted alumni.	Diana kissed this delighted alumni.	-83.0	-83.0	-10.375	-10.375	False	False	morphology	determiner_noun_agreement	Write a natural, coherent English sentence.
646	3	Governments are describing those sick people.	Governments are describing that sick people.	-83.0	-83.0	-10.375	-10.375	False	False	morphology	determiner_noun_agreement	Write a natural, coherent English sentence.
647	3	The doctors cure that young woman.	The doctors cure those young woman.	-72.5	-72.5	-10.375	-10.375	False	False	morphology	determiner_noun_agreement	Write a natural, coherent English sentence.
648	3	Dancers did disagree with this ill child.	Dancers did disagree with these ill child.	-93.5	-93.5	-10.375	-10.375	False	False	morphology	determiner_noun_agreement	Write a natural, coherent English sentence.
649	3	Veronica couldn't embarrass these exposed men.	Veronica couldn't embarrass this exposed men.	-114.0	-114.0	-10.375	-10.375	False	False	morphology	determiner_noun_agreement	Write a natural, coherent English sentence.
650	3	The students cared for that delighted man.	The students cared for those delighted man.	-83.0	-83.0	-10.375	-10.375	False	False	morphology	determiner_noun_agreement	Write a natural, coherent English sentence.
651	3	Steve conceals these important men.	Steve conceals this important men.	-72.5	-72.5	-10.375	-10.375	False	False	morphology	determiner_noun_agreement	Write a natural, coherent English sentence.
652	3	These actresses will talk to these content men.	These actresses will talk to this content men.	-104.0	-104.0	-10.375	-10.375	False	False	morphology	determiner_noun_agreement	Write a natural, coherent English sentence.
653	3	That teenager wouldn't buy these rough oxen.	That teenager wouldn't buy this rough oxen.	-114.0	-114.0	-10.375	-10.375	False	False	morphology	determiner_noun_agreement	Write a natural, coherent English sentence.
654	3	Sheila wouldn't kiss that happy child.	Sheila wouldn't kiss those happy child.	-104.0	-104.0	-10.375	-10.375	False	False	morphology	determiner_noun_agreement	Write a natural, coherent English sentence.
655	3	Erin drove to these out in the open oases.	Erin drove to this out in the open oases.	-124.5	-124.5	-10.375	-10.375	False	False	morphology	determiner_noun_agreement	Write a natural, coherent English sentence.
656	3	Every hat has embarrassed those hopeful people.	Every hat has embarrassed that hopeful people.	-93.5	-93.5	-10.375	-10.375	False	False	morphology	determiner_noun_agreement	Write a natural, coherent English sentence.
657	3	Every man is fleeing from that exposed oasis.	Every man is fleeing from those exposed oasis.	-114.0	-114.0	-10.375	-10.375	False	False	morphology	determiner_noun_agreement	Write a natural, coherent English sentence.
658	3	Some adults visit this ill man.	Some adults visit these ill man.	-72.5	-72.5	-10.375	-10.375	False	False	morphology	determiner_noun_agreement	Write a natural, coherent English sentence.
659	3	Janet did lift that good thesis.	Janet did lift those good thesis.	-83.0	-83.0	-10.375	-10.375	False	False	morphology	determiner_noun_agreement	Write a natural, coherent English sentence.
660	3	Katherine was cleaning this orange tooth.	Katherine was cleaning these orange tooth.	-83.0	-83.0	-10.375	-10.375	False	False	morphology	determiner_noun_agreement	Write a natural, coherent English sentence.
661	3	A lot of tomatoes can't confuse these ill alumni.	A lot of tomatoes can't confuse this ill alumni.	-166.0	-166.0	-10.375	-10.375	False	False	morphology	determiner_noun_agreement	Write a natural, coherent English sentence.
662	3	Rose goes to those out in the open oases.	Rose goes to that out in the open oases.	-114.0	-114.0	-10.375	-10.375	False	False	morphology	determiner_noun_agreement	Write a natural, coherent English sentence.
663	3	These governments criticize those gray oases.	These governments criticize that gray oases.	-93.5	-93.5	-10.375	-10.375	False	False	morphology	determiner_noun_agreement	Write a natural, coherent English sentence.
664	3	Kevin forgot those delighted men.	Kevin forgot that delighted men.	-62.25	-62.25	-10.375	-10.375	False	False	morphology	determiner_noun_agreement	Write a natural, coherent English sentence.
665	3	Most companies describe that long analysis.	Most companies describe those long analysis.	-72.5	-72.5	-10.375	-10.375	False	False	morphology	determiner_noun_agreement	Write a natural, coherent English sentence.
666	3	Vincent was skated around this small oasis.	Vincent was skated around these small oasis.	-104.0	-104.0	-10.375	-10.375	False	False	morphology	determiner_noun_agreement	Write a natural, coherent English sentence.
667	3	Many guys arrive at these out in the open oases.	Many guys arrive at this out in the open oases.	-124.5	-124.5	-10.375	-10.375	False	False	morphology	determiner_noun_agreement	Write a natural, coherent English sentence.
668	3	Gregory hadn't revealed these lost fungi.	Gregory hadn't revealed this lost fungi.	-104.0	-104.0	-10.375	-10.375	False	False	morphology	determiner_noun_agreement	Write a natural, coherent English sentence.
669	3	The cake stuns this standing man.	The cake stuns these standing man.	-83.0	-83.0	-10.375	-10.375	False	False	morphology	determiner_noun_agreement	Write a natural, coherent English sentence.
670	3	Cheryl isn't irritating that clever man.	Cheryl isn't irritating those clever man.	-114.0	-114.0	-10.375	-10.375	False	False	morphology	determiner_noun_agreement	Write a natural, coherent English sentence.
671	3	Some cat bores those old children.	Some cat bores that old children.	-83.0	-83.0	-10.375	-10.375	False	False	morphology	determiner_noun_agreement	Write a natural, coherent English sentence.
672	3	The actress knows that delighted child.	The actress knows those delighted child.	-72.5	-72.5	-10.375	-10.375	False	False	morphology	determiner_noun_agreement	Write a natural, coherent English sentence.
673	3	That actress had driven to these hidden oases.	That actress had driven to this hidden oases.	-104.0	-104.0	-10.375	-10.375	False	False	morphology	determiner_noun_agreement	Write a natural, coherent English sentence.
674	3	The Lutherans arrive at this cheap oasis.	The Lutherans arrive at these cheap oasis.	-104.0	-104.0	-10.375	-10.375	False	False	morphology	determiner_noun_agreement	Write a natural, coherent English sentence.
675	3	Diane was kissing those lost women.	Diane was kissing that lost women.	-93.5	-93.5	-10.375	-10.375	False	False	morphology	determiner_noun_agreement	Write a natural, coherent English sentence.
676	3	Larry disturbs this employed woman.	Larry disturbs these employed woman.	-83.0	-83.0	-10.375	-10.375	False	False	morphology	determiner_noun_agreement	Write a natural, coherent English sentence.
677	3	Pies shock this upset woman.	Pies shock these upset woman.	-72.5	-72.5	-10.375	-10.375	False	False	morphology	determiner_noun_agreement	Write a natural, coherent English sentence.
678	3	Some waiters hug this content alumnus.	Some waiters hug these content alumnus.	-104.0	-104.0	-10.375	-10.375	False	False	morphology	determiner_noun_agreement	Write a natural, coherent English sentence.
679	3	Anna talked to those unsure men.	Anna talked to that unsure men.	-83.0	-83.0	-10.375	-10.375	False	False	morphology	determiner_noun_agreement	Write a natural, coherent English sentence.
680	3	This school bores this determined man.	This school bores these determined man.	-83.0	-83.0	-10.375	-10.375	False	False	morphology	determiner_noun_agreement	Write a natural, coherent English sentence.
681	3	Omar had thought about these unemployed men.	Omar had thought about this unemployed men.	-104.0	-104.0	-10.375	-10.375	False	False	morphology	determiner_noun_agreement	Write a natural, coherent English sentence.
682	3	Winston Churchill cleaned these big nuclei.	Winston Churchill cleaned this big nuclei.	-104.0	-104.0	-10.375	-10.375	False	False	morphology	determiner_noun_agreement	Write a natural, coherent English sentence.
683	3	These organizations aren't concealing that exposed child.	These organizations aren't concealing those exposed child.	-114.0	-114.0	-10.375	-10.375	False	False	morphology	determiner_noun_agreement	Write a natural, coherent English sentence.
684	3	Erin bought this concealed axis.	Erin bought these concealed axis.	-83.0	-83.0	-10.375	-10.375	False	False	morphology	determiner_noun_agreement	Write a natural, coherent English sentence.
685	3	Dan examines this long analysis.	Dan examines these long analysis.	-72.5	-72.5	-10.375	-10.375	False	False	morphology	determiner_noun_agreement	Write a natural, coherent English sentence.
686	3	These drivers concealed these gray oxen.	These drivers concealed this gray oxen.	-93.5	-93.5	-10.375	-10.375	False	False	morphology	determiner_noun_agreement	Write a natural, coherent English sentence.
687	3	All children impresses this happy man.	All children impresses these happy man.	-83.0	-83.0	-10.375	-10.375	False	False	morphology	determiner_noun_agreement	Write a natural, coherent English sentence.
688	3	People will conceal that concealed man.	People will conceal those concealed man.	-93.5	-93.5	-10.375	-10.375	False	False	morphology	determiner_noun_agreement	Write a natural, coherent English sentence.
689	3	Some patient returns to this old man.	Some patient returns to these old man.	-83.0	-83.0	-10.375	-10.375	False	False	morphology	determiner_noun_agreement	Write a natural, coherent English sentence.
690	3	Many actresses discovered those big oases.	Many actresses discovered that big oases.	-93.5	-93.5	-10.375	-10.375	False	False	morphology	determiner_noun_agreement	Write a natural, coherent English sentence.
691	3	The school talks about those young alumni.	The school talks about that young alumni.	-104.0	-104.0	-10.375	-10.375	False	False	morphology	determiner_noun_agreement	Write a natural, coherent English sentence.
692	3	Omar admired these blue fungi.	Omar admired this blue fungi.	-93.5	-93.5	-10.375	-10.375	False	False	morphology	determiner_noun_agreement	Write a natural, coherent English sentence.
693	3	Some school can't hate these good people.	Some school can't hate this good people.	-104.0	-104.0	-10.375	-10.375	False	False	morphology	determiner_noun_agreement	Write a natural, coherent English sentence.
694	3	A lot of eggplants wouldn't disturb that determined woman.	A lot of eggplants wouldn't disturb those determined woman.	-145.0	-145.0	-10.375	-10.375	False	False	morphology	determiner_noun_agreement	Write a natural, coherent English sentence.
695	3	That cake could annoy these uncertain men.	That cake could annoy this uncertain men.	-83.0	-83.0	-10.375	-10.375	False	False	morphology	determiner_noun_agreement	Write a natural, coherent English sentence.
696	3	Lamps are worrying these hopeful alumni.	Lamps are worrying this hopeful alumni.	-114.0	-114.0	-10.375	-10.375	False	False	morphology	determiner_noun_agreement	Write a natural, coherent English sentence.
697	3	A lot of eggplants bore these excited alumni.	A lot of eggplants bore this excited alumni.	-135.0	-135.0	-10.375	-10.375	False	False	morphology	determiner_noun_agreement	Write a natural, coherent English sentence.
698	3	A lot of teachers arrived at these old oases.	A lot of teachers arrived at this old oases.	-114.0	-114.0	-10.375	-10.375	False	False	morphology	determiner_noun_agreement	Write a natural, coherent English sentence.
699	3	Most sweaters hurt those happy people.	Most sweaters hurt that happy people.	-83.0	-83.0	-10.375	-10.375	False	False	morphology	determiner_noun_agreement	Write a natural, coherent English sentence.
700	3	Tara scans those good analyses.	Tara scans that good analyses.	-93.5	-93.5	-10.375	-10.375	False	False	morphology	determiner_noun_agreement	Write a natural, coherent English sentence.
701	3	The man doesn't reference this out in the open woman.	The man doesn't reference these out in the open woman.	-135.0	-135.0	-10.375	-10.375	False	False	morphology	determiner_noun_agreement	Write a natural, coherent English sentence.
702	3	This cashier is leaving this employed person.	This cashier is leaving these employed person.	-93.5	-93.5	-10.375	-10.375	False	False	morphology	determiner_noun_agreement	Write a natural, coherent English sentence.
703	3	Bananas bother these clever alumni.	Bananas bother this clever alumni.	-93.5	-93.5	-10.375	-10.375	False	False	morphology	determiner_noun_agreement	Write a natural, coherent English sentence.
704	3	Some convertibles had worried those fast men.	Some convertibles had worried that fast men.	-93.5	-93.5	-10.375	-10.375	False	False	morphology	determiner_noun_agreement	Write a natural, coherent English sentence.
705	3	Carl bored those nice women.	Carl bored that nice women.	-62.25	-62.25	-10.375	-10.375	False	False	morphology	determiner_noun_agreement	Write a natural, coherent English sentence.
706	3	These teachers explore these old oases.	These teachers explore this old oases.	-83.0	-83.0	-10.375	-10.375	False	False	morphology	determiner_noun_agreement	Write a natural, coherent English sentence.
707	3	Many waiters work with this scared child.	Many waiters work with these scared child.	-93.5	-93.5	-10.375	-10.375	False	False	morphology	determiner_noun_agreement	Write a natural, coherent English sentence.
708	3	Committees admire that smart child.	Committees admire those smart child.	-93.5	-93.5	-10.375	-10.375	False	False	morphology	determiner_noun_agreement	Write a natural, coherent English sentence.
709	3	Matt approaches this exposed child.	Matt approaches these exposed child.	-62.25	-62.25	-10.375	-10.375	False	False	morphology	determiner_noun_agreement	Write a natural, coherent English sentence.
710	3	Brian talks to this lucky man.	Brian talks to these lucky man.	-72.5	-72.5	-10.375	-10.375	False	False	morphology	determiner_noun_agreement	Write a natural, coherent English sentence.
711	3	A boy isn't talking about that red oasis.	A boy isn't talking about those red oasis.	-124.5	-124.5	-10.375	-10.375	False	False	morphology	determiner_noun_agreement	Write a natural, coherent English sentence.
712	3	Phillip bought those black feet.	Phillip bought that black feet.	-72.5	-72.5	-10.375	-10.375	False	False	morphology	determiner_noun_agreement	Write a natural, coherent English sentence.
713	3	Eric isn't buying those brown geese.	Eric isn't buying that brown geese.	-104.0	-104.0	-10.375	-10.375	False	False	morphology	determiner_noun_agreement	Write a natural, coherent English sentence.
714	3	Elaine remembers this delighted woman.	Elaine remembers these delighted woman.	-83.0	-83.0	-10.375	-10.375	False	False	morphology	determiner_noun_agreement	Write a natural, coherent English sentence.
715	3	This pedestrian arrives at that smooth oasis.	This pedestrian arrives at those smooth oasis.	-104.0	-104.0	-10.375	-10.375	False	False	morphology	determiner_noun_agreement	Write a natural, coherent English sentence.
716	3	Those men forget these smart men.	Those men forget this smart men.	-72.5	-72.5	-10.375	-10.375	False	False	morphology	determiner_noun_agreement	Write a natural, coherent English sentence.
717	3	Tara might alarm this unsure person.	Tara might alarm these unsure person.	-93.5	-93.5	-10.375	-10.375	False	False	morphology	determiner_noun_agreement	Write a natural, coherent English sentence.
718	3	Vanessa was healing those purple geese.	Vanessa was healing that purple geese.	-93.5	-93.5	-10.375	-10.375	False	False	morphology	determiner_noun_agreement	Write a natural, coherent English sentence.
719	3	Steven hasn't questioned those troubled people.	Steven hasn't questioned that troubled people.	-104.0	-104.0	-10.375	-10.375	False	False	morphology	determiner_noun_agreement	Write a natural, coherent English sentence.
720	3	Thomas hides this clever woman.	Thomas hides these clever woman.	-72.5	-72.5	-10.375	-10.375	False	False	morphology	determiner_noun_agreement	Write a natural, coherent English sentence.
721	3	Most eyes confuse these content alumni.	Most eyes confuse this content alumni.	-104.0	-104.0	-10.375	-10.375	False	False	morphology	determiner_noun_agreement	Write a natural, coherent English sentence.
722	3	That dog aggravates this busy child.	That dog aggravates these busy child.	-93.5	-93.5	-10.375	-10.375	False	False	morphology	determiner_noun_agreement	Write a natural, coherent English sentence.
723	3	Karen has attacked this popular child.	Karen has attacked these popular child.	-72.5	-72.5	-10.375	-10.375	False	False	morphology	determiner_noun_agreement	Write a natural, coherent English sentence.
724	3	Heidi might confuse those displeased men.	Heidi might confuse that displeased men.	-114.0	-114.0	-10.375	-10.375	False	False	morphology	determiner_noun_agreement	Write a natural, coherent English sentence.
725	3	Maria kisses this bad person.	Maria kisses these bad person.	-72.5	-72.5	-10.375	-10.375	False	False	morphology	determiner_noun_agreement	Write a natural, coherent English sentence.
726	3	Tanya passes this purple oasis.	Tanya passes these purple oasis.	-83.0	-83.0	-10.375	-10.375	False	False	morphology	determiner_noun_agreement	Write a natural, coherent English sentence.
727	3	Marla has respected those delighted alumni.	Marla has respected that delighted alumni.	-104.0	-104.0	-10.375	-10.375	False	False	morphology	determiner_noun_agreement	Write a natural, coherent English sentence.
728	3	Paula is investigating this employed alumnus.	Paula is investigating these employed alumnus.	-114.0	-114.0	-10.375	-10.375	False	False	morphology	determiner_noun_agreement	Write a natural, coherent English sentence.
729	3	Most chairs aren't disgusting those serious women.	Most chairs aren't disgusting that serious women.	-114.0	-114.0	-10.375	-10.375	False	False	morphology	determiner_noun_agreement	Write a natural, coherent English sentence.
730	3	Men hadn't run around this purple oasis.	Men hadn't run around these purple oasis.	-114.0	-114.0	-10.375	-10.375	False	False	morphology	determiner_noun_agreement	Write a natural, coherent English sentence.
731	3	Tina hadn't arrived at those green oases.	Tina hadn't arrived at that green oases.	-124.5	-124.5	-10.375	-10.375	False	False	morphology	determiner_noun_agreement	Write a natural, coherent English sentence.
732	3	Karla knew this busy alumnus.	Karla knew these busy alumnus.	-93.5	-93.5	-10.375	-10.375	False	False	morphology	determiner_noun_agreement	Write a natural, coherent English sentence.
733	3	The actors care for these exposed people.	The actors care for this exposed people.	-83.0	-83.0	-10.375	-10.375	False	False	morphology	determiner_noun_agreement	Write a natural, coherent English sentence.
734	3	Michelle might alarm this employed man.	Michelle might alarm these employed man.	-72.5	-72.5	-10.375	-10.375	False	False	morphology	determiner_noun_agreement	Write a natural, coherent English sentence.
735	3	Maria hasn't walked through these hard oases.	Maria hasn't walked through this hard oases.	-114.0	-114.0	-10.375	-10.375	False	False	morphology	determiner_noun_agreement	Write a natural, coherent English sentence.
736	3	That report might disagree with those delighted men.	That report might disagree with that delighted men.	-93.5	-93.5	-10.375	-10.375	False	False	morphology	determiner_noun_agreement	Write a natural, coherent English sentence.
737	3	Actresses discuss this popular person.	Actresses discuss these popular person.	-83.0	-83.0	-10.375	-10.375	False	False	morphology	determiner_noun_agreement	Write a natural, coherent English sentence.
738	3	Holly won't watch these unlucky men.	Holly won't watch this unlucky men.	-114.0	-114.0	-10.375	-10.375	False	False	morphology	determiner_noun_agreement	Write a natural, coherent English sentence.
739	3	Carl was driving to those blue oases.	Carl was driving to that blue oases.	-93.5	-93.5	-10.375	-10.375	False	False	morphology	determiner_noun_agreement	Write a natural, coherent English sentence.
740	3	Bill passes that rough oasis.	Bill passes those rough oasis.	-72.5	-72.5	-10.375	-10.375	False	False	morphology	determiner_noun_agreement	Write a natural, coherent English sentence.
741	3	All men praise this good thesis.	All men praise these good thesis.	-72.5	-72.5	-10.375	-10.375	False	False	morphology	determiner_noun_agreement	Write a natural, coherent English sentence.
742	3	Many doctors should escape from these hopeful women.	Many doctors should escape from this hopeful women.	-104.0	-104.0	-10.375	-10.375	False	False	morphology	determiner_noun_agreement	Write a natural, coherent English sentence.
743	3	Many girls find these nice men.	Many girls find this nice men.	-72.5	-72.5	-10.375	-10.375	False	False	morphology	determiner_noun_agreement	Write a natural, coherent English sentence.
744	3	Every museum helps those concealed children.	Every museum helps that concealed children.	-83.0	-83.0	-10.375	-10.375	False	False	morphology	determiner_noun_agreement	Write a natural, coherent English sentence.
745	3	Marla was distracting these determined people.	Marla was distracting this determined people.	-93.5	-93.5	-10.375	-10.375	False	False	morphology	determiner_noun_agreement	Write a natural, coherent English sentence.
746	3	Those computers might confuse this nice child.	Those computers might confuse these nice child.	-93.5	-93.5	-10.375	-10.375	False	False	morphology	determiner_noun_agreement	Write a natural, coherent English sentence.
747	3	Tanya hasn't loved that content woman.	Tanya hasn't loved those content woman.	-104.0	-104.0	-10.375	-10.375	False	False	morphology	determiner_noun_agreement	Write a natural, coherent English sentence.
748	3	Theresa won't conceal those lost lice.	Theresa won't conceal that lost lice.	-124.5	-124.5	-10.375	-10.375	False	False	morphology	determiner_noun_agreement	Write a natural, coherent English sentence.
749	3	The Borgias do cure these out in the open octopi.	The Borgias do cure this out in the open octopi.	-156.0	-156.0	-10.375	-10.375	False	False	morphology	determiner_noun_agreement	Write a natural, coherent English sentence.
750	3	Kenneth messed up those lost teeth.	Kenneth messed up that lost teeth.	-93.5	-93.5	-10.375	-10.375	False	False	morphology	determiner_noun_agreement	Write a natural, coherent English sentence.
751	3	Jodi doesn't alarm these unsure people.	Jodi doesn't alarm this unsure people.	-114.0	-114.0	-10.375	-10.375	False	False	morphology	determiner_noun_agreement	Write a natural, coherent English sentence.
752	3	This customer scans those good analyses.	This customer scans that good analyses.	-93.5	-93.5	-10.375	-10.375	False	False	morphology	determiner_noun_agreement	Write a natural, coherent English sentence.
753	3	Vincent can't watch this hopeful alumnus.	Vincent can't watch these hopeful alumnus.	-124.5	-124.5	-10.375	-10.375	False	False	morphology	determiner_noun_agreement	Write a natural, coherent English sentence.
754	3	Jodi talked to this unconvinced child.	Jodi talked to these unconvinced child.	-114.0	-114.0	-10.375	-10.375	False	False	morphology	determiner_noun_agreement	Write a natural, coherent English sentence.
755	3	Katherine exited these exposed oases.	Katherine exited this exposed oases.	-93.5	-93.5	-10.375	-10.375	False	False	morphology	determiner_noun_agreement	Write a natural, coherent English sentence.
756	3	Beverly hasn't brought these rough fungi.	Beverly hasn't brought this rough fungi.	-114.0	-114.0	-10.375	-10.375	False	False	morphology	determiner_noun_agreement	Write a natural, coherent English sentence.
757	3	That unicycle is boring those standing children.	That unicycle is boring that standing children.	-104.0	-104.0	-10.375	-10.375	False	False	morphology	determiner_noun_agreement	Write a natural, coherent English sentence.
758	3	That boy can't escape from those unsure children.	That boy can't escape from that unsure children.	-124.5	-124.5	-10.375	-10.375	False	False	morphology	determiner_noun_agreement	Write a natural, coherent English sentence.
759	3	An adult bought these black axes.	An adult bought this black axes.	-83.0	-83.0	-10.375	-10.375	False	False	morphology	determiner_noun_agreement	Write a natural, coherent English sentence.
760	3	Sara isn't kissing this nice woman.	Sara isn't kissing these nice woman.	-104.0	-104.0	-10.375	-10.375	False	False	morphology	determiner_noun_agreement	Write a natural, coherent English sentence.
761	3	Robert couldn't embarrass those scared people.	Robert couldn't embarrass that scared people.	-93.5	-93.5	-10.375	-10.375	False	False	morphology	determiner_noun_agreement	Write a natural, coherent English sentence.
762	3	Deborah had fled from that important woman.	Deborah had fled from those important woman.	-104.0	-104.0	-10.375	-10.375	False	False	morphology	determiner_noun_agreement	Write a natural, coherent English sentence.
763	3	Brenda discussed that serious woman.	Brenda discussed those serious woman.	-72.5	-72.5	-10.375	-10.375	False	False	morphology	determiner_noun_agreement	Write a natural, coherent English sentence.
764	3	Some women questioned that big woman.	Some women questioned those big woman.	-72.5	-72.5	-10.375	-10.375	False	False	morphology	determiner_noun_agreement	Write a natural, coherent English sentence.
765	3	Rodney didn't kiss those displeased women.	Rodney didn't kiss that displeased women.	-124.5	-124.5	-10.375	-10.375	False	False	morphology	determiner_noun_agreement	Write a natural, coherent English sentence.
766	3	Carrie can help those lost alumni.	Carrie can help that lost alumni.	-104.0	-104.0	-10.375	-10.375	False	False	morphology	determiner_noun_agreement	Write a natural, coherent English sentence.
767	3	Many guests approach this lucky man.	Many guests approach these lucky man.	-72.5	-72.5	-10.375	-10.375	False	False	morphology	determiner_noun_agreement	Write a natural, coherent English sentence.
768	3	Some student messes up that hard foot.	Some student messes up those hard foot.	-93.5	-93.5	-10.375	-10.375	False	False	morphology	determiner_noun_agreement	Write a natural, coherent English sentence.
769	3	Some men had skated around these hard oases.	Some men had skated around this hard oases.	-114.0	-114.0	-10.375	-10.375	False	False	morphology	determiner_noun_agreement	Write a natural, coherent English sentence.
770	3	Some light would annoy those happy alumni.	Some light would annoy that happy alumni.	-104.0	-104.0	-10.375	-10.375	False	False	morphology	determiner_noun_agreement	Write a natural, coherent English sentence.
771	3	Many casseroles shock these unconvinced men.	Many casseroles shock this unconvinced men.	-124.5	-124.5	-10.375	-10.375	False	False	morphology	determiner_noun_agreement	Write a natural, coherent English sentence.
772	3	Carl talks about those confident children.	Carl talks about that confident children.	-72.5	-72.5	-10.375	-10.375	False	False	morphology	determiner_noun_agreement	Write a natural, coherent English sentence.
773	3	Timothy was dropping by those new oases.	Timothy was dropping by that new oases.	-104.0	-104.0	-10.375	-10.375	False	False	morphology	determiner_noun_agreement	Write a natural, coherent English sentence.
774	3	Lori has approached these scared people.	Lori has approached this scared people.	-83.0	-83.0	-10.375	-10.375	False	False	morphology	determiner_noun_agreement	Write a natural, coherent English sentence.
775	3	Jodi wouldn't mess up those orange feet.	Jodi wouldn't mess up that orange feet.	-114.0	-114.0	-10.375	-10.375	False	False	morphology	determiner_noun_agreement	Write a natural, coherent English sentence.
776	3	This newspaper article will embarrass this determined child.	This newspaper article will embarrass these determined child.	-93.5	-93.5	-10.375	-10.375	False	False	morphology	determiner_noun_agreement	Write a natural, coherent English sentence.
777	3	A lot of guys conceal this long analysis.	A lot of guys conceal these long analysis.	-104.0	-104.0	-10.375	-10.375	False	False	morphology	determiner_noun_agreement	Write a natural, coherent English sentence.
778	3	Lawrence fired that serious woman.	Lawrence fired those serious woman.	-62.25	-62.25	-10.375	-10.375	False	False	morphology	determiner_noun_agreement	Write a natural, coherent English sentence.
779	3	This story didn't bore this serious man.	This story didn't bore these serious man.	-104.0	-104.0	-10.375	-10.375	False	False	morphology	determiner_noun_agreement	Write a natural, coherent English sentence.
780	3	Mary can't remember that clever person.	Mary can't remember those clever person.	-93.5	-93.5	-10.375	-10.375	False	False	morphology	determiner_noun_agreement	Write a natural, coherent English sentence.
781	3	Marie could listen to that big woman.	Marie could listen to those big woman.	-83.0	-83.0	-10.375	-10.375	False	False	morphology	determiner_noun_agreement	Write a natural, coherent English sentence.
782	3	Clyde had those exposed axes.	Clyde had that exposed axes.	-93.5	-93.5	-10.375	-10.375	False	False	morphology	determiner_noun_agreement	Write a natural, coherent English sentence.
783	3	Victoria has left these delighted men.	Victoria has left this delighted men.	-72.5	-72.5	-10.375	-10.375	False	False	morphology	determiner_noun_agreement	Write a natural, coherent English sentence.
784	3	The Impressionists disagree with those bad analyses.	The Impressionists disagree with that bad analyses.	-114.0	-114.0	-10.375	-10.375	False	False	morphology	determiner_noun_agreement	Write a natural, coherent English sentence.
785	3	Amy took that hidden fungus.	Amy took those hidden fungus.	-83.0	-83.0	-10.375	-10.375	False	False	morphology	determiner_noun_agreement	Write a natural, coherent English sentence.
786	3	Rose was fixing this hard foot.	Rose was fixing these hard foot.	-72.5	-72.5	-10.375	-10.375	False	False	morphology	determiner_noun_agreement	Write a natural, coherent English sentence.
787	3	Most dishes weren't astounding these scared men.	Most dishes weren't astounding this scared men.	-124.5	-124.5	-10.375	-10.375	False	False	morphology	determiner_noun_agreement	Write a natural, coherent English sentence.
788	3	The doctor sees those smooth cacti.	The doctor sees that smooth cacti.	-93.5	-93.5	-10.375	-10.375	False	False	morphology	determiner_noun_agreement	Write a natural, coherent English sentence.
789	3	Rodney hadn't cured these white octopi.	Rodney hadn't cured this white octopi.	-135.0	-135.0	-10.375	-10.375	False	False	morphology	determiner_noun_agreement	Write a natural, coherent English sentence.
790	3	This museum hadn't disgusted these troubled men.	This museum hadn't disgusted this troubled men.	-124.5	-124.5	-10.375	-10.375	False	False	morphology	determiner_noun_agreement	Write a natural, coherent English sentence.
791	3	Patrick complained about those scared men.	Patrick complained about that scared men.	-72.5	-72.5	-10.375	-10.375	False	False	morphology	determiner_noun_agreement	Write a natural, coherent English sentence.
792	3	Jacqueline should stun these determined alumni.	Jacqueline should stun this determined alumni.	-124.5	-124.5	-10.375	-10.375	False	False	morphology	determiner_noun_agreement	Write a natural, coherent English sentence.
793	3	All apples worry this serious man.	All apples worry these serious man.	-83.0	-83.0	-10.375	-10.375	False	False	morphology	determiner_noun_agreement	Write a natural, coherent English sentence.
794	3	The drawing isn't scaring that old child.	The drawing isn't scaring those old child.	-114.0	-114.0	-10.375	-10.375	False	False	morphology	determiner_noun_agreement	Write a natural, coherent English sentence.
795	3	Veronica questioned this uncertain woman.	Veronica questioned these uncertain woman.	-83.0	-83.0	-10.375	-10.375	False	False	morphology	determiner_noun_agreement	Write a natural, coherent English sentence.
796	3	Vanessa hadn't known this determined alumnus.	Vanessa hadn't known these determined alumnus.	-124.5	-124.5	-10.375	-10.375	False	False	morphology	determiner_noun_agreement	Write a natural, coherent English sentence.
797	3	Cynthia hadn't kissed this unemployed man.	Cynthia hadn't kissed these unemployed man.	-135.0	-135.0	-10.375	-10.375	False	False	morphology	determiner_noun_agreement	Write a natural, coherent English sentence.
798	3	These companies irritate that exposed woman.	These companies irritate those exposed woman.	-83.0	-83.0	-10.375	-10.375	False	False	morphology	determiner_noun_agreement	Write a natural, coherent English sentence.
799	3	This dancer wasn't biking to this orange oasis.	This dancer wasn't biking to these orange oasis.	-145.0	-145.0	-10.375	-10.375	False	False	morphology	determiner_noun_agreement	Write a natural, coherent English sentence.
800	3	Those legislatures could disturb this upset alumnus.	Those legislatures could disturb these upset alumnus.	-114.0	-114.0	-10.375	-10.375	False	False	morphology	determiner_noun_agreement	Write a natural, coherent English sentence.
801	3	Some adult hasn't hidden these ill men.	Some adult hasn't hidden this ill men.	-104.0	-104.0	-10.375	-10.375	False	False	morphology	determiner_noun_agreement	Write a natural, coherent English sentence.
802	3	A cashier should insult these hidden children.	A cashier should insult this hidden children.	-93.5	-93.5	-10.375	-10.375	False	False	morphology	determiner_noun_agreement	Write a natural, coherent English sentence.
803	3	Danielle could annoy that confident man.	Danielle could annoy those confident man.	-83.0	-83.0	-10.375	-10.375	False	False	morphology	determiner_noun_agreement	Write a natural, coherent English sentence.
804	3	These teachers lift this exposed goose.	These teachers lift these exposed goose.	-83.0	-83.0	-10.375	-10.375	False	False	morphology	determiner_noun_agreement	Write a natural, coherent English sentence.
805	3	Christina drove to that exposed oasis.	Christina drove to those exposed oasis.	-93.5	-93.5	-10.375	-10.375	False	False	morphology	determiner_noun_agreement	Write a natural, coherent English sentence.
806	3	Jesus hadn't sounded like these hidden people.	Jesus hadn't sounded like this hidden people.	-104.0	-104.0	-10.375	-10.375	False	False	morphology	determiner_noun_agreement	Write a natural, coherent English sentence.
807	3	Many mushrooms irritate that upset man.	Many mushrooms irritate those upset man.	-93.5	-93.5	-10.375	-10.375	False	False	morphology	determiner_noun_agreement	Write a natural, coherent English sentence.
808	3	Some committee bought those white lice.	Some committee bought that white lice.	-83.0	-83.0	-10.375	-10.375	False	False	morphology	determiner_noun_agreement	Write a natural, coherent English sentence.
809	3	Daniel hasn't known this determined man.	Daniel hasn't known these determined man.	-93.5	-93.5	-10.375	-10.375	False	False	morphology	determiner_noun_agreement	Write a natural, coherent English sentence.
810	3	Art hadn't scared these serious alumni.	Art hadn't scared this serious alumni.	-114.0	-114.0	-10.375	-10.375	False	False	morphology	determiner_noun_agreement	Write a natural, coherent English sentence.
811	3	Alice fires this unconvinced child.	Alice fires these unconvinced child.	-93.5	-93.5	-10.375	-10.375	False	False	morphology	determiner_noun_agreement	Write a natural, coherent English sentence.
812	3	Melanie hid that exposed tooth.	Melanie hid those exposed tooth.	-72.5	-72.5	-10.375	-10.375	False	False	morphology	determiner_noun_agreement	Write a natural, coherent English sentence.
813	3	Most hamsters find that red tooth.	Most hamsters find those red tooth.	-83.0	-83.0	-10.375	-10.375	False	False	morphology	determiner_noun_agreement	Write a natural, coherent English sentence.
814	3	Those children explore those small oases.	Those children explore that small oases.	-83.0	-83.0	-10.375	-10.375	False	False	morphology	determiner_noun_agreement	Write a natural, coherent English sentence.
815	3	Most museums listen to this troubled man.	Most museums listen to these troubled man.	-104.0	-104.0	-10.375	-10.375	False	False	morphology	determiner_noun_agreement	Write a natural, coherent English sentence.
816	3	Patrick embarrassed this unemployed person.	Patrick embarrassed these unemployed person.	-72.5	-72.5	-10.375	-10.375	False	False	morphology	determiner_noun_agreement	Write a natural, coherent English sentence.
817	3	A lot of icicles had alarmed that hidden woman.	A lot of icicles had alarmed those hidden woman.	-124.5	-124.5	-10.375	-10.375	False	False	morphology	determiner_noun_agreement	Write a natural, coherent English sentence.
818	3	Matt hadn't impressed this exposed child.	Matt hadn't impressed these exposed child.	-93.5	-93.5	-10.375	-10.375	False	False	morphology	determiner_noun_agreement	Write a natural, coherent English sentence.
819	3	Eric might see those new feet.	Eric might see that new feet.	-72.5	-72.5	-10.375	-10.375	False	False	morphology	determiner_noun_agreement	Write a natural, coherent English sentence.
820	3	Some turtle can confuse this old alumnus.	Some turtle can confuse these old alumnus.	-135.0	-135.0	-10.375	-10.375	False	False	morphology	determiner_noun_agreement	Write a natural, coherent English sentence.
821	3	Most guests explore these smooth oases.	Most guests explore this smooth oases.	-83.0	-83.0	-10.375	-10.375	False	False	morphology	determiner_noun_agreement	Write a natural, coherent English sentence.
822	3	Brian has praised that happy alumnus.	Brian has praised those happy alumnus.	-93.5	-93.5	-10.375	-10.375	False	False	morphology	determiner_noun_agreement	Write a natural, coherent English sentence.
823	3	Karen sees these ill lice.	Karen sees this ill lice.	-72.5	-72.5	-10.375	-10.375	False	False	morphology	determiner_noun_agreement	Write a natural, coherent English sentence.
824	3	Alicia doesn't observe this confident alumnus.	Alicia doesn't observe these confident alumnus.	-135.0	-135.0	-10.375	-10.375	False	False	morphology	determiner_noun_agreement	Write a natural, coherent English sentence.
825	3	That horse does find this lost octopus.	That horse does find these lost octopus.	-104.0	-104.0	-10.375	-10.375	False	False	morphology	determiner_noun_agreement	Write a natural, coherent English sentence.
826	3	Those customers haven't annoyed those delighted children.	Those customers haven't annoyed that delighted children.	-114.0	-114.0	-10.375	-10.375	False	False	morphology	determiner_noun_agreement	Write a natural, coherent English sentence.
827	3	The Great Lakes confused these hidden women.	The Great Lakes confused this hidden women.	-93.5	-93.5	-10.375	-10.375	False	False	morphology	determiner_noun_agreement	Write a natural, coherent English sentence.
828	3	Russell watches these unsure women.	Russell watches this unsure women.	-72.5	-72.5	-10.375	-10.375	False	False	morphology	determiner_noun_agreement	Write a natural, coherent English sentence.
829	3	Jacqueline has concealed these long synopses.	Jacqueline has concealed this long synopses.	-124.5	-124.5	-10.375	-10.375	False	False	morphology	determiner_noun_agreement	Write a natural, coherent English sentence.
830	3	Carrie isn't hiring this small woman.	Carrie isn't hiring these small woman.	-104.0	-104.0	-10.375	-10.375	False	False	morphology	determiner_noun_agreement	Write a natural, coherent English sentence.
831	3	Charles doesn't admire these big mice.	Charles doesn't admire this big mice.	-114.0	-114.0	-10.375	-10.375	False	False	morphology	determiner_noun_agreement	Write a natural, coherent English sentence.
832	3	The Impressionists might think about that white thesis.	The Impressionists might think about those white thesis.	-114.0	-114.0	-10.375	-10.375	False	False	morphology	determiner_noun_agreement	Write a natural, coherent English sentence.
833	3	Most men question those bad people.	Most men question that bad people.	-72.5	-72.5	-10.375	-10.375	False	False	morphology	determiner_noun_agreement	Write a natural, coherent English sentence.
834	3	Lissa hasn't left this upset woman.	Lissa hasn't left these upset woman.	-104.0	-104.0	-10.375	-10.375	False	False	morphology	determiner_noun_agreement	Write a natural, coherent English sentence.
835	3	Janice won't fire that determined child.	Janice won't fire those determined child.	-104.0	-104.0	-10.375	-10.375	False	False	morphology	determiner_noun_agreement	Write a natural, coherent English sentence.
836	3	This company criticized this lucky man.	This company criticized these lucky man.	-83.0	-83.0	-10.375	-10.375	False	False	morphology	determiner_noun_agreement	Write a natural, coherent English sentence.
837	3	The banks hurt that excited woman.	The banks hurt those excited woman.	-72.5	-72.5	-10.375	-10.375	False	False	morphology	determiner_noun_agreement	Write a natural, coherent English sentence.
838	3	Peter wasn't walking through those red oases.	Peter wasn't walking through that red oases.	-114.0	-114.0	-10.375	-10.375	False	False	morphology	determiner_noun_agreement	Write a natural, coherent English sentence.
839	3	Rebecca wasn't referencing this long synopsis.	Rebecca wasn't referencing these long synopsis.	-114.0	-114.0	-10.375	-10.375	False	False	morphology	determiner_noun_agreement	Write a natural, coherent English sentence.
840	3	Naomi notices this smooth octopus.	Naomi notices these smooth octopus.	-104.0	-104.0	-10.375	-10.375	False	False	morphology	determiner_noun_agreement	Write a natural, coherent English sentence.
841	3	Patrick conceals this hard stimulus.	Patrick conceals these hard stimulus.	-83.0	-83.0	-10.375	-10.375	False	False	morphology	determiner_noun_agreement	Write a natural, coherent English sentence.
842	3	Candice shouldn't bring those smooth feet.	Candice shouldn't bring that smooth feet.	-104.0	-104.0	-10.375	-10.375	False	False	morphology	determiner_noun_agreement	Write a natural, coherent English sentence.
843	3	All books sound like those content women.	All books sound like that content women.	-83.0	-83.0	-10.375	-10.375	False	False	morphology	determiner_noun_agreement	Write a natural, coherent English sentence.
844	3	Bethany hasn't arrived at this white oasis.	Bethany hasn't arrived at these white oasis.	-124.5	-124.5	-10.375	-10.375	False	False	morphology	determiner_noun_agreement	Write a natural, coherent English sentence.
845	3	Steve reveals these unemployed alumni.	Steve reveals this unemployed alumni.	-93.5	-93.5	-10.375	-10.375	False	False	morphology	determiner_noun_agreement	Write a natural, coherent English sentence.
846	3	Sonia was upsetting that ill woman.	Sonia was upsetting those ill woman.	-93.5	-93.5	-10.375	-10.375	False	False	morphology	determiner_noun_agreement	Write a natural, coherent English sentence.
847	3	Keith wasn't boring these delighted men.	Keith wasn't boring this delighted men.	-93.5	-93.5	-10.375	-10.375	False	False	morphology	determiner_noun_agreement	Write a natural, coherent English sentence.
848	3	The Borgias admire these hard mice.	The Borgias admire this hard mice.	-114.0	-114.0	-10.375	-10.375	False	False	morphology	determiner_noun_agreement	Write a natural, coherent English sentence.
849	3	These drivers had forgotten this good analysis.	These drivers had forgotten these good analysis.	-83.0	-83.0	-10.375	-10.375	False	False	morphology	determiner_noun_agreement	Write a natural, coherent English sentence.
850	3	Helen skates around this blue oasis.	Helen skates around these blue oasis.	-93.5	-93.5	-10.375	-10.375	False	False	morphology	determiner_noun_agreement	Write a natural, coherent English sentence.
851	3	Galileo found that smooth stimulus.	Galileo found those smooth stimulus.	-93.5	-93.5	-10.375	-10.375	False	False	morphology	determiner_noun_agreement	Write a natural, coherent English sentence.
852	3	Kimberley isn't curing these small octopi.	Kimberley isn't curing this small octopi.	-145.0	-145.0	-10.375	-10.375	False	False	morphology	determiner_noun_agreement	Write a natural, coherent English sentence.
853	3	Debra didn't conceal these popular men.	Debra didn't conceal this popular men.	-114.0	-114.0	-10.375	-10.375	False	False	morphology	determiner_noun_agreement	Write a natural, coherent English sentence.
854	3	A lot of doctors hug these scared children.	A lot of doctors hug this scared children.	-93.5	-93.5	-10.375	-10.375	False	False	morphology	determiner_noun_agreement	Write a natural, coherent English sentence.
855	3	Those pedestrians weren't fleeing from these concealed men.	Those pedestrians weren't fleeing from this concealed men.	-156.0	-156.0	-10.375	-10.375	False	False	morphology	determiner_noun_agreement	Write a natural, coherent English sentence.
856	3	Those children find that exposed thesis.	Those children find those exposed thesis.	-72.5	-72.5	-10.375	-10.375	False	False	morphology	determiner_noun_agreement	Write a natural, coherent English sentence.
857	3	Debra admires these blue octopi.	Debra admires this blue octopi.	-104.0	-104.0	-10.375	-10.375	False	False	morphology	determiner_noun_agreement	Write a natural, coherent English sentence.
858	3	Bruce wasn't approaching that clever alumnus.	Bruce wasn't approaching those clever alumnus.	-114.0	-114.0	-10.375	-10.375	False	False	morphology	determiner_noun_agreement	Write a natural, coherent English sentence.
859	3	Lawrence isn't questioning that nice woman.	Lawrence isn't questioning those nice woman.	-93.5	-93.5	-10.375	-10.375	False	False	morphology	determiner_noun_agreement	Write a natural, coherent English sentence.
860	3	Some waitresses have this big octopus.	Some waitresses have these big octopus.	-114.0	-114.0	-10.375	-10.375	False	False	morphology	determiner_noun_agreement	Write a natural, coherent English sentence.
861	3	Carolyn had embarrassed that busy alumnus.	Carolyn had embarrassed those busy alumnus.	-104.0	-104.0	-10.375	-10.375	False	False	morphology	determiner_noun_agreement	Write a natural, coherent English sentence.
862	3	Jeffrey aggravated that smart man.	Jeffrey aggravated those smart man.	-93.5	-93.5	-10.375	-10.375	False	False	morphology	determiner_noun_agreement	Write a natural, coherent English sentence.
863	3	Guy messed up this yellow foot.	Guy messed up these yellow foot.	-83.0	-83.0	-10.375	-10.375	False	False	morphology	determiner_noun_agreement	Write a natural, coherent English sentence.
864	3	Every book is embarrassing this small woman.	Every book is embarrassing these small woman.	-93.5	-93.5	-10.375	-10.375	False	False	morphology	determiner_noun_agreement	Write a natural, coherent English sentence.
865	3	These associations were talking about these scared women.	These associations were talking about this scared women.	-93.5	-93.5	-10.375	-10.375	False	False	morphology	determiner_noun_agreement	Write a natural, coherent English sentence.
866	3	Todd disturbs this upset child.	Todd disturbs these upset child.	-83.0	-83.0	-10.375	-10.375	False	False	morphology	determiner_noun_agreement	Write a natural, coherent English sentence.
867	3	That window alarms these exposed women.	That window alarms this exposed women.	-83.0	-83.0	-10.375	-10.375	False	False	morphology	determiner_noun_agreement	Write a natural, coherent English sentence.
868	3	A window upsets these upset men.	A window upsets this upset men.	-83.0	-83.0	-10.375	-10.375	False	False	morphology	determiner_noun_agreement	Write a natural, coherent English sentence.
869	3	Monet is fixing that brown foot.	Monet is fixing those brown foot.	-83.0	-83.0	-10.375	-10.375	False	False	morphology	determiner_noun_agreement	Write a natural, coherent English sentence.
870	3	Adam left these big alumni.	Adam left this big alumni.	-83.0	-83.0	-10.375	-10.375	False	False	morphology	determiner_noun_agreement	Write a natural, coherent English sentence.
871	3	Stacy can exit that big oasis.	Stacy can exit those big oasis.	-93.5	-93.5	-10.375	-10.375	False	False	morphology	determiner_noun_agreement	Write a natural, coherent English sentence.
872	3	Roger was returning to those happy alumni.	Roger was returning to that happy alumni.	-104.0	-104.0	-10.375	-10.375	False	False	morphology	determiner_noun_agreement	Write a natural, coherent English sentence.
873	3	Dana isn't investigating this ill woman.	Dana isn't investigating these ill woman.	-114.0	-114.0	-10.375	-10.375	False	False	morphology	determiner_noun_agreement	Write a natural, coherent English sentence.
874	3	Tammy has those yellow axes.	Tammy has that yellow axes.	-83.0	-83.0	-10.375	-10.375	False	False	morphology	determiner_noun_agreement	Write a natural, coherent English sentence.
875	3	Marla leaves those employed children.	Marla leaves that employed children.	-72.5	-72.5	-10.375	-10.375	False	False	morphology	determiner_noun_agreement	Write a natural, coherent English sentence.
876	3	Sarah referenced that ill child.	Sarah referenced those ill child.	-72.5	-72.5	-10.375	-10.375	False	False	morphology	determiner_noun_agreement	Write a natural, coherent English sentence.
877	3	Edward complained about this serious child.	Edward complained about these serious child.	-72.5	-72.5	-10.375	-10.375	False	False	morphology	determiner_noun_agreement	Write a natural, coherent English sentence.
878	3	Carolyn healed those bad women.	Carolyn healed that bad women.	-83.0	-83.0	-10.375	-10.375	False	False	morphology	determiner_noun_agreement	Write a natural, coherent English sentence.
879	3	The waitresses fired those upset alumni.	The waitresses fired that upset alumni.	-114.0	-114.0	-10.375	-10.375	False	False	morphology	determiner_noun_agreement	Write a natural, coherent English sentence.
880	3	Every driver dropped by that old oasis.	Every driver dropped by those old oasis.	-93.5	-93.5	-10.375	-10.375	False	False	morphology	determiner_noun_agreement	Write a natural, coherent English sentence.
881	3	William hadn't hugged these hopeful alumni.	William hadn't hugged this hopeful alumni.	-135.0	-135.0	-10.375	-10.375	False	False	morphology	determiner_noun_agreement	Write a natural, coherent English sentence.
882	3	The Lutherans had messed up those lost feet.	The Lutherans had messed up that lost feet.	-114.0	-114.0	-10.375	-10.375	False	False	morphology	determiner_noun_agreement	Write a natural, coherent English sentence.
883	3	Florence hasn't confused those standing men.	Florence hasn't confused that standing men.	-93.5	-93.5	-10.375	-10.375	False	False	morphology	determiner_noun_agreement	Write a natural, coherent English sentence.
884	3	Some convertible upset this upset woman.	Some convertible upset these upset woman.	-83.0	-83.0	-10.375	-10.375	False	False	morphology	determiner_noun_agreement	Write a natural, coherent English sentence.
885	3	Rebecca saw this hidden foot.	Rebecca saw these hidden foot.	-62.25	-62.25	-10.375	-10.375	False	False	morphology	determiner_noun_agreement	Write a natural, coherent English sentence.
886	3	Derek returned to these content men.	Derek returned to this content men.	-83.0	-83.0	-10.375	-10.375	False	False	morphology	determiner_noun_agreement	Write a natural, coherent English sentence.
887	3	Those teachers love those hidden women.	Those teachers love that hidden women.	-72.5	-72.5	-10.375	-10.375	False	False	morphology	determiner_noun_agreement	Write a natural, coherent English sentence.
888	3	Jennifer worried those ill men.	Jennifer worried that ill men.	-62.25	-62.25	-10.375	-10.375	False	False	morphology	determiner_noun_agreement	Write a natural, coherent English sentence.
889	3	A chair was stunning this big man.	A chair was stunning these big man.	-83.0	-83.0	-10.375	-10.375	False	False	morphology	determiner_noun_agreement	Write a natural, coherent English sentence.
890	3	Paintings looked like that gray thesis.	Paintings looked like those gray thesis.	-93.5	-93.5	-10.375	-10.375	False	False	morphology	determiner_noun_agreement	Write a natural, coherent English sentence.
891	3	Karla toured this rough oasis.	Karla toured these rough oasis.	-93.5	-93.5	-10.375	-10.375	False	False	morphology	determiner_noun_agreement	Write a natural, coherent English sentence.
892	3	Walter couldn't boycott those hidden oases.	Walter couldn't boycott that hidden oases.	-114.0	-114.0	-10.375	-10.375	False	False	morphology	determiner_noun_agreement	Write a natural, coherent English sentence.
893	3	Donald has worried this smart man.	Donald has worried these smart man.	-72.5	-72.5	-10.375	-10.375	False	False	morphology	determiner_noun_agreement	Write a natural, coherent English sentence.
894	3	Catherine has boycotted those gray oases.	Catherine has boycotted that gray oases.	-104.0	-104.0	-10.375	-10.375	False	False	morphology	determiner_noun_agreement	Write a natural, coherent English sentence.
895	3	Nicole toured those yellow oases.	Nicole toured that yellow oases.	-83.0	-83.0	-10.375	-10.375	False	False	morphology	determiner_noun_agreement	Write a natural, coherent English sentence.
896	3	Barbara praises that young woman.	Barbara praises those young woman.	-72.5	-72.5	-10.375	-10.375	False	False	morphology	determiner_noun_agreement	Write a natural, coherent English sentence.
897	3	The apple aggravates those hopeful children.	The apple aggravates that hopeful children.	-104.0	-104.0	-10.375	-10.375	False	False	morphology	determiner_noun_agreement	Write a natural, coherent English sentence.
898	3	All photographs could look like this big fungus.	All photographs could look like these big fungus.	-114.0	-114.0	-10.375	-10.375	False	False	morphology	determiner_noun_agreement	Write a natural, coherent English sentence.
899	3	Guys should talk about that good synopsis.	Guys should talk about those good synopsis.	-104.0	-104.0	-10.375	-10.375	False	False	morphology	determiner_noun_agreement	Write a natural, coherent English sentence.
900	3	Tracy discovered this concealed alumnus.	Tracy discovered these concealed alumnus.	-104.0	-104.0	-10.375	-10.375	False	False	morphology	determiner_noun_agreement	Write a natural, coherent English sentence.
901	3	All actresses are helping this troubled man.	All actresses are helping these troubled man.	-104.0	-104.0	-10.375	-10.375	False	False	morphology	determiner_noun_agreement	Write a natural, coherent English sentence.
902	3	Douglas isn't revealing this dirty foot.	Douglas isn't revealing these dirty foot.	-93.5	-93.5	-10.375	-10.375	False	False	morphology	determiner_noun_agreement	Write a natural, coherent English sentence.
903	3	Most senators confuse that standing child.	Most senators confuse those standing child.	-93.5	-93.5	-10.375	-10.375	False	False	morphology	determiner_noun_agreement	Write a natural, coherent English sentence.
904	3	Those doctors embarrass that upset woman.	Those doctors embarrass those upset woman.	-72.5	-72.5	-10.375	-10.375	False	False	morphology	determiner_noun_agreement	Write a natural, coherent English sentence.
905	3	A lot of customers were healing those sick men.	A lot of customers were healing that sick men.	-104.0	-104.0	-10.375	-10.375	False	False	morphology	determiner_noun_agreement	Write a natural, coherent English sentence.
906	3	Sabrina does conceal these old alumni.	Sabrina does conceal this old alumni.	-124.5	-124.5	-10.375	-10.375	False	False	morphology	determiner_noun_agreement	Write a natural, coherent English sentence.
907	3	Many girls can't observe those young alumni.	Many girls can't observe that young alumni.	-124.5	-124.5	-10.375	-10.375	False	False	morphology	determiner_noun_agreement	Write a natural, coherent English sentence.
908	3	The actresses hire that lucky man.	The actresses hire those lucky man.	-83.0	-83.0	-10.375	-10.375	False	False	morphology	determiner_noun_agreement	Write a natural, coherent English sentence.
909	3	Andrea is firing that scared child.	Andrea is firing those scared child.	-72.5	-72.5	-10.375	-10.375	False	False	morphology	determiner_noun_agreement	Write a natural, coherent English sentence.
910	3	That dancer scanned that bad synopsis.	That dancer scanned those bad synopsis.	-104.0	-104.0	-10.375	-10.375	False	False	morphology	determiner_noun_agreement	Write a natural, coherent English sentence.
911	3	Daniel breaks these dirty teeth.	Daniel breaks this dirty teeth.	-62.25	-62.25	-10.375	-10.375	False	False	morphology	determiner_noun_agreement	Write a natural, coherent English sentence.
912	3	Students had messed up those purple teeth.	Students had messed up that purple teeth.	-93.5	-93.5	-10.375	-10.375	False	False	morphology	determiner_noun_agreement	Write a natural, coherent English sentence.
913	3	Becky boycotted those old oases.	Becky boycotted that old oases.	-104.0	-104.0	-10.375	-10.375	False	False	morphology	determiner_noun_agreement	Write a natural, coherent English sentence.
914	3	Florence talks to those good women.	Florence talks to that good women.	-72.5	-72.5	-10.375	-10.375	False	False	morphology	determiner_noun_agreement	Write a natural, coherent English sentence.
915	3	Carmen won't break this big foot.	Carmen won't break these big foot.	-104.0	-104.0	-10.375	-10.375	False	False	morphology	determiner_noun_agreement	Write a natural, coherent English sentence.
916	3	Stephen fired those employed men.	Stephen fired that employed men.	-62.25	-62.25	-10.375	-10.375	False	False	morphology	determiner_noun_agreement	Write a natural, coherent English sentence.
917	3	Many governments confuse this sick woman.	Many governments confuse these sick woman.	-83.0	-83.0	-10.375	-10.375	False	False	morphology	determiner_noun_agreement	Write a natural, coherent English sentence.
918	3	Heidi healed this troubled child.	Heidi healed these troubled child.	-93.5	-93.5	-10.375	-10.375	False	False	morphology	determiner_noun_agreement	Write a natural, coherent English sentence.
919	3	Daniel questions these employed alumni.	Daniel questions this employed alumni.	-83.0	-83.0	-10.375	-10.375	False	False	morphology	determiner_noun_agreement	Write a natural, coherent English sentence.
920	3	People admire these yellow oxen.	People admire this yellow oxen.	-83.0	-83.0	-10.375	-10.375	False	False	morphology	determiner_noun_agreement	Write a natural, coherent English sentence.
921	3	Those adults embarrasses this displeased woman.	Those adults embarrasses these displeased woman.	-104.0	-104.0	-10.375	-10.375	False	False	morphology	determiner_noun_agreement	Write a natural, coherent English sentence.
922	3	Winston Churchill notices these big nuclei.	Winston Churchill notices this big nuclei.	-114.0	-114.0	-10.375	-10.375	False	False	morphology	determiner_noun_agreement	Write a natural, coherent English sentence.
923	3	All women hide those concealed nuclei.	All women hide that concealed nuclei.	-93.5	-93.5	-10.375	-10.375	False	False	morphology	determiner_noun_agreement	Write a natural, coherent English sentence.
924	3	Charles was escaping from those lucky men.	Charles was escaping from that lucky men.	-93.5	-93.5	-10.375	-10.375	False	False	morphology	determiner_noun_agreement	Write a natural, coherent English sentence.
925	3	Paul doesn't insult this happy woman.	Paul doesn't insult these happy woman.	-93.5	-93.5	-10.375	-10.375	False	False	morphology	determiner_noun_agreement	Write a natural, coherent English sentence.
926	3	Galileo isn't scanning this brown thesis.	Galileo isn't scanning these brown thesis.	-124.5	-124.5	-10.375	-10.375	False	False	morphology	determiner_noun_agreement	Write a natural, coherent English sentence.
927	3	The newspaper article doesn't annoy that exposed man.	The newspaper article doesn't annoy those exposed man.	-114.0	-114.0	-10.375	-10.375	False	False	morphology	determiner_noun_agreement	Write a natural, coherent English sentence.
928	3	Carmen noticed these gray cacti.	Carmen noticed this gray cacti.	-93.5	-93.5	-10.375	-10.375	False	False	morphology	determiner_noun_agreement	Write a natural, coherent English sentence.
929	3	Teresa approaches this upset man.	Teresa approaches these upset man.	-72.5	-72.5	-10.375	-10.375	False	False	morphology	determiner_noun_agreement	Write a natural, coherent English sentence.
930	3	April was revealing this hidden woman.	April was revealing these hidden woman.	-72.5	-72.5	-10.375	-10.375	False	False	morphology	determiner_noun_agreement	Write a natural, coherent English sentence.
931	3	Michael has loved these scared men.	Michael has loved this scared men.	-72.5	-72.5	-10.375	-10.375	False	False	morphology	determiner_noun_agreement	Write a natural, coherent English sentence.
932	3	Joseph hadn't bought those hard lice.	Joseph hadn't bought that hard lice.	-104.0	-104.0	-10.375	-10.375	False	False	morphology	determiner_noun_agreement	Write a natural, coherent English sentence.
933	3	Larry did drive to this out in the open oasis.	Larry did drive to these out in the open oasis.	-124.5	-124.5	-10.375	-10.375	False	False	morphology	determiner_noun_agreement	Write a natural, coherent English sentence.
934	3	Lisa hasn't driven to that new oasis.	Lisa hasn't driven to those new oasis.	-114.0	-114.0	-10.375	-10.375	False	False	morphology	determiner_noun_agreement	Write a natural, coherent English sentence.
935	3	Steve scanned this good synopsis.	Steve scanned these good synopsis.	-83.0	-83.0	-10.375	-10.375	False	False	morphology	determiner_noun_agreement	Write a natural, coherent English sentence.
936	3	The Lutherans care for those hopeful men.	The Lutherans care for that hopeful men.	-104.0	-104.0	-10.375	-10.375	False	False	morphology	determiner_noun_agreement	Write a natural, coherent English sentence.
937	3	Christine bikes to these orange oases.	Christine bikes to this orange oases.	-104.0	-104.0	-10.375	-10.375	False	False	morphology	determiner_noun_agreement	Write a natural, coherent English sentence.
938	3	Most actors distracted this popular woman.	Most actors distracted these popular woman.	-83.0	-83.0	-10.375	-10.375	False	False	morphology	determiner_noun_agreement	Write a natural, coherent English sentence.
939	3	Emily should observe those displeased men.	Emily should observe that displeased men.	-93.5	-93.5	-10.375	-10.375	False	False	morphology	determiner_noun_agreement	Write a natural, coherent English sentence.
940	3	The drivers do sell this green thesis.	The drivers do sell these green thesis.	-83.0	-83.0	-10.375	-10.375	False	False	morphology	determiner_noun_agreement	Write a natural, coherent English sentence.
941	3	Most drivers love these unemployed men.	Most drivers love this unemployed men.	-83.0	-83.0	-10.375	-10.375	False	False	morphology	determiner_noun_agreement	Write a natural, coherent English sentence.
942	3	Those doctors care for this hopeful man.	Those doctors care for these hopeful man.	-93.5	-93.5	-10.375	-10.375	False	False	morphology	determiner_noun_agreement	Write a natural, coherent English sentence.
943	3	Brad kisses that displeased man.	Brad kisses those displeased man.	-93.5	-93.5	-10.375	-10.375	False	False	morphology	determiner_noun_agreement	Write a natural, coherent English sentence.
944	3	Danielle had argued about those troubled men.	Danielle had argued about that troubled men.	-104.0	-104.0	-10.375	-10.375	False	False	morphology	determiner_noun_agreement	Write a natural, coherent English sentence.
945	3	An actor is disgusting those unsure men.	An actor is disgusting that unsure men.	-104.0	-104.0	-10.375	-10.375	False	False	morphology	determiner_noun_agreement	Write a natural, coherent English sentence.
946	3	Galileo didn't hurt those displeased children.	Galileo didn't hurt that displeased children.	-135.0	-135.0	-10.375	-10.375	False	False	morphology	determiner_noun_agreement	Write a natural, coherent English sentence.
947	3	Omar messed up these small teeth.	Omar messed up this small teeth.	-93.5	-93.5	-10.375	-10.375	False	False	morphology	determiner_noun_agreement	Write a natural, coherent English sentence.
948	3	Carmen will watch this smart person.	Carmen will watch these smart person.	-83.0	-83.0	-10.375	-10.375	False	False	morphology	determiner_noun_agreement	Write a natural, coherent English sentence.
949	3	Jeffrey hid that unlucky child.	Jeffrey hid those unlucky child.	-93.5	-93.5	-10.375	-10.375	False	False	morphology	determiner_noun_agreement	Write a natural, coherent English sentence.
950	3	Every plane bothers this upset child.	Every plane bothers these upset child.	-83.0	-83.0	-10.375	-10.375	False	False	morphology	determiner_noun_agreement	Write a natural, coherent English sentence.
951	3	A lot of hospitals have those blue teeth.	A lot of hospitals have that blue teeth.	-93.5	-93.5	-10.375	-10.375	False	False	morphology	determiner_noun_agreement	Write a natural, coherent English sentence.
952	3	Nancy wasn't disturbing that clever man.	Nancy wasn't disturbing those clever man.	-104.0	-104.0	-10.375	-10.375	False	False	morphology	determiner_noun_agreement	Write a natural, coherent English sentence.
953	3	These ladies bought that white tooth.	These ladies bought those white tooth.	-72.5	-72.5	-10.375	-10.375	False	False	morphology	determiner_noun_agreement	Write a natural, coherent English sentence.
954	3	Every skirt annoys that confident person.	Every skirt annoys those confident person.	-93.5	-93.5	-10.375	-10.375	False	False	morphology	determiner_noun_agreement	Write a natural, coherent English sentence.
955	3	These actors weren't biking to these red oases.	These actors weren't biking to this red oases.	-135.0	-135.0	-10.375	-10.375	False	False	morphology	determiner_noun_agreement	Write a natural, coherent English sentence.
956	3	Carmen has described those confident people.	Carmen has described that confident people.	-83.0	-83.0	-10.375	-10.375	False	False	morphology	determiner_noun_agreement	Write a natural, coherent English sentence.
957	3	All legislatures criticize that brown oasis.	All legislatures criticize those brown oasis.	-104.0	-104.0	-10.375	-10.375	False	False	morphology	determiner_noun_agreement	Write a natural, coherent English sentence.
958	3	Paula works with that clever person.	Paula works with those clever person.	-83.0	-83.0	-10.375	-10.375	False	False	morphology	determiner_noun_agreement	Write a natural, coherent English sentence.
959	3	Benjamin respects those confident children.	Benjamin respects that confident children.	-72.5	-72.5	-10.375	-10.375	False	False	morphology	determiner_noun_agreement	Write a natural, coherent English sentence.
960	3	Mitchell attacked these unsure alumni.	Mitchell attacked this unsure alumni.	-93.5	-93.5	-10.375	-10.375	False	False	morphology	determiner_noun_agreement	Write a natural, coherent English sentence.
961	3	The Lutherans hadn't cleaned these broken teeth.	The Lutherans hadn't cleaned this broken teeth.	-114.0	-114.0	-10.375	-10.375	False	False	morphology	determiner_noun_agreement	Write a natural, coherent English sentence.
962	3	A lot of children observe that young child.	A lot of children observe those young child.	-93.5	-93.5	-10.375	-10.375	False	False	morphology	determiner_noun_agreement	Write a natural, coherent English sentence.
963	3	Gary hadn't sounded like this out in the open oasis.	Gary hadn't sounded like these out in the open oasis.	-145.0	-145.0	-10.375	-10.375	False	False	morphology	determiner_noun_agreement	Write a natural, coherent English sentence.
964	3	That fish annoyed this serious alumnus.	That fish annoyed these serious alumnus.	-104.0	-104.0	-10.375	-10.375	False	False	morphology	determiner_noun_agreement	Write a natural, coherent English sentence.
965	3	Spotlights worry those standing people.	Spotlights worry that standing people.	-72.5	-72.5	-10.375	-10.375	False	False	morphology	determiner_noun_agreement	Write a natural, coherent English sentence.
966	3	Rodney returned to these content alumni.	Rodney returned to this content alumni.	-104.0	-104.0	-10.375	-10.375	False	False	morphology	determiner_noun_agreement	Write a natural, coherent English sentence.
967	3	Bruce references this unemployed child.	Bruce references these unemployed child.	-72.5	-72.5	-10.375	-10.375	False	False	morphology	determiner_noun_agreement	Write a natural, coherent English sentence.
968	3	Many museums criticize this bad analysis.	Many museums criticize these bad analysis.	-93.5	-93.5	-10.375	-10.375	False	False	morphology	determiner_noun_agreement	Write a natural, coherent English sentence.
969	3	Danielle knows that concealed man.	Danielle knows those concealed man.	-83.0	-83.0	-10.375	-10.375	False	False	morphology	determiner_noun_agreement	Write a natural, coherent English sentence.
970	3	Katherine sells that smooth oasis.	Katherine sells those smooth oasis.	-93.5	-93.5	-10.375	-10.375	False	False	morphology	determiner_noun_agreement	Write a natural, coherent English sentence.
971	3	Meredith hadn't scared these clever people.	Meredith hadn't scared this clever people.	-114.0	-114.0	-10.375	-10.375	False	False	morphology	determiner_noun_agreement	Write a natural, coherent English sentence.
972	3	Walter biked to these gray oases.	Walter biked to this gray oases.	-104.0	-104.0	-10.375	-10.375	False	False	morphology	determiner_noun_agreement	Write a natural, coherent English sentence.
973	3	Phillip has investigated this unemployed man.	Phillip has investigated these unemployed man.	-93.5	-93.5	-10.375	-10.375	False	False	morphology	determiner_noun_agreement	Write a natural, coherent English sentence.
974	3	Alice knows that ill woman.	Alice knows those ill woman.	-62.25	-62.25	-10.375	-10.375	False	False	morphology	determiner_noun_agreement	Write a natural, coherent English sentence.
975	3	Daniel bothered that unemployed alumnus.	Daniel bothered those unemployed alumnus.	-93.5	-93.5	-10.375	-10.375	False	False	morphology	determiner_noun_agreement	Write a natural, coherent English sentence.
976	3	Some children notice this black thesis.	Some children notice these black thesis.	-72.5	-72.5	-10.375	-10.375	False	False	morphology	determiner_noun_agreement	Write a natural, coherent English sentence.
977	3	George has alarmed these unemployed children.	George has alarmed this unemployed children.	-93.5	-93.5	-10.375	-10.375	False	False	morphology	determiner_noun_agreement	Write a natural, coherent English sentence.
978	3	Sarah won't drive to this concealed oasis.	Sarah won't drive to these concealed oasis.	-124.5	-124.5	-10.375	-10.375	False	False	morphology	determiner_noun_agreement	Write a natural, coherent English sentence.
979	3	Grace arrived at those small oases.	Grace arrived at that small oases.	-83.0	-83.0	-10.375	-10.375	False	False	morphology	determiner_noun_agreement	Write a natural, coherent English sentence.
980	3	David kisses that lucky man.	David kisses those lucky man.	-72.5	-72.5	-10.375	-10.375	False	False	morphology	determiner_noun_agreement	Write a natural, coherent English sentence.
981	3	Laura isn't lifting this smooth axis.	Laura isn't lifting these smooth axis.	-93.5	-93.5	-10.375	-10.375	False	False	morphology	determiner_noun_agreement	Write a natural, coherent English sentence.
982	3	Mark embarrassed these confident children.	Mark embarrassed this confident children.	-62.25	-62.25	-10.375	-10.375	False	False	morphology	determiner_noun_agreement	Write a natural, coherent English sentence.
983	3	Patients bothers this employed man.	Patients bothers these employed man.	-83.0	-83.0	-10.375	-10.375	False	False	morphology	determiner_noun_agreement	Write a natural, coherent English sentence.
984	3	Christopher has criticized this bad synopsis.	Christopher has criticized these bad synopsis.	-93.5	-93.5	-10.375	-10.375	False	False	morphology	determiner_noun_agreement	Write a natural, coherent English sentence.
985	3	Todd hadn't gone to this cheap oasis.	Todd hadn't gone to these cheap oasis.	-114.0	-114.0	-10.375	-10.375	False	False	morphology	determiner_noun_agreement	Write a natural, coherent English sentence.
986	3	Becca does investigate this lucky alumnus.	Becca does investigate these lucky alumnus.	-104.0	-104.0	-10.375	-10.375	False	False	morphology	determiner_noun_agreement	Write a natural, coherent English sentence.
987	3	Sabrina visits those fast women.	Sabrina visits that fast women.	-83.0	-83.0	-10.375	-10.375	False	False	morphology	determiner_noun_agreement	Write a natural, coherent English sentence.
988	3	Janet knew those unconvinced children.	Janet knew that unconvinced children.	-104.0	-104.0	-10.375	-10.375	False	False	morphology	determiner_noun_agreement	Write a natural, coherent English sentence.
989	3	Christine hated this young man.	Christine hated these young man.	-72.5	-72.5	-10.375	-10.375	False	False	morphology	determiner_noun_agreement	Write a natural, coherent English sentence.
990	3	Chad hadn't complained about these big oases.	Chad hadn't complained about this big oases.	-124.5	-124.5	-10.375	-10.375	False	False	morphology	determiner_noun_agreement	Write a natural, coherent English sentence.
991	3	Many bikes stun that nice man.	Many bikes stun those nice man.	-93.5	-93.5	-10.375	-10.375	False	False	morphology	determiner_noun_agreement	Write a natural, coherent English sentence.
992	3	William hasn't investigated these fast men.	William hasn't investigated this fast men.	-93.5	-93.5	-10.375	-10.375	False	False	morphology	determiner_noun_agreement	Write a natural, coherent English sentence.
993	3	Kristin couldn't research these smooth oases.	Kristin couldn't research this smooth oases.	-114.0	-114.0	-10.375	-10.375	False	False	morphology	determiner_noun_agreement	Write a natural, coherent English sentence.
994	3	Travis arrives at these old oases.	Travis arrives at this old oases.	-93.5	-93.5	-10.375	-10.375	False	False	morphology	determiner_noun_agreement	Write a natural, coherent English sentence.
995	3	Many boys drive to this yellow oasis.	Many boys drive to these yellow oasis.	-93.5	-93.5	-10.375	-10.375	False	False	morphology	determiner_noun_agreement	Write a natural, coherent English sentence.
996	3	Danielle won't heal those unlucky people.	Danielle won't heal that unlucky people.	-124.5	-124.5	-10.375	-10.375	False	False	morphology	determiner_noun_agreement	Write a natural, coherent English sentence.
997	3	Sabrina wouldn't go to that new oasis.	Sabrina wouldn't go to those new oasis.	-135.0	-135.0	-10.375	-10.375	False	False	morphology	determiner_noun_agreement	Write a natural, coherent English sentence.
998	3	This movie theater annoys these lucky alumni.	This movie theater annoys this lucky alumni.	-124.5	-124.5	-10.375	-10.375	False	False	morphology	determiner_noun_agreement	Write a natural, coherent English sentence.
999	3	Stacy doesn't appreciate that out in the open woman.	Stacy doesn't appreciate those out in the open woman.	-135.0	-135.0	-10.375	-10.375	False	False	morphology	determiner_noun_agreement	Write a natural, coherent English sentence.
0	4	Alexander didn't walk through that new oasis.	Alexander didn't walk through those new oasis.	-114.0	-114.0	-10.375	-10.375	False	False	morphology	determiner_noun_agreement	Write a natural, coherent English sentence.
1	4	This hair irritates these old alumni.	This hair irritates this old alumni.	-104.0	-104.0	-10.375	-10.375	False	False	morphology	determiner_noun_agreement	Write a natural, coherent English sentence.
2	4	Winston Churchill was escaping from this serious person.	Winston Churchill was escaping from these serious person.	-124.5	-124.5	-10.375	-10.375	False	False	morphology	determiner_noun_agreement	Write a natural, coherent English sentence.
3	4	Anna walks through these purple oases.	Anna walks through this purple oases.	-83.0	-83.0	-10.375	-10.375	False	False	morphology	determiner_noun_agreement	Write a natural, coherent English sentence.
4	4	Alicia sounded like this good analysis.	Alicia sounded like these good analysis.	-93.5	-93.5	-10.375	-10.375	False	False	morphology	determiner_noun_agreement	Write a natural, coherent English sentence.
5	4	Jeffrey might complain about this gray thesis.	Jeffrey might complain about these gray thesis.	-93.5	-93.5	-10.375	-10.375	False	False	morphology	determiner_noun_agreement	Write a natural, coherent English sentence.
6	4	Meredith approaches these concealed women.	Meredith approaches this concealed women.	-93.5	-93.5	-10.375	-10.375	False	False	morphology	determiner_noun_agreement	Write a natural, coherent English sentence.
7	4	Julia questioned those small children.	Julia questioned that small children.	-62.25	-62.25	-10.375	-10.375	False	False	morphology	determiner_noun_agreement	Write a natural, coherent English sentence.
8	4	That adult has brought that purple octopus.	That adult has brought those purple octopus.	-104.0	-104.0	-10.375	-10.375	False	False	morphology	determiner_noun_agreement	Write a natural, coherent English sentence.
9	4	The people hug this displeased woman.	The people hug these displeased woman.	-93.5	-93.5	-10.375	-10.375	False	False	morphology	determiner_noun_agreement	Write a natural, coherent English sentence.
10	4	That beef did bore these displeased people.	That beef did bore this displeased people.	-104.0	-104.0	-10.375	-10.375	False	False	morphology	determiner_noun_agreement	Write a natural, coherent English sentence.
11	4	These libraries talk about these long synopses.	These libraries talk about this long synopses.	-104.0	-104.0	-10.375	-10.375	False	False	morphology	determiner_noun_agreement	Write a natural, coherent English sentence.
12	4	Lori wasn't hiring those delighted men.	Lori wasn't hiring that delighted men.	-104.0	-104.0	-10.375	-10.375	False	False	morphology	determiner_noun_agreement	Write a natural, coherent English sentence.
13	4	The teachers are running around this concealed oasis.	The teachers are running around these concealed oasis.	-114.0	-114.0	-10.375	-10.375	False	False	morphology	determiner_noun_agreement	Write a natural, coherent English sentence.
14	4	Those bananas embarrass these delighted people.	Those bananas embarrass this delighted people.	-83.0	-83.0	-10.375	-10.375	False	False	morphology	determiner_noun_agreement	Write a natural, coherent English sentence.
15	4	Mitchell brought those green oases.	Mitchell brought that green oases.	-72.5	-72.5	-10.375	-10.375	False	False	morphology	determiner_noun_agreement	Write a natural, coherent English sentence.
16	4	The actresses complain about this rough thesis.	The actresses complain about these rough thesis.	-93.5	-93.5	-10.375	-10.375	False	False	morphology	determiner_noun_agreement	Write a natural, coherent English sentence.
17	4	Russell investigates these fast women.	Russell investigates this fast women.	-72.5	-72.5	-10.375	-10.375	False	False	morphology	determiner_noun_agreement	Write a natural, coherent English sentence.
18	4	Irene praised those bad synopses.	Irene praised that bad synopses.	-93.5	-93.5	-10.375	-10.375	False	False	morphology	determiner_noun_agreement	Write a natural, coherent English sentence.
19	4	Denise did confuse that important woman.	Denise did confuse those important woman.	-93.5	-93.5	-10.375	-10.375	False	False	morphology	determiner_noun_agreement	Write a natural, coherent English sentence.
20	4	Some patients dislike those nice women.	Some patients dislike that nice women.	-83.0	-83.0	-10.375	-10.375	False	False	morphology	determiner_noun_agreement	Write a natural, coherent English sentence.
21	4	Amelia wasn't observing this hopeful man.	Amelia wasn't observing these hopeful man.	-124.5	-124.5	-10.375	-10.375	False	False	morphology	determiner_noun_agreement	Write a natural, coherent English sentence.
22	4	Grace is hugging these popular women.	Grace is hugging this popular women.	-83.0	-83.0	-10.375	-10.375	False	False	morphology	determiner_noun_agreement	Write a natural, coherent English sentence.
23	4	Julia might describe this long synopsis.	Julia might describe these long synopsis.	-83.0	-83.0	-10.375	-10.375	False	False	morphology	determiner_noun_agreement	Write a natural, coherent English sentence.
24	4	Many pedestrians do return to these happy men.	Many pedestrians do return to this happy men.	-114.0	-114.0	-10.375	-10.375	False	False	morphology	determiner_noun_agreement	Write a natural, coherent English sentence.
25	4	Laura noticed that determined man.	Laura noticed those determined man.	-62.25	-62.25	-10.375	-10.375	False	False	morphology	determiner_noun_agreement	Write a natural, coherent English sentence.
26	4	Julie would pass those red oases.	Julie would pass that red oases.	-83.0	-83.0	-10.375	-10.375	False	False	morphology	determiner_noun_agreement	Write a natural, coherent English sentence.
27	4	These doctors boast about this out in the open child.	These doctors boast about these out in the open child.	-124.5	-124.5	-10.375	-10.375	False	False	morphology	determiner_noun_agreement	Write a natural, coherent English sentence.
28	4	Stephen isn't revealing this brown nucleus.	Stephen isn't revealing these brown nucleus.	-104.0	-104.0	-10.375	-10.375	False	False	morphology	determiner_noun_agreement	Write a natural, coherent English sentence.
29	4	Travel stuns that sick child.	Travel stuns those sick child.	-72.5	-72.5	-10.375	-10.375	False	False	morphology	determiner_noun_agreement	Write a natural, coherent English sentence.
30	4	Amelia healed that unemployed woman.	Amelia healed those unemployed woman.	-93.5	-93.5	-10.375	-10.375	False	False	morphology	determiner_noun_agreement	Write a natural, coherent English sentence.
31	4	Noah attacks that ill child.	Noah attacks those ill child.	-62.25	-62.25	-10.375	-10.375	False	False	morphology	determiner_noun_agreement	Write a natural, coherent English sentence.
32	4	Randolf buys those gray fungi.	Randolf buys that gray fungi.	-93.5	-93.5	-10.375	-10.375	False	False	morphology	determiner_noun_agreement	Write a natural, coherent English sentence.
33	4	Some pedestrians disagreed with this big woman.	Some pedestrians disagreed with these big woman.	-114.0	-114.0	-10.375	-10.375	False	False	morphology	determiner_noun_agreement	Write a natural, coherent English sentence.
34	4	Adam might sound like these determined children.	Adam might sound like this determined children.	-83.0	-83.0	-10.375	-10.375	False	False	morphology	determiner_noun_agreement	Write a natural, coherent English sentence.
35	4	Bill has stunned this confident man.	Bill has stunned these confident man.	-83.0	-83.0	-10.375	-10.375	False	False	morphology	determiner_noun_agreement	Write a natural, coherent English sentence.
36	4	Rhonda should see these blue oases.	Rhonda should see this blue oases.	-93.5	-93.5	-10.375	-10.375	False	False	morphology	determiner_noun_agreement	Write a natural, coherent English sentence.
37	4	Stephen cares for that out in the open alumnus.	Stephen cares for those out in the open alumnus.	-124.5	-124.5	-10.375	-10.375	False	False	morphology	determiner_noun_agreement	Write a natural, coherent English sentence.
38	4	Cheryl has bought this green oasis.	Cheryl has bought these green oasis.	-93.5	-93.5	-10.375	-10.375	False	False	morphology	determiner_noun_agreement	Write a natural, coherent English sentence.
39	4	Every door annoyed this lucky child.	Every door annoyed these lucky child.	-83.0	-83.0	-10.375	-10.375	False	False	morphology	determiner_noun_agreement	Write a natural, coherent English sentence.
40	4	Gerald cures that unlucky child.	Gerald cures those unlucky child.	-104.0	-104.0	-10.375	-10.375	False	False	morphology	determiner_noun_agreement	Write a natural, coherent English sentence.
41	4	Eyes weren't worrying this troubled child.	Eyes weren't worrying these troubled child.	-114.0	-114.0	-10.375	-10.375	False	False	morphology	determiner_noun_agreement	Write a natural, coherent English sentence.
42	4	Michael isn't referencing this long synopsis.	Michael isn't referencing these long synopsis.	-114.0	-114.0	-10.375	-10.375	False	False	morphology	determiner_noun_agreement	Write a natural, coherent English sentence.
43	4	Robert insults this serious man.	Robert insults these serious man.	-72.5	-72.5	-10.375	-10.375	False	False	morphology	determiner_noun_agreement	Write a natural, coherent English sentence.
44	4	Waitresses describe that smart alumnus.	Waitresses describe those smart alumnus.	-104.0	-104.0	-10.375	-10.375	False	False	morphology	determiner_noun_agreement	Write a natural, coherent English sentence.
45	4	Dan doesn't respect this unemployed alumnus.	Dan doesn't respect these unemployed alumnus.	-124.5	-124.5	-10.375	-10.375	False	False	morphology	determiner_noun_agreement	Write a natural, coherent English sentence.
46	4	Eric has upset those scared people.	Eric has upset that scared people.	-72.5	-72.5	-10.375	-10.375	False	False	morphology	determiner_noun_agreement	Write a natural, coherent English sentence.
47	4	Sabrina was biking to this exposed oasis.	Sabrina was biking to these exposed oasis.	-124.5	-124.5	-10.375	-10.375	False	False	morphology	determiner_noun_agreement	Write a natural, coherent English sentence.
48	4	Edward can't think about these exposed mice.	Edward can't think about this exposed mice.	-114.0	-114.0	-10.375	-10.375	False	False	morphology	determiner_noun_agreement	Write a natural, coherent English sentence.
49	4	Phillip listened to this standing alumnus.	Phillip listened to these standing alumnus.	-104.0	-104.0	-10.375	-10.375	False	False	morphology	determiner_noun_agreement	Write a natural, coherent English sentence.
50	4	Those men skate around this small oasis.	Those men skate around these small oasis.	-104.0	-104.0	-10.375	-10.375	False	False	morphology	determiner_noun_agreement	Write a natural, coherent English sentence.
51	4	Rhonda could think about those content children.	Rhonda could think about that content children.	-93.5	-93.5	-10.375	-10.375	False	False	morphology	determiner_noun_agreement	Write a natural, coherent English sentence.
52	4	Melissa had remembered that unsure person.	Melissa had remembered those unsure person.	-93.5	-93.5	-10.375	-10.375	False	False	morphology	determiner_noun_agreement	Write a natural, coherent English sentence.
53	4	The students talk about this upset person.	The students talk about these upset person.	-83.0	-83.0	-10.375	-10.375	False	False	morphology	determiner_noun_agreement	Write a natural, coherent English sentence.
54	4	Leslie insults those upset alumni.	Leslie insults that upset alumni.	-103.5	-103.5	-10.375	-10.375	False	False	morphology	determiner_noun_agreement	Write a natural, coherent English sentence.
55	4	Hats distract this ill man.	Hats distract these ill man.	-72.5	-72.5	-10.375	-10.375	False	False	morphology	determiner_noun_agreement	Write a natural, coherent English sentence.
56	4	Dawn sounded like this determined child.	Dawn sounded like these determined child.	-83.0	-83.0	-10.375	-10.375	False	False	morphology	determiner_noun_agreement	Write a natural, coherent English sentence.
57	4	Carl had run around that brown oasis.	Carl had run around those brown oasis.	-93.5	-93.5	-10.375	-10.375	False	False	morphology	determiner_noun_agreement	Write a natural, coherent English sentence.
58	4	Anna criticizes these concealed children.	Anna criticizes this concealed children.	-83.0	-83.0	-10.375	-10.375	False	False	morphology	determiner_noun_agreement	Write a natural, coherent English sentence.
59	4	The waiter might criticize that unemployed man.	The waiter might criticize those unemployed man.	-114.0	-114.0	-10.375	-10.375	False	False	morphology	determiner_noun_agreement	Write a natural, coherent English sentence.
60	4	Tracy was investigating this troubled alumnus.	Tracy was investigating these troubled alumnus.	-124.5	-124.5	-10.375	-10.375	False	False	morphology	determiner_noun_agreement	Write a natural, coherent English sentence.
61	4	These newspaper articles astound this clever child.	These newspaper articles astound these clever child.	-93.5	-93.5	-10.375	-10.375	False	False	morphology	determiner_noun_agreement	Write a natural, coherent English sentence.
62	4	Dana hadn't attacked this small man.	Dana hadn't attacked these small man.	-104.0	-104.0	-10.375	-10.375	False	False	morphology	determiner_noun_agreement	Write a natural, coherent English sentence.
63	4	Curtis wasn't breaking those hard teeth.	Curtis wasn't breaking that hard teeth.	-104.0	-104.0	-10.375	-10.375	False	False	morphology	determiner_noun_agreement	Write a natural, coherent English sentence.
64	4	All customers attack this employed alumnus.	All customers attack these employed alumnus.	-93.5	-93.5	-10.375	-10.375	False	False	morphology	determiner_noun_agreement	Write a natural, coherent English sentence.
65	4	Most ladies go to those purple oases.	Most ladies go to that purple oases.	-93.5	-93.5	-10.375	-10.375	False	False	morphology	determiner_noun_agreement	Write a natural, coherent English sentence.
66	4	A dancer tours that blue oasis.	A dancer tours those blue oasis.	-93.5	-93.5	-10.375	-10.375	False	False	morphology	determiner_noun_agreement	Write a natural, coherent English sentence.
67	4	Steven irritated this unconvinced woman.	Steven irritated these unconvinced woman.	-104.0	-104.0	-10.375	-10.375	False	False	morphology	determiner_noun_agreement	Write a natural, coherent English sentence.
68	4	Tara wasn't helping that sick man.	Tara wasn't helping those sick man.	-104.0	-104.0	-10.375	-10.375	False	False	morphology	determiner_noun_agreement	Write a natural, coherent English sentence.
69	4	The dancers aren't cleaning that smooth fungus.	The dancers aren't cleaning those smooth fungus.	-135.0	-135.0	-10.375	-10.375	False	False	morphology	determiner_noun_agreement	Write a natural, coherent English sentence.
70	4	Melissa had talked about these white theses.	Melissa had talked about this white theses.	-104.0	-104.0	-10.375	-10.375	False	False	morphology	determiner_noun_agreement	Write a natural, coherent English sentence.
71	4	The man isn't watching those upset men.	The man isn't watching that upset men.	-104.0	-104.0	-10.375	-10.375	False	False	morphology	determiner_noun_agreement	Write a natural, coherent English sentence.
72	4	Sabrina won't worry this out in the open person.	Sabrina won't worry these out in the open person.	-145.0	-145.0	-10.375	-10.375	False	False	morphology	determiner_noun_agreement	Write a natural, coherent English sentence.
73	4	Every bird embarrassed these unemployed men.	Every bird embarrassed this unemployed men.	-83.0	-83.0	-10.375	-10.375	False	False	morphology	determiner_noun_agreement	Write a natural, coherent English sentence.
74	4	The Borgias drive to that small oasis.	The Borgias drive to those small oasis.	-114.0	-114.0	-10.375	-10.375	False	False	morphology	determiner_noun_agreement	Write a natural, coherent English sentence.
75	4	Bradley likes these brown fungi.	Bradley likes this brown fungi.	-83.0	-83.0	-10.375	-10.375	False	False	morphology	determiner_noun_agreement	Write a natural, coherent English sentence.
76	4	Most guys go to that black oasis.	Most guys go to those black oasis.	-93.5	-93.5	-10.375	-10.375	False	False	morphology	determiner_noun_agreement	Write a natural, coherent English sentence.
77	4	A pedestrian hadn't approached these hopeful women.	A pedestrian hadn't approached this hopeful women.	-124.5	-124.5	-10.375	-10.375	False	False	morphology	determiner_noun_agreement	Write a natural, coherent English sentence.
78	4	Some senators aren't healing this unemployed alumnus.	Some senators aren't healing these unemployed alumnus.	-145.0	-145.0	-10.375	-10.375	False	False	morphology	determiner_noun_agreement	Write a natural, coherent English sentence.
79	4	That cart wasn't stunning these exposed men.	That cart wasn't stunning this exposed men.	-104.0	-104.0	-10.375	-10.375	False	False	morphology	determiner_noun_agreement	Write a natural, coherent English sentence.
80	4	Joel can think about this smart man.	Joel can think about these smart man.	-83.0	-83.0	-10.375	-10.375	False	False	morphology	determiner_noun_agreement	Write a natural, coherent English sentence.
81	4	Those prints disgust those good people.	Those prints disgust that good people.	-72.5	-72.5	-10.375	-10.375	False	False	morphology	determiner_noun_agreement	Write a natural, coherent English sentence.
82	4	Beverly hadn't passed these yellow oases.	Beverly hadn't passed this yellow oases.	-114.0	-114.0	-10.375	-10.375	False	False	morphology	determiner_noun_agreement	Write a natural, coherent English sentence.
83	4	A lot of prints irritate this unconvinced woman.	A lot of prints irritate these unconvinced woman.	-135.0	-135.0	-10.375	-10.375	False	False	morphology	determiner_noun_agreement	Write a natural, coherent English sentence.
84	4	Many customers hire those standing alumni.	Many customers hire that standing alumni.	-93.5	-93.5	-10.375	-10.375	False	False	morphology	determiner_noun_agreement	Write a natural, coherent English sentence.
85	4	Some rug isn't irritating that nice woman.	Some rug isn't irritating those nice woman.	-114.0	-114.0	-10.375	-10.375	False	False	morphology	determiner_noun_agreement	Write a natural, coherent English sentence.
86	4	Jill embarrassed those busy men.	Jill embarrassed that busy men.	-72.5	-72.5	-10.375	-10.375	False	False	morphology	determiner_noun_agreement	Write a natural, coherent English sentence.
87	4	Most sketches could hurt this uncertain person.	Most sketches could hurt these uncertain person.	-104.0	-104.0	-10.375	-10.375	False	False	morphology	determiner_noun_agreement	Write a natural, coherent English sentence.
88	4	Patricia lifted those purple feet.	Patricia lifted that purple feet.	-83.0	-83.0	-10.375	-10.375	False	False	morphology	determiner_noun_agreement	Write a natural, coherent English sentence.
89	4	The girls sell this hard fungus.	The girls sell these hard fungus.	-93.5	-93.5	-10.375	-10.375	False	False	morphology	determiner_noun_agreement	Write a natural, coherent English sentence.
90	4	Nicole has seen this yellow cactus.	Nicole has seen these yellow cactus.	-93.5	-93.5	-10.375	-10.375	False	False	morphology	determiner_noun_agreement	Write a natural, coherent English sentence.
91	4	Sharon could arrive at those big oases.	Sharon could arrive at that big oases.	-104.0	-104.0	-10.375	-10.375	False	False	morphology	determiner_noun_agreement	Write a natural, coherent English sentence.
92	4	This cashier can fire that good woman.	This cashier can fire those good woman.	-93.5	-93.5	-10.375	-10.375	False	False	morphology	determiner_noun_agreement	Write a natural, coherent English sentence.
93	4	Raymond left those scared children.	Raymond left that scared children.	-62.25	-62.25	-10.375	-10.375	False	False	morphology	determiner_noun_agreement	Write a natural, coherent English sentence.
94	4	Noah could discuss that clever person.	Noah could discuss those clever person.	-72.5	-72.5	-10.375	-10.375	False	False	morphology	determiner_noun_agreement	Write a natural, coherent English sentence.
95	4	Rachelle knew that concealed woman.	Rachelle knew those concealed woman.	-83.0	-83.0	-10.375	-10.375	False	False	morphology	determiner_noun_agreement	Write a natural, coherent English sentence.
96	4	Dawn hasn't cured those gray oxen.	Dawn hasn't cured that gray oxen.	-124.5	-124.5	-10.375	-10.375	False	False	morphology	determiner_noun_agreement	Write a natural, coherent English sentence.
97	4	The Great Lakes haven't disgusted those out in the open people.	The Great Lakes haven't disgusted that out in the open people.	-166.0	-166.0	-10.375	-10.375	False	False	morphology	determiner_noun_agreement	Write a natural, coherent English sentence.
98	4	Wayne doesn't exit those cheap oases.	Wayne doesn't exit that cheap oases.	-104.0	-104.0	-10.375	-10.375	False	False	morphology	determiner_noun_agreement	Write a natural, coherent English sentence.
99	4	These waitresses haven't astounded this fast woman.	These waitresses haven't astounded these fast woman.	-145.0	-145.0	-10.375	-10.375	False	False	morphology	determiner_noun_agreement	Write a natural, coherent English sentence.
100	4	Patrick hasn't lifted this out in the open cactus.	Patrick hasn't lifted these out in the open cactus.	-145.0	-145.0	-10.375	-10.375	False	False	morphology	determiner_noun_agreement	Write a natural, coherent English sentence.
101	4	Angela isn't embarrassing those excited children.	Angela isn't embarrassing that excited children.	-104.0	-104.0	-10.375	-10.375	False	False	morphology	determiner_noun_agreement	Write a natural, coherent English sentence.
102	4	Jennifer hasn't criticized this smart man.	Jennifer hasn't criticized these smart man.	-104.0	-104.0	-10.375	-10.375	False	False	morphology	determiner_noun_agreement	Write a natural, coherent English sentence.
103	4	April watched this big person.	April watched these big person.	-62.25	-62.25	-10.375	-10.375	False	False	morphology	determiner_noun_agreement	Write a natural, coherent English sentence.
104	4	Candice hadn't bothered that serious alumnus.	Candice hadn't bothered those serious alumnus.	-124.5	-124.5	-10.375	-10.375	False	False	morphology	determiner_noun_agreement	Write a natural, coherent English sentence.
105	4	The Clintons observe those happy women.	The Clintons observe that happy women.	-93.5	-93.5	-10.375	-10.375	False	False	morphology	determiner_noun_agreement	Write a natural, coherent English sentence.
106	4	The Clintons observe this excited man.	The Clintons observe these excited man.	-93.5	-93.5	-10.375	-10.375	False	False	morphology	determiner_noun_agreement	Write a natural, coherent English sentence.
107	4	Associations were listening to that unlucky child.	Associations were listening to those unlucky child.	-114.0	-114.0	-10.375	-10.375	False	False	morphology	determiner_noun_agreement	Write a natural, coherent English sentence.
108	4	Those committees discussed that busy woman.	Those committees discussed those busy woman.	-93.5	-93.5	-10.375	-10.375	False	False	morphology	determiner_noun_agreement	Write a natural, coherent English sentence.
109	4	Debra isn't discussing that good analysis.	Debra isn't discussing those good analysis.	-104.0	-104.0	-10.375	-10.375	False	False	morphology	determiner_noun_agreement	Write a natural, coherent English sentence.
110	4	The drawing distracts this lucky woman.	The drawing distracts these lucky woman.	-83.0	-83.0	-10.375	-10.375	False	False	morphology	determiner_noun_agreement	Write a natural, coherent English sentence.
111	4	Holly couldn't dislike this exposed child.	Holly couldn't dislike these exposed child.	-104.0	-104.0	-10.375	-10.375	False	False	morphology	determiner_noun_agreement	Write a natural, coherent English sentence.
112	4	Angela examines that good synopsis.	Angela examines those good synopsis.	-83.0	-83.0	-10.375	-10.375	False	False	morphology	determiner_noun_agreement	Write a natural, coherent English sentence.
113	4	These skateboards aggravate that lucky woman.	These skateboards aggravate those lucky woman.	-114.0	-114.0	-10.375	-10.375	False	False	morphology	determiner_noun_agreement	Write a natural, coherent English sentence.
114	4	Some play alarms those small women.	Some play alarms that small women.	-83.0	-83.0	-10.375	-10.375	False	False	morphology	determiner_noun_agreement	Write a natural, coherent English sentence.
115	4	Students investigate these nice men.	Students investigate this nice men.	-62.25	-62.25	-10.375	-10.375	False	False	morphology	determiner_noun_agreement	Write a natural, coherent English sentence.
116	4	Tanya wasn't shocking that busy child.	Tanya wasn't shocking those busy child.	-114.0	-114.0	-10.375	-10.375	False	False	morphology	determiner_noun_agreement	Write a natural, coherent English sentence.
117	4	Brett has boasted about this nice person.	Brett has boasted about these nice person.	-104.0	-104.0	-10.375	-10.375	False	False	morphology	determiner_noun_agreement	Write a natural, coherent English sentence.
118	4	Jennifer described that hidden woman.	Jennifer described those hidden woman.	-62.25	-62.25	-10.375	-10.375	False	False	morphology	determiner_noun_agreement	Write a natural, coherent English sentence.
119	4	Winston Churchill passed these red oases.	Winston Churchill passed this red oases.	-104.0	-104.0	-10.375	-10.375	False	False	morphology	determiner_noun_agreement	Write a natural, coherent English sentence.
120	4	Some mirror could scare this nice woman.	Some mirror could scare these nice woman.	-93.5	-93.5	-10.375	-10.375	False	False	morphology	determiner_noun_agreement	Write a natural, coherent English sentence.
121	4	Caroline hadn't fired that scared alumnus.	Caroline hadn't fired those scared alumnus.	-114.0	-114.0	-10.375	-10.375	False	False	morphology	determiner_noun_agreement	Write a natural, coherent English sentence.
122	4	Edward wasn't referencing that displeased woman.	Edward wasn't referencing those displeased woman.	-124.5	-124.5	-10.375	-10.375	False	False	morphology	determiner_noun_agreement	Write a natural, coherent English sentence.
123	4	Many teachers clean these cheap teeth.	Many teachers clean this cheap teeth.	-72.5	-72.5	-10.375	-10.375	False	False	morphology	determiner_noun_agreement	Write a natural, coherent English sentence.
124	4	Wayne might remember these new oases.	Wayne might remember this new oases.	-83.0	-83.0	-10.375	-10.375	False	False	morphology	determiner_noun_agreement	Write a natural, coherent English sentence.
125	4	Some high school alarms this determined man.	Some high school alarms these determined man.	-93.5	-93.5	-10.375	-10.375	False	False	morphology	determiner_noun_agreement	Write a natural, coherent English sentence.
126	4	Vincent had returned to these out in the open oases.	Vincent had returned to this out in the open oases.	-124.5	-124.5	-10.375	-10.375	False	False	morphology	determiner_noun_agreement	Write a natural, coherent English sentence.
127	4	Marla hired this standing child.	Marla hired these standing child.	-72.5	-72.5	-10.375	-10.375	False	False	morphology	determiner_noun_agreement	Write a natural, coherent English sentence.
128	4	Some cucumber has upset those ill men.	Some cucumber has upset that ill men.	-104.0	-104.0	-10.375	-10.375	False	False	morphology	determiner_noun_agreement	Write a natural, coherent English sentence.
129	4	Russell hasn't kissed this content man.	Russell hasn't kissed these content man.	-93.5	-93.5	-10.375	-10.375	False	False	morphology	determiner_noun_agreement	Write a natural, coherent English sentence.
130	4	Guy has left this determined man.	Guy has left these determined man.	-72.5	-72.5	-10.375	-10.375	False	False	morphology	determiner_noun_agreement	Write a natural, coherent English sentence.
131	4	The Lutherans listen to these employed women.	The Lutherans listen to this employed women.	-93.5	-93.5	-10.375	-10.375	False	False	morphology	determiner_noun_agreement	Write a natural, coherent English sentence.
132	4	Candice disliked these bad analyses.	Candice disliked this bad analyses.	-104.0	-104.0	-10.375	-10.375	False	False	morphology	determiner_noun_agreement	Write a natural, coherent English sentence.
133	4	Many women heal these lost geese.	Many women heal this lost geese.	-83.0	-83.0	-10.375	-10.375	False	False	morphology	determiner_noun_agreement	Write a natural, coherent English sentence.
134	4	Wayne has remembered these smart people.	Wayne has remembered this smart people.	-72.5	-72.5	-10.375	-10.375	False	False	morphology	determiner_noun_agreement	Write a natural, coherent English sentence.
135	4	This teenager had dropped by these white oases.	This teenager had dropped by this white oases.	-104.0	-104.0	-10.375	-10.375	False	False	morphology	determiner_noun_agreement	Write a natural, coherent English sentence.
136	4	Eva has exited those smooth oases.	Eva has exited that smooth oases.	-93.5	-93.5	-10.375	-10.375	False	False	morphology	determiner_noun_agreement	Write a natural, coherent English sentence.
137	4	Cheryl wouldn't aggravate that bad person.	Cheryl wouldn't aggravate those bad person.	-124.5	-124.5	-10.375	-10.375	False	False	morphology	determiner_noun_agreement	Write a natural, coherent English sentence.
138	4	Katherine hadn't shocked those young children.	Katherine hadn't shocked that young children.	-104.0	-104.0	-10.375	-10.375	False	False	morphology	determiner_noun_agreement	Write a natural, coherent English sentence.
139	4	The student loves these troubled people.	The student loves this troubled people.	-83.0	-83.0	-10.375	-10.375	False	False	morphology	determiner_noun_agreement	Write a natural, coherent English sentence.
140	4	Tracy cared for those smart alumni.	Tracy cared for that smart alumni.	-104.0	-104.0	-10.375	-10.375	False	False	morphology	determiner_noun_agreement	Write a natural, coherent English sentence.
141	4	Guys return to these small oases.	Guys return to this small oases.	-93.5	-93.5	-10.375	-10.375	False	False	morphology	determiner_noun_agreement	Write a natural, coherent English sentence.
142	4	Marcus won't bike to this white oasis.	Marcus won't bike to these white oasis.	-114.0	-114.0	-10.375	-10.375	False	False	morphology	determiner_noun_agreement	Write a natural, coherent English sentence.
143	4	Eggplants impressed these unconvinced alumni.	Eggplants impressed this unconvinced alumni.	-145.0	-145.0	-10.375	-10.375	False	False	morphology	determiner_noun_agreement	Write a natural, coherent English sentence.
144	4	A turtle has bored those troubled children.	A turtle has bored that troubled children.	-114.0	-114.0	-10.375	-10.375	False	False	morphology	determiner_noun_agreement	Write a natural, coherent English sentence.
145	4	The adults were taking those old teeth.	The adults were taking that old teeth.	-83.0	-83.0	-10.375	-10.375	False	False	morphology	determiner_noun_agreement	Write a natural, coherent English sentence.
146	4	Alan wasn't returning to those blue oases.	Alan wasn't returning to that blue oases.	-114.0	-114.0	-10.375	-10.375	False	False	morphology	determiner_noun_agreement	Write a natural, coherent English sentence.
147	4	Theodore had lifted this rough cactus.	Theodore had lifted these rough cactus.	-104.0	-104.0	-10.375	-10.375	False	False	morphology	determiner_noun_agreement	Write a natural, coherent English sentence.
148	4	Joel isn't praising those good synopses.	Joel isn't praising that good synopses.	-124.5	-124.5	-10.375	-10.375	False	False	morphology	determiner_noun_agreement	Write a natural, coherent English sentence.
149	4	The pedestrian knows these standing women.	The pedestrian knows this standing women.	-83.0	-83.0	-10.375	-10.375	False	False	morphology	determiner_noun_agreement	Write a natural, coherent English sentence.
150	4	Some museums forget that good analysis.	Some museums forget those good analysis.	-83.0	-83.0	-10.375	-10.375	False	False	morphology	determiner_noun_agreement	Write a natural, coherent English sentence.
151	4	The Clintons might clean that lost fungus.	The Clintons might clean those lost fungus.	-124.5	-124.5	-10.375	-10.375	False	False	morphology	determiner_noun_agreement	Write a natural, coherent English sentence.
152	4	Mary is bothering these out in the open children.	Mary is bothering this out in the open children.	-114.0	-114.0	-10.375	-10.375	False	False	morphology	determiner_noun_agreement	Write a natural, coherent English sentence.
153	4	Many customers sell that lost ox.	Many customers sell those lost ox.	-72.5	-72.5	-10.375	-10.375	False	False	morphology	determiner_noun_agreement	Write a natural, coherent English sentence.
154	4	These waitresses praise these troubled men.	These waitresses praise this troubled men.	-104.0	-104.0	-10.375	-10.375	False	False	morphology	determiner_noun_agreement	Write a natural, coherent English sentence.
155	4	Many men didn't admire that nice person.	Many men didn't admire those nice person.	-114.0	-114.0	-10.375	-10.375	False	False	morphology	determiner_noun_agreement	Write a natural, coherent English sentence.
156	4	Jesus ran around this exposed oasis.	Jesus ran around these exposed oasis.	-83.0	-83.0	-10.375	-10.375	False	False	morphology	determiner_noun_agreement	Write a natural, coherent English sentence.
157	4	Many customers talk about that delighted child.	Many customers talk about those delighted child.	-83.0	-83.0	-10.375	-10.375	False	False	morphology	determiner_noun_agreement	Write a natural, coherent English sentence.
158	4	Drawings had disgusted this small woman.	Drawings had disgusted these small woman.	-93.5	-93.5	-10.375	-10.375	False	False	morphology	determiner_noun_agreement	Write a natural, coherent English sentence.
159	4	Colleen did care for that good man.	Colleen did care for those good man.	-93.5	-93.5	-10.375	-10.375	False	False	morphology	determiner_noun_agreement	Write a natural, coherent English sentence.
160	4	Marcus admired those exposed geese.	Marcus admired that exposed geese.	-83.0	-83.0	-10.375	-10.375	False	False	morphology	determiner_noun_agreement	Write a natural, coherent English sentence.
161	4	Randolf has noticed this clean foot.	Randolf has noticed these clean foot.	-83.0	-83.0	-10.375	-10.375	False	False	morphology	determiner_noun_agreement	Write a natural, coherent English sentence.
162	4	Craig could listen to that determined man.	Craig could listen to those determined man.	-83.0	-83.0	-10.375	-10.375	False	False	morphology	determiner_noun_agreement	Write a natural, coherent English sentence.
163	4	Movies stunned this small man.	Movies stunned these small man.	-83.0	-83.0	-10.375	-10.375	False	False	morphology	determiner_noun_agreement	Write a natural, coherent English sentence.
164	4	Timothy buys this rough ox.	Timothy buys these rough ox.	-83.0	-83.0	-10.375	-10.375	False	False	morphology	determiner_noun_agreement	Write a natural, coherent English sentence.
165	4	Some women go to those red oases.	Some women go to that red oases.	-93.5	-93.5	-10.375	-10.375	False	False	morphology	determiner_noun_agreement	Write a natural, coherent English sentence.
166	4	Ruth fixed this clean tooth.	Ruth fixed these clean tooth.	-62.25	-62.25	-10.375	-10.375	False	False	morphology	determiner_noun_agreement	Write a natural, coherent English sentence.
167	4	Monica is boring those clever men.	Monica is boring that clever men.	-83.0	-83.0	-10.375	-10.375	False	False	morphology	determiner_noun_agreement	Write a natural, coherent English sentence.
168	4	Janice knows these hidden alumni.	Janice knows this hidden alumni.	-93.5	-93.5	-10.375	-10.375	False	False	morphology	determiner_noun_agreement	Write a natural, coherent English sentence.
169	4	Spain insults this delighted alumnus.	Spain insults these delighted alumnus.	-93.5	-93.5	-10.375	-10.375	False	False	morphology	determiner_noun_agreement	Write a natural, coherent English sentence.
170	4	Some planes bore that displeased child.	Some planes bore those displeased child.	-93.5	-93.5	-10.375	-10.375	False	False	morphology	determiner_noun_agreement	Write a natural, coherent English sentence.
171	4	Dishes should upset these happy men.	Dishes should upset this happy men.	-83.0	-83.0	-10.375	-10.375	False	False	morphology	determiner_noun_agreement	Write a natural, coherent English sentence.
172	4	That painting looked like these yellow stimuli.	That painting looked like this yellow stimuli.	-93.5	-93.5	-10.375	-10.375	False	False	morphology	determiner_noun_agreement	Write a natural, coherent English sentence.
173	4	Amy shocked that content man.	Amy shocked those content man.	-62.25	-62.25	-10.375	-10.375	False	False	morphology	determiner_noun_agreement	Write a natural, coherent English sentence.
174	4	Melinda hasn't hidden this determined woman.	Melinda hasn't hidden these determined woman.	-104.0	-104.0	-10.375	-10.375	False	False	morphology	determiner_noun_agreement	Write a natural, coherent English sentence.
175	4	Caroline did drive to this brown oasis.	Caroline did drive to these brown oasis.	-93.5	-93.5	-10.375	-10.375	False	False	morphology	determiner_noun_agreement	Write a natural, coherent English sentence.
176	4	That rice disturbed those smart alumni.	That rice disturbed that smart alumni.	-104.0	-104.0	-10.375	-10.375	False	False	morphology	determiner_noun_agreement	Write a natural, coherent English sentence.
177	4	Brian will examine these long analyses.	Brian will examine this long analyses.	-83.0	-83.0	-10.375	-10.375	False	False	morphology	determiner_noun_agreement	Write a natural, coherent English sentence.
178	4	Mark dislikes this uncertain child.	Mark dislikes these uncertain child.	-83.0	-83.0	-10.375	-10.375	False	False	morphology	determiner_noun_agreement	Write a natural, coherent English sentence.
179	4	Rose was returning to these out in the open children.	Rose was returning to this out in the open children.	-114.0	-114.0	-10.375	-10.375	False	False	morphology	determiner_noun_agreement	Write a natural, coherent English sentence.
180	4	The guest has fixed this red tooth.	The guest has fixed these red tooth.	-83.0	-83.0	-10.375	-10.375	False	False	morphology	determiner_noun_agreement	Write a natural, coherent English sentence.
181	4	Jennifer is breaking this big tooth.	Jennifer is breaking these big tooth.	-72.5	-72.5	-10.375	-10.375	False	False	morphology	determiner_noun_agreement	Write a natural, coherent English sentence.
182	4	Sabrina isn't referencing these red theses.	Sabrina isn't referencing this red theses.	-135.0	-135.0	-10.375	-10.375	False	False	morphology	determiner_noun_agreement	Write a natural, coherent English sentence.
183	4	Valerie hadn't exited that exposed oasis.	Valerie hadn't exited those exposed oasis.	-124.5	-124.5	-10.375	-10.375	False	False	morphology	determiner_noun_agreement	Write a natural, coherent English sentence.
184	4	Every restaurant had worried this hidden child.	Every restaurant had worried these hidden child.	-83.0	-83.0	-10.375	-10.375	False	False	morphology	determiner_noun_agreement	Write a natural, coherent English sentence.
185	4	A woman was examining those long synopses.	A woman was examining that long synopses.	-114.0	-114.0	-10.375	-10.375	False	False	morphology	determiner_noun_agreement	Write a natural, coherent English sentence.
186	4	All actresses approach that content man.	All actresses approach those content man.	-83.0	-83.0	-10.375	-10.375	False	False	morphology	determiner_noun_agreement	Write a natural, coherent English sentence.
187	4	Sarah cleaned those yellow feet.	Sarah cleaned that yellow feet.	-62.25	-62.25	-10.375	-10.375	False	False	morphology	determiner_noun_agreement	Write a natural, coherent English sentence.
188	4	Margaret tours those black oases.	Margaret tours that black oases.	-72.5	-72.5	-10.375	-10.375	False	False	morphology	determiner_noun_agreement	Write a natural, coherent English sentence.
189	4	Rachel wasn't messing up this clean foot.	Rachel wasn't messing up these clean foot.	-114.0	-114.0	-10.375	-10.375	False	False	morphology	determiner_noun_agreement	Write a natural, coherent English sentence.
190	4	The Lutherans go to that old oasis.	The Lutherans go to those old oasis.	-104.0	-104.0	-10.375	-10.375	False	False	morphology	determiner_noun_agreement	Write a natural, coherent English sentence.
191	4	The lamps shock those hidden alumni.	The lamps shock that hidden alumni.	-104.0	-104.0	-10.375	-10.375	False	False	morphology	determiner_noun_agreement	Write a natural, coherent English sentence.
192	4	Claire conceals those small stimuli.	Claire conceals that small stimuli.	-83.0	-83.0	-10.375	-10.375	False	False	morphology	determiner_noun_agreement	Write a natural, coherent English sentence.
193	4	Most documentaries annoy that busy person.	Most documentaries annoy those busy person.	-83.0	-83.0	-10.375	-10.375	False	False	morphology	determiner_noun_agreement	Write a natural, coherent English sentence.
194	4	Pamela shouldn't return to those exposed men.	Pamela shouldn't return to that exposed men.	-114.0	-114.0	-10.375	-10.375	False	False	morphology	determiner_noun_agreement	Write a natural, coherent English sentence.
195	4	That person couldn't arrive at that purple oasis.	That person couldn't arrive at those purple oasis.	-124.5	-124.5	-10.375	-10.375	False	False	morphology	determiner_noun_agreement	Write a natural, coherent English sentence.
196	4	Alicia won't admire those big nuclei.	Alicia won't admire that big nuclei.	-135.0	-135.0	-10.375	-10.375	False	False	morphology	determiner_noun_agreement	Write a natural, coherent English sentence.
197	4	Curtis arrived at that red oasis.	Curtis arrived at those red oasis.	-93.5	-93.5	-10.375	-10.375	False	False	morphology	determiner_noun_agreement	Write a natural, coherent English sentence.
198	4	People investigate that smart man.	People investigate those smart man.	-62.25	-62.25	-10.375	-10.375	False	False	morphology	determiner_noun_agreement	Write a natural, coherent English sentence.
199	4	Some boys hire these content alumni.	Some boys hire this content alumni.	-93.5	-93.5	-10.375	-10.375	False	False	morphology	determiner_noun_agreement	Write a natural, coherent English sentence.
200	4	Leslie found these brown feet.	Leslie found this brown feet.	-72.5	-72.5	-10.375	-10.375	False	False	morphology	determiner_noun_agreement	Write a natural, coherent English sentence.
201	4	Alexander was firing that displeased woman.	Alexander was firing those displeased woman.	-93.5	-93.5	-10.375	-10.375	False	False	morphology	determiner_noun_agreement	Write a natural, coherent English sentence.
202	4	Florence hasn't argued about those confident children.	Florence hasn't argued about that confident children.	-104.0	-104.0	-10.375	-10.375	False	False	morphology	determiner_noun_agreement	Write a natural, coherent English sentence.
203	4	That adult hadn't complained about that exposed man.	That adult hadn't complained about those exposed man.	-114.0	-114.0	-10.375	-10.375	False	False	morphology	determiner_noun_agreement	Write a natural, coherent English sentence.
204	4	Larry works with these scared women.	Larry works with this scared women.	-72.5	-72.5	-10.375	-10.375	False	False	morphology	determiner_noun_agreement	Write a natural, coherent English sentence.
205	4	Kathleen leaves this old child.	Kathleen leaves these old child.	-72.5	-72.5	-10.375	-10.375	False	False	morphology	determiner_noun_agreement	Write a natural, coherent English sentence.
206	4	The actresses weren't watching these scared people.	The actresses weren't watching this scared people.	-114.0	-114.0	-10.375	-10.375	False	False	morphology	determiner_noun_agreement	Write a natural, coherent English sentence.
207	4	Derek isn't escaping from these blue oases.	Derek isn't escaping from this blue oases.	-135.0	-135.0	-10.375	-10.375	False	False	morphology	determiner_noun_agreement	Write a natural, coherent English sentence.
208	4	Naomi isn't talking about that cheap oasis.	Naomi isn't talking about those cheap oasis.	-124.5	-124.5	-10.375	-10.375	False	False	morphology	determiner_noun_agreement	Write a natural, coherent English sentence.
209	4	These guests hate these troubled men.	These guests hate this troubled men.	-83.0	-83.0	-10.375	-10.375	False	False	morphology	determiner_noun_agreement	Write a natural, coherent English sentence.
210	4	Patricia wasn't hiring those small children.	Patricia wasn't hiring that small children.	-114.0	-114.0	-10.375	-10.375	False	False	morphology	determiner_noun_agreement	Write a natural, coherent English sentence.
211	4	All stairs weren't alarming that lucky woman.	All stairs weren't alarming those lucky woman.	-114.0	-114.0	-10.375	-10.375	False	False	morphology	determiner_noun_agreement	Write a natural, coherent English sentence.
212	4	Many drivers left that confident alumnus.	Many drivers left those confident alumnus.	-93.5	-93.5	-10.375	-10.375	False	False	morphology	determiner_noun_agreement	Write a natural, coherent English sentence.
213	4	Every skirt disgusts these smart children.	Every skirt disgusts this smart children.	-83.0	-83.0	-10.375	-10.375	False	False	morphology	determiner_noun_agreement	Write a natural, coherent English sentence.
214	4	Valerie has astounded that lost alumnus.	Valerie has astounded those lost alumnus.	-124.5	-124.5	-10.375	-10.375	False	False	morphology	determiner_noun_agreement	Write a natural, coherent English sentence.
215	4	Sonia should describe this determined child.	Sonia should describe these determined child.	-83.0	-83.0	-10.375	-10.375	False	False	morphology	determiner_noun_agreement	Write a natural, coherent English sentence.
216	4	A lot of lakes weren't disgusting that old person.	A lot of lakes weren't disgusting those old person.	-145.0	-145.0	-10.375	-10.375	False	False	morphology	determiner_noun_agreement	Write a natural, coherent English sentence.
217	4	Some pants hadn't aggravated that good woman.	Some pants hadn't aggravated those good woman.	-124.5	-124.5	-10.375	-10.375	False	False	morphology	determiner_noun_agreement	Write a natural, coherent English sentence.
218	4	Anne does return to that old woman.	Anne does return to those old woman.	-83.0	-83.0	-10.375	-10.375	False	False	morphology	determiner_noun_agreement	Write a natural, coherent English sentence.
219	4	Alan wasn't listening to that delighted person.	Alan wasn't listening to those delighted person.	-104.0	-104.0	-10.375	-10.375	False	False	morphology	determiner_noun_agreement	Write a natural, coherent English sentence.
220	4	Some icicles annoy those serious alumni.	Some icicles annoy that serious alumni.	-104.0	-104.0	-10.375	-10.375	False	False	morphology	determiner_noun_agreement	Write a natural, coherent English sentence.
221	4	Many women won't scare those uncertain men.	Many women won't scare that uncertain men.	-114.0	-114.0	-10.375	-10.375	False	False	morphology	determiner_noun_agreement	Write a natural, coherent English sentence.
222	4	Science disgusts this unconvinced alumnus.	Science disgusts these unconvinced alumnus.	-124.5	-124.5	-10.375	-10.375	False	False	morphology	determiner_noun_agreement	Write a natural, coherent English sentence.
223	4	Connie tours these rough oases.	Connie tours this rough oases.	-83.0	-83.0	-10.375	-10.375	False	False	morphology	determiner_noun_agreement	Write a natural, coherent English sentence.
224	4	Those banks were talking about this lost thesis.	Those banks were talking about these lost thesis.	-93.5	-93.5	-10.375	-10.375	False	False	morphology	determiner_noun_agreement	Write a natural, coherent English sentence.
225	4	Some prints didn't look like this rough louse.	Some prints didn't look like these rough louse.	-124.5	-124.5	-10.375	-10.375	False	False	morphology	determiner_noun_agreement	Write a natural, coherent English sentence.
226	4	All pedestrians like those rough theses.	All pedestrians like that rough theses.	-104.0	-104.0	-10.375	-10.375	False	False	morphology	determiner_noun_agreement	Write a natural, coherent English sentence.
227	4	Douglas saw that black fungus.	Douglas saw those black fungus.	-83.0	-83.0	-10.375	-10.375	False	False	morphology	determiner_noun_agreement	Write a natural, coherent English sentence.
228	4	Sarah examined that bad analysis.	Sarah examined those bad analysis.	-62.25	-62.25	-10.375	-10.375	False	False	morphology	determiner_noun_agreement	Write a natural, coherent English sentence.
229	4	An actress researches this long thesis.	An actress researches these long thesis.	-104.0	-104.0	-10.375	-10.375	False	False	morphology	determiner_noun_agreement	Write a natural, coherent English sentence.
230	4	Those waitresses criticize this hidden child.	Those waitresses criticize these hidden child.	-104.0	-104.0	-10.375	-10.375	False	False	morphology	determiner_noun_agreement	Write a natural, coherent English sentence.
231	4	Most drivers question these upset alumni.	Most drivers question this upset alumni.	-93.5	-93.5	-10.375	-10.375	False	False	morphology	determiner_noun_agreement	Write a natural, coherent English sentence.
232	4	Phillip isn't working with these small women.	Phillip isn't working with this small women.	-114.0	-114.0	-10.375	-10.375	False	False	morphology	determiner_noun_agreement	Write a natural, coherent English sentence.
233	4	Jennifer can't aggravate that unlucky man.	Jennifer can't aggravate those unlucky man.	-135.0	-135.0	-10.375	-10.375	False	False	morphology	determiner_noun_agreement	Write a natural, coherent English sentence.
234	4	Essays confuse this good woman.	Essays confuse these good woman.	-83.0	-83.0	-10.375	-10.375	False	False	morphology	determiner_noun_agreement	Write a natural, coherent English sentence.
235	4	Amelia has forgotten those bad analyses.	Amelia has forgotten that bad analyses.	-93.5	-93.5	-10.375	-10.375	False	False	morphology	determiner_noun_agreement	Write a natural, coherent English sentence.
236	4	Michael had explored this brown oasis.	Michael had explored these brown oasis.	-83.0	-83.0	-10.375	-10.375	False	False	morphology	determiner_noun_agreement	Write a natural, coherent English sentence.
237	4	Natalie can aggravate those smart men.	Natalie can aggravate that smart men.	-104.0	-104.0	-10.375	-10.375	False	False	morphology	determiner_noun_agreement	Write a natural, coherent English sentence.
238	4	That patient won't go to these cheap oases.	That patient won't go to this cheap oases.	-124.5	-124.5	-10.375	-10.375	False	False	morphology	determiner_noun_agreement	Write a natural, coherent English sentence.
239	4	Heidi had discovered those black feet.	Heidi had discovered that black feet.	-83.0	-83.0	-10.375	-10.375	False	False	morphology	determiner_noun_agreement	Write a natural, coherent English sentence.
240	4	David hadn't watched those determined men.	David hadn't watched that determined men.	-93.5	-93.5	-10.375	-10.375	False	False	morphology	determiner_noun_agreement	Write a natural, coherent English sentence.
241	4	Some teenager couldn't walk through these green oases.	Some teenager couldn't walk through this green oases.	-124.5	-124.5	-10.375	-10.375	False	False	morphology	determiner_noun_agreement	Write a natural, coherent English sentence.
242	4	Christina shouldn't sell this hard oasis.	Christina shouldn't sell these hard oasis.	-114.0	-114.0	-10.375	-10.375	False	False	morphology	determiner_noun_agreement	Write a natural, coherent English sentence.
243	4	Christopher isn't firing those sick men.	Christopher isn't firing that sick men.	-93.5	-93.5	-10.375	-10.375	False	False	morphology	determiner_noun_agreement	Write a natural, coherent English sentence.
244	4	Most students hide that yellow mouse.	Most students hide those yellow mouse.	-72.5	-72.5	-10.375	-10.375	False	False	morphology	determiner_noun_agreement	Write a natural, coherent English sentence.
245	4	Holly did buy those clean feet.	Holly did buy that clean feet.	-72.5	-72.5	-10.375	-10.375	False	False	morphology	determiner_noun_agreement	Write a natural, coherent English sentence.
246	4	Many actors clean these brown theses.	Many actors clean this brown theses.	-83.0	-83.0	-10.375	-10.375	False	False	morphology	determiner_noun_agreement	Write a natural, coherent English sentence.
247	4	Stacy would hide those lost lice.	Stacy would hide that lost lice.	-93.5	-93.5	-10.375	-10.375	False	False	morphology	determiner_noun_agreement	Write a natural, coherent English sentence.
248	4	Alan drove to that new oasis.	Alan drove to those new oasis.	-83.0	-83.0	-10.375	-10.375	False	False	morphology	determiner_noun_agreement	Write a natural, coherent English sentence.
249	4	The Impressionists tour this purple oasis.	The Impressionists tour these purple oasis.	-104.0	-104.0	-10.375	-10.375	False	False	morphology	determiner_noun_agreement	Write a natural, coherent English sentence.
250	4	Wayne is talking to this hidden woman.	Wayne is talking to these hidden woman.	-83.0	-83.0	-10.375	-10.375	False	False	morphology	determiner_noun_agreement	Write a natural, coherent English sentence.
251	4	Christopher forgets this happy child.	Christopher forgets these happy child.	-72.5	-72.5	-10.375	-10.375	False	False	morphology	determiner_noun_agreement	Write a natural, coherent English sentence.
252	4	Julie can boycott those cheap oases.	Julie can boycott that cheap oases.	-93.5	-93.5	-10.375	-10.375	False	False	morphology	determiner_noun_agreement	Write a natural, coherent English sentence.
253	4	Most senators dislike these bad theses.	Most senators dislike this bad theses.	-104.0	-104.0	-10.375	-10.375	False	False	morphology	determiner_noun_agreement	Write a natural, coherent English sentence.
254	4	Denise concealed this content person.	Denise concealed these content person.	-83.0	-83.0	-10.375	-10.375	False	False	morphology	determiner_noun_agreement	Write a natural, coherent English sentence.
255	4	Some bike shocks these nice women.	Some bike shocks this nice women.	-83.0	-83.0	-10.375	-10.375	False	False	morphology	determiner_noun_agreement	Write a natural, coherent English sentence.
256	4	These teenagers fix those hidden feet.	These teenagers fix that hidden feet.	-83.0	-83.0	-10.375	-10.375	False	False	morphology	determiner_noun_agreement	Write a natural, coherent English sentence.
257	4	Ella praised that ill woman.	Ella praised those ill woman.	-72.5	-72.5	-10.375	-10.375	False	False	morphology	determiner_noun_agreement	Write a natural, coherent English sentence.
258	4	Current events stun these lost people.	Current events stun this lost people.	-83.0	-83.0	-10.375	-10.375	False	False	morphology	determiner_noun_agreement	Write a natural, coherent English sentence.
259	4	Mary tours this gray oasis.	Mary tours these gray oasis.	-72.5	-72.5	-10.375	-10.375	False	False	morphology	determiner_noun_agreement	Write a natural, coherent English sentence.
260	4	Linda visited those unsure men.	Linda visited that unsure men.	-72.5	-72.5	-10.375	-10.375	False	False	morphology	determiner_noun_agreement	Write a natural, coherent English sentence.
261	4	Dan wouldn't boycott that smooth oasis.	Dan wouldn't boycott those smooth oasis.	-114.0	-114.0	-10.375	-10.375	False	False	morphology	determiner_noun_agreement	Write a natural, coherent English sentence.
262	4	Those men leave that brown oasis.	Those men leave those brown oasis.	-83.0	-83.0	-10.375	-10.375	False	False	morphology	determiner_noun_agreement	Write a natural, coherent English sentence.
263	4	Lissa does pass these black oases.	Lissa does pass this black oases.	-93.5	-93.5	-10.375	-10.375	False	False	morphology	determiner_noun_agreement	Write a natural, coherent English sentence.
264	4	Alice had embarrassed this happy man.	Alice had embarrassed these happy man.	-72.5	-72.5	-10.375	-10.375	False	False	morphology	determiner_noun_agreement	Write a natural, coherent English sentence.
265	4	Wayne is worrying that hopeful child.	Wayne is worrying those hopeful child.	-83.0	-83.0	-10.375	-10.375	False	False	morphology	determiner_noun_agreement	Write a natural, coherent English sentence.
266	4	Lucille is biking to that green oasis.	Lucille is biking to those green oasis.	-114.0	-114.0	-10.375	-10.375	False	False	morphology	determiner_noun_agreement	Write a natural, coherent English sentence.
267	4	Katherine hadn't skated around this white oasis.	Katherine hadn't skated around these white oasis.	-135.0	-135.0	-10.375	-10.375	False	False	morphology	determiner_noun_agreement	Write a natural, coherent English sentence.
268	4	James observed this hopeful child.	James observed these hopeful child.	-72.5	-72.5	-10.375	-10.375	False	False	morphology	determiner_noun_agreement	Write a natural, coherent English sentence.
269	4	Gerald liked this big child.	Gerald liked these big child.	-72.5	-72.5	-10.375	-10.375	False	False	morphology	determiner_noun_agreement	Write a natural, coherent English sentence.
270	4	That committee wasn't hiring this displeased alumnus.	That committee wasn't hiring these displeased alumnus.	-145.0	-145.0	-10.375	-10.375	False	False	morphology	determiner_noun_agreement	Write a natural, coherent English sentence.
271	4	Gary isn't breaking that white tooth.	Gary isn't breaking those white tooth.	-93.5	-93.5	-10.375	-10.375	False	False	morphology	determiner_noun_agreement	Write a natural, coherent English sentence.
272	4	Walter hasn't seen those content children.	Walter hasn't seen that content children.	-93.5	-93.5	-10.375	-10.375	False	False	morphology	determiner_noun_agreement	Write a natural, coherent English sentence.
273	4	Martha didn't clean these hidden teeth.	Martha didn't clean this hidden teeth.	-93.5	-93.5	-10.375	-10.375	False	False	morphology	determiner_noun_agreement	Write a natural, coherent English sentence.
274	4	These teachers are returning to those lost men.	These teachers are returning to that lost men.	-93.5	-93.5	-10.375	-10.375	False	False	morphology	determiner_noun_agreement	Write a natural, coherent English sentence.
275	4	Ellen hadn't boycotted that hidden oasis.	Ellen hadn't boycotted those hidden oasis.	-124.5	-124.5	-10.375	-10.375	False	False	morphology	determiner_noun_agreement	Write a natural, coherent English sentence.
276	4	Some patients drive to these brown oases.	Some patients drive to this brown oases.	-93.5	-93.5	-10.375	-10.375	False	False	morphology	determiner_noun_agreement	Write a natural, coherent English sentence.
277	4	Nina wasn't referencing this ill person.	Nina wasn't referencing these ill person.	-104.0	-104.0	-10.375	-10.375	False	False	morphology	determiner_noun_agreement	Write a natural, coherent English sentence.
278	4	Denise praises these fast children.	Denise praises this fast children.	-83.0	-83.0	-10.375	-10.375	False	False	morphology	determiner_noun_agreement	Write a natural, coherent English sentence.
279	4	Most customers attack that clever man.	Most customers attack those clever man.	-72.5	-72.5	-10.375	-10.375	False	False	morphology	determiner_noun_agreement	Write a natural, coherent English sentence.
280	4	Every photograph looks like those exposed people.	Every photograph looks like that exposed people.	-83.0	-83.0	-10.375	-10.375	False	False	morphology	determiner_noun_agreement	Write a natural, coherent English sentence.
281	4	Cindy shouldn't cure that confident alumnus.	Cindy shouldn't cure those confident alumnus.	-135.0	-135.0	-10.375	-10.375	False	False	morphology	determiner_noun_agreement	Write a natural, coherent English sentence.
282	4	The Borgias reveal these blue feet.	The Borgias reveal this blue feet.	-93.5	-93.5	-10.375	-10.375	False	False	morphology	determiner_noun_agreement	Write a natural, coherent English sentence.
283	4	Ella lifts these exposed fungi.	Ella lifts this exposed fungi.	-93.5	-93.5	-10.375	-10.375	False	False	morphology	determiner_noun_agreement	Write a natural, coherent English sentence.
284	4	The Lutherans astound that unsure person.	The Lutherans astound those unsure person.	-104.0	-104.0	-10.375	-10.375	False	False	morphology	determiner_noun_agreement	Write a natural, coherent English sentence.
285	4	These cakes bore that determined woman.	These cakes bore those determined woman.	-83.0	-83.0	-10.375	-10.375	False	False	morphology	determiner_noun_agreement	Write a natural, coherent English sentence.
286	4	Nina lifts this orange cactus.	Nina lifts these orange cactus.	-93.5	-93.5	-10.375	-10.375	False	False	morphology	determiner_noun_agreement	Write a natural, coherent English sentence.
287	4	The actors kiss these unconvinced children.	The actors kiss this unconvinced children.	-104.0	-104.0	-10.375	-10.375	False	False	morphology	determiner_noun_agreement	Write a natural, coherent English sentence.
288	4	Sharon dislikes that brown thesis.	Sharon dislikes those brown thesis.	-93.5	-93.5	-10.375	-10.375	False	False	morphology	determiner_noun_agreement	Write a natural, coherent English sentence.
289	4	The customers sell these rough fungi.	The customers sell this rough fungi.	-83.0	-83.0	-10.375	-10.375	False	False	morphology	determiner_noun_agreement	Write a natural, coherent English sentence.
290	4	Janice didn't cure those employed men.	Janice didn't cure that employed men.	-104.0	-104.0	-10.375	-10.375	False	False	morphology	determiner_noun_agreement	Write a natural, coherent English sentence.
291	4	Paula left this uncertain person.	Paula left these uncertain person.	-72.5	-72.5	-10.375	-10.375	False	False	morphology	determiner_noun_agreement	Write a natural, coherent English sentence.
292	4	Those guys had escaped from those employed children.	Those guys had escaped from that employed children.	-93.5	-93.5	-10.375	-10.375	False	False	morphology	determiner_noun_agreement	Write a natural, coherent English sentence.
293	4	Christine wasn't touring that old oasis.	Christine wasn't touring those old oasis.	-124.5	-124.5	-10.375	-10.375	False	False	morphology	determiner_noun_agreement	Write a natural, coherent English sentence.
294	4	These waitresses praise this rough thesis.	These waitresses praise these rough thesis.	-93.5	-93.5	-10.375	-10.375	False	False	morphology	determiner_noun_agreement	Write a natural, coherent English sentence.
295	4	Some girls hadn't passed this concealed oasis.	Some girls hadn't passed these concealed oasis.	-124.5	-124.5	-10.375	-10.375	False	False	morphology	determiner_noun_agreement	Write a natural, coherent English sentence.
296	4	Andrea lifts these small cacti.	Andrea lifts this small cacti.	-93.5	-93.5	-10.375	-10.375	False	False	morphology	determiner_noun_agreement	Write a natural, coherent English sentence.
297	4	Kristen is scanning those bad synopses.	Kristen is scanning that bad synopses.	-114.0	-114.0	-10.375	-10.375	False	False	morphology	determiner_noun_agreement	Write a natural, coherent English sentence.
298	4	Alan is skated around these cheap oases.	Alan is skated around this cheap oases.	-104.0	-104.0	-10.375	-10.375	False	False	morphology	determiner_noun_agreement	Write a natural, coherent English sentence.
299	4	Kayla has investigated these busy people.	Kayla has investigated this busy people.	-83.0	-83.0	-10.375	-10.375	False	False	morphology	determiner_noun_agreement	Write a natural, coherent English sentence.
300	4	Timothy observes that good woman.	Timothy observes those good woman.	-83.0	-83.0	-10.375	-10.375	False	False	morphology	determiner_noun_agreement	Write a natural, coherent English sentence.
301	4	Every museum hadn't discussed those hidden theses.	Every museum hadn't discussed that hidden theses.	-114.0	-114.0	-10.375	-10.375	False	False	morphology	determiner_noun_agreement	Write a natural, coherent English sentence.
302	4	Some cashiers help this troubled person.	Some cashiers help these troubled person.	-93.5	-93.5	-10.375	-10.375	False	False	morphology	determiner_noun_agreement	Write a natural, coherent English sentence.
303	4	Amanda was attacking that displeased woman.	Amanda was attacking those displeased woman.	-93.5	-93.5	-10.375	-10.375	False	False	morphology	determiner_noun_agreement	Write a natural, coherent English sentence.
304	4	This window upsets these lost people.	This window upsets this lost people.	-83.0	-83.0	-10.375	-10.375	False	False	morphology	determiner_noun_agreement	Write a natural, coherent English sentence.
305	4	Cindy wasn't bringing those gray cacti.	Cindy wasn't bringing that gray cacti.	-135.0	-135.0	-10.375	-10.375	False	False	morphology	determiner_noun_agreement	Write a natural, coherent English sentence.
306	4	Peter complained about these good synopses.	Peter complained about this good synopses.	-93.5	-93.5	-10.375	-10.375	False	False	morphology	determiner_noun_agreement	Write a natural, coherent English sentence.
307	4	Danielle was touring those new oases.	Danielle was touring that new oases.	-104.0	-104.0	-10.375	-10.375	False	False	morphology	determiner_noun_agreement	Write a natural, coherent English sentence.
308	4	Elaine discusses that standing person.	Elaine discusses those standing person.	-83.0	-83.0	-10.375	-10.375	False	False	morphology	determiner_noun_agreement	Write a natural, coherent English sentence.
309	4	Jacqueline had healed those rough geese.	Jacqueline had healed that rough geese.	-114.0	-114.0	-10.375	-10.375	False	False	morphology	determiner_noun_agreement	Write a natural, coherent English sentence.
310	4	All rivers were distracting those standing men.	All rivers were distracting that standing men.	-93.5	-93.5	-10.375	-10.375	False	False	morphology	determiner_noun_agreement	Write a natural, coherent English sentence.
311	4	Some people exit those yellow oases.	Some people exit that yellow oases.	-83.0	-83.0	-10.375	-10.375	False	False	morphology	determiner_noun_agreement	Write a natural, coherent English sentence.
312	4	Becca isn't exploring these hard oases.	Becca isn't exploring this hard oases.	-114.0	-114.0	-10.375	-10.375	False	False	morphology	determiner_noun_agreement	Write a natural, coherent English sentence.
313	4	Timothy revealed that big foot.	Timothy revealed those big foot.	-72.5	-72.5	-10.375	-10.375	False	False	morphology	determiner_noun_agreement	Write a natural, coherent English sentence.
314	4	Adam fires these determined men.	Adam fires this determined men.	-62.25	-62.25	-10.375	-10.375	False	False	morphology	determiner_noun_agreement	Write a natural, coherent English sentence.
315	4	The teenagers clean this purple foot.	The teenagers clean these purple foot.	-83.0	-83.0	-10.375	-10.375	False	False	morphology	determiner_noun_agreement	Write a natural, coherent English sentence.
316	4	The Great Lakes could annoy that troubled man.	The Great Lakes could annoy those troubled man.	-114.0	-114.0	-10.375	-10.375	False	False	morphology	determiner_noun_agreement	Write a natural, coherent English sentence.
317	4	Karen discusses those bad men.	Karen discusses that bad men.	-72.5	-72.5	-10.375	-10.375	False	False	morphology	determiner_noun_agreement	Write a natural, coherent English sentence.
318	4	Phillip didn't find those ill alumni.	Phillip didn't find that ill alumni.	-124.5	-124.5	-10.375	-10.375	False	False	morphology	determiner_noun_agreement	Write a natural, coherent English sentence.
319	4	A lot of men reference these good analyses.	A lot of men reference this good analyses.	-104.0	-104.0	-10.375	-10.375	False	False	morphology	determiner_noun_agreement	Write a natural, coherent English sentence.
320	4	Larry had insulted these lucky children.	Larry had insulted this lucky children.	-83.0	-83.0	-10.375	-10.375	False	False	morphology	determiner_noun_agreement	Write a natural, coherent English sentence.
321	4	Debra is firing that determined child.	Debra is firing those determined child.	-83.0	-83.0	-10.375	-10.375	False	False	morphology	determiner_noun_agreement	Write a natural, coherent English sentence.
322	4	Noah was watching that fast woman.	Noah was watching those fast woman.	-72.5	-72.5	-10.375	-10.375	False	False	morphology	determiner_noun_agreement	Write a natural, coherent English sentence.
323	4	Gina works with that displeased person.	Gina works with those displeased person.	-104.0	-104.0	-10.375	-10.375	False	False	morphology	determiner_noun_agreement	Write a natural, coherent English sentence.
324	4	Most doctors would bring these big nuclei.	Most doctors would bring this big nuclei.	-93.5	-93.5	-10.375	-10.375	False	False	morphology	determiner_noun_agreement	Write a natural, coherent English sentence.
325	4	All drawings alarm that unconvinced child.	All drawings alarm those unconvinced child.	-104.0	-104.0	-10.375	-10.375	False	False	morphology	determiner_noun_agreement	Write a natural, coherent English sentence.
326	4	Some libraries hate that busy man.	Some libraries hate those busy man.	-72.5	-72.5	-10.375	-10.375	False	False	morphology	determiner_noun_agreement	Write a natural, coherent English sentence.
327	4	Derek disgusted that unemployed child.	Derek disgusted those unemployed child.	-93.5	-93.5	-10.375	-10.375	False	False	morphology	determiner_noun_agreement	Write a natural, coherent English sentence.
328	4	Marla hadn't fired these good men.	Marla hadn't fired this good men.	-104.0	-104.0	-10.375	-10.375	False	False	morphology	determiner_noun_agreement	Write a natural, coherent English sentence.
329	4	Carmen examined that red thesis.	Carmen examined those red thesis.	-72.5	-72.5	-10.375	-10.375	False	False	morphology	determiner_noun_agreement	Write a natural, coherent English sentence.
330	4	Amelia investigates this smart woman.	Amelia investigates these smart woman.	-83.0	-83.0	-10.375	-10.375	False	False	morphology	determiner_noun_agreement	Write a natural, coherent English sentence.
331	4	The Borgias hire that displeased alumnus.	The Borgias hire those displeased alumnus.	-135.0	-135.0	-10.375	-10.375	False	False	morphology	determiner_noun_agreement	Write a natural, coherent English sentence.
332	4	Stacey would arrive at these orange oases.	Stacey would arrive at this orange oases.	-114.0	-114.0	-10.375	-10.375	False	False	morphology	determiner_noun_agreement	Write a natural, coherent English sentence.
333	4	Anna works with this lucky man.	Anna works with these lucky man.	-72.5	-72.5	-10.375	-10.375	False	False	morphology	determiner_noun_agreement	Write a natural, coherent English sentence.
334	4	Walter has scanned this rough thesis.	Walter has scanned these rough thesis.	-83.0	-83.0	-10.375	-10.375	False	False	morphology	determiner_noun_agreement	Write a natural, coherent English sentence.
335	4	Some mushroom bothered that lucky woman.	Some mushroom bothered those lucky woman.	-83.0	-83.0	-10.375	-10.375	False	False	morphology	determiner_noun_agreement	Write a natural, coherent English sentence.
336	4	Cynthia walked through this hard oasis.	Cynthia walked through these hard oasis.	-114.0	-114.0	-10.375	-10.375	False	False	morphology	determiner_noun_agreement	Write a natural, coherent English sentence.
337	4	Liam has healed these black oxen.	Liam has healed this black oxen.	-104.0	-104.0	-10.375	-10.375	False	False	morphology	determiner_noun_agreement	Write a natural, coherent English sentence.
338	4	Andrew did notice these white axes.	Andrew did notice this white axes.	-83.0	-83.0	-10.375	-10.375	False	False	morphology	determiner_noun_agreement	Write a natural, coherent English sentence.
339	4	Bethany kisses these serious alumni.	Bethany kisses this serious alumni.	-104.0	-104.0	-10.375	-10.375	False	False	morphology	determiner_noun_agreement	Write a natural, coherent English sentence.
340	4	Vanessa watches this nice person.	Vanessa watches these nice person.	-72.5	-72.5	-10.375	-10.375	False	False	morphology	determiner_noun_agreement	Write a natural, coherent English sentence.
341	4	Every window astounded that big man.	Every window astounded those big man.	-93.5	-93.5	-10.375	-10.375	False	False	morphology	determiner_noun_agreement	Write a natural, coherent English sentence.
342	4	Donna leaves that upset man.	Donna leaves those upset man.	-72.5	-72.5	-10.375	-10.375	False	False	morphology	determiner_noun_agreement	Write a natural, coherent English sentence.
343	4	Many students drop by that orange oasis.	Many students drop by those orange oasis.	-93.5	-93.5	-10.375	-10.375	False	False	morphology	determiner_noun_agreement	Write a natural, coherent English sentence.
344	4	The sketches looked like this unsure man.	The sketches looked like these unsure man.	-114.0	-114.0	-10.375	-10.375	False	False	morphology	determiner_noun_agreement	Write a natural, coherent English sentence.
345	4	Helen fixes that broken tooth.	Helen fixes those broken tooth.	-72.5	-72.5	-10.375	-10.375	False	False	morphology	determiner_noun_agreement	Write a natural, coherent English sentence.
346	4	Robert wasn't annoying that old person.	Robert wasn't annoying those old person.	-93.5	-93.5	-10.375	-10.375	False	False	morphology	determiner_noun_agreement	Write a natural, coherent English sentence.
347	4	Amy isn't talking to that young woman.	Amy isn't talking to those young woman.	-104.0	-104.0	-10.375	-10.375	False	False	morphology	determiner_noun_agreement	Write a natural, coherent English sentence.
348	4	Alan hadn't remembered these long analyses.	Alan hadn't remembered this long analyses.	-104.0	-104.0	-10.375	-10.375	False	False	morphology	determiner_noun_agreement	Write a natural, coherent English sentence.
349	4	Stephen is working with these out in the open women.	Stephen is working with this out in the open women.	-114.0	-114.0	-10.375	-10.375	False	False	morphology	determiner_noun_agreement	Write a natural, coherent English sentence.
350	4	This library had discussed these employed men.	This library had discussed this employed men.	-83.0	-83.0	-10.375	-10.375	False	False	morphology	determiner_noun_agreement	Write a natural, coherent English sentence.
351	4	This teenager can't worry those delighted men.	This teenager can't worry that delighted men.	-104.0	-104.0	-10.375	-10.375	False	False	morphology	determiner_noun_agreement	Write a natural, coherent English sentence.
352	4	Wendy revealed that sick octopus.	Wendy revealed those sick octopus.	-93.5	-93.5	-10.375	-10.375	False	False	morphology	determiner_noun_agreement	Write a natural, coherent English sentence.
353	4	The Clintons haven't worked with that young person.	The Clintons haven't worked with those young person.	-135.0	-135.0	-10.375	-10.375	False	False	morphology	determiner_noun_agreement	Write a natural, coherent English sentence.
354	4	Some committee aggravates this unconvinced woman.	Some committee aggravates these unconvinced woman.	-124.5	-124.5	-10.375	-10.375	False	False	morphology	determiner_noun_agreement	Write a natural, coherent English sentence.
355	4	Guy bored that troubled man.	Guy bored those troubled man.	-72.5	-72.5	-10.375	-10.375	False	False	morphology	determiner_noun_agreement	Write a natural, coherent English sentence.
356	4	Every actress scanned those bad analyses.	Every actress scanned that bad analyses.	-93.5	-93.5	-10.375	-10.375	False	False	morphology	determiner_noun_agreement	Write a natural, coherent English sentence.
357	4	A library alarms that determined child.	A library alarms those determined child.	-83.0	-83.0	-10.375	-10.375	False	False	morphology	determiner_noun_agreement	Write a natural, coherent English sentence.
358	4	Sheila can't notice this clever man.	Sheila can't notice these clever man.	-104.0	-104.0	-10.375	-10.375	False	False	morphology	determiner_noun_agreement	Write a natural, coherent English sentence.
359	4	James forgets this fast alumnus.	James forgets these fast alumnus.	-93.5	-93.5	-10.375	-10.375	False	False	morphology	determiner_noun_agreement	Write a natural, coherent English sentence.
360	4	Noah hasn't thought about these smooth lice.	Noah hasn't thought about this smooth lice.	-114.0	-114.0	-10.375	-10.375	False	False	morphology	determiner_noun_agreement	Write a natural, coherent English sentence.
361	4	Aaron sees these gray oases.	Aaron sees this gray oases.	-72.5	-72.5	-10.375	-10.375	False	False	morphology	determiner_noun_agreement	Write a natural, coherent English sentence.
362	4	Sherry has taken this standing goose.	Sherry has taken these standing goose.	-93.5	-93.5	-10.375	-10.375	False	False	morphology	determiner_noun_agreement	Write a natural, coherent English sentence.
363	4	Marie hasn't found those ill geese.	Marie hasn't found that ill geese.	-104.0	-104.0	-10.375	-10.375	False	False	morphology	determiner_noun_agreement	Write a natural, coherent English sentence.
364	4	Peter isn't arriving at that red oasis.	Peter isn't arriving at those red oasis.	-114.0	-114.0	-10.375	-10.375	False	False	morphology	determiner_noun_agreement	Write a natural, coherent English sentence.
365	4	Jill isn't boycotting those orange oases.	Jill isn't boycotting that orange oases.	-145.0	-145.0	-10.375	-10.375	False	False	morphology	determiner_noun_agreement	Write a natural, coherent English sentence.
366	4	Julia messes up that orange foot.	Julia messes up those orange foot.	-83.0	-83.0	-10.375	-10.375	False	False	morphology	determiner_noun_agreement	Write a natural, coherent English sentence.
367	4	That hill didn't disturb that content woman.	That hill didn't disturb those content woman.	-104.0	-104.0	-10.375	-10.375	False	False	morphology	determiner_noun_agreement	Write a natural, coherent English sentence.
368	4	Suzanne has concealed that concealed man.	Suzanne has concealed those concealed man.	-104.0	-104.0	-10.375	-10.375	False	False	morphology	determiner_noun_agreement	Write a natural, coherent English sentence.
369	4	Alicia sells that orange octopus.	Alicia sells those orange octopus.	-114.0	-114.0	-10.375	-10.375	False	False	morphology	determiner_noun_agreement	Write a natural, coherent English sentence.
370	4	Leslie has discussed that delighted child.	Leslie has discussed those delighted child.	-83.0	-83.0	-10.375	-10.375	False	False	morphology	determiner_noun_agreement	Write a natural, coherent English sentence.
371	4	Andrea could like these white lice.	Andrea could like this white lice.	-83.0	-83.0	-10.375	-10.375	False	False	morphology	determiner_noun_agreement	Write a natural, coherent English sentence.
372	4	Most children break those rough teeth.	Most children break that rough teeth.	-72.5	-72.5	-10.375	-10.375	False	False	morphology	determiner_noun_agreement	Write a natural, coherent English sentence.
373	4	Richard did work with this clever child.	Richard did work with these clever child.	-83.0	-83.0	-10.375	-10.375	False	False	morphology	determiner_noun_agreement	Write a natural, coherent English sentence.
374	4	Anne hugs this unemployed woman.	Anne hugs these unemployed woman.	-83.0	-83.0	-10.375	-10.375	False	False	morphology	determiner_noun_agreement	Write a natural, coherent English sentence.
375	4	Those actors attack that excited child.	Those actors attack those excited child.	-72.5	-72.5	-10.375	-10.375	False	False	morphology	determiner_noun_agreement	Write a natural, coherent English sentence.
376	4	Bruce was hugging that unconvinced man.	Bruce was hugging those unconvinced man.	-114.0	-114.0	-10.375	-10.375	False	False	morphology	determiner_noun_agreement	Write a natural, coherent English sentence.
377	4	Patrick hasn't hidden this orange oasis.	Patrick hasn't hidden these orange oasis.	-104.0	-104.0	-10.375	-10.375	False	False	morphology	determiner_noun_agreement	Write a natural, coherent English sentence.
378	4	Alicia hadn't discussed that uncertain person.	Alicia hadn't discussed those uncertain person.	-114.0	-114.0	-10.375	-10.375	False	False	morphology	determiner_noun_agreement	Write a natural, coherent English sentence.
379	4	Susan wasn't talking to those confident men.	Susan wasn't talking to that confident men.	-104.0	-104.0	-10.375	-10.375	False	False	morphology	determiner_noun_agreement	Write a natural, coherent English sentence.
380	4	Cheryl will scan that good synopsis.	Cheryl will scan those good synopsis.	-93.5	-93.5	-10.375	-10.375	False	False	morphology	determiner_noun_agreement	Write a natural, coherent English sentence.
381	4	Tamara kissed that unsure man.	Tamara kissed those unsure man.	-83.0	-83.0	-10.375	-10.375	False	False	morphology	determiner_noun_agreement	Write a natural, coherent English sentence.
382	4	Craig boasts about those bad analyses.	Craig boasts about that bad analyses.	-93.5	-93.5	-10.375	-10.375	False	False	morphology	determiner_noun_agreement	Write a natural, coherent English sentence.
383	4	Randolf hadn't hugged those serious people.	Randolf hadn't hugged that serious people.	-114.0	-114.0	-10.375	-10.375	False	False	morphology	determiner_noun_agreement	Write a natural, coherent English sentence.
384	4	Many doctors cure these exposed men.	Many doctors cure this exposed men.	-72.5	-72.5	-10.375	-10.375	False	False	morphology	determiner_noun_agreement	Write a natural, coherent English sentence.
385	4	Women criticized those smooth theses.	Women criticized that smooth theses.	-83.0	-83.0	-10.375	-10.375	False	False	morphology	determiner_noun_agreement	Write a natural, coherent English sentence.
386	4	Some light disturbs that old person.	Some light disturbs those old person.	-93.5	-93.5	-10.375	-10.375	False	False	morphology	determiner_noun_agreement	Write a natural, coherent English sentence.
387	4	Carol was questioning this big man.	Carol was questioning these big man.	-72.5	-72.5	-10.375	-10.375	False	False	morphology	determiner_noun_agreement	Write a natural, coherent English sentence.
388	4	Sara has gone to that old oasis.	Sara has gone to those old oasis.	-93.5	-93.5	-10.375	-10.375	False	False	morphology	determiner_noun_agreement	Write a natural, coherent English sentence.
389	4	Steven brought these red oases.	Steven brought this red oases.	-72.5	-72.5	-10.375	-10.375	False	False	morphology	determiner_noun_agreement	Write a natural, coherent English sentence.
390	4	Diana will disgust these ill children.	Diana will disgust this ill children.	-72.5	-72.5	-10.375	-10.375	False	False	morphology	determiner_noun_agreement	Write a natural, coherent English sentence.
391	4	Steven disturbs these sick alumni.	Steven disturbs this sick alumni.	-104.0	-104.0	-10.375	-10.375	False	False	morphology	determiner_noun_agreement	Write a natural, coherent English sentence.
392	4	Angela wasn't lifting these blue feet.	Angela wasn't lifting this blue feet.	-93.5	-93.5	-10.375	-10.375	False	False	morphology	determiner_noun_agreement	Write a natural, coherent English sentence.
393	4	Sharon hasn't stunned that unsure child.	Sharon hasn't stunned those unsure child.	-124.5	-124.5	-10.375	-10.375	False	False	morphology	determiner_noun_agreement	Write a natural, coherent English sentence.
394	4	These girls question that concealed man.	These girls question those concealed man.	-83.0	-83.0	-10.375	-10.375	False	False	morphology	determiner_noun_agreement	Write a natural, coherent English sentence.
395	4	Martha wasn't kissing this unemployed man.	Martha wasn't kissing these unemployed man.	-114.0	-114.0	-10.375	-10.375	False	False	morphology	determiner_noun_agreement	Write a natural, coherent English sentence.
396	4	Kendra isn't working with this excited child.	Kendra isn't working with these excited child.	-124.5	-124.5	-10.375	-10.375	False	False	morphology	determiner_noun_agreement	Write a natural, coherent English sentence.
397	4	All actresses praise this hard thesis.	All actresses praise these hard thesis.	-83.0	-83.0	-10.375	-10.375	False	False	morphology	determiner_noun_agreement	Write a natural, coherent English sentence.
398	4	David cleans that hard tooth.	David cleans those hard tooth.	-72.5	-72.5	-10.375	-10.375	False	False	morphology	determiner_noun_agreement	Write a natural, coherent English sentence.
399	4	Julia sounded like this uncertain person.	Julia sounded like these uncertain person.	-72.5	-72.5	-10.375	-10.375	False	False	morphology	determiner_noun_agreement	Write a natural, coherent English sentence.
400	4	Those actors attacked that happy alumnus.	Those actors attacked those happy alumnus.	-93.5	-93.5	-10.375	-10.375	False	False	morphology	determiner_noun_agreement	Write a natural, coherent English sentence.
401	4	Eva hadn't admired these black fungi.	Eva hadn't admired this black fungi.	-114.0	-114.0	-10.375	-10.375	False	False	morphology	determiner_noun_agreement	Write a natural, coherent English sentence.
402	4	Many chairs aren't disgusting this unlucky child.	Many chairs aren't disgusting these unlucky child.	-135.0	-135.0	-10.375	-10.375	False	False	morphology	determiner_noun_agreement	Write a natural, coherent English sentence.
403	4	Those waiters break these rough teeth.	Those waiters break this rough teeth.	-83.0	-83.0	-10.375	-10.375	False	False	morphology	determiner_noun_agreement	Write a natural, coherent English sentence.
404	4	Becca leaves this uncertain child.	Becca leaves these uncertain child.	-72.5	-72.5	-10.375	-10.375	False	False	morphology	determiner_noun_agreement	Write a natural, coherent English sentence.
405	4	Some steak disturbs these displeased children.	Some steak disturbs this displeased children.	-124.5	-124.5	-10.375	-10.375	False	False	morphology	determiner_noun_agreement	Write a natural, coherent English sentence.
406	4	Christine wouldn't conceal this lost stimulus.	Christine wouldn't conceal these lost stimulus.	-124.5	-124.5	-10.375	-10.375	False	False	morphology	determiner_noun_agreement	Write a natural, coherent English sentence.
407	4	Every face irritates those unemployed alumni.	Every face irritates that unemployed alumni.	-114.0	-114.0	-10.375	-10.375	False	False	morphology	determiner_noun_agreement	Write a natural, coherent English sentence.
408	4	Susan noticed that unlucky person.	Susan noticed those unlucky person.	-83.0	-83.0	-10.375	-10.375	False	False	morphology	determiner_noun_agreement	Write a natural, coherent English sentence.
409	4	Some women drop by those concealed oases.	Some women drop by that concealed oases.	-104.0	-104.0	-10.375	-10.375	False	False	morphology	determiner_noun_agreement	Write a natural, coherent English sentence.
410	4	The Clintons disagree with these serious men.	The Clintons disagree with this serious men.	-104.0	-104.0	-10.375	-10.375	False	False	morphology	determiner_noun_agreement	Write a natural, coherent English sentence.
411	4	Phillip discovers these busy women.	Phillip discovers this busy women.	-83.0	-83.0	-10.375	-10.375	False	False	morphology	determiner_noun_agreement	Write a natural, coherent English sentence.
412	4	Waiters investigate that hopeful woman.	Waiters investigate those hopeful woman.	-83.0	-83.0	-10.375	-10.375	False	False	morphology	determiner_noun_agreement	Write a natural, coherent English sentence.
413	4	Regina hasn't found these white nuclei.	Regina hasn't found this white nuclei.	-124.5	-124.5	-10.375	-10.375	False	False	morphology	determiner_noun_agreement	Write a natural, coherent English sentence.
414	4	Irene scanned those purple theses.	Irene scanned that purple theses.	-93.5	-93.5	-10.375	-10.375	False	False	morphology	determiner_noun_agreement	Write a natural, coherent English sentence.
415	4	A bank references those popular people.	A bank references that popular people.	-72.5	-72.5	-10.375	-10.375	False	False	morphology	determiner_noun_agreement	Write a natural, coherent English sentence.
416	4	Vincent tours this old oasis.	Vincent tours these old oasis.	-72.5	-72.5	-10.375	-10.375	False	False	morphology	determiner_noun_agreement	Write a natural, coherent English sentence.
417	4	Alicia kisses that standing woman.	Alicia kisses those standing woman.	-93.5	-93.5	-10.375	-10.375	False	False	morphology	determiner_noun_agreement	Write a natural, coherent English sentence.
418	4	Some candles aren't boring those displeased men.	Some candles aren't boring that displeased men.	-135.0	-135.0	-10.375	-10.375	False	False	morphology	determiner_noun_agreement	Write a natural, coherent English sentence.
419	4	That teenager does care for this old alumnus.	That teenager does care for these old alumnus.	-114.0	-114.0	-10.375	-10.375	False	False	morphology	determiner_noun_agreement	Write a natural, coherent English sentence.
420	4	A lot of drawings weren't alarming that displeased man.	A lot of drawings weren't alarming those displeased man.	-156.0	-156.0	-10.375	-10.375	False	False	morphology	determiner_noun_agreement	Write a natural, coherent English sentence.
421	4	That face astounded that important woman.	That face astounded those important woman.	-93.5	-93.5	-10.375	-10.375	False	False	morphology	determiner_noun_agreement	Write a natural, coherent English sentence.
422	4	Tiffany had approached these unemployed people.	Tiffany had approached this unemployed people.	-104.0	-104.0	-10.375	-10.375	False	False	morphology	determiner_noun_agreement	Write a natural, coherent English sentence.
423	4	Christina is passing these rough oases.	Christina is passing this rough oases.	-93.5	-93.5	-10.375	-10.375	False	False	morphology	determiner_noun_agreement	Write a natural, coherent English sentence.
424	4	Debra was praising those busy people.	Debra was praising that busy people.	-93.5	-93.5	-10.375	-10.375	False	False	morphology	determiner_noun_agreement	Write a natural, coherent English sentence.
425	4	The doctors didn't care for these scared children.	The doctors didn't care for this scared children.	-114.0	-114.0	-10.375	-10.375	False	False	morphology	determiner_noun_agreement	Write a natural, coherent English sentence.
426	4	Those ladders stun these small people.	Those ladders stun this small people.	-104.0	-104.0	-10.375	-10.375	False	False	morphology	determiner_noun_agreement	Write a natural, coherent English sentence.
427	4	Samuel isn't distracting these clever women.	Samuel isn't distracting this clever women.	-104.0	-104.0	-10.375	-10.375	False	False	morphology	determiner_noun_agreement	Write a natural, coherent English sentence.
428	4	Lucille dropped by those new oases.	Lucille dropped by that new oases.	-93.5	-93.5	-10.375	-10.375	False	False	morphology	determiner_noun_agreement	Write a natural, coherent English sentence.
429	4	A legislature should aggravate that busy child.	A legislature should aggravate those busy child.	-114.0	-114.0	-10.375	-10.375	False	False	morphology	determiner_noun_agreement	Write a natural, coherent English sentence.
430	4	Larry observed that lucky child.	Larry observed those lucky child.	-62.25	-62.25	-10.375	-10.375	False	False	morphology	determiner_noun_agreement	Write a natural, coherent English sentence.
431	4	Lawrence wasn't approaching those troubled children.	Lawrence wasn't approaching that troubled children.	-104.0	-104.0	-10.375	-10.375	False	False	morphology	determiner_noun_agreement	Write a natural, coherent English sentence.
432	4	Most libraries describe those delighted men.	Most libraries describe that delighted men.	-72.5	-72.5	-10.375	-10.375	False	False	morphology	determiner_noun_agreement	Write a natural, coherent English sentence.
433	4	The Impressionists alarms that sick child.	The Impressionists alarms those sick child.	-104.0	-104.0	-10.375	-10.375	False	False	morphology	determiner_noun_agreement	Write a natural, coherent English sentence.
434	4	A lot of children have this exposed axis.	A lot of children have these exposed axis.	-93.5	-93.5	-10.375	-10.375	False	False	morphology	determiner_noun_agreement	Write a natural, coherent English sentence.
435	4	Melissa couldn't reveal that small man.	Melissa couldn't reveal those small man.	-104.0	-104.0	-10.375	-10.375	False	False	morphology	determiner_noun_agreement	Write a natural, coherent English sentence.
436	4	These carriages won't impress those bad men.	These carriages won't impress that bad men.	-114.0	-114.0	-10.375	-10.375	False	False	morphology	determiner_noun_agreement	Write a natural, coherent English sentence.
437	4	Many girls drop by that red oasis.	Many girls drop by those red oasis.	-93.5	-93.5	-10.375	-10.375	False	False	morphology	determiner_noun_agreement	Write a natural, coherent English sentence.
438	4	The Impressionists fled from this small woman.	The Impressionists fled from these small woman.	-104.0	-104.0	-10.375	-10.375	False	False	morphology	determiner_noun_agreement	Write a natural, coherent English sentence.
439	4	Ann arrived at that blue oasis.	Ann arrived at those blue oasis.	-83.0	-83.0	-10.375	-10.375	False	False	morphology	determiner_noun_agreement	Write a natural, coherent English sentence.
440	4	The sock isn't disturbing those lucky children.	The sock isn't disturbing that lucky children.	-114.0	-114.0	-10.375	-10.375	False	False	morphology	determiner_noun_agreement	Write a natural, coherent English sentence.
441	4	Those socks were shocking those unlucky men.	Those socks were shocking that unlucky men.	-114.0	-114.0	-10.375	-10.375	False	False	morphology	determiner_noun_agreement	Write a natural, coherent English sentence.
442	4	Christine wasn't walking through those cheap oases.	Christine wasn't walking through that cheap oases.	-124.5	-124.5	-10.375	-10.375	False	False	morphology	determiner_noun_agreement	Write a natural, coherent English sentence.
443	4	Mary appreciates those content women.	Mary appreciates that content women.	-72.5	-72.5	-10.375	-10.375	False	False	morphology	determiner_noun_agreement	Write a natural, coherent English sentence.
444	4	That lady didn't question this ill person.	That lady didn't question these ill person.	-104.0	-104.0	-10.375	-10.375	False	False	morphology	determiner_noun_agreement	Write a natural, coherent English sentence.
445	4	Most birds annoy this young woman.	Most birds annoy these young woman.	-72.5	-72.5	-10.375	-10.375	False	False	morphology	determiner_noun_agreement	Write a natural, coherent English sentence.
446	4	Amelia is kissing these content men.	Amelia is kissing this content men.	-93.5	-93.5	-10.375	-10.375	False	False	morphology	determiner_noun_agreement	Write a natural, coherent English sentence.
447	4	Judy isn't taking those standing oxen.	Judy isn't taking that standing oxen.	-114.0	-114.0	-10.375	-10.375	False	False	morphology	determiner_noun_agreement	Write a natural, coherent English sentence.
448	4	Irene is discussing those clever alumni.	Irene is discussing that clever alumni.	-104.0	-104.0	-10.375	-10.375	False	False	morphology	determiner_noun_agreement	Write a natural, coherent English sentence.
449	4	Danielle could describe these long analyses.	Danielle could describe this long analyses.	-93.5	-93.5	-10.375	-10.375	False	False	morphology	determiner_noun_agreement	Write a natural, coherent English sentence.
450	4	Eva hasn't praised that lucky woman.	Eva hasn't praised those lucky woman.	-93.5	-93.5	-10.375	-10.375	False	False	morphology	determiner_noun_agreement	Write a natural, coherent English sentence.
451	4	Grace might observe that unlucky woman.	Grace might observe those unlucky woman.	-93.5	-93.5	-10.375	-10.375	False	False	morphology	determiner_noun_agreement	Write a natural, coherent English sentence.
452	4	The Clintons bothered these clever people.	The Clintons bothered this clever people.	-93.5	-93.5	-10.375	-10.375	False	False	morphology	determiner_noun_agreement	Write a natural, coherent English sentence.
453	4	April hadn't embarrassed those employed alumni.	April hadn't embarrassed that employed alumni.	-114.0	-114.0	-10.375	-10.375	False	False	morphology	determiner_noun_agreement	Write a natural, coherent English sentence.
454	4	Marie shouldn't forget that happy man.	Marie shouldn't forget those happy man.	-93.5	-93.5	-10.375	-10.375	False	False	morphology	determiner_noun_agreement	Write a natural, coherent English sentence.
455	4	Renee isn't breaking that cheap foot.	Renee isn't breaking those cheap foot.	-114.0	-114.0	-10.375	-10.375	False	False	morphology	determiner_noun_agreement	Write a natural, coherent English sentence.
456	4	Monica shouldn't sell those new oases.	Monica shouldn't sell that new oases.	-114.0	-114.0	-10.375	-10.375	False	False	morphology	determiner_noun_agreement	Write a natural, coherent English sentence.
457	4	Every dancer has returned to that troubled man.	Every dancer has returned to those troubled man.	-114.0	-114.0	-10.375	-10.375	False	False	morphology	determiner_noun_agreement	Write a natural, coherent English sentence.
458	4	Those dancers break those green teeth.	Those dancers break that green teeth.	-83.0	-83.0	-10.375	-10.375	False	False	morphology	determiner_noun_agreement	Write a natural, coherent English sentence.
459	4	These teachers talk about these fast women.	These teachers talk about this fast women.	-83.0	-83.0	-10.375	-10.375	False	False	morphology	determiner_noun_agreement	Write a natural, coherent English sentence.
460	4	Spain hasn't praised that happy man.	Spain hasn't praised those happy man.	-93.5	-93.5	-10.375	-10.375	False	False	morphology	determiner_noun_agreement	Write a natural, coherent English sentence.
461	4	Monica does kiss those good people.	Monica does kiss that good people.	-83.0	-83.0	-10.375	-10.375	False	False	morphology	determiner_noun_agreement	Write a natural, coherent English sentence.
462	4	Benjamin can boast about those busy men.	Benjamin can boast about that busy men.	-93.5	-93.5	-10.375	-10.375	False	False	morphology	determiner_noun_agreement	Write a natural, coherent English sentence.
463	4	Donald conceals this lost nucleus.	Donald conceals these lost nucleus.	-83.0	-83.0	-10.375	-10.375	False	False	morphology	determiner_noun_agreement	Write a natural, coherent English sentence.
464	4	Gregory was embarrassing this big woman.	Gregory was embarrassing these big woman.	-83.0	-83.0	-10.375	-10.375	False	False	morphology	determiner_noun_agreement	Write a natural, coherent English sentence.
465	4	The waiter wasn't stunning that hidden child.	The waiter wasn't stunning those hidden child.	-114.0	-114.0	-10.375	-10.375	False	False	morphology	determiner_noun_agreement	Write a natural, coherent English sentence.
466	4	A lot of photographs haven't looked like this red stimulus.	A lot of photographs haven't looked like these red stimulus.	-145.0	-145.0	-10.375	-10.375	False	False	morphology	determiner_noun_agreement	Write a natural, coherent English sentence.
467	4	A patient fixed those cheap feet.	A patient fixed that cheap feet.	-72.5	-72.5	-10.375	-10.375	False	False	morphology	determiner_noun_agreement	Write a natural, coherent English sentence.
468	4	Many gates shouldn't astound these unsure alumni.	Many gates shouldn't astound this unsure alumni.	-145.0	-145.0	-10.375	-10.375	False	False	morphology	determiner_noun_agreement	Write a natural, coherent English sentence.
469	4	That picture hasn't looked like these big men.	That picture hasn't looked like this big men.	-114.0	-114.0	-10.375	-10.375	False	False	morphology	determiner_noun_agreement	Write a natural, coherent English sentence.
470	4	These waitresses talk about this hidden thesis.	These waitresses talk about these hidden thesis.	-104.0	-104.0	-10.375	-10.375	False	False	morphology	determiner_noun_agreement	Write a natural, coherent English sentence.
471	4	Stacy concealed those gray axes.	Stacy concealed that gray axes.	-93.5	-93.5	-10.375	-10.375	False	False	morphology	determiner_noun_agreement	Write a natural, coherent English sentence.
472	4	Nicole remembers those serious alumni.	Nicole remembers that serious alumni.	-93.5	-93.5	-10.375	-10.375	False	False	morphology	determiner_noun_agreement	Write a natural, coherent English sentence.
473	4	Leslie hadn't gone to that small oasis.	Leslie hadn't gone to those small oasis.	-124.5	-124.5	-10.375	-10.375	False	False	morphology	determiner_noun_agreement	Write a natural, coherent English sentence.
474	4	Joel wasn't praising this ill person.	Joel wasn't praising these ill person.	-104.0	-104.0	-10.375	-10.375	False	False	morphology	determiner_noun_agreement	Write a natural, coherent English sentence.
475	4	These drivers embarrasses this young alumnus.	These drivers embarrasses these young alumnus.	-104.0	-104.0	-10.375	-10.375	False	False	morphology	determiner_noun_agreement	Write a natural, coherent English sentence.
476	4	Beef bores that delighted woman.	Beef bores those delighted woman.	-83.0	-83.0	-10.375	-10.375	False	False	morphology	determiner_noun_agreement	Write a natural, coherent English sentence.
477	4	Mitchell goes to this gray oasis.	Mitchell goes to these gray oasis.	-83.0	-83.0	-10.375	-10.375	False	False	morphology	determiner_noun_agreement	Write a natural, coherent English sentence.
478	4	The mouth bores these upset men.	The mouth bores this upset men.	-83.0	-83.0	-10.375	-10.375	False	False	morphology	determiner_noun_agreement	Write a natural, coherent English sentence.
479	4	Most legislatures discuss those good people.	Most legislatures discuss that good people.	-83.0	-83.0	-10.375	-10.375	False	False	morphology	determiner_noun_agreement	Write a natural, coherent English sentence.
480	4	The boys mess up those purple feet.	The boys mess up that purple feet.	-83.0	-83.0	-10.375	-10.375	False	False	morphology	determiner_noun_agreement	Write a natural, coherent English sentence.
481	4	Cashiers describe these fast children.	Cashiers describe this fast children.	-72.5	-72.5	-10.375	-10.375	False	False	morphology	determiner_noun_agreement	Write a natural, coherent English sentence.
482	4	Roger has fired those unconvinced men.	Roger has fired that unconvinced men.	-104.0	-104.0	-10.375	-10.375	False	False	morphology	determiner_noun_agreement	Write a natural, coherent English sentence.
483	4	Amy wasn't kissing this content man.	Amy wasn't kissing these content man.	-104.0	-104.0	-10.375	-10.375	False	False	morphology	determiner_noun_agreement	Write a natural, coherent English sentence.
484	4	Every dancer hadn't praised those good analyses.	Every dancer hadn't praised that good analyses.	-124.5	-124.5	-10.375	-10.375	False	False	morphology	determiner_noun_agreement	Write a natural, coherent English sentence.
485	4	Rhonda wasn't hiding those red mice.	Rhonda wasn't hiding that red mice.	-114.0	-114.0	-10.375	-10.375	False	False	morphology	determiner_noun_agreement	Write a natural, coherent English sentence.
486	4	Every pedestrian talks about that bad synopsis.	Every pedestrian talks about those bad synopsis.	-104.0	-104.0	-10.375	-10.375	False	False	morphology	determiner_noun_agreement	Write a natural, coherent English sentence.
487	4	The fish shocks these old alumni.	The fish shocks this old alumni.	-104.0	-104.0	-10.375	-10.375	False	False	morphology	determiner_noun_agreement	Write a natural, coherent English sentence.
488	4	Those waitresses visited those scared alumni.	Those waitresses visited that scared alumni.	-114.0	-114.0	-10.375	-10.375	False	False	morphology	determiner_noun_agreement	Write a natural, coherent English sentence.
489	4	That library was listening to this nice man.	That library was listening to these nice man.	-93.5	-93.5	-10.375	-10.375	False	False	morphology	determiner_noun_agreement	Write a natural, coherent English sentence.
490	4	Steve wasn't bringing that blue stimulus.	Steve wasn't bringing those blue stimulus.	-104.0	-104.0	-10.375	-10.375	False	False	morphology	determiner_noun_agreement	Write a natural, coherent English sentence.
491	4	Some guest was hiring that scared woman.	Some guest was hiring those scared woman.	-83.0	-83.0	-10.375	-10.375	False	False	morphology	determiner_noun_agreement	Write a natural, coherent English sentence.
492	4	The spotlights upset this unconvinced alumnus.	The spotlights upset these unconvinced alumnus.	-135.0	-135.0	-10.375	-10.375	False	False	morphology	determiner_noun_agreement	Write a natural, coherent English sentence.
493	4	Todd might observe this lost man.	Todd might observe these lost man.	-72.5	-72.5	-10.375	-10.375	False	False	morphology	determiner_noun_agreement	Write a natural, coherent English sentence.
494	4	People could describe that unconvinced person.	People could describe those unconvinced person.	-104.0	-104.0	-10.375	-10.375	False	False	morphology	determiner_noun_agreement	Write a natural, coherent English sentence.
495	4	That waiter had astounded these lucky people.	That waiter had astounded this lucky people.	-114.0	-114.0	-10.375	-10.375	False	False	morphology	determiner_noun_agreement	Write a natural, coherent English sentence.
496	4	Kendra disgusted these confident women.	Kendra disgusted this confident women.	-93.5	-93.5	-10.375	-10.375	False	False	morphology	determiner_noun_agreement	Write a natural, coherent English sentence.
497	4	Spain hasn't annoyed those old people.	Spain hasn't annoyed that old people.	-104.0	-104.0	-10.375	-10.375	False	False	morphology	determiner_noun_agreement	Write a natural, coherent English sentence.
498	4	Steve kisses these out in the open people.	Steve kisses this out in the open people.	-104.0	-104.0	-10.375	-10.375	False	False	morphology	determiner_noun_agreement	Write a natural, coherent English sentence.
499	4	Wayne kissed those unconvinced men.	Wayne kissed that unconvinced men.	-93.5	-93.5	-10.375	-10.375	False	False	morphology	determiner_noun_agreement	Write a natural, coherent English sentence.
500	4	Douglas has brought those lost cacti.	Douglas has brought that lost cacti.	-93.5	-93.5	-10.375	-10.375	False	False	morphology	determiner_noun_agreement	Write a natural, coherent English sentence.
501	4	Tammy can't reveal that big alumnus.	Tammy can't reveal those big alumnus.	-124.5	-124.5	-10.375	-10.375	False	False	morphology	determiner_noun_agreement	Write a natural, coherent English sentence.
502	4	Deborah fled from those standing children.	Deborah fled from that standing children.	-93.5	-93.5	-10.375	-10.375	False	False	morphology	determiner_noun_agreement	Write a natural, coherent English sentence.
503	4	A man wasn't cleaning that hard fungus.	A man wasn't cleaning those hard fungus.	-124.5	-124.5	-10.375	-10.375	False	False	morphology	determiner_noun_agreement	Write a natural, coherent English sentence.
504	4	Danielle has broken those gray teeth.	Danielle has broken that gray teeth.	-83.0	-83.0	-10.375	-10.375	False	False	morphology	determiner_noun_agreement	Write a natural, coherent English sentence.
505	4	Derek praised this big thesis.	Derek praised these big thesis.	-72.5	-72.5	-10.375	-10.375	False	False	morphology	determiner_noun_agreement	Write a natural, coherent English sentence.
506	4	Gary has disgusted those unsure people.	Gary has disgusted that unsure people.	-93.5	-93.5	-10.375	-10.375	False	False	morphology	determiner_noun_agreement	Write a natural, coherent English sentence.
507	4	A senator insulted this bad synopsis.	A senator insulted these bad synopsis.	-103.5	-103.5	-10.375	-10.375	False	False	morphology	determiner_noun_agreement	Write a natural, coherent English sentence.
508	4	A lot of drivers visit these purple oases.	A lot of drivers visit this purple oases.	-104.0	-104.0	-10.375	-10.375	False	False	morphology	determiner_noun_agreement	Write a natural, coherent English sentence.
509	4	Richard isn't attacking this fast child.	Richard isn't attacking these fast child.	-93.5	-93.5	-10.375	-10.375	False	False	morphology	determiner_noun_agreement	Write a natural, coherent English sentence.
510	4	Frank shocked that unsure man.	Frank shocked those unsure man.	-72.5	-72.5	-10.375	-10.375	False	False	morphology	determiner_noun_agreement	Write a natural, coherent English sentence.
511	4	Brett returned to that confident man.	Brett returned to those confident man.	-83.0	-83.0	-10.375	-10.375	False	False	morphology	determiner_noun_agreement	Write a natural, coherent English sentence.
512	4	Many ladies weren't passing these old oases.	Many ladies weren't passing this old oases.	-114.0	-114.0	-10.375	-10.375	False	False	morphology	determiner_noun_agreement	Write a natural, coherent English sentence.
513	4	A waiter brought those purple teeth.	A waiter brought that purple teeth.	-83.0	-83.0	-10.375	-10.375	False	False	morphology	determiner_noun_agreement	Write a natural, coherent English sentence.
514	4	Beverly has fired this fast alumnus.	Beverly has fired these fast alumnus.	-104.0	-104.0	-10.375	-10.375	False	False	morphology	determiner_noun_agreement	Write a natural, coherent English sentence.
515	4	Men haven't observed that standing man.	Men haven't observed those standing man.	-93.5	-93.5	-10.375	-10.375	False	False	morphology	determiner_noun_agreement	Write a natural, coherent English sentence.
516	4	Tiffany admired this ill child.	Tiffany admired these ill child.	-93.5	-93.5	-10.375	-10.375	False	False	morphology	determiner_noun_agreement	Write a natural, coherent English sentence.
517	4	That patient didn't love that unemployed alumnus.	That patient didn't love those unemployed alumnus.	-135.0	-135.0	-10.375	-10.375	False	False	morphology	determiner_noun_agreement	Write a natural, coherent English sentence.
518	4	Aaron reveals that red tooth.	Aaron reveals those red tooth.	-62.25	-62.25	-10.375	-10.375	False	False	morphology	determiner_noun_agreement	Write a natural, coherent English sentence.
519	4	Monica was insulting those bad people.	Monica was insulting that bad people.	-93.5	-93.5	-10.375	-10.375	False	False	morphology	determiner_noun_agreement	Write a natural, coherent English sentence.
520	4	These teenagers watch that old alumnus.	These teenagers watch those old alumnus.	-103.5	-103.5	-10.375	-10.375	False	False	morphology	determiner_noun_agreement	Write a natural, coherent English sentence.
521	4	Tina might confuse this exposed child.	Tina might confuse these exposed child.	-93.5	-93.5	-10.375	-10.375	False	False	morphology	determiner_noun_agreement	Write a natural, coherent English sentence.
522	4	A face was confusing that nice woman.	A face was confusing those nice woman.	-83.0	-83.0	-10.375	-10.375	False	False	morphology	determiner_noun_agreement	Write a natural, coherent English sentence.
523	4	An adult researches that good analysis.	An adult researches those good analysis.	-104.0	-104.0	-10.375	-10.375	False	False	morphology	determiner_noun_agreement	Write a natural, coherent English sentence.
524	4	Some broccoli isn't annoying these unconvinced women.	Some broccoli isn't annoying this unconvinced women.	-156.0	-156.0	-10.375	-10.375	False	False	morphology	determiner_noun_agreement	Write a natural, coherent English sentence.
525	4	Nancy talks about these content children.	Nancy talks about this content children.	-72.5	-72.5	-10.375	-10.375	False	False	morphology	determiner_noun_agreement	Write a natural, coherent English sentence.
526	4	Regina found this lost ox.	Regina found these lost ox.	-83.0	-83.0	-10.375	-10.375	False	False	morphology	determiner_noun_agreement	Write a natural, coherent English sentence.
527	4	Emily had respected that clever man.	Emily had respected those clever man.	-72.5	-72.5	-10.375	-10.375	False	False	morphology	determiner_noun_agreement	Write a natural, coherent English sentence.
528	4	Kathleen has worked with this confident man.	Kathleen has worked with these confident man.	-93.5	-93.5	-10.375	-10.375	False	False	morphology	determiner_noun_agreement	Write a natural, coherent English sentence.
529	4	Most customers are distracting these determined children.	Most customers are distracting this determined children.	-93.5	-93.5	-10.375	-10.375	False	False	morphology	determiner_noun_agreement	Write a natural, coherent English sentence.
530	4	Rachelle didn't cure this black octopus.	Rachelle didn't cure these black octopus.	-124.5	-124.5	-10.375	-10.375	False	False	morphology	determiner_noun_agreement	Write a natural, coherent English sentence.
531	4	Steven hugs these standing men.	Steven hugs this standing men.	-72.5	-72.5	-10.375	-10.375	False	False	morphology	determiner_noun_agreement	Write a natural, coherent English sentence.
532	4	Every popsicle shocked those excited men.	Every popsicle shocked that excited men.	-93.5	-93.5	-10.375	-10.375	False	False	morphology	determiner_noun_agreement	Write a natural, coherent English sentence.
533	4	Sonia lifts that new oasis.	Sonia lifts those new oasis.	-93.5	-93.5	-10.375	-10.375	False	False	morphology	determiner_noun_agreement	Write a natural, coherent English sentence.
534	4	Cheryl might tour that purple oasis.	Cheryl might tour those purple oasis.	-93.5	-93.5	-10.375	-10.375	False	False	morphology	determiner_noun_agreement	Write a natural, coherent English sentence.
535	4	This doctor appreciates this bad child.	This doctor appreciates these bad child.	-83.0	-83.0	-10.375	-10.375	False	False	morphology	determiner_noun_agreement	Write a natural, coherent English sentence.
536	4	Leslie breaks those red feet.	Leslie breaks that red feet.	-72.5	-72.5	-10.375	-10.375	False	False	morphology	determiner_noun_agreement	Write a natural, coherent English sentence.
537	4	Bethany hasn't hidden that yellow louse.	Bethany hasn't hidden those yellow louse.	-114.0	-114.0	-10.375	-10.375	False	False	morphology	determiner_noun_agreement	Write a natural, coherent English sentence.
538	4	Some people have criticized this brown thesis.	Some people have criticized these brown thesis.	-93.5	-93.5	-10.375	-10.375	False	False	morphology	determiner_noun_agreement	Write a natural, coherent English sentence.
539	4	Noah heals this determined child.	Noah heals these determined child.	-72.5	-72.5	-10.375	-10.375	False	False	morphology	determiner_noun_agreement	Write a natural, coherent English sentence.
540	4	Kevin biked to those big oases.	Kevin biked to that big oases.	-104.0	-104.0	-10.375	-10.375	False	False	morphology	determiner_noun_agreement	Write a natural, coherent English sentence.
541	4	Wayne hadn't bored these sick men.	Wayne hadn't bored this sick men.	-93.5	-93.5	-10.375	-10.375	False	False	morphology	determiner_noun_agreement	Write a natural, coherent English sentence.
542	4	Amy returns to those young alumni.	Amy returns to that young alumni.	-93.5	-93.5	-10.375	-10.375	False	False	morphology	determiner_noun_agreement	Write a natural, coherent English sentence.
543	4	That gate did aggravate this excited woman.	That gate did aggravate these excited woman.	-104.0	-104.0	-10.375	-10.375	False	False	morphology	determiner_noun_agreement	Write a natural, coherent English sentence.
544	4	Melissa observes that bad child.	Melissa observes those bad child.	-83.0	-83.0	-10.375	-10.375	False	False	morphology	determiner_noun_agreement	Write a natural, coherent English sentence.
545	4	Kathleen wasn't scanning those long synopses.	Kathleen wasn't scanning that long synopses.	-135.0	-135.0	-10.375	-10.375	False	False	morphology	determiner_noun_agreement	Write a natural, coherent English sentence.
546	4	That guy dropped by these white oases.	That guy dropped by this white oases.	-93.5	-93.5	-10.375	-10.375	False	False	morphology	determiner_noun_agreement	Write a natural, coherent English sentence.
547	4	Every child might fire this serious child.	Every child might fire these serious child.	-83.0	-83.0	-10.375	-10.375	False	False	morphology	determiner_noun_agreement	Write a natural, coherent English sentence.
548	4	Meredith had concealed that black thesis.	Meredith had concealed those black thesis.	-104.0	-104.0	-10.375	-10.375	False	False	morphology	determiner_noun_agreement	Write a natural, coherent English sentence.
549	4	Randolf didn't see these blue teeth.	Randolf didn't see this blue teeth.	-104.0	-104.0	-10.375	-10.375	False	False	morphology	determiner_noun_agreement	Write a natural, coherent English sentence.
550	4	Some guy passes that rough oasis.	Some guy passes those rough oasis.	-83.0	-83.0	-10.375	-10.375	False	False	morphology	determiner_noun_agreement	Write a natural, coherent English sentence.
551	4	Guys hurts that smart man.	Guys hurts those smart man.	-83.0	-83.0	-10.375	-10.375	False	False	morphology	determiner_noun_agreement	Write a natural, coherent English sentence.
552	4	Many museums should describe this fast man.	Many museums should describe these fast man.	-93.5	-93.5	-10.375	-10.375	False	False	morphology	determiner_noun_agreement	Write a natural, coherent English sentence.
553	4	A lot of chairs haven't embarrassed this serious man.	A lot of chairs haven't embarrassed these serious man.	-124.5	-124.5	-10.375	-10.375	False	False	morphology	determiner_noun_agreement	Write a natural, coherent English sentence.
554	4	Emily talked about that ill alumnus.	Emily talked about those ill alumnus.	-93.5	-93.5	-10.375	-10.375	False	False	morphology	determiner_noun_agreement	Write a natural, coherent English sentence.
555	4	A lot of girls notice these black lice.	A lot of girls notice this black lice.	-104.0	-104.0	-10.375	-10.375	False	False	morphology	determiner_noun_agreement	Write a natural, coherent English sentence.
556	4	Those schools reference that green thesis.	Those schools reference those green thesis.	-72.5	-72.5	-10.375	-10.375	False	False	morphology	determiner_noun_agreement	Write a natural, coherent English sentence.
557	4	Bradley had bored this delighted alumnus.	Bradley had bored these delighted alumnus.	-104.0	-104.0	-10.375	-10.375	False	False	morphology	determiner_noun_agreement	Write a natural, coherent English sentence.
558	4	Melinda scares this good woman.	Melinda scares these good woman.	-83.0	-83.0	-10.375	-10.375	False	False	morphology	determiner_noun_agreement	Write a natural, coherent English sentence.
559	4	Those pedestrians go to those big oases.	Those pedestrians go to that big oases.	-114.0	-114.0	-10.375	-10.375	False	False	morphology	determiner_noun_agreement	Write a natural, coherent English sentence.
560	4	Many doctors escaped from that lost child.	Many doctors escaped from those lost child.	-83.0	-83.0	-10.375	-10.375	False	False	morphology	determiner_noun_agreement	Write a natural, coherent English sentence.
561	4	Tamara isn't revealing that orange ox.	Tamara isn't revealing those orange ox.	-104.0	-104.0	-10.375	-10.375	False	False	morphology	determiner_noun_agreement	Write a natural, coherent English sentence.
562	4	Many patients arrive at that hidden oasis.	Many patients arrive at those hidden oasis.	-93.5	-93.5	-10.375	-10.375	False	False	morphology	determiner_noun_agreement	Write a natural, coherent English sentence.
563	4	Beth leaves these happy children.	Beth leaves this happy children.	-62.25	-62.25	-10.375	-10.375	False	False	morphology	determiner_noun_agreement	Write a natural, coherent English sentence.
564	4	Deanna broke that yellow foot.	Deanna broke those yellow foot.	-72.5	-72.5	-10.375	-10.375	False	False	morphology	determiner_noun_agreement	Write a natural, coherent English sentence.
565	4	Jessica had talked to that concealed man.	Jessica had talked to those concealed man.	-93.5	-93.5	-10.375	-10.375	False	False	morphology	determiner_noun_agreement	Write a natural, coherent English sentence.
566	4	Those actors praise those long synopses.	Those actors praise that long synopses.	-93.5	-93.5	-10.375	-10.375	False	False	morphology	determiner_noun_agreement	Write a natural, coherent English sentence.
567	4	This coat hasn't astounded these popular men.	This coat hasn't astounded this popular men.	-124.5	-124.5	-10.375	-10.375	False	False	morphology	determiner_noun_agreement	Write a natural, coherent English sentence.
568	4	Wendy does talk to this scared alumnus.	Wendy does talk to these scared alumnus.	-114.0	-114.0	-10.375	-10.375	False	False	morphology	determiner_noun_agreement	Write a natural, coherent English sentence.
569	4	Christine is questioning these happy men.	Christine is questioning this happy men.	-83.0	-83.0	-10.375	-10.375	False	False	morphology	determiner_noun_agreement	Write a natural, coherent English sentence.
570	4	All doctors loved that displeased man.	All doctors loved those displeased man.	-93.5	-93.5	-10.375	-10.375	False	False	morphology	determiner_noun_agreement	Write a natural, coherent English sentence.
571	4	Waitresses researched these long synopses.	Waitresses researched this long synopses.	-135.0	-135.0	-10.375	-10.375	False	False	morphology	determiner_noun_agreement	Write a natural, coherent English sentence.
572	4	Alexander can flee from this nice woman.	Alexander can flee from these nice woman.	-93.5	-93.5	-10.375	-10.375	False	False	morphology	determiner_noun_agreement	Write a natural, coherent English sentence.
573	4	Walter hadn't hated this fast man.	Walter hadn't hated these fast man.	-93.5	-93.5	-10.375	-10.375	False	False	morphology	determiner_noun_agreement	Write a natural, coherent English sentence.
574	4	Those cashiers buy those smooth lice.	Those cashiers buy that smooth lice.	-93.5	-93.5	-10.375	-10.375	False	False	morphology	determiner_noun_agreement	Write a natural, coherent English sentence.
575	4	Sonia hid that determined child.	Sonia hid those determined child.	-72.5	-72.5	-10.375	-10.375	False	False	morphology	determiner_noun_agreement	Write a natural, coherent English sentence.
576	4	Barbara is observing that excited person.	Barbara is observing those excited person.	-83.0	-83.0	-10.375	-10.375	False	False	morphology	determiner_noun_agreement	Write a natural, coherent English sentence.
577	4	That company stuns these unconvinced women.	That company stuns this unconvinced women.	-114.0	-114.0	-10.375	-10.375	False	False	morphology	determiner_noun_agreement	Write a natural, coherent English sentence.
578	4	Paul thought about those bad theses.	Paul thought about that bad theses.	-83.0	-83.0	-10.375	-10.375	False	False	morphology	determiner_noun_agreement	Write a natural, coherent English sentence.
579	4	Victoria escaped from these displeased children.	Victoria escaped from this displeased children.	-93.5	-93.5	-10.375	-10.375	False	False	morphology	determiner_noun_agreement	Write a natural, coherent English sentence.
580	4	Brad notices this big octopus.	Brad notices these big octopus.	-93.5	-93.5	-10.375	-10.375	False	False	morphology	determiner_noun_agreement	Write a natural, coherent English sentence.
581	4	Adam is praising those yellow theses.	Adam is praising that yellow theses.	-93.5	-93.5	-10.375	-10.375	False	False	morphology	determiner_noun_agreement	Write a natural, coherent English sentence.
582	4	Douglas did tour those hidden oases.	Douglas did tour that hidden oases.	-83.0	-83.0	-10.375	-10.375	False	False	morphology	determiner_noun_agreement	Write a natural, coherent English sentence.
583	4	Gerald couldn't know these happy men.	Gerald couldn't know this happy men.	-104.0	-104.0	-10.375	-10.375	False	False	morphology	determiner_noun_agreement	Write a natural, coherent English sentence.
584	4	Those women hug that smart man.	Those women hug those smart man.	-72.5	-72.5	-10.375	-10.375	False	False	morphology	determiner_noun_agreement	Write a natural, coherent English sentence.
585	4	These senators wouldn't forget that long synopsis.	These senators wouldn't forget those long synopsis.	-124.5	-124.5	-10.375	-10.375	False	False	morphology	determiner_noun_agreement	Write a natural, coherent English sentence.
586	4	Edward took those lost stimuli.	Edward took that lost stimuli.	-72.5	-72.5	-10.375	-10.375	False	False	morphology	determiner_noun_agreement	Write a natural, coherent English sentence.
587	4	The waitresses did know this lucky person.	The waitresses did know these lucky person.	-104.0	-104.0	-10.375	-10.375	False	False	morphology	determiner_noun_agreement	Write a natural, coherent English sentence.
588	4	That library might love this important person.	That library might love these important person.	-83.0	-83.0	-10.375	-10.375	False	False	morphology	determiner_noun_agreement	Write a natural, coherent English sentence.
589	4	Carrie was healing this gray octopus.	Carrie was healing these gray octopus.	-104.0	-104.0	-10.375	-10.375	False	False	morphology	determiner_noun_agreement	Write a natural, coherent English sentence.
590	4	Sonia hadn't cleaned those gray teeth.	Sonia hadn't cleaned that gray teeth.	-104.0	-104.0	-10.375	-10.375	False	False	morphology	determiner_noun_agreement	Write a natural, coherent English sentence.
591	4	The Lutherans alarmed this confident woman.	The Lutherans alarmed these confident woman.	-93.5	-93.5	-10.375	-10.375	False	False	morphology	determiner_noun_agreement	Write a natural, coherent English sentence.
592	4	This shirt impressed those popular people.	This shirt impressed that popular people.	-72.5	-72.5	-10.375	-10.375	False	False	morphology	determiner_noun_agreement	Write a natural, coherent English sentence.
593	4	Some schools love that employed person.	Some schools love those employed person.	-72.5	-72.5	-10.375	-10.375	False	False	morphology	determiner_noun_agreement	Write a natural, coherent English sentence.
594	4	Valerie hasn't known this young child.	Valerie hasn't known these young child.	-104.0	-104.0	-10.375	-10.375	False	False	morphology	determiner_noun_agreement	Write a natural, coherent English sentence.
595	4	Scott respected those displeased men.	Scott respected that displeased men.	-83.0	-83.0	-10.375	-10.375	False	False	morphology	determiner_noun_agreement	Write a natural, coherent English sentence.
596	4	The ladies work with those lost children.	The ladies work with that lost children.	-83.0	-83.0	-10.375	-10.375	False	False	morphology	determiner_noun_agreement	Write a natural, coherent English sentence.
597	4	Dawn had biked to this small oasis.	Dawn had biked to these small oasis.	-124.5	-124.5	-10.375	-10.375	False	False	morphology	determiner_noun_agreement	Write a natural, coherent English sentence.
598	4	Samantha would explore that gray oasis.	Samantha would explore those gray oasis.	-104.0	-104.0	-10.375	-10.375	False	False	morphology	determiner_noun_agreement	Write a natural, coherent English sentence.
599	4	All steps upset those unemployed men.	All steps upset that unemployed men.	-83.0	-83.0	-10.375	-10.375	False	False	morphology	determiner_noun_agreement	Write a natural, coherent English sentence.
600	4	Marla has described that unemployed woman.	Marla has described those unemployed woman.	-93.5	-93.5	-10.375	-10.375	False	False	morphology	determiner_noun_agreement	Write a natural, coherent English sentence.
601	4	Most universities bore those excited children.	Most universities bore that excited children.	-72.5	-72.5	-10.375	-10.375	False	False	morphology	determiner_noun_agreement	Write a natural, coherent English sentence.
602	4	These banks should reference that purple thesis.	These banks should reference those purple thesis.	-83.0	-83.0	-10.375	-10.375	False	False	morphology	determiner_noun_agreement	Write a natural, coherent English sentence.
603	4	Sherry brought those concealed geese.	Sherry brought that concealed geese.	-93.5	-93.5	-10.375	-10.375	False	False	morphology	determiner_noun_agreement	Write a natural, coherent English sentence.
604	4	Many pedestrians complain about these long analyses.	Many pedestrians complain about this long analyses.	-114.0	-114.0	-10.375	-10.375	False	False	morphology	determiner_noun_agreement	Write a natural, coherent English sentence.
605	4	Theresa fixed these small teeth.	Theresa fixed this small teeth.	-72.5	-72.5	-10.375	-10.375	False	False	morphology	determiner_noun_agreement	Write a natural, coherent English sentence.
606	4	This lake disturbed those unconvinced men.	This lake disturbed that unconvinced men.	-114.0	-114.0	-10.375	-10.375	False	False	morphology	determiner_noun_agreement	Write a natural, coherent English sentence.
607	4	Catherine was talking about those bad synopses.	Catherine was talking about that bad synopses.	-104.0	-104.0	-10.375	-10.375	False	False	morphology	determiner_noun_agreement	Write a natural, coherent English sentence.
608	4	Alicia had escaped from these hidden men.	Alicia had escaped from this hidden men.	-104.0	-104.0	-10.375	-10.375	False	False	morphology	determiner_noun_agreement	Write a natural, coherent English sentence.
609	4	Natalie hasn't worked with this confident woman.	Natalie hasn't worked with these confident woman.	-114.0	-114.0	-10.375	-10.375	False	False	morphology	determiner_noun_agreement	Write a natural, coherent English sentence.
610	4	Amelia annoyed this smart man.	Amelia annoyed these smart man.	-83.0	-83.0	-10.375	-10.375	False	False	morphology	determiner_noun_agreement	Write a natural, coherent English sentence.
611	4	Every guest is irritating this serious child.	Every guest is irritating these serious child.	-93.5	-93.5	-10.375	-10.375	False	False	morphology	determiner_noun_agreement	Write a natural, coherent English sentence.
612	4	All reports annoyed this hopeful person.	All reports annoyed these hopeful person.	-93.5	-93.5	-10.375	-10.375	False	False	morphology	determiner_noun_agreement	Write a natural, coherent English sentence.
613	4	These women break those orange teeth.	These women break that orange teeth.	-72.5	-72.5	-10.375	-10.375	False	False	morphology	determiner_noun_agreement	Write a natural, coherent English sentence.
614	4	Christopher could shock this excited child.	Christopher could shock these excited child.	-72.5	-72.5	-10.375	-10.375	False	False	morphology	determiner_noun_agreement	Write a natural, coherent English sentence.
615	4	This spotlight hasn't disgusted that employed child.	This spotlight hasn't disgusted those employed child.	-124.5	-124.5	-10.375	-10.375	False	False	morphology	determiner_noun_agreement	Write a natural, coherent English sentence.
616	4	Samantha fled from that busy child.	Samantha fled from those busy child.	-93.5	-93.5	-10.375	-10.375	False	False	morphology	determiner_noun_agreement	Write a natural, coherent English sentence.
617	4	Lucille arrived at that hard oasis.	Lucille arrived at those hard oasis.	-93.5	-93.5	-10.375	-10.375	False	False	morphology	determiner_noun_agreement	Write a natural, coherent English sentence.
618	4	All teachers see those yellow lice.	All teachers see that yellow lice.	-83.0	-83.0	-10.375	-10.375	False	False	morphology	determiner_noun_agreement	Write a natural, coherent English sentence.
619	4	Some photographs haven't looked like these small octopi.	Some photographs haven't looked like this small octopi.	-135.0	-135.0	-10.375	-10.375	False	False	morphology	determiner_noun_agreement	Write a natural, coherent English sentence.
620	4	Danielle brought those blue feet.	Danielle brought that blue feet.	-72.5	-72.5	-10.375	-10.375	False	False	morphology	determiner_noun_agreement	Write a natural, coherent English sentence.
621	4	Todd hadn't left those exposed men.	Todd hadn't left that exposed men.	-93.5	-93.5	-10.375	-10.375	False	False	morphology	determiner_noun_agreement	Write a natural, coherent English sentence.
622	4	Some doctors embarrasses those delighted alumni.	Some doctors embarrasses that delighted alumni.	-104.0	-104.0	-10.375	-10.375	False	False	morphology	determiner_noun_agreement	Write a natural, coherent English sentence.
623	4	The actresses forget that unemployed alumnus.	The actresses forget those unemployed alumnus.	-114.0	-114.0	-10.375	-10.375	False	False	morphology	determiner_noun_agreement	Write a natural, coherent English sentence.
624	4	A lot of socks alarm this unsure alumnus.	A lot of socks alarm these unsure alumnus.	-124.5	-124.5	-10.375	-10.375	False	False	morphology	determiner_noun_agreement	Write a natural, coherent English sentence.
625	4	The customers are thinking about that busy child.	The customers are thinking about those busy child.	-93.5	-93.5	-10.375	-10.375	False	False	morphology	determiner_noun_agreement	Write a natural, coherent English sentence.
626	4	Kristin wasn't kissing those small men.	Kristin wasn't kissing that small men.	-114.0	-114.0	-10.375	-10.375	False	False	morphology	determiner_noun_agreement	Write a natural, coherent English sentence.
627	4	Omar hasn't broken this broken foot.	Omar hasn't broken these broken foot.	-104.0	-104.0	-10.375	-10.375	False	False	morphology	determiner_noun_agreement	Write a natural, coherent English sentence.
628	4	The actress worked with this nice woman.	The actress worked with these nice woman.	-83.0	-83.0	-10.375	-10.375	False	False	morphology	determiner_noun_agreement	Write a natural, coherent English sentence.
629	4	Patients insult these happy people.	Patients insult this happy people.	-72.5	-72.5	-10.375	-10.375	False	False	morphology	determiner_noun_agreement	Write a natural, coherent English sentence.
630	4	Spain bought those orange lice.	Spain bought that orange lice.	-72.5	-72.5	-10.375	-10.375	False	False	morphology	determiner_noun_agreement	Write a natural, coherent English sentence.
631	4	Those waiters didn't kiss this unlucky child.	Those waiters didn't kiss these unlucky child.	-135.0	-135.0	-10.375	-10.375	False	False	morphology	determiner_noun_agreement	Write a natural, coherent English sentence.
632	4	Jennifer isn't touring these old oases.	Jennifer isn't touring this old oases.	-114.0	-114.0	-10.375	-10.375	False	False	morphology	determiner_noun_agreement	Write a natural, coherent English sentence.
633	4	Glaciers upset this small child.	Glaciers upset these small child.	-83.0	-83.0	-10.375	-10.375	False	False	morphology	determiner_noun_agreement	Write a natural, coherent English sentence.
634	4	John investigated these old men.	John investigated this old men.	-62.25	-62.25	-10.375	-10.375	False	False	morphology	determiner_noun_agreement	Write a natural, coherent English sentence.
635	4	Some doctors hated these yellow theses.	Some doctors hated this yellow theses.	-83.0	-83.0	-10.375	-10.375	False	False	morphology	determiner_noun_agreement	Write a natural, coherent English sentence.
636	4	Linda described that clever man.	Linda described those clever man.	-62.25	-62.25	-10.375	-10.375	False	False	morphology	determiner_noun_agreement	Write a natural, coherent English sentence.
637	4	Many drawings are looking like these excited women.	Many drawings are looking like this excited women.	-93.5	-93.5	-10.375	-10.375	False	False	morphology	determiner_noun_agreement	Write a natural, coherent English sentence.
638	4	Mitchell had concealed that small tooth.	Mitchell had concealed those small tooth.	-83.0	-83.0	-10.375	-10.375	False	False	morphology	determiner_noun_agreement	Write a natural, coherent English sentence.
639	4	Every dog had irritated this young child.	Every dog had irritated these young child.	-93.5	-93.5	-10.375	-10.375	False	False	morphology	determiner_noun_agreement	Write a natural, coherent English sentence.
640	4	Some doctors lift this exposed ox.	Some doctors lift these exposed ox.	-72.5	-72.5	-10.375	-10.375	False	False	morphology	determiner_noun_agreement	Write a natural, coherent English sentence.
641	4	Valerie was disgusting that happy woman.	Valerie was disgusting those happy woman.	-93.5	-93.5	-10.375	-10.375	False	False	morphology	determiner_noun_agreement	Write a natural, coherent English sentence.
642	4	Claire hugs those clever men.	Claire hugs that clever men.	-72.5	-72.5	-10.375	-10.375	False	False	morphology	determiner_noun_agreement	Write a natural, coherent English sentence.
643	4	All adults go to these white oases.	All adults go to this white oases.	-93.5	-93.5	-10.375	-10.375	False	False	morphology	determiner_noun_agreement	Write a natural, coherent English sentence.
644	4	Bill observed this nice child.	Bill observed these nice child.	-62.25	-62.25	-10.375	-10.375	False	False	morphology	determiner_noun_agreement	Write a natural, coherent English sentence.
645	4	Diana kissed these delighted alumni.	Diana kissed this delighted alumni.	-83.0	-83.0	-10.375	-10.375	False	False	morphology	determiner_noun_agreement	Write a natural, coherent English sentence.
646	4	Governments are describing those sick people.	Governments are describing that sick people.	-83.0	-83.0	-10.375	-10.375	False	False	morphology	determiner_noun_agreement	Write a natural, coherent English sentence.
647	4	The doctors cure that young woman.	The doctors cure those young woman.	-72.5	-72.5	-10.375	-10.375	False	False	morphology	determiner_noun_agreement	Write a natural, coherent English sentence.
648	4	Dancers did disagree with this ill child.	Dancers did disagree with these ill child.	-93.5	-93.5	-10.375	-10.375	False	False	morphology	determiner_noun_agreement	Write a natural, coherent English sentence.
649	4	Veronica couldn't embarrass these exposed men.	Veronica couldn't embarrass this exposed men.	-114.0	-114.0	-10.375	-10.375	False	False	morphology	determiner_noun_agreement	Write a natural, coherent English sentence.
650	4	The students cared for that delighted man.	The students cared for those delighted man.	-83.0	-83.0	-10.375	-10.375	False	False	morphology	determiner_noun_agreement	Write a natural, coherent English sentence.
651	4	Steve conceals these important men.	Steve conceals this important men.	-72.5	-72.5	-10.375	-10.375	False	False	morphology	determiner_noun_agreement	Write a natural, coherent English sentence.
652	4	These actresses will talk to these content men.	These actresses will talk to this content men.	-104.0	-104.0	-10.375	-10.375	False	False	morphology	determiner_noun_agreement	Write a natural, coherent English sentence.
653	4	That teenager wouldn't buy these rough oxen.	That teenager wouldn't buy this rough oxen.	-114.0	-114.0	-10.375	-10.375	False	False	morphology	determiner_noun_agreement	Write a natural, coherent English sentence.
654	4	Sheila wouldn't kiss that happy child.	Sheila wouldn't kiss those happy child.	-104.0	-104.0	-10.375	-10.375	False	False	morphology	determiner_noun_agreement	Write a natural, coherent English sentence.
655	4	Erin drove to these out in the open oases.	Erin drove to this out in the open oases.	-124.5	-124.5	-10.375	-10.375	False	False	morphology	determiner_noun_agreement	Write a natural, coherent English sentence.
656	4	Every hat has embarrassed those hopeful people.	Every hat has embarrassed that hopeful people.	-93.5	-93.5	-10.375	-10.375	False	False	morphology	determiner_noun_agreement	Write a natural, coherent English sentence.
657	4	Every man is fleeing from that exposed oasis.	Every man is fleeing from those exposed oasis.	-114.0	-114.0	-10.375	-10.375	False	False	morphology	determiner_noun_agreement	Write a natural, coherent English sentence.
658	4	Some adults visit this ill man.	Some adults visit these ill man.	-72.5	-72.5	-10.375	-10.375	False	False	morphology	determiner_noun_agreement	Write a natural, coherent English sentence.
659	4	Janet did lift that good thesis.	Janet did lift those good thesis.	-83.0	-83.0	-10.375	-10.375	False	False	morphology	determiner_noun_agreement	Write a natural, coherent English sentence.
660	4	Katherine was cleaning this orange tooth.	Katherine was cleaning these orange tooth.	-83.0	-83.0	-10.375	-10.375	False	False	morphology	determiner_noun_agreement	Write a natural, coherent English sentence.
661	4	A lot of tomatoes can't confuse these ill alumni.	A lot of tomatoes can't confuse this ill alumni.	-166.0	-166.0	-10.375	-10.375	False	False	morphology	determiner_noun_agreement	Write a natural, coherent English sentence.
662	4	Rose goes to those out in the open oases.	Rose goes to that out in the open oases.	-114.0	-114.0	-10.375	-10.375	False	False	morphology	determiner_noun_agreement	Write a natural, coherent English sentence.
663	4	These governments criticize those gray oases.	These governments criticize that gray oases.	-93.5	-93.5	-10.375	-10.375	False	False	morphology	determiner_noun_agreement	Write a natural, coherent English sentence.
664	4	Kevin forgot those delighted men.	Kevin forgot that delighted men.	-62.25	-62.25	-10.375	-10.375	False	False	morphology	determiner_noun_agreement	Write a natural, coherent English sentence.
665	4	Most companies describe that long analysis.	Most companies describe those long analysis.	-72.5	-72.5	-10.375	-10.375	False	False	morphology	determiner_noun_agreement	Write a natural, coherent English sentence.
666	4	Vincent was skated around this small oasis.	Vincent was skated around these small oasis.	-104.0	-104.0	-10.375	-10.375	False	False	morphology	determiner_noun_agreement	Write a natural, coherent English sentence.
667	4	Many guys arrive at these out in the open oases.	Many guys arrive at this out in the open oases.	-124.5	-124.5	-10.375	-10.375	False	False	morphology	determiner_noun_agreement	Write a natural, coherent English sentence.
668	4	Gregory hadn't revealed these lost fungi.	Gregory hadn't revealed this lost fungi.	-104.0	-104.0	-10.375	-10.375	False	False	morphology	determiner_noun_agreement	Write a natural, coherent English sentence.
669	4	The cake stuns this standing man.	The cake stuns these standing man.	-83.0	-83.0	-10.375	-10.375	False	False	morphology	determiner_noun_agreement	Write a natural, coherent English sentence.
670	4	Cheryl isn't irritating that clever man.	Cheryl isn't irritating those clever man.	-114.0	-114.0	-10.375	-10.375	False	False	morphology	determiner_noun_agreement	Write a natural, coherent English sentence.
671	4	Some cat bores those old children.	Some cat bores that old children.	-83.0	-83.0	-10.375	-10.375	False	False	morphology	determiner_noun_agreement	Write a natural, coherent English sentence.
672	4	The actress knows that delighted child.	The actress knows those delighted child.	-72.5	-72.5	-10.375	-10.375	False	False	morphology	determiner_noun_agreement	Write a natural, coherent English sentence.
673	4	That actress had driven to these hidden oases.	That actress had driven to this hidden oases.	-104.0	-104.0	-10.375	-10.375	False	False	morphology	determiner_noun_agreement	Write a natural, coherent English sentence.
674	4	The Lutherans arrive at this cheap oasis.	The Lutherans arrive at these cheap oasis.	-104.0	-104.0	-10.375	-10.375	False	False	morphology	determiner_noun_agreement	Write a natural, coherent English sentence.
675	4	Diane was kissing those lost women.	Diane was kissing that lost women.	-93.5	-93.5	-10.375	-10.375	False	False	morphology	determiner_noun_agreement	Write a natural, coherent English sentence.
676	4	Larry disturbs this employed woman.	Larry disturbs these employed woman.	-83.0	-83.0	-10.375	-10.375	False	False	morphology	determiner_noun_agreement	Write a natural, coherent English sentence.
677	4	Pies shock this upset woman.	Pies shock these upset woman.	-72.5	-72.5	-10.375	-10.375	False	False	morphology	determiner_noun_agreement	Write a natural, coherent English sentence.
678	4	Some waiters hug this content alumnus.	Some waiters hug these content alumnus.	-104.0	-104.0	-10.375	-10.375	False	False	morphology	determiner_noun_agreement	Write a natural, coherent English sentence.
679	4	Anna talked to those unsure men.	Anna talked to that unsure men.	-83.0	-83.0	-10.375	-10.375	False	False	morphology	determiner_noun_agreement	Write a natural, coherent English sentence.
680	4	This school bores this determined man.	This school bores these determined man.	-83.0	-83.0	-10.375	-10.375	False	False	morphology	determiner_noun_agreement	Write a natural, coherent English sentence.
681	4	Omar had thought about these unemployed men.	Omar had thought about this unemployed men.	-104.0	-104.0	-10.375	-10.375	False	False	morphology	determiner_noun_agreement	Write a natural, coherent English sentence.
682	4	Winston Churchill cleaned these big nuclei.	Winston Churchill cleaned this big nuclei.	-104.0	-104.0	-10.375	-10.375	False	False	morphology	determiner_noun_agreement	Write a natural, coherent English sentence.
683	4	These organizations aren't concealing that exposed child.	These organizations aren't concealing those exposed child.	-114.0	-114.0	-10.375	-10.375	False	False	morphology	determiner_noun_agreement	Write a natural, coherent English sentence.
684	4	Erin bought this concealed axis.	Erin bought these concealed axis.	-83.0	-83.0	-10.375	-10.375	False	False	morphology	determiner_noun_agreement	Write a natural, coherent English sentence.
685	4	Dan examines this long analysis.	Dan examines these long analysis.	-72.5	-72.5	-10.375	-10.375	False	False	morphology	determiner_noun_agreement	Write a natural, coherent English sentence.
686	4	These drivers concealed these gray oxen.	These drivers concealed this gray oxen.	-93.5	-93.5	-10.375	-10.375	False	False	morphology	determiner_noun_agreement	Write a natural, coherent English sentence.
687	4	All children impresses this happy man.	All children impresses these happy man.	-83.0	-83.0	-10.375	-10.375	False	False	morphology	determiner_noun_agreement	Write a natural, coherent English sentence.
688	4	People will conceal that concealed man.	People will conceal those concealed man.	-93.5	-93.5	-10.375	-10.375	False	False	morphology	determiner_noun_agreement	Write a natural, coherent English sentence.
689	4	Some patient returns to this old man.	Some patient returns to these old man.	-83.0	-83.0	-10.375	-10.375	False	False	morphology	determiner_noun_agreement	Write a natural, coherent English sentence.
690	4	Many actresses discovered those big oases.	Many actresses discovered that big oases.	-93.5	-93.5	-10.375	-10.375	False	False	morphology	determiner_noun_agreement	Write a natural, coherent English sentence.
691	4	The school talks about those young alumni.	The school talks about that young alumni.	-104.0	-104.0	-10.375	-10.375	False	False	morphology	determiner_noun_agreement	Write a natural, coherent English sentence.
692	4	Omar admired these blue fungi.	Omar admired this blue fungi.	-93.5	-93.5	-10.375	-10.375	False	False	morphology	determiner_noun_agreement	Write a natural, coherent English sentence.
693	4	Some school can't hate these good people.	Some school can't hate this good people.	-104.0	-104.0	-10.375	-10.375	False	False	morphology	determiner_noun_agreement	Write a natural, coherent English sentence.
694	4	A lot of eggplants wouldn't disturb that determined woman.	A lot of eggplants wouldn't disturb those determined woman.	-145.0	-145.0	-10.375	-10.375	False	False	morphology	determiner_noun_agreement	Write a natural, coherent English sentence.
695	4	That cake could annoy these uncertain men.	That cake could annoy this uncertain men.	-83.0	-83.0	-10.375	-10.375	False	False	morphology	determiner_noun_agreement	Write a natural, coherent English sentence.
696	4	Lamps are worrying these hopeful alumni.	Lamps are worrying this hopeful alumni.	-114.0	-114.0	-10.375	-10.375	False	False	morphology	determiner_noun_agreement	Write a natural, coherent English sentence.
697	4	A lot of eggplants bore these excited alumni.	A lot of eggplants bore this excited alumni.	-135.0	-135.0	-10.375	-10.375	False	False	morphology	determiner_noun_agreement	Write a natural, coherent English sentence.
698	4	A lot of teachers arrived at these old oases.	A lot of teachers arrived at this old oases.	-114.0	-114.0	-10.375	-10.375	False	False	morphology	determiner_noun_agreement	Write a natural, coherent English sentence.
699	4	Most sweaters hurt those happy people.	Most sweaters hurt that happy people.	-83.0	-83.0	-10.375	-10.375	False	False	morphology	determiner_noun_agreement	Write a natural, coherent English sentence.
700	4	Tara scans those good analyses.	Tara scans that good analyses.	-93.5	-93.5	-10.375	-10.375	False	False	morphology	determiner_noun_agreement	Write a natural, coherent English sentence.
701	4	The man doesn't reference this out in the open woman.	The man doesn't reference these out in the open woman.	-135.0	-135.0	-10.375	-10.375	False	False	morphology	determiner_noun_agreement	Write a natural, coherent English sentence.
702	4	This cashier is leaving this employed person.	This cashier is leaving these employed person.	-93.5	-93.5	-10.375	-10.375	False	False	morphology	determiner_noun_agreement	Write a natural, coherent English sentence.
703	4	Bananas bother these clever alumni.	Bananas bother this clever alumni.	-93.5	-93.5	-10.375	-10.375	False	False	morphology	determiner_noun_agreement	Write a natural, coherent English sentence.
704	4	Some convertibles had worried those fast men.	Some convertibles had worried that fast men.	-93.5	-93.5	-10.375	-10.375	False	False	morphology	determiner_noun_agreement	Write a natural, coherent English sentence.
705	4	Carl bored those nice women.	Carl bored that nice women.	-62.25	-62.25	-10.375	-10.375	False	False	morphology	determiner_noun_agreement	Write a natural, coherent English sentence.
706	4	These teachers explore these old oases.	These teachers explore this old oases.	-83.0	-83.0	-10.375	-10.375	False	False	morphology	determiner_noun_agreement	Write a natural, coherent English sentence.
707	4	Many waiters work with this scared child.	Many waiters work with these scared child.	-93.5	-93.5	-10.375	-10.375	False	False	morphology	determiner_noun_agreement	Write a natural, coherent English sentence.
708	4	Committees admire that smart child.	Committees admire those smart child.	-93.5	-93.5	-10.375	-10.375	False	False	morphology	determiner_noun_agreement	Write a natural, coherent English sentence.
709	4	Matt approaches this exposed child.	Matt approaches these exposed child.	-62.25	-62.25	-10.375	-10.375	False	False	morphology	determiner_noun_agreement	Write a natural, coherent English sentence.
710	4	Brian talks to this lucky man.	Brian talks to these lucky man.	-72.5	-72.5	-10.375	-10.375	False	False	morphology	determiner_noun_agreement	Write a natural, coherent English sentence.
711	4	A boy isn't talking about that red oasis.	A boy isn't talking about those red oasis.	-124.5	-124.5	-10.375	-10.375	False	False	morphology	determiner_noun_agreement	Write a natural, coherent English sentence.
712	4	Phillip bought those black feet.	Phillip bought that black feet.	-72.5	-72.5	-10.375	-10.375	False	False	morphology	determiner_noun_agreement	Write a natural, coherent English sentence.
713	4	Eric isn't buying those brown geese.	Eric isn't buying that brown geese.	-104.0	-104.0	-10.375	-10.375	False	False	morphology	determiner_noun_agreement	Write a natural, coherent English sentence.
714	4	Elaine remembers this delighted woman.	Elaine remembers these delighted woman.	-83.0	-83.0	-10.375	-10.375	False	False	morphology	determiner_noun_agreement	Write a natural, coherent English sentence.
715	4	This pedestrian arrives at that smooth oasis.	This pedestrian arrives at those smooth oasis.	-104.0	-104.0	-10.375	-10.375	False	False	morphology	determiner_noun_agreement	Write a natural, coherent English sentence.
716	4	Those men forget these smart men.	Those men forget this smart men.	-72.5	-72.5	-10.375	-10.375	False	False	morphology	determiner_noun_agreement	Write a natural, coherent English sentence.
717	4	Tara might alarm this unsure person.	Tara might alarm these unsure person.	-93.5	-93.5	-10.375	-10.375	False	False	morphology	determiner_noun_agreement	Write a natural, coherent English sentence.
718	4	Vanessa was healing those purple geese.	Vanessa was healing that purple geese.	-93.5	-93.5	-10.375	-10.375	False	False	morphology	determiner_noun_agreement	Write a natural, coherent English sentence.
719	4	Steven hasn't questioned those troubled people.	Steven hasn't questioned that troubled people.	-104.0	-104.0	-10.375	-10.375	False	False	morphology	determiner_noun_agreement	Write a natural, coherent English sentence.
720	4	Thomas hides this clever woman.	Thomas hides these clever woman.	-72.5	-72.5	-10.375	-10.375	False	False	morphology	determiner_noun_agreement	Write a natural, coherent English sentence.
721	4	Most eyes confuse these content alumni.	Most eyes confuse this content alumni.	-104.0	-104.0	-10.375	-10.375	False	False	morphology	determiner_noun_agreement	Write a natural, coherent English sentence.
722	4	That dog aggravates this busy child.	That dog aggravates these busy child.	-93.5	-93.5	-10.375	-10.375	False	False	morphology	determiner_noun_agreement	Write a natural, coherent English sentence.
723	4	Karen has attacked this popular child.	Karen has attacked these popular child.	-72.5	-72.5	-10.375	-10.375	False	False	morphology	determiner_noun_agreement	Write a natural, coherent English sentence.
724	4	Heidi might confuse those displeased men.	Heidi might confuse that displeased men.	-114.0	-114.0	-10.375	-10.375	False	False	morphology	determiner_noun_agreement	Write a natural, coherent English sentence.
725	4	Maria kisses this bad person.	Maria kisses these bad person.	-72.5	-72.5	-10.375	-10.375	False	False	morphology	determiner_noun_agreement	Write a natural, coherent English sentence.
726	4	Tanya passes this purple oasis.	Tanya passes these purple oasis.	-83.0	-83.0	-10.375	-10.375	False	False	morphology	determiner_noun_agreement	Write a natural, coherent English sentence.
727	4	Marla has respected those delighted alumni.	Marla has respected that delighted alumni.	-104.0	-104.0	-10.375	-10.375	False	False	morphology	determiner_noun_agreement	Write a natural, coherent English sentence.
728	4	Paula is investigating this employed alumnus.	Paula is investigating these employed alumnus.	-114.0	-114.0	-10.375	-10.375	False	False	morphology	determiner_noun_agreement	Write a natural, coherent English sentence.
729	4	Most chairs aren't disgusting those serious women.	Most chairs aren't disgusting that serious women.	-114.0	-114.0	-10.375	-10.375	False	False	morphology	determiner_noun_agreement	Write a natural, coherent English sentence.
730	4	Men hadn't run around this purple oasis.	Men hadn't run around these purple oasis.	-114.0	-114.0	-10.375	-10.375	False	False	morphology	determiner_noun_agreement	Write a natural, coherent English sentence.
731	4	Tina hadn't arrived at those green oases.	Tina hadn't arrived at that green oases.	-124.5	-124.5	-10.375	-10.375	False	False	morphology	determiner_noun_agreement	Write a natural, coherent English sentence.
732	4	Karla knew this busy alumnus.	Karla knew these busy alumnus.	-93.5	-93.5	-10.375	-10.375	False	False	morphology	determiner_noun_agreement	Write a natural, coherent English sentence.
733	4	The actors care for these exposed people.	The actors care for this exposed people.	-83.0	-83.0	-10.375	-10.375	False	False	morphology	determiner_noun_agreement	Write a natural, coherent English sentence.
734	4	Michelle might alarm this employed man.	Michelle might alarm these employed man.	-72.5	-72.5	-10.375	-10.375	False	False	morphology	determiner_noun_agreement	Write a natural, coherent English sentence.
735	4	Maria hasn't walked through these hard oases.	Maria hasn't walked through this hard oases.	-114.0	-114.0	-10.375	-10.375	False	False	morphology	determiner_noun_agreement	Write a natural, coherent English sentence.
736	4	That report might disagree with those delighted men.	That report might disagree with that delighted men.	-93.5	-93.5	-10.375	-10.375	False	False	morphology	determiner_noun_agreement	Write a natural, coherent English sentence.
737	4	Actresses discuss this popular person.	Actresses discuss these popular person.	-83.0	-83.0	-10.375	-10.375	False	False	morphology	determiner_noun_agreement	Write a natural, coherent English sentence.
738	4	Holly won't watch these unlucky men.	Holly won't watch this unlucky men.	-114.0	-114.0	-10.375	-10.375	False	False	morphology	determiner_noun_agreement	Write a natural, coherent English sentence.
739	4	Carl was driving to those blue oases.	Carl was driving to that blue oases.	-93.5	-93.5	-10.375	-10.375	False	False	morphology	determiner_noun_agreement	Write a natural, coherent English sentence.
740	4	Bill passes that rough oasis.	Bill passes those rough oasis.	-72.5	-72.5	-10.375	-10.375	False	False	morphology	determiner_noun_agreement	Write a natural, coherent English sentence.
741	4	All men praise this good thesis.	All men praise these good thesis.	-72.5	-72.5	-10.375	-10.375	False	False	morphology	determiner_noun_agreement	Write a natural, coherent English sentence.
742	4	Many doctors should escape from these hopeful women.	Many doctors should escape from this hopeful women.	-104.0	-104.0	-10.375	-10.375	False	False	morphology	determiner_noun_agreement	Write a natural, coherent English sentence.
743	4	Many girls find these nice men.	Many girls find this nice men.	-72.5	-72.5	-10.375	-10.375	False	False	morphology	determiner_noun_agreement	Write a natural, coherent English sentence.
744	4	Every museum helps those concealed children.	Every museum helps that concealed children.	-83.0	-83.0	-10.375	-10.375	False	False	morphology	determiner_noun_agreement	Write a natural, coherent English sentence.
745	4	Marla was distracting these determined people.	Marla was distracting this determined people.	-93.5	-93.5	-10.375	-10.375	False	False	morphology	determiner_noun_agreement	Write a natural, coherent English sentence.
746	4	Those computers might confuse this nice child.	Those computers might confuse these nice child.	-93.5	-93.5	-10.375	-10.375	False	False	morphology	determiner_noun_agreement	Write a natural, coherent English sentence.
747	4	Tanya hasn't loved that content woman.	Tanya hasn't loved those content woman.	-104.0	-104.0	-10.375	-10.375	False	False	morphology	determiner_noun_agreement	Write a natural, coherent English sentence.
748	4	Theresa won't conceal those lost lice.	Theresa won't conceal that lost lice.	-124.5	-124.5	-10.375	-10.375	False	False	morphology	determiner_noun_agreement	Write a natural, coherent English sentence.
749	4	The Borgias do cure these out in the open octopi.	The Borgias do cure this out in the open octopi.	-156.0	-156.0	-10.375	-10.375	False	False	morphology	determiner_noun_agreement	Write a natural, coherent English sentence.
750	4	Kenneth messed up those lost teeth.	Kenneth messed up that lost teeth.	-93.5	-93.5	-10.375	-10.375	False	False	morphology	determiner_noun_agreement	Write a natural, coherent English sentence.
751	4	Jodi doesn't alarm these unsure people.	Jodi doesn't alarm this unsure people.	-114.0	-114.0	-10.375	-10.375	False	False	morphology	determiner_noun_agreement	Write a natural, coherent English sentence.
752	4	This customer scans those good analyses.	This customer scans that good analyses.	-93.5	-93.5	-10.375	-10.375	False	False	morphology	determiner_noun_agreement	Write a natural, coherent English sentence.
753	4	Vincent can't watch this hopeful alumnus.	Vincent can't watch these hopeful alumnus.	-124.5	-124.5	-10.375	-10.375	False	False	morphology	determiner_noun_agreement	Write a natural, coherent English sentence.
754	4	Jodi talked to this unconvinced child.	Jodi talked to these unconvinced child.	-114.0	-114.0	-10.375	-10.375	False	False	morphology	determiner_noun_agreement	Write a natural, coherent English sentence.
755	4	Katherine exited these exposed oases.	Katherine exited this exposed oases.	-93.5	-93.5	-10.375	-10.375	False	False	morphology	determiner_noun_agreement	Write a natural, coherent English sentence.
756	4	Beverly hasn't brought these rough fungi.	Beverly hasn't brought this rough fungi.	-114.0	-114.0	-10.375	-10.375	False	False	morphology	determiner_noun_agreement	Write a natural, coherent English sentence.
757	4	That unicycle is boring those standing children.	That unicycle is boring that standing children.	-104.0	-104.0	-10.375	-10.375	False	False	morphology	determiner_noun_agreement	Write a natural, coherent English sentence.
758	4	That boy can't escape from those unsure children.	That boy can't escape from that unsure children.	-124.5	-124.5	-10.375	-10.375	False	False	morphology	determiner_noun_agreement	Write a natural, coherent English sentence.
759	4	An adult bought these black axes.	An adult bought this black axes.	-83.0	-83.0	-10.375	-10.375	False	False	morphology	determiner_noun_agreement	Write a natural, coherent English sentence.
760	4	Sara isn't kissing this nice woman.	Sara isn't kissing these nice woman.	-103.5	-103.5	-10.375	-10.375	False	False	morphology	determiner_noun_agreement	Write a natural, coherent English sentence.
761	4	Robert couldn't embarrass those scared people.	Robert couldn't embarrass that scared people.	-93.5	-93.5	-10.375	-10.375	False	False	morphology	determiner_noun_agreement	Write a natural, coherent English sentence.
762	4	Deborah had fled from that important woman.	Deborah had fled from those important woman.	-104.0	-104.0	-10.375	-10.375	False	False	morphology	determiner_noun_agreement	Write a natural, coherent English sentence.
763	4	Brenda discussed that serious woman.	Brenda discussed those serious woman.	-72.5	-72.5	-10.375	-10.375	False	False	morphology	determiner_noun_agreement	Write a natural, coherent English sentence.
764	4	Some women questioned that big woman.	Some women questioned those big woman.	-72.5	-72.5	-10.375	-10.375	False	False	morphology	determiner_noun_agreement	Write a natural, coherent English sentence.
765	4	Rodney didn't kiss those displeased women.	Rodney didn't kiss that displeased women.	-124.5	-124.5	-10.375	-10.375	False	False	morphology	determiner_noun_agreement	Write a natural, coherent English sentence.
766	4	Carrie can help those lost alumni.	Carrie can help that lost alumni.	-104.0	-104.0	-10.375	-10.375	False	False	morphology	determiner_noun_agreement	Write a natural, coherent English sentence.
767	4	Many guests approach this lucky man.	Many guests approach these lucky man.	-72.5	-72.5	-10.375	-10.375	False	False	morphology	determiner_noun_agreement	Write a natural, coherent English sentence.
768	4	Some student messes up that hard foot.	Some student messes up those hard foot.	-93.5	-93.5	-10.375	-10.375	False	False	morphology	determiner_noun_agreement	Write a natural, coherent English sentence.
769	4	Some men had skated around these hard oases.	Some men had skated around this hard oases.	-114.0	-114.0	-10.375	-10.375	False	False	morphology	determiner_noun_agreement	Write a natural, coherent English sentence.
770	4	Some light would annoy those happy alumni.	Some light would annoy that happy alumni.	-104.0	-104.0	-10.375	-10.375	False	False	morphology	determiner_noun_agreement	Write a natural, coherent English sentence.
771	4	Many casseroles shock these unconvinced men.	Many casseroles shock this unconvinced men.	-124.5	-124.5	-10.375	-10.375	False	False	morphology	determiner_noun_agreement	Write a natural, coherent English sentence.
772	4	Carl talks about those confident children.	Carl talks about that confident children.	-72.5	-72.5	-10.375	-10.375	False	False	morphology	determiner_noun_agreement	Write a natural, coherent English sentence.
773	4	Timothy was dropping by those new oases.	Timothy was dropping by that new oases.	-104.0	-104.0	-10.375	-10.375	False	False	morphology	determiner_noun_agreement	Write a natural, coherent English sentence.
774	4	Lori has approached these scared people.	Lori has approached this scared people.	-83.0	-83.0	-10.375	-10.375	False	False	morphology	determiner_noun_agreement	Write a natural, coherent English sentence.
775	4	Jodi wouldn't mess up those orange feet.	Jodi wouldn't mess up that orange feet.	-114.0	-114.0	-10.375	-10.375	False	False	morphology	determiner_noun_agreement	Write a natural, coherent English sentence.
776	4	This newspaper article will embarrass this determined child.	This newspaper article will embarrass these determined child.	-93.5	-93.5	-10.375	-10.375	False	False	morphology	determiner_noun_agreement	Write a natural, coherent English sentence.
777	4	A lot of guys conceal this long analysis.	A lot of guys conceal these long analysis.	-104.0	-104.0	-10.375	-10.375	False	False	morphology	determiner_noun_agreement	Write a natural, coherent English sentence.
778	4	Lawrence fired that serious woman.	Lawrence fired those serious woman.	-62.25	-62.25	-10.375	-10.375	False	False	morphology	determiner_noun_agreement	Write a natural, coherent English sentence.
779	4	This story didn't bore this serious man.	This story didn't bore these serious man.	-104.0	-104.0	-10.375	-10.375	False	False	morphology	determiner_noun_agreement	Write a natural, coherent English sentence.
780	4	Mary can't remember that clever person.	Mary can't remember those clever person.	-93.5	-93.5	-10.375	-10.375	False	False	morphology	determiner_noun_agreement	Write a natural, coherent English sentence.
781	4	Marie could listen to that big woman.	Marie could listen to those big woman.	-83.0	-83.0	-10.375	-10.375	False	False	morphology	determiner_noun_agreement	Write a natural, coherent English sentence.
782	4	Clyde had those exposed axes.	Clyde had that exposed axes.	-93.5	-93.5	-10.375	-10.375	False	False	morphology	determiner_noun_agreement	Write a natural, coherent English sentence.
783	4	Victoria has left these delighted men.	Victoria has left this delighted men.	-72.5	-72.5	-10.375	-10.375	False	False	morphology	determiner_noun_agreement	Write a natural, coherent English sentence.
784	4	The Impressionists disagree with those bad analyses.	The Impressionists disagree with that bad analyses.	-114.0	-114.0	-10.375	-10.375	False	False	morphology	determiner_noun_agreement	Write a natural, coherent English sentence.
785	4	Amy took that hidden fungus.	Amy took those hidden fungus.	-83.0	-83.0	-10.375	-10.375	False	False	morphology	determiner_noun_agreement	Write a natural, coherent English sentence.
786	4	Rose was fixing this hard foot.	Rose was fixing these hard foot.	-72.5	-72.5	-10.375	-10.375	False	False	morphology	determiner_noun_agreement	Write a natural, coherent English sentence.
787	4	Most dishes weren't astounding these scared men.	Most dishes weren't astounding this scared men.	-124.5	-124.5	-10.375	-10.375	False	False	morphology	determiner_noun_agreement	Write a natural, coherent English sentence.
788	4	The doctor sees those smooth cacti.	The doctor sees that smooth cacti.	-93.5	-93.5	-10.375	-10.375	False	False	morphology	determiner_noun_agreement	Write a natural, coherent English sentence.
789	4	Rodney hadn't cured these white octopi.	Rodney hadn't cured this white octopi.	-135.0	-135.0	-10.375	-10.375	False	False	morphology	determiner_noun_agreement	Write a natural, coherent English sentence.
790	4	This museum hadn't disgusted these troubled men.	This museum hadn't disgusted this troubled men.	-124.5	-124.5	-10.375	-10.375	False	False	morphology	determiner_noun_agreement	Write a natural, coherent English sentence.
791	4	Patrick complained about those scared men.	Patrick complained about that scared men.	-72.5	-72.5	-10.375	-10.375	False	False	morphology	determiner_noun_agreement	Write a natural, coherent English sentence.
792	4	Jacqueline should stun these determined alumni.	Jacqueline should stun this determined alumni.	-124.5	-124.5	-10.375	-10.375	False	False	morphology	determiner_noun_agreement	Write a natural, coherent English sentence.
793	4	All apples worry this serious man.	All apples worry these serious man.	-83.0	-83.0	-10.375	-10.375	False	False	morphology	determiner_noun_agreement	Write a natural, coherent English sentence.
794	4	The drawing isn't scaring that old child.	The drawing isn't scaring those old child.	-114.0	-114.0	-10.375	-10.375	False	False	morphology	determiner_noun_agreement	Write a natural, coherent English sentence.
795	4	Veronica questioned this uncertain woman.	Veronica questioned these uncertain woman.	-83.0	-83.0	-10.375	-10.375	False	False	morphology	determiner_noun_agreement	Write a natural, coherent English sentence.
796	4	Vanessa hadn't known this determined alumnus.	Vanessa hadn't known these determined alumnus.	-124.5	-124.5	-10.375	-10.375	False	False	morphology	determiner_noun_agreement	Write a natural, coherent English sentence.
797	4	Cynthia hadn't kissed this unemployed man.	Cynthia hadn't kissed these unemployed man.	-135.0	-135.0	-10.375	-10.375	False	False	morphology	determiner_noun_agreement	Write a natural, coherent English sentence.
798	4	These companies irritate that exposed woman.	These companies irritate those exposed woman.	-83.0	-83.0	-10.375	-10.375	False	False	morphology	determiner_noun_agreement	Write a natural, coherent English sentence.
799	4	This dancer wasn't biking to this orange oasis.	This dancer wasn't biking to these orange oasis.	-145.0	-145.0	-10.375	-10.375	False	False	morphology	determiner_noun_agreement	Write a natural, coherent English sentence.
800	4	Those legislatures could disturb this upset alumnus.	Those legislatures could disturb these upset alumnus.	-114.0	-114.0	-10.375	-10.375	False	False	morphology	determiner_noun_agreement	Write a natural, coherent English sentence.
801	4	Some adult hasn't hidden these ill men.	Some adult hasn't hidden this ill men.	-104.0	-104.0	-10.375	-10.375	False	False	morphology	determiner_noun_agreement	Write a natural, coherent English sentence.
802	4	A cashier should insult these hidden children.	A cashier should insult this hidden children.	-93.5	-93.5	-10.375	-10.375	False	False	morphology	determiner_noun_agreement	Write a natural, coherent English sentence.
803	4	Danielle could annoy that confident man.	Danielle could annoy those confident man.	-83.0	-83.0	-10.375	-10.375	False	False	morphology	determiner_noun_agreement	Write a natural, coherent English sentence.
804	4	These teachers lift this exposed goose.	These teachers lift these exposed goose.	-83.0	-83.0	-10.375	-10.375	False	False	morphology	determiner_noun_agreement	Write a natural, coherent English sentence.
805	4	Christina drove to that exposed oasis.	Christina drove to those exposed oasis.	-93.5	-93.5	-10.375	-10.375	False	False	morphology	determiner_noun_agreement	Write a natural, coherent English sentence.
806	4	Jesus hadn't sounded like these hidden people.	Jesus hadn't sounded like this hidden people.	-104.0	-104.0	-10.375	-10.375	False	False	morphology	determiner_noun_agreement	Write a natural, coherent English sentence.
807	4	Many mushrooms irritate that upset man.	Many mushrooms irritate those upset man.	-93.5	-93.5	-10.375	-10.375	False	False	morphology	determiner_noun_agreement	Write a natural, coherent English sentence.
808	4	Some committee bought those white lice.	Some committee bought that white lice.	-83.0	-83.0	-10.375	-10.375	False	False	morphology	determiner_noun_agreement	Write a natural, coherent English sentence.
809	4	Daniel hasn't known this determined man.	Daniel hasn't known these determined man.	-93.5	-93.5	-10.375	-10.375	False	False	morphology	determiner_noun_agreement	Write a natural, coherent English sentence.
810	4	Art hadn't scared these serious alumni.	Art hadn't scared this serious alumni.	-114.0	-114.0	-10.375	-10.375	False	False	morphology	determiner_noun_agreement	Write a natural, coherent English sentence.
811	4	Alice fires this unconvinced child.	Alice fires these unconvinced child.	-93.5	-93.5	-10.375	-10.375	False	False	morphology	determiner_noun_agreement	Write a natural, coherent English sentence.
812	4	Melanie hid that exposed tooth.	Melanie hid those exposed tooth.	-72.5	-72.5	-10.375	-10.375	False	False	morphology	determiner_noun_agreement	Write a natural, coherent English sentence.
813	4	Most hamsters find that red tooth.	Most hamsters find those red tooth.	-83.0	-83.0	-10.375	-10.375	False	False	morphology	determiner_noun_agreement	Write a natural, coherent English sentence.
814	4	Those children explore those small oases.	Those children explore that small oases.	-83.0	-83.0	-10.375	-10.375	False	False	morphology	determiner_noun_agreement	Write a natural, coherent English sentence.
815	4	Most museums listen to this troubled man.	Most museums listen to these troubled man.	-104.0	-104.0	-10.375	-10.375	False	False	morphology	determiner_noun_agreement	Write a natural, coherent English sentence.
816	4	Patrick embarrassed this unemployed person.	Patrick embarrassed these unemployed person.	-72.5	-72.5	-10.375	-10.375	False	False	morphology	determiner_noun_agreement	Write a natural, coherent English sentence.
817	4	A lot of icicles had alarmed that hidden woman.	A lot of icicles had alarmed those hidden woman.	-124.5	-124.5	-10.375	-10.375	False	False	morphology	determiner_noun_agreement	Write a natural, coherent English sentence.
818	4	Matt hadn't impressed this exposed child.	Matt hadn't impressed these exposed child.	-93.5	-93.5	-10.375	-10.375	False	False	morphology	determiner_noun_agreement	Write a natural, coherent English sentence.
819	4	Eric might see those new feet.	Eric might see that new feet.	-72.5	-72.5	-10.375	-10.375	False	False	morphology	determiner_noun_agreement	Write a natural, coherent English sentence.
820	4	Some turtle can confuse this old alumnus.	Some turtle can confuse these old alumnus.	-135.0	-135.0	-10.375	-10.375	False	False	morphology	determiner_noun_agreement	Write a natural, coherent English sentence.
821	4	Most guests explore these smooth oases.	Most guests explore this smooth oases.	-83.0	-83.0	-10.375	-10.375	False	False	morphology	determiner_noun_agreement	Write a natural, coherent English sentence.
822	4	Brian has praised that happy alumnus.	Brian has praised those happy alumnus.	-93.5	-93.5	-10.375	-10.375	False	False	morphology	determiner_noun_agreement	Write a natural, coherent English sentence.
823	4	Karen sees these ill lice.	Karen sees this ill lice.	-72.5	-72.5	-10.375	-10.375	False	False	morphology	determiner_noun_agreement	Write a natural, coherent English sentence.
824	4	Alicia doesn't observe this confident alumnus.	Alicia doesn't observe these confident alumnus.	-135.0	-135.0	-10.375	-10.375	False	False	morphology	determiner_noun_agreement	Write a natural, coherent English sentence.
825	4	That horse does find this lost octopus.	That horse does find these lost octopus.	-104.0	-104.0	-10.375	-10.375	False	False	morphology	determiner_noun_agreement	Write a natural, coherent English sentence.
826	4	Those customers haven't annoyed those delighted children.	Those customers haven't annoyed that delighted children.	-114.0	-114.0	-10.375	-10.375	False	False	morphology	determiner_noun_agreement	Write a natural, coherent English sentence.
827	4	The Great Lakes confused these hidden women.	The Great Lakes confused this hidden women.	-93.5	-93.5	-10.375	-10.375	False	False	morphology	determiner_noun_agreement	Write a natural, coherent English sentence.
828	4	Russell watches these unsure women.	Russell watches this unsure women.	-72.5	-72.5	-10.375	-10.375	False	False	morphology	determiner_noun_agreement	Write a natural, coherent English sentence.
829	4	Jacqueline has concealed these long synopses.	Jacqueline has concealed this long synopses.	-124.5	-124.5	-10.375	-10.375	False	False	morphology	determiner_noun_agreement	Write a natural, coherent English sentence.
830	4	Carrie isn't hiring this small woman.	Carrie isn't hiring these small woman.	-104.0	-104.0	-10.375	-10.375	False	False	morphology	determiner_noun_agreement	Write a natural, coherent English sentence.
831	4	Charles doesn't admire these big mice.	Charles doesn't admire this big mice.	-114.0	-114.0	-10.375	-10.375	False	False	morphology	determiner_noun_agreement	Write a natural, coherent English sentence.
832	4	The Impressionists might think about that white thesis.	The Impressionists might think about those white thesis.	-114.0	-114.0	-10.375	-10.375	False	False	morphology	determiner_noun_agreement	Write a natural, coherent English sentence.
833	4	Most men question those bad people.	Most men question that bad people.	-72.5	-72.5	-10.375	-10.375	False	False	morphology	determiner_noun_agreement	Write a natural, coherent English sentence.
834	4	Lissa hasn't left this upset woman.	Lissa hasn't left these upset woman.	-104.0	-104.0	-10.375	-10.375	False	False	morphology	determiner_noun_agreement	Write a natural, coherent English sentence.
835	4	Janice won't fire that determined child.	Janice won't fire those determined child.	-104.0	-104.0	-10.375	-10.375	False	False	morphology	determiner_noun_agreement	Write a natural, coherent English sentence.
836	4	This company criticized this lucky man.	This company criticized these lucky man.	-83.0	-83.0	-10.375	-10.375	False	False	morphology	determiner_noun_agreement	Write a natural, coherent English sentence.
837	4	The banks hurt that excited woman.	The banks hurt those excited woman.	-72.5	-72.5	-10.375	-10.375	False	False	morphology	determiner_noun_agreement	Write a natural, coherent English sentence.
838	4	Peter wasn't walking through those red oases.	Peter wasn't walking through that red oases.	-114.0	-114.0	-10.375	-10.375	False	False	morphology	determiner_noun_agreement	Write a natural, coherent English sentence.
839	4	Rebecca wasn't referencing this long synopsis.	Rebecca wasn't referencing these long synopsis.	-114.0	-114.0	-10.375	-10.375	False	False	morphology	determiner_noun_agreement	Write a natural, coherent English sentence.
840	4	Naomi notices this smooth octopus.	Naomi notices these smooth octopus.	-104.0	-104.0	-10.375	-10.375	False	False	morphology	determiner_noun_agreement	Write a natural, coherent English sentence.
841	4	Patrick conceals this hard stimulus.	Patrick conceals these hard stimulus.	-83.0	-83.0	-10.375	-10.375	False	False	morphology	determiner_noun_agreement	Write a natural, coherent English sentence.
842	4	Candice shouldn't bring those smooth feet.	Candice shouldn't bring that smooth feet.	-104.0	-104.0	-10.375	-10.375	False	False	morphology	determiner_noun_agreement	Write a natural, coherent English sentence.
843	4	All books sound like those content women.	All books sound like that content women.	-83.0	-83.0	-10.375	-10.375	False	False	morphology	determiner_noun_agreement	Write a natural, coherent English sentence.
844	4	Bethany hasn't arrived at this white oasis.	Bethany hasn't arrived at these white oasis.	-124.5	-124.5	-10.375	-10.375	False	False	morphology	determiner_noun_agreement	Write a natural, coherent English sentence.
845	4	Steve reveals these unemployed alumni.	Steve reveals this unemployed alumni.	-93.5	-93.5	-10.375	-10.375	False	False	morphology	determiner_noun_agreement	Write a natural, coherent English sentence.
846	4	Sonia was upsetting that ill woman.	Sonia was upsetting those ill woman.	-93.5	-93.5	-10.375	-10.375	False	False	morphology	determiner_noun_agreement	Write a natural, coherent English sentence.
847	4	Keith wasn't boring these delighted men.	Keith wasn't boring this delighted men.	-93.5	-93.5	-10.375	-10.375	False	False	morphology	determiner_noun_agreement	Write a natural, coherent English sentence.
848	4	The Borgias admire these hard mice.	The Borgias admire this hard mice.	-114.0	-114.0	-10.375	-10.375	False	False	morphology	determiner_noun_agreement	Write a natural, coherent English sentence.
849	4	These drivers had forgotten this good analysis.	These drivers had forgotten these good analysis.	-83.0	-83.0	-10.375	-10.375	False	False	morphology	determiner_noun_agreement	Write a natural, coherent English sentence.
850	4	Helen skates around this blue oasis.	Helen skates around these blue oasis.	-93.5	-93.5	-10.375	-10.375	False	False	morphology	determiner_noun_agreement	Write a natural, coherent English sentence.
851	4	Galileo found that smooth stimulus.	Galileo found those smooth stimulus.	-93.5	-93.5	-10.375	-10.375	False	False	morphology	determiner_noun_agreement	Write a natural, coherent English sentence.
852	4	Kimberley isn't curing these small octopi.	Kimberley isn't curing this small octopi.	-145.0	-145.0	-10.375	-10.375	False	False	morphology	determiner_noun_agreement	Write a natural, coherent English sentence.
853	4	Debra didn't conceal these popular men.	Debra didn't conceal this popular men.	-114.0	-114.0	-10.375	-10.375	False	False	morphology	determiner_noun_agreement	Write a natural, coherent English sentence.
854	4	A lot of doctors hug these scared children.	A lot of doctors hug this scared children.	-93.5	-93.5	-10.375	-10.375	False	False	morphology	determiner_noun_agreement	Write a natural, coherent English sentence.
855	4	Those pedestrians weren't fleeing from these concealed men.	Those pedestrians weren't fleeing from this concealed men.	-156.0	-156.0	-10.375	-10.375	False	False	morphology	determiner_noun_agreement	Write a natural, coherent English sentence.
856	4	Those children find that exposed thesis.	Those children find those exposed thesis.	-72.5	-72.5	-10.375	-10.375	False	False	morphology	determiner_noun_agreement	Write a natural, coherent English sentence.
857	4	Debra admires these blue octopi.	Debra admires this blue octopi.	-104.0	-104.0	-10.375	-10.375	False	False	morphology	determiner_noun_agreement	Write a natural, coherent English sentence.
858	4	Bruce wasn't approaching that clever alumnus.	Bruce wasn't approaching those clever alumnus.	-114.0	-114.0	-10.375	-10.375	False	False	morphology	determiner_noun_agreement	Write a natural, coherent English sentence.
859	4	Lawrence isn't questioning that nice woman.	Lawrence isn't questioning those nice woman.	-93.5	-93.5	-10.375	-10.375	False	False	morphology	determiner_noun_agreement	Write a natural, coherent English sentence.
860	4	Some waitresses have this big octopus.	Some waitresses have these big octopus.	-114.0	-114.0	-10.375	-10.375	False	False	morphology	determiner_noun_agreement	Write a natural, coherent English sentence.
861	4	Carolyn had embarrassed that busy alumnus.	Carolyn had embarrassed those busy alumnus.	-104.0	-104.0	-10.375	-10.375	False	False	morphology	determiner_noun_agreement	Write a natural, coherent English sentence.
862	4	Jeffrey aggravated that smart man.	Jeffrey aggravated those smart man.	-93.5	-93.5	-10.375	-10.375	False	False	morphology	determiner_noun_agreement	Write a natural, coherent English sentence.
863	4	Guy messed up this yellow foot.	Guy messed up these yellow foot.	-83.0	-83.0	-10.375	-10.375	False	False	morphology	determiner_noun_agreement	Write a natural, coherent English sentence.
864	4	Every book is embarrassing this small woman.	Every book is embarrassing these small woman.	-93.5	-93.5	-10.375	-10.375	False	False	morphology	determiner_noun_agreement	Write a natural, coherent English sentence.
865	4	These associations were talking about these scared women.	These associations were talking about this scared women.	-93.5	-93.5	-10.375	-10.375	False	False	morphology	determiner_noun_agreement	Write a natural, coherent English sentence.
866	4	Todd disturbs this upset child.	Todd disturbs these upset child.	-83.0	-83.0	-10.375	-10.375	False	False	morphology	determiner_noun_agreement	Write a natural, coherent English sentence.
867	4	That window alarms these exposed women.	That window alarms this exposed women.	-83.0	-83.0	-10.375	-10.375	False	False	morphology	determiner_noun_agreement	Write a natural, coherent English sentence.
868	4	A window upsets these upset men.	A window upsets this upset men.	-83.0	-83.0	-10.375	-10.375	False	False	morphology	determiner_noun_agreement	Write a natural, coherent English sentence.
869	4	Monet is fixing that brown foot.	Monet is fixing those brown foot.	-83.0	-83.0	-10.375	-10.375	False	False	morphology	determiner_noun_agreement	Write a natural, coherent English sentence.
870	4	Adam left these big alumni.	Adam left this big alumni.	-83.0	-83.0	-10.375	-10.375	False	False	morphology	determiner_noun_agreement	Write a natural, coherent English sentence.
871	4	Stacy can exit that big oasis.	Stacy can exit those big oasis.	-93.5	-93.5	-10.375	-10.375	False	False	morphology	determiner_noun_agreement	Write a natural, coherent English sentence.
872	4	Roger was returning to those happy alumni.	Roger was returning to that happy alumni.	-104.0	-104.0	-10.375	-10.375	False	False	morphology	determiner_noun_agreement	Write a natural, coherent English sentence.
873	4	Dana isn't investigating this ill woman.	Dana isn't investigating these ill woman.	-114.0	-114.0	-10.375	-10.375	False	False	morphology	determiner_noun_agreement	Write a natural, coherent English sentence.
874	4	Tammy has those yellow axes.	Tammy has that yellow axes.	-83.0	-83.0	-10.375	-10.375	False	False	morphology	determiner_noun_agreement	Write a natural, coherent English sentence.
875	4	Marla leaves those employed children.	Marla leaves that employed children.	-72.5	-72.5	-10.375	-10.375	False	False	morphology	determiner_noun_agreement	Write a natural, coherent English sentence.
876	4	Sarah referenced that ill child.	Sarah referenced those ill child.	-72.5	-72.5	-10.375	-10.375	False	False	morphology	determiner_noun_agreement	Write a natural, coherent English sentence.
877	4	Edward complained about this serious child.	Edward complained about these serious child.	-72.5	-72.5	-10.375	-10.375	False	False	morphology	determiner_noun_agreement	Write a natural, coherent English sentence.
878	4	Carolyn healed those bad women.	Carolyn healed that bad women.	-83.0	-83.0	-10.375	-10.375	False	False	morphology	determiner_noun_agreement	Write a natural, coherent English sentence.
879	4	The waitresses fired those upset alumni.	The waitresses fired that upset alumni.	-114.0	-114.0	-10.375	-10.375	False	False	morphology	determiner_noun_agreement	Write a natural, coherent English sentence.
880	4	Every driver dropped by that old oasis.	Every driver dropped by those old oasis.	-93.5	-93.5	-10.375	-10.375	False	False	morphology	determiner_noun_agreement	Write a natural, coherent English sentence.
881	4	William hadn't hugged these hopeful alumni.	William hadn't hugged this hopeful alumni.	-135.0	-135.0	-10.375	-10.375	False	False	morphology	determiner_noun_agreement	Write a natural, coherent English sentence.
882	4	The Lutherans had messed up those lost feet.	The Lutherans had messed up that lost feet.	-114.0	-114.0	-10.375	-10.375	False	False	morphology	determiner_noun_agreement	Write a natural, coherent English sentence.
883	4	Florence hasn't confused those standing men.	Florence hasn't confused that standing men.	-93.5	-93.5	-10.375	-10.375	False	False	morphology	determiner_noun_agreement	Write a natural, coherent English sentence.
884	4	Some convertible upset this upset woman.	Some convertible upset these upset woman.	-83.0	-83.0	-10.375	-10.375	False	False	morphology	determiner_noun_agreement	Write a natural, coherent English sentence.
885	4	Rebecca saw this hidden foot.	Rebecca saw these hidden foot.	-62.25	-62.25	-10.375	-10.375	False	False	morphology	determiner_noun_agreement	Write a natural, coherent English sentence.
886	4	Derek returned to these content men.	Derek returned to this content men.	-83.0	-83.0	-10.375	-10.375	False	False	morphology	determiner_noun_agreement	Write a natural, coherent English sentence.
887	4	Those teachers love those hidden women.	Those teachers love that hidden women.	-72.5	-72.5	-10.375	-10.375	False	False	morphology	determiner_noun_agreement	Write a natural, coherent English sentence.
888	4	Jennifer worried those ill men.	Jennifer worried that ill men.	-62.25	-62.25	-10.375	-10.375	False	False	morphology	determiner_noun_agreement	Write a natural, coherent English sentence.
889	4	A chair was stunning this big man.	A chair was stunning these big man.	-83.0	-83.0	-10.375	-10.375	False	False	morphology	determiner_noun_agreement	Write a natural, coherent English sentence.
890	4	Paintings looked like that gray thesis.	Paintings looked like those gray thesis.	-93.5	-93.5	-10.375	-10.375	False	False	morphology	determiner_noun_agreement	Write a natural, coherent English sentence.
891	4	Karla toured this rough oasis.	Karla toured these rough oasis.	-93.5	-93.5	-10.375	-10.375	False	False	morphology	determiner_noun_agreement	Write a natural, coherent English sentence.
892	4	Walter couldn't boycott those hidden oases.	Walter couldn't boycott that hidden oases.	-114.0	-114.0	-10.375	-10.375	False	False	morphology	determiner_noun_agreement	Write a natural, coherent English sentence.
893	4	Donald has worried this smart man.	Donald has worried these smart man.	-72.5	-72.5	-10.375	-10.375	False	False	morphology	determiner_noun_agreement	Write a natural, coherent English sentence.
894	4	Catherine has boycotted those gray oases.	Catherine has boycotted that gray oases.	-104.0	-104.0	-10.375	-10.375	False	False	morphology	determiner_noun_agreement	Write a natural, coherent English sentence.
895	4	Nicole toured those yellow oases.	Nicole toured that yellow oases.	-83.0	-83.0	-10.375	-10.375	False	False	morphology	determiner_noun_agreement	Write a natural, coherent English sentence.
896	4	Barbara praises that young woman.	Barbara praises those young woman.	-72.5	-72.5	-10.375	-10.375	False	False	morphology	determiner_noun_agreement	Write a natural, coherent English sentence.
897	4	The apple aggravates those hopeful children.	The apple aggravates that hopeful children.	-104.0	-104.0	-10.375	-10.375	False	False	morphology	determiner_noun_agreement	Write a natural, coherent English sentence.
898	4	All photographs could look like this big fungus.	All photographs could look like these big fungus.	-114.0	-114.0	-10.375	-10.375	False	False	morphology	determiner_noun_agreement	Write a natural, coherent English sentence.
899	4	Guys should talk about that good synopsis.	Guys should talk about those good synopsis.	-104.0	-104.0	-10.375	-10.375	False	False	morphology	determiner_noun_agreement	Write a natural, coherent English sentence.
900	4	Tracy discovered this concealed alumnus.	Tracy discovered these concealed alumnus.	-104.0	-104.0	-10.375	-10.375	False	False	morphology	determiner_noun_agreement	Write a natural, coherent English sentence.
901	4	All actresses are helping this troubled man.	All actresses are helping these troubled man.	-104.0	-104.0	-10.375	-10.375	False	False	morphology	determiner_noun_agreement	Write a natural, coherent English sentence.
902	4	Douglas isn't revealing this dirty foot.	Douglas isn't revealing these dirty foot.	-93.5	-93.5	-10.375	-10.375	False	False	morphology	determiner_noun_agreement	Write a natural, coherent English sentence.
903	4	Most senators confuse that standing child.	Most senators confuse those standing child.	-93.5	-93.5	-10.375	-10.375	False	False	morphology	determiner_noun_agreement	Write a natural, coherent English sentence.
904	4	Those doctors embarrass that upset woman.	Those doctors embarrass those upset woman.	-72.5	-72.5	-10.375	-10.375	False	False	morphology	determiner_noun_agreement	Write a natural, coherent English sentence.
905	4	A lot of customers were healing those sick men.	A lot of customers were healing that sick men.	-104.0	-104.0	-10.375	-10.375	False	False	morphology	determiner_noun_agreement	Write a natural, coherent English sentence.
906	4	Sabrina does conceal these old alumni.	Sabrina does conceal this old alumni.	-124.5	-124.5	-10.375	-10.375	False	False	morphology	determiner_noun_agreement	Write a natural, coherent English sentence.
907	4	Many girls can't observe those young alumni.	Many girls can't observe that young alumni.	-124.5	-124.5	-10.375	-10.375	False	False	morphology	determiner_noun_agreement	Write a natural, coherent English sentence.
908	4	The actresses hire that lucky man.	The actresses hire those lucky man.	-83.0	-83.0	-10.375	-10.375	False	False	morphology	determiner_noun_agreement	Write a natural, coherent English sentence.
909	4	Andrea is firing that scared child.	Andrea is firing those scared child.	-72.5	-72.5	-10.375	-10.375	False	False	morphology	determiner_noun_agreement	Write a natural, coherent English sentence.
910	4	That dancer scanned that bad synopsis.	That dancer scanned those bad synopsis.	-104.0	-104.0	-10.375	-10.375	False	False	morphology	determiner_noun_agreement	Write a natural, coherent English sentence.
911	4	Daniel breaks these dirty teeth.	Daniel breaks this dirty teeth.	-62.25	-62.25	-10.375	-10.375	False	False	morphology	determiner_noun_agreement	Write a natural, coherent English sentence.
912	4	Students had messed up those purple teeth.	Students had messed up that purple teeth.	-93.5	-93.5	-10.375	-10.375	False	False	morphology	determiner_noun_agreement	Write a natural, coherent English sentence.
913	4	Becky boycotted those old oases.	Becky boycotted that old oases.	-104.0	-104.0	-10.375	-10.375	False	False	morphology	determiner_noun_agreement	Write a natural, coherent English sentence.
914	4	Florence talks to those good women.	Florence talks to that good women.	-72.5	-72.5	-10.375	-10.375	False	False	morphology	determiner_noun_agreement	Write a natural, coherent English sentence.
915	4	Carmen won't break this big foot.	Carmen won't break these big foot.	-104.0	-104.0	-10.375	-10.375	False	False	morphology	determiner_noun_agreement	Write a natural, coherent English sentence.
916	4	Stephen fired those employed men.	Stephen fired that employed men.	-62.25	-62.25	-10.375	-10.375	False	False	morphology	determiner_noun_agreement	Write a natural, coherent English sentence.
917	4	Many governments confuse this sick woman.	Many governments confuse these sick woman.	-83.0	-83.0	-10.375	-10.375	False	False	morphology	determiner_noun_agreement	Write a natural, coherent English sentence.
918	4	Heidi healed this troubled child.	Heidi healed these troubled child.	-93.5	-93.5	-10.375	-10.375	False	False	morphology	determiner_noun_agreement	Write a natural, coherent English sentence.
919	4	Daniel questions these employed alumni.	Daniel questions this employed alumni.	-83.0	-83.0	-10.375	-10.375	False	False	morphology	determiner_noun_agreement	Write a natural, coherent English sentence.
920	4	People admire these yellow oxen.	People admire this yellow oxen.	-83.0	-83.0	-10.375	-10.375	False	False	morphology	determiner_noun_agreement	Write a natural, coherent English sentence.
921	4	Those adults embarrasses this displeased woman.	Those adults embarrasses these displeased woman.	-104.0	-104.0	-10.375	-10.375	False	False	morphology	determiner_noun_agreement	Write a natural, coherent English sentence.
922	4	Winston Churchill notices these big nuclei.	Winston Churchill notices this big nuclei.	-114.0	-114.0	-10.375	-10.375	False	False	morphology	determiner_noun_agreement	Write a natural, coherent English sentence.
923	4	All women hide those concealed nuclei.	All women hide that concealed nuclei.	-93.5	-93.5	-10.375	-10.375	False	False	morphology	determiner_noun_agreement	Write a natural, coherent English sentence.
924	4	Charles was escaping from those lucky men.	Charles was escaping from that lucky men.	-93.5	-93.5	-10.375	-10.375	False	False	morphology	determiner_noun_agreement	Write a natural, coherent English sentence.
925	4	Paul doesn't insult this happy woman.	Paul doesn't insult these happy woman.	-93.5	-93.5	-10.375	-10.375	False	False	morphology	determiner_noun_agreement	Write a natural, coherent English sentence.
926	4	Galileo isn't scanning this brown thesis.	Galileo isn't scanning these brown thesis.	-124.5	-124.5	-10.375	-10.375	False	False	morphology	determiner_noun_agreement	Write a natural, coherent English sentence.
927	4	The newspaper article doesn't annoy that exposed man.	The newspaper article doesn't annoy those exposed man.	-114.0	-114.0	-10.375	-10.375	False	False	morphology	determiner_noun_agreement	Write a natural, coherent English sentence.
928	4	Carmen noticed these gray cacti.	Carmen noticed this gray cacti.	-93.5	-93.5	-10.375	-10.375	False	False	morphology	determiner_noun_agreement	Write a natural, coherent English sentence.
929	4	Teresa approaches this upset man.	Teresa approaches these upset man.	-72.5	-72.5	-10.375	-10.375	False	False	morphology	determiner_noun_agreement	Write a natural, coherent English sentence.
930	4	April was revealing this hidden woman.	April was revealing these hidden woman.	-72.5	-72.5	-10.375	-10.375	False	False	morphology	determiner_noun_agreement	Write a natural, coherent English sentence.
931	4	Michael has loved these scared men.	Michael has loved this scared men.	-72.5	-72.5	-10.375	-10.375	False	False	morphology	determiner_noun_agreement	Write a natural, coherent English sentence.
932	4	Joseph hadn't bought those hard lice.	Joseph hadn't bought that hard lice.	-104.0	-104.0	-10.375	-10.375	False	False	morphology	determiner_noun_agreement	Write a natural, coherent English sentence.
933	4	Larry did drive to this out in the open oasis.	Larry did drive to these out in the open oasis.	-124.5	-124.5	-10.375	-10.375	False	False	morphology	determiner_noun_agreement	Write a natural, coherent English sentence.
934	4	Lisa hasn't driven to that new oasis.	Lisa hasn't driven to those new oasis.	-114.0	-114.0	-10.375	-10.375	False	False	morphology	determiner_noun_agreement	Write a natural, coherent English sentence.
935	4	Steve scanned this good synopsis.	Steve scanned these good synopsis.	-83.0	-83.0	-10.375	-10.375	False	False	morphology	determiner_noun_agreement	Write a natural, coherent English sentence.
936	4	The Lutherans care for those hopeful men.	The Lutherans care for that hopeful men.	-104.0	-104.0	-10.375	-10.375	False	False	morphology	determiner_noun_agreement	Write a natural, coherent English sentence.
937	4	Christine bikes to these orange oases.	Christine bikes to this orange oases.	-104.0	-104.0	-10.375	-10.375	False	False	morphology	determiner_noun_agreement	Write a natural, coherent English sentence.
938	4	Most actors distracted this popular woman.	Most actors distracted these popular woman.	-83.0	-83.0	-10.375	-10.375	False	False	morphology	determiner_noun_agreement	Write a natural, coherent English sentence.
939	4	Emily should observe those displeased men.	Emily should observe that displeased men.	-93.5	-93.5	-10.375	-10.375	False	False	morphology	determiner_noun_agreement	Write a natural, coherent English sentence.
940	4	The drivers do sell this green thesis.	The drivers do sell these green thesis.	-83.0	-83.0	-10.375	-10.375	False	False	morphology	determiner_noun_agreement	Write a natural, coherent English sentence.
941	4	Most drivers love these unemployed men.	Most drivers love this unemployed men.	-83.0	-83.0	-10.375	-10.375	False	False	morphology	determiner_noun_agreement	Write a natural, coherent English sentence.
942	4	Those doctors care for this hopeful man.	Those doctors care for these hopeful man.	-93.5	-93.5	-10.375	-10.375	False	False	morphology	determiner_noun_agreement	Write a natural, coherent English sentence.
943	4	Brad kisses that displeased man.	Brad kisses those displeased man.	-93.5	-93.5	-10.375	-10.375	False	False	morphology	determiner_noun_agreement	Write a natural, coherent English sentence.
944	4	Danielle had argued about those troubled men.	Danielle had argued about that troubled men.	-104.0	-104.0	-10.375	-10.375	False	False	morphology	determiner_noun_agreement	Write a natural, coherent English sentence.
945	4	An actor is disgusting those unsure men.	An actor is disgusting that unsure men.	-104.0	-104.0	-10.375	-10.375	False	False	morphology	determiner_noun_agreement	Write a natural, coherent English sentence.
946	4	Galileo didn't hurt those displeased children.	Galileo didn't hurt that displeased children.	-135.0	-135.0	-10.375	-10.375	False	False	morphology	determiner_noun_agreement	Write a natural, coherent English sentence.
947	4	Omar messed up these small teeth.	Omar messed up this small teeth.	-93.5	-93.5	-10.375	-10.375	False	False	morphology	determiner_noun_agreement	Write a natural, coherent English sentence.
948	4	Carmen will watch this smart person.	Carmen will watch these smart person.	-83.0	-83.0	-10.375	-10.375	False	False	morphology	determiner_noun_agreement	Write a natural, coherent English sentence.
949	4	Jeffrey hid that unlucky child.	Jeffrey hid those unlucky child.	-93.5	-93.5	-10.375	-10.375	False	False	morphology	determiner_noun_agreement	Write a natural, coherent English sentence.
950	4	Every plane bothers this upset child.	Every plane bothers these upset child.	-83.0	-83.0	-10.375	-10.375	False	False	morphology	determiner_noun_agreement	Write a natural, coherent English sentence.
951	4	A lot of hospitals have those blue teeth.	A lot of hospitals have that blue teeth.	-93.5	-93.5	-10.375	-10.375	False	False	morphology	determiner_noun_agreement	Write a natural, coherent English sentence.
952	4	Nancy wasn't disturbing that clever man.	Nancy wasn't disturbing those clever man.	-104.0	-104.0	-10.375	-10.375	False	False	morphology	determiner_noun_agreement	Write a natural, coherent English sentence.
953	4	These ladies bought that white tooth.	These ladies bought those white tooth.	-72.5	-72.5	-10.375	-10.375	False	False	morphology	determiner_noun_agreement	Write a natural, coherent English sentence.
954	4	Every skirt annoys that confident person.	Every skirt annoys those confident person.	-93.5	-93.5	-10.375	-10.375	False	False	morphology	determiner_noun_agreement	Write a natural, coherent English sentence.
955	4	These actors weren't biking to these red oases.	These actors weren't biking to this red oases.	-135.0	-135.0	-10.375	-10.375	False	False	morphology	determiner_noun_agreement	Write a natural, coherent English sentence.
956	4	Carmen has described those confident people.	Carmen has described that confident people.	-83.0	-83.0	-10.375	-10.375	False	False	morphology	determiner_noun_agreement	Write a natural, coherent English sentence.
957	4	All legislatures criticize that brown oasis.	All legislatures criticize those brown oasis.	-104.0	-104.0	-10.375	-10.375	False	False	morphology	determiner_noun_agreement	Write a natural, coherent English sentence.
958	4	Paula works with that clever person.	Paula works with those clever person.	-83.0	-83.0	-10.375	-10.375	False	False	morphology	determiner_noun_agreement	Write a natural, coherent English sentence.
959	4	Benjamin respects those confident children.	Benjamin respects that confident children.	-72.5	-72.5	-10.375	-10.375	False	False	morphology	determiner_noun_agreement	Write a natural, coherent English sentence.
960	4	Mitchell attacked these unsure alumni.	Mitchell attacked this unsure alumni.	-93.5	-93.5	-10.375	-10.375	False	False	morphology	determiner_noun_agreement	Write a natural, coherent English sentence.
961	4	The Lutherans hadn't cleaned these broken teeth.	The Lutherans hadn't cleaned this broken teeth.	-114.0	-114.0	-10.375	-10.375	False	False	morphology	determiner_noun_agreement	Write a natural, coherent English sentence.
962	4	A lot of children observe that young child.	A lot of children observe those young child.	-93.5	-93.5	-10.375	-10.375	False	False	morphology	determiner_noun_agreement	Write a natural, coherent English sentence.
963	4	Gary hadn't sounded like this out in the open oasis.	Gary hadn't sounded like these out in the open oasis.	-145.0	-145.0	-10.375	-10.375	False	False	morphology	determiner_noun_agreement	Write a natural, coherent English sentence.
964	4	That fish annoyed this serious alumnus.	That fish annoyed these serious alumnus.	-104.0	-104.0	-10.375	-10.375	False	False	morphology	determiner_noun_agreement	Write a natural, coherent English sentence.
965	4	Spotlights worry those standing people.	Spotlights worry that standing people.	-72.5	-72.5	-10.375	-10.375	False	False	morphology	determiner_noun_agreement	Write a natural, coherent English sentence.
966	4	Rodney returned to these content alumni.	Rodney returned to this content alumni.	-104.0	-104.0	-10.375	-10.375	False	False	morphology	determiner_noun_agreement	Write a natural, coherent English sentence.
967	4	Bruce references this unemployed child.	Bruce references these unemployed child.	-72.5	-72.5	-10.375	-10.375	False	False	morphology	determiner_noun_agreement	Write a natural, coherent English sentence.
968	4	Many museums criticize this bad analysis.	Many museums criticize these bad analysis.	-93.5	-93.5	-10.375	-10.375	False	False	morphology	determiner_noun_agreement	Write a natural, coherent English sentence.
969	4	Danielle knows that concealed man.	Danielle knows those concealed man.	-83.0	-83.0	-10.375	-10.375	False	False	morphology	determiner_noun_agreement	Write a natural, coherent English sentence.
970	4	Katherine sells that smooth oasis.	Katherine sells those smooth oasis.	-93.5	-93.5	-10.375	-10.375	False	False	morphology	determiner_noun_agreement	Write a natural, coherent English sentence.
971	4	Meredith hadn't scared these clever people.	Meredith hadn't scared this clever people.	-114.0	-114.0	-10.375	-10.375	False	False	morphology	determiner_noun_agreement	Write a natural, coherent English sentence.
972	4	Walter biked to these gray oases.	Walter biked to this gray oases.	-104.0	-104.0	-10.375	-10.375	False	False	morphology	determiner_noun_agreement	Write a natural, coherent English sentence.
973	4	Phillip has investigated this unemployed man.	Phillip has investigated these unemployed man.	-93.5	-93.5	-10.375	-10.375	False	False	morphology	determiner_noun_agreement	Write a natural, coherent English sentence.
974	4	Alice knows that ill woman.	Alice knows those ill woman.	-62.25	-62.25	-10.375	-10.375	False	False	morphology	determiner_noun_agreement	Write a natural, coherent English sentence.
975	4	Daniel bothered that unemployed alumnus.	Daniel bothered those unemployed alumnus.	-93.5	-93.5	-10.375	-10.375	False	False	morphology	determiner_noun_agreement	Write a natural, coherent English sentence.
976	4	Some children notice this black thesis.	Some children notice these black thesis.	-72.5	-72.5	-10.375	-10.375	False	False	morphology	determiner_noun_agreement	Write a natural, coherent English sentence.
977	4	George has alarmed these unemployed children.	George has alarmed this unemployed children.	-93.5	-93.5	-10.375	-10.375	False	False	morphology	determiner_noun_agreement	Write a natural, coherent English sentence.
978	4	Sarah won't drive to this concealed oasis.	Sarah won't drive to these concealed oasis.	-124.5	-124.5	-10.375	-10.375	False	False	morphology	determiner_noun_agreement	Write a natural, coherent English sentence.
979	4	Grace arrived at those small oases.	Grace arrived at that small oases.	-83.0	-83.0	-10.375	-10.375	False	False	morphology	determiner_noun_agreement	Write a natural, coherent English sentence.
980	4	David kisses that lucky man.	David kisses those lucky man.	-72.5	-72.5	-10.375	-10.375	False	False	morphology	determiner_noun_agreement	Write a natural, coherent English sentence.
981	4	Laura isn't lifting this smooth axis.	Laura isn't lifting these smooth axis.	-93.5	-93.5	-10.375	-10.375	False	False	morphology	determiner_noun_agreement	Write a natural, coherent English sentence.
982	4	Mark embarrassed these confident children.	Mark embarrassed this confident children.	-62.25	-62.25	-10.375	-10.375	False	False	morphology	determiner_noun_agreement	Write a natural, coherent English sentence.
983	4	Patients bothers this employed man.	Patients bothers these employed man.	-83.0	-83.0	-10.375	-10.375	False	False	morphology	determiner_noun_agreement	Write a natural, coherent English sentence.
984	4	Christopher has criticized this bad synopsis.	Christopher has criticized these bad synopsis.	-93.5	-93.5	-10.375	-10.375	False	False	morphology	determiner_noun_agreement	Write a natural, coherent English sentence.
985	4	Todd hadn't gone to this cheap oasis.	Todd hadn't gone to these cheap oasis.	-114.0	-114.0	-10.375	-10.375	False	False	morphology	determiner_noun_agreement	Write a natural, coherent English sentence.
986	4	Becca does investigate this lucky alumnus.	Becca does investigate these lucky alumnus.	-104.0	-104.0	-10.375	-10.375	False	False	morphology	determiner_noun_agreement	Write a natural, coherent English sentence.
987	4	Sabrina visits those fast women.	Sabrina visits that fast women.	-83.0	-83.0	-10.375	-10.375	False	False	morphology	determiner_noun_agreement	Write a natural, coherent English sentence.
988	4	Janet knew those unconvinced children.	Janet knew that unconvinced children.	-104.0	-104.0	-10.375	-10.375	False	False	morphology	determiner_noun_agreement	Write a natural, coherent English sentence.
989	4	Christine hated this young man.	Christine hated these young man.	-72.5	-72.5	-10.375	-10.375	False	False	morphology	determiner_noun_agreement	Write a natural, coherent English sentence.
990	4	Chad hadn't complained about these big oases.	Chad hadn't complained about this big oases.	-124.5	-124.5	-10.375	-10.375	False	False	morphology	determiner_noun_agreement	Write a natural, coherent English sentence.
991	4	Many bikes stun that nice man.	Many bikes stun those nice man.	-93.5	-93.5	-10.375	-10.375	False	False	morphology	determiner_noun_agreement	Write a natural, coherent English sentence.
992	4	William hasn't investigated these fast men.	William hasn't investigated this fast men.	-93.5	-93.5	-10.375	-10.375	False	False	morphology	determiner_noun_agreement	Write a natural, coherent English sentence.
993	4	Kristin couldn't research these smooth oases.	Kristin couldn't research this smooth oases.	-114.0	-114.0	-10.375	-10.375	False	False	morphology	determiner_noun_agreement	Write a natural, coherent English sentence.
994	4	Travis arrives at these old oases.	Travis arrives at this old oases.	-93.5	-93.5	-10.375	-10.375	False	False	morphology	determiner_noun_agreement	Write a natural, coherent English sentence.
995	4	Many boys drive to this yellow oasis.	Many boys drive to these yellow oasis.	-93.5	-93.5	-10.375	-10.375	False	False	morphology	determiner_noun_agreement	Write a natural, coherent English sentence.
996	4	Danielle won't heal those unlucky people.	Danielle won't heal that unlucky people.	-124.5	-124.5	-10.375	-10.375	False	False	morphology	determiner_noun_agreement	Write a natural, coherent English sentence.
997	4	Sabrina wouldn't go to that new oasis.	Sabrina wouldn't go to those new oasis.	-135.0	-135.0	-10.375	-10.375	False	False	morphology	determiner_noun_agreement	Write a natural, coherent English sentence.
998	4	This movie theater annoys these lucky alumni.	This movie theater annoys this lucky alumni.	-124.5	-124.5	-10.375	-10.375	False	False	morphology	determiner_noun_agreement	Write a natural, coherent English sentence.
999	4	Stacy doesn't appreciate that out in the open woman.	Stacy doesn't appreciate those out in the open woman.	-135.0	-135.0	-10.375	-10.375	False	False	morphology	determiner_noun_agreement	Write a natural, coherent English sentence.
0	5	Alexander didn't walk through that new oasis.	Alexander didn't walk through those new oasis.	-114.0	-114.0	-10.375	-10.375	False	False	morphology	determiner_noun_agreement	Write a natural, coherent English sentence.
1	5	This hair irritates these old alumni.	This hair irritates this old alumni.	-104.0	-104.0	-10.375	-10.375	False	False	morphology	determiner_noun_agreement	Write a natural, coherent English sentence.
2	5	Winston Churchill was escaping from this serious person.	Winston Churchill was escaping from these serious person.	-124.5	-124.5	-10.375	-10.375	False	False	morphology	determiner_noun_agreement	Write a natural, coherent English sentence.
3	5	Anna walks through these purple oases.	Anna walks through this purple oases.	-83.0	-83.0	-10.375	-10.375	False	False	morphology	determiner_noun_agreement	Write a natural, coherent English sentence.
4	5	Alicia sounded like this good analysis.	Alicia sounded like these good analysis.	-93.5	-93.5	-10.375	-10.375	False	False	morphology	determiner_noun_agreement	Write a natural, coherent English sentence.
5	5	Jeffrey might complain about this gray thesis.	Jeffrey might complain about these gray thesis.	-93.5	-93.5	-10.375	-10.375	False	False	morphology	determiner_noun_agreement	Write a natural, coherent English sentence.
6	5	Meredith approaches these concealed women.	Meredith approaches this concealed women.	-93.5	-93.5	-10.375	-10.375	False	False	morphology	determiner_noun_agreement	Write a natural, coherent English sentence.
7	5	Julia questioned those small children.	Julia questioned that small children.	-62.25	-62.25	-10.375	-10.375	False	False	morphology	determiner_noun_agreement	Write a natural, coherent English sentence.
8	5	That adult has brought that purple octopus.	That adult has brought those purple octopus.	-104.0	-104.0	-10.375	-10.375	False	False	morphology	determiner_noun_agreement	Write a natural, coherent English sentence.
9	5	The people hug this displeased woman.	The people hug these displeased woman.	-93.5	-93.5	-10.375	-10.375	False	False	morphology	determiner_noun_agreement	Write a natural, coherent English sentence.
10	5	That beef did bore these displeased people.	That beef did bore this displeased people.	-104.0	-104.0	-10.375	-10.375	False	False	morphology	determiner_noun_agreement	Write a natural, coherent English sentence.
11	5	These libraries talk about these long synopses.	These libraries talk about this long synopses.	-103.5	-103.5	-10.375	-10.375	False	False	morphology	determiner_noun_agreement	Write a natural, coherent English sentence.
12	5	Lori wasn't hiring those delighted men.	Lori wasn't hiring that delighted men.	-104.0	-104.0	-10.375	-10.375	False	False	morphology	determiner_noun_agreement	Write a natural, coherent English sentence.
13	5	The teachers are running around this concealed oasis.	The teachers are running around these concealed oasis.	-114.0	-114.0	-10.375	-10.375	False	False	morphology	determiner_noun_agreement	Write a natural, coherent English sentence.
14	5	Those bananas embarrass these delighted people.	Those bananas embarrass this delighted people.	-83.0	-83.0	-10.375	-10.375	False	False	morphology	determiner_noun_agreement	Write a natural, coherent English sentence.
15	5	Mitchell brought those green oases.	Mitchell brought that green oases.	-72.5	-72.5	-10.375	-10.375	False	False	morphology	determiner_noun_agreement	Write a natural, coherent English sentence.
16	5	The actresses complain about this rough thesis.	The actresses complain about these rough thesis.	-93.5	-93.5	-10.375	-10.375	False	False	morphology	determiner_noun_agreement	Write a natural, coherent English sentence.
17	5	Russell investigates these fast women.	Russell investigates this fast women.	-72.5	-72.5	-10.375	-10.375	False	False	morphology	determiner_noun_agreement	Write a natural, coherent English sentence.
18	5	Irene praised those bad synopses.	Irene praised that bad synopses.	-93.5	-93.5	-10.375	-10.375	False	False	morphology	determiner_noun_agreement	Write a natural, coherent English sentence.
19	5	Denise did confuse that important woman.	Denise did confuse those important woman.	-93.5	-93.5	-10.375	-10.375	False	False	morphology	determiner_noun_agreement	Write a natural, coherent English sentence.
20	5	Some patients dislike those nice women.	Some patients dislike that nice women.	-83.0	-83.0	-10.375	-10.375	False	False	morphology	determiner_noun_agreement	Write a natural, coherent English sentence.
21	5	Amelia wasn't observing this hopeful man.	Amelia wasn't observing these hopeful man.	-124.5	-124.5	-10.375	-10.375	False	False	morphology	determiner_noun_agreement	Write a natural, coherent English sentence.
22	5	Grace is hugging these popular women.	Grace is hugging this popular women.	-83.0	-83.0	-10.375	-10.375	False	False	morphology	determiner_noun_agreement	Write a natural, coherent English sentence.
23	5	Julia might describe this long synopsis.	Julia might describe these long synopsis.	-83.0	-83.0	-10.375	-10.375	False	False	morphology	determiner_noun_agreement	Write a natural, coherent English sentence.
24	5	Many pedestrians do return to these happy men.	Many pedestrians do return to this happy men.	-114.0	-114.0	-10.375	-10.375	False	False	morphology	determiner_noun_agreement	Write a natural, coherent English sentence.
25	5	Laura noticed that determined man.	Laura noticed those determined man.	-62.25	-62.25	-10.375	-10.375	False	False	morphology	determiner_noun_agreement	Write a natural, coherent English sentence.
26	5	Julie would pass those red oases.	Julie would pass that red oases.	-83.0	-83.0	-10.375	-10.375	False	False	morphology	determiner_noun_agreement	Write a natural, coherent English sentence.
27	5	These doctors boast about this out in the open child.	These doctors boast about these out in the open child.	-124.5	-124.5	-10.375	-10.375	False	False	morphology	determiner_noun_agreement	Write a natural, coherent English sentence.
28	5	Stephen isn't revealing this brown nucleus.	Stephen isn't revealing these brown nucleus.	-104.0	-104.0	-10.375	-10.375	False	False	morphology	determiner_noun_agreement	Write a natural, coherent English sentence.
29	5	Travel stuns that sick child.	Travel stuns those sick child.	-72.5	-72.5	-10.375	-10.375	False	False	morphology	determiner_noun_agreement	Write a natural, coherent English sentence.
30	5	Amelia healed that unemployed woman.	Amelia healed those unemployed woman.	-93.5	-93.5	-10.375	-10.375	False	False	morphology	determiner_noun_agreement	Write a natural, coherent English sentence.
31	5	Noah attacks that ill child.	Noah attacks those ill child.	-62.25	-62.25	-10.375	-10.375	False	False	morphology	determiner_noun_agreement	Write a natural, coherent English sentence.
32	5	Randolf buys those gray fungi.	Randolf buys that gray fungi.	-93.5	-93.5	-10.375	-10.375	False	False	morphology	determiner_noun_agreement	Write a natural, coherent English sentence.
33	5	Some pedestrians disagreed with this big woman.	Some pedestrians disagreed with these big woman.	-114.0	-114.0	-10.375	-10.375	False	False	morphology	determiner_noun_agreement	Write a natural, coherent English sentence.
34	5	Adam might sound like these determined children.	Adam might sound like this determined children.	-83.0	-83.0	-10.375	-10.375	False	False	morphology	determiner_noun_agreement	Write a natural, coherent English sentence.
35	5	Bill has stunned this confident man.	Bill has stunned these confident man.	-83.0	-83.0	-10.375	-10.375	False	False	morphology	determiner_noun_agreement	Write a natural, coherent English sentence.
36	5	Rhonda should see these blue oases.	Rhonda should see this blue oases.	-93.5	-93.5	-10.375	-10.375	False	False	morphology	determiner_noun_agreement	Write a natural, coherent English sentence.
37	5	Stephen cares for that out in the open alumnus.	Stephen cares for those out in the open alumnus.	-124.5	-124.5	-10.375	-10.375	False	False	morphology	determiner_noun_agreement	Write a natural, coherent English sentence.
38	5	Cheryl has bought this green oasis.	Cheryl has bought these green oasis.	-93.5	-93.5	-10.375	-10.375	False	False	morphology	determiner_noun_agreement	Write a natural, coherent English sentence.
39	5	Every door annoyed this lucky child.	Every door annoyed these lucky child.	-83.0	-83.0	-10.375	-10.375	False	False	morphology	determiner_noun_agreement	Write a natural, coherent English sentence.
40	5	Gerald cures that unlucky child.	Gerald cures those unlucky child.	-104.0	-103.5	-10.375	-10.375	False	False	morphology	determiner_noun_agreement	Write a natural, coherent English sentence.
41	5	Eyes weren't worrying this troubled child.	Eyes weren't worrying these troubled child.	-114.0	-114.0	-10.375	-10.375	False	False	morphology	determiner_noun_agreement	Write a natural, coherent English sentence.
42	5	Michael isn't referencing this long synopsis.	Michael isn't referencing these long synopsis.	-114.0	-114.0	-10.375	-10.375	False	False	morphology	determiner_noun_agreement	Write a natural, coherent English sentence.
43	5	Robert insults this serious man.	Robert insults these serious man.	-72.5	-72.5	-10.375	-10.375	False	False	morphology	determiner_noun_agreement	Write a natural, coherent English sentence.
44	5	Waitresses describe that smart alumnus.	Waitresses describe those smart alumnus.	-104.0	-104.0	-10.375	-10.375	False	False	morphology	determiner_noun_agreement	Write a natural, coherent English sentence.
45	5	Dan doesn't respect this unemployed alumnus.	Dan doesn't respect these unemployed alumnus.	-124.5	-124.5	-10.375	-10.375	False	False	morphology	determiner_noun_agreement	Write a natural, coherent English sentence.
46	5	Eric has upset those scared people.	Eric has upset that scared people.	-72.5	-72.5	-10.375	-10.375	False	False	morphology	determiner_noun_agreement	Write a natural, coherent English sentence.
47	5	Sabrina was biking to this exposed oasis.	Sabrina was biking to these exposed oasis.	-124.5	-124.5	-10.375	-10.375	False	False	morphology	determiner_noun_agreement	Write a natural, coherent English sentence.
48	5	Edward can't think about these exposed mice.	Edward can't think about this exposed mice.	-114.0	-114.0	-10.375	-10.375	False	False	morphology	determiner_noun_agreement	Write a natural, coherent English sentence.
49	5	Phillip listened to this standing alumnus.	Phillip listened to these standing alumnus.	-104.0	-104.0	-10.375	-10.375	False	False	morphology	determiner_noun_agreement	Write a natural, coherent English sentence.
50	5	Those men skate around this small oasis.	Those men skate around these small oasis.	-104.0	-104.0	-10.375	-10.375	False	False	morphology	determiner_noun_agreement	Write a natural, coherent English sentence.
51	5	Rhonda could think about those content children.	Rhonda could think about that content children.	-93.5	-93.5	-10.375	-10.375	False	False	morphology	determiner_noun_agreement	Write a natural, coherent English sentence.
52	5	Melissa had remembered that unsure person.	Melissa had remembered those unsure person.	-93.5	-93.5	-10.375	-10.375	False	False	morphology	determiner_noun_agreement	Write a natural, coherent English sentence.
53	5	The students talk about this upset person.	The students talk about these upset person.	-83.0	-83.0	-10.375	-10.375	False	False	morphology	determiner_noun_agreement	Write a natural, coherent English sentence.
54	5	Leslie insults those upset alumni.	Leslie insults that upset alumni.	-103.5	-103.5	-10.375	-10.375	False	False	morphology	determiner_noun_agreement	Write a natural, coherent English sentence.
55	5	Hats distract this ill man.	Hats distract these ill man.	-72.5	-72.5	-10.375	-10.375	False	False	morphology	determiner_noun_agreement	Write a natural, coherent English sentence.
56	5	Dawn sounded like this determined child.	Dawn sounded like these determined child.	-83.0	-83.0	-10.375	-10.375	False	False	morphology	determiner_noun_agreement	Write a natural, coherent English sentence.
57	5	Carl had run around that brown oasis.	Carl had run around those brown oasis.	-93.5	-93.5	-10.375	-10.375	False	False	morphology	determiner_noun_agreement	Write a natural, coherent English sentence.
58	5	Anna criticizes these concealed children.	Anna criticizes this concealed children.	-83.0	-83.0	-10.375	-10.375	False	False	morphology	determiner_noun_agreement	Write a natural, coherent English sentence.
59	5	The waiter might criticize that unemployed man.	The waiter might criticize those unemployed man.	-114.0	-114.0	-10.375	-10.375	False	False	morphology	determiner_noun_agreement	Write a natural, coherent English sentence.
60	5	Tracy was investigating this troubled alumnus.	Tracy was investigating these troubled alumnus.	-124.5	-124.5	-10.375	-10.375	False	False	morphology	determiner_noun_agreement	Write a natural, coherent English sentence.
61	5	These newspaper articles astound this clever child.	These newspaper articles astound these clever child.	-93.5	-93.5	-10.375	-10.375	False	False	morphology	determiner_noun_agreement	Write a natural, coherent English sentence.
62	5	Dana hadn't attacked this small man.	Dana hadn't attacked these small man.	-104.0	-104.0	-10.375	-10.375	False	False	morphology	determiner_noun_agreement	Write a natural, coherent English sentence.
63	5	Curtis wasn't breaking those hard teeth.	Curtis wasn't breaking that hard teeth.	-104.0	-104.0	-10.375	-10.375	False	False	morphology	determiner_noun_agreement	Write a natural, coherent English sentence.
64	5	All customers attack this employed alumnus.	All customers attack these employed alumnus.	-93.5	-93.5	-10.375	-10.375	False	False	morphology	determiner_noun_agreement	Write a natural, coherent English sentence.
65	5	Most ladies go to those purple oases.	Most ladies go to that purple oases.	-93.5	-93.5	-10.375	-10.375	False	False	morphology	determiner_noun_agreement	Write a natural, coherent English sentence.
66	5	A dancer tours that blue oasis.	A dancer tours those blue oasis.	-93.5	-93.5	-10.375	-10.375	False	False	morphology	determiner_noun_agreement	Write a natural, coherent English sentence.
67	5	Steven irritated this unconvinced woman.	Steven irritated these unconvinced woman.	-104.0	-104.0	-10.375	-10.375	False	False	morphology	determiner_noun_agreement	Write a natural, coherent English sentence.
68	5	Tara wasn't helping that sick man.	Tara wasn't helping those sick man.	-104.0	-104.0	-10.375	-10.375	False	False	morphology	determiner_noun_agreement	Write a natural, coherent English sentence.
69	5	The dancers aren't cleaning that smooth fungus.	The dancers aren't cleaning those smooth fungus.	-135.0	-135.0	-10.375	-10.375	False	False	morphology	determiner_noun_agreement	Write a natural, coherent English sentence.
70	5	Melissa had talked about these white theses.	Melissa had talked about this white theses.	-104.0	-104.0	-10.375	-10.375	False	False	morphology	determiner_noun_agreement	Write a natural, coherent English sentence.
71	5	The man isn't watching those upset men.	The man isn't watching that upset men.	-104.0	-104.0	-10.375	-10.375	False	False	morphology	determiner_noun_agreement	Write a natural, coherent English sentence.
72	5	Sabrina won't worry this out in the open person.	Sabrina won't worry these out in the open person.	-145.0	-145.0	-10.375	-10.375	False	False	morphology	determiner_noun_agreement	Write a natural, coherent English sentence.
73	5	Every bird embarrassed these unemployed men.	Every bird embarrassed this unemployed men.	-83.0	-83.0	-10.375	-10.375	False	False	morphology	determiner_noun_agreement	Write a natural, coherent English sentence.
74	5	The Borgias drive to that small oasis.	The Borgias drive to those small oasis.	-114.0	-114.0	-10.375	-10.375	False	False	morphology	determiner_noun_agreement	Write a natural, coherent English sentence.
75	5	Bradley likes these brown fungi.	Bradley likes this brown fungi.	-83.0	-83.0	-10.375	-10.375	False	False	morphology	determiner_noun_agreement	Write a natural, coherent English sentence.
76	5	Most guys go to that black oasis.	Most guys go to those black oasis.	-93.5	-93.5	-10.375	-10.375	False	False	morphology	determiner_noun_agreement	Write a natural, coherent English sentence.
77	5	A pedestrian hadn't approached these hopeful women.	A pedestrian hadn't approached this hopeful women.	-124.5	-124.5	-10.375	-10.375	False	False	morphology	determiner_noun_agreement	Write a natural, coherent English sentence.
78	5	Some senators aren't healing this unemployed alumnus.	Some senators aren't healing these unemployed alumnus.	-145.0	-145.0	-10.375	-10.375	False	False	morphology	determiner_noun_agreement	Write a natural, coherent English sentence.
79	5	That cart wasn't stunning these exposed men.	That cart wasn't stunning this exposed men.	-104.0	-104.0	-10.375	-10.375	False	False	morphology	determiner_noun_agreement	Write a natural, coherent English sentence.
80	5	Joel can think about this smart man.	Joel can think about these smart man.	-83.0	-83.0	-10.375	-10.375	False	False	morphology	determiner_noun_agreement	Write a natural, coherent English sentence.
81	5	Those prints disgust those good people.	Those prints disgust that good people.	-72.5	-72.5	-10.375	-10.375	False	False	morphology	determiner_noun_agreement	Write a natural, coherent English sentence.
82	5	Beverly hadn't passed these yellow oases.	Beverly hadn't passed this yellow oases.	-114.0	-114.0	-10.375	-10.375	False	False	morphology	determiner_noun_agreement	Write a natural, coherent English sentence.
83	5	A lot of prints irritate this unconvinced woman.	A lot of prints irritate these unconvinced woman.	-135.0	-135.0	-10.375	-10.375	False	False	morphology	determiner_noun_agreement	Write a natural, coherent English sentence.
84	5	Many customers hire those standing alumni.	Many customers hire that standing alumni.	-93.5	-93.5	-10.375	-10.375	False	False	morphology	determiner_noun_agreement	Write a natural, coherent English sentence.
85	5	Some rug isn't irritating that nice woman.	Some rug isn't irritating those nice woman.	-114.0	-114.0	-10.375	-10.375	False	False	morphology	determiner_noun_agreement	Write a natural, coherent English sentence.
86	5	Jill embarrassed those busy men.	Jill embarrassed that busy men.	-72.5	-72.5	-10.375	-10.375	False	False	morphology	determiner_noun_agreement	Write a natural, coherent English sentence.
87	5	Most sketches could hurt this uncertain person.	Most sketches could hurt these uncertain person.	-104.0	-104.0	-10.375	-10.375	False	False	morphology	determiner_noun_agreement	Write a natural, coherent English sentence.
88	5	Patricia lifted those purple feet.	Patricia lifted that purple feet.	-83.0	-83.0	-10.375	-10.375	False	False	morphology	determiner_noun_agreement	Write a natural, coherent English sentence.
89	5	The girls sell this hard fungus.	The girls sell these hard fungus.	-93.5	-93.5	-10.375	-10.375	False	False	morphology	determiner_noun_agreement	Write a natural, coherent English sentence.
90	5	Nicole has seen this yellow cactus.	Nicole has seen these yellow cactus.	-93.5	-93.5	-10.375	-10.375	False	False	morphology	determiner_noun_agreement	Write a natural, coherent English sentence.
91	5	Sharon could arrive at those big oases.	Sharon could arrive at that big oases.	-104.0	-104.0	-10.375	-10.375	False	False	morphology	determiner_noun_agreement	Write a natural, coherent English sentence.
92	5	This cashier can fire that good woman.	This cashier can fire those good woman.	-93.5	-93.5	-10.375	-10.375	False	False	morphology	determiner_noun_agreement	Write a natural, coherent English sentence.
93	5	Raymond left those scared children.	Raymond left that scared children.	-62.25	-62.25	-10.375	-10.375	False	False	morphology	determiner_noun_agreement	Write a natural, coherent English sentence.
94	5	Noah could discuss that clever person.	Noah could discuss those clever person.	-72.5	-72.5	-10.375	-10.375	False	False	morphology	determiner_noun_agreement	Write a natural, coherent English sentence.
95	5	Rachelle knew that concealed woman.	Rachelle knew those concealed woman.	-83.0	-83.0	-10.375	-10.375	False	False	morphology	determiner_noun_agreement	Write a natural, coherent English sentence.
96	5	Dawn hasn't cured those gray oxen.	Dawn hasn't cured that gray oxen.	-124.5	-124.5	-10.375	-10.375	False	False	morphology	determiner_noun_agreement	Write a natural, coherent English sentence.
97	5	The Great Lakes haven't disgusted those out in the open people.	The Great Lakes haven't disgusted that out in the open people.	-166.0	-166.0	-10.375	-10.375	False	False	morphology	determiner_noun_agreement	Write a natural, coherent English sentence.
98	5	Wayne doesn't exit those cheap oases.	Wayne doesn't exit that cheap oases.	-104.0	-104.0	-10.375	-10.375	False	False	morphology	determiner_noun_agreement	Write a natural, coherent English sentence.
99	5	These waitresses haven't astounded this fast woman.	These waitresses haven't astounded these fast woman.	-145.0	-145.0	-10.375	-10.375	False	False	morphology	determiner_noun_agreement	Write a natural, coherent English sentence.
100	5	Patrick hasn't lifted this out in the open cactus.	Patrick hasn't lifted these out in the open cactus.	-145.0	-145.0	-10.375	-10.375	False	False	morphology	determiner_noun_agreement	Write a natural, coherent English sentence.
101	5	Angela isn't embarrassing those excited children.	Angela isn't embarrassing that excited children.	-103.5	-103.5	-10.375	-10.375	False	False	morphology	determiner_noun_agreement	Write a natural, coherent English sentence.
102	5	Jennifer hasn't criticized this smart man.	Jennifer hasn't criticized these smart man.	-103.5	-103.5	-10.375	-10.375	False	False	morphology	determiner_noun_agreement	Write a natural, coherent English sentence.
103	5	April watched this big person.	April watched these big person.	-62.25	-62.25	-10.375	-10.375	False	False	morphology	determiner_noun_agreement	Write a natural, coherent English sentence.
104	5	Candice hadn't bothered that serious alumnus.	Candice hadn't bothered those serious alumnus.	-124.5	-124.5	-10.375	-10.375	False	False	morphology	determiner_noun_agreement	Write a natural, coherent English sentence.
105	5	The Clintons observe those happy women.	The Clintons observe that happy women.	-93.5	-93.5	-10.375	-10.375	False	False	morphology	determiner_noun_agreement	Write a natural, coherent English sentence.
106	5	The Clintons observe this excited man.	The Clintons observe these excited man.	-93.5	-93.5	-10.375	-10.375	False	False	morphology	determiner_noun_agreement	Write a natural, coherent English sentence.
107	5	Associations were listening to that unlucky child.	Associations were listening to those unlucky child.	-114.0	-114.0	-10.375	-10.375	False	False	morphology	determiner_noun_agreement	Write a natural, coherent English sentence.
108	5	Those committees discussed that busy woman.	Those committees discussed those busy woman.	-93.5	-93.5	-10.375	-10.375	False	False	morphology	determiner_noun_agreement	Write a natural, coherent English sentence.
109	5	Debra isn't discussing that good analysis.	Debra isn't discussing those good analysis.	-103.5	-103.5	-10.375	-10.375	False	False	morphology	determiner_noun_agreement	Write a natural, coherent English sentence.
110	5	The drawing distracts this lucky woman.	The drawing distracts these lucky woman.	-83.0	-83.0	-10.375	-10.375	False	False	morphology	determiner_noun_agreement	Write a natural, coherent English sentence.
111	5	Holly couldn't dislike this exposed child.	Holly couldn't dislike these exposed child.	-104.0	-104.0	-10.375	-10.375	False	False	morphology	determiner_noun_agreement	Write a natural, coherent English sentence.
112	5	Angela examines that good synopsis.	Angela examines those good synopsis.	-83.0	-83.0	-10.375	-10.375	False	False	morphology	determiner_noun_agreement	Write a natural, coherent English sentence.
113	5	These skateboards aggravate that lucky woman.	These skateboards aggravate those lucky woman.	-114.0	-114.0	-10.375	-10.375	False	False	morphology	determiner_noun_agreement	Write a natural, coherent English sentence.
114	5	Some play alarms those small women.	Some play alarms that small women.	-83.0	-83.0	-10.375	-10.375	False	False	morphology	determiner_noun_agreement	Write a natural, coherent English sentence.
115	5	Students investigate these nice men.	Students investigate this nice men.	-62.25	-62.25	-10.375	-10.375	False	False	morphology	determiner_noun_agreement	Write a natural, coherent English sentence.
116	5	Tanya wasn't shocking that busy child.	Tanya wasn't shocking those busy child.	-114.0	-114.0	-10.375	-10.375	False	False	morphology	determiner_noun_agreement	Write a natural, coherent English sentence.
117	5	Brett has boasted about this nice person.	Brett has boasted about these nice person.	-103.5	-103.5	-10.375	-10.375	False	False	morphology	determiner_noun_agreement	Write a natural, coherent English sentence.
118	5	Jennifer described that hidden woman.	Jennifer described those hidden woman.	-62.25	-62.25	-10.375	-10.375	False	False	morphology	determiner_noun_agreement	Write a natural, coherent English sentence.
119	5	Winston Churchill passed these red oases.	Winston Churchill passed this red oases.	-104.0	-104.0	-10.375	-10.375	False	False	morphology	determiner_noun_agreement	Write a natural, coherent English sentence.
120	5	Some mirror could scare this nice woman.	Some mirror could scare these nice woman.	-93.5	-93.5	-10.375	-10.375	False	False	morphology	determiner_noun_agreement	Write a natural, coherent English sentence.
121	5	Caroline hadn't fired that scared alumnus.	Caroline hadn't fired those scared alumnus.	-114.0	-114.0	-10.375	-10.375	False	False	morphology	determiner_noun_agreement	Write a natural, coherent English sentence.
122	5	Edward wasn't referencing that displeased woman.	Edward wasn't referencing those displeased woman.	-124.5	-124.5	-10.375	-10.375	False	False	morphology	determiner_noun_agreement	Write a natural, coherent English sentence.
123	5	Many teachers clean these cheap teeth.	Many teachers clean this cheap teeth.	-72.5	-72.5	-10.375	-10.375	False	False	morphology	determiner_noun_agreement	Write a natural, coherent English sentence.
124	5	Wayne might remember these new oases.	Wayne might remember this new oases.	-83.0	-83.0	-10.375	-10.375	False	False	morphology	determiner_noun_agreement	Write a natural, coherent English sentence.
125	5	Some high school alarms this determined man.	Some high school alarms these determined man.	-93.5	-93.5	-10.375	-10.375	False	False	morphology	determiner_noun_agreement	Write a natural, coherent English sentence.
126	5	Vincent had returned to these out in the open oases.	Vincent had returned to this out in the open oases.	-124.5	-124.5	-10.375	-10.375	False	False	morphology	determiner_noun_agreement	Write a natural, coherent English sentence.
127	5	Marla hired this standing child.	Marla hired these standing child.	-72.5	-72.5	-10.375	-10.375	False	False	morphology	determiner_noun_agreement	Write a natural, coherent English sentence.
128	5	Some cucumber has upset those ill men.	Some cucumber has upset that ill men.	-104.0	-104.0	-10.375	-10.375	False	False	morphology	determiner_noun_agreement	Write a natural, coherent English sentence.
129	5	Russell hasn't kissed this content man.	Russell hasn't kissed these content man.	-93.5	-93.5	-10.375	-10.375	False	False	morphology	determiner_noun_agreement	Write a natural, coherent English sentence.
130	5	Guy has left this determined man.	Guy has left these determined man.	-72.5	-72.5	-10.375	-10.375	False	False	morphology	determiner_noun_agreement	Write a natural, coherent English sentence.
131	5	The Lutherans listen to these employed women.	The Lutherans listen to this employed women.	-93.5	-93.5	-10.375	-10.375	False	False	morphology	determiner_noun_agreement	Write a natural, coherent English sentence.
132	5	Candice disliked these bad analyses.	Candice disliked this bad analyses.	-104.0	-104.0	-10.375	-10.375	False	False	morphology	determiner_noun_agreement	Write a natural, coherent English sentence.
133	5	Many women heal these lost geese.	Many women heal this lost geese.	-83.0	-83.0	-10.375	-10.375	False	False	morphology	determiner_noun_agreement	Write a natural, coherent English sentence.
134	5	Wayne has remembered these smart people.	Wayne has remembered this smart people.	-72.5	-72.5	-10.375	-10.375	False	False	morphology	determiner_noun_agreement	Write a natural, coherent English sentence.
135	5	This teenager had dropped by these white oases.	This teenager had dropped by this white oases.	-104.0	-104.0	-10.375	-10.375	False	False	morphology	determiner_noun_agreement	Write a natural, coherent English sentence.
136	5	Eva has exited those smooth oases.	Eva has exited that smooth oases.	-93.5	-93.5	-10.375	-10.375	False	False	morphology	determiner_noun_agreement	Write a natural, coherent English sentence.
137	5	Cheryl wouldn't aggravate that bad person.	Cheryl wouldn't aggravate those bad person.	-124.5	-124.5	-10.375	-10.375	False	False	morphology	determiner_noun_agreement	Write a natural, coherent English sentence.
138	5	Katherine hadn't shocked those young children.	Katherine hadn't shocked that young children.	-104.0	-104.0	-10.375	-10.375	False	False	morphology	determiner_noun_agreement	Write a natural, coherent English sentence.
139	5	The student loves these troubled people.	The student loves this troubled people.	-83.0	-83.0	-10.375	-10.375	False	False	morphology	determiner_noun_agreement	Write a natural, coherent English sentence.
140	5	Tracy cared for those smart alumni.	Tracy cared for that smart alumni.	-104.0	-104.0	-10.375	-10.375	False	False	morphology	determiner_noun_agreement	Write a natural, coherent English sentence.
141	5	Guys return to these small oases.	Guys return to this small oases.	-93.5	-93.5	-10.375	-10.375	False	False	morphology	determiner_noun_agreement	Write a natural, coherent English sentence.
142	5	Marcus won't bike to this white oasis.	Marcus won't bike to these white oasis.	-114.0	-114.0	-10.375	-10.375	False	False	morphology	determiner_noun_agreement	Write a natural, coherent English sentence.
143	5	Eggplants impressed these unconvinced alumni.	Eggplants impressed this unconvinced alumni.	-145.0	-145.0	-10.375	-10.375	False	False	morphology	determiner_noun_agreement	Write a natural, coherent English sentence.
144	5	A turtle has bored those troubled children.	A turtle has bored that troubled children.	-114.0	-114.0	-10.375	-10.375	False	False	morphology	determiner_noun_agreement	Write a natural, coherent English sentence.
145	5	The adults were taking those old teeth.	The adults were taking that old teeth.	-83.0	-83.0	-10.375	-10.375	False	False	morphology	determiner_noun_agreement	Write a natural, coherent English sentence.
146	5	Alan wasn't returning to those blue oases.	Alan wasn't returning to that blue oases.	-114.0	-114.0	-10.375	-10.375	False	False	morphology	determiner_noun_agreement	Write a natural, coherent English sentence.
147	5	Theodore had lifted this rough cactus.	Theodore had lifted these rough cactus.	-104.0	-104.0	-10.375	-10.375	False	False	morphology	determiner_noun_agreement	Write a natural, coherent English sentence.
148	5	Joel isn't praising those good synopses.	Joel isn't praising that good synopses.	-124.5	-124.5	-10.375	-10.375	False	False	morphology	determiner_noun_agreement	Write a natural, coherent English sentence.
149	5	The pedestrian knows these standing women.	The pedestrian knows this standing women.	-83.0	-83.0	-10.375	-10.375	False	False	morphology	determiner_noun_agreement	Write a natural, coherent English sentence.
150	5	Some museums forget that good analysis.	Some museums forget those good analysis.	-83.0	-83.0	-10.375	-10.375	False	False	morphology	determiner_noun_agreement	Write a natural, coherent English sentence.
151	5	The Clintons might clean that lost fungus.	The Clintons might clean those lost fungus.	-124.5	-124.5	-10.375	-10.375	False	False	morphology	determiner_noun_agreement	Write a natural, coherent English sentence.
152	5	Mary is bothering these out in the open children.	Mary is bothering this out in the open children.	-114.0	-114.0	-10.375	-10.375	False	False	morphology	determiner_noun_agreement	Write a natural, coherent English sentence.
153	5	Many customers sell that lost ox.	Many customers sell those lost ox.	-72.5	-72.5	-10.375	-10.375	False	False	morphology	determiner_noun_agreement	Write a natural, coherent English sentence.
154	5	These waitresses praise these troubled men.	These waitresses praise this troubled men.	-104.0	-104.0	-10.375	-10.375	False	False	morphology	determiner_noun_agreement	Write a natural, coherent English sentence.
155	5	Many men didn't admire that nice person.	Many men didn't admire those nice person.	-114.0	-114.0	-10.375	-10.375	False	False	morphology	determiner_noun_agreement	Write a natural, coherent English sentence.
156	5	Jesus ran around this exposed oasis.	Jesus ran around these exposed oasis.	-83.0	-83.0	-10.375	-10.375	False	False	morphology	determiner_noun_agreement	Write a natural, coherent English sentence.
157	5	Many customers talk about that delighted child.	Many customers talk about those delighted child.	-83.0	-83.0	-10.375	-10.375	False	False	morphology	determiner_noun_agreement	Write a natural, coherent English sentence.
158	5	Drawings had disgusted this small woman.	Drawings had disgusted these small woman.	-93.5	-93.5	-10.375	-10.375	False	False	morphology	determiner_noun_agreement	Write a natural, coherent English sentence.
159	5	Colleen did care for that good man.	Colleen did care for those good man.	-93.5	-93.5	-10.375	-10.375	False	False	morphology	determiner_noun_agreement	Write a natural, coherent English sentence.
160	5	Marcus admired those exposed geese.	Marcus admired that exposed geese.	-83.0	-83.0	-10.375	-10.375	False	False	morphology	determiner_noun_agreement	Write a natural, coherent English sentence.
161	5	Randolf has noticed this clean foot.	Randolf has noticed these clean foot.	-83.0	-83.0	-10.375	-10.375	False	False	morphology	determiner_noun_agreement	Write a natural, coherent English sentence.
162	5	Craig could listen to that determined man.	Craig could listen to those determined man.	-83.0	-83.0	-10.375	-10.375	False	False	morphology	determiner_noun_agreement	Write a natural, coherent English sentence.
163	5	Movies stunned this small man.	Movies stunned these small man.	-83.0	-83.0	-10.375	-10.375	False	False	morphology	determiner_noun_agreement	Write a natural, coherent English sentence.
164	5	Timothy buys this rough ox.	Timothy buys these rough ox.	-83.0	-83.0	-10.375	-10.375	False	False	morphology	determiner_noun_agreement	Write a natural, coherent English sentence.
165	5	Some women go to those red oases.	Some women go to that red oases.	-93.5	-93.5	-10.375	-10.375	False	False	morphology	determiner_noun_agreement	Write a natural, coherent English sentence.
166	5	Ruth fixed this clean tooth.	Ruth fixed these clean tooth.	-62.25	-62.25	-10.375	-10.375	False	False	morphology	determiner_noun_agreement	Write a natural, coherent English sentence.
167	5	Monica is boring those clever men.	Monica is boring that clever men.	-83.0	-83.0	-10.375	-10.375	False	False	morphology	determiner_noun_agreement	Write a natural, coherent English sentence.
168	5	Janice knows these hidden alumni.	Janice knows this hidden alumni.	-93.5	-93.5	-10.375	-10.375	False	False	morphology	determiner_noun_agreement	Write a natural, coherent English sentence.
169	5	Spain insults this delighted alumnus.	Spain insults these delighted alumnus.	-93.5	-93.5	-10.375	-10.375	False	False	morphology	determiner_noun_agreement	Write a natural, coherent English sentence.
170	5	Some planes bore that displeased child.	Some planes bore those displeased child.	-93.5	-93.5	-10.375	-10.375	False	False	morphology	determiner_noun_agreement	Write a natural, coherent English sentence.
171	5	Dishes should upset these happy men.	Dishes should upset this happy men.	-83.0	-83.0	-10.375	-10.375	False	False	morphology	determiner_noun_agreement	Write a natural, coherent English sentence.
172	5	That painting looked like these yellow stimuli.	That painting looked like this yellow stimuli.	-93.5	-93.5	-10.375	-10.375	False	False	morphology	determiner_noun_agreement	Write a natural, coherent English sentence.
173	5	Amy shocked that content man.	Amy shocked those content man.	-62.25	-62.25	-10.375	-10.375	False	False	morphology	determiner_noun_agreement	Write a natural, coherent English sentence.
174	5	Melinda hasn't hidden this determined woman.	Melinda hasn't hidden these determined woman.	-104.0	-104.0	-10.375	-10.375	False	False	morphology	determiner_noun_agreement	Write a natural, coherent English sentence.
175	5	Caroline did drive to this brown oasis.	Caroline did drive to these brown oasis.	-93.5	-93.5	-10.375	-10.375	False	False	morphology	determiner_noun_agreement	Write a natural, coherent English sentence.
176	5	That rice disturbed those smart alumni.	That rice disturbed that smart alumni.	-104.0	-104.0	-10.375	-10.375	False	False	morphology	determiner_noun_agreement	Write a natural, coherent English sentence.
177	5	Brian will examine these long analyses.	Brian will examine this long analyses.	-83.0	-83.0	-10.375	-10.375	False	False	morphology	determiner_noun_agreement	Write a natural, coherent English sentence.
178	5	Mark dislikes this uncertain child.	Mark dislikes these uncertain child.	-83.0	-83.0	-10.375	-10.375	False	False	morphology	determiner_noun_agreement	Write a natural, coherent English sentence.
179	5	Rose was returning to these out in the open children.	Rose was returning to this out in the open children.	-114.0	-114.0	-10.375	-10.375	False	False	morphology	determiner_noun_agreement	Write a natural, coherent English sentence.
180	5	The guest has fixed this red tooth.	The guest has fixed these red tooth.	-83.0	-83.0	-10.375	-10.375	False	False	morphology	determiner_noun_agreement	Write a natural, coherent English sentence.
181	5	Jennifer is breaking this big tooth.	Jennifer is breaking these big tooth.	-72.5	-72.5	-10.375	-10.375	False	False	morphology	determiner_noun_agreement	Write a natural, coherent English sentence.
182	5	Sabrina isn't referencing these red theses.	Sabrina isn't referencing this red theses.	-135.0	-135.0	-10.375	-10.375	False	False	morphology	determiner_noun_agreement	Write a natural, coherent English sentence.
183	5	Valerie hadn't exited that exposed oasis.	Valerie hadn't exited those exposed oasis.	-124.5	-124.5	-10.375	-10.375	False	False	morphology	determiner_noun_agreement	Write a natural, coherent English sentence.
184	5	Every restaurant had worried this hidden child.	Every restaurant had worried these hidden child.	-83.0	-83.0	-10.375	-10.375	False	False	morphology	determiner_noun_agreement	Write a natural, coherent English sentence.
185	5	A woman was examining those long synopses.	A woman was examining that long synopses.	-114.0	-114.0	-10.375	-10.375	False	False	morphology	determiner_noun_agreement	Write a natural, coherent English sentence.
186	5	All actresses approach that content man.	All actresses approach those content man.	-83.0	-83.0	-10.375	-10.375	False	False	morphology	determiner_noun_agreement	Write a natural, coherent English sentence.
187	5	Sarah cleaned those yellow feet.	Sarah cleaned that yellow feet.	-62.25	-62.25	-10.375	-10.375	False	False	morphology	determiner_noun_agreement	Write a natural, coherent English sentence.
188	5	Margaret tours those black oases.	Margaret tours that black oases.	-72.5	-72.5	-10.375	-10.375	False	False	morphology	determiner_noun_agreement	Write a natural, coherent English sentence.
189	5	Rachel wasn't messing up this clean foot.	Rachel wasn't messing up these clean foot.	-114.0	-114.0	-10.375	-10.375	False	False	morphology	determiner_noun_agreement	Write a natural, coherent English sentence.
190	5	The Lutherans go to that old oasis.	The Lutherans go to those old oasis.	-104.0	-104.0	-10.375	-10.375	False	False	morphology	determiner_noun_agreement	Write a natural, coherent English sentence.
191	5	The lamps shock those hidden alumni.	The lamps shock that hidden alumni.	-104.0	-104.0	-10.375	-10.375	False	False	morphology	determiner_noun_agreement	Write a natural, coherent English sentence.
192	5	Claire conceals those small stimuli.	Claire conceals that small stimuli.	-83.0	-83.0	-10.375	-10.375	False	False	morphology	determiner_noun_agreement	Write a natural, coherent English sentence.
193	5	Most documentaries annoy that busy person.	Most documentaries annoy those busy person.	-83.0	-83.0	-10.375	-10.375	False	False	morphology	determiner_noun_agreement	Write a natural, coherent English sentence.
194	5	Pamela shouldn't return to those exposed men.	Pamela shouldn't return to that exposed men.	-114.0	-114.0	-10.375	-10.375	False	False	morphology	determiner_noun_agreement	Write a natural, coherent English sentence.
195	5	That person couldn't arrive at that purple oasis.	That person couldn't arrive at those purple oasis.	-124.5	-124.5	-10.375	-10.375	False	False	morphology	determiner_noun_agreement	Write a natural, coherent English sentence.
196	5	Alicia won't admire those big nuclei.	Alicia won't admire that big nuclei.	-135.0	-135.0	-10.375	-10.375	False	False	morphology	determiner_noun_agreement	Write a natural, coherent English sentence.
197	5	Curtis arrived at that red oasis.	Curtis arrived at those red oasis.	-93.5	-93.5	-10.375	-10.375	False	False	morphology	determiner_noun_agreement	Write a natural, coherent English sentence.
198	5	People investigate that smart man.	People investigate those smart man.	-62.25	-62.25	-10.375	-10.375	False	False	morphology	determiner_noun_agreement	Write a natural, coherent English sentence.
199	5	Some boys hire these content alumni.	Some boys hire this content alumni.	-93.5	-93.5	-10.375	-10.375	False	False	morphology	determiner_noun_agreement	Write a natural, coherent English sentence.
200	5	Leslie found these brown feet.	Leslie found this brown feet.	-72.5	-72.5	-10.375	-10.375	False	False	morphology	determiner_noun_agreement	Write a natural, coherent English sentence.
201	5	Alexander was firing that displeased woman.	Alexander was firing those displeased woman.	-93.5	-93.5	-10.375	-10.375	False	False	morphology	determiner_noun_agreement	Write a natural, coherent English sentence.
202	5	Florence hasn't argued about those confident children.	Florence hasn't argued about that confident children.	-104.0	-104.0	-10.375	-10.375	False	False	morphology	determiner_noun_agreement	Write a natural, coherent English sentence.
203	5	That adult hadn't complained about that exposed man.	That adult hadn't complained about those exposed man.	-114.0	-114.0	-10.375	-10.375	False	False	morphology	determiner_noun_agreement	Write a natural, coherent English sentence.
204	5	Larry works with these scared women.	Larry works with this scared women.	-72.5	-72.5	-10.375	-10.375	False	False	morphology	determiner_noun_agreement	Write a natural, coherent English sentence.
205	5	Kathleen leaves this old child.	Kathleen leaves these old child.	-72.5	-72.5	-10.375	-10.375	False	False	morphology	determiner_noun_agreement	Write a natural, coherent English sentence.
206	5	The actresses weren't watching these scared people.	The actresses weren't watching this scared people.	-114.0	-114.0	-10.375	-10.375	False	False	morphology	determiner_noun_agreement	Write a natural, coherent English sentence.
207	5	Derek isn't escaping from these blue oases.	Derek isn't escaping from this blue oases.	-135.0	-135.0	-10.375	-10.375	False	False	morphology	determiner_noun_agreement	Write a natural, coherent English sentence.
208	5	Naomi isn't talking about that cheap oasis.	Naomi isn't talking about those cheap oasis.	-124.5	-124.5	-10.375	-10.375	False	False	morphology	determiner_noun_agreement	Write a natural, coherent English sentence.
209	5	These guests hate these troubled men.	These guests hate this troubled men.	-83.0	-83.0	-10.375	-10.375	False	False	morphology	determiner_noun_agreement	Write a natural, coherent English sentence.
210	5	Patricia wasn't hiring those small children.	Patricia wasn't hiring that small children.	-114.0	-114.0	-10.375	-10.375	False	False	morphology	determiner_noun_agreement	Write a natural, coherent English sentence.
211	5	All stairs weren't alarming that lucky woman.	All stairs weren't alarming those lucky woman.	-114.0	-114.0	-10.375	-10.375	False	False	morphology	determiner_noun_agreement	Write a natural, coherent English sentence.
212	5	Many drivers left that confident alumnus.	Many drivers left those confident alumnus.	-93.5	-93.5	-10.375	-10.375	False	False	morphology	determiner_noun_agreement	Write a natural, coherent English sentence.
213	5	Every skirt disgusts these smart children.	Every skirt disgusts this smart children.	-83.0	-83.0	-10.375	-10.375	False	False	morphology	determiner_noun_agreement	Write a natural, coherent English sentence.
214	5	Valerie has astounded that lost alumnus.	Valerie has astounded those lost alumnus.	-124.5	-124.5	-10.375	-10.375	False	False	morphology	determiner_noun_agreement	Write a natural, coherent English sentence.
215	5	Sonia should describe this determined child.	Sonia should describe these determined child.	-83.0	-83.0	-10.375	-10.375	False	False	morphology	determiner_noun_agreement	Write a natural, coherent English sentence.
216	5	A lot of lakes weren't disgusting that old person.	A lot of lakes weren't disgusting those old person.	-145.0	-145.0	-10.375	-10.375	False	False	morphology	determiner_noun_agreement	Write a natural, coherent English sentence.
217	5	Some pants hadn't aggravated that good woman.	Some pants hadn't aggravated those good woman.	-124.5	-124.5	-10.375	-10.375	False	False	morphology	determiner_noun_agreement	Write a natural, coherent English sentence.
218	5	Anne does return to that old woman.	Anne does return to those old woman.	-83.0	-83.0	-10.375	-10.375	False	False	morphology	determiner_noun_agreement	Write a natural, coherent English sentence.
219	5	Alan wasn't listening to that delighted person.	Alan wasn't listening to those delighted person.	-104.0	-104.0	-10.375	-10.375	False	False	morphology	determiner_noun_agreement	Write a natural, coherent English sentence.
220	5	Some icicles annoy those serious alumni.	Some icicles annoy that serious alumni.	-104.0	-104.0	-10.375	-10.375	False	False	morphology	determiner_noun_agreement	Write a natural, coherent English sentence.
221	5	Many women won't scare those uncertain men.	Many women won't scare that uncertain men.	-114.0	-114.0	-10.375	-10.375	False	False	morphology	determiner_noun_agreement	Write a natural, coherent English sentence.
222	5	Science disgusts this unconvinced alumnus.	Science disgusts these unconvinced alumnus.	-124.5	-124.5	-10.375	-10.375	False	False	morphology	determiner_noun_agreement	Write a natural, coherent English sentence.
223	5	Connie tours these rough oases.	Connie tours this rough oases.	-83.0	-83.0	-10.375	-10.375	False	False	morphology	determiner_noun_agreement	Write a natural, coherent English sentence.
224	5	Those banks were talking about this lost thesis.	Those banks were talking about these lost thesis.	-93.5	-93.5	-10.375	-10.375	False	False	morphology	determiner_noun_agreement	Write a natural, coherent English sentence.
225	5	Some prints didn't look like this rough louse.	Some prints didn't look like these rough louse.	-124.5	-124.5	-10.375	-10.375	False	False	morphology	determiner_noun_agreement	Write a natural, coherent English sentence.
226	5	All pedestrians like those rough theses.	All pedestrians like that rough theses.	-104.0	-104.0	-10.375	-10.375	False	False	morphology	determiner_noun_agreement	Write a natural, coherent English sentence.
227	5	Douglas saw that black fungus.	Douglas saw those black fungus.	-83.0	-83.0	-10.375	-10.375	False	False	morphology	determiner_noun_agreement	Write a natural, coherent English sentence.
228	5	Sarah examined that bad analysis.	Sarah examined those bad analysis.	-62.25	-62.25	-10.375	-10.375	False	False	morphology	determiner_noun_agreement	Write a natural, coherent English sentence.
229	5	An actress researches this long thesis.	An actress researches these long thesis.	-104.0	-104.0	-10.375	-10.375	False	False	morphology	determiner_noun_agreement	Write a natural, coherent English sentence.
230	5	Those waitresses criticize this hidden child.	Those waitresses criticize these hidden child.	-104.0	-104.0	-10.375	-10.375	False	False	morphology	determiner_noun_agreement	Write a natural, coherent English sentence.
231	5	Most drivers question these upset alumni.	Most drivers question this upset alumni.	-93.5	-93.5	-10.375	-10.375	False	False	morphology	determiner_noun_agreement	Write a natural, coherent English sentence.
232	5	Phillip isn't working with these small women.	Phillip isn't working with this small women.	-114.0	-114.0	-10.375	-10.375	False	False	morphology	determiner_noun_agreement	Write a natural, coherent English sentence.
233	5	Jennifer can't aggravate that unlucky man.	Jennifer can't aggravate those unlucky man.	-135.0	-135.0	-10.375	-10.375	False	False	morphology	determiner_noun_agreement	Write a natural, coherent English sentence.
234	5	Essays confuse this good woman.	Essays confuse these good woman.	-83.0	-83.0	-10.375	-10.375	False	False	morphology	determiner_noun_agreement	Write a natural, coherent English sentence.
235	5	Amelia has forgotten those bad analyses.	Amelia has forgotten that bad analyses.	-93.5	-93.5	-10.375	-10.375	False	False	morphology	determiner_noun_agreement	Write a natural, coherent English sentence.
236	5	Michael had explored this brown oasis.	Michael had explored these brown oasis.	-83.0	-83.0	-10.375	-10.375	False	False	morphology	determiner_noun_agreement	Write a natural, coherent English sentence.
237	5	Natalie can aggravate those smart men.	Natalie can aggravate that smart men.	-104.0	-104.0	-10.375	-10.375	False	False	morphology	determiner_noun_agreement	Write a natural, coherent English sentence.
238	5	That patient won't go to these cheap oases.	That patient won't go to this cheap oases.	-124.5	-124.5	-10.375	-10.375	False	False	morphology	determiner_noun_agreement	Write a natural, coherent English sentence.
239	5	Heidi had discovered those black feet.	Heidi had discovered that black feet.	-83.0	-83.0	-10.375	-10.375	False	False	morphology	determiner_noun_agreement	Write a natural, coherent English sentence.
240	5	David hadn't watched those determined men.	David hadn't watched that determined men.	-93.5	-93.5	-10.375	-10.375	False	False	morphology	determiner_noun_agreement	Write a natural, coherent English sentence.
241	5	Some teenager couldn't walk through these green oases.	Some teenager couldn't walk through this green oases.	-124.5	-124.5	-10.375	-10.375	False	False	morphology	determiner_noun_agreement	Write a natural, coherent English sentence.
242	5	Christina shouldn't sell this hard oasis.	Christina shouldn't sell these hard oasis.	-114.0	-114.0	-10.375	-10.375	False	False	morphology	determiner_noun_agreement	Write a natural, coherent English sentence.
243	5	Christopher isn't firing those sick men.	Christopher isn't firing that sick men.	-93.5	-93.5	-10.375	-10.375	False	False	morphology	determiner_noun_agreement	Write a natural, coherent English sentence.
244	5	Most students hide that yellow mouse.	Most students hide those yellow mouse.	-72.5	-72.5	-10.375	-10.375	False	False	morphology	determiner_noun_agreement	Write a natural, coherent English sentence.
245	5	Holly did buy those clean feet.	Holly did buy that clean feet.	-72.5	-72.5	-10.375	-10.375	False	False	morphology	determiner_noun_agreement	Write a natural, coherent English sentence.
246	5	Many actors clean these brown theses.	Many actors clean this brown theses.	-83.0	-83.0	-10.375	-10.375	False	False	morphology	determiner_noun_agreement	Write a natural, coherent English sentence.
247	5	Stacy would hide those lost lice.	Stacy would hide that lost lice.	-93.5	-93.5	-10.375	-10.375	False	False	morphology	determiner_noun_agreement	Write a natural, coherent English sentence.
248	5	Alan drove to that new oasis.	Alan drove to those new oasis.	-83.0	-83.0	-10.375	-10.375	False	False	morphology	determiner_noun_agreement	Write a natural, coherent English sentence.
249	5	The Impressionists tour this purple oasis.	The Impressionists tour these purple oasis.	-103.5	-103.5	-10.375	-10.375	False	False	morphology	determiner_noun_agreement	Write a natural, coherent English sentence.
250	5	Wayne is talking to this hidden woman.	Wayne is talking to these hidden woman.	-83.0	-83.0	-10.375	-10.375	False	False	morphology	determiner_noun_agreement	Write a natural, coherent English sentence.
251	5	Christopher forgets this happy child.	Christopher forgets these happy child.	-72.5	-72.5	-10.375	-10.375	False	False	morphology	determiner_noun_agreement	Write a natural, coherent English sentence.
252	5	Julie can boycott those cheap oases.	Julie can boycott that cheap oases.	-93.5	-93.5	-10.375	-10.375	False	False	morphology	determiner_noun_agreement	Write a natural, coherent English sentence.
253	5	Most senators dislike these bad theses.	Most senators dislike this bad theses.	-104.0	-104.0	-10.375	-10.375	False	False	morphology	determiner_noun_agreement	Write a natural, coherent English sentence.
254	5	Denise concealed this content person.	Denise concealed these content person.	-83.0	-83.0	-10.375	-10.375	False	False	morphology	determiner_noun_agreement	Write a natural, coherent English sentence.
255	5	Some bike shocks these nice women.	Some bike shocks this nice women.	-83.0	-83.0	-10.375	-10.375	False	False	morphology	determiner_noun_agreement	Write a natural, coherent English sentence.
256	5	These teenagers fix those hidden feet.	These teenagers fix that hidden feet.	-83.0	-83.0	-10.375	-10.375	False	False	morphology	determiner_noun_agreement	Write a natural, coherent English sentence.
257	5	Ella praised that ill woman.	Ella praised those ill woman.	-72.5	-72.5	-10.375	-10.375	False	False	morphology	determiner_noun_agreement	Write a natural, coherent English sentence.
258	5	Current events stun these lost people.	Current events stun this lost people.	-83.0	-83.0	-10.375	-10.375	False	False	morphology	determiner_noun_agreement	Write a natural, coherent English sentence.
259	5	Mary tours this gray oasis.	Mary tours these gray oasis.	-72.5	-72.5	-10.375	-10.375	False	False	morphology	determiner_noun_agreement	Write a natural, coherent English sentence.
260	5	Linda visited those unsure men.	Linda visited that unsure men.	-72.5	-72.5	-10.375	-10.375	False	False	morphology	determiner_noun_agreement	Write a natural, coherent English sentence.
261	5	Dan wouldn't boycott that smooth oasis.	Dan wouldn't boycott those smooth oasis.	-114.0	-114.0	-10.375	-10.375	False	False	morphology	determiner_noun_agreement	Write a natural, coherent English sentence.
262	5	Those men leave that brown oasis.	Those men leave those brown oasis.	-83.0	-83.0	-10.375	-10.375	False	False	morphology	determiner_noun_agreement	Write a natural, coherent English sentence.
263	5	Lissa does pass these black oases.	Lissa does pass this black oases.	-93.5	-93.5	-10.375	-10.375	False	False	morphology	determiner_noun_agreement	Write a natural, coherent English sentence.
264	5	Alice had embarrassed this happy man.	Alice had embarrassed these happy man.	-72.5	-72.5	-10.375	-10.375	False	False	morphology	determiner_noun_agreement	Write a natural, coherent English sentence.
265	5	Wayne is worrying that hopeful child.	Wayne is worrying those hopeful child.	-83.0	-83.0	-10.375	-10.375	False	False	morphology	determiner_noun_agreement	Write a natural, coherent English sentence.
266	5	Lucille is biking to that green oasis.	Lucille is biking to those green oasis.	-114.0	-114.0	-10.375	-10.375	False	False	morphology	determiner_noun_agreement	Write a natural, coherent English sentence.
267	5	Katherine hadn't skated around this white oasis.	Katherine hadn't skated around these white oasis.	-135.0	-135.0	-10.375	-10.375	False	False	morphology	determiner_noun_agreement	Write a natural, coherent English sentence.
268	5	James observed this hopeful child.	James observed these hopeful child.	-72.5	-72.5	-10.375	-10.375	False	False	morphology	determiner_noun_agreement	Write a natural, coherent English sentence.
269	5	Gerald liked this big child.	Gerald liked these big child.	-72.5	-72.5	-10.375	-10.375	False	False	morphology	determiner_noun_agreement	Write a natural, coherent English sentence.
270	5	That committee wasn't hiring this displeased alumnus.	That committee wasn't hiring these displeased alumnus.	-145.0	-145.0	-10.375	-10.375	False	False	morphology	determiner_noun_agreement	Write a natural, coherent English sentence.
271	5	Gary isn't breaking that white tooth.	Gary isn't breaking those white tooth.	-93.5	-93.5	-10.375	-10.375	False	False	morphology	determiner_noun_agreement	Write a natural, coherent English sentence.
272	5	Walter hasn't seen those content children.	Walter hasn't seen that content children.	-93.5	-93.5	-10.375	-10.375	False	False	morphology	determiner_noun_agreement	Write a natural, coherent English sentence.
273	5	Martha didn't clean these hidden teeth.	Martha didn't clean this hidden teeth.	-93.5	-93.5	-10.375	-10.375	False	False	morphology	determiner_noun_agreement	Write a natural, coherent English sentence.
274	5	These teachers are returning to those lost men.	These teachers are returning to that lost men.	-93.5	-93.5	-10.375	-10.375	False	False	morphology	determiner_noun_agreement	Write a natural, coherent English sentence.
275	5	Ellen hadn't boycotted that hidden oasis.	Ellen hadn't boycotted those hidden oasis.	-124.5	-124.5	-10.375	-10.375	False	False	morphology	determiner_noun_agreement	Write a natural, coherent English sentence.
276	5	Some patients drive to these brown oases.	Some patients drive to this brown oases.	-93.5	-93.5	-10.375	-10.375	False	False	morphology	determiner_noun_agreement	Write a natural, coherent English sentence.
277	5	Nina wasn't referencing this ill person.	Nina wasn't referencing these ill person.	-104.0	-104.0	-10.375	-10.375	False	False	morphology	determiner_noun_agreement	Write a natural, coherent English sentence.
278	5	Denise praises these fast children.	Denise praises this fast children.	-83.0	-83.0	-10.375	-10.375	False	False	morphology	determiner_noun_agreement	Write a natural, coherent English sentence.
279	5	Most customers attack that clever man.	Most customers attack those clever man.	-72.5	-72.5	-10.375	-10.375	False	False	morphology	determiner_noun_agreement	Write a natural, coherent English sentence.
280	5	Every photograph looks like those exposed people.	Every photograph looks like that exposed people.	-83.0	-83.0	-10.375	-10.375	False	False	morphology	determiner_noun_agreement	Write a natural, coherent English sentence.
281	5	Cindy shouldn't cure that confident alumnus.	Cindy shouldn't cure those confident alumnus.	-135.0	-135.0	-10.375	-10.375	False	False	morphology	determiner_noun_agreement	Write a natural, coherent English sentence.
282	5	The Borgias reveal these blue feet.	The Borgias reveal this blue feet.	-93.5	-93.5	-10.375	-10.375	False	False	morphology	determiner_noun_agreement	Write a natural, coherent English sentence.
283	5	Ella lifts these exposed fungi.	Ella lifts this exposed fungi.	-93.5	-93.5	-10.375	-10.375	False	False	morphology	determiner_noun_agreement	Write a natural, coherent English sentence.
284	5	The Lutherans astound that unsure person.	The Lutherans astound those unsure person.	-104.0	-104.0	-10.375	-10.375	False	False	morphology	determiner_noun_agreement	Write a natural, coherent English sentence.
285	5	These cakes bore that determined woman.	These cakes bore those determined woman.	-83.0	-83.0	-10.375	-10.375	False	False	morphology	determiner_noun_agreement	Write a natural, coherent English sentence.
286	5	Nina lifts this orange cactus.	Nina lifts these orange cactus.	-93.5	-93.5	-10.375	-10.375	False	False	morphology	determiner_noun_agreement	Write a natural, coherent English sentence.
287	5	The actors kiss these unconvinced children.	The actors kiss this unconvinced children.	-104.0	-104.0	-10.375	-10.375	False	False	morphology	determiner_noun_agreement	Write a natural, coherent English sentence.
288	5	Sharon dislikes that brown thesis.	Sharon dislikes those brown thesis.	-93.5	-93.5	-10.375	-10.375	False	False	morphology	determiner_noun_agreement	Write a natural, coherent English sentence.
289	5	The customers sell these rough fungi.	The customers sell this rough fungi.	-83.0	-83.0	-10.375	-10.375	False	False	morphology	determiner_noun_agreement	Write a natural, coherent English sentence.
290	5	Janice didn't cure those employed men.	Janice didn't cure that employed men.	-104.0	-104.0	-10.375	-10.375	False	False	morphology	determiner_noun_agreement	Write a natural, coherent English sentence.
291	5	Paula left this uncertain person.	Paula left these uncertain person.	-72.5	-72.5	-10.375	-10.375	False	False	morphology	determiner_noun_agreement	Write a natural, coherent English sentence.
292	5	Those guys had escaped from those employed children.	Those guys had escaped from that employed children.	-93.5	-93.5	-10.375	-10.375	False	False	morphology	determiner_noun_agreement	Write a natural, coherent English sentence.
293	5	Christine wasn't touring that old oasis.	Christine wasn't touring those old oasis.	-124.5	-124.5	-10.375	-10.375	False	False	morphology	determiner_noun_agreement	Write a natural, coherent English sentence.
294	5	These waitresses praise this rough thesis.	These waitresses praise these rough thesis.	-93.5	-93.5	-10.375	-10.375	False	False	morphology	determiner_noun_agreement	Write a natural, coherent English sentence.
295	5	Some girls hadn't passed this concealed oasis.	Some girls hadn't passed these concealed oasis.	-124.5	-124.5	-10.375	-10.375	False	False	morphology	determiner_noun_agreement	Write a natural, coherent English sentence.
296	5	Andrea lifts these small cacti.	Andrea lifts this small cacti.	-93.5	-93.5	-10.375	-10.375	False	False	morphology	determiner_noun_agreement	Write a natural, coherent English sentence.
297	5	Kristen is scanning those bad synopses.	Kristen is scanning that bad synopses.	-114.0	-114.0	-10.375	-10.375	False	False	morphology	determiner_noun_agreement	Write a natural, coherent English sentence.
298	5	Alan is skated around these cheap oases.	Alan is skated around this cheap oases.	-104.0	-104.0	-10.375	-10.375	False	False	morphology	determiner_noun_agreement	Write a natural, coherent English sentence.
299	5	Kayla has investigated these busy people.	Kayla has investigated this busy people.	-83.0	-83.0	-10.375	-10.375	False	False	morphology	determiner_noun_agreement	Write a natural, coherent English sentence.
300	5	Timothy observes that good woman.	Timothy observes those good woman.	-83.0	-83.0	-10.375	-10.375	False	False	morphology	determiner_noun_agreement	Write a natural, coherent English sentence.
301	5	Every museum hadn't discussed those hidden theses.	Every museum hadn't discussed that hidden theses.	-114.0	-114.0	-10.375	-10.375	False	False	morphology	determiner_noun_agreement	Write a natural, coherent English sentence.
302	5	Some cashiers help this troubled person.	Some cashiers help these troubled person.	-93.5	-93.5	-10.375	-10.375	False	False	morphology	determiner_noun_agreement	Write a natural, coherent English sentence.
303	5	Amanda was attacking that displeased woman.	Amanda was attacking those displeased woman.	-93.5	-93.5	-10.375	-10.375	False	False	morphology	determiner_noun_agreement	Write a natural, coherent English sentence.
304	5	This window upsets these lost people.	This window upsets this lost people.	-83.0	-83.0	-10.375	-10.375	False	False	morphology	determiner_noun_agreement	Write a natural, coherent English sentence.
305	5	Cindy wasn't bringing those gray cacti.	Cindy wasn't bringing that gray cacti.	-135.0	-135.0	-10.375	-10.375	False	False	morphology	determiner_noun_agreement	Write a natural, coherent English sentence.
306	5	Peter complained about these good synopses.	Peter complained about this good synopses.	-93.5	-93.5	-10.375	-10.375	False	False	morphology	determiner_noun_agreement	Write a natural, coherent English sentence.
307	5	Danielle was touring those new oases.	Danielle was touring that new oases.	-103.5	-103.5	-10.375	-10.375	False	False	morphology	determiner_noun_agreement	Write a natural, coherent English sentence.
308	5	Elaine discusses that standing person.	Elaine discusses those standing person.	-83.0	-83.0	-10.375	-10.375	False	False	morphology	determiner_noun_agreement	Write a natural, coherent English sentence.
309	5	Jacqueline had healed those rough geese.	Jacqueline had healed that rough geese.	-114.0	-114.0	-10.375	-10.375	False	False	morphology	determiner_noun_agreement	Write a natural, coherent English sentence.
310	5	All rivers were distracting those standing men.	All rivers were distracting that standing men.	-93.5	-93.5	-10.375	-10.375	False	False	morphology	determiner_noun_agreement	Write a natural, coherent English sentence.
311	5	Some people exit those yellow oases.	Some people exit that yellow oases.	-83.0	-83.0	-10.375	-10.375	False	False	morphology	determiner_noun_agreement	Write a natural, coherent English sentence.
312	5	Becca isn't exploring these hard oases.	Becca isn't exploring this hard oases.	-114.0	-114.0	-10.375	-10.375	False	False	morphology	determiner_noun_agreement	Write a natural, coherent English sentence.
313	5	Timothy revealed that big foot.	Timothy revealed those big foot.	-72.5	-72.5	-10.375	-10.375	False	False	morphology	determiner_noun_agreement	Write a natural, coherent English sentence.
314	5	Adam fires these determined men.	Adam fires this determined men.	-62.25	-62.25	-10.375	-10.375	False	False	morphology	determiner_noun_agreement	Write a natural, coherent English sentence.
315	5	The teenagers clean this purple foot.	The teenagers clean these purple foot.	-83.0	-83.0	-10.375	-10.375	False	False	morphology	determiner_noun_agreement	Write a natural, coherent English sentence.
316	5	The Great Lakes could annoy that troubled man.	The Great Lakes could annoy those troubled man.	-114.0	-114.0	-10.375	-10.375	False	False	morphology	determiner_noun_agreement	Write a natural, coherent English sentence.
317	5	Karen discusses those bad men.	Karen discusses that bad men.	-72.5	-72.5	-10.375	-10.375	False	False	morphology	determiner_noun_agreement	Write a natural, coherent English sentence.
318	5	Phillip didn't find those ill alumni.	Phillip didn't find that ill alumni.	-124.5	-124.5	-10.375	-10.375	False	False	morphology	determiner_noun_agreement	Write a natural, coherent English sentence.
319	5	A lot of men reference these good analyses.	A lot of men reference this good analyses.	-103.5	-103.5	-10.375	-10.375	False	False	morphology	determiner_noun_agreement	Write a natural, coherent English sentence.
320	5	Larry had insulted these lucky children.	Larry had insulted this lucky children.	-83.0	-83.0	-10.375	-10.375	False	False	morphology	determiner_noun_agreement	Write a natural, coherent English sentence.
321	5	Debra is firing that determined child.	Debra is firing those determined child.	-83.0	-83.0	-10.375	-10.375	False	False	morphology	determiner_noun_agreement	Write a natural, coherent English sentence.
322	5	Noah was watching that fast woman.	Noah was watching those fast woman.	-72.5	-72.5	-10.375	-10.375	False	False	morphology	determiner_noun_agreement	Write a natural, coherent English sentence.
323	5	Gina works with that displeased person.	Gina works with those displeased person.	-104.0	-104.0	-10.375	-10.375	False	False	morphology	determiner_noun_agreement	Write a natural, coherent English sentence.
324	5	Most doctors would bring these big nuclei.	Most doctors would bring this big nuclei.	-93.5	-93.5	-10.375	-10.375	False	False	morphology	determiner_noun_agreement	Write a natural, coherent English sentence.
325	5	All drawings alarm that unconvinced child.	All drawings alarm those unconvinced child.	-104.0	-104.0	-10.375	-10.375	False	False	morphology	determiner_noun_agreement	Write a natural, coherent English sentence.
326	5	Some libraries hate that busy man.	Some libraries hate those busy man.	-72.5	-72.5	-10.375	-10.375	False	False	morphology	determiner_noun_agreement	Write a natural, coherent English sentence.
327	5	Derek disgusted that unemployed child.	Derek disgusted those unemployed child.	-93.5	-93.5	-10.375	-10.375	False	False	morphology	determiner_noun_agreement	Write a natural, coherent English sentence.
328	5	Marla hadn't fired these good men.	Marla hadn't fired this good men.	-104.0	-104.0	-10.375	-10.375	False	False	morphology	determiner_noun_agreement	Write a natural, coherent English sentence.
329	5	Carmen examined that red thesis.	Carmen examined those red thesis.	-72.5	-72.5	-10.375	-10.375	False	False	morphology	determiner_noun_agreement	Write a natural, coherent English sentence.
330	5	Amelia investigates this smart woman.	Amelia investigates these smart woman.	-83.0	-83.0	-10.375	-10.375	False	False	morphology	determiner_noun_agreement	Write a natural, coherent English sentence.
331	5	The Borgias hire that displeased alumnus.	The Borgias hire those displeased alumnus.	-135.0	-135.0	-10.375	-10.375	False	False	morphology	determiner_noun_agreement	Write a natural, coherent English sentence.
332	5	Stacey would arrive at these orange oases.	Stacey would arrive at this orange oases.	-114.0	-114.0	-10.375	-10.375	False	False	morphology	determiner_noun_agreement	Write a natural, coherent English sentence.
333	5	Anna works with this lucky man.	Anna works with these lucky man.	-72.5	-72.5	-10.375	-10.375	False	False	morphology	determiner_noun_agreement	Write a natural, coherent English sentence.
334	5	Walter has scanned this rough thesis.	Walter has scanned these rough thesis.	-83.0	-83.0	-10.375	-10.375	False	False	morphology	determiner_noun_agreement	Write a natural, coherent English sentence.
335	5	Some mushroom bothered that lucky woman.	Some mushroom bothered those lucky woman.	-83.0	-83.0	-10.375	-10.375	False	False	morphology	determiner_noun_agreement	Write a natural, coherent English sentence.
336	5	Cynthia walked through this hard oasis.	Cynthia walked through these hard oasis.	-114.0	-114.0	-10.375	-10.375	False	False	morphology	determiner_noun_agreement	Write a natural, coherent English sentence.
337	5	Liam has healed these black oxen.	Liam has healed this black oxen.	-104.0	-104.0	-10.375	-10.375	False	False	morphology	determiner_noun_agreement	Write a natural, coherent English sentence.
338	5	Andrew did notice these white axes.	Andrew did notice this white axes.	-83.0	-83.0	-10.375	-10.375	False	False	morphology	determiner_noun_agreement	Write a natural, coherent English sentence.
339	5	Bethany kisses these serious alumni.	Bethany kisses this serious alumni.	-103.5	-103.5	-10.375	-10.375	False	False	morphology	determiner_noun_agreement	Write a natural, coherent English sentence.
340	5	Vanessa watches this nice person.	Vanessa watches these nice person.	-72.5	-72.5	-10.375	-10.375	False	False	morphology	determiner_noun_agreement	Write a natural, coherent English sentence.
341	5	Every window astounded that big man.	Every window astounded those big man.	-93.5	-93.5	-10.375	-10.375	False	False	morphology	determiner_noun_agreement	Write a natural, coherent English sentence.
342	5	Donna leaves that upset man.	Donna leaves those upset man.	-72.5	-72.5	-10.375	-10.375	False	False	morphology	determiner_noun_agreement	Write a natural, coherent English sentence.
343	5	Many students drop by that orange oasis.	Many students drop by those orange oasis.	-93.5	-93.5	-10.375	-10.375	False	False	morphology	determiner_noun_agreement	Write a natural, coherent English sentence.
344	5	The sketches looked like this unsure man.	The sketches looked like these unsure man.	-114.0	-114.0	-10.375	-10.375	False	False	morphology	determiner_noun_agreement	Write a natural, coherent English sentence.
345	5	Helen fixes that broken tooth.	Helen fixes those broken tooth.	-72.5	-72.5	-10.375	-10.375	False	False	morphology	determiner_noun_agreement	Write a natural, coherent English sentence.
346	5	Robert wasn't annoying that old person.	Robert wasn't annoying those old person.	-93.5	-93.5	-10.375	-10.375	False	False	morphology	determiner_noun_agreement	Write a natural, coherent English sentence.
347	5	Amy isn't talking to that young woman.	Amy isn't talking to those young woman.	-104.0	-104.0	-10.375	-10.375	False	False	morphology	determiner_noun_agreement	Write a natural, coherent English sentence.
348	5	Alan hadn't remembered these long analyses.	Alan hadn't remembered this long analyses.	-104.0	-104.0	-10.375	-10.375	False	False	morphology	determiner_noun_agreement	Write a natural, coherent English sentence.
349	5	Stephen is working with these out in the open women.	Stephen is working with this out in the open women.	-114.0	-114.0	-10.375	-10.375	False	False	morphology	determiner_noun_agreement	Write a natural, coherent English sentence.
350	5	This library had discussed these employed men.	This library had discussed this employed men.	-83.0	-83.0	-10.375	-10.375	False	False	morphology	determiner_noun_agreement	Write a natural, coherent English sentence.
351	5	This teenager can't worry those delighted men.	This teenager can't worry that delighted men.	-104.0	-104.0	-10.375	-10.375	False	False	morphology	determiner_noun_agreement	Write a natural, coherent English sentence.
352	5	Wendy revealed that sick octopus.	Wendy revealed those sick octopus.	-93.5	-93.5	-10.375	-10.375	False	False	morphology	determiner_noun_agreement	Write a natural, coherent English sentence.
353	5	The Clintons haven't worked with that young person.	The Clintons haven't worked with those young person.	-135.0	-135.0	-10.375	-10.375	False	False	morphology	determiner_noun_agreement	Write a natural, coherent English sentence.
354	5	Some committee aggravates this unconvinced woman.	Some committee aggravates these unconvinced woman.	-124.5	-124.5	-10.375	-10.375	False	False	morphology	determiner_noun_agreement	Write a natural, coherent English sentence.
355	5	Guy bored that troubled man.	Guy bored those troubled man.	-72.5	-72.5	-10.375	-10.375	False	False	morphology	determiner_noun_agreement	Write a natural, coherent English sentence.
356	5	Every actress scanned those bad analyses.	Every actress scanned that bad analyses.	-93.5	-93.5	-10.375	-10.375	False	False	morphology	determiner_noun_agreement	Write a natural, coherent English sentence.
357	5	A library alarms that determined child.	A library alarms those determined child.	-83.0	-83.0	-10.375	-10.375	False	False	morphology	determiner_noun_agreement	Write a natural, coherent English sentence.
358	5	Sheila can't notice this clever man.	Sheila can't notice these clever man.	-104.0	-104.0	-10.375	-10.375	False	False	morphology	determiner_noun_agreement	Write a natural, coherent English sentence.
359	5	James forgets this fast alumnus.	James forgets these fast alumnus.	-93.5	-93.5	-10.375	-10.375	False	False	morphology	determiner_noun_agreement	Write a natural, coherent English sentence.
360	5	Noah hasn't thought about these smooth lice.	Noah hasn't thought about this smooth lice.	-114.0	-114.0	-10.375	-10.375	False	False	morphology	determiner_noun_agreement	Write a natural, coherent English sentence.
361	5	Aaron sees these gray oases.	Aaron sees this gray oases.	-72.5	-72.5	-10.375	-10.375	False	False	morphology	determiner_noun_agreement	Write a natural, coherent English sentence.
362	5	Sherry has taken this standing goose.	Sherry has taken these standing goose.	-93.5	-93.5	-10.375	-10.375	False	False	morphology	determiner_noun_agreement	Write a natural, coherent English sentence.
363	5	Marie hasn't found those ill geese.	Marie hasn't found that ill geese.	-104.0	-104.0	-10.375	-10.375	False	False	morphology	determiner_noun_agreement	Write a natural, coherent English sentence.
364	5	Peter isn't arriving at that red oasis.	Peter isn't arriving at those red oasis.	-114.0	-114.0	-10.375	-10.375	False	False	morphology	determiner_noun_agreement	Write a natural, coherent English sentence.
365	5	Jill isn't boycotting those orange oases.	Jill isn't boycotting that orange oases.	-145.0	-145.0	-10.375	-10.375	False	False	morphology	determiner_noun_agreement	Write a natural, coherent English sentence.
366	5	Julia messes up that orange foot.	Julia messes up those orange foot.	-83.0	-83.0	-10.375	-10.375	False	False	morphology	determiner_noun_agreement	Write a natural, coherent English sentence.
367	5	That hill didn't disturb that content woman.	That hill didn't disturb those content woman.	-104.0	-104.0	-10.375	-10.375	False	False	morphology	determiner_noun_agreement	Write a natural, coherent English sentence.
368	5	Suzanne has concealed that concealed man.	Suzanne has concealed those concealed man.	-104.0	-104.0	-10.375	-10.375	False	False	morphology	determiner_noun_agreement	Write a natural, coherent English sentence.
369	5	Alicia sells that orange octopus.	Alicia sells those orange octopus.	-114.0	-114.0	-10.375	-10.375	False	False	morphology	determiner_noun_agreement	Write a natural, coherent English sentence.
370	5	Leslie has discussed that delighted child.	Leslie has discussed those delighted child.	-83.0	-83.0	-10.375	-10.375	False	False	morphology	determiner_noun_agreement	Write a natural, coherent English sentence.
371	5	Andrea could like these white lice.	Andrea could like this white lice.	-83.0	-83.0	-10.375	-10.375	False	False	morphology	determiner_noun_agreement	Write a natural, coherent English sentence.
372	5	Most children break those rough teeth.	Most children break that rough teeth.	-72.5	-72.5	-10.375	-10.375	False	False	morphology	determiner_noun_agreement	Write a natural, coherent English sentence.
373	5	Richard did work with this clever child.	Richard did work with these clever child.	-83.0	-83.0	-10.375	-10.375	False	False	morphology	determiner_noun_agreement	Write a natural, coherent English sentence.
374	5	Anne hugs this unemployed woman.	Anne hugs these unemployed woman.	-83.0	-83.0	-10.375	-10.375	False	False	morphology	determiner_noun_agreement	Write a natural, coherent English sentence.
375	5	Those actors attack that excited child.	Those actors attack those excited child.	-72.5	-72.5	-10.375	-10.375	False	False	morphology	determiner_noun_agreement	Write a natural, coherent English sentence.
376	5	Bruce was hugging that unconvinced man.	Bruce was hugging those unconvinced man.	-114.0	-114.0	-10.375	-10.375	False	False	morphology	determiner_noun_agreement	Write a natural, coherent English sentence.
377	5	Patrick hasn't hidden this orange oasis.	Patrick hasn't hidden these orange oasis.	-104.0	-104.0	-10.375	-10.375	False	False	morphology	determiner_noun_agreement	Write a natural, coherent English sentence.
378	5	Alicia hadn't discussed that uncertain person.	Alicia hadn't discussed those uncertain person.	-114.0	-114.0	-10.375	-10.375	False	False	morphology	determiner_noun_agreement	Write a natural, coherent English sentence.
379	5	Susan wasn't talking to those confident men.	Susan wasn't talking to that confident men.	-104.0	-104.0	-10.375	-10.375	False	False	morphology	determiner_noun_agreement	Write a natural, coherent English sentence.
380	5	Cheryl will scan that good synopsis.	Cheryl will scan those good synopsis.	-93.5	-93.5	-10.375	-10.375	False	False	morphology	determiner_noun_agreement	Write a natural, coherent English sentence.
381	5	Tamara kissed that unsure man.	Tamara kissed those unsure man.	-83.0	-83.0	-10.375	-10.375	False	False	morphology	determiner_noun_agreement	Write a natural, coherent English sentence.
382	5	Craig boasts about those bad analyses.	Craig boasts about that bad analyses.	-93.5	-93.5	-10.375	-10.375	False	False	morphology	determiner_noun_agreement	Write a natural, coherent English sentence.
383	5	Randolf hadn't hugged those serious people.	Randolf hadn't hugged that serious people.	-114.0	-114.0	-10.375	-10.375	False	False	morphology	determiner_noun_agreement	Write a natural, coherent English sentence.
384	5	Many doctors cure these exposed men.	Many doctors cure this exposed men.	-72.5	-72.5	-10.375	-10.375	False	False	morphology	determiner_noun_agreement	Write a natural, coherent English sentence.
385	5	Women criticized those smooth theses.	Women criticized that smooth theses.	-83.0	-83.0	-10.375	-10.375	False	False	morphology	determiner_noun_agreement	Write a natural, coherent English sentence.
386	5	Some light disturbs that old person.	Some light disturbs those old person.	-93.5	-93.5	-10.375	-10.375	False	False	morphology	determiner_noun_agreement	Write a natural, coherent English sentence.
387	5	Carol was questioning this big man.	Carol was questioning these big man.	-72.5	-72.5	-10.375	-10.375	False	False	morphology	determiner_noun_agreement	Write a natural, coherent English sentence.
388	5	Sara has gone to that old oasis.	Sara has gone to those old oasis.	-93.5	-93.5	-10.375	-10.375	False	False	morphology	determiner_noun_agreement	Write a natural, coherent English sentence.
389	5	Steven brought these red oases.	Steven brought this red oases.	-72.5	-72.5	-10.375	-10.375	False	False	morphology	determiner_noun_agreement	Write a natural, coherent English sentence.
390	5	Diana will disgust these ill children.	Diana will disgust this ill children.	-72.5	-72.5	-10.375	-10.375	False	False	morphology	determiner_noun_agreement	Write a natural, coherent English sentence.
391	5	Steven disturbs these sick alumni.	Steven disturbs this sick alumni.	-104.0	-104.0	-10.375	-10.375	False	False	morphology	determiner_noun_agreement	Write a natural, coherent English sentence.
392	5	Angela wasn't lifting these blue feet.	Angela wasn't lifting this blue feet.	-93.5	-93.5	-10.375	-10.375	False	False	morphology	determiner_noun_agreement	Write a natural, coherent English sentence.
393	5	Sharon hasn't stunned that unsure child.	Sharon hasn't stunned those unsure child.	-124.5	-124.5	-10.375	-10.375	False	False	morphology	determiner_noun_agreement	Write a natural, coherent English sentence.
394	5	These girls question that concealed man.	These girls question those concealed man.	-83.0	-83.0	-10.375	-10.375	False	False	morphology	determiner_noun_agreement	Write a natural, coherent English sentence.
395	5	Martha wasn't kissing this unemployed man.	Martha wasn't kissing these unemployed man.	-114.0	-114.0	-10.375	-10.375	False	False	morphology	determiner_noun_agreement	Write a natural, coherent English sentence.
396	5	Kendra isn't working with this excited child.	Kendra isn't working with these excited child.	-124.5	-124.5	-10.375	-10.375	False	False	morphology	determiner_noun_agreement	Write a natural, coherent English sentence.
397	5	All actresses praise this hard thesis.	All actresses praise these hard thesis.	-83.0	-83.0	-10.375	-10.375	False	False	morphology	determiner_noun_agreement	Write a natural, coherent English sentence.
398	5	David cleans that hard tooth.	David cleans those hard tooth.	-72.5	-72.5	-10.375	-10.375	False	False	morphology	determiner_noun_agreement	Write a natural, coherent English sentence.
399	5	Julia sounded like this uncertain person.	Julia sounded like these uncertain person.	-72.5	-72.5	-10.375	-10.375	False	False	morphology	determiner_noun_agreement	Write a natural, coherent English sentence.
400	5	Those actors attacked that happy alumnus.	Those actors attacked those happy alumnus.	-93.5	-93.5	-10.375	-10.375	False	False	morphology	determiner_noun_agreement	Write a natural, coherent English sentence.
401	5	Eva hadn't admired these black fungi.	Eva hadn't admired this black fungi.	-114.0	-114.0	-10.375	-10.375	False	False	morphology	determiner_noun_agreement	Write a natural, coherent English sentence.
402	5	Many chairs aren't disgusting this unlucky child.	Many chairs aren't disgusting these unlucky child.	-135.0	-135.0	-10.375	-10.375	False	False	morphology	determiner_noun_agreement	Write a natural, coherent English sentence.
403	5	Those waiters break these rough teeth.	Those waiters break this rough teeth.	-83.0	-83.0	-10.375	-10.375	False	False	morphology	determiner_noun_agreement	Write a natural, coherent English sentence.
404	5	Becca leaves this uncertain child.	Becca leaves these uncertain child.	-72.5	-72.5	-10.375	-10.375	False	False	morphology	determiner_noun_agreement	Write a natural, coherent English sentence.
405	5	Some steak disturbs these displeased children.	Some steak disturbs this displeased children.	-124.5	-124.5	-10.375	-10.375	False	False	morphology	determiner_noun_agreement	Write a natural, coherent English sentence.
406	5	Christine wouldn't conceal this lost stimulus.	Christine wouldn't conceal these lost stimulus.	-124.5	-124.5	-10.375	-10.375	False	False	morphology	determiner_noun_agreement	Write a natural, coherent English sentence.
407	5	Every face irritates those unemployed alumni.	Every face irritates that unemployed alumni.	-114.0	-114.0	-10.375	-10.375	False	False	morphology	determiner_noun_agreement	Write a natural, coherent English sentence.
408	5	Susan noticed that unlucky person.	Susan noticed those unlucky person.	-83.0	-83.0	-10.375	-10.375	False	False	morphology	determiner_noun_agreement	Write a natural, coherent English sentence.
409	5	Some women drop by those concealed oases.	Some women drop by that concealed oases.	-104.0	-104.0	-10.375	-10.375	False	False	morphology	determiner_noun_agreement	Write a natural, coherent English sentence.
410	5	The Clintons disagree with these serious men.	The Clintons disagree with this serious men.	-104.0	-104.0	-10.375	-10.375	False	False	morphology	determiner_noun_agreement	Write a natural, coherent English sentence.
411	5	Phillip discovers these busy women.	Phillip discovers this busy women.	-83.0	-83.0	-10.375	-10.375	False	False	morphology	determiner_noun_agreement	Write a natural, coherent English sentence.
412	5	Waiters investigate that hopeful woman.	Waiters investigate those hopeful woman.	-83.0	-83.0	-10.375	-10.375	False	False	morphology	determiner_noun_agreement	Write a natural, coherent English sentence.
413	5	Regina hasn't found these white nuclei.	Regina hasn't found this white nuclei.	-124.5	-124.5	-10.375	-10.375	False	False	morphology	determiner_noun_agreement	Write a natural, coherent English sentence.
414	5	Irene scanned those purple theses.	Irene scanned that purple theses.	-93.5	-93.5	-10.375	-10.375	False	False	morphology	determiner_noun_agreement	Write a natural, coherent English sentence.
415	5	A bank references those popular people.	A bank references that popular people.	-72.5	-72.5	-10.375	-10.375	False	False	morphology	determiner_noun_agreement	Write a natural, coherent English sentence.
416	5	Vincent tours this old oasis.	Vincent tours these old oasis.	-72.5	-72.5	-10.375	-10.375	False	False	morphology	determiner_noun_agreement	Write a natural, coherent English sentence.
417	5	Alicia kisses that standing woman.	Alicia kisses those standing woman.	-93.5	-93.5	-10.375	-10.375	False	False	morphology	determiner_noun_agreement	Write a natural, coherent English sentence.
418	5	Some candles aren't boring those displeased men.	Some candles aren't boring that displeased men.	-135.0	-135.0	-10.375	-10.375	False	False	morphology	determiner_noun_agreement	Write a natural, coherent English sentence.
419	5	That teenager does care for this old alumnus.	That teenager does care for these old alumnus.	-114.0	-114.0	-10.375	-10.375	False	False	morphology	determiner_noun_agreement	Write a natural, coherent English sentence.
420	5	A lot of drawings weren't alarming that displeased man.	A lot of drawings weren't alarming those displeased man.	-156.0	-156.0	-10.375	-10.375	False	False	morphology	determiner_noun_agreement	Write a natural, coherent English sentence.
421	5	That face astounded that important woman.	That face astounded those important woman.	-93.5	-93.5	-10.375	-10.375	False	False	morphology	determiner_noun_agreement	Write a natural, coherent English sentence.
422	5	Tiffany had approached these unemployed people.	Tiffany had approached this unemployed people.	-104.0	-104.0	-10.375	-10.375	False	False	morphology	determiner_noun_agreement	Write a natural, coherent English sentence.
423	5	Christina is passing these rough oases.	Christina is passing this rough oases.	-93.5	-93.5	-10.375	-10.375	False	False	morphology	determiner_noun_agreement	Write a natural, coherent English sentence.
424	5	Debra was praising those busy people.	Debra was praising that busy people.	-93.5	-93.5	-10.375	-10.375	False	False	morphology	determiner_noun_agreement	Write a natural, coherent English sentence.
425	5	The doctors didn't care for these scared children.	The doctors didn't care for this scared children.	-114.0	-114.0	-10.375	-10.375	False	False	morphology	determiner_noun_agreement	Write a natural, coherent English sentence.
426	5	Those ladders stun these small people.	Those ladders stun this small people.	-104.0	-104.0	-10.375	-10.375	False	False	morphology	determiner_noun_agreement	Write a natural, coherent English sentence.
427	5	Samuel isn't distracting these clever women.	Samuel isn't distracting this clever women.	-104.0	-104.0	-10.375	-10.375	False	False	morphology	determiner_noun_agreement	Write a natural, coherent English sentence.
428	5	Lucille dropped by those new oases.	Lucille dropped by that new oases.	-93.5	-93.5	-10.375	-10.375	False	False	morphology	determiner_noun_agreement	Write a natural, coherent English sentence.
429	5	A legislature should aggravate that busy child.	A legislature should aggravate those busy child.	-114.0	-114.0	-10.375	-10.375	False	False	morphology	determiner_noun_agreement	Write a natural, coherent English sentence.
430	5	Larry observed that lucky child.	Larry observed those lucky child.	-62.25	-62.25	-10.375	-10.375	False	False	morphology	determiner_noun_agreement	Write a natural, coherent English sentence.
431	5	Lawrence wasn't approaching those troubled children.	Lawrence wasn't approaching that troubled children.	-104.0	-104.0	-10.375	-10.375	False	False	morphology	determiner_noun_agreement	Write a natural, coherent English sentence.
432	5	Most libraries describe those delighted men.	Most libraries describe that delighted men.	-72.5	-72.5	-10.375	-10.375	False	False	morphology	determiner_noun_agreement	Write a natural, coherent English sentence.
433	5	The Impressionists alarms that sick child.	The Impressionists alarms those sick child.	-103.5	-103.5	-10.375	-10.375	False	False	morphology	determiner_noun_agreement	Write a natural, coherent English sentence.
434	5	A lot of children have this exposed axis.	A lot of children have these exposed axis.	-93.5	-93.5	-10.375	-10.375	False	False	morphology	determiner_noun_agreement	Write a natural, coherent English sentence.
435	5	Melissa couldn't reveal that small man.	Melissa couldn't reveal those small man.	-104.0	-104.0	-10.375	-10.375	False	False	morphology	determiner_noun_agreement	Write a natural, coherent English sentence.
436	5	These carriages won't impress those bad men.	These carriages won't impress that bad men.	-114.0	-114.0	-10.375	-10.375	False	False	morphology	determiner_noun_agreement	Write a natural, coherent English sentence.
437	5	Many girls drop by that red oasis.	Many girls drop by those red oasis.	-93.5	-93.5	-10.375	-10.375	False	False	morphology	determiner_noun_agreement	Write a natural, coherent English sentence.
438	5	The Impressionists fled from this small woman.	The Impressionists fled from these small woman.	-103.5	-103.5	-10.375	-10.375	False	False	morphology	determiner_noun_agreement	Write a natural, coherent English sentence.
439	5	Ann arrived at that blue oasis.	Ann arrived at those blue oasis.	-83.0	-83.0	-10.375	-10.375	False	False	morphology	determiner_noun_agreement	Write a natural, coherent English sentence.
440	5	The sock isn't disturbing those lucky children.	The sock isn't disturbing that lucky children.	-114.0	-114.0	-10.375	-10.375	False	False	morphology	determiner_noun_agreement	Write a natural, coherent English sentence.
441	5	Those socks were shocking those unlucky men.	Those socks were shocking that unlucky men.	-114.0	-114.0	-10.375	-10.375	False	False	morphology	determiner_noun_agreement	Write a natural, coherent English sentence.
442	5	Christine wasn't walking through those cheap oases.	Christine wasn't walking through that cheap oases.	-124.5	-124.5	-10.375	-10.375	False	False	morphology	determiner_noun_agreement	Write a natural, coherent English sentence.
443	5	Mary appreciates those content women.	Mary appreciates that content women.	-72.5	-72.5	-10.375	-10.375	False	False	morphology	determiner_noun_agreement	Write a natural, coherent English sentence.
444	5	That lady didn't question this ill person.	That lady didn't question these ill person.	-104.0	-104.0	-10.375	-10.375	False	False	morphology	determiner_noun_agreement	Write a natural, coherent English sentence.
445	5	Most birds annoy this young woman.	Most birds annoy these young woman.	-72.5	-72.5	-10.375	-10.375	False	False	morphology	determiner_noun_agreement	Write a natural, coherent English sentence.
446	5	Amelia is kissing these content men.	Amelia is kissing this content men.	-93.5	-93.5	-10.375	-10.375	False	False	morphology	determiner_noun_agreement	Write a natural, coherent English sentence.
447	5	Judy isn't taking those standing oxen.	Judy isn't taking that standing oxen.	-114.0	-114.0	-10.375	-10.375	False	False	morphology	determiner_noun_agreement	Write a natural, coherent English sentence.
448	5	Irene is discussing those clever alumni.	Irene is discussing that clever alumni.	-104.0	-104.0	-10.375	-10.375	False	False	morphology	determiner_noun_agreement	Write a natural, coherent English sentence.
449	5	Danielle could describe these long analyses.	Danielle could describe this long analyses.	-93.5	-93.5	-10.375	-10.375	False	False	morphology	determiner_noun_agreement	Write a natural, coherent English sentence.
450	5	Eva hasn't praised that lucky woman.	Eva hasn't praised those lucky woman.	-93.5	-93.5	-10.375	-10.375	False	False	morphology	determiner_noun_agreement	Write a natural, coherent English sentence.
451	5	Grace might observe that unlucky woman.	Grace might observe those unlucky woman.	-93.5	-93.5	-10.375	-10.375	False	False	morphology	determiner_noun_agreement	Write a natural, coherent English sentence.
452	5	The Clintons bothered these clever people.	The Clintons bothered this clever people.	-93.5	-93.5	-10.375	-10.375	False	False	morphology	determiner_noun_agreement	Write a natural, coherent English sentence.
453	5	April hadn't embarrassed those employed alumni.	April hadn't embarrassed that employed alumni.	-114.0	-114.0	-10.375	-10.375	False	False	morphology	determiner_noun_agreement	Write a natural, coherent English sentence.
454	5	Marie shouldn't forget that happy man.	Marie shouldn't forget those happy man.	-93.5	-93.5	-10.375	-10.375	False	False	morphology	determiner_noun_agreement	Write a natural, coherent English sentence.
455	5	Renee isn't breaking that cheap foot.	Renee isn't breaking those cheap foot.	-114.0	-114.0	-10.375	-10.375	False	False	morphology	determiner_noun_agreement	Write a natural, coherent English sentence.
456	5	Monica shouldn't sell those new oases.	Monica shouldn't sell that new oases.	-114.0	-114.0	-10.375	-10.375	False	False	morphology	determiner_noun_agreement	Write a natural, coherent English sentence.
457	5	Every dancer has returned to that troubled man.	Every dancer has returned to those troubled man.	-114.0	-114.0	-10.375	-10.375	False	False	morphology	determiner_noun_agreement	Write a natural, coherent English sentence.
458	5	Those dancers break those green teeth.	Those dancers break that green teeth.	-83.0	-83.0	-10.375	-10.375	False	False	morphology	determiner_noun_agreement	Write a natural, coherent English sentence.
459	5	These teachers talk about these fast women.	These teachers talk about this fast women.	-83.0	-83.0	-10.375	-10.375	False	False	morphology	determiner_noun_agreement	Write a natural, coherent English sentence.
460	5	Spain hasn't praised that happy man.	Spain hasn't praised those happy man.	-93.5	-93.5	-10.375	-10.375	False	False	morphology	determiner_noun_agreement	Write a natural, coherent English sentence.
461	5	Monica does kiss those good people.	Monica does kiss that good people.	-83.0	-83.0	-10.375	-10.375	False	False	morphology	determiner_noun_agreement	Write a natural, coherent English sentence.
462	5	Benjamin can boast about those busy men.	Benjamin can boast about that busy men.	-93.5	-93.5	-10.375	-10.375	False	False	morphology	determiner_noun_agreement	Write a natural, coherent English sentence.
463	5	Donald conceals this lost nucleus.	Donald conceals these lost nucleus.	-83.0	-83.0	-10.375	-10.375	False	False	morphology	determiner_noun_agreement	Write a natural, coherent English sentence.
464	5	Gregory was embarrassing this big woman.	Gregory was embarrassing these big woman.	-83.0	-83.0	-10.375	-10.375	False	False	morphology	determiner_noun_agreement	Write a natural, coherent English sentence.
465	5	The waiter wasn't stunning that hidden child.	The waiter wasn't stunning those hidden child.	-114.0	-114.0	-10.375	-10.375	False	False	morphology	determiner_noun_agreement	Write a natural, coherent English sentence.
466	5	A lot of photographs haven't looked like this red stimulus.	A lot of photographs haven't looked like these red stimulus.	-145.0	-145.0	-10.375	-10.375	False	False	morphology	determiner_noun_agreement	Write a natural, coherent English sentence.
467	5	A patient fixed those cheap feet.	A patient fixed that cheap feet.	-72.5	-72.5	-10.375	-10.375	False	False	morphology	determiner_noun_agreement	Write a natural, coherent English sentence.
468	5	Many gates shouldn't astound these unsure alumni.	Many gates shouldn't astound this unsure alumni.	-145.0	-145.0	-10.375	-10.375	False	False	morphology	determiner_noun_agreement	Write a natural, coherent English sentence.
469	5	That picture hasn't looked like these big men.	That picture hasn't looked like this big men.	-114.0	-114.0	-10.375	-10.375	False	False	morphology	determiner_noun_agreement	Write a natural, coherent English sentence.
470	5	These waitresses talk about this hidden thesis.	These waitresses talk about these hidden thesis.	-103.5	-103.5	-10.375	-10.375	False	False	morphology	determiner_noun_agreement	Write a natural, coherent English sentence.
471	5	Stacy concealed those gray axes.	Stacy concealed that gray axes.	-93.5	-93.5	-10.375	-10.375	False	False	morphology	determiner_noun_agreement	Write a natural, coherent English sentence.
472	5	Nicole remembers those serious alumni.	Nicole remembers that serious alumni.	-93.5	-93.5	-10.375	-10.375	False	False	morphology	determiner_noun_agreement	Write a natural, coherent English sentence.
473	5	Leslie hadn't gone to that small oasis.	Leslie hadn't gone to those small oasis.	-124.5	-124.5	-10.375	-10.375	False	False	morphology	determiner_noun_agreement	Write a natural, coherent English sentence.
474	5	Joel wasn't praising this ill person.	Joel wasn't praising these ill person.	-104.0	-104.0	-10.375	-10.375	False	False	morphology	determiner_noun_agreement	Write a natural, coherent English sentence.
475	5	These drivers embarrasses this young alumnus.	These drivers embarrasses these young alumnus.	-104.0	-104.0	-10.375	-10.375	False	False	morphology	determiner_noun_agreement	Write a natural, coherent English sentence.
476	5	Beef bores that delighted woman.	Beef bores those delighted woman.	-83.0	-83.0	-10.375	-10.375	False	False	morphology	determiner_noun_agreement	Write a natural, coherent English sentence.
477	5	Mitchell goes to this gray oasis.	Mitchell goes to these gray oasis.	-83.0	-83.0	-10.375	-10.375	False	False	morphology	determiner_noun_agreement	Write a natural, coherent English sentence.
478	5	The mouth bores these upset men.	The mouth bores this upset men.	-83.0	-83.0	-10.375	-10.375	False	False	morphology	determiner_noun_agreement	Write a natural, coherent English sentence.
479	5	Most legislatures discuss those good people.	Most legislatures discuss that good people.	-83.0	-83.0	-10.375	-10.375	False	False	morphology	determiner_noun_agreement	Write a natural, coherent English sentence.
480	5	The boys mess up those purple feet.	The boys mess up that purple feet.	-83.0	-83.0	-10.375	-10.375	False	False	morphology	determiner_noun_agreement	Write a natural, coherent English sentence.
481	5	Cashiers describe these fast children.	Cashiers describe this fast children.	-72.5	-72.5	-10.375	-10.375	False	False	morphology	determiner_noun_agreement	Write a natural, coherent English sentence.
482	5	Roger has fired those unconvinced men.	Roger has fired that unconvinced men.	-104.0	-104.0	-10.375	-10.375	False	False	morphology	determiner_noun_agreement	Write a natural, coherent English sentence.
483	5	Amy wasn't kissing this content man.	Amy wasn't kissing these content man.	-103.5	-103.5	-10.375	-10.375	False	False	morphology	determiner_noun_agreement	Write a natural, coherent English sentence.
484	5	Every dancer hadn't praised those good analyses.	Every dancer hadn't praised that good analyses.	-124.5	-124.5	-10.375	-10.375	False	False	morphology	determiner_noun_agreement	Write a natural, coherent English sentence.
485	5	Rhonda wasn't hiding those red mice.	Rhonda wasn't hiding that red mice.	-114.0	-114.0	-10.375	-10.375	False	False	morphology	determiner_noun_agreement	Write a natural, coherent English sentence.
486	5	Every pedestrian talks about that bad synopsis.	Every pedestrian talks about those bad synopsis.	-103.5	-103.5	-10.375	-10.375	False	False	morphology	determiner_noun_agreement	Write a natural, coherent English sentence.
487	5	The fish shocks these old alumni.	The fish shocks this old alumni.	-104.0	-104.0	-10.375	-10.375	False	False	morphology	determiner_noun_agreement	Write a natural, coherent English sentence.
488	5	Those waitresses visited those scared alumni.	Those waitresses visited that scared alumni.	-114.0	-114.0	-10.375	-10.375	False	False	morphology	determiner_noun_agreement	Write a natural, coherent English sentence.
489	5	That library was listening to this nice man.	That library was listening to these nice man.	-93.5	-93.5	-10.375	-10.375	False	False	morphology	determiner_noun_agreement	Write a natural, coherent English sentence.
490	5	Steve wasn't bringing that blue stimulus.	Steve wasn't bringing those blue stimulus.	-104.0	-104.0	-10.375	-10.375	False	False	morphology	determiner_noun_agreement	Write a natural, coherent English sentence.
491	5	Some guest was hiring that scared woman.	Some guest was hiring those scared woman.	-83.0	-83.0	-10.375	-10.375	False	False	morphology	determiner_noun_agreement	Write a natural, coherent English sentence.
492	5	The spotlights upset this unconvinced alumnus.	The spotlights upset these unconvinced alumnus.	-135.0	-135.0	-10.375	-10.375	False	False	morphology	determiner_noun_agreement	Write a natural, coherent English sentence.
493	5	Todd might observe this lost man.	Todd might observe these lost man.	-72.5	-72.5	-10.375	-10.375	False	False	morphology	determiner_noun_agreement	Write a natural, coherent English sentence.
494	5	People could describe that unconvinced person.	People could describe those unconvinced person.	-104.0	-104.0	-10.375	-10.375	False	False	morphology	determiner_noun_agreement	Write a natural, coherent English sentence.
495	5	That waiter had astounded these lucky people.	That waiter had astounded this lucky people.	-114.0	-114.0	-10.375	-10.375	False	False	morphology	determiner_noun_agreement	Write a natural, coherent English sentence.
496	5	Kendra disgusted these confident women.	Kendra disgusted this confident women.	-93.5	-93.5	-10.375	-10.375	False	False	morphology	determiner_noun_agreement	Write a natural, coherent English sentence.
497	5	Spain hasn't annoyed those old people.	Spain hasn't annoyed that old people.	-104.0	-104.0	-10.375	-10.375	False	False	morphology	determiner_noun_agreement	Write a natural, coherent English sentence.
498	5	Steve kisses these out in the open people.	Steve kisses this out in the open people.	-104.0	-104.0	-10.375	-10.375	False	False	morphology	determiner_noun_agreement	Write a natural, coherent English sentence.
499	5	Wayne kissed those unconvinced men.	Wayne kissed that unconvinced men.	-93.5	-93.5	-10.375	-10.375	False	False	morphology	determiner_noun_agreement	Write a natural, coherent English sentence.
500	5	Douglas has brought those lost cacti.	Douglas has brought that lost cacti.	-93.5	-93.5	-10.375	-10.375	False	False	morphology	determiner_noun_agreement	Write a natural, coherent English sentence.
501	5	Tammy can't reveal that big alumnus.	Tammy can't reveal those big alumnus.	-124.5	-124.5	-10.375	-10.375	False	False	morphology	determiner_noun_agreement	Write a natural, coherent English sentence.
502	5	Deborah fled from those standing children.	Deborah fled from that standing children.	-93.5	-93.5	-10.375	-10.375	False	False	morphology	determiner_noun_agreement	Write a natural, coherent English sentence.
503	5	A man wasn't cleaning that hard fungus.	A man wasn't cleaning those hard fungus.	-124.5	-124.5	-10.375	-10.375	False	False	morphology	determiner_noun_agreement	Write a natural, coherent English sentence.
504	5	Danielle has broken those gray teeth.	Danielle has broken that gray teeth.	-83.0	-83.0	-10.375	-10.375	False	False	morphology	determiner_noun_agreement	Write a natural, coherent English sentence.
505	5	Derek praised this big thesis.	Derek praised these big thesis.	-72.5	-72.5	-10.375	-10.375	False	False	morphology	determiner_noun_agreement	Write a natural, coherent English sentence.
506	5	Gary has disgusted those unsure people.	Gary has disgusted that unsure people.	-93.5	-93.5	-10.375	-10.375	False	False	morphology	determiner_noun_agreement	Write a natural, coherent English sentence.
507	5	A senator insulted this bad synopsis.	A senator insulted these bad synopsis.	-103.5	-103.5	-10.375	-10.375	False	False	morphology	determiner_noun_agreement	Write a natural, coherent English sentence.
508	5	A lot of drivers visit these purple oases.	A lot of drivers visit this purple oases.	-103.5	-103.5	-10.375	-10.375	False	False	morphology	determiner_noun_agreement	Write a natural, coherent English sentence.
509	5	Richard isn't attacking this fast child.	Richard isn't attacking these fast child.	-93.5	-93.5	-10.375	-10.375	False	False	morphology	determiner_noun_agreement	Write a natural, coherent English sentence.
510	5	Frank shocked that unsure man.	Frank shocked those unsure man.	-72.5	-72.5	-10.375	-10.375	False	False	morphology	determiner_noun_agreement	Write a natural, coherent English sentence.
511	5	Brett returned to that confident man.	Brett returned to those confident man.	-83.0	-83.0	-10.375	-10.375	False	False	morphology	determiner_noun_agreement	Write a natural, coherent English sentence.
512	5	Many ladies weren't passing these old oases.	Many ladies weren't passing this old oases.	-114.0	-114.0	-10.375	-10.375	False	False	morphology	determiner_noun_agreement	Write a natural, coherent English sentence.
513	5	A waiter brought those purple teeth.	A waiter brought that purple teeth.	-83.0	-83.0	-10.375	-10.375	False	False	morphology	determiner_noun_agreement	Write a natural, coherent English sentence.
514	5	Beverly has fired this fast alumnus.	Beverly has fired these fast alumnus.	-104.0	-104.0	-10.375	-10.375	False	False	morphology	determiner_noun_agreement	Write a natural, coherent English sentence.
515	5	Men haven't observed that standing man.	Men haven't observed those standing man.	-93.5	-93.5	-10.375	-10.375	False	False	morphology	determiner_noun_agreement	Write a natural, coherent English sentence.
516	5	Tiffany admired this ill child.	Tiffany admired these ill child.	-93.5	-93.5	-10.375	-10.375	False	False	morphology	determiner_noun_agreement	Write a natural, coherent English sentence.
517	5	That patient didn't love that unemployed alumnus.	That patient didn't love those unemployed alumnus.	-135.0	-135.0	-10.375	-10.375	False	False	morphology	determiner_noun_agreement	Write a natural, coherent English sentence.
518	5	Aaron reveals that red tooth.	Aaron reveals those red tooth.	-62.25	-62.25	-10.375	-10.375	False	False	morphology	determiner_noun_agreement	Write a natural, coherent English sentence.
519	5	Monica was insulting those bad people.	Monica was insulting that bad people.	-93.5	-93.5	-10.375	-10.375	False	False	morphology	determiner_noun_agreement	Write a natural, coherent English sentence.
520	5	These teenagers watch that old alumnus.	These teenagers watch those old alumnus.	-103.5	-103.5	-10.375	-10.375	False	False	morphology	determiner_noun_agreement	Write a natural, coherent English sentence.
521	5	Tina might confuse this exposed child.	Tina might confuse these exposed child.	-93.5	-93.5	-10.375	-10.375	False	False	morphology	determiner_noun_agreement	Write a natural, coherent English sentence.
522	5	A face was confusing that nice woman.	A face was confusing those nice woman.	-83.0	-83.0	-10.375	-10.375	False	False	morphology	determiner_noun_agreement	Write a natural, coherent English sentence.
523	5	An adult researches that good analysis.	An adult researches those good analysis.	-104.0	-104.0	-10.375	-10.375	False	False	morphology	determiner_noun_agreement	Write a natural, coherent English sentence.
524	5	Some broccoli isn't annoying these unconvinced women.	Some broccoli isn't annoying this unconvinced women.	-156.0	-156.0	-10.375	-10.375	False	False	morphology	determiner_noun_agreement	Write a natural, coherent English sentence.
525	5	Nancy talks about these content children.	Nancy talks about this content children.	-72.5	-72.5	-10.375	-10.375	False	False	morphology	determiner_noun_agreement	Write a natural, coherent English sentence.
526	5	Regina found this lost ox.	Regina found these lost ox.	-83.0	-83.0	-10.375	-10.375	False	False	morphology	determiner_noun_agreement	Write a natural, coherent English sentence.
527	5	Emily had respected that clever man.	Emily had respected those clever man.	-72.5	-72.5	-10.375	-10.375	False	False	morphology	determiner_noun_agreement	Write a natural, coherent English sentence.
528	5	Kathleen has worked with this confident man.	Kathleen has worked with these confident man.	-93.5	-93.5	-10.375	-10.375	False	False	morphology	determiner_noun_agreement	Write a natural, coherent English sentence.
529	5	Most customers are distracting these determined children.	Most customers are distracting this determined children.	-93.5	-93.5	-10.375	-10.375	False	False	morphology	determiner_noun_agreement	Write a natural, coherent English sentence.
530	5	Rachelle didn't cure this black octopus.	Rachelle didn't cure these black octopus.	-124.5	-124.5	-10.375	-10.375	False	False	morphology	determiner_noun_agreement	Write a natural, coherent English sentence.
531	5	Steven hugs these standing men.	Steven hugs this standing men.	-72.5	-72.5	-10.375	-10.375	False	False	morphology	determiner_noun_agreement	Write a natural, coherent English sentence.
532	5	Every popsicle shocked those excited men.	Every popsicle shocked that excited men.	-93.5	-93.5	-10.375	-10.375	False	False	morphology	determiner_noun_agreement	Write a natural, coherent English sentence.
533	5	Sonia lifts that new oasis.	Sonia lifts those new oasis.	-93.5	-93.5	-10.375	-10.375	False	False	morphology	determiner_noun_agreement	Write a natural, coherent English sentence.
534	5	Cheryl might tour that purple oasis.	Cheryl might tour those purple oasis.	-93.5	-93.5	-10.375	-10.375	False	False	morphology	determiner_noun_agreement	Write a natural, coherent English sentence.
535	5	This doctor appreciates this bad child.	This doctor appreciates these bad child.	-83.0	-83.0	-10.375	-10.375	False	False	morphology	determiner_noun_agreement	Write a natural, coherent English sentence.
536	5	Leslie breaks those red feet.	Leslie breaks that red feet.	-72.5	-72.5	-10.375	-10.375	False	False	morphology	determiner_noun_agreement	Write a natural, coherent English sentence.
537	5	Bethany hasn't hidden that yellow louse.	Bethany hasn't hidden those yellow louse.	-114.0	-114.0	-10.375	-10.375	False	False	morphology	determiner_noun_agreement	Write a natural, coherent English sentence.
538	5	Some people have criticized this brown thesis.	Some people have criticized these brown thesis.	-93.5	-93.5	-10.375	-10.375	False	False	morphology	determiner_noun_agreement	Write a natural, coherent English sentence.
539	5	Noah heals this determined child.	Noah heals these determined child.	-72.5	-72.5	-10.375	-10.375	False	False	morphology	determiner_noun_agreement	Write a natural, coherent English sentence.
540	5	Kevin biked to those big oases.	Kevin biked to that big oases.	-104.0	-104.0	-10.375	-10.375	False	False	morphology	determiner_noun_agreement	Write a natural, coherent English sentence.
541	5	Wayne hadn't bored these sick men.	Wayne hadn't bored this sick men.	-93.5	-93.5	-10.375	-10.375	False	False	morphology	determiner_noun_agreement	Write a natural, coherent English sentence.
542	5	Amy returns to those young alumni.	Amy returns to that young alumni.	-93.5	-93.5	-10.375	-10.375	False	False	morphology	determiner_noun_agreement	Write a natural, coherent English sentence.
543	5	That gate did aggravate this excited woman.	That gate did aggravate these excited woman.	-104.0	-104.0	-10.375	-10.375	False	False	morphology	determiner_noun_agreement	Write a natural, coherent English sentence.
544	5	Melissa observes that bad child.	Melissa observes those bad child.	-83.0	-83.0	-10.375	-10.375	False	False	morphology	determiner_noun_agreement	Write a natural, coherent English sentence.
545	5	Kathleen wasn't scanning those long synopses.	Kathleen wasn't scanning that long synopses.	-135.0	-135.0	-10.375	-10.375	False	False	morphology	determiner_noun_agreement	Write a natural, coherent English sentence.
546	5	That guy dropped by these white oases.	That guy dropped by this white oases.	-93.5	-93.5	-10.375	-10.375	False	False	morphology	determiner_noun_agreement	Write a natural, coherent English sentence.
547	5	Every child might fire this serious child.	Every child might fire these serious child.	-83.0	-83.0	-10.375	-10.375	False	False	morphology	determiner_noun_agreement	Write a natural, coherent English sentence.
548	5	Meredith had concealed that black thesis.	Meredith had concealed those black thesis.	-104.0	-104.0	-10.375	-10.375	False	False	morphology	determiner_noun_agreement	Write a natural, coherent English sentence.
549	5	Randolf didn't see these blue teeth.	Randolf didn't see this blue teeth.	-104.0	-104.0	-10.375	-10.375	False	False	morphology	determiner_noun_agreement	Write a natural, coherent English sentence.
550	5	Some guy passes that rough oasis.	Some guy passes those rough oasis.	-83.0	-83.0	-10.375	-10.375	False	False	morphology	determiner_noun_agreement	Write a natural, coherent English sentence.
551	5	Guys hurts that smart man.	Guys hurts those smart man.	-83.0	-83.0	-10.375	-10.375	False	False	morphology	determiner_noun_agreement	Write a natural, coherent English sentence.
552	5	Many museums should describe this fast man.	Many museums should describe these fast man.	-93.5	-93.5	-10.375	-10.375	False	False	morphology	determiner_noun_agreement	Write a natural, coherent English sentence.
553	5	A lot of chairs haven't embarrassed this serious man.	A lot of chairs haven't embarrassed these serious man.	-124.5	-124.5	-10.375	-10.375	False	False	morphology	determiner_noun_agreement	Write a natural, coherent English sentence.
554	5	Emily talked about that ill alumnus.	Emily talked about those ill alumnus.	-93.5	-93.5	-10.375	-10.375	False	False	morphology	determiner_noun_agreement	Write a natural, coherent English sentence.
555	5	A lot of girls notice these black lice.	A lot of girls notice this black lice.	-103.5	-103.5	-10.375	-10.375	False	False	morphology	determiner_noun_agreement	Write a natural, coherent English sentence.
556	5	Those schools reference that green thesis.	Those schools reference those green thesis.	-72.5	-72.5	-10.375	-10.375	False	False	morphology	determiner_noun_agreement	Write a natural, coherent English sentence.
557	5	Bradley had bored this delighted alumnus.	Bradley had bored these delighted alumnus.	-104.0	-104.0	-10.375	-10.375	False	False	morphology	determiner_noun_agreement	Write a natural, coherent English sentence.
558	5	Melinda scares this good woman.	Melinda scares these good woman.	-83.0	-83.0	-10.375	-10.375	False	False	morphology	determiner_noun_agreement	Write a natural, coherent English sentence.
559	5	Those pedestrians go to those big oases.	Those pedestrians go to that big oases.	-114.0	-114.0	-10.375	-10.375	False	False	morphology	determiner_noun_agreement	Write a natural, coherent English sentence.
560	5	Many doctors escaped from that lost child.	Many doctors escaped from those lost child.	-83.0	-83.0	-10.375	-10.375	False	False	morphology	determiner_noun_agreement	Write a natural, coherent English sentence.
561	5	Tamara isn't revealing that orange ox.	Tamara isn't revealing those orange ox.	-104.0	-104.0	-10.375	-10.375	False	False	morphology	determiner_noun_agreement	Write a natural, coherent English sentence.
562	5	Many patients arrive at that hidden oasis.	Many patients arrive at those hidden oasis.	-93.5	-93.5	-10.375	-10.375	False	False	morphology	determiner_noun_agreement	Write a natural, coherent English sentence.
563	5	Beth leaves these happy children.	Beth leaves this happy children.	-62.25	-62.25	-10.375	-10.375	False	False	morphology	determiner_noun_agreement	Write a natural, coherent English sentence.
564	5	Deanna broke that yellow foot.	Deanna broke those yellow foot.	-72.5	-72.5	-10.375	-10.375	False	False	morphology	determiner_noun_agreement	Write a natural, coherent English sentence.
565	5	Jessica had talked to that concealed man.	Jessica had talked to those concealed man.	-93.5	-93.5	-10.375	-10.375	False	False	morphology	determiner_noun_agreement	Write a natural, coherent English sentence.
566	5	Those actors praise those long synopses.	Those actors praise that long synopses.	-93.5	-93.5	-10.375	-10.375	False	False	morphology	determiner_noun_agreement	Write a natural, coherent English sentence.
567	5	This coat hasn't astounded these popular men.	This coat hasn't astounded this popular men.	-124.5	-124.5	-10.375	-10.375	False	False	morphology	determiner_noun_agreement	Write a natural, coherent English sentence.
568	5	Wendy does talk to this scared alumnus.	Wendy does talk to these scared alumnus.	-114.0	-114.0	-10.375	-10.375	False	False	morphology	determiner_noun_agreement	Write a natural, coherent English sentence.
569	5	Christine is questioning these happy men.	Christine is questioning this happy men.	-83.0	-83.0	-10.375	-10.375	False	False	morphology	determiner_noun_agreement	Write a natural, coherent English sentence.
570	5	All doctors loved that displeased man.	All doctors loved those displeased man.	-93.5	-93.5	-10.375	-10.375	False	False	morphology	determiner_noun_agreement	Write a natural, coherent English sentence.
571	5	Waitresses researched these long synopses.	Waitresses researched this long synopses.	-135.0	-135.0	-10.375	-10.375	False	False	morphology	determiner_noun_agreement	Write a natural, coherent English sentence.
572	5	Alexander can flee from this nice woman.	Alexander can flee from these nice woman.	-93.5	-93.5	-10.375	-10.375	False	False	morphology	determiner_noun_agreement	Write a natural, coherent English sentence.
573	5	Walter hadn't hated this fast man.	Walter hadn't hated these fast man.	-93.5	-93.5	-10.375	-10.375	False	False	morphology	determiner_noun_agreement	Write a natural, coherent English sentence.
574	5	Those cashiers buy those smooth lice.	Those cashiers buy that smooth lice.	-93.5	-93.5	-10.375	-10.375	False	False	morphology	determiner_noun_agreement	Write a natural, coherent English sentence.
575	5	Sonia hid that determined child.	Sonia hid those determined child.	-72.5	-72.5	-10.375	-10.375	False	False	morphology	determiner_noun_agreement	Write a natural, coherent English sentence.
576	5	Barbara is observing that excited person.	Barbara is observing those excited person.	-83.0	-83.0	-10.375	-10.375	False	False	morphology	determiner_noun_agreement	Write a natural, coherent English sentence.
577	5	That company stuns these unconvinced women.	That company stuns this unconvinced women.	-114.0	-114.0	-10.375	-10.375	False	False	morphology	determiner_noun_agreement	Write a natural, coherent English sentence.
578	5	Paul thought about those bad theses.	Paul thought about that bad theses.	-83.0	-83.0	-10.375	-10.375	False	False	morphology	determiner_noun_agreement	Write a natural, coherent English sentence.
579	5	Victoria escaped from these displeased children.	Victoria escaped from this displeased children.	-93.5	-93.5	-10.375	-10.375	False	False	morphology	determiner_noun_agreement	Write a natural, coherent English sentence.
580	5	Brad notices this big octopus.	Brad notices these big octopus.	-93.5	-93.5	-10.375	-10.375	False	False	morphology	determiner_noun_agreement	Write a natural, coherent English sentence.
581	5	Adam is praising those yellow theses.	Adam is praising that yellow theses.	-93.5	-93.5	-10.375	-10.375	False	False	morphology	determiner_noun_agreement	Write a natural, coherent English sentence.
582	5	Douglas did tour those hidden oases.	Douglas did tour that hidden oases.	-83.0	-83.0	-10.375	-10.375	False	False	morphology	determiner_noun_agreement	Write a natural, coherent English sentence.
583	5	Gerald couldn't know these happy men.	Gerald couldn't know this happy men.	-104.0	-104.0	-10.375	-10.375	False	False	morphology	determiner_noun_agreement	Write a natural, coherent English sentence.
584	5	Those women hug that smart man.	Those women hug those smart man.	-72.5	-72.5	-10.375	-10.375	False	False	morphology	determiner_noun_agreement	Write a natural, coherent English sentence.
585	5	These senators wouldn't forget that long synopsis.	These senators wouldn't forget those long synopsis.	-124.5	-124.5	-10.375	-10.375	False	False	morphology	determiner_noun_agreement	Write a natural, coherent English sentence.
586	5	Edward took those lost stimuli.	Edward took that lost stimuli.	-72.5	-72.5	-10.375	-10.375	False	False	morphology	determiner_noun_agreement	Write a natural, coherent English sentence.
587	5	The waitresses did know this lucky person.	The waitresses did know these lucky person.	-104.0	-104.0	-10.375	-10.375	False	False	morphology	determiner_noun_agreement	Write a natural, coherent English sentence.
588	5	That library might love this important person.	That library might love these important person.	-83.0	-83.0	-10.375	-10.375	False	False	morphology	determiner_noun_agreement	Write a natural, coherent English sentence.
589	5	Carrie was healing this gray octopus.	Carrie was healing these gray octopus.	-104.0	-104.0	-10.375	-10.375	False	False	morphology	determiner_noun_agreement	Write a natural, coherent English sentence.
590	5	Sonia hadn't cleaned those gray teeth.	Sonia hadn't cleaned that gray teeth.	-104.0	-104.0	-10.375	-10.375	False	False	morphology	determiner_noun_agreement	Write a natural, coherent English sentence.
591	5	The Lutherans alarmed this confident woman.	The Lutherans alarmed these confident woman.	-93.5	-93.5	-10.375	-10.375	False	False	morphology	determiner_noun_agreement	Write a natural, coherent English sentence.
592	5	This shirt impressed those popular people.	This shirt impressed that popular people.	-72.5	-72.5	-10.375	-10.375	False	False	morphology	determiner_noun_agreement	Write a natural, coherent English sentence.
593	5	Some schools love that employed person.	Some schools love those employed person.	-72.5	-72.5	-10.375	-10.375	False	False	morphology	determiner_noun_agreement	Write a natural, coherent English sentence.
594	5	Valerie hasn't known this young child.	Valerie hasn't known these young child.	-104.0	-104.0	-10.375	-10.375	False	False	morphology	determiner_noun_agreement	Write a natural, coherent English sentence.
595	5	Scott respected those displeased men.	Scott respected that displeased men.	-83.0	-83.0	-10.375	-10.375	False	False	morphology	determiner_noun_agreement	Write a natural, coherent English sentence.
596	5	The ladies work with those lost children.	The ladies work with that lost children.	-83.0	-83.0	-10.375	-10.375	False	False	morphology	determiner_noun_agreement	Write a natural, coherent English sentence.
597	5	Dawn had biked to this small oasis.	Dawn had biked to these small oasis.	-124.5	-124.5	-10.375	-10.375	False	False	morphology	determiner_noun_agreement	Write a natural, coherent English sentence.
598	5	Samantha would explore that gray oasis.	Samantha would explore those gray oasis.	-104.0	-104.0	-10.375	-10.375	False	False	morphology	determiner_noun_agreement	Write a natural, coherent English sentence.
599	5	All steps upset those unemployed men.	All steps upset that unemployed men.	-83.0	-83.0	-10.375	-10.375	False	False	morphology	determiner_noun_agreement	Write a natural, coherent English sentence.
600	5	Marla has described that unemployed woman.	Marla has described those unemployed woman.	-93.5	-93.5	-10.375	-10.375	False	False	morphology	determiner_noun_agreement	Write a natural, coherent English sentence.
601	5	Most universities bore those excited children.	Most universities bore that excited children.	-72.5	-72.5	-10.375	-10.375	False	False	morphology	determiner_noun_agreement	Write a natural, coherent English sentence.
602	5	These banks should reference that purple thesis.	These banks should reference those purple thesis.	-83.0	-83.0	-10.375	-10.375	False	False	morphology	determiner_noun_agreement	Write a natural, coherent English sentence.
603	5	Sherry brought those concealed geese.	Sherry brought that concealed geese.	-93.5	-93.5	-10.375	-10.375	False	False	morphology	determiner_noun_agreement	Write a natural, coherent English sentence.
604	5	Many pedestrians complain about these long analyses.	Many pedestrians complain about this long analyses.	-114.0	-114.0	-10.375	-10.375	False	False	morphology	determiner_noun_agreement	Write a natural, coherent English sentence.
605	5	Theresa fixed these small teeth.	Theresa fixed this small teeth.	-72.5	-72.5	-10.375	-10.375	False	False	morphology	determiner_noun_agreement	Write a natural, coherent English sentence.
606	5	This lake disturbed those unconvinced men.	This lake disturbed that unconvinced men.	-114.0	-114.0	-10.375	-10.375	False	False	morphology	determiner_noun_agreement	Write a natural, coherent English sentence.
607	5	Catherine was talking about those bad synopses.	Catherine was talking about that bad synopses.	-103.5	-103.5	-10.375	-10.375	False	False	morphology	determiner_noun_agreement	Write a natural, coherent English sentence.
608	5	Alicia had escaped from these hidden men.	Alicia had escaped from this hidden men.	-104.0	-104.0	-10.375	-10.375	False	False	morphology	determiner_noun_agreement	Write a natural, coherent English sentence.
609	5	Natalie hasn't worked with this confident woman.	Natalie hasn't worked with these confident woman.	-114.0	-114.0	-10.375	-10.375	False	False	morphology	determiner_noun_agreement	Write a natural, coherent English sentence.
610	5	Amelia annoyed this smart man.	Amelia annoyed these smart man.	-83.0	-83.0	-10.375	-10.375	False	False	morphology	determiner_noun_agreement	Write a natural, coherent English sentence.
611	5	Every guest is irritating this serious child.	Every guest is irritating these serious child.	-93.5	-93.5	-10.375	-10.375	False	False	morphology	determiner_noun_agreement	Write a natural, coherent English sentence.
612	5	All reports annoyed this hopeful person.	All reports annoyed these hopeful person.	-93.5	-93.5	-10.375	-10.375	False	False	morphology	determiner_noun_agreement	Write a natural, coherent English sentence.
613	5	These women break those orange teeth.	These women break that orange teeth.	-72.5	-72.5	-10.375	-10.375	False	False	morphology	determiner_noun_agreement	Write a natural, coherent English sentence.
614	5	Christopher could shock this excited child.	Christopher could shock these excited child.	-72.5	-72.5	-10.375	-10.375	False	False	morphology	determiner_noun_agreement	Write a natural, coherent English sentence.
615	5	This spotlight hasn't disgusted that employed child.	This spotlight hasn't disgusted those employed child.	-124.5	-124.5	-10.375	-10.375	False	False	morphology	determiner_noun_agreement	Write a natural, coherent English sentence.
616	5	Samantha fled from that busy child.	Samantha fled from those busy child.	-93.5	-93.5	-10.375	-10.375	False	False	morphology	determiner_noun_agreement	Write a natural, coherent English sentence.
617	5	Lucille arrived at that hard oasis.	Lucille arrived at those hard oasis.	-93.5	-93.5	-10.375	-10.375	False	False	morphology	determiner_noun_agreement	Write a natural, coherent English sentence.
618	5	All teachers see those yellow lice.	All teachers see that yellow lice.	-83.0	-83.0	-10.375	-10.375	False	False	morphology	determiner_noun_agreement	Write a natural, coherent English sentence.
619	5	Some photographs haven't looked like these small octopi.	Some photographs haven't looked like this small octopi.	-135.0	-135.0	-10.375	-10.375	False	False	morphology	determiner_noun_agreement	Write a natural, coherent English sentence.
620	5	Danielle brought those blue feet.	Danielle brought that blue feet.	-72.5	-72.5	-10.375	-10.375	False	False	morphology	determiner_noun_agreement	Write a natural, coherent English sentence.
621	5	Todd hadn't left those exposed men.	Todd hadn't left that exposed men.	-93.5	-93.5	-10.375	-10.375	False	False	morphology	determiner_noun_agreement	Write a natural, coherent English sentence.
622	5	Some doctors embarrasses those delighted alumni.	Some doctors embarrasses that delighted alumni.	-104.0	-104.0	-10.375	-10.375	False	False	morphology	determiner_noun_agreement	Write a natural, coherent English sentence.
623	5	The actresses forget that unemployed alumnus.	The actresses forget those unemployed alumnus.	-114.0	-114.0	-10.375	-10.375	False	False	morphology	determiner_noun_agreement	Write a natural, coherent English sentence.
624	5	A lot of socks alarm this unsure alumnus.	A lot of socks alarm these unsure alumnus.	-124.5	-124.5	-10.375	-10.375	False	False	morphology	determiner_noun_agreement	Write a natural, coherent English sentence.
625	5	The customers are thinking about that busy child.	The customers are thinking about those busy child.	-93.5	-93.5	-10.375	-10.375	False	False	morphology	determiner_noun_agreement	Write a natural, coherent English sentence.
626	5	Kristin wasn't kissing those small men.	Kristin wasn't kissing that small men.	-114.0	-114.0	-10.375	-10.375	False	False	morphology	determiner_noun_agreement	Write a natural, coherent English sentence.
627	5	Omar hasn't broken this broken foot.	Omar hasn't broken these broken foot.	-103.5	-103.5	-10.375	-10.375	False	False	morphology	determiner_noun_agreement	Write a natural, coherent English sentence.
628	5	The actress worked with this nice woman.	The actress worked with these nice woman.	-83.0	-83.0	-10.375	-10.375	False	False	morphology	determiner_noun_agreement	Write a natural, coherent English sentence.
629	5	Patients insult these happy people.	Patients insult this happy people.	-72.5	-72.5	-10.375	-10.375	False	False	morphology	determiner_noun_agreement	Write a natural, coherent English sentence.
630	5	Spain bought those orange lice.	Spain bought that orange lice.	-72.5	-72.5	-10.375	-10.375	False	False	morphology	determiner_noun_agreement	Write a natural, coherent English sentence.
631	5	Those waiters didn't kiss this unlucky child.	Those waiters didn't kiss these unlucky child.	-135.0	-135.0	-10.375	-10.375	False	False	morphology	determiner_noun_agreement	Write a natural, coherent English sentence.
632	5	Jennifer isn't touring these old oases.	Jennifer isn't touring this old oases.	-114.0	-114.0	-10.375	-10.375	False	False	morphology	determiner_noun_agreement	Write a natural, coherent English sentence.
633	5	Glaciers upset this small child.	Glaciers upset these small child.	-83.0	-83.0	-10.375	-10.375	False	False	morphology	determiner_noun_agreement	Write a natural, coherent English sentence.
634	5	John investigated these old men.	John investigated this old men.	-62.25	-62.25	-10.375	-10.375	False	False	morphology	determiner_noun_agreement	Write a natural, coherent English sentence.
635	5	Some doctors hated these yellow theses.	Some doctors hated this yellow theses.	-83.0	-83.0	-10.375	-10.375	False	False	morphology	determiner_noun_agreement	Write a natural, coherent English sentence.
636	5	Linda described that clever man.	Linda described those clever man.	-62.25	-62.25	-10.375	-10.375	False	False	morphology	determiner_noun_agreement	Write a natural, coherent English sentence.
637	5	Many drawings are looking like these excited women.	Many drawings are looking like this excited women.	-93.5	-93.5	-10.375	-10.375	False	False	morphology	determiner_noun_agreement	Write a natural, coherent English sentence.
638	5	Mitchell had concealed that small tooth.	Mitchell had concealed those small tooth.	-83.0	-83.0	-10.375	-10.375	False	False	morphology	determiner_noun_agreement	Write a natural, coherent English sentence.
639	5	Every dog had irritated this young child.	Every dog had irritated these young child.	-93.5	-93.5	-10.375	-10.375	False	False	morphology	determiner_noun_agreement	Write a natural, coherent English sentence.
640	5	Some doctors lift this exposed ox.	Some doctors lift these exposed ox.	-72.5	-72.5	-10.375	-10.375	False	False	morphology	determiner_noun_agreement	Write a natural, coherent English sentence.
641	5	Valerie was disgusting that happy woman.	Valerie was disgusting those happy woman.	-93.5	-93.5	-10.375	-10.375	False	False	morphology	determiner_noun_agreement	Write a natural, coherent English sentence.
642	5	Claire hugs those clever men.	Claire hugs that clever men.	-72.5	-72.5	-10.375	-10.375	False	False	morphology	determiner_noun_agreement	Write a natural, coherent English sentence.
643	5	All adults go to these white oases.	All adults go to this white oases.	-93.5	-93.5	-10.375	-10.375	False	False	morphology	determiner_noun_agreement	Write a natural, coherent English sentence.
644	5	Bill observed this nice child.	Bill observed these nice child.	-62.25	-62.25	-10.375	-10.375	False	False	morphology	determiner_noun_agreement	Write a natural, coherent English sentence.
645	5	Diana kissed these delighted alumni.	Diana kissed this delighted alumni.	-83.0	-83.0	-10.375	-10.375	False	False	morphology	determiner_noun_agreement	Write a natural, coherent English sentence.
646	5	Governments are describing those sick people.	Governments are describing that sick people.	-83.0	-83.0	-10.375	-10.375	False	False	morphology	determiner_noun_agreement	Write a natural, coherent English sentence.
647	5	The doctors cure that young woman.	The doctors cure those young woman.	-72.5	-72.5	-10.375	-10.375	False	False	morphology	determiner_noun_agreement	Write a natural, coherent English sentence.
648	5	Dancers did disagree with this ill child.	Dancers did disagree with these ill child.	-93.5	-93.5	-10.375	-10.375	False	False	morphology	determiner_noun_agreement	Write a natural, coherent English sentence.
649	5	Veronica couldn't embarrass these exposed men.	Veronica couldn't embarrass this exposed men.	-114.0	-114.0	-10.375	-10.375	False	False	morphology	determiner_noun_agreement	Write a natural, coherent English sentence.
650	5	The students cared for that delighted man.	The students cared for those delighted man.	-83.0	-83.0	-10.375	-10.375	False	False	morphology	determiner_noun_agreement	Write a natural, coherent English sentence.
651	5	Steve conceals these important men.	Steve conceals this important men.	-72.5	-72.5	-10.375	-10.375	False	False	morphology	determiner_noun_agreement	Write a natural, coherent English sentence.
652	5	These actresses will talk to these content men.	These actresses will talk to this content men.	-103.5	-103.5	-10.375	-10.375	False	False	morphology	determiner_noun_agreement	Write a natural, coherent English sentence.
653	5	That teenager wouldn't buy these rough oxen.	That teenager wouldn't buy this rough oxen.	-114.0	-114.0	-10.375	-10.375	False	False	morphology	determiner_noun_agreement	Write a natural, coherent English sentence.
654	5	Sheila wouldn't kiss that happy child.	Sheila wouldn't kiss those happy child.	-104.0	-104.0	-10.375	-10.375	False	False	morphology	determiner_noun_agreement	Write a natural, coherent English sentence.
655	5	Erin drove to these out in the open oases.	Erin drove to this out in the open oases.	-124.5	-124.5	-10.375	-10.375	False	False	morphology	determiner_noun_agreement	Write a natural, coherent English sentence.
656	5	Every hat has embarrassed those hopeful people.	Every hat has embarrassed that hopeful people.	-93.5	-93.5	-10.375	-10.375	False	False	morphology	determiner_noun_agreement	Write a natural, coherent English sentence.
657	5	Every man is fleeing from that exposed oasis.	Every man is fleeing from those exposed oasis.	-114.0	-114.0	-10.375	-10.375	False	False	morphology	determiner_noun_agreement	Write a natural, coherent English sentence.
658	5	Some adults visit this ill man.	Some adults visit these ill man.	-72.5	-72.5	-10.375	-10.375	False	False	morphology	determiner_noun_agreement	Write a natural, coherent English sentence.
659	5	Janet did lift that good thesis.	Janet did lift those good thesis.	-83.0	-83.0	-10.375	-10.375	False	False	morphology	determiner_noun_agreement	Write a natural, coherent English sentence.
660	5	Katherine was cleaning this orange tooth.	Katherine was cleaning these orange tooth.	-83.0	-83.0	-10.375	-10.375	False	False	morphology	determiner_noun_agreement	Write a natural, coherent English sentence.
661	5	A lot of tomatoes can't confuse these ill alumni.	A lot of tomatoes can't confuse this ill alumni.	-166.0	-166.0	-10.375	-10.375	False	False	morphology	determiner_noun_agreement	Write a natural, coherent English sentence.
662	5	Rose goes to those out in the open oases.	Rose goes to that out in the open oases.	-114.0	-114.0	-10.375	-10.375	False	False	morphology	determiner_noun_agreement	Write a natural, coherent English sentence.
663	5	These governments criticize those gray oases.	These governments criticize that gray oases.	-93.5	-93.5	-10.375	-10.375	False	False	morphology	determiner_noun_agreement	Write a natural, coherent English sentence.
664	5	Kevin forgot those delighted men.	Kevin forgot that delighted men.	-62.25	-62.25	-10.375	-10.375	False	False	morphology	determiner_noun_agreement	Write a natural, coherent English sentence.
665	5	Most companies describe that long analysis.	Most companies describe those long analysis.	-72.5	-72.5	-10.375	-10.375	False	False	morphology	determiner_noun_agreement	Write a natural, coherent English sentence.
666	5	Vincent was skated around this small oasis.	Vincent was skated around these small oasis.	-104.0	-104.0	-10.375	-10.375	False	False	morphology	determiner_noun_agreement	Write a natural, coherent English sentence.
667	5	Many guys arrive at these out in the open oases.	Many guys arrive at this out in the open oases.	-124.5	-124.5	-10.375	-10.375	False	False	morphology	determiner_noun_agreement	Write a natural, coherent English sentence.
668	5	Gregory hadn't revealed these lost fungi.	Gregory hadn't revealed this lost fungi.	-104.0	-104.0	-10.375	-10.375	False	False	morphology	determiner_noun_agreement	Write a natural, coherent English sentence.
669	5	The cake stuns this standing man.	The cake stuns these standing man.	-83.0	-83.0	-10.375	-10.375	False	False	morphology	determiner_noun_agreement	Write a natural, coherent English sentence.
670	5	Cheryl isn't irritating that clever man.	Cheryl isn't irritating those clever man.	-114.0	-114.0	-10.375	-10.375	False	False	morphology	determiner_noun_agreement	Write a natural, coherent English sentence.
671	5	Some cat bores those old children.	Some cat bores that old children.	-83.0	-83.0	-10.375	-10.375	False	False	morphology	determiner_noun_agreement	Write a natural, coherent English sentence.
672	5	The actress knows that delighted child.	The actress knows those delighted child.	-72.5	-72.5	-10.375	-10.375	False	False	morphology	determiner_noun_agreement	Write a natural, coherent English sentence.
673	5	That actress had driven to these hidden oases.	That actress had driven to this hidden oases.	-104.0	-104.0	-10.375	-10.375	False	False	morphology	determiner_noun_agreement	Write a natural, coherent English sentence.
674	5	The Lutherans arrive at this cheap oasis.	The Lutherans arrive at these cheap oasis.	-104.0	-104.0	-10.375	-10.375	False	False	morphology	determiner_noun_agreement	Write a natural, coherent English sentence.
675	5	Diane was kissing those lost women.	Diane was kissing that lost women.	-93.5	-93.5	-10.375	-10.375	False	False	morphology	determiner_noun_agreement	Write a natural, coherent English sentence.
676	5	Larry disturbs this employed woman.	Larry disturbs these employed woman.	-83.0	-83.0	-10.375	-10.375	False	False	morphology	determiner_noun_agreement	Write a natural, coherent English sentence.
677	5	Pies shock this upset woman.	Pies shock these upset woman.	-72.5	-72.5	-10.375	-10.375	False	False	morphology	determiner_noun_agreement	Write a natural, coherent English sentence.
678	5	Some waiters hug this content alumnus.	Some waiters hug these content alumnus.	-104.0	-104.0	-10.375	-10.375	False	False	morphology	determiner_noun_agreement	Write a natural, coherent English sentence.
679	5	Anna talked to those unsure men.	Anna talked to that unsure men.	-83.0	-83.0	-10.375	-10.375	False	False	morphology	determiner_noun_agreement	Write a natural, coherent English sentence.
680	5	This school bores this determined man.	This school bores these determined man.	-83.0	-83.0	-10.375	-10.375	False	False	morphology	determiner_noun_agreement	Write a natural, coherent English sentence.
681	5	Omar had thought about these unemployed men.	Omar had thought about this unemployed men.	-104.0	-104.0	-10.375	-10.375	False	False	morphology	determiner_noun_agreement	Write a natural, coherent English sentence.
682	5	Winston Churchill cleaned these big nuclei.	Winston Churchill cleaned this big nuclei.	-104.0	-104.0	-10.375	-10.375	False	False	morphology	determiner_noun_agreement	Write a natural, coherent English sentence.
683	5	These organizations aren't concealing that exposed child.	These organizations aren't concealing those exposed child.	-114.0	-114.0	-10.375	-10.375	False	False	morphology	determiner_noun_agreement	Write a natural, coherent English sentence.
684	5	Erin bought this concealed axis.	Erin bought these concealed axis.	-83.0	-83.0	-10.375	-10.375	False	False	morphology	determiner_noun_agreement	Write a natural, coherent English sentence.
685	5	Dan examines this long analysis.	Dan examines these long analysis.	-72.5	-72.5	-10.375	-10.375	False	False	morphology	determiner_noun_agreement	Write a natural, coherent English sentence.
686	5	These drivers concealed these gray oxen.	These drivers concealed this gray oxen.	-93.5	-93.5	-10.375	-10.375	False	False	morphology	determiner_noun_agreement	Write a natural, coherent English sentence.
687	5	All children impresses this happy man.	All children impresses these happy man.	-83.0	-83.0	-10.375	-10.375	False	False	morphology	determiner_noun_agreement	Write a natural, coherent English sentence.
688	5	People will conceal that concealed man.	People will conceal those concealed man.	-93.5	-93.5	-10.375	-10.375	False	False	morphology	determiner_noun_agreement	Write a natural, coherent English sentence.
689	5	Some patient returns to this old man.	Some patient returns to these old man.	-83.0	-83.0	-10.375	-10.375	False	False	morphology	determiner_noun_agreement	Write a natural, coherent English sentence.
690	5	Many actresses discovered those big oases.	Many actresses discovered that big oases.	-93.5	-93.5	-10.375	-10.375	False	False	morphology	determiner_noun_agreement	Write a natural, coherent English sentence.
691	5	The school talks about those young alumni.	The school talks about that young alumni.	-104.0	-104.0	-10.375	-10.375	False	False	morphology	determiner_noun_agreement	Write a natural, coherent English sentence.
692	5	Omar admired these blue fungi.	Omar admired this blue fungi.	-93.5	-93.5	-10.375	-10.375	False	False	morphology	determiner_noun_agreement	Write a natural, coherent English sentence.
693	5	Some school can't hate these good people.	Some school can't hate this good people.	-104.0	-104.0	-10.375	-10.375	False	False	morphology	determiner_noun_agreement	Write a natural, coherent English sentence.
694	5	A lot of eggplants wouldn't disturb that determined woman.	A lot of eggplants wouldn't disturb those determined woman.	-145.0	-145.0	-10.375	-10.375	False	False	morphology	determiner_noun_agreement	Write a natural, coherent English sentence.
695	5	That cake could annoy these uncertain men.	That cake could annoy this uncertain men.	-83.0	-83.0	-10.375	-10.375	False	False	morphology	determiner_noun_agreement	Write a natural, coherent English sentence.
696	5	Lamps are worrying these hopeful alumni.	Lamps are worrying this hopeful alumni.	-114.0	-114.0	-10.375	-10.375	False	False	morphology	determiner_noun_agreement	Write a natural, coherent English sentence.
697	5	A lot of eggplants bore these excited alumni.	A lot of eggplants bore this excited alumni.	-135.0	-135.0	-10.375	-10.375	False	False	morphology	determiner_noun_agreement	Write a natural, coherent English sentence.
698	5	A lot of teachers arrived at these old oases.	A lot of teachers arrived at this old oases.	-114.0	-114.0	-10.375	-10.375	False	False	morphology	determiner_noun_agreement	Write a natural, coherent English sentence.
699	5	Most sweaters hurt those happy people.	Most sweaters hurt that happy people.	-83.0	-83.0	-10.375	-10.375	False	False	morphology	determiner_noun_agreement	Write a natural, coherent English sentence.
700	5	Tara scans those good analyses.	Tara scans that good analyses.	-93.5	-93.5	-10.375	-10.375	False	False	morphology	determiner_noun_agreement	Write a natural, coherent English sentence.
701	5	The man doesn't reference this out in the open woman.	The man doesn't reference these out in the open woman.	-135.0	-135.0	-10.375	-10.375	False	False	morphology	determiner_noun_agreement	Write a natural, coherent English sentence.
702	5	This cashier is leaving this employed person.	This cashier is leaving these employed person.	-93.5	-93.5	-10.375	-10.375	False	False	morphology	determiner_noun_agreement	Write a natural, coherent English sentence.
703	5	Bananas bother these clever alumni.	Bananas bother this clever alumni.	-93.5	-93.5	-10.375	-10.375	False	False	morphology	determiner_noun_agreement	Write a natural, coherent English sentence.
704	5	Some convertibles had worried those fast men.	Some convertibles had worried that fast men.	-93.5	-93.5	-10.375	-10.375	False	False	morphology	determiner_noun_agreement	Write a natural, coherent English sentence.
705	5	Carl bored those nice women.	Carl bored that nice women.	-62.25	-62.25	-10.375	-10.375	False	False	morphology	determiner_noun_agreement	Write a natural, coherent English sentence.
706	5	These teachers explore these old oases.	These teachers explore this old oases.	-83.0	-83.0	-10.375	-10.375	False	False	morphology	determiner_noun_agreement	Write a natural, coherent English sentence.
707	5	Many waiters work with this scared child.	Many waiters work with these scared child.	-93.5	-93.5	-10.375	-10.375	False	False	morphology	determiner_noun_agreement	Write a natural, coherent English sentence.
708	5	Committees admire that smart child.	Committees admire those smart child.	-93.5	-93.5	-10.375	-10.375	False	False	morphology	determiner_noun_agreement	Write a natural, coherent English sentence.
709	5	Matt approaches this exposed child.	Matt approaches these exposed child.	-62.25	-62.25	-10.375	-10.375	False	False	morphology	determiner_noun_agreement	Write a natural, coherent English sentence.
710	5	Brian talks to this lucky man.	Brian talks to these lucky man.	-72.5	-72.5	-10.375	-10.375	False	False	morphology	determiner_noun_agreement	Write a natural, coherent English sentence.
711	5	A boy isn't talking about that red oasis.	A boy isn't talking about those red oasis.	-124.5	-124.5	-10.375	-10.375	False	False	morphology	determiner_noun_agreement	Write a natural, coherent English sentence.
712	5	Phillip bought those black feet.	Phillip bought that black feet.	-72.5	-72.5	-10.375	-10.375	False	False	morphology	determiner_noun_agreement	Write a natural, coherent English sentence.
713	5	Eric isn't buying those brown geese.	Eric isn't buying that brown geese.	-104.0	-104.0	-10.375	-10.375	False	False	morphology	determiner_noun_agreement	Write a natural, coherent English sentence.
714	5	Elaine remembers this delighted woman.	Elaine remembers these delighted woman.	-83.0	-83.0	-10.375	-10.375	False	False	morphology	determiner_noun_agreement	Write a natural, coherent English sentence.
715	5	This pedestrian arrives at that smooth oasis.	This pedestrian arrives at those smooth oasis.	-104.0	-104.0	-10.375	-10.375	False	False	morphology	determiner_noun_agreement	Write a natural, coherent English sentence.
716	5	Those men forget these smart men.	Those men forget this smart men.	-72.5	-72.5	-10.375	-10.375	False	False	morphology	determiner_noun_agreement	Write a natural, coherent English sentence.
717	5	Tara might alarm this unsure person.	Tara might alarm these unsure person.	-93.5	-93.5	-10.375	-10.375	False	False	morphology	determiner_noun_agreement	Write a natural, coherent English sentence.
718	5	Vanessa was healing those purple geese.	Vanessa was healing that purple geese.	-93.5	-93.5	-10.375	-10.375	False	False	morphology	determiner_noun_agreement	Write a natural, coherent English sentence.
719	5	Steven hasn't questioned those troubled people.	Steven hasn't questioned that troubled people.	-104.0	-104.0	-10.375	-10.375	False	False	morphology	determiner_noun_agreement	Write a natural, coherent English sentence.
720	5	Thomas hides this clever woman.	Thomas hides these clever woman.	-72.5	-72.5	-10.375	-10.375	False	False	morphology	determiner_noun_agreement	Write a natural, coherent English sentence.
721	5	Most eyes confuse these content alumni.	Most eyes confuse this content alumni.	-104.0	-104.0	-10.375	-10.375	False	False	morphology	determiner_noun_agreement	Write a natural, coherent English sentence.
722	5	That dog aggravates this busy child.	That dog aggravates these busy child.	-93.5	-93.5	-10.375	-10.375	False	False	morphology	determiner_noun_agreement	Write a natural, coherent English sentence.
723	5	Karen has attacked this popular child.	Karen has attacked these popular child.	-72.5	-72.5	-10.375	-10.375	False	False	morphology	determiner_noun_agreement	Write a natural, coherent English sentence.
724	5	Heidi might confuse those displeased men.	Heidi might confuse that displeased men.	-114.0	-114.0	-10.375	-10.375	False	False	morphology	determiner_noun_agreement	Write a natural, coherent English sentence.
725	5	Maria kisses this bad person.	Maria kisses these bad person.	-72.5	-72.5	-10.375	-10.375	False	False	morphology	determiner_noun_agreement	Write a natural, coherent English sentence.
726	5	Tanya passes this purple oasis.	Tanya passes these purple oasis.	-83.0	-83.0	-10.375	-10.375	False	False	morphology	determiner_noun_agreement	Write a natural, coherent English sentence.
727	5	Marla has respected those delighted alumni.	Marla has respected that delighted alumni.	-104.0	-104.0	-10.375	-10.375	False	False	morphology	determiner_noun_agreement	Write a natural, coherent English sentence.
728	5	Paula is investigating this employed alumnus.	Paula is investigating these employed alumnus.	-114.0	-114.0	-10.375	-10.375	False	False	morphology	determiner_noun_agreement	Write a natural, coherent English sentence.
729	5	Most chairs aren't disgusting those serious women.	Most chairs aren't disgusting that serious women.	-114.0	-114.0	-10.375	-10.375	False	False	morphology	determiner_noun_agreement	Write a natural, coherent English sentence.
730	5	Men hadn't run around this purple oasis.	Men hadn't run around these purple oasis.	-114.0	-114.0	-10.375	-10.375	False	False	morphology	determiner_noun_agreement	Write a natural, coherent English sentence.
731	5	Tina hadn't arrived at those green oases.	Tina hadn't arrived at that green oases.	-124.5	-124.5	-10.375	-10.375	False	False	morphology	determiner_noun_agreement	Write a natural, coherent English sentence.
732	5	Karla knew this busy alumnus.	Karla knew these busy alumnus.	-93.5	-93.5	-10.375	-10.375	False	False	morphology	determiner_noun_agreement	Write a natural, coherent English sentence.
733	5	The actors care for these exposed people.	The actors care for this exposed people.	-83.0	-83.0	-10.375	-10.375	False	False	morphology	determiner_noun_agreement	Write a natural, coherent English sentence.
734	5	Michelle might alarm this employed man.	Michelle might alarm these employed man.	-72.5	-72.5	-10.375	-10.375	False	False	morphology	determiner_noun_agreement	Write a natural, coherent English sentence.
735	5	Maria hasn't walked through these hard oases.	Maria hasn't walked through this hard oases.	-114.0	-114.0	-10.375	-10.375	False	False	morphology	determiner_noun_agreement	Write a natural, coherent English sentence.
736	5	That report might disagree with those delighted men.	That report might disagree with that delighted men.	-93.5	-93.5	-10.375	-10.375	False	False	morphology	determiner_noun_agreement	Write a natural, coherent English sentence.
737	5	Actresses discuss this popular person.	Actresses discuss these popular person.	-83.0	-83.0	-10.375	-10.375	False	False	morphology	determiner_noun_agreement	Write a natural, coherent English sentence.
738	5	Holly won't watch these unlucky men.	Holly won't watch this unlucky men.	-114.0	-114.0	-10.375	-10.375	False	False	morphology	determiner_noun_agreement	Write a natural, coherent English sentence.
739	5	Carl was driving to those blue oases.	Carl was driving to that blue oases.	-93.5	-93.5	-10.375	-10.375	False	False	morphology	determiner_noun_agreement	Write a natural, coherent English sentence.
740	5	Bill passes that rough oasis.	Bill passes those rough oasis.	-72.5	-72.5	-10.375	-10.375	False	False	morphology	determiner_noun_agreement	Write a natural, coherent English sentence.
741	5	All men praise this good thesis.	All men praise these good thesis.	-72.5	-72.5	-10.375	-10.375	False	False	morphology	determiner_noun_agreement	Write a natural, coherent English sentence.
742	5	Many doctors should escape from these hopeful women.	Many doctors should escape from this hopeful women.	-103.5	-103.5	-10.375	-10.375	False	False	morphology	determiner_noun_agreement	Write a natural, coherent English sentence.
743	5	Many girls find these nice men.	Many girls find this nice men.	-72.5	-72.5	-10.375	-10.375	False	False	morphology	determiner_noun_agreement	Write a natural, coherent English sentence.
744	5	Every museum helps those concealed children.	Every museum helps that concealed children.	-83.0	-83.0	-10.375	-10.375	False	False	morphology	determiner_noun_agreement	Write a natural, coherent English sentence.
745	5	Marla was distracting these determined people.	Marla was distracting this determined people.	-93.5	-93.5	-10.375	-10.375	False	False	morphology	determiner_noun_agreement	Write a natural, coherent English sentence.
746	5	Those computers might confuse this nice child.	Those computers might confuse these nice child.	-93.5	-93.5	-10.375	-10.375	False	False	morphology	determiner_noun_agreement	Write a natural, coherent English sentence.
747	5	Tanya hasn't loved that content woman.	Tanya hasn't loved those content woman.	-104.0	-104.0	-10.375	-10.375	False	False	morphology	determiner_noun_agreement	Write a natural, coherent English sentence.
748	5	Theresa won't conceal those lost lice.	Theresa won't conceal that lost lice.	-124.5	-124.5	-10.375	-10.375	False	False	morphology	determiner_noun_agreement	Write a natural, coherent English sentence.
749	5	The Borgias do cure these out in the open octopi.	The Borgias do cure this out in the open octopi.	-156.0	-156.0	-10.375	-10.375	False	False	morphology	determiner_noun_agreement	Write a natural, coherent English sentence.
750	5	Kenneth messed up those lost teeth.	Kenneth messed up that lost teeth.	-93.5	-93.5	-10.375	-10.375	False	False	morphology	determiner_noun_agreement	Write a natural, coherent English sentence.
751	5	Jodi doesn't alarm these unsure people.	Jodi doesn't alarm this unsure people.	-114.0	-114.0	-10.375	-10.375	False	False	morphology	determiner_noun_agreement	Write a natural, coherent English sentence.
752	5	This customer scans those good analyses.	This customer scans that good analyses.	-93.5	-93.5	-10.375	-10.375	False	False	morphology	determiner_noun_agreement	Write a natural, coherent English sentence.
753	5	Vincent can't watch this hopeful alumnus.	Vincent can't watch these hopeful alumnus.	-124.5	-124.5	-10.375	-10.375	False	False	morphology	determiner_noun_agreement	Write a natural, coherent English sentence.
754	5	Jodi talked to this unconvinced child.	Jodi talked to these unconvinced child.	-114.0	-114.0	-10.375	-10.375	False	False	morphology	determiner_noun_agreement	Write a natural, coherent English sentence.
755	5	Katherine exited these exposed oases.	Katherine exited this exposed oases.	-93.5	-93.5	-10.375	-10.375	False	False	morphology	determiner_noun_agreement	Write a natural, coherent English sentence.
756	5	Beverly hasn't brought these rough fungi.	Beverly hasn't brought this rough fungi.	-114.0	-114.0	-10.375	-10.375	False	False	morphology	determiner_noun_agreement	Write a natural, coherent English sentence.
757	5	That unicycle is boring those standing children.	That unicycle is boring that standing children.	-104.0	-104.0	-10.375	-10.375	False	False	morphology	determiner_noun_agreement	Write a natural, coherent English sentence.
758	5	That boy can't escape from those unsure children.	That boy can't escape from that unsure children.	-124.5	-124.5	-10.375	-10.375	False	False	morphology	determiner_noun_agreement	Write a natural, coherent English sentence.
759	5	An adult bought these black axes.	An adult bought this black axes.	-83.0	-83.0	-10.375	-10.375	False	False	morphology	determiner_noun_agreement	Write a natural, coherent English sentence.
760	5	Sara isn't kissing this nice woman.	Sara isn't kissing these nice woman.	-103.5	-103.5	-10.375	-10.375	False	False	morphology	determiner_noun_agreement	Write a natural, coherent English sentence.
761	5	Robert couldn't embarrass those scared people.	Robert couldn't embarrass that scared people.	-93.5	-93.5	-10.375	-10.375	False	False	morphology	determiner_noun_agreement	Write a natural, coherent English sentence.
762	5	Deborah had fled from that important woman.	Deborah had fled from those important woman.	-104.0	-104.0	-10.375	-10.375	False	False	morphology	determiner_noun_agreement	Write a natural, coherent English sentence.
763	5	Brenda discussed that serious woman.	Brenda discussed those serious woman.	-72.5	-72.5	-10.375	-10.375	False	False	morphology	determiner_noun_agreement	Write a natural, coherent English sentence.
764	5	Some women questioned that big woman.	Some women questioned those big woman.	-72.5	-72.5	-10.375	-10.375	False	False	morphology	determiner_noun_agreement	Write a natural, coherent English sentence.
765	5	Rodney didn't kiss those displeased women.	Rodney didn't kiss that displeased women.	-124.5	-124.5	-10.375	-10.375	False	False	morphology	determiner_noun_agreement	Write a natural, coherent English sentence.
766	5	Carrie can help those lost alumni.	Carrie can help that lost alumni.	-104.0	-104.0	-10.375	-10.375	False	False	morphology	determiner_noun_agreement	Write a natural, coherent English sentence.
767	5	Many guests approach this lucky man.	Many guests approach these lucky man.	-72.5	-72.5	-10.375	-10.375	False	False	morphology	determiner_noun_agreement	Write a natural, coherent English sentence.
768	5	Some student messes up that hard foot.	Some student messes up those hard foot.	-93.5	-93.5	-10.375	-10.375	False	False	morphology	determiner_noun_agreement	Write a natural, coherent English sentence.
769	5	Some men had skated around these hard oases.	Some men had skated around this hard oases.	-114.0	-114.0	-10.375	-10.375	False	False	morphology	determiner_noun_agreement	Write a natural, coherent English sentence.
770	5	Some light would annoy those happy alumni.	Some light would annoy that happy alumni.	-104.0	-104.0	-10.375	-10.375	False	False	morphology	determiner_noun_agreement	Write a natural, coherent English sentence.
771	5	Many casseroles shock these unconvinced men.	Many casseroles shock this unconvinced men.	-124.5	-124.5	-10.375	-10.375	False	False	morphology	determiner_noun_agreement	Write a natural, coherent English sentence.
772	5	Carl talks about those confident children.	Carl talks about that confident children.	-72.5	-72.5	-10.375	-10.375	False	False	morphology	determiner_noun_agreement	Write a natural, coherent English sentence.
773	5	Timothy was dropping by those new oases.	Timothy was dropping by that new oases.	-103.5	-103.5	-10.375	-10.375	False	False	morphology	determiner_noun_agreement	Write a natural, coherent English sentence.
774	5	Lori has approached these scared people.	Lori has approached this scared people.	-83.0	-83.0	-10.375	-10.375	False	False	morphology	determiner_noun_agreement	Write a natural, coherent English sentence.
775	5	Jodi wouldn't mess up those orange feet.	Jodi wouldn't mess up that orange feet.	-114.0	-114.0	-10.375	-10.375	False	False	morphology	determiner_noun_agreement	Write a natural, coherent English sentence.
776	5	This newspaper article will embarrass this determined child.	This newspaper article will embarrass these determined child.	-93.5	-93.5	-10.375	-10.375	False	False	morphology	determiner_noun_agreement	Write a natural, coherent English sentence.
777	5	A lot of guys conceal this long analysis.	A lot of guys conceal these long analysis.	-103.5	-103.5	-10.375	-10.375	False	False	morphology	determiner_noun_agreement	Write a natural, coherent English sentence.
778	5	Lawrence fired that serious woman.	Lawrence fired those serious woman.	-62.25	-62.25	-10.375	-10.375	False	False	morphology	determiner_noun_agreement	Write a natural, coherent English sentence.
779	5	This story didn't bore this serious man.	This story didn't bore these serious man.	-104.0	-104.0	-10.375	-10.375	False	False	morphology	determiner_noun_agreement	Write a natural, coherent English sentence.
780	5	Mary can't remember that clever person.	Mary can't remember those clever person.	-93.5	-93.5	-10.375	-10.375	False	False	morphology	determiner_noun_agreement	Write a natural, coherent English sentence.
781	5	Marie could listen to that big woman.	Marie could listen to those big woman.	-83.0	-83.0	-10.375	-10.375	False	False	morphology	determiner_noun_agreement	Write a natural, coherent English sentence.
782	5	Clyde had those exposed axes.	Clyde had that exposed axes.	-93.5	-93.5	-10.375	-10.375	False	False	morphology	determiner_noun_agreement	Write a natural, coherent English sentence.
783	5	Victoria has left these delighted men.	Victoria has left this delighted men.	-72.5	-72.5	-10.375	-10.375	False	False	morphology	determiner_noun_agreement	Write a natural, coherent English sentence.
784	5	The Impressionists disagree with those bad analyses.	The Impressionists disagree with that bad analyses.	-114.0	-114.0	-10.375	-10.375	False	False	morphology	determiner_noun_agreement	Write a natural, coherent English sentence.
785	5	Amy took that hidden fungus.	Amy took those hidden fungus.	-83.0	-83.0	-10.375	-10.375	False	False	morphology	determiner_noun_agreement	Write a natural, coherent English sentence.
786	5	Rose was fixing this hard foot.	Rose was fixing these hard foot.	-72.5	-72.5	-10.375	-10.375	False	False	morphology	determiner_noun_agreement	Write a natural, coherent English sentence.
787	5	Most dishes weren't astounding these scared men.	Most dishes weren't astounding this scared men.	-124.5	-124.5	-10.375	-10.375	False	False	morphology	determiner_noun_agreement	Write a natural, coherent English sentence.
788	5	The doctor sees those smooth cacti.	The doctor sees that smooth cacti.	-93.5	-93.5	-10.375	-10.375	False	False	morphology	determiner_noun_agreement	Write a natural, coherent English sentence.
789	5	Rodney hadn't cured these white octopi.	Rodney hadn't cured this white octopi.	-135.0	-135.0	-10.375	-10.375	False	False	morphology	determiner_noun_agreement	Write a natural, coherent English sentence.
790	5	This museum hadn't disgusted these troubled men.	This museum hadn't disgusted this troubled men.	-124.5	-124.5	-10.375	-10.375	False	False	morphology	determiner_noun_agreement	Write a natural, coherent English sentence.
791	5	Patrick complained about those scared men.	Patrick complained about that scared men.	-72.5	-72.5	-10.375	-10.375	False	False	morphology	determiner_noun_agreement	Write a natural, coherent English sentence.
792	5	Jacqueline should stun these determined alumni.	Jacqueline should stun this determined alumni.	-124.5	-124.5	-10.375	-10.375	False	False	morphology	determiner_noun_agreement	Write a natural, coherent English sentence.
793	5	All apples worry this serious man.	All apples worry these serious man.	-83.0	-83.0	-10.375	-10.375	False	False	morphology	determiner_noun_agreement	Write a natural, coherent English sentence.
794	5	The drawing isn't scaring that old child.	The drawing isn't scaring those old child.	-114.0	-114.0	-10.375	-10.375	False	False	morphology	determiner_noun_agreement	Write a natural, coherent English sentence.
795	5	Veronica questioned this uncertain woman.	Veronica questioned these uncertain woman.	-83.0	-83.0	-10.375	-10.375	False	False	morphology	determiner_noun_agreement	Write a natural, coherent English sentence.
796	5	Vanessa hadn't known this determined alumnus.	Vanessa hadn't known these determined alumnus.	-124.5	-124.5	-10.375	-10.375	False	False	morphology	determiner_noun_agreement	Write a natural, coherent English sentence.
797	5	Cynthia hadn't kissed this unemployed man.	Cynthia hadn't kissed these unemployed man.	-135.0	-135.0	-10.375	-10.375	False	False	morphology	determiner_noun_agreement	Write a natural, coherent English sentence.
798	5	These companies irritate that exposed woman.	These companies irritate those exposed woman.	-83.0	-83.0	-10.375	-10.375	False	False	morphology	determiner_noun_agreement	Write a natural, coherent English sentence.
799	5	This dancer wasn't biking to this orange oasis.	This dancer wasn't biking to these orange oasis.	-145.0	-145.0	-10.375	-10.375	False	False	morphology	determiner_noun_agreement	Write a natural, coherent English sentence.
800	5	Those legislatures could disturb this upset alumnus.	Those legislatures could disturb these upset alumnus.	-114.0	-114.0	-10.375	-10.375	False	False	morphology	determiner_noun_agreement	Write a natural, coherent English sentence.
801	5	Some adult hasn't hidden these ill men.	Some adult hasn't hidden this ill men.	-104.0	-104.0	-10.375	-10.375	False	False	morphology	determiner_noun_agreement	Write a natural, coherent English sentence.
802	5	A cashier should insult these hidden children.	A cashier should insult this hidden children.	-93.5	-93.5	-10.375	-10.375	False	False	morphology	determiner_noun_agreement	Write a natural, coherent English sentence.
803	5	Danielle could annoy that confident man.	Danielle could annoy those confident man.	-83.0	-83.0	-10.375	-10.375	False	False	morphology	determiner_noun_agreement	Write a natural, coherent English sentence.
804	5	These teachers lift this exposed goose.	These teachers lift these exposed goose.	-83.0	-83.0	-10.375	-10.375	False	False	morphology	determiner_noun_agreement	Write a natural, coherent English sentence.
805	5	Christina drove to that exposed oasis.	Christina drove to those exposed oasis.	-93.5	-93.5	-10.375	-10.375	False	False	morphology	determiner_noun_agreement	Write a natural, coherent English sentence.
806	5	Jesus hadn't sounded like these hidden people.	Jesus hadn't sounded like this hidden people.	-104.0	-104.0	-10.375	-10.375	False	False	morphology	determiner_noun_agreement	Write a natural, coherent English sentence.
807	5	Many mushrooms irritate that upset man.	Many mushrooms irritate those upset man.	-93.5	-93.5	-10.375	-10.375	False	False	morphology	determiner_noun_agreement	Write a natural, coherent English sentence.
808	5	Some committee bought those white lice.	Some committee bought that white lice.	-83.0	-83.0	-10.375	-10.375	False	False	morphology	determiner_noun_agreement	Write a natural, coherent English sentence.
809	5	Daniel hasn't known this determined man.	Daniel hasn't known these determined man.	-93.5	-93.5	-10.375	-10.375	False	False	morphology	determiner_noun_agreement	Write a natural, coherent English sentence.
810	5	Art hadn't scared these serious alumni.	Art hadn't scared this serious alumni.	-114.0	-114.0	-10.375	-10.375	False	False	morphology	determiner_noun_agreement	Write a natural, coherent English sentence.
811	5	Alice fires this unconvinced child.	Alice fires these unconvinced child.	-93.5	-93.5	-10.375	-10.375	False	False	morphology	determiner_noun_agreement	Write a natural, coherent English sentence.
812	5	Melanie hid that exposed tooth.	Melanie hid those exposed tooth.	-72.5	-72.5	-10.375	-10.375	False	False	morphology	determiner_noun_agreement	Write a natural, coherent English sentence.
813	5	Most hamsters find that red tooth.	Most hamsters find those red tooth.	-83.0	-83.0	-10.375	-10.375	False	False	morphology	determiner_noun_agreement	Write a natural, coherent English sentence.
814	5	Those children explore those small oases.	Those children explore that small oases.	-83.0	-83.0	-10.375	-10.375	False	False	morphology	determiner_noun_agreement	Write a natural, coherent English sentence.
815	5	Most museums listen to this troubled man.	Most museums listen to these troubled man.	-104.0	-104.0	-10.375	-10.375	False	False	morphology	determiner_noun_agreement	Write a natural, coherent English sentence.
816	5	Patrick embarrassed this unemployed person.	Patrick embarrassed these unemployed person.	-72.5	-72.5	-10.375	-10.375	False	False	morphology	determiner_noun_agreement	Write a natural, coherent English sentence.
817	5	A lot of icicles had alarmed that hidden woman.	A lot of icicles had alarmed those hidden woman.	-124.5	-124.5	-10.375	-10.375	False	False	morphology	determiner_noun_agreement	Write a natural, coherent English sentence.
818	5	Matt hadn't impressed this exposed child.	Matt hadn't impressed these exposed child.	-93.5	-93.5	-10.375	-10.375	False	False	morphology	determiner_noun_agreement	Write a natural, coherent English sentence.
819	5	Eric might see those new feet.	Eric might see that new feet.	-72.5	-72.5	-10.375	-10.375	False	False	morphology	determiner_noun_agreement	Write a natural, coherent English sentence.
820	5	Some turtle can confuse this old alumnus.	Some turtle can confuse these old alumnus.	-135.0	-135.0	-10.375	-10.375	False	False	morphology	determiner_noun_agreement	Write a natural, coherent English sentence.
821	5	Most guests explore these smooth oases.	Most guests explore this smooth oases.	-83.0	-83.0	-10.375	-10.375	False	False	morphology	determiner_noun_agreement	Write a natural, coherent English sentence.
822	5	Brian has praised that happy alumnus.	Brian has praised those happy alumnus.	-93.5	-93.5	-10.375	-10.375	False	False	morphology	determiner_noun_agreement	Write a natural, coherent English sentence.
823	5	Karen sees these ill lice.	Karen sees this ill lice.	-72.5	-72.5	-10.375	-10.375	False	False	morphology	determiner_noun_agreement	Write a natural, coherent English sentence.
824	5	Alicia doesn't observe this confident alumnus.	Alicia doesn't observe these confident alumnus.	-135.0	-135.0	-10.375	-10.375	False	False	morphology	determiner_noun_agreement	Write a natural, coherent English sentence.
825	5	That horse does find this lost octopus.	That horse does find these lost octopus.	-104.0	-104.0	-10.375	-10.375	False	False	morphology	determiner_noun_agreement	Write a natural, coherent English sentence.
826	5	Those customers haven't annoyed those delighted children.	Those customers haven't annoyed that delighted children.	-114.0	-114.0	-10.375	-10.375	False	False	morphology	determiner_noun_agreement	Write a natural, coherent English sentence.
827	5	The Great Lakes confused these hidden women.	The Great Lakes confused this hidden women.	-93.5	-93.5	-10.375	-10.375	False	False	morphology	determiner_noun_agreement	Write a natural, coherent English sentence.
828	5	Russell watches these unsure women.	Russell watches this unsure women.	-72.5	-72.5	-10.375	-10.375	False	False	morphology	determiner_noun_agreement	Write a natural, coherent English sentence.
829	5	Jacqueline has concealed these long synopses.	Jacqueline has concealed this long synopses.	-124.5	-124.5	-10.375	-10.375	False	False	morphology	determiner_noun_agreement	Write a natural, coherent English sentence.
830	5	Carrie isn't hiring this small woman.	Carrie isn't hiring these small woman.	-104.0	-104.0	-10.375	-10.375	False	False	morphology	determiner_noun_agreement	Write a natural, coherent English sentence.
831	5	Charles doesn't admire these big mice.	Charles doesn't admire this big mice.	-114.0	-114.0	-10.375	-10.375	False	False	morphology	determiner_noun_agreement	Write a natural, coherent English sentence.
832	5	The Impressionists might think about that white thesis.	The Impressionists might think about those white thesis.	-114.0	-114.0	-10.375	-10.375	False	False	morphology	determiner_noun_agreement	Write a natural, coherent English sentence.
833	5	Most men question those bad people.	Most men question that bad people.	-72.5	-72.5	-10.375	-10.375	False	False	morphology	determiner_noun_agreement	Write a natural, coherent English sentence.
834	5	Lissa hasn't left this upset woman.	Lissa hasn't left these upset woman.	-104.0	-104.0	-10.375	-10.375	False	False	morphology	determiner_noun_agreement	Write a natural, coherent English sentence.
835	5	Janice won't fire that determined child.	Janice won't fire those determined child.	-104.0	-104.0	-10.375	-10.375	False	False	morphology	determiner_noun_agreement	Write a natural, coherent English sentence.
836	5	This company criticized this lucky man.	This company criticized these lucky man.	-83.0	-83.0	-10.375	-10.375	False	False	morphology	determiner_noun_agreement	Write a natural, coherent English sentence.
837	5	The banks hurt that excited woman.	The banks hurt those excited woman.	-72.5	-72.5	-10.375	-10.375	False	False	morphology	determiner_noun_agreement	Write a natural, coherent English sentence.
838	5	Peter wasn't walking through those red oases.	Peter wasn't walking through that red oases.	-114.0	-114.0	-10.375	-10.375	False	False	morphology	determiner_noun_agreement	Write a natural, coherent English sentence.
839	5	Rebecca wasn't referencing this long synopsis.	Rebecca wasn't referencing these long synopsis.	-114.0	-114.0	-10.375	-10.375	False	False	morphology	determiner_noun_agreement	Write a natural, coherent English sentence.
840	5	Naomi notices this smooth octopus.	Naomi notices these smooth octopus.	-103.5	-103.5	-10.375	-10.375	False	False	morphology	determiner_noun_agreement	Write a natural, coherent English sentence.
841	5	Patrick conceals this hard stimulus.	Patrick conceals these hard stimulus.	-83.0	-83.0	-10.375	-10.375	False	False	morphology	determiner_noun_agreement	Write a natural, coherent English sentence.
842	5	Candice shouldn't bring those smooth feet.	Candice shouldn't bring that smooth feet.	-104.0	-104.0	-10.375	-10.375	False	False	morphology	determiner_noun_agreement	Write a natural, coherent English sentence.
843	5	All books sound like those content women.	All books sound like that content women.	-83.0	-83.0	-10.375	-10.375	False	False	morphology	determiner_noun_agreement	Write a natural, coherent English sentence.
844	5	Bethany hasn't arrived at this white oasis.	Bethany hasn't arrived at these white oasis.	-124.5	-124.5	-10.375	-10.375	False	False	morphology	determiner_noun_agreement	Write a natural, coherent English sentence.
845	5	Steve reveals these unemployed alumni.	Steve reveals this unemployed alumni.	-93.5	-93.5	-10.375	-10.375	False	False	morphology	determiner_noun_agreement	Write a natural, coherent English sentence.
846	5	Sonia was upsetting that ill woman.	Sonia was upsetting those ill woman.	-93.5	-93.5	-10.375	-10.375	False	False	morphology	determiner_noun_agreement	Write a natural, coherent English sentence.
847	5	Keith wasn't boring these delighted men.	Keith wasn't boring this delighted men.	-93.5	-93.5	-10.375	-10.375	False	False	morphology	determiner_noun_agreement	Write a natural, coherent English sentence.
848	5	The Borgias admire these hard mice.	The Borgias admire this hard mice.	-114.0	-114.0	-10.375	-10.375	False	False	morphology	determiner_noun_agreement	Write a natural, coherent English sentence.
849	5	These drivers had forgotten this good analysis.	These drivers had forgotten these good analysis.	-83.0	-83.0	-10.375	-10.375	False	False	morphology	determiner_noun_agreement	Write a natural, coherent English sentence.
850	5	Helen skates around this blue oasis.	Helen skates around these blue oasis.	-93.5	-93.5	-10.375	-10.375	False	False	morphology	determiner_noun_agreement	Write a natural, coherent English sentence.
851	5	Galileo found that smooth stimulus.	Galileo found those smooth stimulus.	-93.5	-93.5	-10.375	-10.375	False	False	morphology	determiner_noun_agreement	Write a natural, coherent English sentence.
852	5	Kimberley isn't curing these small octopi.	Kimberley isn't curing this small octopi.	-145.0	-145.0	-10.375	-10.375	False	False	morphology	determiner_noun_agreement	Write a natural, coherent English sentence.
853	5	Debra didn't conceal these popular men.	Debra didn't conceal this popular men.	-114.0	-114.0	-10.375	-10.375	False	False	morphology	determiner_noun_agreement	Write a natural, coherent English sentence.
854	5	A lot of doctors hug these scared children.	A lot of doctors hug this scared children.	-93.5	-93.5	-10.375	-10.375	False	False	morphology	determiner_noun_agreement	Write a natural, coherent English sentence.
855	5	Those pedestrians weren't fleeing from these concealed men.	Those pedestrians weren't fleeing from this concealed men.	-156.0	-156.0	-10.375	-10.375	False	False	morphology	determiner_noun_agreement	Write a natural, coherent English sentence.
856	5	Those children find that exposed thesis.	Those children find those exposed thesis.	-72.5	-72.5	-10.375	-10.375	False	False	morphology	determiner_noun_agreement	Write a natural, coherent English sentence.
857	5	Debra admires these blue octopi.	Debra admires this blue octopi.	-103.5	-103.5	-10.375	-10.375	False	False	morphology	determiner_noun_agreement	Write a natural, coherent English sentence.
858	5	Bruce wasn't approaching that clever alumnus.	Bruce wasn't approaching those clever alumnus.	-114.0	-114.0	-10.375	-10.375	False	False	morphology	determiner_noun_agreement	Write a natural, coherent English sentence.
859	5	Lawrence isn't questioning that nice woman.	Lawrence isn't questioning those nice woman.	-93.5	-93.5	-10.375	-10.375	False	False	morphology	determiner_noun_agreement	Write a natural, coherent English sentence.
860	5	Some waitresses have this big octopus.	Some waitresses have these big octopus.	-114.0	-114.0	-10.375	-10.375	False	False	morphology	determiner_noun_agreement	Write a natural, coherent English sentence.
861	5	Carolyn had embarrassed that busy alumnus.	Carolyn had embarrassed those busy alumnus.	-104.0	-104.0	-10.375	-10.375	False	False	morphology	determiner_noun_agreement	Write a natural, coherent English sentence.
862	5	Jeffrey aggravated that smart man.	Jeffrey aggravated those smart man.	-93.5	-93.5	-10.375	-10.375	False	False	morphology	determiner_noun_agreement	Write a natural, coherent English sentence.
863	5	Guy messed up this yellow foot.	Guy messed up these yellow foot.	-83.0	-83.0	-10.375	-10.375	False	False	morphology	determiner_noun_agreement	Write a natural, coherent English sentence.
864	5	Every book is embarrassing this small woman.	Every book is embarrassing these small woman.	-93.5	-93.5	-10.375	-10.375	False	False	morphology	determiner_noun_agreement	Write a natural, coherent English sentence.
865	5	These associations were talking about these scared women.	These associations were talking about this scared women.	-93.5	-93.5	-10.375	-10.375	False	False	morphology	determiner_noun_agreement	Write a natural, coherent English sentence.
866	5	Todd disturbs this upset child.	Todd disturbs these upset child.	-83.0	-83.0	-10.375	-10.375	False	False	morphology	determiner_noun_agreement	Write a natural, coherent English sentence.
867	5	That window alarms these exposed women.	That window alarms this exposed women.	-83.0	-83.0	-10.375	-10.375	False	False	morphology	determiner_noun_agreement	Write a natural, coherent English sentence.
868	5	A window upsets these upset men.	A window upsets this upset men.	-83.0	-83.0	-10.375	-10.375	False	False	morphology	determiner_noun_agreement	Write a natural, coherent English sentence.
869	5	Monet is fixing that brown foot.	Monet is fixing those brown foot.	-83.0	-83.0	-10.375	-10.375	False	False	morphology	determiner_noun_agreement	Write a natural, coherent English sentence.
870	5	Adam left these big alumni.	Adam left this big alumni.	-83.0	-83.0	-10.375	-10.375	False	False	morphology	determiner_noun_agreement	Write a natural, coherent English sentence.
871	5	Stacy can exit that big oasis.	Stacy can exit those big oasis.	-93.5	-93.5	-10.375	-10.375	False	False	morphology	determiner_noun_agreement	Write a natural, coherent English sentence.
872	5	Roger was returning to those happy alumni.	Roger was returning to that happy alumni.	-104.0	-104.0	-10.375	-10.375	False	False	morphology	determiner_noun_agreement	Write a natural, coherent English sentence.
873	5	Dana isn't investigating this ill woman.	Dana isn't investigating these ill woman.	-114.0	-114.0	-10.375	-10.375	False	False	morphology	determiner_noun_agreement	Write a natural, coherent English sentence.
874	5	Tammy has those yellow axes.	Tammy has that yellow axes.	-83.0	-83.0	-10.375	-10.375	False	False	morphology	determiner_noun_agreement	Write a natural, coherent English sentence.
875	5	Marla leaves those employed children.	Marla leaves that employed children.	-72.5	-72.5	-10.375	-10.375	False	False	morphology	determiner_noun_agreement	Write a natural, coherent English sentence.
876	5	Sarah referenced that ill child.	Sarah referenced those ill child.	-72.5	-72.5	-10.375	-10.375	False	False	morphology	determiner_noun_agreement	Write a natural, coherent English sentence.
877	5	Edward complained about this serious child.	Edward complained about these serious child.	-72.5	-72.5	-10.375	-10.375	False	False	morphology	determiner_noun_agreement	Write a natural, coherent English sentence.
878	5	Carolyn healed those bad women.	Carolyn healed that bad women.	-83.0	-83.0	-10.375	-10.375	False	False	morphology	determiner_noun_agreement	Write a natural, coherent English sentence.
879	5	The waitresses fired those upset alumni.	The waitresses fired that upset alumni.	-114.0	-114.0	-10.375	-10.375	False	False	morphology	determiner_noun_agreement	Write a natural, coherent English sentence.
880	5	Every driver dropped by that old oasis.	Every driver dropped by those old oasis.	-93.5	-93.5	-10.375	-10.375	False	False	morphology	determiner_noun_agreement	Write a natural, coherent English sentence.
881	5	William hadn't hugged these hopeful alumni.	William hadn't hugged this hopeful alumni.	-135.0	-135.0	-10.375	-10.375	False	False	morphology	determiner_noun_agreement	Write a natural, coherent English sentence.
882	5	The Lutherans had messed up those lost feet.	The Lutherans had messed up that lost feet.	-114.0	-114.0	-10.375	-10.375	False	False	morphology	determiner_noun_agreement	Write a natural, coherent English sentence.
883	5	Florence hasn't confused those standing men.	Florence hasn't confused that standing men.	-93.5	-93.5	-10.375	-10.375	False	False	morphology	determiner_noun_agreement	Write a natural, coherent English sentence.
884	5	Some convertible upset this upset woman.	Some convertible upset these upset woman.	-83.0	-83.0	-10.375	-10.375	False	False	morphology	determiner_noun_agreement	Write a natural, coherent English sentence.
885	5	Rebecca saw this hidden foot.	Rebecca saw these hidden foot.	-62.25	-62.25	-10.375	-10.375	False	False	morphology	determiner_noun_agreement	Write a natural, coherent English sentence.
886	5	Derek returned to these content men.	Derek returned to this content men.	-83.0	-83.0	-10.375	-10.375	False	False	morphology	determiner_noun_agreement	Write a natural, coherent English sentence.
887	5	Those teachers love those hidden women.	Those teachers love that hidden women.	-72.5	-72.5	-10.375	-10.375	False	False	morphology	determiner_noun_agreement	Write a natural, coherent English sentence.
888	5	Jennifer worried those ill men.	Jennifer worried that ill men.	-62.25	-62.25	-10.375	-10.375	False	False	morphology	determiner_noun_agreement	Write a natural, coherent English sentence.
889	5	A chair was stunning this big man.	A chair was stunning these big man.	-83.0	-83.0	-10.375	-10.375	False	False	morphology	determiner_noun_agreement	Write a natural, coherent English sentence.
890	5	Paintings looked like that gray thesis.	Paintings looked like those gray thesis.	-93.5	-93.5	-10.375	-10.375	False	False	morphology	determiner_noun_agreement	Write a natural, coherent English sentence.
891	5	Karla toured this rough oasis.	Karla toured these rough oasis.	-93.5	-93.5	-10.375	-10.375	False	False	morphology	determiner_noun_agreement	Write a natural, coherent English sentence.
892	5	Walter couldn't boycott those hidden oases.	Walter couldn't boycott that hidden oases.	-114.0	-114.0	-10.375	-10.375	False	False	morphology	determiner_noun_agreement	Write a natural, coherent English sentence.
893	5	Donald has worried this smart man.	Donald has worried these smart man.	-72.5	-72.5	-10.375	-10.375	False	False	morphology	determiner_noun_agreement	Write a natural, coherent English sentence.
894	5	Catherine has boycotted those gray oases.	Catherine has boycotted that gray oases.	-104.0	-104.0	-10.375	-10.375	False	False	morphology	determiner_noun_agreement	Write a natural, coherent English sentence.
895	5	Nicole toured those yellow oases.	Nicole toured that yellow oases.	-83.0	-83.0	-10.375	-10.375	False	False	morphology	determiner_noun_agreement	Write a natural, coherent English sentence.
896	5	Barbara praises that young woman.	Barbara praises those young woman.	-72.5	-72.5	-10.375	-10.375	False	False	morphology	determiner_noun_agreement	Write a natural, coherent English sentence.
897	5	The apple aggravates those hopeful children.	The apple aggravates that hopeful children.	-103.5	-103.5	-10.375	-10.375	False	False	morphology	determiner_noun_agreement	Write a natural, coherent English sentence.
898	5	All photographs could look like this big fungus.	All photographs could look like these big fungus.	-114.0	-114.0	-10.375	-10.375	False	False	morphology	determiner_noun_agreement	Write a natural, coherent English sentence.
899	5	Guys should talk about that good synopsis.	Guys should talk about those good synopsis.	-103.5	-103.5	-10.375	-10.375	False	False	morphology	determiner_noun_agreement	Write a natural, coherent English sentence.
900	5	Tracy discovered this concealed alumnus.	Tracy discovered these concealed alumnus.	-104.0	-104.0	-10.375	-10.375	False	False	morphology	determiner_noun_agreement	Write a natural, coherent English sentence.
901	5	All actresses are helping this troubled man.	All actresses are helping these troubled man.	-103.5	-103.5	-10.375	-10.375	False	False	morphology	determiner_noun_agreement	Write a natural, coherent English sentence.
902	5	Douglas isn't revealing this dirty foot.	Douglas isn't revealing these dirty foot.	-93.5	-93.5	-10.375	-10.375	False	False	morphology	determiner_noun_agreement	Write a natural, coherent English sentence.
903	5	Most senators confuse that standing child.	Most senators confuse those standing child.	-93.5	-93.5	-10.375	-10.375	False	False	morphology	determiner_noun_agreement	Write a natural, coherent English sentence.
904	5	Those doctors embarrass that upset woman.	Those doctors embarrass those upset woman.	-72.5	-72.5	-10.375	-10.375	False	False	morphology	determiner_noun_agreement	Write a natural, coherent English sentence.
905	5	A lot of customers were healing those sick men.	A lot of customers were healing that sick men.	-103.5	-103.5	-10.375	-10.375	False	False	morphology	determiner_noun_agreement	Write a natural, coherent English sentence.
906	5	Sabrina does conceal these old alumni.	Sabrina does conceal this old alumni.	-124.5	-124.5	-10.375	-10.375	False	False	morphology	determiner_noun_agreement	Write a natural, coherent English sentence.
907	5	Many girls can't observe those young alumni.	Many girls can't observe that young alumni.	-124.5	-124.5	-10.375	-10.375	False	False	morphology	determiner_noun_agreement	Write a natural, coherent English sentence.
908	5	The actresses hire that lucky man.	The actresses hire those lucky man.	-83.0	-83.0	-10.375	-10.375	False	False	morphology	determiner_noun_agreement	Write a natural, coherent English sentence.
909	5	Andrea is firing that scared child.	Andrea is firing those scared child.	-72.5	-72.5	-10.375	-10.375	False	False	morphology	determiner_noun_agreement	Write a natural, coherent English sentence.
910	5	That dancer scanned that bad synopsis.	That dancer scanned those bad synopsis.	-104.0	-104.0	-10.375	-10.375	False	False	morphology	determiner_noun_agreement	Write a natural, coherent English sentence.
911	5	Daniel breaks these dirty teeth.	Daniel breaks this dirty teeth.	-62.25	-62.25	-10.375	-10.375	False	False	morphology	determiner_noun_agreement	Write a natural, coherent English sentence.
912	5	Students had messed up those purple teeth.	Students had messed up that purple teeth.	-93.5	-93.5	-10.375	-10.375	False	False	morphology	determiner_noun_agreement	Write a natural, coherent English sentence.
913	5	Becky boycotted those old oases.	Becky boycotted that old oases.	-104.0	-104.0	-10.375	-10.375	False	False	morphology	determiner_noun_agreement	Write a natural, coherent English sentence.
914	5	Florence talks to those good women.	Florence talks to that good women.	-72.5	-72.5	-10.375	-10.375	False	False	morphology	determiner_noun_agreement	Write a natural, coherent English sentence.
915	5	Carmen won't break this big foot.	Carmen won't break these big foot.	-104.0	-104.0	-10.375	-10.375	False	False	morphology	determiner_noun_agreement	Write a natural, coherent English sentence.
916	5	Stephen fired those employed men.	Stephen fired that employed men.	-62.25	-62.25	-10.375	-10.375	False	False	morphology	determiner_noun_agreement	Write a natural, coherent English sentence.
917	5	Many governments confuse this sick woman.	Many governments confuse these sick woman.	-83.0	-83.0	-10.375	-10.375	False	False	morphology	determiner_noun_agreement	Write a natural, coherent English sentence.
918	5	Heidi healed this troubled child.	Heidi healed these troubled child.	-93.5	-93.5	-10.375	-10.375	False	False	morphology	determiner_noun_agreement	Write a natural, coherent English sentence.
919	5	Daniel questions these employed alumni.	Daniel questions this employed alumni.	-83.0	-83.0	-10.375	-10.375	False	False	morphology	determiner_noun_agreement	Write a natural, coherent English sentence.
920	5	People admire these yellow oxen.	People admire this yellow oxen.	-83.0	-83.0	-10.375	-10.375	False	False	morphology	determiner_noun_agreement	Write a natural, coherent English sentence.
921	5	Those adults embarrasses this displeased woman.	Those adults embarrasses these displeased woman.	-104.0	-104.0	-10.375	-10.375	False	False	morphology	determiner_noun_agreement	Write a natural, coherent English sentence.
922	5	Winston Churchill notices these big nuclei.	Winston Churchill notices this big nuclei.	-114.0	-114.0	-10.375	-10.375	False	False	morphology	determiner_noun_agreement	Write a natural, coherent English sentence.
923	5	All women hide those concealed nuclei.	All women hide that concealed nuclei.	-93.5	-93.5	-10.375	-10.375	False	False	morphology	determiner_noun_agreement	Write a natural, coherent English sentence.
924	5	Charles was escaping from those lucky men.	Charles was escaping from that lucky men.	-93.5	-93.5	-10.375	-10.375	False	False	morphology	determiner_noun_agreement	Write a natural, coherent English sentence.
925	5	Paul doesn't insult this happy woman.	Paul doesn't insult these happy woman.	-93.5	-93.5	-10.375	-10.375	False	False	morphology	determiner_noun_agreement	Write a natural, coherent English sentence.
926	5	Galileo isn't scanning this brown thesis.	Galileo isn't scanning these brown thesis.	-124.5	-124.5	-10.375	-10.375	False	False	morphology	determiner_noun_agreement	Write a natural, coherent English sentence.
927	5	The newspaper article doesn't annoy that exposed man.	The newspaper article doesn't annoy those exposed man.	-114.0	-114.0	-10.375	-10.375	False	False	morphology	determiner_noun_agreement	Write a natural, coherent English sentence.
928	5	Carmen noticed these gray cacti.	Carmen noticed this gray cacti.	-93.5	-93.5	-10.375	-10.375	False	False	morphology	determiner_noun_agreement	Write a natural, coherent English sentence.
929	5	Teresa approaches this upset man.	Teresa approaches these upset man.	-72.5	-72.5	-10.375	-10.375	False	False	morphology	determiner_noun_agreement	Write a natural, coherent English sentence.
930	5	April was revealing this hidden woman.	April was revealing these hidden woman.	-72.5	-72.5	-10.375	-10.375	False	False	morphology	determiner_noun_agreement	Write a natural, coherent English sentence.
931	5	Michael has loved these scared men.	Michael has loved this scared men.	-72.5	-72.5	-10.375	-10.375	False	False	morphology	determiner_noun_agreement	Write a natural, coherent English sentence.
932	5	Joseph hadn't bought those hard lice.	Joseph hadn't bought that hard lice.	-104.0	-104.0	-10.375	-10.375	False	False	morphology	determiner_noun_agreement	Write a natural, coherent English sentence.
933	5	Larry did drive to this out in the open oasis.	Larry did drive to these out in the open oasis.	-124.5	-124.5	-10.375	-10.375	False	False	morphology	determiner_noun_agreement	Write a natural, coherent English sentence.
934	5	Lisa hasn't driven to that new oasis.	Lisa hasn't driven to those new oasis.	-114.0	-114.0	-10.375	-10.375	False	False	morphology	determiner_noun_agreement	Write a natural, coherent English sentence.
935	5	Steve scanned this good synopsis.	Steve scanned these good synopsis.	-83.0	-83.0	-10.375	-10.375	False	False	morphology	determiner_noun_agreement	Write a natural, coherent English sentence.
936	5	The Lutherans care for those hopeful men.	The Lutherans care for that hopeful men.	-103.5	-103.5	-10.375	-10.375	False	False	morphology	determiner_noun_agreement	Write a natural, coherent English sentence.
937	5	Christine bikes to these orange oases.	Christine bikes to this orange oases.	-104.0	-104.0	-10.375	-10.375	False	False	morphology	determiner_noun_agreement	Write a natural, coherent English sentence.
938	5	Most actors distracted this popular woman.	Most actors distracted these popular woman.	-83.0	-83.0	-10.375	-10.375	False	False	morphology	determiner_noun_agreement	Write a natural, coherent English sentence.
939	5	Emily should observe those displeased men.	Emily should observe that displeased men.	-93.5	-93.5	-10.375	-10.375	False	False	morphology	determiner_noun_agreement	Write a natural, coherent English sentence.
940	5	The drivers do sell this green thesis.	The drivers do sell these green thesis.	-83.0	-83.0	-10.375	-10.375	False	False	morphology	determiner_noun_agreement	Write a natural, coherent English sentence.
941	5	Most drivers love these unemployed men.	Most drivers love this unemployed men.	-83.0	-83.0	-10.375	-10.375	False	False	morphology	determiner_noun_agreement	Write a natural, coherent English sentence.
942	5	Those doctors care for this hopeful man.	Those doctors care for these hopeful man.	-93.5	-93.5	-10.375	-10.375	False	False	morphology	determiner_noun_agreement	Write a natural, coherent English sentence.
943	5	Brad kisses that displeased man.	Brad kisses those displeased man.	-93.5	-93.5	-10.375	-10.375	False	False	morphology	determiner_noun_agreement	Write a natural, coherent English sentence.
944	5	Danielle had argued about those troubled men.	Danielle had argued about that troubled men.	-104.0	-104.0	-10.375	-10.375	False	False	morphology	determiner_noun_agreement	Write a natural, coherent English sentence.
945	5	An actor is disgusting those unsure men.	An actor is disgusting that unsure men.	-104.0	-104.0	-10.375	-10.375	False	False	morphology	determiner_noun_agreement	Write a natural, coherent English sentence.
946	5	Galileo didn't hurt those displeased children.	Galileo didn't hurt that displeased children.	-135.0	-135.0	-10.375	-10.375	False	False	morphology	determiner_noun_agreement	Write a natural, coherent English sentence.
947	5	Omar messed up these small teeth.	Omar messed up this small teeth.	-93.5	-93.5	-10.375	-10.375	False	False	morphology	determiner_noun_agreement	Write a natural, coherent English sentence.
948	5	Carmen will watch this smart person.	Carmen will watch these smart person.	-83.0	-83.0	-10.375	-10.375	False	False	morphology	determiner_noun_agreement	Write a natural, coherent English sentence.
949	5	Jeffrey hid that unlucky child.	Jeffrey hid those unlucky child.	-93.5	-93.5	-10.375	-10.375	False	False	morphology	determiner_noun_agreement	Write a natural, coherent English sentence.
950	5	Every plane bothers this upset child.	Every plane bothers these upset child.	-83.0	-83.0	-10.375	-10.375	False	False	morphology	determiner_noun_agreement	Write a natural, coherent English sentence.
951	5	A lot of hospitals have those blue teeth.	A lot of hospitals have that blue teeth.	-93.5	-93.5	-10.375	-10.375	False	False	morphology	determiner_noun_agreement	Write a natural, coherent English sentence.
952	5	Nancy wasn't disturbing that clever man.	Nancy wasn't disturbing those clever man.	-103.5	-103.5	-10.375	-10.375	False	False	morphology	determiner_noun_agreement	Write a natural, coherent English sentence.
953	5	These ladies bought that white tooth.	These ladies bought those white tooth.	-72.5	-72.5	-10.375	-10.375	False	False	morphology	determiner_noun_agreement	Write a natural, coherent English sentence.
954	5	Every skirt annoys that confident person.	Every skirt annoys those confident person.	-93.5	-93.5	-10.375	-10.375	False	False	morphology	determiner_noun_agreement	Write a natural, coherent English sentence.
955	5	These actors weren't biking to these red oases.	These actors weren't biking to this red oases.	-135.0	-135.0	-10.375	-10.375	False	False	morphology	determiner_noun_agreement	Write a natural, coherent English sentence.
956	5	Carmen has described those confident people.	Carmen has described that confident people.	-83.0	-83.0	-10.375	-10.375	False	False	morphology	determiner_noun_agreement	Write a natural, coherent English sentence.
957	5	All legislatures criticize that brown oasis.	All legislatures criticize those brown oasis.	-104.0	-104.0	-10.375	-10.375	False	False	morphology	determiner_noun_agreement	Write a natural, coherent English sentence.
958	5	Paula works with that clever person.	Paula works with those clever person.	-83.0	-83.0	-10.375	-10.375	False	False	morphology	determiner_noun_agreement	Write a natural, coherent English sentence.
959	5	Benjamin respects those confident children.	Benjamin respects that confident children.	-72.5	-72.5	-10.375	-10.375	False	False	morphology	determiner_noun_agreement	Write a natural, coherent English sentence.
960	5	Mitchell attacked these unsure alumni.	Mitchell attacked this unsure alumni.	-93.5	-93.5	-10.375	-10.375	False	False	morphology	determiner_noun_agreement	Write a natural, coherent English sentence.
961	5	The Lutherans hadn't cleaned these broken teeth.	The Lutherans hadn't cleaned this broken teeth.	-114.0	-114.0	-10.375	-10.375	False	False	morphology	determiner_noun_agreement	Write a natural, coherent English sentence.
962	5	A lot of children observe that young child.	A lot of children observe those young child.	-93.5	-93.5	-10.375	-10.375	False	False	morphology	determiner_noun_agreement	Write a natural, coherent English sentence.
963	5	Gary hadn't sounded like this out in the open oasis.	Gary hadn't sounded like these out in the open oasis.	-145.0	-145.0	-10.375	-10.375	False	False	morphology	determiner_noun_agreement	Write a natural, coherent English sentence.
964	5	That fish annoyed this serious alumnus.	That fish annoyed these serious alumnus.	-104.0	-104.0	-10.375	-10.375	False	False	morphology	determiner_noun_agreement	Write a natural, coherent English sentence.
965	5	Spotlights worry those standing people.	Spotlights worry that standing people.	-72.5	-72.5	-10.375	-10.375	False	False	morphology	determiner_noun_agreement	Write a natural, coherent English sentence.
966	5	Rodney returned to these content alumni.	Rodney returned to this content alumni.	-104.0	-104.0	-10.375	-10.375	False	False	morphology	determiner_noun_agreement	Write a natural, coherent English sentence.
967	5	Bruce references this unemployed child.	Bruce references these unemployed child.	-72.5	-72.5	-10.375	-10.375	False	False	morphology	determiner_noun_agreement	Write a natural, coherent English sentence.
968	5	Many museums criticize this bad analysis.	Many museums criticize these bad analysis.	-93.5	-93.5	-10.375	-10.375	False	False	morphology	determiner_noun_agreement	Write a natural, coherent English sentence.
969	5	Danielle knows that concealed man.	Danielle knows those concealed man.	-83.0	-83.0	-10.375	-10.375	False	False	morphology	determiner_noun_agreement	Write a natural, coherent English sentence.
970	5	Katherine sells that smooth oasis.	Katherine sells those smooth oasis.	-93.5	-93.5	-10.375	-10.375	False	False	morphology	determiner_noun_agreement	Write a natural, coherent English sentence.
971	5	Meredith hadn't scared these clever people.	Meredith hadn't scared this clever people.	-114.0	-114.0	-10.375	-10.375	False	False	morphology	determiner_noun_agreement	Write a natural, coherent English sentence.
972	5	Walter biked to these gray oases.	Walter biked to this gray oases.	-104.0	-104.0	-10.375	-10.375	False	False	morphology	determiner_noun_agreement	Write a natural, coherent English sentence.
973	5	Phillip has investigated this unemployed man.	Phillip has investigated these unemployed man.	-93.5	-93.5	-10.375	-10.375	False	False	morphology	determiner_noun_agreement	Write a natural, coherent English sentence.
974	5	Alice knows that ill woman.	Alice knows those ill woman.	-62.25	-62.25	-10.375	-10.375	False	False	morphology	determiner_noun_agreement	Write a natural, coherent English sentence.
975	5	Daniel bothered that unemployed alumnus.	Daniel bothered those unemployed alumnus.	-93.5	-93.5	-10.375	-10.375	False	False	morphology	determiner_noun_agreement	Write a natural, coherent English sentence.
976	5	Some children notice this black thesis.	Some children notice these black thesis.	-72.5	-72.5	-10.375	-10.375	False	False	morphology	determiner_noun_agreement	Write a natural, coherent English sentence.
977	5	George has alarmed these unemployed children.	George has alarmed this unemployed children.	-93.5	-93.5	-10.375	-10.375	False	False	morphology	determiner_noun_agreement	Write a natural, coherent English sentence.
978	5	Sarah won't drive to this concealed oasis.	Sarah won't drive to these concealed oasis.	-124.5	-124.5	-10.375	-10.375	False	False	morphology	determiner_noun_agreement	Write a natural, coherent English sentence.
979	5	Grace arrived at those small oases.	Grace arrived at that small oases.	-83.0	-83.0	-10.375	-10.375	False	False	morphology	determiner_noun_agreement	Write a natural, coherent English sentence.
980	5	David kisses that lucky man.	David kisses those lucky man.	-72.5	-72.5	-10.375	-10.375	False	False	morphology	determiner_noun_agreement	Write a natural, coherent English sentence.
981	5	Laura isn't lifting this smooth axis.	Laura isn't lifting these smooth axis.	-93.5	-93.5	-10.375	-10.375	False	False	morphology	determiner_noun_agreement	Write a natural, coherent English sentence.
982	5	Mark embarrassed these confident children.	Mark embarrassed this confident children.	-62.25	-62.25	-10.375	-10.375	False	False	morphology	determiner_noun_agreement	Write a natural, coherent English sentence.
983	5	Patients bothers this employed man.	Patients bothers these employed man.	-83.0	-83.0	-10.375	-10.375	False	False	morphology	determiner_noun_agreement	Write a natural, coherent English sentence.
984	5	Christopher has criticized this bad synopsis.	Christopher has criticized these bad synopsis.	-93.5	-93.5	-10.375	-10.375	False	False	morphology	determiner_noun_agreement	Write a natural, coherent English sentence.
985	5	Todd hadn't gone to this cheap oasis.	Todd hadn't gone to these cheap oasis.	-114.0	-114.0	-10.375	-10.375	False	False	morphology	determiner_noun_agreement	Write a natural, coherent English sentence.
986	5	Becca does investigate this lucky alumnus.	Becca does investigate these lucky alumnus.	-104.0	-104.0	-10.375	-10.375	False	False	morphology	determiner_noun_agreement	Write a natural, coherent English sentence.
987	5	Sabrina visits those fast women.	Sabrina visits that fast women.	-83.0	-83.0	-10.375	-10.375	False	False	morphology	determiner_noun_agreement	Write a natural, coherent English sentence.
988	5	Janet knew those unconvinced children.	Janet knew that unconvinced children.	-104.0	-104.0	-10.375	-10.375	False	False	morphology	determiner_noun_agreement	Write a natural, coherent English sentence.
989	5	Christine hated this young man.	Christine hated these young man.	-72.5	-72.5	-10.375	-10.375	False	False	morphology	determiner_noun_agreement	Write a natural, coherent English sentence.
990	5	Chad hadn't complained about these big oases.	Chad hadn't complained about this big oases.	-124.5	-124.5	-10.375	-10.375	False	False	morphology	determiner_noun_agreement	Write a natural, coherent English sentence.
991	5	Many bikes stun that nice man.	Many bikes stun those nice man.	-93.5	-93.5	-10.375	-10.375	False	False	morphology	determiner_noun_agreement	Write a natural, coherent English sentence.
992	5	William hasn't investigated these fast men.	William hasn't investigated this fast men.	-93.5	-93.5	-10.375	-10.375	False	False	morphology	determiner_noun_agreement	Write a natural, coherent English sentence.
993	5	Kristin couldn't research these smooth oases.	Kristin couldn't research this smooth oases.	-114.0	-114.0	-10.375	-10.375	False	False	morphology	determiner_noun_agreement	Write a natural, coherent English sentence.
994	5	Travis arrives at these old oases.	Travis arrives at this old oases.	-93.5	-93.5	-10.375	-10.375	False	False	morphology	determiner_noun_agreement	Write a natural, coherent English sentence.
995	5	Many boys drive to this yellow oasis.	Many boys drive to these yellow oasis.	-93.5	-93.5	-10.375	-10.375	False	False	morphology	determiner_noun_agreement	Write a natural, coherent English sentence.
996	5	Danielle won't heal those unlucky people.	Danielle won't heal that unlucky people.	-124.5	-124.5	-10.375	-10.375	False	False	morphology	determiner_noun_agreement	Write a natural, coherent English sentence.
997	5	Sabrina wouldn't go to that new oasis.	Sabrina wouldn't go to those new oasis.	-135.0	-135.0	-10.375	-10.375	False	False	morphology	determiner_noun_agreement	Write a natural, coherent English sentence.
998	5	This movie theater annoys these lucky alumni.	This movie theater annoys this lucky alumni.	-124.5	-124.5	-10.375	-10.375	False	False	morphology	determiner_noun_agreement	Write a natural, coherent English sentence.
999	5	Stacy doesn't appreciate that out in the open woman.	Stacy doesn't appreciate those out in the open woman.	-135.0	-135.0	-10.375	-10.375	False	False	morphology	determiner_noun_agreement	Write a natural, coherent English sentence.
0	6	Alexander didn't walk through that new oasis.	Alexander didn't walk through those new oasis.	-114.0	-114.0	-10.375	-10.375	False	False	morphology	determiner_noun_agreement	Write a natural, coherent English sentence.
1	6	This hair irritates these old alumni.	This hair irritates this old alumni.	-104.0	-104.0	-10.375	-10.375	False	False	morphology	determiner_noun_agreement	Write a natural, coherent English sentence.
2	6	Winston Churchill was escaping from this serious person.	Winston Churchill was escaping from these serious person.	-124.5	-124.5	-10.375	-10.375	False	False	morphology	determiner_noun_agreement	Write a natural, coherent English sentence.
3	6	Anna walks through these purple oases.	Anna walks through this purple oases.	-83.0	-83.0	-10.375	-10.375	False	False	morphology	determiner_noun_agreement	Write a natural, coherent English sentence.
4	6	Alicia sounded like this good analysis.	Alicia sounded like these good analysis.	-93.5	-93.5	-10.375	-10.375	False	False	morphology	determiner_noun_agreement	Write a natural, coherent English sentence.
5	6	Jeffrey might complain about this gray thesis.	Jeffrey might complain about these gray thesis.	-93.0	-93.0	-10.375	-10.375	False	False	morphology	determiner_noun_agreement	Write a natural, coherent English sentence.
6	6	Meredith approaches these concealed women.	Meredith approaches this concealed women.	-93.5	-93.5	-10.375	-10.375	False	False	morphology	determiner_noun_agreement	Write a natural, coherent English sentence.
7	6	Julia questioned those small children.	Julia questioned that small children.	-62.25	-62.25	-10.375	-10.375	False	False	morphology	determiner_noun_agreement	Write a natural, coherent English sentence.
8	6	That adult has brought that purple octopus.	That adult has brought those purple octopus.	-104.0	-104.0	-10.375	-10.375	False	False	morphology	determiner_noun_agreement	Write a natural, coherent English sentence.
9	6	The people hug this displeased woman.	The people hug these displeased woman.	-93.5	-93.5	-10.375	-10.375	False	False	morphology	determiner_noun_agreement	Write a natural, coherent English sentence.
10	6	That beef did bore these displeased people.	That beef did bore this displeased people.	-104.0	-104.0	-10.375	-10.375	False	False	morphology	determiner_noun_agreement	Write a natural, coherent English sentence.
11	6	These libraries talk about these long synopses.	These libraries talk about this long synopses.	-103.5	-103.5	-10.375	-10.375	False	False	morphology	determiner_noun_agreement	Write a natural, coherent English sentence.
12	6	Lori wasn't hiring those delighted men.	Lori wasn't hiring that delighted men.	-104.0	-104.0	-10.375	-10.375	False	False	morphology	determiner_noun_agreement	Write a natural, coherent English sentence.
13	6	The teachers are running around this concealed oasis.	The teachers are running around these concealed oasis.	-114.0	-114.0	-10.375	-10.375	False	False	morphology	determiner_noun_agreement	Write a natural, coherent English sentence.
14	6	Those bananas embarrass these delighted people.	Those bananas embarrass this delighted people.	-83.0	-83.0	-10.375	-10.375	False	False	morphology	determiner_noun_agreement	Write a natural, coherent English sentence.
15	6	Mitchell brought those green oases.	Mitchell brought that green oases.	-72.5	-72.5	-10.375	-10.375	False	False	morphology	determiner_noun_agreement	Write a natural, coherent English sentence.
16	6	The actresses complain about this rough thesis.	The actresses complain about these rough thesis.	-93.5	-93.5	-10.375	-10.375	False	False	morphology	determiner_noun_agreement	Write a natural, coherent English sentence.
17	6	Russell investigates these fast women.	Russell investigates this fast women.	-72.5	-72.5	-10.375	-10.375	False	False	morphology	determiner_noun_agreement	Write a natural, coherent English sentence.
18	6	Irene praised those bad synopses.	Irene praised that bad synopses.	-93.5	-93.5	-10.375	-10.375	False	False	morphology	determiner_noun_agreement	Write a natural, coherent English sentence.
19	6	Denise did confuse that important woman.	Denise did confuse those important woman.	-93.5	-93.5	-10.375	-10.375	False	False	morphology	determiner_noun_agreement	Write a natural, coherent English sentence.
20	6	Some patients dislike those nice women.	Some patients dislike that nice women.	-83.0	-83.0	-10.375	-10.375	False	False	morphology	determiner_noun_agreement	Write a natural, coherent English sentence.
21	6	Amelia wasn't observing this hopeful man.	Amelia wasn't observing these hopeful man.	-124.5	-124.5	-10.375	-10.375	False	False	morphology	determiner_noun_agreement	Write a natural, coherent English sentence.
22	6	Grace is hugging these popular women.	Grace is hugging this popular women.	-83.0	-83.0	-10.375	-10.375	False	False	morphology	determiner_noun_agreement	Write a natural, coherent English sentence.
23	6	Julia might describe this long synopsis.	Julia might describe these long synopsis.	-83.0	-83.0	-10.375	-10.375	False	False	morphology	determiner_noun_agreement	Write a natural, coherent English sentence.
24	6	Many pedestrians do return to these happy men.	Many pedestrians do return to this happy men.	-114.0	-114.0	-10.375	-10.375	False	False	morphology	determiner_noun_agreement	Write a natural, coherent English sentence.
25	6	Laura noticed that determined man.	Laura noticed those determined man.	-62.25	-62.25	-10.375	-10.375	False	False	morphology	determiner_noun_agreement	Write a natural, coherent English sentence.
26	6	Julie would pass those red oases.	Julie would pass that red oases.	-83.0	-83.0	-10.375	-10.375	False	False	morphology	determiner_noun_agreement	Write a natural, coherent English sentence.
27	6	These doctors boast about this out in the open child.	These doctors boast about these out in the open child.	-124.5	-124.5	-10.375	-10.375	False	False	morphology	determiner_noun_agreement	Write a natural, coherent English sentence.
28	6	Stephen isn't revealing this brown nucleus.	Stephen isn't revealing these brown nucleus.	-104.0	-104.0	-10.375	-10.375	False	False	morphology	determiner_noun_agreement	Write a natural, coherent English sentence.
29	6	Travel stuns that sick child.	Travel stuns those sick child.	-72.5	-72.5	-10.375	-10.375	False	False	morphology	determiner_noun_agreement	Write a natural, coherent English sentence.
30	6	Amelia healed that unemployed woman.	Amelia healed those unemployed woman.	-93.5	-93.5	-10.375	-10.375	False	False	morphology	determiner_noun_agreement	Write a natural, coherent English sentence.
31	6	Noah attacks that ill child.	Noah attacks those ill child.	-62.25	-62.25	-10.375	-10.375	False	False	morphology	determiner_noun_agreement	Write a natural, coherent English sentence.
32	6	Randolf buys those gray fungi.	Randolf buys that gray fungi.	-93.5	-93.5	-10.375	-10.375	False	False	morphology	determiner_noun_agreement	Write a natural, coherent English sentence.
33	6	Some pedestrians disagreed with this big woman.	Some pedestrians disagreed with these big woman.	-114.0	-114.0	-10.375	-10.375	False	False	morphology	determiner_noun_agreement	Write a natural, coherent English sentence.
34	6	Adam might sound like these determined children.	Adam might sound like this determined children.	-83.0	-83.0	-10.375	-10.375	False	False	morphology	determiner_noun_agreement	Write a natural, coherent English sentence.
35	6	Bill has stunned this confident man.	Bill has stunned these confident man.	-83.0	-83.0	-10.375	-10.375	False	False	morphology	determiner_noun_agreement	Write a natural, coherent English sentence.
36	6	Rhonda should see these blue oases.	Rhonda should see this blue oases.	-93.5	-93.5	-10.375	-10.375	False	False	morphology	determiner_noun_agreement	Write a natural, coherent English sentence.
37	6	Stephen cares for that out in the open alumnus.	Stephen cares for those out in the open alumnus.	-124.5	-124.5	-10.375	-10.375	False	False	morphology	determiner_noun_agreement	Write a natural, coherent English sentence.
38	6	Cheryl has bought this green oasis.	Cheryl has bought these green oasis.	-93.5	-93.5	-10.375	-10.375	False	False	morphology	determiner_noun_agreement	Write a natural, coherent English sentence.
39	6	Every door annoyed this lucky child.	Every door annoyed these lucky child.	-83.0	-83.0	-10.375	-10.375	False	False	morphology	determiner_noun_agreement	Write a natural, coherent English sentence.
40	6	Gerald cures that unlucky child.	Gerald cures those unlucky child.	-103.5	-103.5	-10.375	-10.375	False	False	morphology	determiner_noun_agreement	Write a natural, coherent English sentence.
41	6	Eyes weren't worrying this troubled child.	Eyes weren't worrying these troubled child.	-114.0	-114.0	-10.375	-10.375	False	False	morphology	determiner_noun_agreement	Write a natural, coherent English sentence.
42	6	Michael isn't referencing this long synopsis.	Michael isn't referencing these long synopsis.	-114.0	-114.0	-10.375	-10.375	False	False	morphology	determiner_noun_agreement	Write a natural, coherent English sentence.
43	6	Robert insults this serious man.	Robert insults these serious man.	-72.5	-72.5	-10.375	-10.375	False	False	morphology	determiner_noun_agreement	Write a natural, coherent English sentence.
44	6	Waitresses describe that smart alumnus.	Waitresses describe those smart alumnus.	-103.5	-103.5	-10.375	-10.375	False	False	morphology	determiner_noun_agreement	Write a natural, coherent English sentence.
45	6	Dan doesn't respect this unemployed alumnus.	Dan doesn't respect these unemployed alumnus.	-124.5	-124.5	-10.375	-10.375	False	False	morphology	determiner_noun_agreement	Write a natural, coherent English sentence.
46	6	Eric has upset those scared people.	Eric has upset that scared people.	-72.5	-72.5	-10.375	-10.375	False	False	morphology	determiner_noun_agreement	Write a natural, coherent English sentence.
47	6	Sabrina was biking to this exposed oasis.	Sabrina was biking to these exposed oasis.	-124.5	-124.5	-10.375	-10.375	False	False	morphology	determiner_noun_agreement	Write a natural, coherent English sentence.
48	6	Edward can't think about these exposed mice.	Edward can't think about this exposed mice.	-114.0	-114.0	-10.375	-10.375	False	False	morphology	determiner_noun_agreement	Write a natural, coherent English sentence.
49	6	Phillip listened to this standing alumnus.	Phillip listened to these standing alumnus.	-104.0	-104.0	-10.375	-10.375	False	False	morphology	determiner_noun_agreement	Write a natural, coherent English sentence.
50	6	Those men skate around this small oasis.	Those men skate around these small oasis.	-104.0	-104.0	-10.375	-10.375	False	False	morphology	determiner_noun_agreement	Write a natural, coherent English sentence.
51	6	Rhonda could think about those content children.	Rhonda could think about that content children.	-93.5	-93.5	-10.375	-10.375	False	False	morphology	determiner_noun_agreement	Write a natural, coherent English sentence.
52	6	Melissa had remembered that unsure person.	Melissa had remembered those unsure person.	-93.5	-93.5	-10.375	-10.375	False	False	morphology	determiner_noun_agreement	Write a natural, coherent English sentence.
53	6	The students talk about this upset person.	The students talk about these upset person.	-83.0	-83.0	-10.375	-10.375	False	False	morphology	determiner_noun_agreement	Write a natural, coherent English sentence.
54	6	Leslie insults those upset alumni.	Leslie insults that upset alumni.	-103.5	-103.5	-10.375	-10.375	False	False	morphology	determiner_noun_agreement	Write a natural, coherent English sentence.
55	6	Hats distract this ill man.	Hats distract these ill man.	-72.5	-72.5	-10.375	-10.375	False	False	morphology	determiner_noun_agreement	Write a natural, coherent English sentence.
56	6	Dawn sounded like this determined child.	Dawn sounded like these determined child.	-83.0	-83.0	-10.375	-10.375	False	False	morphology	determiner_noun_agreement	Write a natural, coherent English sentence.
57	6	Carl had run around that brown oasis.	Carl had run around those brown oasis.	-93.5	-93.5	-10.375	-10.375	False	False	morphology	determiner_noun_agreement	Write a natural, coherent English sentence.
58	6	Anna criticizes these concealed children.	Anna criticizes this concealed children.	-83.0	-83.0	-10.375	-10.375	False	False	morphology	determiner_noun_agreement	Write a natural, coherent English sentence.
59	6	The waiter might criticize that unemployed man.	The waiter might criticize those unemployed man.	-114.0	-114.0	-10.375	-10.375	False	False	morphology	determiner_noun_agreement	Write a natural, coherent English sentence.
60	6	Tracy was investigating this troubled alumnus.	Tracy was investigating these troubled alumnus.	-124.5	-124.5	-10.375	-10.375	False	False	morphology	determiner_noun_agreement	Write a natural, coherent English sentence.
61	6	These newspaper articles astound this clever child.	These newspaper articles astound these clever child.	-93.5	-93.5	-10.375	-10.375	False	False	morphology	determiner_noun_agreement	Write a natural, coherent English sentence.
62	6	Dana hadn't attacked this small man.	Dana hadn't attacked these small man.	-104.0	-104.0	-10.375	-10.375	False	False	morphology	determiner_noun_agreement	Write a natural, coherent English sentence.
63	6	Curtis wasn't breaking those hard teeth.	Curtis wasn't breaking that hard teeth.	-104.0	-104.0	-10.375	-10.375	False	False	morphology	determiner_noun_agreement	Write a natural, coherent English sentence.
64	6	All customers attack this employed alumnus.	All customers attack these employed alumnus.	-93.5	-93.5	-10.375	-10.375	False	False	morphology	determiner_noun_agreement	Write a natural, coherent English sentence.
65	6	Most ladies go to those purple oases.	Most ladies go to that purple oases.	-93.5	-93.5	-10.375	-10.375	False	False	morphology	determiner_noun_agreement	Write a natural, coherent English sentence.
66	6	A dancer tours that blue oasis.	A dancer tours those blue oasis.	-93.5	-93.5	-10.375	-10.375	False	False	morphology	determiner_noun_agreement	Write a natural, coherent English sentence.
67	6	Steven irritated this unconvinced woman.	Steven irritated these unconvinced woman.	-103.5	-103.5	-10.375	-10.375	False	False	morphology	determiner_noun_agreement	Write a natural, coherent English sentence.
68	6	Tara wasn't helping that sick man.	Tara wasn't helping those sick man.	-104.0	-104.0	-10.375	-10.375	False	False	morphology	determiner_noun_agreement	Write a natural, coherent English sentence.
69	6	The dancers aren't cleaning that smooth fungus.	The dancers aren't cleaning those smooth fungus.	-135.0	-135.0	-10.375	-10.375	False	False	morphology	determiner_noun_agreement	Write a natural, coherent English sentence.
70	6	Melissa had talked about these white theses.	Melissa had talked about this white theses.	-103.5	-103.5	-10.375	-10.375	False	False	morphology	determiner_noun_agreement	Write a natural, coherent English sentence.
71	6	The man isn't watching those upset men.	The man isn't watching that upset men.	-104.0	-104.0	-10.375	-10.375	False	False	morphology	determiner_noun_agreement	Write a natural, coherent English sentence.
72	6	Sabrina won't worry this out in the open person.	Sabrina won't worry these out in the open person.	-145.0	-145.0	-10.375	-10.375	False	False	morphology	determiner_noun_agreement	Write a natural, coherent English sentence.
73	6	Every bird embarrassed these unemployed men.	Every bird embarrassed this unemployed men.	-83.0	-83.0	-10.375	-10.375	False	False	morphology	determiner_noun_agreement	Write a natural, coherent English sentence.
74	6	The Borgias drive to that small oasis.	The Borgias drive to those small oasis.	-114.0	-114.0	-10.375	-10.375	False	False	morphology	determiner_noun_agreement	Write a natural, coherent English sentence.
75	6	Bradley likes these brown fungi.	Bradley likes this brown fungi.	-83.0	-83.0	-10.375	-10.375	False	False	morphology	determiner_noun_agreement	Write a natural, coherent English sentence.
76	6	Most guys go to that black oasis.	Most guys go to those black oasis.	-93.5	-93.5	-10.375	-10.375	False	False	morphology	determiner_noun_agreement	Write a natural, coherent English sentence.
77	6	A pedestrian hadn't approached these hopeful women.	A pedestrian hadn't approached this hopeful women.	-124.5	-124.5	-10.375	-10.375	False	False	morphology	determiner_noun_agreement	Write a natural, coherent English sentence.
78	6	Some senators aren't healing this unemployed alumnus.	Some senators aren't healing these unemployed alumnus.	-145.0	-145.0	-10.375	-10.375	False	False	morphology	determiner_noun_agreement	Write a natural, coherent English sentence.
79	6	That cart wasn't stunning these exposed men.	That cart wasn't stunning this exposed men.	-104.0	-104.0	-10.375	-10.375	False	False	morphology	determiner_noun_agreement	Write a natural, coherent English sentence.
80	6	Joel can think about this smart man.	Joel can think about these smart man.	-83.0	-83.0	-10.375	-10.375	False	False	morphology	determiner_noun_agreement	Write a natural, coherent English sentence.
81	6	Those prints disgust those good people.	Those prints disgust that good people.	-72.5	-72.5	-10.375	-10.375	False	False	morphology	determiner_noun_agreement	Write a natural, coherent English sentence.
82	6	Beverly hadn't passed these yellow oases.	Beverly hadn't passed this yellow oases.	-114.0	-114.0	-10.375	-10.375	False	False	morphology	determiner_noun_agreement	Write a natural, coherent English sentence.
83	6	A lot of prints irritate this unconvinced woman.	A lot of prints irritate these unconvinced woman.	-135.0	-135.0	-10.375	-10.375	False	False	morphology	determiner_noun_agreement	Write a natural, coherent English sentence.
84	6	Many customers hire those standing alumni.	Many customers hire that standing alumni.	-93.5	-93.5	-10.375	-10.375	False	False	morphology	determiner_noun_agreement	Write a natural, coherent English sentence.
85	6	Some rug isn't irritating that nice woman.	Some rug isn't irritating those nice woman.	-114.0	-114.0	-10.375	-10.375	False	False	morphology	determiner_noun_agreement	Write a natural, coherent English sentence.
86	6	Jill embarrassed those busy men.	Jill embarrassed that busy men.	-72.5	-72.5	-10.375	-10.375	False	False	morphology	determiner_noun_agreement	Write a natural, coherent English sentence.
87	6	Most sketches could hurt this uncertain person.	Most sketches could hurt these uncertain person.	-104.0	-104.0	-10.375	-10.375	False	False	morphology	determiner_noun_agreement	Write a natural, coherent English sentence.
88	6	Patricia lifted those purple feet.	Patricia lifted that purple feet.	-83.0	-83.0	-10.375	-10.375	False	False	morphology	determiner_noun_agreement	Write a natural, coherent English sentence.
89	6	The girls sell this hard fungus.	The girls sell these hard fungus.	-93.5	-93.5	-10.375	-10.375	False	False	morphology	determiner_noun_agreement	Write a natural, coherent English sentence.
90	6	Nicole has seen this yellow cactus.	Nicole has seen these yellow cactus.	-93.5	-93.5	-10.375	-10.375	False	False	morphology	determiner_noun_agreement	Write a natural, coherent English sentence.
91	6	Sharon could arrive at those big oases.	Sharon could arrive at that big oases.	-104.0	-104.0	-10.375	-10.375	False	False	morphology	determiner_noun_agreement	Write a natural, coherent English sentence.
92	6	This cashier can fire that good woman.	This cashier can fire those good woman.	-93.5	-93.5	-10.375	-10.375	False	False	morphology	determiner_noun_agreement	Write a natural, coherent English sentence.
93	6	Raymond left those scared children.	Raymond left that scared children.	-62.25	-62.25	-10.375	-10.375	False	False	morphology	determiner_noun_agreement	Write a natural, coherent English sentence.
94	6	Noah could discuss that clever person.	Noah could discuss those clever person.	-72.5	-72.5	-10.375	-10.375	False	False	morphology	determiner_noun_agreement	Write a natural, coherent English sentence.
95	6	Rachelle knew that concealed woman.	Rachelle knew those concealed woman.	-83.0	-83.0	-10.375	-10.375	False	False	morphology	determiner_noun_agreement	Write a natural, coherent English sentence.
96	6	Dawn hasn't cured those gray oxen.	Dawn hasn't cured that gray oxen.	-124.5	-124.5	-10.375	-10.375	False	False	morphology	determiner_noun_agreement	Write a natural, coherent English sentence.
97	6	The Great Lakes haven't disgusted those out in the open people.	The Great Lakes haven't disgusted that out in the open people.	-166.0	-166.0	-10.375	-10.375	False	False	morphology	determiner_noun_agreement	Write a natural, coherent English sentence.
98	6	Wayne doesn't exit those cheap oases.	Wayne doesn't exit that cheap oases.	-104.0	-104.0	-10.375	-10.375	False	False	morphology	determiner_noun_agreement	Write a natural, coherent English sentence.
99	6	These waitresses haven't astounded this fast woman.	These waitresses haven't astounded these fast woman.	-145.0	-145.0	-10.375	-10.375	False	False	morphology	determiner_noun_agreement	Write a natural, coherent English sentence.
100	6	Patrick hasn't lifted this out in the open cactus.	Patrick hasn't lifted these out in the open cactus.	-145.0	-145.0	-10.375	-10.375	False	False	morphology	determiner_noun_agreement	Write a natural, coherent English sentence.
101	6	Angela isn't embarrassing those excited children.	Angela isn't embarrassing that excited children.	-103.5	-103.5	-10.375	-10.375	False	False	morphology	determiner_noun_agreement	Write a natural, coherent English sentence.
102	6	Jennifer hasn't criticized this smart man.	Jennifer hasn't criticized these smart man.	-103.5	-103.5	-10.375	-10.375	False	False	morphology	determiner_noun_agreement	Write a natural, coherent English sentence.
103	6	April watched this big person.	April watched these big person.	-62.25	-62.25	-10.375	-10.375	False	False	morphology	determiner_noun_agreement	Write a natural, coherent English sentence.
104	6	Candice hadn't bothered that serious alumnus.	Candice hadn't bothered those serious alumnus.	-124.5	-124.5	-10.375	-10.375	False	False	morphology	determiner_noun_agreement	Write a natural, coherent English sentence.
105	6	The Clintons observe those happy women.	The Clintons observe that happy women.	-93.5	-93.5	-10.375	-10.375	False	False	morphology	determiner_noun_agreement	Write a natural, coherent English sentence.
106	6	The Clintons observe this excited man.	The Clintons observe these excited man.	-93.5	-93.5	-10.375	-10.375	False	False	morphology	determiner_noun_agreement	Write a natural, coherent English sentence.
107	6	Associations were listening to that unlucky child.	Associations were listening to those unlucky child.	-114.0	-114.0	-10.375	-10.375	False	False	morphology	determiner_noun_agreement	Write a natural, coherent English sentence.
108	6	Those committees discussed that busy woman.	Those committees discussed those busy woman.	-93.5	-93.5	-10.375	-10.375	False	False	morphology	determiner_noun_agreement	Write a natural, coherent English sentence.
109	6	Debra isn't discussing that good analysis.	Debra isn't discussing those good analysis.	-103.5	-103.5	-10.375	-10.375	False	False	morphology	determiner_noun_agreement	Write a natural, coherent English sentence.
110	6	The drawing distracts this lucky woman.	The drawing distracts these lucky woman.	-83.0	-83.0	-10.375	-10.375	False	False	morphology	determiner_noun_agreement	Write a natural, coherent English sentence.
111	6	Holly couldn't dislike this exposed child.	Holly couldn't dislike these exposed child.	-104.0	-104.0	-10.375	-10.375	False	False	morphology	determiner_noun_agreement	Write a natural, coherent English sentence.
112	6	Angela examines that good synopsis.	Angela examines those good synopsis.	-83.0	-83.0	-10.375	-10.375	False	False	morphology	determiner_noun_agreement	Write a natural, coherent English sentence.
113	6	These skateboards aggravate that lucky woman.	These skateboards aggravate those lucky woman.	-114.0	-114.0	-10.375	-10.375	False	False	morphology	determiner_noun_agreement	Write a natural, coherent English sentence.
114	6	Some play alarms those small women.	Some play alarms that small women.	-83.0	-83.0	-10.375	-10.375	False	False	morphology	determiner_noun_agreement	Write a natural, coherent English sentence.
115	6	Students investigate these nice men.	Students investigate this nice men.	-62.25	-62.25	-10.375	-10.375	False	False	morphology	determiner_noun_agreement	Write a natural, coherent English sentence.
116	6	Tanya wasn't shocking that busy child.	Tanya wasn't shocking those busy child.	-114.0	-114.0	-10.375	-10.375	False	False	morphology	determiner_noun_agreement	Write a natural, coherent English sentence.
117	6	Brett has boasted about this nice person.	Brett has boasted about these nice person.	-103.5	-103.5	-10.375	-10.375	False	False	morphology	determiner_noun_agreement	Write a natural, coherent English sentence.
118	6	Jennifer described that hidden woman.	Jennifer described those hidden woman.	-62.25	-62.25	-10.375	-10.375	False	False	morphology	determiner_noun_agreement	Write a natural, coherent English sentence.
119	6	Winston Churchill passed these red oases.	Winston Churchill passed this red oases.	-104.0	-104.0	-10.375	-10.375	False	False	morphology	determiner_noun_agreement	Write a natural, coherent English sentence.
120	6	Some mirror could scare this nice woman.	Some mirror could scare these nice woman.	-93.5	-93.5	-10.375	-10.375	False	False	morphology	determiner_noun_agreement	Write a natural, coherent English sentence.
121	6	Caroline hadn't fired that scared alumnus.	Caroline hadn't fired those scared alumnus.	-114.0	-114.0	-10.375	-10.375	False	False	morphology	determiner_noun_agreement	Write a natural, coherent English sentence.
122	6	Edward wasn't referencing that displeased woman.	Edward wasn't referencing those displeased woman.	-124.5	-124.5	-10.375	-10.375	False	False	morphology	determiner_noun_agreement	Write a natural, coherent English sentence.
123	6	Many teachers clean these cheap teeth.	Many teachers clean this cheap teeth.	-72.5	-72.5	-10.375	-10.375	False	False	morphology	determiner_noun_agreement	Write a natural, coherent English sentence.
124	6	Wayne might remember these new oases.	Wayne might remember this new oases.	-83.0	-83.0	-10.375	-10.375	False	False	morphology	determiner_noun_agreement	Write a natural, coherent English sentence.
125	6	Some high school alarms this determined man.	Some high school alarms these determined man.	-93.5	-93.5	-10.375	-10.375	False	False	morphology	determiner_noun_agreement	Write a natural, coherent English sentence.
126	6	Vincent had returned to these out in the open oases.	Vincent had returned to this out in the open oases.	-124.5	-124.5	-10.375	-10.375	False	False	morphology	determiner_noun_agreement	Write a natural, coherent English sentence.
127	6	Marla hired this standing child.	Marla hired these standing child.	-72.5	-72.5	-10.375	-10.375	False	False	morphology	determiner_noun_agreement	Write a natural, coherent English sentence.
128	6	Some cucumber has upset those ill men.	Some cucumber has upset that ill men.	-104.0	-104.0	-10.375	-10.375	False	False	morphology	determiner_noun_agreement	Write a natural, coherent English sentence.
129	6	Russell hasn't kissed this content man.	Russell hasn't kissed these content man.	-93.5	-93.5	-10.375	-10.375	False	False	morphology	determiner_noun_agreement	Write a natural, coherent English sentence.
130	6	Guy has left this determined man.	Guy has left these determined man.	-72.5	-72.5	-10.375	-10.375	False	False	morphology	determiner_noun_agreement	Write a natural, coherent English sentence.
131	6	The Lutherans listen to these employed women.	The Lutherans listen to this employed women.	-93.5	-93.5	-10.375	-10.375	False	False	morphology	determiner_noun_agreement	Write a natural, coherent English sentence.
132	6	Candice disliked these bad analyses.	Candice disliked this bad analyses.	-104.0	-104.0	-10.375	-10.375	False	False	morphology	determiner_noun_agreement	Write a natural, coherent English sentence.
133	6	Many women heal these lost geese.	Many women heal this lost geese.	-83.0	-83.0	-10.375	-10.375	False	False	morphology	determiner_noun_agreement	Write a natural, coherent English sentence.
134	6	Wayne has remembered these smart people.	Wayne has remembered this smart people.	-72.5	-72.5	-10.375	-10.375	False	False	morphology	determiner_noun_agreement	Write a natural, coherent English sentence.
135	6	This teenager had dropped by these white oases.	This teenager had dropped by this white oases.	-104.0	-104.0	-10.375	-10.375	False	False	morphology	determiner_noun_agreement	Write a natural, coherent English sentence.
136	6	Eva has exited those smooth oases.	Eva has exited that smooth oases.	-93.5	-93.5	-10.375	-10.375	False	False	morphology	determiner_noun_agreement	Write a natural, coherent English sentence.
137	6	Cheryl wouldn't aggravate that bad person.	Cheryl wouldn't aggravate those bad person.	-124.5	-124.5	-10.375	-10.375	False	False	morphology	determiner_noun_agreement	Write a natural, coherent English sentence.
138	6	Katherine hadn't shocked those young children.	Katherine hadn't shocked that young children.	-104.0	-104.0	-10.375	-10.375	False	False	morphology	determiner_noun_agreement	Write a natural, coherent English sentence.
139	6	The student loves these troubled people.	The student loves this troubled people.	-83.0	-83.0	-10.375	-10.375	False	False	morphology	determiner_noun_agreement	Write a natural, coherent English sentence.
140	6	Tracy cared for those smart alumni.	Tracy cared for that smart alumni.	-104.0	-104.0	-10.375	-10.375	False	False	morphology	determiner_noun_agreement	Write a natural, coherent English sentence.
141	6	Guys return to these small oases.	Guys return to this small oases.	-93.5	-93.5	-10.375	-10.375	False	False	morphology	determiner_noun_agreement	Write a natural, coherent English sentence.
142	6	Marcus won't bike to this white oasis.	Marcus won't bike to these white oasis.	-114.0	-114.0	-10.375	-10.375	False	False	morphology	determiner_noun_agreement	Write a natural, coherent English sentence.
143	6	Eggplants impressed these unconvinced alumni.	Eggplants impressed this unconvinced alumni.	-145.0	-145.0	-10.375	-10.375	False	False	morphology	determiner_noun_agreement	Write a natural, coherent English sentence.
144	6	A turtle has bored those troubled children.	A turtle has bored that troubled children.	-114.0	-114.0	-10.375	-10.375	False	False	morphology	determiner_noun_agreement	Write a natural, coherent English sentence.
145	6	The adults were taking those old teeth.	The adults were taking that old teeth.	-83.0	-83.0	-10.375	-10.375	False	False	morphology	determiner_noun_agreement	Write a natural, coherent English sentence.
146	6	Alan wasn't returning to those blue oases.	Alan wasn't returning to that blue oases.	-114.0	-114.0	-10.375	-10.375	False	False	morphology	determiner_noun_agreement	Write a natural, coherent English sentence.
147	6	Theodore had lifted this rough cactus.	Theodore had lifted these rough cactus.	-104.0	-104.0	-10.375	-10.375	False	False	morphology	determiner_noun_agreement	Write a natural, coherent English sentence.
148	6	Joel isn't praising those good synopses.	Joel isn't praising that good synopses.	-124.5	-124.5	-10.375	-10.375	False	False	morphology	determiner_noun_agreement	Write a natural, coherent English sentence.
149	6	The pedestrian knows these standing women.	The pedestrian knows this standing women.	-83.0	-83.0	-10.375	-10.375	False	False	morphology	determiner_noun_agreement	Write a natural, coherent English sentence.
150	6	Some museums forget that good analysis.	Some museums forget those good analysis.	-83.0	-83.0	-10.375	-10.375	False	False	morphology	determiner_noun_agreement	Write a natural, coherent English sentence.
151	6	The Clintons might clean that lost fungus.	The Clintons might clean those lost fungus.	-124.5	-124.5	-10.375	-10.375	False	False	morphology	determiner_noun_agreement	Write a natural, coherent English sentence.
152	6	Mary is bothering these out in the open children.	Mary is bothering this out in the open children.	-114.0	-114.0	-10.375	-10.375	False	False	morphology	determiner_noun_agreement	Write a natural, coherent English sentence.
153	6	Many customers sell that lost ox.	Many customers sell those lost ox.	-72.5	-72.5	-10.375	-10.375	False	False	morphology	determiner_noun_agreement	Write a natural, coherent English sentence.
154	6	These waitresses praise these troubled men.	These waitresses praise this troubled men.	-103.5	-103.5	-10.375	-10.375	False	False	morphology	determiner_noun_agreement	Write a natural, coherent English sentence.
155	6	Many men didn't admire that nice person.	Many men didn't admire those nice person.	-114.0	-114.0	-10.375	-10.375	False	False	morphology	determiner_noun_agreement	Write a natural, coherent English sentence.
156	6	Jesus ran around this exposed oasis.	Jesus ran around these exposed oasis.	-83.0	-83.0	-10.375	-10.375	False	False	morphology	determiner_noun_agreement	Write a natural, coherent English sentence.
157	6	Many customers talk about that delighted child.	Many customers talk about those delighted child.	-83.0	-83.0	-10.375	-10.375	False	False	morphology	determiner_noun_agreement	Write a natural, coherent English sentence.
158	6	Drawings had disgusted this small woman.	Drawings had disgusted these small woman.	-93.5	-93.5	-10.375	-10.375	False	False	morphology	determiner_noun_agreement	Write a natural, coherent English sentence.
159	6	Colleen did care for that good man.	Colleen did care for those good man.	-93.5	-93.5	-10.375	-10.375	False	False	morphology	determiner_noun_agreement	Write a natural, coherent English sentence.
160	6	Marcus admired those exposed geese.	Marcus admired that exposed geese.	-83.0	-83.0	-10.375	-10.375	False	False	morphology	determiner_noun_agreement	Write a natural, coherent English sentence.
161	6	Randolf has noticed this clean foot.	Randolf has noticed these clean foot.	-83.0	-83.0	-10.375	-10.375	False	False	morphology	determiner_noun_agreement	Write a natural, coherent English sentence.
162	6	Craig could listen to that determined man.	Craig could listen to those determined man.	-83.0	-83.0	-10.375	-10.375	False	False	morphology	determiner_noun_agreement	Write a natural, coherent English sentence.
163	6	Movies stunned this small man.	Movies stunned these small man.	-83.0	-83.0	-10.375	-10.375	False	False	morphology	determiner_noun_agreement	Write a natural, coherent English sentence.
164	6	Timothy buys this rough ox.	Timothy buys these rough ox.	-83.0	-83.0	-10.375	-10.375	False	False	morphology	determiner_noun_agreement	Write a natural, coherent English sentence.
165	6	Some women go to those red oases.	Some women go to that red oases.	-93.5	-93.5	-10.375	-10.375	False	False	morphology	determiner_noun_agreement	Write a natural, coherent English sentence.
166	6	Ruth fixed this clean tooth.	Ruth fixed these clean tooth.	-62.25	-62.25	-10.375	-10.375	False	False	morphology	determiner_noun_agreement	Write a natural, coherent English sentence.
167	6	Monica is boring those clever men.	Monica is boring that clever men.	-83.0	-83.0	-10.375	-10.375	False	False	morphology	determiner_noun_agreement	Write a natural, coherent English sentence.
168	6	Janice knows these hidden alumni.	Janice knows this hidden alumni.	-93.5	-93.5	-10.375	-10.375	False	False	morphology	determiner_noun_agreement	Write a natural, coherent English sentence.
169	6	Spain insults this delighted alumnus.	Spain insults these delighted alumnus.	-93.5	-93.5	-10.375	-10.375	False	False	morphology	determiner_noun_agreement	Write a natural, coherent English sentence.
170	6	Some planes bore that displeased child.	Some planes bore those displeased child.	-93.5	-93.5	-10.375	-10.375	False	False	morphology	determiner_noun_agreement	Write a natural, coherent English sentence.
171	6	Dishes should upset these happy men.	Dishes should upset this happy men.	-83.0	-83.0	-10.375	-10.375	False	False	morphology	determiner_noun_agreement	Write a natural, coherent English sentence.
172	6	That painting looked like these yellow stimuli.	That painting looked like this yellow stimuli.	-93.5	-93.5	-10.375	-10.375	False	False	morphology	determiner_noun_agreement	Write a natural, coherent English sentence.
173	6	Amy shocked that content man.	Amy shocked those content man.	-62.25	-62.25	-10.375	-10.375	False	False	morphology	determiner_noun_agreement	Write a natural, coherent English sentence.
174	6	Melinda hasn't hidden this determined woman.	Melinda hasn't hidden these determined woman.	-104.0	-104.0	-10.375	-10.375	False	False	morphology	determiner_noun_agreement	Write a natural, coherent English sentence.
175	6	Caroline did drive to this brown oasis.	Caroline did drive to these brown oasis.	-93.5	-93.5	-10.375	-10.375	False	False	morphology	determiner_noun_agreement	Write a natural, coherent English sentence.
176	6	That rice disturbed those smart alumni.	That rice disturbed that smart alumni.	-104.0	-104.0	-10.375	-10.375	False	False	morphology	determiner_noun_agreement	Write a natural, coherent English sentence.
177	6	Brian will examine these long analyses.	Brian will examine this long analyses.	-83.0	-83.0	-10.375	-10.375	False	False	morphology	determiner_noun_agreement	Write a natural, coherent English sentence.
178	6	Mark dislikes this uncertain child.	Mark dislikes these uncertain child.	-83.0	-83.0	-10.375	-10.375	False	False	morphology	determiner_noun_agreement	Write a natural, coherent English sentence.
179	6	Rose was returning to these out in the open children.	Rose was returning to this out in the open children.	-114.0	-114.0	-10.375	-10.375	False	False	morphology	determiner_noun_agreement	Write a natural, coherent English sentence.
180	6	The guest has fixed this red tooth.	The guest has fixed these red tooth.	-83.0	-83.0	-10.375	-10.375	False	False	morphology	determiner_noun_agreement	Write a natural, coherent English sentence.
181	6	Jennifer is breaking this big tooth.	Jennifer is breaking these big tooth.	-72.5	-72.5	-10.375	-10.375	False	False	morphology	determiner_noun_agreement	Write a natural, coherent English sentence.
182	6	Sabrina isn't referencing these red theses.	Sabrina isn't referencing this red theses.	-135.0	-135.0	-10.375	-10.375	False	False	morphology	determiner_noun_agreement	Write a natural, coherent English sentence.
183	6	Valerie hadn't exited that exposed oasis.	Valerie hadn't exited those exposed oasis.	-124.5	-124.5	-10.375	-10.375	False	False	morphology	determiner_noun_agreement	Write a natural, coherent English sentence.
184	6	Every restaurant had worried this hidden child.	Every restaurant had worried these hidden child.	-83.0	-83.0	-10.375	-10.375	False	False	morphology	determiner_noun_agreement	Write a natural, coherent English sentence.
185	6	A woman was examining those long synopses.	A woman was examining that long synopses.	-114.0	-114.0	-10.375	-10.375	False	False	morphology	determiner_noun_agreement	Write a natural, coherent English sentence.
186	6	All actresses approach that content man.	All actresses approach those content man.	-83.0	-83.0	-10.375	-10.375	False	False	morphology	determiner_noun_agreement	Write a natural, coherent English sentence.
187	6	Sarah cleaned those yellow feet.	Sarah cleaned that yellow feet.	-62.25	-62.25	-10.375	-10.375	False	False	morphology	determiner_noun_agreement	Write a natural, coherent English sentence.
188	6	Margaret tours those black oases.	Margaret tours that black oases.	-72.5	-72.5	-10.375	-10.375	False	False	morphology	determiner_noun_agreement	Write a natural, coherent English sentence.
189	6	Rachel wasn't messing up this clean foot.	Rachel wasn't messing up these clean foot.	-114.0	-114.0	-10.375	-10.375	False	False	morphology	determiner_noun_agreement	Write a natural, coherent English sentence.
190	6	The Lutherans go to that old oasis.	The Lutherans go to those old oasis.	-104.0	-104.0	-10.375	-10.375	False	False	morphology	determiner_noun_agreement	Write a natural, coherent English sentence.
191	6	The lamps shock those hidden alumni.	The lamps shock that hidden alumni.	-104.0	-104.0	-10.375	-10.375	False	False	morphology	determiner_noun_agreement	Write a natural, coherent English sentence.
192	6	Claire conceals those small stimuli.	Claire conceals that small stimuli.	-83.0	-83.0	-10.375	-10.375	False	False	morphology	determiner_noun_agreement	Write a natural, coherent English sentence.
193	6	Most documentaries annoy that busy person.	Most documentaries annoy those busy person.	-83.0	-83.0	-10.375	-10.375	False	False	morphology	determiner_noun_agreement	Write a natural, coherent English sentence.
194	6	Pamela shouldn't return to those exposed men.	Pamela shouldn't return to that exposed men.	-114.0	-114.0	-10.375	-10.375	False	False	morphology	determiner_noun_agreement	Write a natural, coherent English sentence.
195	6	That person couldn't arrive at that purple oasis.	That person couldn't arrive at those purple oasis.	-124.5	-124.5	-10.375	-10.375	False	False	morphology	determiner_noun_agreement	Write a natural, coherent English sentence.
196	6	Alicia won't admire those big nuclei.	Alicia won't admire that big nuclei.	-135.0	-135.0	-10.375	-10.375	False	False	morphology	determiner_noun_agreement	Write a natural, coherent English sentence.
197	6	Curtis arrived at that red oasis.	Curtis arrived at those red oasis.	-93.5	-93.5	-10.375	-10.375	False	False	morphology	determiner_noun_agreement	Write a natural, coherent English sentence.
198	6	People investigate that smart man.	People investigate those smart man.	-62.25	-62.25	-10.375	-10.375	False	False	morphology	determiner_noun_agreement	Write a natural, coherent English sentence.
199	6	Some boys hire these content alumni.	Some boys hire this content alumni.	-93.5	-93.5	-10.375	-10.375	False	False	morphology	determiner_noun_agreement	Write a natural, coherent English sentence.
200	6	Leslie found these brown feet.	Leslie found this brown feet.	-72.5	-72.5	-10.375	-10.375	False	False	morphology	determiner_noun_agreement	Write a natural, coherent English sentence.
201	6	Alexander was firing that displeased woman.	Alexander was firing those displeased woman.	-93.5	-93.5	-10.375	-10.375	False	False	morphology	determiner_noun_agreement	Write a natural, coherent English sentence.
202	6	Florence hasn't argued about those confident children.	Florence hasn't argued about that confident children.	-104.0	-104.0	-10.375	-10.375	False	False	morphology	determiner_noun_agreement	Write a natural, coherent English sentence.
203	6	That adult hadn't complained about that exposed man.	That adult hadn't complained about those exposed man.	-114.0	-114.0	-10.375	-10.375	False	False	morphology	determiner_noun_agreement	Write a natural, coherent English sentence.
204	6	Larry works with these scared women.	Larry works with this scared women.	-72.5	-72.5	-10.375	-10.375	False	False	morphology	determiner_noun_agreement	Write a natural, coherent English sentence.
205	6	Kathleen leaves this old child.	Kathleen leaves these old child.	-72.5	-72.5	-10.375	-10.375	False	False	morphology	determiner_noun_agreement	Write a natural, coherent English sentence.
206	6	The actresses weren't watching these scared people.	The actresses weren't watching this scared people.	-114.0	-114.0	-10.375	-10.375	False	False	morphology	determiner_noun_agreement	Write a natural, coherent English sentence.
207	6	Derek isn't escaping from these blue oases.	Derek isn't escaping from this blue oases.	-135.0	-135.0	-10.375	-10.375	False	False	morphology	determiner_noun_agreement	Write a natural, coherent English sentence.
208	6	Naomi isn't talking about that cheap oasis.	Naomi isn't talking about those cheap oasis.	-124.5	-124.5	-10.375	-10.375	False	False	morphology	determiner_noun_agreement	Write a natural, coherent English sentence.
209	6	These guests hate these troubled men.	These guests hate this troubled men.	-83.0	-83.0	-10.375	-10.375	False	False	morphology	determiner_noun_agreement	Write a natural, coherent English sentence.
210	6	Patricia wasn't hiring those small children.	Patricia wasn't hiring that small children.	-114.0	-114.0	-10.375	-10.375	False	False	morphology	determiner_noun_agreement	Write a natural, coherent English sentence.
211	6	All stairs weren't alarming that lucky woman.	All stairs weren't alarming those lucky woman.	-114.0	-114.0	-10.375	-10.375	False	False	morphology	determiner_noun_agreement	Write a natural, coherent English sentence.
212	6	Many drivers left that confident alumnus.	Many drivers left those confident alumnus.	-93.5	-93.5	-10.375	-10.375	False	False	morphology	determiner_noun_agreement	Write a natural, coherent English sentence.
213	6	Every skirt disgusts these smart children.	Every skirt disgusts this smart children.	-83.0	-83.0	-10.375	-10.375	False	False	morphology	determiner_noun_agreement	Write a natural, coherent English sentence.
214	6	Valerie has astounded that lost alumnus.	Valerie has astounded those lost alumnus.	-124.5	-124.5	-10.375	-10.375	False	False	morphology	determiner_noun_agreement	Write a natural, coherent English sentence.
215	6	Sonia should describe this determined child.	Sonia should describe these determined child.	-83.0	-83.0	-10.375	-10.375	False	False	morphology	determiner_noun_agreement	Write a natural, coherent English sentence.
216	6	A lot of lakes weren't disgusting that old person.	A lot of lakes weren't disgusting those old person.	-145.0	-145.0	-10.375	-10.375	False	False	morphology	determiner_noun_agreement	Write a natural, coherent English sentence.
217	6	Some pants hadn't aggravated that good woman.	Some pants hadn't aggravated those good woman.	-124.5	-124.5	-10.375	-10.375	False	False	morphology	determiner_noun_agreement	Write a natural, coherent English sentence.
218	6	Anne does return to that old woman.	Anne does return to those old woman.	-83.0	-83.0	-10.375	-10.375	False	False	morphology	determiner_noun_agreement	Write a natural, coherent English sentence.
219	6	Alan wasn't listening to that delighted person.	Alan wasn't listening to those delighted person.	-104.0	-104.0	-10.375	-10.375	False	False	morphology	determiner_noun_agreement	Write a natural, coherent English sentence.
220	6	Some icicles annoy those serious alumni.	Some icicles annoy that serious alumni.	-104.0	-104.0	-10.375	-10.375	False	False	morphology	determiner_noun_agreement	Write a natural, coherent English sentence.
221	6	Many women won't scare those uncertain men.	Many women won't scare that uncertain men.	-114.0	-114.0	-10.375	-10.375	False	False	morphology	determiner_noun_agreement	Write a natural, coherent English sentence.
222	6	Science disgusts this unconvinced alumnus.	Science disgusts these unconvinced alumnus.	-124.5	-124.5	-10.375	-10.375	False	False	morphology	determiner_noun_agreement	Write a natural, coherent English sentence.
223	6	Connie tours these rough oases.	Connie tours this rough oases.	-83.0	-83.0	-10.375	-10.375	False	False	morphology	determiner_noun_agreement	Write a natural, coherent English sentence.
224	6	Those banks were talking about this lost thesis.	Those banks were talking about these lost thesis.	-93.5	-93.5	-10.375	-10.375	False	False	morphology	determiner_noun_agreement	Write a natural, coherent English sentence.
225	6	Some prints didn't look like this rough louse.	Some prints didn't look like these rough louse.	-124.5	-124.5	-10.375	-10.375	False	False	morphology	determiner_noun_agreement	Write a natural, coherent English sentence.
226	6	All pedestrians like those rough theses.	All pedestrians like that rough theses.	-104.0	-104.0	-10.375	-10.375	False	False	morphology	determiner_noun_agreement	Write a natural, coherent English sentence.
227	6	Douglas saw that black fungus.	Douglas saw those black fungus.	-83.0	-83.0	-10.375	-10.375	False	False	morphology	determiner_noun_agreement	Write a natural, coherent English sentence.
228	6	Sarah examined that bad analysis.	Sarah examined those bad analysis.	-62.25	-62.25	-10.375	-10.375	False	False	morphology	determiner_noun_agreement	Write a natural, coherent English sentence.
229	6	An actress researches this long thesis.	An actress researches these long thesis.	-104.0	-104.0	-10.375	-10.375	False	False	morphology	determiner_noun_agreement	Write a natural, coherent English sentence.
230	6	Those waitresses criticize this hidden child.	Those waitresses criticize these hidden child.	-103.5	-103.5	-10.375	-10.375	False	False	morphology	determiner_noun_agreement	Write a natural, coherent English sentence.
231	6	Most drivers question these upset alumni.	Most drivers question this upset alumni.	-93.5	-93.5	-10.375	-10.375	False	False	morphology	determiner_noun_agreement	Write a natural, coherent English sentence.
232	6	Phillip isn't working with these small women.	Phillip isn't working with this small women.	-114.0	-114.0	-10.375	-10.375	False	False	morphology	determiner_noun_agreement	Write a natural, coherent English sentence.
233	6	Jennifer can't aggravate that unlucky man.	Jennifer can't aggravate those unlucky man.	-135.0	-135.0	-10.375	-10.375	False	False	morphology	determiner_noun_agreement	Write a natural, coherent English sentence.
234	6	Essays confuse this good woman.	Essays confuse these good woman.	-83.0	-83.0	-10.375	-10.375	False	False	morphology	determiner_noun_agreement	Write a natural, coherent English sentence.
235	6	Amelia has forgotten those bad analyses.	Amelia has forgotten that bad analyses.	-93.5	-93.5	-10.375	-10.375	False	False	morphology	determiner_noun_agreement	Write a natural, coherent English sentence.
236	6	Michael had explored this brown oasis.	Michael had explored these brown oasis.	-83.0	-83.0	-10.375	-10.375	False	False	morphology	determiner_noun_agreement	Write a natural, coherent English sentence.
237	6	Natalie can aggravate those smart men.	Natalie can aggravate that smart men.	-104.0	-104.0	-10.375	-10.375	False	False	morphology	determiner_noun_agreement	Write a natural, coherent English sentence.
238	6	That patient won't go to these cheap oases.	That patient won't go to this cheap oases.	-124.5	-124.5	-10.375	-10.375	False	False	morphology	determiner_noun_agreement	Write a natural, coherent English sentence.
239	6	Heidi had discovered those black feet.	Heidi had discovered that black feet.	-83.0	-83.0	-10.375	-10.375	False	False	morphology	determiner_noun_agreement	Write a natural, coherent English sentence.
240	6	David hadn't watched those determined men.	David hadn't watched that determined men.	-93.5	-93.5	-10.375	-10.375	False	False	morphology	determiner_noun_agreement	Write a natural, coherent English sentence.
241	6	Some teenager couldn't walk through these green oases.	Some teenager couldn't walk through this green oases.	-124.5	-124.5	-10.375	-10.375	False	False	morphology	determiner_noun_agreement	Write a natural, coherent English sentence.
242	6	Christina shouldn't sell this hard oasis.	Christina shouldn't sell these hard oasis.	-114.0	-114.0	-10.375	-10.375	False	False	morphology	determiner_noun_agreement	Write a natural, coherent English sentence.
243	6	Christopher isn't firing those sick men.	Christopher isn't firing that sick men.	-93.5	-93.5	-10.375	-10.375	False	False	morphology	determiner_noun_agreement	Write a natural, coherent English sentence.
244	6	Most students hide that yellow mouse.	Most students hide those yellow mouse.	-72.5	-72.5	-10.375	-10.375	False	False	morphology	determiner_noun_agreement	Write a natural, coherent English sentence.
245	6	Holly did buy those clean feet.	Holly did buy that clean feet.	-72.5	-72.5	-10.375	-10.375	False	False	morphology	determiner_noun_agreement	Write a natural, coherent English sentence.
246	6	Many actors clean these brown theses.	Many actors clean this brown theses.	-83.0	-83.0	-10.375	-10.375	False	False	morphology	determiner_noun_agreement	Write a natural, coherent English sentence.
247	6	Stacy would hide those lost lice.	Stacy would hide that lost lice.	-93.5	-93.5	-10.375	-10.375	False	False	morphology	determiner_noun_agreement	Write a natural, coherent English sentence.
248	6	Alan drove to that new oasis.	Alan drove to those new oasis.	-83.0	-83.0	-10.375	-10.375	False	False	morphology	determiner_noun_agreement	Write a natural, coherent English sentence.
249	6	The Impressionists tour this purple oasis.	The Impressionists tour these purple oasis.	-103.5	-103.5	-10.375	-10.375	False	False	morphology	determiner_noun_agreement	Write a natural, coherent English sentence.
250	6	Wayne is talking to this hidden woman.	Wayne is talking to these hidden woman.	-83.0	-83.0	-10.375	-10.375	False	False	morphology	determiner_noun_agreement	Write a natural, coherent English sentence.
251	6	Christopher forgets this happy child.	Christopher forgets these happy child.	-72.5	-72.5	-10.375	-10.375	False	False	morphology	determiner_noun_agreement	Write a natural, coherent English sentence.
252	6	Julie can boycott those cheap oases.	Julie can boycott that cheap oases.	-93.5	-93.5	-10.375	-10.375	False	False	morphology	determiner_noun_agreement	Write a natural, coherent English sentence.
253	6	Most senators dislike these bad theses.	Most senators dislike this bad theses.	-104.0	-104.0	-10.375	-10.375	False	False	morphology	determiner_noun_agreement	Write a natural, coherent English sentence.
254	6	Denise concealed this content person.	Denise concealed these content person.	-83.0	-83.0	-10.375	-10.375	False	False	morphology	determiner_noun_agreement	Write a natural, coherent English sentence.
255	6	Some bike shocks these nice women.	Some bike shocks this nice women.	-83.0	-83.0	-10.375	-10.375	False	False	morphology	determiner_noun_agreement	Write a natural, coherent English sentence.
256	6	These teenagers fix those hidden feet.	These teenagers fix that hidden feet.	-83.0	-83.0	-10.375	-10.375	False	False	morphology	determiner_noun_agreement	Write a natural, coherent English sentence.
257	6	Ella praised that ill woman.	Ella praised those ill woman.	-72.5	-72.5	-10.375	-10.375	False	False	morphology	determiner_noun_agreement	Write a natural, coherent English sentence.
258	6	Current events stun these lost people.	Current events stun this lost people.	-83.0	-83.0	-10.375	-10.375	False	False	morphology	determiner_noun_agreement	Write a natural, coherent English sentence.
259	6	Mary tours this gray oasis.	Mary tours these gray oasis.	-72.5	-72.5	-10.375	-10.375	False	False	morphology	determiner_noun_agreement	Write a natural, coherent English sentence.
260	6	Linda visited those unsure men.	Linda visited that unsure men.	-72.5	-72.5	-10.375	-10.375	False	False	morphology	determiner_noun_agreement	Write a natural, coherent English sentence.
261	6	Dan wouldn't boycott that smooth oasis.	Dan wouldn't boycott those smooth oasis.	-114.0	-114.0	-10.375	-10.375	False	False	morphology	determiner_noun_agreement	Write a natural, coherent English sentence.
262	6	Those men leave that brown oasis.	Those men leave those brown oasis.	-83.0	-83.0	-10.375	-10.375	False	False	morphology	determiner_noun_agreement	Write a natural, coherent English sentence.
263	6	Lissa does pass these black oases.	Lissa does pass this black oases.	-93.5	-93.5	-10.375	-10.375	False	False	morphology	determiner_noun_agreement	Write a natural, coherent English sentence.
264	6	Alice had embarrassed this happy man.	Alice had embarrassed these happy man.	-72.5	-72.5	-10.375	-10.375	False	False	morphology	determiner_noun_agreement	Write a natural, coherent English sentence.
265	6	Wayne is worrying that hopeful child.	Wayne is worrying those hopeful child.	-83.0	-83.0	-10.375	-10.375	False	False	morphology	determiner_noun_agreement	Write a natural, coherent English sentence.
266	6	Lucille is biking to that green oasis.	Lucille is biking to those green oasis.	-114.0	-114.0	-10.375	-10.375	False	False	morphology	determiner_noun_agreement	Write a natural, coherent English sentence.
267	6	Katherine hadn't skated around this white oasis.	Katherine hadn't skated around these white oasis.	-135.0	-135.0	-10.375	-10.375	False	False	morphology	determiner_noun_agreement	Write a natural, coherent English sentence.
268	6	James observed this hopeful child.	James observed these hopeful child.	-72.5	-72.5	-10.375	-10.375	False	False	morphology	determiner_noun_agreement	Write a natural, coherent English sentence.
269	6	Gerald liked this big child.	Gerald liked these big child.	-72.5	-72.5	-10.375	-10.375	False	False	morphology	determiner_noun_agreement	Write a natural, coherent English sentence.
270	6	That committee wasn't hiring this displeased alumnus.	That committee wasn't hiring these displeased alumnus.	-145.0	-145.0	-10.375	-10.375	False	False	morphology	determiner_noun_agreement	Write a natural, coherent English sentence.
271	6	Gary isn't breaking that white tooth.	Gary isn't breaking those white tooth.	-93.5	-93.5	-10.375	-10.375	False	False	morphology	determiner_noun_agreement	Write a natural, coherent English sentence.
272	6	Walter hasn't seen those content children.	Walter hasn't seen that content children.	-93.5	-93.5	-10.375	-10.375	False	False	morphology	determiner_noun_agreement	Write a natural, coherent English sentence.
273	6	Martha didn't clean these hidden teeth.	Martha didn't clean this hidden teeth.	-93.5	-93.5	-10.375	-10.375	False	False	morphology	determiner_noun_agreement	Write a natural, coherent English sentence.
274	6	These teachers are returning to those lost men.	These teachers are returning to that lost men.	-93.5	-93.5	-10.375	-10.375	False	False	morphology	determiner_noun_agreement	Write a natural, coherent English sentence.
275	6	Ellen hadn't boycotted that hidden oasis.	Ellen hadn't boycotted those hidden oasis.	-124.5	-124.5	-10.375	-10.375	False	False	morphology	determiner_noun_agreement	Write a natural, coherent English sentence.
276	6	Some patients drive to these brown oases.	Some patients drive to this brown oases.	-93.5	-93.5	-10.375	-10.375	False	False	morphology	determiner_noun_agreement	Write a natural, coherent English sentence.
277	6	Nina wasn't referencing this ill person.	Nina wasn't referencing these ill person.	-104.0	-104.0	-10.375	-10.375	False	False	morphology	determiner_noun_agreement	Write a natural, coherent English sentence.
278	6	Denise praises these fast children.	Denise praises this fast children.	-83.0	-83.0	-10.375	-10.375	False	False	morphology	determiner_noun_agreement	Write a natural, coherent English sentence.
279	6	Most customers attack that clever man.	Most customers attack those clever man.	-72.5	-72.5	-10.375	-10.375	False	False	morphology	determiner_noun_agreement	Write a natural, coherent English sentence.
280	6	Every photograph looks like those exposed people.	Every photograph looks like that exposed people.	-83.0	-83.0	-10.375	-10.375	False	False	morphology	determiner_noun_agreement	Write a natural, coherent English sentence.
281	6	Cindy shouldn't cure that confident alumnus.	Cindy shouldn't cure those confident alumnus.	-135.0	-135.0	-10.375	-10.375	False	False	morphology	determiner_noun_agreement	Write a natural, coherent English sentence.
282	6	The Borgias reveal these blue feet.	The Borgias reveal this blue feet.	-93.5	-93.5	-10.375	-10.375	False	False	morphology	determiner_noun_agreement	Write a natural, coherent English sentence.
283	6	Ella lifts these exposed fungi.	Ella lifts this exposed fungi.	-93.5	-93.5	-10.375	-10.375	False	False	morphology	determiner_noun_agreement	Write a natural, coherent English sentence.
284	6	The Lutherans astound that unsure person.	The Lutherans astound those unsure person.	-104.0	-104.0	-10.375	-10.375	False	False	morphology	determiner_noun_agreement	Write a natural, coherent English sentence.
285	6	These cakes bore that determined woman.	These cakes bore those determined woman.	-83.0	-83.0	-10.375	-10.375	False	False	morphology	determiner_noun_agreement	Write a natural, coherent English sentence.
286	6	Nina lifts this orange cactus.	Nina lifts these orange cactus.	-93.5	-93.5	-10.375	-10.375	False	False	morphology	determiner_noun_agreement	Write a natural, coherent English sentence.
287	6	The actors kiss these unconvinced children.	The actors kiss this unconvinced children.	-104.0	-104.0	-10.375	-10.375	False	False	morphology	determiner_noun_agreement	Write a natural, coherent English sentence.
288	6	Sharon dislikes that brown thesis.	Sharon dislikes those brown thesis.	-93.5	-93.5	-10.375	-10.375	False	False	morphology	determiner_noun_agreement	Write a natural, coherent English sentence.
289	6	The customers sell these rough fungi.	The customers sell this rough fungi.	-83.0	-83.0	-10.375	-10.375	False	False	morphology	determiner_noun_agreement	Write a natural, coherent English sentence.
290	6	Janice didn't cure those employed men.	Janice didn't cure that employed men.	-104.0	-104.0	-10.375	-10.375	False	False	morphology	determiner_noun_agreement	Write a natural, coherent English sentence.
291	6	Paula left this uncertain person.	Paula left these uncertain person.	-72.5	-72.5	-10.375	-10.375	False	False	morphology	determiner_noun_agreement	Write a natural, coherent English sentence.
292	6	Those guys had escaped from those employed children.	Those guys had escaped from that employed children.	-93.5	-93.5	-10.375	-10.375	False	False	morphology	determiner_noun_agreement	Write a natural, coherent English sentence.
293	6	Christine wasn't touring that old oasis.	Christine wasn't touring those old oasis.	-124.5	-124.5	-10.375	-10.375	False	False	morphology	determiner_noun_agreement	Write a natural, coherent English sentence.
294	6	These waitresses praise this rough thesis.	These waitresses praise these rough thesis.	-93.0	-93.0	-10.375	-10.375	False	False	morphology	determiner_noun_agreement	Write a natural, coherent English sentence.
295	6	Some girls hadn't passed this concealed oasis.	Some girls hadn't passed these concealed oasis.	-124.5	-124.5	-10.375	-10.375	False	False	morphology	determiner_noun_agreement	Write a natural, coherent English sentence.
296	6	Andrea lifts these small cacti.	Andrea lifts this small cacti.	-93.5	-93.5	-10.375	-10.375	False	False	morphology	determiner_noun_agreement	Write a natural, coherent English sentence.
297	6	Kristen is scanning those bad synopses.	Kristen is scanning that bad synopses.	-114.0	-114.0	-10.375	-10.375	False	False	morphology	determiner_noun_agreement	Write a natural, coherent English sentence.
298	6	Alan is skated around these cheap oases.	Alan is skated around this cheap oases.	-104.0	-104.0	-10.375	-10.375	False	False	morphology	determiner_noun_agreement	Write a natural, coherent English sentence.
299	6	Kayla has investigated these busy people.	Kayla has investigated this busy people.	-83.0	-83.0	-10.375	-10.375	False	False	morphology	determiner_noun_agreement	Write a natural, coherent English sentence.
300	6	Timothy observes that good woman.	Timothy observes those good woman.	-83.0	-83.0	-10.375	-10.375	False	False	morphology	determiner_noun_agreement	Write a natural, coherent English sentence.
301	6	Every museum hadn't discussed those hidden theses.	Every museum hadn't discussed that hidden theses.	-114.0	-114.0	-10.375	-10.375	False	False	morphology	determiner_noun_agreement	Write a natural, coherent English sentence.
302	6	Some cashiers help this troubled person.	Some cashiers help these troubled person.	-93.5	-93.5	-10.375	-10.375	False	False	morphology	determiner_noun_agreement	Write a natural, coherent English sentence.
303	6	Amanda was attacking that displeased woman.	Amanda was attacking those displeased woman.	-93.5	-93.5	-10.375	-10.375	False	False	morphology	determiner_noun_agreement	Write a natural, coherent English sentence.
304	6	This window upsets these lost people.	This window upsets this lost people.	-83.0	-83.0	-10.375	-10.375	False	False	morphology	determiner_noun_agreement	Write a natural, coherent English sentence.
305	6	Cindy wasn't bringing those gray cacti.	Cindy wasn't bringing that gray cacti.	-135.0	-135.0	-10.375	-10.375	False	False	morphology	determiner_noun_agreement	Write a natural, coherent English sentence.
306	6	Peter complained about these good synopses.	Peter complained about this good synopses.	-93.5	-93.5	-10.375	-10.375	False	False	morphology	determiner_noun_agreement	Write a natural, coherent English sentence.
307	6	Danielle was touring those new oases.	Danielle was touring that new oases.	-103.5	-103.5	-10.375	-10.375	False	False	morphology	determiner_noun_agreement	Write a natural, coherent English sentence.
308	6	Elaine discusses that standing person.	Elaine discusses those standing person.	-83.0	-83.0	-10.375	-10.375	False	False	morphology	determiner_noun_agreement	Write a natural, coherent English sentence.
309	6	Jacqueline had healed those rough geese.	Jacqueline had healed that rough geese.	-114.0	-114.0	-10.375	-10.375	False	False	morphology	determiner_noun_agreement	Write a natural, coherent English sentence.
310	6	All rivers were distracting those standing men.	All rivers were distracting that standing men.	-93.5	-93.5	-10.375	-10.375	False	False	morphology	determiner_noun_agreement	Write a natural, coherent English sentence.
311	6	Some people exit those yellow oases.	Some people exit that yellow oases.	-83.0	-83.0	-10.375	-10.375	False	False	morphology	determiner_noun_agreement	Write a natural, coherent English sentence.
312	6	Becca isn't exploring these hard oases.	Becca isn't exploring this hard oases.	-114.0	-114.0	-10.375	-10.375	False	False	morphology	determiner_noun_agreement	Write a natural, coherent English sentence.
313	6	Timothy revealed that big foot.	Timothy revealed those big foot.	-72.5	-72.5	-10.375	-10.375	False	False	morphology	determiner_noun_agreement	Write a natural, coherent English sentence.
314	6	Adam fires these determined men.	Adam fires this determined men.	-62.25	-62.25	-10.375	-10.375	False	False	morphology	determiner_noun_agreement	Write a natural, coherent English sentence.
315	6	The teenagers clean this purple foot.	The teenagers clean these purple foot.	-83.0	-83.0	-10.375	-10.375	False	False	morphology	determiner_noun_agreement	Write a natural, coherent English sentence.
316	6	The Great Lakes could annoy that troubled man.	The Great Lakes could annoy those troubled man.	-114.0	-114.0	-10.375	-10.375	False	False	morphology	determiner_noun_agreement	Write a natural, coherent English sentence.
317	6	Karen discusses those bad men.	Karen discusses that bad men.	-72.5	-72.5	-10.375	-10.375	False	False	morphology	determiner_noun_agreement	Write a natural, coherent English sentence.
318	6	Phillip didn't find those ill alumni.	Phillip didn't find that ill alumni.	-124.5	-124.5	-10.375	-10.375	False	False	morphology	determiner_noun_agreement	Write a natural, coherent English sentence.
319	6	A lot of men reference these good analyses.	A lot of men reference this good analyses.	-103.5	-103.5	-10.375	-10.375	False	False	morphology	determiner_noun_agreement	Write a natural, coherent English sentence.
320	6	Larry had insulted these lucky children.	Larry had insulted this lucky children.	-83.0	-83.0	-10.375	-10.375	False	False	morphology	determiner_noun_agreement	Write a natural, coherent English sentence.
321	6	Debra is firing that determined child.	Debra is firing those determined child.	-83.0	-83.0	-10.375	-10.375	False	False	morphology	determiner_noun_agreement	Write a natural, coherent English sentence.
322	6	Noah was watching that fast woman.	Noah was watching those fast woman.	-72.5	-72.5	-10.375	-10.375	False	False	morphology	determiner_noun_agreement	Write a natural, coherent English sentence.
323	6	Gina works with that displeased person.	Gina works with those displeased person.	-104.0	-103.5	-10.375	-10.375	False	False	morphology	determiner_noun_agreement	Write a natural, coherent English sentence.
324	6	Most doctors would bring these big nuclei.	Most doctors would bring this big nuclei.	-93.5	-93.5	-10.375	-10.375	False	False	morphology	determiner_noun_agreement	Write a natural, coherent English sentence.
325	6	All drawings alarm that unconvinced child.	All drawings alarm those unconvinced child.	-104.0	-104.0	-10.375	-10.375	False	False	morphology	determiner_noun_agreement	Write a natural, coherent English sentence.
326	6	Some libraries hate that busy man.	Some libraries hate those busy man.	-72.5	-72.5	-10.375	-10.375	False	False	morphology	determiner_noun_agreement	Write a natural, coherent English sentence.
327	6	Derek disgusted that unemployed child.	Derek disgusted those unemployed child.	-93.5	-93.5	-10.375	-10.375	False	False	morphology	determiner_noun_agreement	Write a natural, coherent English sentence.
328	6	Marla hadn't fired these good men.	Marla hadn't fired this good men.	-104.0	-104.0	-10.375	-10.375	False	False	morphology	determiner_noun_agreement	Write a natural, coherent English sentence.
329	6	Carmen examined that red thesis.	Carmen examined those red thesis.	-72.5	-72.5	-10.375	-10.375	False	False	morphology	determiner_noun_agreement	Write a natural, coherent English sentence.
330	6	Amelia investigates this smart woman.	Amelia investigates these smart woman.	-83.0	-83.0	-10.375	-10.375	False	False	morphology	determiner_noun_agreement	Write a natural, coherent English sentence.
331	6	The Borgias hire that displeased alumnus.	The Borgias hire those displeased alumnus.	-135.0	-135.0	-10.375	-10.375	False	False	morphology	determiner_noun_agreement	Write a natural, coherent English sentence.
332	6	Stacey would arrive at these orange oases.	Stacey would arrive at this orange oases.	-114.0	-114.0	-10.375	-10.375	False	False	morphology	determiner_noun_agreement	Write a natural, coherent English sentence.
333	6	Anna works with this lucky man.	Anna works with these lucky man.	-72.5	-72.5	-10.375	-10.375	False	False	morphology	determiner_noun_agreement	Write a natural, coherent English sentence.
334	6	Walter has scanned this rough thesis.	Walter has scanned these rough thesis.	-83.0	-83.0	-10.375	-10.375	False	False	morphology	determiner_noun_agreement	Write a natural, coherent English sentence.
335	6	Some mushroom bothered that lucky woman.	Some mushroom bothered those lucky woman.	-83.0	-83.0	-10.375	-10.375	False	False	morphology	determiner_noun_agreement	Write a natural, coherent English sentence.
336	6	Cynthia walked through this hard oasis.	Cynthia walked through these hard oasis.	-114.0	-114.0	-10.375	-10.375	False	False	morphology	determiner_noun_agreement	Write a natural, coherent English sentence.
337	6	Liam has healed these black oxen.	Liam has healed this black oxen.	-104.0	-104.0	-10.375	-10.375	False	False	morphology	determiner_noun_agreement	Write a natural, coherent English sentence.
338	6	Andrew did notice these white axes.	Andrew did notice this white axes.	-83.0	-83.0	-10.375	-10.375	False	False	morphology	determiner_noun_agreement	Write a natural, coherent English sentence.
339	6	Bethany kisses these serious alumni.	Bethany kisses this serious alumni.	-103.5	-103.5	-10.375	-10.375	False	False	morphology	determiner_noun_agreement	Write a natural, coherent English sentence.
340	6	Vanessa watches this nice person.	Vanessa watches these nice person.	-72.5	-72.5	-10.375	-10.375	False	False	morphology	determiner_noun_agreement	Write a natural, coherent English sentence.
341	6	Every window astounded that big man.	Every window astounded those big man.	-93.5	-93.5	-10.375	-10.375	False	False	morphology	determiner_noun_agreement	Write a natural, coherent English sentence.
342	6	Donna leaves that upset man.	Donna leaves those upset man.	-72.5	-72.5	-10.375	-10.375	False	False	morphology	determiner_noun_agreement	Write a natural, coherent English sentence.
343	6	Many students drop by that orange oasis.	Many students drop by those orange oasis.	-93.5	-93.5	-10.375	-10.375	False	False	morphology	determiner_noun_agreement	Write a natural, coherent English sentence.
344	6	The sketches looked like this unsure man.	The sketches looked like these unsure man.	-114.0	-114.0	-10.375	-10.375	False	False	morphology	determiner_noun_agreement	Write a natural, coherent English sentence.
345	6	Helen fixes that broken tooth.	Helen fixes those broken tooth.	-72.5	-72.5	-10.375	-10.375	False	False	morphology	determiner_noun_agreement	Write a natural, coherent English sentence.
346	6	Robert wasn't annoying that old person.	Robert wasn't annoying those old person.	-93.5	-93.5	-10.375	-10.375	False	False	morphology	determiner_noun_agreement	Write a natural, coherent English sentence.
347	6	Amy isn't talking to that young woman.	Amy isn't talking to those young woman.	-104.0	-104.0	-10.375	-10.375	False	False	morphology	determiner_noun_agreement	Write a natural, coherent English sentence.
348	6	Alan hadn't remembered these long analyses.	Alan hadn't remembered this long analyses.	-104.0	-104.0	-10.375	-10.375	False	False	morphology	determiner_noun_agreement	Write a natural, coherent English sentence.
349	6	Stephen is working with these out in the open women.	Stephen is working with this out in the open women.	-114.0	-114.0	-10.375	-10.375	False	False	morphology	determiner_noun_agreement	Write a natural, coherent English sentence.
350	6	This library had discussed these employed men.	This library had discussed this employed men.	-83.0	-83.0	-10.375	-10.375	False	False	morphology	determiner_noun_agreement	Write a natural, coherent English sentence.
351	6	This teenager can't worry those delighted men.	This teenager can't worry that delighted men.	-104.0	-104.0	-10.375	-10.375	False	False	morphology	determiner_noun_agreement	Write a natural, coherent English sentence.
352	6	Wendy revealed that sick octopus.	Wendy revealed those sick octopus.	-93.5	-93.5	-10.375	-10.375	False	False	morphology	determiner_noun_agreement	Write a natural, coherent English sentence.
353	6	The Clintons haven't worked with that young person.	The Clintons haven't worked with those young person.	-135.0	-135.0	-10.375	-10.375	False	False	morphology	determiner_noun_agreement	Write a natural, coherent English sentence.
354	6	Some committee aggravates this unconvinced woman.	Some committee aggravates these unconvinced woman.	-124.5	-124.5	-10.375	-10.375	False	False	morphology	determiner_noun_agreement	Write a natural, coherent English sentence.
355	6	Guy bored that troubled man.	Guy bored those troubled man.	-72.5	-72.5	-10.375	-10.375	False	False	morphology	determiner_noun_agreement	Write a natural, coherent English sentence.
356	6	Every actress scanned those bad analyses.	Every actress scanned that bad analyses.	-93.5	-93.5	-10.375	-10.375	False	False	morphology	determiner_noun_agreement	Write a natural, coherent English sentence.
357	6	A library alarms that determined child.	A library alarms those determined child.	-83.0	-83.0	-10.375	-10.375	False	False	morphology	determiner_noun_agreement	Write a natural, coherent English sentence.
358	6	Sheila can't notice this clever man.	Sheila can't notice these clever man.	-103.5	-103.5	-10.375	-10.375	False	False	morphology	determiner_noun_agreement	Write a natural, coherent English sentence.
359	6	James forgets this fast alumnus.	James forgets these fast alumnus.	-93.5	-93.5	-10.375	-10.375	False	False	morphology	determiner_noun_agreement	Write a natural, coherent English sentence.
360	6	Noah hasn't thought about these smooth lice.	Noah hasn't thought about this smooth lice.	-114.0	-114.0	-10.375	-10.375	False	False	morphology	determiner_noun_agreement	Write a natural, coherent English sentence.
361	6	Aaron sees these gray oases.	Aaron sees this gray oases.	-72.5	-72.5	-10.375	-10.375	False	False	morphology	determiner_noun_agreement	Write a natural, coherent English sentence.
362	6	Sherry has taken this standing goose.	Sherry has taken these standing goose.	-93.5	-93.5	-10.375	-10.375	False	False	morphology	determiner_noun_agreement	Write a natural, coherent English sentence.
363	6	Marie hasn't found those ill geese.	Marie hasn't found that ill geese.	-104.0	-104.0	-10.375	-10.375	False	False	morphology	determiner_noun_agreement	Write a natural, coherent English sentence.
364	6	Peter isn't arriving at that red oasis.	Peter isn't arriving at those red oasis.	-114.0	-114.0	-10.375	-10.375	False	False	morphology	determiner_noun_agreement	Write a natural, coherent English sentence.
365	6	Jill isn't boycotting those orange oases.	Jill isn't boycotting that orange oases.	-145.0	-145.0	-10.375	-10.375	False	False	morphology	determiner_noun_agreement	Write a natural, coherent English sentence.
366	6	Julia messes up that orange foot.	Julia messes up those orange foot.	-83.0	-83.0	-10.375	-10.375	False	False	morphology	determiner_noun_agreement	Write a natural, coherent English sentence.
367	6	That hill didn't disturb that content woman.	That hill didn't disturb those content woman.	-104.0	-104.0	-10.375	-10.375	False	False	morphology	determiner_noun_agreement	Write a natural, coherent English sentence.
368	6	Suzanne has concealed that concealed man.	Suzanne has concealed those concealed man.	-103.5	-103.5	-10.375	-10.375	False	False	morphology	determiner_noun_agreement	Write a natural, coherent English sentence.
369	6	Alicia sells that orange octopus.	Alicia sells those orange octopus.	-114.0	-114.0	-10.375	-10.375	False	False	morphology	determiner_noun_agreement	Write a natural, coherent English sentence.
370	6	Leslie has discussed that delighted child.	Leslie has discussed those delighted child.	-83.0	-83.0	-10.375	-10.375	False	False	morphology	determiner_noun_agreement	Write a natural, coherent English sentence.
371	6	Andrea could like these white lice.	Andrea could like this white lice.	-83.0	-83.0	-10.375	-10.375	False	False	morphology	determiner_noun_agreement	Write a natural, coherent English sentence.
372	6	Most children break those rough teeth.	Most children break that rough teeth.	-72.5	-72.5	-10.375	-10.375	False	False	morphology	determiner_noun_agreement	Write a natural, coherent English sentence.
373	6	Richard did work with this clever child.	Richard did work with these clever child.	-83.0	-83.0	-10.375	-10.375	False	False	morphology	determiner_noun_agreement	Write a natural, coherent English sentence.
374	6	Anne hugs this unemployed woman.	Anne hugs these unemployed woman.	-83.0	-83.0	-10.375	-10.375	False	False	morphology	determiner_noun_agreement	Write a natural, coherent English sentence.
375	6	Those actors attack that excited child.	Those actors attack those excited child.	-72.5	-72.5	-10.375	-10.375	False	False	morphology	determiner_noun_agreement	Write a natural, coherent English sentence.
376	6	Bruce was hugging that unconvinced man.	Bruce was hugging those unconvinced man.	-114.0	-114.0	-10.375	-10.375	False	False	morphology	determiner_noun_agreement	Write a natural, coherent English sentence.
377	6	Patrick hasn't hidden this orange oasis.	Patrick hasn't hidden these orange oasis.	-104.0	-104.0	-10.375	-10.375	False	False	morphology	determiner_noun_agreement	Write a natural, coherent English sentence.
378	6	Alicia hadn't discussed that uncertain person.	Alicia hadn't discussed those uncertain person.	-114.0	-114.0	-10.375	-10.375	False	False	morphology	determiner_noun_agreement	Write a natural, coherent English sentence.
379	6	Susan wasn't talking to those confident men.	Susan wasn't talking to that confident men.	-104.0	-104.0	-10.375	-10.375	False	False	morphology	determiner_noun_agreement	Write a natural, coherent English sentence.
380	6	Cheryl will scan that good synopsis.	Cheryl will scan those good synopsis.	-93.5	-93.5	-10.375	-10.375	False	False	morphology	determiner_noun_agreement	Write a natural, coherent English sentence.
381	6	Tamara kissed that unsure man.	Tamara kissed those unsure man.	-83.0	-83.0	-10.375	-10.375	False	False	morphology	determiner_noun_agreement	Write a natural, coherent English sentence.
382	6	Craig boasts about those bad analyses.	Craig boasts about that bad analyses.	-93.5	-93.5	-10.375	-10.375	False	False	morphology	determiner_noun_agreement	Write a natural, coherent English sentence.
383	6	Randolf hadn't hugged those serious people.	Randolf hadn't hugged that serious people.	-114.0	-114.0	-10.375	-10.375	False	False	morphology	determiner_noun_agreement	Write a natural, coherent English sentence.
384	6	Many doctors cure these exposed men.	Many doctors cure this exposed men.	-72.5	-72.5	-10.375	-10.375	False	False	morphology	determiner_noun_agreement	Write a natural, coherent English sentence.
385	6	Women criticized those smooth theses.	Women criticized that smooth theses.	-83.0	-83.0	-10.375	-10.375	False	False	morphology	determiner_noun_agreement	Write a natural, coherent English sentence.
386	6	Some light disturbs that old person.	Some light disturbs those old person.	-93.5	-93.5	-10.375	-10.375	False	False	morphology	determiner_noun_agreement	Write a natural, coherent English sentence.
387	6	Carol was questioning this big man.	Carol was questioning these big man.	-72.5	-72.5	-10.375	-10.375	False	False	morphology	determiner_noun_agreement	Write a natural, coherent English sentence.
388	6	Sara has gone to that old oasis.	Sara has gone to those old oasis.	-93.5	-93.5	-10.375	-10.375	False	False	morphology	determiner_noun_agreement	Write a natural, coherent English sentence.
389	6	Steven brought these red oases.	Steven brought this red oases.	-72.5	-72.5	-10.375	-10.375	False	False	morphology	determiner_noun_agreement	Write a natural, coherent English sentence.
390	6	Diana will disgust these ill children.	Diana will disgust this ill children.	-72.5	-72.5	-10.375	-10.375	False	False	morphology	determiner_noun_agreement	Write a natural, coherent English sentence.
391	6	Steven disturbs these sick alumni.	Steven disturbs this sick alumni.	-104.0	-104.0	-10.375	-10.375	False	False	morphology	determiner_noun_agreement	Write a natural, coherent English sentence.
392	6	Angela wasn't lifting these blue feet.	Angela wasn't lifting this blue feet.	-93.5	-93.5	-10.375	-10.375	False	False	morphology	determiner_noun_agreement	Write a natural, coherent English sentence.
393	6	Sharon hasn't stunned that unsure child.	Sharon hasn't stunned those unsure child.	-124.5	-124.5	-10.375	-10.375	False	False	morphology	determiner_noun_agreement	Write a natural, coherent English sentence.
394	6	These girls question that concealed man.	These girls question those concealed man.	-83.0	-83.0	-10.375	-10.375	False	False	morphology	determiner_noun_agreement	Write a natural, coherent English sentence.
395	6	Martha wasn't kissing this unemployed man.	Martha wasn't kissing these unemployed man.	-114.0	-114.0	-10.375	-10.375	False	False	morphology	determiner_noun_agreement	Write a natural, coherent English sentence.
396	6	Kendra isn't working with this excited child.	Kendra isn't working with these excited child.	-124.5	-124.5	-10.375	-10.375	False	False	morphology	determiner_noun_agreement	Write a natural, coherent English sentence.
397	6	All actresses praise this hard thesis.	All actresses praise these hard thesis.	-83.0	-83.0	-10.375	-10.375	False	False	morphology	determiner_noun_agreement	Write a natural, coherent English sentence.
398	6	David cleans that hard tooth.	David cleans those hard tooth.	-72.5	-72.5	-10.375	-10.375	False	False	morphology	determiner_noun_agreement	Write a natural, coherent English sentence.
399	6	Julia sounded like this uncertain person.	Julia sounded like these uncertain person.	-72.5	-72.5	-10.375	-10.375	False	False	morphology	determiner_noun_agreement	Write a natural, coherent English sentence.
400	6	Those actors attacked that happy alumnus.	Those actors attacked those happy alumnus.	-93.5	-93.5	-10.375	-10.375	False	False	morphology	determiner_noun_agreement	Write a natural, coherent English sentence.
401	6	Eva hadn't admired these black fungi.	Eva hadn't admired this black fungi.	-114.0	-114.0	-10.375	-10.375	False	False	morphology	determiner_noun_agreement	Write a natural, coherent English sentence.
402	6	Many chairs aren't disgusting this unlucky child.	Many chairs aren't disgusting these unlucky child.	-135.0	-135.0	-10.375	-10.375	False	False	morphology	determiner_noun_agreement	Write a natural, coherent English sentence.
403	6	Those waiters break these rough teeth.	Those waiters break this rough teeth.	-83.0	-83.0	-10.375	-10.375	False	False	morphology	determiner_noun_agreement	Write a natural, coherent English sentence.
404	6	Becca leaves this uncertain child.	Becca leaves these uncertain child.	-72.5	-72.5	-10.375	-10.375	False	False	morphology	determiner_noun_agreement	Write a natural, coherent English sentence.
405	6	Some steak disturbs these displeased children.	Some steak disturbs this displeased children.	-124.5	-124.5	-10.375	-10.375	False	False	morphology	determiner_noun_agreement	Write a natural, coherent English sentence.
406	6	Christine wouldn't conceal this lost stimulus.	Christine wouldn't conceal these lost stimulus.	-124.5	-124.5	-10.375	-10.375	False	False	morphology	determiner_noun_agreement	Write a natural, coherent English sentence.
407	6	Every face irritates those unemployed alumni.	Every face irritates that unemployed alumni.	-114.0	-114.0	-10.375	-10.375	False	False	morphology	determiner_noun_agreement	Write a natural, coherent English sentence.
408	6	Susan noticed that unlucky person.	Susan noticed those unlucky person.	-83.0	-83.0	-10.375	-10.375	False	False	morphology	determiner_noun_agreement	Write a natural, coherent English sentence.
409	6	Some women drop by those concealed oases.	Some women drop by that concealed oases.	-104.0	-104.0	-10.375	-10.375	False	False	morphology	determiner_noun_agreement	Write a natural, coherent English sentence.
410	6	The Clintons disagree with these serious men.	The Clintons disagree with this serious men.	-104.0	-104.0	-10.375	-10.375	False	False	morphology	determiner_noun_agreement	Write a natural, coherent English sentence.
411	6	Phillip discovers these busy women.	Phillip discovers this busy women.	-83.0	-83.0	-10.375	-10.375	False	False	morphology	determiner_noun_agreement	Write a natural, coherent English sentence.
412	6	Waiters investigate that hopeful woman.	Waiters investigate those hopeful woman.	-83.0	-83.0	-10.375	-10.375	False	False	morphology	determiner_noun_agreement	Write a natural, coherent English sentence.
413	6	Regina hasn't found these white nuclei.	Regina hasn't found this white nuclei.	-124.5	-124.5	-10.375	-10.375	False	False	morphology	determiner_noun_agreement	Write a natural, coherent English sentence.
414	6	Irene scanned those purple theses.	Irene scanned that purple theses.	-93.5	-93.5	-10.375	-10.375	False	False	morphology	determiner_noun_agreement	Write a natural, coherent English sentence.
415	6	A bank references those popular people.	A bank references that popular people.	-72.5	-72.5	-10.375	-10.375	False	False	morphology	determiner_noun_agreement	Write a natural, coherent English sentence.
416	6	Vincent tours this old oasis.	Vincent tours these old oasis.	-72.5	-72.5	-10.375	-10.375	False	False	morphology	determiner_noun_agreement	Write a natural, coherent English sentence.
417	6	Alicia kisses that standing woman.	Alicia kisses those standing woman.	-93.5	-93.5	-10.375	-10.375	False	False	morphology	determiner_noun_agreement	Write a natural, coherent English sentence.
418	6	Some candles aren't boring those displeased men.	Some candles aren't boring that displeased men.	-135.0	-135.0	-10.375	-10.375	False	False	morphology	determiner_noun_agreement	Write a natural, coherent English sentence.
419	6	That teenager does care for this old alumnus.	That teenager does care for these old alumnus.	-114.0	-114.0	-10.375	-10.375	False	False	morphology	determiner_noun_agreement	Write a natural, coherent English sentence.
420	6	A lot of drawings weren't alarming that displeased man.	A lot of drawings weren't alarming those displeased man.	-156.0	-155.0	-10.375	-10.375	False	False	morphology	determiner_noun_agreement	Write a natural, coherent English sentence.
421	6	That face astounded that important woman.	That face astounded those important woman.	-93.5	-93.5	-10.375	-10.375	False	False	morphology	determiner_noun_agreement	Write a natural, coherent English sentence.
422	6	Tiffany had approached these unemployed people.	Tiffany had approached this unemployed people.	-103.5	-103.5	-10.375	-10.375	False	False	morphology	determiner_noun_agreement	Write a natural, coherent English sentence.
423	6	Christina is passing these rough oases.	Christina is passing this rough oases.	-93.5	-93.5	-10.375	-10.375	False	False	morphology	determiner_noun_agreement	Write a natural, coherent English sentence.
424	6	Debra was praising those busy people.	Debra was praising that busy people.	-93.5	-93.5	-10.375	-10.375	False	False	morphology	determiner_noun_agreement	Write a natural, coherent English sentence.
425	6	The doctors didn't care for these scared children.	The doctors didn't care for this scared children.	-114.0	-114.0	-10.375	-10.375	False	False	morphology	determiner_noun_agreement	Write a natural, coherent English sentence.
426	6	Those ladders stun these small people.	Those ladders stun this small people.	-104.0	-104.0	-10.375	-10.375	False	False	morphology	determiner_noun_agreement	Write a natural, coherent English sentence.
427	6	Samuel isn't distracting these clever women.	Samuel isn't distracting this clever women.	-104.0	-104.0	-10.375	-10.375	False	False	morphology	determiner_noun_agreement	Write a natural, coherent English sentence.
428	6	Lucille dropped by those new oases.	Lucille dropped by that new oases.	-93.5	-93.5	-10.375	-10.375	False	False	morphology	determiner_noun_agreement	Write a natural, coherent English sentence.
429	6	A legislature should aggravate that busy child.	A legislature should aggravate those busy child.	-114.0	-114.0	-10.375	-10.375	False	False	morphology	determiner_noun_agreement	Write a natural, coherent English sentence.
430	6	Larry observed that lucky child.	Larry observed those lucky child.	-62.25	-62.25	-10.375	-10.375	False	False	morphology	determiner_noun_agreement	Write a natural, coherent English sentence.
431	6	Lawrence wasn't approaching those troubled children.	Lawrence wasn't approaching that troubled children.	-104.0	-104.0	-10.375	-10.375	False	False	morphology	determiner_noun_agreement	Write a natural, coherent English sentence.
432	6	Most libraries describe those delighted men.	Most libraries describe that delighted men.	-72.5	-72.5	-10.375	-10.375	False	False	morphology	determiner_noun_agreement	Write a natural, coherent English sentence.
433	6	The Impressionists alarms that sick child.	The Impressionists alarms those sick child.	-103.5	-103.5	-10.375	-10.375	False	False	morphology	determiner_noun_agreement	Write a natural, coherent English sentence.
434	6	A lot of children have this exposed axis.	A lot of children have these exposed axis.	-93.0	-93.0	-10.375	-10.375	False	False	morphology	determiner_noun_agreement	Write a natural, coherent English sentence.
435	6	Melissa couldn't reveal that small man.	Melissa couldn't reveal those small man.	-104.0	-104.0	-10.375	-10.375	False	False	morphology	determiner_noun_agreement	Write a natural, coherent English sentence.
436	6	These carriages won't impress those bad men.	These carriages won't impress that bad men.	-114.0	-114.0	-10.375	-10.375	False	False	morphology	determiner_noun_agreement	Write a natural, coherent English sentence.
437	6	Many girls drop by that red oasis.	Many girls drop by those red oasis.	-93.5	-93.5	-10.375	-10.375	False	False	morphology	determiner_noun_agreement	Write a natural, coherent English sentence.
438	6	The Impressionists fled from this small woman.	The Impressionists fled from these small woman.	-103.5	-103.5	-10.375	-10.375	False	False	morphology	determiner_noun_agreement	Write a natural, coherent English sentence.
439	6	Ann arrived at that blue oasis.	Ann arrived at those blue oasis.	-83.0	-83.0	-10.375	-10.375	False	False	morphology	determiner_noun_agreement	Write a natural, coherent English sentence.
440	6	The sock isn't disturbing those lucky children.	The sock isn't disturbing that lucky children.	-114.0	-114.0	-10.375	-10.375	False	False	morphology	determiner_noun_agreement	Write a natural, coherent English sentence.
441	6	Those socks were shocking those unlucky men.	Those socks were shocking that unlucky men.	-114.0	-114.0	-10.375	-10.375	False	False	morphology	determiner_noun_agreement	Write a natural, coherent English sentence.
442	6	Christine wasn't walking through those cheap oases.	Christine wasn't walking through that cheap oases.	-124.5	-124.5	-10.375	-10.375	False	False	morphology	determiner_noun_agreement	Write a natural, coherent English sentence.
443	6	Mary appreciates those content women.	Mary appreciates that content women.	-72.5	-72.5	-10.375	-10.375	False	False	morphology	determiner_noun_agreement	Write a natural, coherent English sentence.
444	6	That lady didn't question this ill person.	That lady didn't question these ill person.	-104.0	-104.0	-10.375	-10.375	False	False	morphology	determiner_noun_agreement	Write a natural, coherent English sentence.
445	6	Most birds annoy this young woman.	Most birds annoy these young woman.	-72.5	-72.5	-10.375	-10.375	False	False	morphology	determiner_noun_agreement	Write a natural, coherent English sentence.
446	6	Amelia is kissing these content men.	Amelia is kissing this content men.	-93.5	-93.5	-10.375	-10.375	False	False	morphology	determiner_noun_agreement	Write a natural, coherent English sentence.
447	6	Judy isn't taking those standing oxen.	Judy isn't taking that standing oxen.	-114.0	-114.0	-10.375	-10.375	False	False	morphology	determiner_noun_agreement	Write a natural, coherent English sentence.
448	6	Irene is discussing those clever alumni.	Irene is discussing that clever alumni.	-104.0	-104.0	-10.375	-10.375	False	False	morphology	determiner_noun_agreement	Write a natural, coherent English sentence.
449	6	Danielle could describe these long analyses.	Danielle could describe this long analyses.	-93.5	-93.5	-10.375	-10.375	False	False	morphology	determiner_noun_agreement	Write a natural, coherent English sentence.
450	6	Eva hasn't praised that lucky woman.	Eva hasn't praised those lucky woman.	-93.5	-93.5	-10.375	-10.375	False	False	morphology	determiner_noun_agreement	Write a natural, coherent English sentence.
451	6	Grace might observe that unlucky woman.	Grace might observe those unlucky woman.	-93.5	-93.5	-10.375	-10.375	False	False	morphology	determiner_noun_agreement	Write a natural, coherent English sentence.
452	6	The Clintons bothered these clever people.	The Clintons bothered this clever people.	-93.5	-93.5	-10.375	-10.375	False	False	morphology	determiner_noun_agreement	Write a natural, coherent English sentence.
453	6	April hadn't embarrassed those employed alumni.	April hadn't embarrassed that employed alumni.	-114.0	-114.0	-10.375	-10.375	False	False	morphology	determiner_noun_agreement	Write a natural, coherent English sentence.
454	6	Marie shouldn't forget that happy man.	Marie shouldn't forget those happy man.	-93.5	-93.5	-10.375	-10.375	False	False	morphology	determiner_noun_agreement	Write a natural, coherent English sentence.
455	6	Renee isn't breaking that cheap foot.	Renee isn't breaking those cheap foot.	-114.0	-114.0	-10.375	-10.375	False	False	morphology	determiner_noun_agreement	Write a natural, coherent English sentence.
456	6	Monica shouldn't sell those new oases.	Monica shouldn't sell that new oases.	-114.0	-114.0	-10.375	-10.375	False	False	morphology	determiner_noun_agreement	Write a natural, coherent English sentence.
457	6	Every dancer has returned to that troubled man.	Every dancer has returned to those troubled man.	-114.0	-114.0	-10.375	-10.375	False	False	morphology	determiner_noun_agreement	Write a natural, coherent English sentence.
458	6	Those dancers break those green teeth.	Those dancers break that green teeth.	-83.0	-83.0	-10.375	-10.375	False	False	morphology	determiner_noun_agreement	Write a natural, coherent English sentence.
459	6	These teachers talk about these fast women.	These teachers talk about this fast women.	-83.0	-83.0	-10.375	-10.375	False	False	morphology	determiner_noun_agreement	Write a natural, coherent English sentence.
460	6	Spain hasn't praised that happy man.	Spain hasn't praised those happy man.	-93.5	-93.5	-10.375	-10.375	False	False	morphology	determiner_noun_agreement	Write a natural, coherent English sentence.
461	6	Monica does kiss those good people.	Monica does kiss that good people.	-83.0	-83.0	-10.375	-10.375	False	False	morphology	determiner_noun_agreement	Write a natural, coherent English sentence.
462	6	Benjamin can boast about those busy men.	Benjamin can boast about that busy men.	-93.5	-93.5	-10.375	-10.375	False	False	morphology	determiner_noun_agreement	Write a natural, coherent English sentence.
463	6	Donald conceals this lost nucleus.	Donald conceals these lost nucleus.	-83.0	-83.0	-10.375	-10.375	False	False	morphology	determiner_noun_agreement	Write a natural, coherent English sentence.
464	6	Gregory was embarrassing this big woman.	Gregory was embarrassing these big woman.	-83.0	-83.0	-10.375	-10.375	False	False	morphology	determiner_noun_agreement	Write a natural, coherent English sentence.
465	6	The waiter wasn't stunning that hidden child.	The waiter wasn't stunning those hidden child.	-114.0	-114.0	-10.375	-10.375	False	False	morphology	determiner_noun_agreement	Write a natural, coherent English sentence.
466	6	A lot of photographs haven't looked like this red stimulus.	A lot of photographs haven't looked like these red stimulus.	-145.0	-145.0	-10.375	-10.375	False	False	morphology	determiner_noun_agreement	Write a natural, coherent English sentence.
467	6	A patient fixed those cheap feet.	A patient fixed that cheap feet.	-72.5	-72.5	-10.375	-10.375	False	False	morphology	determiner_noun_agreement	Write a natural, coherent English sentence.
468	6	Many gates shouldn't astound these unsure alumni.	Many gates shouldn't astound this unsure alumni.	-145.0	-145.0	-10.375	-10.375	False	False	morphology	determiner_noun_agreement	Write a natural, coherent English sentence.
469	6	That picture hasn't looked like these big men.	That picture hasn't looked like this big men.	-114.0	-114.0	-10.375	-10.375	False	False	morphology	determiner_noun_agreement	Write a natural, coherent English sentence.
470	6	These waitresses talk about this hidden thesis.	These waitresses talk about these hidden thesis.	-103.5	-103.5	-10.375	-10.375	False	False	morphology	determiner_noun_agreement	Write a natural, coherent English sentence.
471	6	Stacy concealed those gray axes.	Stacy concealed that gray axes.	-93.5	-93.5	-10.375	-10.375	False	False	morphology	determiner_noun_agreement	Write a natural, coherent English sentence.
472	6	Nicole remembers those serious alumni.	Nicole remembers that serious alumni.	-93.5	-93.5	-10.375	-10.375	False	False	morphology	determiner_noun_agreement	Write a natural, coherent English sentence.
473	6	Leslie hadn't gone to that small oasis.	Leslie hadn't gone to those small oasis.	-124.5	-124.5	-10.375	-10.375	False	False	morphology	determiner_noun_agreement	Write a natural, coherent English sentence.
474	6	Joel wasn't praising this ill person.	Joel wasn't praising these ill person.	-104.0	-104.0	-10.375	-10.375	False	False	morphology	determiner_noun_agreement	Write a natural, coherent English sentence.
475	6	These drivers embarrasses this young alumnus.	These drivers embarrasses these young alumnus.	-104.0	-104.0	-10.375	-10.375	False	False	morphology	determiner_noun_agreement	Write a natural, coherent English sentence.
476	6	Beef bores that delighted woman.	Beef bores those delighted woman.	-83.0	-83.0	-10.375	-10.375	False	False	morphology	determiner_noun_agreement	Write a natural, coherent English sentence.
477	6	Mitchell goes to this gray oasis.	Mitchell goes to these gray oasis.	-83.0	-83.0	-10.375	-10.375	False	False	morphology	determiner_noun_agreement	Write a natural, coherent English sentence.
478	6	The mouth bores these upset men.	The mouth bores this upset men.	-83.0	-83.0	-10.375	-10.375	False	False	morphology	determiner_noun_agreement	Write a natural, coherent English sentence.
479	6	Most legislatures discuss those good people.	Most legislatures discuss that good people.	-83.0	-83.0	-10.375	-10.375	False	False	morphology	determiner_noun_agreement	Write a natural, coherent English sentence.
480	6	The boys mess up those purple feet.	The boys mess up that purple feet.	-83.0	-83.0	-10.375	-10.375	False	False	morphology	determiner_noun_agreement	Write a natural, coherent English sentence.
481	6	Cashiers describe these fast children.	Cashiers describe this fast children.	-72.5	-72.5	-10.375	-10.375	False	False	morphology	determiner_noun_agreement	Write a natural, coherent English sentence.
482	6	Roger has fired those unconvinced men.	Roger has fired that unconvinced men.	-104.0	-104.0	-10.375	-10.375	False	False	morphology	determiner_noun_agreement	Write a natural, coherent English sentence.
483	6	Amy wasn't kissing this content man.	Amy wasn't kissing these content man.	-103.5	-103.5	-10.375	-10.375	False	False	morphology	determiner_noun_agreement	Write a natural, coherent English sentence.
484	6	Every dancer hadn't praised those good analyses.	Every dancer hadn't praised that good analyses.	-124.5	-124.5	-10.375	-10.375	False	False	morphology	determiner_noun_agreement	Write a natural, coherent English sentence.
485	6	Rhonda wasn't hiding those red mice.	Rhonda wasn't hiding that red mice.	-114.0	-114.0	-10.375	-10.375	False	False	morphology	determiner_noun_agreement	Write a natural, coherent English sentence.
486	6	Every pedestrian talks about that bad synopsis.	Every pedestrian talks about those bad synopsis.	-103.5	-103.5	-10.375	-10.375	False	False	morphology	determiner_noun_agreement	Write a natural, coherent English sentence.
487	6	The fish shocks these old alumni.	The fish shocks this old alumni.	-104.0	-104.0	-10.375	-10.375	False	False	morphology	determiner_noun_agreement	Write a natural, coherent English sentence.
488	6	Those waitresses visited those scared alumni.	Those waitresses visited that scared alumni.	-114.0	-114.0	-10.375	-10.375	False	False	morphology	determiner_noun_agreement	Write a natural, coherent English sentence.
489	6	That library was listening to this nice man.	That library was listening to these nice man.	-93.5	-93.5	-10.375	-10.375	False	False	morphology	determiner_noun_agreement	Write a natural, coherent English sentence.
490	6	Steve wasn't bringing that blue stimulus.	Steve wasn't bringing those blue stimulus.	-104.0	-104.0	-10.375	-10.375	False	False	morphology	determiner_noun_agreement	Write a natural, coherent English sentence.
491	6	Some guest was hiring that scared woman.	Some guest was hiring those scared woman.	-83.0	-83.0	-10.375	-10.375	False	False	morphology	determiner_noun_agreement	Write a natural, coherent English sentence.
492	6	The spotlights upset this unconvinced alumnus.	The spotlights upset these unconvinced alumnus.	-135.0	-135.0	-10.375	-10.375	False	False	morphology	determiner_noun_agreement	Write a natural, coherent English sentence.
493	6	Todd might observe this lost man.	Todd might observe these lost man.	-72.5	-72.5	-10.375	-10.375	False	False	morphology	determiner_noun_agreement	Write a natural, coherent English sentence.
494	6	People could describe that unconvinced person.	People could describe those unconvinced person.	-104.0	-104.0	-10.375	-10.375	False	False	morphology	determiner_noun_agreement	Write a natural, coherent English sentence.
495	6	That waiter had astounded these lucky people.	That waiter had astounded this lucky people.	-114.0	-114.0	-10.375	-10.375	False	False	morphology	determiner_noun_agreement	Write a natural, coherent English sentence.
496	6	Kendra disgusted these confident women.	Kendra disgusted this confident women.	-93.5	-93.5	-10.375	-10.375	False	False	morphology	determiner_noun_agreement	Write a natural, coherent English sentence.
497	6	Spain hasn't annoyed those old people.	Spain hasn't annoyed that old people.	-104.0	-104.0	-10.375	-10.375	False	False	morphology	determiner_noun_agreement	Write a natural, coherent English sentence.
498	6	Steve kisses these out in the open people.	Steve kisses this out in the open people.	-103.5	-103.5	-10.375	-10.375	False	False	morphology	determiner_noun_agreement	Write a natural, coherent English sentence.
499	6	Wayne kissed those unconvinced men.	Wayne kissed that unconvinced men.	-93.5	-93.5	-10.375	-10.375	False	False	morphology	determiner_noun_agreement	Write a natural, coherent English sentence.
500	6	Douglas has brought those lost cacti.	Douglas has brought that lost cacti.	-93.5	-93.5	-10.375	-10.375	False	False	morphology	determiner_noun_agreement	Write a natural, coherent English sentence.
501	6	Tammy can't reveal that big alumnus.	Tammy can't reveal those big alumnus.	-124.5	-124.5	-10.375	-10.375	False	False	morphology	determiner_noun_agreement	Write a natural, coherent English sentence.
502	6	Deborah fled from those standing children.	Deborah fled from that standing children.	-93.5	-93.5	-10.375	-10.375	False	False	morphology	determiner_noun_agreement	Write a natural, coherent English sentence.
503	6	A man wasn't cleaning that hard fungus.	A man wasn't cleaning those hard fungus.	-124.5	-124.5	-10.375	-10.375	False	False	morphology	determiner_noun_agreement	Write a natural, coherent English sentence.
504	6	Danielle has broken those gray teeth.	Danielle has broken that gray teeth.	-83.0	-83.0	-10.375	-10.375	False	False	morphology	determiner_noun_agreement	Write a natural, coherent English sentence.
505	6	Derek praised this big thesis.	Derek praised these big thesis.	-72.5	-72.5	-10.375	-10.375	False	False	morphology	determiner_noun_agreement	Write a natural, coherent English sentence.
506	6	Gary has disgusted those unsure people.	Gary has disgusted that unsure people.	-93.5	-93.5	-10.375	-10.375	False	False	morphology	determiner_noun_agreement	Write a natural, coherent English sentence.
507	6	A senator insulted this bad synopsis.	A senator insulted these bad synopsis.	-103.5	-103.5	-10.375	-10.375	False	False	morphology	determiner_noun_agreement	Write a natural, coherent English sentence.
508	6	A lot of drivers visit these purple oases.	A lot of drivers visit this purple oases.	-103.5	-103.5	-10.375	-10.375	False	False	morphology	determiner_noun_agreement	Write a natural, coherent English sentence.
509	6	Richard isn't attacking this fast child.	Richard isn't attacking these fast child.	-93.5	-93.5	-10.375	-10.375	False	False	morphology	determiner_noun_agreement	Write a natural, coherent English sentence.
510	6	Frank shocked that unsure man.	Frank shocked those unsure man.	-72.5	-72.5	-10.375	-10.375	False	False	morphology	determiner_noun_agreement	Write a natural, coherent English sentence.
511	6	Brett returned to that confident man.	Brett returned to those confident man.	-83.0	-83.0	-10.375	-10.375	False	False	morphology	determiner_noun_agreement	Write a natural, coherent English sentence.
512	6	Many ladies weren't passing these old oases.	Many ladies weren't passing this old oases.	-114.0	-114.0	-10.375	-10.375	False	False	morphology	determiner_noun_agreement	Write a natural, coherent English sentence.
513	6	A waiter brought those purple teeth.	A waiter brought that purple teeth.	-83.0	-83.0	-10.375	-10.375	False	False	morphology	determiner_noun_agreement	Write a natural, coherent English sentence.
514	6	Beverly has fired this fast alumnus.	Beverly has fired these fast alumnus.	-104.0	-104.0	-10.375	-10.375	False	False	morphology	determiner_noun_agreement	Write a natural, coherent English sentence.
515	6	Men haven't observed that standing man.	Men haven't observed those standing man.	-93.5	-93.5	-10.375	-10.375	False	False	morphology	determiner_noun_agreement	Write a natural, coherent English sentence.
516	6	Tiffany admired this ill child.	Tiffany admired these ill child.	-93.5	-93.5	-10.375	-10.375	False	False	morphology	determiner_noun_agreement	Write a natural, coherent English sentence.
517	6	That patient didn't love that unemployed alumnus.	That patient didn't love those unemployed alumnus.	-135.0	-135.0	-10.375	-10.375	False	False	morphology	determiner_noun_agreement	Write a natural, coherent English sentence.
518	6	Aaron reveals that red tooth.	Aaron reveals those red tooth.	-62.25	-62.25	-10.375	-10.375	False	False	morphology	determiner_noun_agreement	Write a natural, coherent English sentence.
519	6	Monica was insulting those bad people.	Monica was insulting that bad people.	-93.5	-93.5	-10.375	-10.375	False	False	morphology	determiner_noun_agreement	Write a natural, coherent English sentence.
520	6	These teenagers watch that old alumnus.	These teenagers watch those old alumnus.	-103.5	-103.5	-10.375	-10.375	False	False	morphology	determiner_noun_agreement	Write a natural, coherent English sentence.
521	6	Tina might confuse this exposed child.	Tina might confuse these exposed child.	-93.5	-93.5	-10.375	-10.375	False	False	morphology	determiner_noun_agreement	Write a natural, coherent English sentence.
522	6	A face was confusing that nice woman.	A face was confusing those nice woman.	-83.0	-83.0	-10.375	-10.375	False	False	morphology	determiner_noun_agreement	Write a natural, coherent English sentence.
523	6	An adult researches that good analysis.	An adult researches those good analysis.	-104.0	-104.0	-10.375	-10.375	False	False	morphology	determiner_noun_agreement	Write a natural, coherent English sentence.
524	6	Some broccoli isn't annoying these unconvinced women.	Some broccoli isn't annoying this unconvinced women.	-156.0	-156.0	-10.375	-10.375	False	False	morphology	determiner_noun_agreement	Write a natural, coherent English sentence.
525	6	Nancy talks about these content children.	Nancy talks about this content children.	-72.5	-72.5	-10.375	-10.375	False	False	morphology	determiner_noun_agreement	Write a natural, coherent English sentence.
526	6	Regina found this lost ox.	Regina found these lost ox.	-83.0	-83.0	-10.375	-10.375	False	False	morphology	determiner_noun_agreement	Write a natural, coherent English sentence.
527	6	Emily had respected that clever man.	Emily had respected those clever man.	-72.5	-72.5	-10.375	-10.375	False	False	morphology	determiner_noun_agreement	Write a natural, coherent English sentence.
528	6	Kathleen has worked with this confident man.	Kathleen has worked with these confident man.	-93.5	-93.5	-10.375	-10.375	False	False	morphology	determiner_noun_agreement	Write a natural, coherent English sentence.
529	6	Most customers are distracting these determined children.	Most customers are distracting this determined children.	-93.5	-93.5	-10.375	-10.375	False	False	morphology	determiner_noun_agreement	Write a natural, coherent English sentence.
530	6	Rachelle didn't cure this black octopus.	Rachelle didn't cure these black octopus.	-124.5	-124.5	-10.375	-10.375	False	False	morphology	determiner_noun_agreement	Write a natural, coherent English sentence.
531	6	Steven hugs these standing men.	Steven hugs this standing men.	-72.5	-72.5	-10.375	-10.375	False	False	morphology	determiner_noun_agreement	Write a natural, coherent English sentence.
532	6	Every popsicle shocked those excited men.	Every popsicle shocked that excited men.	-93.5	-93.5	-10.375	-10.375	False	False	morphology	determiner_noun_agreement	Write a natural, coherent English sentence.
533	6	Sonia lifts that new oasis.	Sonia lifts those new oasis.	-93.5	-93.5	-10.375	-10.375	False	False	morphology	determiner_noun_agreement	Write a natural, coherent English sentence.
534	6	Cheryl might tour that purple oasis.	Cheryl might tour those purple oasis.	-93.5	-93.5	-10.375	-10.375	False	False	morphology	determiner_noun_agreement	Write a natural, coherent English sentence.
535	6	This doctor appreciates this bad child.	This doctor appreciates these bad child.	-83.0	-83.0	-10.375	-10.375	False	False	morphology	determiner_noun_agreement	Write a natural, coherent English sentence.
536	6	Leslie breaks those red feet.	Leslie breaks that red feet.	-72.5	-72.5	-10.375	-10.375	False	False	morphology	determiner_noun_agreement	Write a natural, coherent English sentence.
537	6	Bethany hasn't hidden that yellow louse.	Bethany hasn't hidden those yellow louse.	-114.0	-114.0	-10.375	-10.375	False	False	morphology	determiner_noun_agreement	Write a natural, coherent English sentence.
538	6	Some people have criticized this brown thesis.	Some people have criticized these brown thesis.	-93.5	-93.5	-10.375	-10.375	False	False	morphology	determiner_noun_agreement	Write a natural, coherent English sentence.
539	6	Noah heals this determined child.	Noah heals these determined child.	-72.5	-72.5	-10.375	-10.375	False	False	morphology	determiner_noun_agreement	Write a natural, coherent English sentence.
540	6	Kevin biked to those big oases.	Kevin biked to that big oases.	-104.0	-104.0	-10.375	-10.375	False	False	morphology	determiner_noun_agreement	Write a natural, coherent English sentence.
541	6	Wayne hadn't bored these sick men.	Wayne hadn't bored this sick men.	-93.5	-93.5	-10.375	-10.375	False	False	morphology	determiner_noun_agreement	Write a natural, coherent English sentence.
542	6	Amy returns to those young alumni.	Amy returns to that young alumni.	-93.5	-93.5	-10.375	-10.375	False	False	morphology	determiner_noun_agreement	Write a natural, coherent English sentence.
543	6	That gate did aggravate this excited woman.	That gate did aggravate these excited woman.	-104.0	-104.0	-10.375	-10.375	False	False	morphology	determiner_noun_agreement	Write a natural, coherent English sentence.
544	6	Melissa observes that bad child.	Melissa observes those bad child.	-83.0	-83.0	-10.375	-10.375	False	False	morphology	determiner_noun_agreement	Write a natural, coherent English sentence.
545	6	Kathleen wasn't scanning those long synopses.	Kathleen wasn't scanning that long synopses.	-135.0	-135.0	-10.375	-10.375	False	False	morphology	determiner_noun_agreement	Write a natural, coherent English sentence.
546	6	That guy dropped by these white oases.	That guy dropped by this white oases.	-93.5	-93.5	-10.375	-10.375	False	False	morphology	determiner_noun_agreement	Write a natural, coherent English sentence.
547	6	Every child might fire this serious child.	Every child might fire these serious child.	-83.0	-83.0	-10.375	-10.375	False	False	morphology	determiner_noun_agreement	Write a natural, coherent English sentence.
548	6	Meredith had concealed that black thesis.	Meredith had concealed those black thesis.	-104.0	-104.0	-10.375	-10.375	False	False	morphology	determiner_noun_agreement	Write a natural, coherent English sentence.
549	6	Randolf didn't see these blue teeth.	Randolf didn't see this blue teeth.	-104.0	-104.0	-10.375	-10.375	False	False	morphology	determiner_noun_agreement	Write a natural, coherent English sentence.
550	6	Some guy passes that rough oasis.	Some guy passes those rough oasis.	-83.0	-83.0	-10.375	-10.375	False	False	morphology	determiner_noun_agreement	Write a natural, coherent English sentence.
551	6	Guys hurts that smart man.	Guys hurts those smart man.	-83.0	-83.0	-10.375	-10.375	False	False	morphology	determiner_noun_agreement	Write a natural, coherent English sentence.
552	6	Many museums should describe this fast man.	Many museums should describe these fast man.	-93.5	-93.5	-10.375	-10.375	False	False	morphology	determiner_noun_agreement	Write a natural, coherent English sentence.
553	6	A lot of chairs haven't embarrassed this serious man.	A lot of chairs haven't embarrassed these serious man.	-124.5	-124.5	-10.375	-10.375	False	False	morphology	determiner_noun_agreement	Write a natural, coherent English sentence.
554	6	Emily talked about that ill alumnus.	Emily talked about those ill alumnus.	-93.5	-93.5	-10.375	-10.375	False	False	morphology	determiner_noun_agreement	Write a natural, coherent English sentence.
555	6	A lot of girls notice these black lice.	A lot of girls notice this black lice.	-103.5	-103.5	-10.375	-10.375	False	False	morphology	determiner_noun_agreement	Write a natural, coherent English sentence.
556	6	Those schools reference that green thesis.	Those schools reference those green thesis.	-72.5	-72.5	-10.375	-10.375	False	False	morphology	determiner_noun_agreement	Write a natural, coherent English sentence.
557	6	Bradley had bored this delighted alumnus.	Bradley had bored these delighted alumnus.	-103.5	-103.5	-10.375	-10.375	False	False	morphology	determiner_noun_agreement	Write a natural, coherent English sentence.
558	6	Melinda scares this good woman.	Melinda scares these good woman.	-83.0	-83.0	-10.375	-10.375	False	False	morphology	determiner_noun_agreement	Write a natural, coherent English sentence.
559	6	Those pedestrians go to those big oases.	Those pedestrians go to that big oases.	-114.0	-114.0	-10.375	-10.375	False	False	morphology	determiner_noun_agreement	Write a natural, coherent English sentence.
560	6	Many doctors escaped from that lost child.	Many doctors escaped from those lost child.	-83.0	-83.0	-10.375	-10.375	False	False	morphology	determiner_noun_agreement	Write a natural, coherent English sentence.
561	6	Tamara isn't revealing that orange ox.	Tamara isn't revealing those orange ox.	-104.0	-104.0	-10.375	-10.375	False	False	morphology	determiner_noun_agreement	Write a natural, coherent English sentence.
562	6	Many patients arrive at that hidden oasis.	Many patients arrive at those hidden oasis.	-93.5	-93.5	-10.375	-10.375	False	False	morphology	determiner_noun_agreement	Write a natural, coherent English sentence.
563	6	Beth leaves these happy children.	Beth leaves this happy children.	-62.25	-62.25	-10.375	-10.375	False	False	morphology	determiner_noun_agreement	Write a natural, coherent English sentence.
564	6	Deanna broke that yellow foot.	Deanna broke those yellow foot.	-72.5	-72.5	-10.375	-10.375	False	False	morphology	determiner_noun_agreement	Write a natural, coherent English sentence.
565	6	Jessica had talked to that concealed man.	Jessica had talked to those concealed man.	-93.5	-93.5	-10.375	-10.375	False	False	morphology	determiner_noun_agreement	Write a natural, coherent English sentence.
566	6	Those actors praise those long synopses.	Those actors praise that long synopses.	-93.5	-93.5	-10.375	-10.375	False	False	morphology	determiner_noun_agreement	Write a natural, coherent English sentence.
567	6	This coat hasn't astounded these popular men.	This coat hasn't astounded this popular men.	-124.5	-124.5	-10.375	-10.375	False	False	morphology	determiner_noun_agreement	Write a natural, coherent English sentence.
568	6	Wendy does talk to this scared alumnus.	Wendy does talk to these scared alumnus.	-114.0	-114.0	-10.375	-10.375	False	False	morphology	determiner_noun_agreement	Write a natural, coherent English sentence.
569	6	Christine is questioning these happy men.	Christine is questioning this happy men.	-83.0	-83.0	-10.375	-10.375	False	False	morphology	determiner_noun_agreement	Write a natural, coherent English sentence.
570	6	All doctors loved that displeased man.	All doctors loved those displeased man.	-93.5	-93.5	-10.375	-10.375	False	False	morphology	determiner_noun_agreement	Write a natural, coherent English sentence.
571	6	Waitresses researched these long synopses.	Waitresses researched this long synopses.	-135.0	-135.0	-10.375	-10.375	False	False	morphology	determiner_noun_agreement	Write a natural, coherent English sentence.
572	6	Alexander can flee from this nice woman.	Alexander can flee from these nice woman.	-93.5	-93.5	-10.375	-10.375	False	False	morphology	determiner_noun_agreement	Write a natural, coherent English sentence.
573	6	Walter hadn't hated this fast man.	Walter hadn't hated these fast man.	-93.5	-93.5	-10.375	-10.375	False	False	morphology	determiner_noun_agreement	Write a natural, coherent English sentence.
574	6	Those cashiers buy those smooth lice.	Those cashiers buy that smooth lice.	-93.5	-93.5	-10.375	-10.375	False	False	morphology	determiner_noun_agreement	Write a natural, coherent English sentence.
575	6	Sonia hid that determined child.	Sonia hid those determined child.	-72.5	-72.5	-10.375	-10.375	False	False	morphology	determiner_noun_agreement	Write a natural, coherent English sentence.
576	6	Barbara is observing that excited person.	Barbara is observing those excited person.	-83.0	-83.0	-10.375	-10.375	False	False	morphology	determiner_noun_agreement	Write a natural, coherent English sentence.
577	6	That company stuns these unconvinced women.	That company stuns this unconvinced women.	-114.0	-114.0	-10.375	-10.375	False	False	morphology	determiner_noun_agreement	Write a natural, coherent English sentence.
578	6	Paul thought about those bad theses.	Paul thought about that bad theses.	-83.0	-83.0	-10.375	-10.375	False	False	morphology	determiner_noun_agreement	Write a natural, coherent English sentence.
579	6	Victoria escaped from these displeased children.	Victoria escaped from this displeased children.	-93.5	-93.5	-10.375	-10.375	False	False	morphology	determiner_noun_agreement	Write a natural, coherent English sentence.
580	6	Brad notices this big octopus.	Brad notices these big octopus.	-93.5	-93.5	-10.375	-10.375	False	False	morphology	determiner_noun_agreement	Write a natural, coherent English sentence.
581	6	Adam is praising those yellow theses.	Adam is praising that yellow theses.	-93.5	-93.5	-10.375	-10.375	False	False	morphology	determiner_noun_agreement	Write a natural, coherent English sentence.
582	6	Douglas did tour those hidden oases.	Douglas did tour that hidden oases.	-83.0	-83.0	-10.375	-10.375	False	False	morphology	determiner_noun_agreement	Write a natural, coherent English sentence.
583	6	Gerald couldn't know these happy men.	Gerald couldn't know this happy men.	-104.0	-104.0	-10.375	-10.375	False	False	morphology	determiner_noun_agreement	Write a natural, coherent English sentence.
584	6	Those women hug that smart man.	Those women hug those smart man.	-72.5	-72.5	-10.375	-10.375	False	False	morphology	determiner_noun_agreement	Write a natural, coherent English sentence.
585	6	These senators wouldn't forget that long synopsis.	These senators wouldn't forget those long synopsis.	-124.5	-124.5	-10.375	-10.375	False	False	morphology	determiner_noun_agreement	Write a natural, coherent English sentence.
586	6	Edward took those lost stimuli.	Edward took that lost stimuli.	-72.5	-72.5	-10.375	-10.375	False	False	morphology	determiner_noun_agreement	Write a natural, coherent English sentence.
587	6	The waitresses did know this lucky person.	The waitresses did know these lucky person.	-103.5	-103.5	-10.375	-10.375	False	False	morphology	determiner_noun_agreement	Write a natural, coherent English sentence.
588	6	That library might love this important person.	That library might love these important person.	-83.0	-83.0	-10.375	-10.375	False	False	morphology	determiner_noun_agreement	Write a natural, coherent English sentence.
589	6	Carrie was healing this gray octopus.	Carrie was healing these gray octopus.	-104.0	-104.0	-10.375	-10.375	False	False	morphology	determiner_noun_agreement	Write a natural, coherent English sentence.
590	6	Sonia hadn't cleaned those gray teeth.	Sonia hadn't cleaned that gray teeth.	-104.0	-104.0	-10.375	-10.375	False	False	morphology	determiner_noun_agreement	Write a natural, coherent English sentence.
591	6	The Lutherans alarmed this confident woman.	The Lutherans alarmed these confident woman.	-93.5	-93.5	-10.375	-10.375	False	False	morphology	determiner_noun_agreement	Write a natural, coherent English sentence.
592	6	This shirt impressed those popular people.	This shirt impressed that popular people.	-72.5	-72.5	-10.375	-10.375	False	False	morphology	determiner_noun_agreement	Write a natural, coherent English sentence.
593	6	Some schools love that employed person.	Some schools love those employed person.	-72.5	-72.5	-10.375	-10.375	False	False	morphology	determiner_noun_agreement	Write a natural, coherent English sentence.
594	6	Valerie hasn't known this young child.	Valerie hasn't known these young child.	-104.0	-104.0	-10.375	-10.375	False	False	morphology	determiner_noun_agreement	Write a natural, coherent English sentence.
595	6	Scott respected those displeased men.	Scott respected that displeased men.	-83.0	-83.0	-10.375	-10.375	False	False	morphology	determiner_noun_agreement	Write a natural, coherent English sentence.
596	6	The ladies work with those lost children.	The ladies work with that lost children.	-83.0	-83.0	-10.375	-10.375	False	False	morphology	determiner_noun_agreement	Write a natural, coherent English sentence.
597	6	Dawn had biked to this small oasis.	Dawn had biked to these small oasis.	-124.5	-124.5	-10.375	-10.375	False	False	morphology	determiner_noun_agreement	Write a natural, coherent English sentence.
598	6	Samantha would explore that gray oasis.	Samantha would explore those gray oasis.	-104.0	-104.0	-10.375	-10.375	False	False	morphology	determiner_noun_agreement	Write a natural, coherent English sentence.
599	6	All steps upset those unemployed men.	All steps upset that unemployed men.	-83.0	-83.0	-10.375	-10.375	False	False	morphology	determiner_noun_agreement	Write a natural, coherent English sentence.
600	6	Marla has described that unemployed woman.	Marla has described those unemployed woman.	-93.5	-93.5	-10.375	-10.375	False	False	morphology	determiner_noun_agreement	Write a natural, coherent English sentence.
601	6	Most universities bore those excited children.	Most universities bore that excited children.	-72.5	-72.5	-10.375	-10.375	False	False	morphology	determiner_noun_agreement	Write a natural, coherent English sentence.
602	6	These banks should reference that purple thesis.	These banks should reference those purple thesis.	-83.0	-83.0	-10.375	-10.375	False	False	morphology	determiner_noun_agreement	Write a natural, coherent English sentence.
603	6	Sherry brought those concealed geese.	Sherry brought that concealed geese.	-93.5	-93.5	-10.375	-10.375	False	False	morphology	determiner_noun_agreement	Write a natural, coherent English sentence.
604	6	Many pedestrians complain about these long analyses.	Many pedestrians complain about this long analyses.	-114.0	-114.0	-10.375	-10.375	False	False	morphology	determiner_noun_agreement	Write a natural, coherent English sentence.
605	6	Theresa fixed these small teeth.	Theresa fixed this small teeth.	-72.5	-72.5	-10.375	-10.375	False	False	morphology	determiner_noun_agreement	Write a natural, coherent English sentence.
606	6	This lake disturbed those unconvinced men.	This lake disturbed that unconvinced men.	-114.0	-114.0	-10.375	-10.375	False	False	morphology	determiner_noun_agreement	Write a natural, coherent English sentence.
607	6	Catherine was talking about those bad synopses.	Catherine was talking about that bad synopses.	-103.5	-103.5	-10.375	-10.375	False	False	morphology	determiner_noun_agreement	Write a natural, coherent English sentence.
608	6	Alicia had escaped from these hidden men.	Alicia had escaped from this hidden men.	-104.0	-104.0	-10.375	-10.375	False	False	morphology	determiner_noun_agreement	Write a natural, coherent English sentence.
609	6	Natalie hasn't worked with this confident woman.	Natalie hasn't worked with these confident woman.	-114.0	-114.0	-10.375	-10.375	False	False	morphology	determiner_noun_agreement	Write a natural, coherent English sentence.
610	6	Amelia annoyed this smart man.	Amelia annoyed these smart man.	-83.0	-83.0	-10.375	-10.375	False	False	morphology	determiner_noun_agreement	Write a natural, coherent English sentence.
611	6	Every guest is irritating this serious child.	Every guest is irritating these serious child.	-93.5	-93.5	-10.375	-10.375	False	False	morphology	determiner_noun_agreement	Write a natural, coherent English sentence.
612	6	All reports annoyed this hopeful person.	All reports annoyed these hopeful person.	-93.5	-93.5	-10.375	-10.375	False	False	morphology	determiner_noun_agreement	Write a natural, coherent English sentence.
613	6	These women break those orange teeth.	These women break that orange teeth.	-72.5	-72.5	-10.375	-10.375	False	False	morphology	determiner_noun_agreement	Write a natural, coherent English sentence.
614	6	Christopher could shock this excited child.	Christopher could shock these excited child.	-72.5	-72.5	-10.375	-10.375	False	False	morphology	determiner_noun_agreement	Write a natural, coherent English sentence.
615	6	This spotlight hasn't disgusted that employed child.	This spotlight hasn't disgusted those employed child.	-124.5	-124.5	-10.375	-10.375	False	False	morphology	determiner_noun_agreement	Write a natural, coherent English sentence.
616	6	Samantha fled from that busy child.	Samantha fled from those busy child.	-93.5	-93.5	-10.375	-10.375	False	False	morphology	determiner_noun_agreement	Write a natural, coherent English sentence.
617	6	Lucille arrived at that hard oasis.	Lucille arrived at those hard oasis.	-93.5	-93.5	-10.375	-10.375	False	False	morphology	determiner_noun_agreement	Write a natural, coherent English sentence.
618	6	All teachers see those yellow lice.	All teachers see that yellow lice.	-83.0	-83.0	-10.375	-10.375	False	False	morphology	determiner_noun_agreement	Write a natural, coherent English sentence.
619	6	Some photographs haven't looked like these small octopi.	Some photographs haven't looked like this small octopi.	-135.0	-135.0	-10.375	-10.375	False	False	morphology	determiner_noun_agreement	Write a natural, coherent English sentence.
620	6	Danielle brought those blue feet.	Danielle brought that blue feet.	-72.5	-72.5	-10.375	-10.375	False	False	morphology	determiner_noun_agreement	Write a natural, coherent English sentence.
621	6	Todd hadn't left those exposed men.	Todd hadn't left that exposed men.	-93.5	-93.5	-10.375	-10.375	False	False	morphology	determiner_noun_agreement	Write a natural, coherent English sentence.
622	6	Some doctors embarrasses those delighted alumni.	Some doctors embarrasses that delighted alumni.	-104.0	-104.0	-10.375	-10.375	False	False	morphology	determiner_noun_agreement	Write a natural, coherent English sentence.
623	6	The actresses forget that unemployed alumnus.	The actresses forget those unemployed alumnus.	-114.0	-114.0	-10.375	-10.375	False	False	morphology	determiner_noun_agreement	Write a natural, coherent English sentence.
624	6	A lot of socks alarm this unsure alumnus.	A lot of socks alarm these unsure alumnus.	-124.5	-124.5	-10.375	-10.375	False	False	morphology	determiner_noun_agreement	Write a natural, coherent English sentence.
625	6	The customers are thinking about that busy child.	The customers are thinking about those busy child.	-93.5	-93.5	-10.375	-10.375	False	False	morphology	determiner_noun_agreement	Write a natural, coherent English sentence.
626	6	Kristin wasn't kissing those small men.	Kristin wasn't kissing that small men.	-114.0	-114.0	-10.375	-10.375	False	False	morphology	determiner_noun_agreement	Write a natural, coherent English sentence.
627	6	Omar hasn't broken this broken foot.	Omar hasn't broken these broken foot.	-103.5	-103.5	-10.375	-10.375	False	False	morphology	determiner_noun_agreement	Write a natural, coherent English sentence.
628	6	The actress worked with this nice woman.	The actress worked with these nice woman.	-83.0	-83.0	-10.375	-10.375	False	False	morphology	determiner_noun_agreement	Write a natural, coherent English sentence.
629	6	Patients insult these happy people.	Patients insult this happy people.	-72.5	-72.5	-10.375	-10.375	False	False	morphology	determiner_noun_agreement	Write a natural, coherent English sentence.
630	6	Spain bought those orange lice.	Spain bought that orange lice.	-72.5	-72.5	-10.375	-10.375	False	False	morphology	determiner_noun_agreement	Write a natural, coherent English sentence.
631	6	Those waiters didn't kiss this unlucky child.	Those waiters didn't kiss these unlucky child.	-135.0	-135.0	-10.375	-10.375	False	False	morphology	determiner_noun_agreement	Write a natural, coherent English sentence.
632	6	Jennifer isn't touring these old oases.	Jennifer isn't touring this old oases.	-114.0	-114.0	-10.375	-10.375	False	False	morphology	determiner_noun_agreement	Write a natural, coherent English sentence.
633	6	Glaciers upset this small child.	Glaciers upset these small child.	-83.0	-83.0	-10.375	-10.375	False	False	morphology	determiner_noun_agreement	Write a natural, coherent English sentence.
634	6	John investigated these old men.	John investigated this old men.	-62.25	-62.25	-10.375	-10.375	False	False	morphology	determiner_noun_agreement	Write a natural, coherent English sentence.
635	6	Some doctors hated these yellow theses.	Some doctors hated this yellow theses.	-83.0	-83.0	-10.375	-10.375	False	False	morphology	determiner_noun_agreement	Write a natural, coherent English sentence.
636	6	Linda described that clever man.	Linda described those clever man.	-62.25	-62.25	-10.375	-10.375	False	False	morphology	determiner_noun_agreement	Write a natural, coherent English sentence.
637	6	Many drawings are looking like these excited women.	Many drawings are looking like this excited women.	-93.5	-93.5	-10.375	-10.375	False	False	morphology	determiner_noun_agreement	Write a natural, coherent English sentence.
638	6	Mitchell had concealed that small tooth.	Mitchell had concealed those small tooth.	-83.0	-83.0	-10.375	-10.375	False	False	morphology	determiner_noun_agreement	Write a natural, coherent English sentence.
639	6	Every dog had irritated this young child.	Every dog had irritated these young child.	-93.5	-93.5	-10.375	-10.375	False	False	morphology	determiner_noun_agreement	Write a natural, coherent English sentence.
640	6	Some doctors lift this exposed ox.	Some doctors lift these exposed ox.	-72.5	-72.5	-10.375	-10.375	False	False	morphology	determiner_noun_agreement	Write a natural, coherent English sentence.
641	6	Valerie was disgusting that happy woman.	Valerie was disgusting those happy woman.	-93.5	-93.5	-10.375	-10.375	False	False	morphology	determiner_noun_agreement	Write a natural, coherent English sentence.
642	6	Claire hugs those clever men.	Claire hugs that clever men.	-72.5	-72.5	-10.375	-10.375	False	False	morphology	determiner_noun_agreement	Write a natural, coherent English sentence.
643	6	All adults go to these white oases.	All adults go to this white oases.	-93.5	-93.5	-10.375	-10.375	False	False	morphology	determiner_noun_agreement	Write a natural, coherent English sentence.
644	6	Bill observed this nice child.	Bill observed these nice child.	-62.25	-62.25	-10.375	-10.375	False	False	morphology	determiner_noun_agreement	Write a natural, coherent English sentence.
645	6	Diana kissed these delighted alumni.	Diana kissed this delighted alumni.	-83.0	-83.0	-10.375	-10.375	False	False	morphology	determiner_noun_agreement	Write a natural, coherent English sentence.
646	6	Governments are describing those sick people.	Governments are describing that sick people.	-83.0	-83.0	-10.375	-10.375	False	False	morphology	determiner_noun_agreement	Write a natural, coherent English sentence.
647	6	The doctors cure that young woman.	The doctors cure those young woman.	-72.5	-72.5	-10.375	-10.375	False	False	morphology	determiner_noun_agreement	Write a natural, coherent English sentence.
648	6	Dancers did disagree with this ill child.	Dancers did disagree with these ill child.	-93.5	-93.5	-10.375	-10.375	False	False	morphology	determiner_noun_agreement	Write a natural, coherent English sentence.
649	6	Veronica couldn't embarrass these exposed men.	Veronica couldn't embarrass this exposed men.	-114.0	-114.0	-10.375	-10.375	False	False	morphology	determiner_noun_agreement	Write a natural, coherent English sentence.
650	6	The students cared for that delighted man.	The students cared for those delighted man.	-83.0	-83.0	-10.375	-10.375	False	False	morphology	determiner_noun_agreement	Write a natural, coherent English sentence.
651	6	Steve conceals these important men.	Steve conceals this important men.	-72.5	-72.5	-10.375	-10.375	False	False	morphology	determiner_noun_agreement	Write a natural, coherent English sentence.
652	6	These actresses will talk to these content men.	These actresses will talk to this content men.	-103.5	-103.5	-10.375	-10.375	False	False	morphology	determiner_noun_agreement	Write a natural, coherent English sentence.
653	6	That teenager wouldn't buy these rough oxen.	That teenager wouldn't buy this rough oxen.	-114.0	-114.0	-10.375	-10.375	False	False	morphology	determiner_noun_agreement	Write a natural, coherent English sentence.
654	6	Sheila wouldn't kiss that happy child.	Sheila wouldn't kiss those happy child.	-103.5	-103.5	-10.375	-10.375	False	False	morphology	determiner_noun_agreement	Write a natural, coherent English sentence.
655	6	Erin drove to these out in the open oases.	Erin drove to this out in the open oases.	-124.5	-124.5	-10.375	-10.375	False	False	morphology	determiner_noun_agreement	Write a natural, coherent English sentence.
656	6	Every hat has embarrassed those hopeful people.	Every hat has embarrassed that hopeful people.	-93.5	-93.5	-10.375	-10.375	False	False	morphology	determiner_noun_agreement	Write a natural, coherent English sentence.
657	6	Every man is fleeing from that exposed oasis.	Every man is fleeing from those exposed oasis.	-114.0	-114.0	-10.375	-10.375	False	False	morphology	determiner_noun_agreement	Write a natural, coherent English sentence.
658	6	Some adults visit this ill man.	Some adults visit these ill man.	-72.5	-72.5	-10.375	-10.375	False	False	morphology	determiner_noun_agreement	Write a natural, coherent English sentence.
659	6	Janet did lift that good thesis.	Janet did lift those good thesis.	-83.0	-83.0	-10.375	-10.375	False	False	morphology	determiner_noun_agreement	Write a natural, coherent English sentence.
660	6	Katherine was cleaning this orange tooth.	Katherine was cleaning these orange tooth.	-83.0	-83.0	-10.375	-10.375	False	False	morphology	determiner_noun_agreement	Write a natural, coherent English sentence.
661	6	A lot of tomatoes can't confuse these ill alumni.	A lot of tomatoes can't confuse this ill alumni.	-166.0	-166.0	-10.375	-10.375	False	False	morphology	determiner_noun_agreement	Write a natural, coherent English sentence.
662	6	Rose goes to those out in the open oases.	Rose goes to that out in the open oases.	-114.0	-114.0	-10.375	-10.375	False	False	morphology	determiner_noun_agreement	Write a natural, coherent English sentence.
663	6	These governments criticize those gray oases.	These governments criticize that gray oases.	-93.5	-93.5	-10.375	-10.375	False	False	morphology	determiner_noun_agreement	Write a natural, coherent English sentence.
664	6	Kevin forgot those delighted men.	Kevin forgot that delighted men.	-62.25	-62.25	-10.375	-10.375	False	False	morphology	determiner_noun_agreement	Write a natural, coherent English sentence.
665	6	Most companies describe that long analysis.	Most companies describe those long analysis.	-72.5	-72.5	-10.375	-10.375	False	False	morphology	determiner_noun_agreement	Write a natural, coherent English sentence.
666	6	Vincent was skated around this small oasis.	Vincent was skated around these small oasis.	-104.0	-104.0	-10.375	-10.375	False	False	morphology	determiner_noun_agreement	Write a natural, coherent English sentence.
667	6	Many guys arrive at these out in the open oases.	Many guys arrive at this out in the open oases.	-124.5	-124.5	-10.375	-10.375	False	False	morphology	determiner_noun_agreement	Write a natural, coherent English sentence.
668	6	Gregory hadn't revealed these lost fungi.	Gregory hadn't revealed this lost fungi.	-104.0	-104.0	-10.375	-10.375	False	False	morphology	determiner_noun_agreement	Write a natural, coherent English sentence.
669	6	The cake stuns this standing man.	The cake stuns these standing man.	-83.0	-83.0	-10.375	-10.375	False	False	morphology	determiner_noun_agreement	Write a natural, coherent English sentence.
670	6	Cheryl isn't irritating that clever man.	Cheryl isn't irritating those clever man.	-114.0	-114.0	-10.375	-10.375	False	False	morphology	determiner_noun_agreement	Write a natural, coherent English sentence.
671	6	Some cat bores those old children.	Some cat bores that old children.	-83.0	-83.0	-10.375	-10.375	False	False	morphology	determiner_noun_agreement	Write a natural, coherent English sentence.
672	6	The actress knows that delighted child.	The actress knows those delighted child.	-72.5	-72.5	-10.375	-10.375	False	False	morphology	determiner_noun_agreement	Write a natural, coherent English sentence.
673	6	That actress had driven to these hidden oases.	That actress had driven to this hidden oases.	-104.0	-104.0	-10.375	-10.375	False	False	morphology	determiner_noun_agreement	Write a natural, coherent English sentence.
674	6	The Lutherans arrive at this cheap oasis.	The Lutherans arrive at these cheap oasis.	-104.0	-104.0	-10.375	-10.375	False	False	morphology	determiner_noun_agreement	Write a natural, coherent English sentence.
675	6	Diane was kissing those lost women.	Diane was kissing that lost women.	-93.5	-93.5	-10.375	-10.375	False	False	morphology	determiner_noun_agreement	Write a natural, coherent English sentence.
676	6	Larry disturbs this employed woman.	Larry disturbs these employed woman.	-83.0	-83.0	-10.375	-10.375	False	False	morphology	determiner_noun_agreement	Write a natural, coherent English sentence.
677	6	Pies shock this upset woman.	Pies shock these upset woman.	-72.5	-72.5	-10.375	-10.375	False	False	morphology	determiner_noun_agreement	Write a natural, coherent English sentence.
678	6	Some waiters hug this content alumnus.	Some waiters hug these content alumnus.	-104.0	-104.0	-10.375	-10.375	False	False	morphology	determiner_noun_agreement	Write a natural, coherent English sentence.
679	6	Anna talked to those unsure men.	Anna talked to that unsure men.	-83.0	-83.0	-10.375	-10.375	False	False	morphology	determiner_noun_agreement	Write a natural, coherent English sentence.
680	6	This school bores this determined man.	This school bores these determined man.	-83.0	-83.0	-10.375	-10.375	False	False	morphology	determiner_noun_agreement	Write a natural, coherent English sentence.
681	6	Omar had thought about these unemployed men.	Omar had thought about this unemployed men.	-103.5	-103.5	-10.375	-10.375	False	False	morphology	determiner_noun_agreement	Write a natural, coherent English sentence.
682	6	Winston Churchill cleaned these big nuclei.	Winston Churchill cleaned this big nuclei.	-104.0	-104.0	-10.375	-10.375	False	False	morphology	determiner_noun_agreement	Write a natural, coherent English sentence.
683	6	These organizations aren't concealing that exposed child.	These organizations aren't concealing those exposed child.	-114.0	-114.0	-10.375	-10.375	False	False	morphology	determiner_noun_agreement	Write a natural, coherent English sentence.
684	6	Erin bought this concealed axis.	Erin bought these concealed axis.	-83.0	-83.0	-10.375	-10.375	False	False	morphology	determiner_noun_agreement	Write a natural, coherent English sentence.
685	6	Dan examines this long analysis.	Dan examines these long analysis.	-72.5	-72.5	-10.375	-10.375	False	False	morphology	determiner_noun_agreement	Write a natural, coherent English sentence.
686	6	These drivers concealed these gray oxen.	These drivers concealed this gray oxen.	-93.5	-93.5	-10.375	-10.375	False	False	morphology	determiner_noun_agreement	Write a natural, coherent English sentence.
687	6	All children impresses this happy man.	All children impresses these happy man.	-83.0	-83.0	-10.375	-10.375	False	False	morphology	determiner_noun_agreement	Write a natural, coherent English sentence.
688	6	People will conceal that concealed man.	People will conceal those concealed man.	-93.5	-93.5	-10.375	-10.375	False	False	morphology	determiner_noun_agreement	Write a natural, coherent English sentence.
689	6	Some patient returns to this old man.	Some patient returns to these old man.	-83.0	-83.0	-10.375	-10.375	False	False	morphology	determiner_noun_agreement	Write a natural, coherent English sentence.
690	6	Many actresses discovered those big oases.	Many actresses discovered that big oases.	-93.5	-93.5	-10.375	-10.375	False	False	morphology	determiner_noun_agreement	Write a natural, coherent English sentence.
691	6	The school talks about those young alumni.	The school talks about that young alumni.	-103.5	-103.5	-10.375	-10.375	False	False	morphology	determiner_noun_agreement	Write a natural, coherent English sentence.
692	6	Omar admired these blue fungi.	Omar admired this blue fungi.	-93.5	-93.5	-10.375	-10.375	False	False	morphology	determiner_noun_agreement	Write a natural, coherent English sentence.
693	6	Some school can't hate these good people.	Some school can't hate this good people.	-104.0	-104.0	-10.375	-10.375	False	False	morphology	determiner_noun_agreement	Write a natural, coherent English sentence.
694	6	A lot of eggplants wouldn't disturb that determined woman.	A lot of eggplants wouldn't disturb those determined woman.	-145.0	-145.0	-10.375	-10.375	False	False	morphology	determiner_noun_agreement	Write a natural, coherent English sentence.
695	6	That cake could annoy these uncertain men.	That cake could annoy this uncertain men.	-83.0	-83.0	-10.375	-10.375	False	False	morphology	determiner_noun_agreement	Write a natural, coherent English sentence.
696	6	Lamps are worrying these hopeful alumni.	Lamps are worrying this hopeful alumni.	-114.0	-114.0	-10.375	-10.375	False	False	morphology	determiner_noun_agreement	Write a natural, coherent English sentence.
697	6	A lot of eggplants bore these excited alumni.	A lot of eggplants bore this excited alumni.	-135.0	-135.0	-10.375	-10.375	False	False	morphology	determiner_noun_agreement	Write a natural, coherent English sentence.
698	6	A lot of teachers arrived at these old oases.	A lot of teachers arrived at this old oases.	-114.0	-114.0	-10.375	-10.375	False	False	morphology	determiner_noun_agreement	Write a natural, coherent English sentence.
699	6	Most sweaters hurt those happy people.	Most sweaters hurt that happy people.	-83.0	-83.0	-10.375	-10.375	False	False	morphology	determiner_noun_agreement	Write a natural, coherent English sentence.
700	6	Tara scans those good analyses.	Tara scans that good analyses.	-93.5	-93.5	-10.375	-10.375	False	False	morphology	determiner_noun_agreement	Write a natural, coherent English sentence.
701	6	The man doesn't reference this out in the open woman.	The man doesn't reference these out in the open woman.	-135.0	-135.0	-10.375	-10.375	False	False	morphology	determiner_noun_agreement	Write a natural, coherent English sentence.
702	6	This cashier is leaving this employed person.	This cashier is leaving these employed person.	-93.5	-93.5	-10.375	-10.375	False	False	morphology	determiner_noun_agreement	Write a natural, coherent English sentence.
703	6	Bananas bother these clever alumni.	Bananas bother this clever alumni.	-93.5	-93.5	-10.375	-10.375	False	False	morphology	determiner_noun_agreement	Write a natural, coherent English sentence.
704	6	Some convertibles had worried those fast men.	Some convertibles had worried that fast men.	-93.5	-93.5	-10.375	-10.375	False	False	morphology	determiner_noun_agreement	Write a natural, coherent English sentence.
705	6	Carl bored those nice women.	Carl bored that nice women.	-62.25	-62.25	-10.375	-10.375	False	False	morphology	determiner_noun_agreement	Write a natural, coherent English sentence.
706	6	These teachers explore these old oases.	These teachers explore this old oases.	-83.0	-83.0	-10.375	-10.375	False	False	morphology	determiner_noun_agreement	Write a natural, coherent English sentence.
707	6	Many waiters work with this scared child.	Many waiters work with these scared child.	-93.5	-93.5	-10.375	-10.375	False	False	morphology	determiner_noun_agreement	Write a natural, coherent English sentence.
708	6	Committees admire that smart child.	Committees admire those smart child.	-93.5	-93.5	-10.375	-10.375	False	False	morphology	determiner_noun_agreement	Write a natural, coherent English sentence.
709	6	Matt approaches this exposed child.	Matt approaches these exposed child.	-62.25	-62.25	-10.375	-10.375	False	False	morphology	determiner_noun_agreement	Write a natural, coherent English sentence.
710	6	Brian talks to this lucky man.	Brian talks to these lucky man.	-72.5	-72.5	-10.375	-10.375	False	False	morphology	determiner_noun_agreement	Write a natural, coherent English sentence.
711	6	A boy isn't talking about that red oasis.	A boy isn't talking about those red oasis.	-124.5	-124.5	-10.375	-10.375	False	False	morphology	determiner_noun_agreement	Write a natural, coherent English sentence.
712	6	Phillip bought those black feet.	Phillip bought that black feet.	-72.5	-72.5	-10.375	-10.375	False	False	morphology	determiner_noun_agreement	Write a natural, coherent English sentence.
713	6	Eric isn't buying those brown geese.	Eric isn't buying that brown geese.	-104.0	-104.0	-10.375	-10.375	False	False	morphology	determiner_noun_agreement	Write a natural, coherent English sentence.
714	6	Elaine remembers this delighted woman.	Elaine remembers these delighted woman.	-83.0	-83.0	-10.375	-10.375	False	False	morphology	determiner_noun_agreement	Write a natural, coherent English sentence.
715	6	This pedestrian arrives at that smooth oasis.	This pedestrian arrives at those smooth oasis.	-104.0	-104.0	-10.375	-10.375	False	False	morphology	determiner_noun_agreement	Write a natural, coherent English sentence.
716	6	Those men forget these smart men.	Those men forget this smart men.	-72.5	-72.5	-10.375	-10.375	False	False	morphology	determiner_noun_agreement	Write a natural, coherent English sentence.
717	6	Tara might alarm this unsure person.	Tara might alarm these unsure person.	-93.5	-93.5	-10.375	-10.375	False	False	morphology	determiner_noun_agreement	Write a natural, coherent English sentence.
718	6	Vanessa was healing those purple geese.	Vanessa was healing that purple geese.	-93.5	-93.5	-10.375	-10.375	False	False	morphology	determiner_noun_agreement	Write a natural, coherent English sentence.
719	6	Steven hasn't questioned those troubled people.	Steven hasn't questioned that troubled people.	-104.0	-104.0	-10.375	-10.375	False	False	morphology	determiner_noun_agreement	Write a natural, coherent English sentence.
720	6	Thomas hides this clever woman.	Thomas hides these clever woman.	-72.5	-72.5	-10.375	-10.375	False	False	morphology	determiner_noun_agreement	Write a natural, coherent English sentence.
721	6	Most eyes confuse these content alumni.	Most eyes confuse this content alumni.	-104.0	-104.0	-10.375	-10.375	False	False	morphology	determiner_noun_agreement	Write a natural, coherent English sentence.
722	6	That dog aggravates this busy child.	That dog aggravates these busy child.	-93.5	-93.5	-10.375	-10.375	False	False	morphology	determiner_noun_agreement	Write a natural, coherent English sentence.
723	6	Karen has attacked this popular child.	Karen has attacked these popular child.	-72.5	-72.5	-10.375	-10.375	False	False	morphology	determiner_noun_agreement	Write a natural, coherent English sentence.
724	6	Heidi might confuse those displeased men.	Heidi might confuse that displeased men.	-114.0	-114.0	-10.375	-10.375	False	False	morphology	determiner_noun_agreement	Write a natural, coherent English sentence.
725	6	Maria kisses this bad person.	Maria kisses these bad person.	-72.5	-72.5	-10.375	-10.375	False	False	morphology	determiner_noun_agreement	Write a natural, coherent English sentence.
726	6	Tanya passes this purple oasis.	Tanya passes these purple oasis.	-83.0	-83.0	-10.375	-10.375	False	False	morphology	determiner_noun_agreement	Write a natural, coherent English sentence.
727	6	Marla has respected those delighted alumni.	Marla has respected that delighted alumni.	-104.0	-104.0	-10.375	-10.375	False	False	morphology	determiner_noun_agreement	Write a natural, coherent English sentence.
728	6	Paula is investigating this employed alumnus.	Paula is investigating these employed alumnus.	-114.0	-114.0	-10.375	-10.375	False	False	morphology	determiner_noun_agreement	Write a natural, coherent English sentence.
729	6	Most chairs aren't disgusting those serious women.	Most chairs aren't disgusting that serious women.	-114.0	-114.0	-10.375	-10.375	False	False	morphology	determiner_noun_agreement	Write a natural, coherent English sentence.
730	6	Men hadn't run around this purple oasis.	Men hadn't run around these purple oasis.	-114.0	-114.0	-10.375	-10.375	False	False	morphology	determiner_noun_agreement	Write a natural, coherent English sentence.
731	6	Tina hadn't arrived at those green oases.	Tina hadn't arrived at that green oases.	-124.5	-124.5	-10.375	-10.375	False	False	morphology	determiner_noun_agreement	Write a natural, coherent English sentence.
732	6	Karla knew this busy alumnus.	Karla knew these busy alumnus.	-93.5	-93.5	-10.375	-10.375	False	False	morphology	determiner_noun_agreement	Write a natural, coherent English sentence.
733	6	The actors care for these exposed people.	The actors care for this exposed people.	-83.0	-83.0	-10.375	-10.375	False	False	morphology	determiner_noun_agreement	Write a natural, coherent English sentence.
734	6	Michelle might alarm this employed man.	Michelle might alarm these employed man.	-72.5	-72.5	-10.375	-10.375	False	False	morphology	determiner_noun_agreement	Write a natural, coherent English sentence.
735	6	Maria hasn't walked through these hard oases.	Maria hasn't walked through this hard oases.	-114.0	-114.0	-10.375	-10.375	False	False	morphology	determiner_noun_agreement	Write a natural, coherent English sentence.
736	6	That report might disagree with those delighted men.	That report might disagree with that delighted men.	-93.5	-93.5	-10.375	-10.375	False	False	morphology	determiner_noun_agreement	Write a natural, coherent English sentence.
737	6	Actresses discuss this popular person.	Actresses discuss these popular person.	-83.0	-83.0	-10.375	-10.375	False	False	morphology	determiner_noun_agreement	Write a natural, coherent English sentence.
738	6	Holly won't watch these unlucky men.	Holly won't watch this unlucky men.	-114.0	-114.0	-10.375	-10.375	False	False	morphology	determiner_noun_agreement	Write a natural, coherent English sentence.
739	6	Carl was driving to those blue oases.	Carl was driving to that blue oases.	-93.5	-93.5	-10.375	-10.375	False	False	morphology	determiner_noun_agreement	Write a natural, coherent English sentence.
740	6	Bill passes that rough oasis.	Bill passes those rough oasis.	-72.5	-72.5	-10.375	-10.375	False	False	morphology	determiner_noun_agreement	Write a natural, coherent English sentence.
741	6	All men praise this good thesis.	All men praise these good thesis.	-72.5	-72.5	-10.375	-10.375	False	False	morphology	determiner_noun_agreement	Write a natural, coherent English sentence.
742	6	Many doctors should escape from these hopeful women.	Many doctors should escape from this hopeful women.	-103.5	-103.5	-10.375	-10.375	False	False	morphology	determiner_noun_agreement	Write a natural, coherent English sentence.
743	6	Many girls find these nice men.	Many girls find this nice men.	-72.5	-72.5	-10.375	-10.375	False	False	morphology	determiner_noun_agreement	Write a natural, coherent English sentence.
744	6	Every museum helps those concealed children.	Every museum helps that concealed children.	-83.0	-83.0	-10.375	-10.375	False	False	morphology	determiner_noun_agreement	Write a natural, coherent English sentence.
745	6	Marla was distracting these determined people.	Marla was distracting this determined people.	-93.5	-93.5	-10.375	-10.375	False	False	morphology	determiner_noun_agreement	Write a natural, coherent English sentence.
746	6	Those computers might confuse this nice child.	Those computers might confuse these nice child.	-93.5	-93.5	-10.375	-10.375	False	False	morphology	determiner_noun_agreement	Write a natural, coherent English sentence.
747	6	Tanya hasn't loved that content woman.	Tanya hasn't loved those content woman.	-104.0	-104.0	-10.375	-10.375	False	False	morphology	determiner_noun_agreement	Write a natural, coherent English sentence.
748	6	Theresa won't conceal those lost lice.	Theresa won't conceal that lost lice.	-124.5	-124.5	-10.375	-10.375	False	False	morphology	determiner_noun_agreement	Write a natural, coherent English sentence.
749	6	The Borgias do cure these out in the open octopi.	The Borgias do cure this out in the open octopi.	-156.0	-156.0	-10.375	-10.375	False	False	morphology	determiner_noun_agreement	Write a natural, coherent English sentence.
750	6	Kenneth messed up those lost teeth.	Kenneth messed up that lost teeth.	-93.5	-93.5	-10.375	-10.375	False	False	morphology	determiner_noun_agreement	Write a natural, coherent English sentence.
751	6	Jodi doesn't alarm these unsure people.	Jodi doesn't alarm this unsure people.	-114.0	-114.0	-10.375	-10.375	False	False	morphology	determiner_noun_agreement	Write a natural, coherent English sentence.
752	6	This customer scans those good analyses.	This customer scans that good analyses.	-93.5	-93.5	-10.375	-10.375	False	False	morphology	determiner_noun_agreement	Write a natural, coherent English sentence.
753	6	Vincent can't watch this hopeful alumnus.	Vincent can't watch these hopeful alumnus.	-124.5	-124.5	-10.375	-10.375	False	False	morphology	determiner_noun_agreement	Write a natural, coherent English sentence.
754	6	Jodi talked to this unconvinced child.	Jodi talked to these unconvinced child.	-114.0	-114.0	-10.375	-10.375	False	False	morphology	determiner_noun_agreement	Write a natural, coherent English sentence.
755	6	Katherine exited these exposed oases.	Katherine exited this exposed oases.	-93.5	-93.5	-10.375	-10.375	False	False	morphology	determiner_noun_agreement	Write a natural, coherent English sentence.
756	6	Beverly hasn't brought these rough fungi.	Beverly hasn't brought this rough fungi.	-114.0	-114.0	-10.375	-10.375	False	False	morphology	determiner_noun_agreement	Write a natural, coherent English sentence.
757	6	That unicycle is boring those standing children.	That unicycle is boring that standing children.	-104.0	-104.0	-10.375	-10.375	False	False	morphology	determiner_noun_agreement	Write a natural, coherent English sentence.
758	6	That boy can't escape from those unsure children.	That boy can't escape from that unsure children.	-124.5	-124.5	-10.375	-10.375	False	False	morphology	determiner_noun_agreement	Write a natural, coherent English sentence.
759	6	An adult bought these black axes.	An adult bought this black axes.	-83.0	-83.0	-10.375	-10.375	False	False	morphology	determiner_noun_agreement	Write a natural, coherent English sentence.
760	6	Sara isn't kissing this nice woman.	Sara isn't kissing these nice woman.	-103.5	-103.5	-10.375	-10.375	False	False	morphology	determiner_noun_agreement	Write a natural, coherent English sentence.
761	6	Robert couldn't embarrass those scared people.	Robert couldn't embarrass that scared people.	-93.5	-93.5	-10.375	-10.375	False	False	morphology	determiner_noun_agreement	Write a natural, coherent English sentence.
762	6	Deborah had fled from that important woman.	Deborah had fled from those important woman.	-103.5	-103.5	-10.375	-10.375	False	False	morphology	determiner_noun_agreement	Write a natural, coherent English sentence.
763	6	Brenda discussed that serious woman.	Brenda discussed those serious woman.	-72.5	-72.5	-10.375	-10.375	False	False	morphology	determiner_noun_agreement	Write a natural, coherent English sentence.
764	6	Some women questioned that big woman.	Some women questioned those big woman.	-72.5	-72.5	-10.375	-10.375	False	False	morphology	determiner_noun_agreement	Write a natural, coherent English sentence.
765	6	Rodney didn't kiss those displeased women.	Rodney didn't kiss that displeased women.	-124.5	-124.5	-10.375	-10.375	False	False	morphology	determiner_noun_agreement	Write a natural, coherent English sentence.
766	6	Carrie can help those lost alumni.	Carrie can help that lost alumni.	-104.0	-104.0	-10.375	-10.375	False	False	morphology	determiner_noun_agreement	Write a natural, coherent English sentence.
767	6	Many guests approach this lucky man.	Many guests approach these lucky man.	-72.5	-72.5	-10.375	-10.375	False	False	morphology	determiner_noun_agreement	Write a natural, coherent English sentence.
768	6	Some student messes up that hard foot.	Some student messes up those hard foot.	-93.5	-93.5	-10.375	-10.375	False	False	morphology	determiner_noun_agreement	Write a natural, coherent English sentence.
769	6	Some men had skated around these hard oases.	Some men had skated around this hard oases.	-114.0	-114.0	-10.375	-10.375	False	False	morphology	determiner_noun_agreement	Write a natural, coherent English sentence.
770	6	Some light would annoy those happy alumni.	Some light would annoy that happy alumni.	-104.0	-104.0	-10.375	-10.375	False	False	morphology	determiner_noun_agreement	Write a natural, coherent English sentence.
771	6	Many casseroles shock these unconvinced men.	Many casseroles shock this unconvinced men.	-124.5	-124.5	-10.375	-10.375	False	False	morphology	determiner_noun_agreement	Write a natural, coherent English sentence.
772	6	Carl talks about those confident children.	Carl talks about that confident children.	-72.5	-72.5	-10.375	-10.375	False	False	morphology	determiner_noun_agreement	Write a natural, coherent English sentence.
773	6	Timothy was dropping by those new oases.	Timothy was dropping by that new oases.	-103.5	-103.5	-10.375	-10.375	False	False	morphology	determiner_noun_agreement	Write a natural, coherent English sentence.
774	6	Lori has approached these scared people.	Lori has approached this scared people.	-83.0	-83.0	-10.375	-10.375	False	False	morphology	determiner_noun_agreement	Write a natural, coherent English sentence.
775	6	Jodi wouldn't mess up those orange feet.	Jodi wouldn't mess up that orange feet.	-114.0	-114.0	-10.375	-10.375	False	False	morphology	determiner_noun_agreement	Write a natural, coherent English sentence.
776	6	This newspaper article will embarrass this determined child.	This newspaper article will embarrass these determined child.	-93.5	-93.5	-10.375	-10.375	False	False	morphology	determiner_noun_agreement	Write a natural, coherent English sentence.
777	6	A lot of guys conceal this long analysis.	A lot of guys conceal these long analysis.	-103.5	-103.5	-10.375	-10.375	False	False	morphology	determiner_noun_agreement	Write a natural, coherent English sentence.
778	6	Lawrence fired that serious woman.	Lawrence fired those serious woman.	-62.25	-62.25	-10.375	-10.375	False	False	morphology	determiner_noun_agreement	Write a natural, coherent English sentence.
779	6	This story didn't bore this serious man.	This story didn't bore these serious man.	-104.0	-104.0	-10.375	-10.375	False	False	morphology	determiner_noun_agreement	Write a natural, coherent English sentence.
780	6	Mary can't remember that clever person.	Mary can't remember those clever person.	-93.5	-93.5	-10.375	-10.375	False	False	morphology	determiner_noun_agreement	Write a natural, coherent English sentence.
781	6	Marie could listen to that big woman.	Marie could listen to those big woman.	-83.0	-83.0	-10.375	-10.375	False	False	morphology	determiner_noun_agreement	Write a natural, coherent English sentence.
782	6	Clyde had those exposed axes.	Clyde had that exposed axes.	-93.5	-93.5	-10.375	-10.375	False	False	morphology	determiner_noun_agreement	Write a natural, coherent English sentence.
783	6	Victoria has left these delighted men.	Victoria has left this delighted men.	-72.5	-72.5	-10.375	-10.375	False	False	morphology	determiner_noun_agreement	Write a natural, coherent English sentence.
784	6	The Impressionists disagree with those bad analyses.	The Impressionists disagree with that bad analyses.	-114.0	-114.0	-10.375	-10.375	False	False	morphology	determiner_noun_agreement	Write a natural, coherent English sentence.
785	6	Amy took that hidden fungus.	Amy took those hidden fungus.	-83.0	-83.0	-10.375	-10.375	False	False	morphology	determiner_noun_agreement	Write a natural, coherent English sentence.
786	6	Rose was fixing this hard foot.	Rose was fixing these hard foot.	-72.5	-72.5	-10.375	-10.375	False	False	morphology	determiner_noun_agreement	Write a natural, coherent English sentence.
787	6	Most dishes weren't astounding these scared men.	Most dishes weren't astounding this scared men.	-124.5	-124.5	-10.375	-10.375	False	False	morphology	determiner_noun_agreement	Write a natural, coherent English sentence.
788	6	The doctor sees those smooth cacti.	The doctor sees that smooth cacti.	-93.5	-93.5	-10.375	-10.375	False	False	morphology	determiner_noun_agreement	Write a natural, coherent English sentence.
789	6	Rodney hadn't cured these white octopi.	Rodney hadn't cured this white octopi.	-135.0	-135.0	-10.375	-10.375	False	False	morphology	determiner_noun_agreement	Write a natural, coherent English sentence.
790	6	This museum hadn't disgusted these troubled men.	This museum hadn't disgusted this troubled men.	-124.5	-124.5	-10.375	-10.375	False	False	morphology	determiner_noun_agreement	Write a natural, coherent English sentence.
791	6	Patrick complained about those scared men.	Patrick complained about that scared men.	-72.5	-72.5	-10.375	-10.375	False	False	morphology	determiner_noun_agreement	Write a natural, coherent English sentence.
792	6	Jacqueline should stun these determined alumni.	Jacqueline should stun this determined alumni.	-124.5	-124.5	-10.375	-10.375	False	False	morphology	determiner_noun_agreement	Write a natural, coherent English sentence.
793	6	All apples worry this serious man.	All apples worry these serious man.	-83.0	-83.0	-10.375	-10.375	False	False	morphology	determiner_noun_agreement	Write a natural, coherent English sentence.
794	6	The drawing isn't scaring that old child.	The drawing isn't scaring those old child.	-114.0	-114.0	-10.375	-10.375	False	False	morphology	determiner_noun_agreement	Write a natural, coherent English sentence.
795	6	Veronica questioned this uncertain woman.	Veronica questioned these uncertain woman.	-83.0	-83.0	-10.375	-10.375	False	False	morphology	determiner_noun_agreement	Write a natural, coherent English sentence.
796	6	Vanessa hadn't known this determined alumnus.	Vanessa hadn't known these determined alumnus.	-124.5	-124.5	-10.375	-10.375	False	False	morphology	determiner_noun_agreement	Write a natural, coherent English sentence.
797	6	Cynthia hadn't kissed this unemployed man.	Cynthia hadn't kissed these unemployed man.	-135.0	-135.0	-10.375	-10.375	False	False	morphology	determiner_noun_agreement	Write a natural, coherent English sentence.
798	6	These companies irritate that exposed woman.	These companies irritate those exposed woman.	-83.0	-83.0	-10.375	-10.375	False	False	morphology	determiner_noun_agreement	Write a natural, coherent English sentence.
799	6	This dancer wasn't biking to this orange oasis.	This dancer wasn't biking to these orange oasis.	-145.0	-145.0	-10.375	-10.375	False	False	morphology	determiner_noun_agreement	Write a natural, coherent English sentence.
800	6	Those legislatures could disturb this upset alumnus.	Those legislatures could disturb these upset alumnus.	-114.0	-114.0	-10.375	-10.375	False	False	morphology	determiner_noun_agreement	Write a natural, coherent English sentence.
801	6	Some adult hasn't hidden these ill men.	Some adult hasn't hidden this ill men.	-104.0	-104.0	-10.375	-10.375	False	False	morphology	determiner_noun_agreement	Write a natural, coherent English sentence.
802	6	A cashier should insult these hidden children.	A cashier should insult this hidden children.	-93.5	-93.5	-10.375	-10.375	False	False	morphology	determiner_noun_agreement	Write a natural, coherent English sentence.
803	6	Danielle could annoy that confident man.	Danielle could annoy those confident man.	-83.0	-83.0	-10.375	-10.375	False	False	morphology	determiner_noun_agreement	Write a natural, coherent English sentence.
804	6	These teachers lift this exposed goose.	These teachers lift these exposed goose.	-83.0	-83.0	-10.375	-10.375	False	False	morphology	determiner_noun_agreement	Write a natural, coherent English sentence.
805	6	Christina drove to that exposed oasis.	Christina drove to those exposed oasis.	-93.5	-93.5	-10.375	-10.375	False	False	morphology	determiner_noun_agreement	Write a natural, coherent English sentence.
806	6	Jesus hadn't sounded like these hidden people.	Jesus hadn't sounded like this hidden people.	-103.5	-103.5	-10.375	-10.375	False	False	morphology	determiner_noun_agreement	Write a natural, coherent English sentence.
807	6	Many mushrooms irritate that upset man.	Many mushrooms irritate those upset man.	-93.5	-93.5	-10.375	-10.375	False	False	morphology	determiner_noun_agreement	Write a natural, coherent English sentence.
808	6	Some committee bought those white lice.	Some committee bought that white lice.	-83.0	-83.0	-10.375	-10.375	False	False	morphology	determiner_noun_agreement	Write a natural, coherent English sentence.
809	6	Daniel hasn't known this determined man.	Daniel hasn't known these determined man.	-93.5	-93.5	-10.375	-10.375	False	False	morphology	determiner_noun_agreement	Write a natural, coherent English sentence.
810	6	Art hadn't scared these serious alumni.	Art hadn't scared this serious alumni.	-114.0	-114.0	-10.375	-10.375	False	False	morphology	determiner_noun_agreement	Write a natural, coherent English sentence.
811	6	Alice fires this unconvinced child.	Alice fires these unconvinced child.	-93.5	-93.5	-10.375	-10.375	False	False	morphology	determiner_noun_agreement	Write a natural, coherent English sentence.
812	6	Melanie hid that exposed tooth.	Melanie hid those exposed tooth.	-72.5	-72.5	-10.375	-10.375	False	False	morphology	determiner_noun_agreement	Write a natural, coherent English sentence.
813	6	Most hamsters find that red tooth.	Most hamsters find those red tooth.	-83.0	-83.0	-10.375	-10.375	False	False	morphology	determiner_noun_agreement	Write a natural, coherent English sentence.
814	6	Those children explore those small oases.	Those children explore that small oases.	-83.0	-83.0	-10.375	-10.375	False	False	morphology	determiner_noun_agreement	Write a natural, coherent English sentence.
815	6	Most museums listen to this troubled man.	Most museums listen to these troubled man.	-103.5	-103.5	-10.375	-10.375	False	False	morphology	determiner_noun_agreement	Write a natural, coherent English sentence.
816	6	Patrick embarrassed this unemployed person.	Patrick embarrassed these unemployed person.	-72.5	-72.5	-10.375	-10.375	False	False	morphology	determiner_noun_agreement	Write a natural, coherent English sentence.
817	6	A lot of icicles had alarmed that hidden woman.	A lot of icicles had alarmed those hidden woman.	-124.5	-124.5	-10.375	-10.375	False	False	morphology	determiner_noun_agreement	Write a natural, coherent English sentence.
818	6	Matt hadn't impressed this exposed child.	Matt hadn't impressed these exposed child.	-93.5	-93.5	-10.375	-10.375	False	False	morphology	determiner_noun_agreement	Write a natural, coherent English sentence.
819	6	Eric might see those new feet.	Eric might see that new feet.	-72.5	-72.5	-10.375	-10.375	False	False	morphology	determiner_noun_agreement	Write a natural, coherent English sentence.
820	6	Some turtle can confuse this old alumnus.	Some turtle can confuse these old alumnus.	-135.0	-135.0	-10.375	-10.375	False	False	morphology	determiner_noun_agreement	Write a natural, coherent English sentence.
821	6	Most guests explore these smooth oases.	Most guests explore this smooth oases.	-83.0	-83.0	-10.375	-10.375	False	False	morphology	determiner_noun_agreement	Write a natural, coherent English sentence.
822	6	Brian has praised that happy alumnus.	Brian has praised those happy alumnus.	-93.5	-93.5	-10.375	-10.375	False	False	morphology	determiner_noun_agreement	Write a natural, coherent English sentence.
823	6	Karen sees these ill lice.	Karen sees this ill lice.	-72.5	-72.5	-10.375	-10.375	False	False	morphology	determiner_noun_agreement	Write a natural, coherent English sentence.
824	6	Alicia doesn't observe this confident alumnus.	Alicia doesn't observe these confident alumnus.	-135.0	-135.0	-10.375	-10.375	False	False	morphology	determiner_noun_agreement	Write a natural, coherent English sentence.
825	6	That horse does find this lost octopus.	That horse does find these lost octopus.	-104.0	-104.0	-10.375	-10.375	False	False	morphology	determiner_noun_agreement	Write a natural, coherent English sentence.
826	6	Those customers haven't annoyed those delighted children.	Those customers haven't annoyed that delighted children.	-114.0	-114.0	-10.375	-10.375	False	False	morphology	determiner_noun_agreement	Write a natural, coherent English sentence.
827	6	The Great Lakes confused these hidden women.	The Great Lakes confused this hidden women.	-93.5	-93.5	-10.375	-10.375	False	False	morphology	determiner_noun_agreement	Write a natural, coherent English sentence.
828	6	Russell watches these unsure women.	Russell watches this unsure women.	-72.5	-72.5	-10.375	-10.375	False	False	morphology	determiner_noun_agreement	Write a natural, coherent English sentence.
829	6	Jacqueline has concealed these long synopses.	Jacqueline has concealed this long synopses.	-124.5	-124.5	-10.375	-10.375	False	False	morphology	determiner_noun_agreement	Write a natural, coherent English sentence.
830	6	Carrie isn't hiring this small woman.	Carrie isn't hiring these small woman.	-104.0	-104.0	-10.375	-10.375	False	False	morphology	determiner_noun_agreement	Write a natural, coherent English sentence.
831	6	Charles doesn't admire these big mice.	Charles doesn't admire this big mice.	-114.0	-114.0	-10.375	-10.375	False	False	morphology	determiner_noun_agreement	Write a natural, coherent English sentence.
832	6	The Impressionists might think about that white thesis.	The Impressionists might think about those white thesis.	-114.0	-114.0	-10.375	-10.375	False	False	morphology	determiner_noun_agreement	Write a natural, coherent English sentence.
833	6	Most men question those bad people.	Most men question that bad people.	-72.5	-72.5	-10.375	-10.375	False	False	morphology	determiner_noun_agreement	Write a natural, coherent English sentence.
834	6	Lissa hasn't left this upset woman.	Lissa hasn't left these upset woman.	-104.0	-104.0	-10.375	-10.375	False	False	morphology	determiner_noun_agreement	Write a natural, coherent English sentence.
835	6	Janice won't fire that determined child.	Janice won't fire those determined child.	-104.0	-104.0	-10.375	-10.375	False	False	morphology	determiner_noun_agreement	Write a natural, coherent English sentence.
836	6	This company criticized this lucky man.	This company criticized these lucky man.	-83.0	-83.0	-10.375	-10.375	False	False	morphology	determiner_noun_agreement	Write a natural, coherent English sentence.
837	6	The banks hurt that excited woman.	The banks hurt those excited woman.	-72.5	-72.5	-10.375	-10.375	False	False	morphology	determiner_noun_agreement	Write a natural, coherent English sentence.
838	6	Peter wasn't walking through those red oases.	Peter wasn't walking through that red oases.	-114.0	-114.0	-10.375	-10.375	False	False	morphology	determiner_noun_agreement	Write a natural, coherent English sentence.
839	6	Rebecca wasn't referencing this long synopsis.	Rebecca wasn't referencing these long synopsis.	-114.0	-114.0	-10.375	-10.375	False	False	morphology	determiner_noun_agreement	Write a natural, coherent English sentence.
840	6	Naomi notices this smooth octopus.	Naomi notices these smooth octopus.	-103.5	-103.5	-10.375	-10.375	False	False	morphology	determiner_noun_agreement	Write a natural, coherent English sentence.
841	6	Patrick conceals this hard stimulus.	Patrick conceals these hard stimulus.	-83.0	-83.0	-10.375	-10.375	False	False	morphology	determiner_noun_agreement	Write a natural, coherent English sentence.
842	6	Candice shouldn't bring those smooth feet.	Candice shouldn't bring that smooth feet.	-104.0	-104.0	-10.375	-10.375	False	False	morphology	determiner_noun_agreement	Write a natural, coherent English sentence.
843	6	All books sound like those content women.	All books sound like that content women.	-83.0	-83.0	-10.375	-10.375	False	False	morphology	determiner_noun_agreement	Write a natural, coherent English sentence.
844	6	Bethany hasn't arrived at this white oasis.	Bethany hasn't arrived at these white oasis.	-124.5	-124.5	-10.375	-10.375	False	False	morphology	determiner_noun_agreement	Write a natural, coherent English sentence.
845	6	Steve reveals these unemployed alumni.	Steve reveals this unemployed alumni.	-93.5	-93.5	-10.375	-10.375	False	False	morphology	determiner_noun_agreement	Write a natural, coherent English sentence.
846	6	Sonia was upsetting that ill woman.	Sonia was upsetting those ill woman.	-93.5	-93.5	-10.375	-10.375	False	False	morphology	determiner_noun_agreement	Write a natural, coherent English sentence.
847	6	Keith wasn't boring these delighted men.	Keith wasn't boring this delighted men.	-93.5	-93.5	-10.375	-10.375	False	False	morphology	determiner_noun_agreement	Write a natural, coherent English sentence.
848	6	The Borgias admire these hard mice.	The Borgias admire this hard mice.	-114.0	-114.0	-10.375	-10.375	False	False	morphology	determiner_noun_agreement	Write a natural, coherent English sentence.
849	6	These drivers had forgotten this good analysis.	These drivers had forgotten these good analysis.	-83.0	-83.0	-10.375	-10.375	False	False	morphology	determiner_noun_agreement	Write a natural, coherent English sentence.
850	6	Helen skates around this blue oasis.	Helen skates around these blue oasis.	-93.5	-93.5	-10.375	-10.375	False	False	morphology	determiner_noun_agreement	Write a natural, coherent English sentence.
851	6	Galileo found that smooth stimulus.	Galileo found those smooth stimulus.	-93.5	-93.5	-10.375	-10.375	False	False	morphology	determiner_noun_agreement	Write a natural, coherent English sentence.
852	6	Kimberley isn't curing these small octopi.	Kimberley isn't curing this small octopi.	-145.0	-145.0	-10.375	-10.375	False	False	morphology	determiner_noun_agreement	Write a natural, coherent English sentence.
853	6	Debra didn't conceal these popular men.	Debra didn't conceal this popular men.	-114.0	-114.0	-10.375	-10.375	False	False	morphology	determiner_noun_agreement	Write a natural, coherent English sentence.
854	6	A lot of doctors hug these scared children.	A lot of doctors hug this scared children.	-93.0	-93.0	-10.375	-10.375	False	False	morphology	determiner_noun_agreement	Write a natural, coherent English sentence.
855	6	Those pedestrians weren't fleeing from these concealed men.	Those pedestrians weren't fleeing from this concealed men.	-156.0	-156.0	-10.375	-10.375	False	False	morphology	determiner_noun_agreement	Write a natural, coherent English sentence.
856	6	Those children find that exposed thesis.	Those children find those exposed thesis.	-72.5	-72.5	-10.375	-10.375	False	False	morphology	determiner_noun_agreement	Write a natural, coherent English sentence.
857	6	Debra admires these blue octopi.	Debra admires this blue octopi.	-103.5	-103.5	-10.375	-10.375	False	False	morphology	determiner_noun_agreement	Write a natural, coherent English sentence.
858	6	Bruce wasn't approaching that clever alumnus.	Bruce wasn't approaching those clever alumnus.	-114.0	-114.0	-10.375	-10.375	False	False	morphology	determiner_noun_agreement	Write a natural, coherent English sentence.
859	6	Lawrence isn't questioning that nice woman.	Lawrence isn't questioning those nice woman.	-93.5	-93.5	-10.375	-10.375	False	False	morphology	determiner_noun_agreement	Write a natural, coherent English sentence.
860	6	Some waitresses have this big octopus.	Some waitresses have these big octopus.	-114.0	-114.0	-10.375	-10.375	False	False	morphology	determiner_noun_agreement	Write a natural, coherent English sentence.
861	6	Carolyn had embarrassed that busy alumnus.	Carolyn had embarrassed those busy alumnus.	-104.0	-104.0	-10.375	-10.375	False	False	morphology	determiner_noun_agreement	Write a natural, coherent English sentence.
862	6	Jeffrey aggravated that smart man.	Jeffrey aggravated those smart man.	-93.0	-93.0	-10.375	-10.375	False	False	morphology	determiner_noun_agreement	Write a natural, coherent English sentence.
863	6	Guy messed up this yellow foot.	Guy messed up these yellow foot.	-83.0	-83.0	-10.375	-10.375	False	False	morphology	determiner_noun_agreement	Write a natural, coherent English sentence.
864	6	Every book is embarrassing this small woman.	Every book is embarrassing these small woman.	-93.5	-93.5	-10.375	-10.375	False	False	morphology	determiner_noun_agreement	Write a natural, coherent English sentence.
865	6	These associations were talking about these scared women.	These associations were talking about this scared women.	-93.5	-93.5	-10.375	-10.375	False	False	morphology	determiner_noun_agreement	Write a natural, coherent English sentence.
866	6	Todd disturbs this upset child.	Todd disturbs these upset child.	-83.0	-83.0	-10.375	-10.375	False	False	morphology	determiner_noun_agreement	Write a natural, coherent English sentence.
867	6	That window alarms these exposed women.	That window alarms this exposed women.	-83.0	-83.0	-10.375	-10.375	False	False	morphology	determiner_noun_agreement	Write a natural, coherent English sentence.
868	6	A window upsets these upset men.	A window upsets this upset men.	-83.0	-83.0	-10.375	-10.375	False	False	morphology	determiner_noun_agreement	Write a natural, coherent English sentence.
869	6	Monet is fixing that brown foot.	Monet is fixing those brown foot.	-83.0	-83.0	-10.375	-10.375	False	False	morphology	determiner_noun_agreement	Write a natural, coherent English sentence.
870	6	Adam left these big alumni.	Adam left this big alumni.	-83.0	-83.0	-10.375	-10.375	False	False	morphology	determiner_noun_agreement	Write a natural, coherent English sentence.
871	6	Stacy can exit that big oasis.	Stacy can exit those big oasis.	-93.5	-93.5	-10.375	-10.375	False	False	morphology	determiner_noun_agreement	Write a natural, coherent English sentence.
872	6	Roger was returning to those happy alumni.	Roger was returning to that happy alumni.	-104.0	-104.0	-10.375	-10.375	False	False	morphology	determiner_noun_agreement	Write a natural, coherent English sentence.
873	6	Dana isn't investigating this ill woman.	Dana isn't investigating these ill woman.	-114.0	-114.0	-10.375	-10.375	False	False	morphology	determiner_noun_agreement	Write a natural, coherent English sentence.
874	6	Tammy has those yellow axes.	Tammy has that yellow axes.	-83.0	-83.0	-10.375	-10.375	False	False	morphology	determiner_noun_agreement	Write a natural, coherent English sentence.
875	6	Marla leaves those employed children.	Marla leaves that employed children.	-72.5	-72.5	-10.375	-10.375	False	False	morphology	determiner_noun_agreement	Write a natural, coherent English sentence.
876	6	Sarah referenced that ill child.	Sarah referenced those ill child.	-72.5	-72.5	-10.375	-10.375	False	False	morphology	determiner_noun_agreement	Write a natural, coherent English sentence.
877	6	Edward complained about this serious child.	Edward complained about these serious child.	-72.5	-72.5	-10.375	-10.375	False	False	morphology	determiner_noun_agreement	Write a natural, coherent English sentence.
878	6	Carolyn healed those bad women.	Carolyn healed that bad women.	-83.0	-83.0	-10.375	-10.375	False	False	morphology	determiner_noun_agreement	Write a natural, coherent English sentence.
879	6	The waitresses fired those upset alumni.	The waitresses fired that upset alumni.	-114.0	-114.0	-10.375	-10.375	False	False	morphology	determiner_noun_agreement	Write a natural, coherent English sentence.
880	6	Every driver dropped by that old oasis.	Every driver dropped by those old oasis.	-93.5	-93.5	-10.375	-10.375	False	False	morphology	determiner_noun_agreement	Write a natural, coherent English sentence.
881	6	William hadn't hugged these hopeful alumni.	William hadn't hugged this hopeful alumni.	-135.0	-135.0	-10.375	-10.375	False	False	morphology	determiner_noun_agreement	Write a natural, coherent English sentence.
882	6	The Lutherans had messed up those lost feet.	The Lutherans had messed up that lost feet.	-114.0	-114.0	-10.375	-10.375	False	False	morphology	determiner_noun_agreement	Write a natural, coherent English sentence.
883	6	Florence hasn't confused those standing men.	Florence hasn't confused that standing men.	-93.5	-93.5	-10.375	-10.375	False	False	morphology	determiner_noun_agreement	Write a natural, coherent English sentence.
884	6	Some convertible upset this upset woman.	Some convertible upset these upset woman.	-83.0	-83.0	-10.375	-10.375	False	False	morphology	determiner_noun_agreement	Write a natural, coherent English sentence.
885	6	Rebecca saw this hidden foot.	Rebecca saw these hidden foot.	-62.25	-62.25	-10.375	-10.375	False	False	morphology	determiner_noun_agreement	Write a natural, coherent English sentence.
886	6	Derek returned to these content men.	Derek returned to this content men.	-83.0	-83.0	-10.375	-10.375	False	False	morphology	determiner_noun_agreement	Write a natural, coherent English sentence.
887	6	Those teachers love those hidden women.	Those teachers love that hidden women.	-72.5	-72.5	-10.375	-10.375	False	False	morphology	determiner_noun_agreement	Write a natural, coherent English sentence.
888	6	Jennifer worried those ill men.	Jennifer worried that ill men.	-62.25	-62.25	-10.375	-10.375	False	False	morphology	determiner_noun_agreement	Write a natural, coherent English sentence.
889	6	A chair was stunning this big man.	A chair was stunning these big man.	-83.0	-83.0	-10.375	-10.375	False	False	morphology	determiner_noun_agreement	Write a natural, coherent English sentence.
890	6	Paintings looked like that gray thesis.	Paintings looked like those gray thesis.	-93.5	-93.5	-10.375	-10.375	False	False	morphology	determiner_noun_agreement	Write a natural, coherent English sentence.
891	6	Karla toured this rough oasis.	Karla toured these rough oasis.	-93.5	-93.5	-10.375	-10.375	False	False	morphology	determiner_noun_agreement	Write a natural, coherent English sentence.
892	6	Walter couldn't boycott those hidden oases.	Walter couldn't boycott that hidden oases.	-114.0	-114.0	-10.375	-10.375	False	False	morphology	determiner_noun_agreement	Write a natural, coherent English sentence.
893	6	Donald has worried this smart man.	Donald has worried these smart man.	-72.5	-72.5	-10.375	-10.375	False	False	morphology	determiner_noun_agreement	Write a natural, coherent English sentence.
894	6	Catherine has boycotted those gray oases.	Catherine has boycotted that gray oases.	-104.0	-104.0	-10.375	-10.375	False	False	morphology	determiner_noun_agreement	Write a natural, coherent English sentence.
895	6	Nicole toured those yellow oases.	Nicole toured that yellow oases.	-83.0	-83.0	-10.375	-10.375	False	False	morphology	determiner_noun_agreement	Write a natural, coherent English sentence.
896	6	Barbara praises that young woman.	Barbara praises those young woman.	-72.5	-72.5	-10.375	-10.375	False	False	morphology	determiner_noun_agreement	Write a natural, coherent English sentence.
897	6	The apple aggravates those hopeful children.	The apple aggravates that hopeful children.	-103.5	-103.5	-10.375	-10.375	False	False	morphology	determiner_noun_agreement	Write a natural, coherent English sentence.
898	6	All photographs could look like this big fungus.	All photographs could look like these big fungus.	-114.0	-114.0	-10.375	-10.375	False	False	morphology	determiner_noun_agreement	Write a natural, coherent English sentence.
899	6	Guys should talk about that good synopsis.	Guys should talk about those good synopsis.	-103.5	-103.5	-10.375	-10.375	False	False	morphology	determiner_noun_agreement	Write a natural, coherent English sentence.
900	6	Tracy discovered this concealed alumnus.	Tracy discovered these concealed alumnus.	-104.0	-104.0	-10.375	-10.375	False	False	morphology	determiner_noun_agreement	Write a natural, coherent English sentence.
901	6	All actresses are helping this troubled man.	All actresses are helping these troubled man.	-103.5	-103.5	-10.375	-10.375	False	False	morphology	determiner_noun_agreement	Write a natural, coherent English sentence.
902	6	Douglas isn't revealing this dirty foot.	Douglas isn't revealing these dirty foot.	-93.5	-93.5	-10.375	-10.375	False	False	morphology	determiner_noun_agreement	Write a natural, coherent English sentence.
903	6	Most senators confuse that standing child.	Most senators confuse those standing child.	-93.5	-93.5	-10.375	-10.375	False	False	morphology	determiner_noun_agreement	Write a natural, coherent English sentence.
904	6	Those doctors embarrass that upset woman.	Those doctors embarrass those upset woman.	-72.5	-72.5	-10.375	-10.375	False	False	morphology	determiner_noun_agreement	Write a natural, coherent English sentence.
905	6	A lot of customers were healing those sick men.	A lot of customers were healing that sick men.	-103.5	-103.5	-10.375	-10.375	False	False	morphology	determiner_noun_agreement	Write a natural, coherent English sentence.
906	6	Sabrina does conceal these old alumni.	Sabrina does conceal this old alumni.	-124.5	-124.5	-10.375	-10.375	False	False	morphology	determiner_noun_agreement	Write a natural, coherent English sentence.
907	6	Many girls can't observe those young alumni.	Many girls can't observe that young alumni.	-124.5	-124.5	-10.375	-10.375	False	False	morphology	determiner_noun_agreement	Write a natural, coherent English sentence.
908	6	The actresses hire that lucky man.	The actresses hire those lucky man.	-83.0	-83.0	-10.375	-10.375	False	False	morphology	determiner_noun_agreement	Write a natural, coherent English sentence.
909	6	Andrea is firing that scared child.	Andrea is firing those scared child.	-72.5	-72.5	-10.375	-10.375	False	False	morphology	determiner_noun_agreement	Write a natural, coherent English sentence.
910	6	That dancer scanned that bad synopsis.	That dancer scanned those bad synopsis.	-104.0	-104.0	-10.375	-10.375	False	False	morphology	determiner_noun_agreement	Write a natural, coherent English sentence.
911	6	Daniel breaks these dirty teeth.	Daniel breaks this dirty teeth.	-62.25	-62.25	-10.375	-10.375	False	False	morphology	determiner_noun_agreement	Write a natural, coherent English sentence.
912	6	Students had messed up those purple teeth.	Students had messed up that purple teeth.	-93.5	-93.5	-10.375	-10.375	False	False	morphology	determiner_noun_agreement	Write a natural, coherent English sentence.
913	6	Becky boycotted those old oases.	Becky boycotted that old oases.	-104.0	-104.0	-10.375	-10.375	False	False	morphology	determiner_noun_agreement	Write a natural, coherent English sentence.
914	6	Florence talks to those good women.	Florence talks to that good women.	-72.5	-72.5	-10.375	-10.375	False	False	morphology	determiner_noun_agreement	Write a natural, coherent English sentence.
915	6	Carmen won't break this big foot.	Carmen won't break these big foot.	-104.0	-104.0	-10.375	-10.375	False	False	morphology	determiner_noun_agreement	Write a natural, coherent English sentence.
916	6	Stephen fired those employed men.	Stephen fired that employed men.	-62.25	-62.25	-10.375	-10.375	False	False	morphology	determiner_noun_agreement	Write a natural, coherent English sentence.
917	6	Many governments confuse this sick woman.	Many governments confuse these sick woman.	-83.0	-83.0	-10.375	-10.375	False	False	morphology	determiner_noun_agreement	Write a natural, coherent English sentence.
918	6	Heidi healed this troubled child.	Heidi healed these troubled child.	-93.5	-93.5	-10.375	-10.375	False	False	morphology	determiner_noun_agreement	Write a natural, coherent English sentence.
919	6	Daniel questions these employed alumni.	Daniel questions this employed alumni.	-83.0	-83.0	-10.375	-10.375	False	False	morphology	determiner_noun_agreement	Write a natural, coherent English sentence.
920	6	People admire these yellow oxen.	People admire this yellow oxen.	-83.0	-83.0	-10.375	-10.375	False	False	morphology	determiner_noun_agreement	Write a natural, coherent English sentence.
921	6	Those adults embarrasses this displeased woman.	Those adults embarrasses these displeased woman.	-104.0	-104.0	-10.375	-10.375	False	False	morphology	determiner_noun_agreement	Write a natural, coherent English sentence.
922	6	Winston Churchill notices these big nuclei.	Winston Churchill notices this big nuclei.	-114.0	-114.0	-10.375	-10.375	False	False	morphology	determiner_noun_agreement	Write a natural, coherent English sentence.
923	6	All women hide those concealed nuclei.	All women hide that concealed nuclei.	-93.5	-93.5	-10.375	-10.375	False	False	morphology	determiner_noun_agreement	Write a natural, coherent English sentence.
924	6	Charles was escaping from those lucky men.	Charles was escaping from that lucky men.	-93.5	-93.5	-10.375	-10.375	False	False	morphology	determiner_noun_agreement	Write a natural, coherent English sentence.
925	6	Paul doesn't insult this happy woman.	Paul doesn't insult these happy woman.	-93.5	-93.5	-10.375	-10.375	False	False	morphology	determiner_noun_agreement	Write a natural, coherent English sentence.
926	6	Galileo isn't scanning this brown thesis.	Galileo isn't scanning these brown thesis.	-124.5	-124.5	-10.375	-10.375	False	False	morphology	determiner_noun_agreement	Write a natural, coherent English sentence.
927	6	The newspaper article doesn't annoy that exposed man.	The newspaper article doesn't annoy those exposed man.	-114.0	-114.0	-10.375	-10.375	False	False	morphology	determiner_noun_agreement	Write a natural, coherent English sentence.
928	6	Carmen noticed these gray cacti.	Carmen noticed this gray cacti.	-93.5	-93.5	-10.375	-10.375	False	False	morphology	determiner_noun_agreement	Write a natural, coherent English sentence.
929	6	Teresa approaches this upset man.	Teresa approaches these upset man.	-72.5	-72.5	-10.375	-10.375	False	False	morphology	determiner_noun_agreement	Write a natural, coherent English sentence.
930	6	April was revealing this hidden woman.	April was revealing these hidden woman.	-72.5	-72.5	-10.375	-10.375	False	False	morphology	determiner_noun_agreement	Write a natural, coherent English sentence.
931	6	Michael has loved these scared men.	Michael has loved this scared men.	-72.5	-72.5	-10.375	-10.375	False	False	morphology	determiner_noun_agreement	Write a natural, coherent English sentence.
932	6	Joseph hadn't bought those hard lice.	Joseph hadn't bought that hard lice.	-104.0	-104.0	-10.375	-10.375	False	False	morphology	determiner_noun_agreement	Write a natural, coherent English sentence.
933	6	Larry did drive to this out in the open oasis.	Larry did drive to these out in the open oasis.	-124.5	-124.5	-10.375	-10.375	False	False	morphology	determiner_noun_agreement	Write a natural, coherent English sentence.
934	6	Lisa hasn't driven to that new oasis.	Lisa hasn't driven to those new oasis.	-114.0	-114.0	-10.375	-10.375	False	False	morphology	determiner_noun_agreement	Write a natural, coherent English sentence.
935	6	Steve scanned this good synopsis.	Steve scanned these good synopsis.	-83.0	-83.0	-10.375	-10.375	False	False	morphology	determiner_noun_agreement	Write a natural, coherent English sentence.
936	6	The Lutherans care for those hopeful men.	The Lutherans care for that hopeful men.	-103.5	-103.5	-10.375	-10.375	False	False	morphology	determiner_noun_agreement	Write a natural, coherent English sentence.
937	6	Christine bikes to these orange oases.	Christine bikes to this orange oases.	-104.0	-104.0	-10.375	-10.375	False	False	morphology	determiner_noun_agreement	Write a natural, coherent English sentence.
938	6	Most actors distracted this popular woman.	Most actors distracted these popular woman.	-83.0	-83.0	-10.375	-10.375	False	False	morphology	determiner_noun_agreement	Write a natural, coherent English sentence.
939	6	Emily should observe those displeased men.	Emily should observe that displeased men.	-93.5	-93.5	-10.375	-10.375	False	False	morphology	determiner_noun_agreement	Write a natural, coherent English sentence.
940	6	The drivers do sell this green thesis.	The drivers do sell these green thesis.	-83.0	-83.0	-10.375	-10.375	False	False	morphology	determiner_noun_agreement	Write a natural, coherent English sentence.
941	6	Most drivers love these unemployed men.	Most drivers love this unemployed men.	-83.0	-83.0	-10.375	-10.375	False	False	morphology	determiner_noun_agreement	Write a natural, coherent English sentence.
942	6	Those doctors care for this hopeful man.	Those doctors care for these hopeful man.	-93.5	-93.5	-10.375	-10.375	False	False	morphology	determiner_noun_agreement	Write a natural, coherent English sentence.
943	6	Brad kisses that displeased man.	Brad kisses those displeased man.	-93.5	-93.5	-10.375	-10.375	False	False	morphology	determiner_noun_agreement	Write a natural, coherent English sentence.
944	6	Danielle had argued about those troubled men.	Danielle had argued about that troubled men.	-104.0	-104.0	-10.375	-10.375	False	False	morphology	determiner_noun_agreement	Write a natural, coherent English sentence.
945	6	An actor is disgusting those unsure men.	An actor is disgusting that unsure men.	-104.0	-104.0	-10.375	-10.375	False	False	morphology	determiner_noun_agreement	Write a natural, coherent English sentence.
946	6	Galileo didn't hurt those displeased children.	Galileo didn't hurt that displeased children.	-135.0	-135.0	-10.375	-10.375	False	False	morphology	determiner_noun_agreement	Write a natural, coherent English sentence.
947	6	Omar messed up these small teeth.	Omar messed up this small teeth.	-93.5	-93.5	-10.375	-10.375	False	False	morphology	determiner_noun_agreement	Write a natural, coherent English sentence.
948	6	Carmen will watch this smart person.	Carmen will watch these smart person.	-83.0	-83.0	-10.375	-10.375	False	False	morphology	determiner_noun_agreement	Write a natural, coherent English sentence.
949	6	Jeffrey hid that unlucky child.	Jeffrey hid those unlucky child.	-93.5	-93.0	-10.375	-10.375	False	False	morphology	determiner_noun_agreement	Write a natural, coherent English sentence.
950	6	Every plane bothers this upset child.	Every plane bothers these upset child.	-83.0	-83.0	-10.375	-10.375	False	False	morphology	determiner_noun_agreement	Write a natural, coherent English sentence.
951	6	A lot of hospitals have those blue teeth.	A lot of hospitals have that blue teeth.	-93.0	-93.0	-10.375	-10.375	False	False	morphology	determiner_noun_agreement	Write a natural, coherent English sentence.
952	6	Nancy wasn't disturbing that clever man.	Nancy wasn't disturbing those clever man.	-103.5	-103.5	-10.375	-10.375	False	False	morphology	determiner_noun_agreement	Write a natural, coherent English sentence.
953	6	These ladies bought that white tooth.	These ladies bought those white tooth.	-72.5	-72.5	-10.375	-10.375	False	False	morphology	determiner_noun_agreement	Write a natural, coherent English sentence.
954	6	Every skirt annoys that confident person.	Every skirt annoys those confident person.	-93.5	-93.5	-10.375	-10.375	False	False	morphology	determiner_noun_agreement	Write a natural, coherent English sentence.
955	6	These actors weren't biking to these red oases.	These actors weren't biking to this red oases.	-135.0	-135.0	-10.375	-10.375	False	False	morphology	determiner_noun_agreement	Write a natural, coherent English sentence.
956	6	Carmen has described those confident people.	Carmen has described that confident people.	-83.0	-83.0	-10.375	-10.375	False	False	morphology	determiner_noun_agreement	Write a natural, coherent English sentence.
957	6	All legislatures criticize that brown oasis.	All legislatures criticize those brown oasis.	-104.0	-103.5	-10.375	-10.375	False	False	morphology	determiner_noun_agreement	Write a natural, coherent English sentence.
958	6	Paula works with that clever person.	Paula works with those clever person.	-83.0	-83.0	-10.375	-10.375	False	False	morphology	determiner_noun_agreement	Write a natural, coherent English sentence.
959	6	Benjamin respects those confident children.	Benjamin respects that confident children.	-72.5	-72.5	-10.375	-10.375	False	False	morphology	determiner_noun_agreement	Write a natural, coherent English sentence.
960	6	Mitchell attacked these unsure alumni.	Mitchell attacked this unsure alumni.	-93.5	-93.5	-10.375	-10.375	False	False	morphology	determiner_noun_agreement	Write a natural, coherent English sentence.
961	6	The Lutherans hadn't cleaned these broken teeth.	The Lutherans hadn't cleaned this broken teeth.	-114.0	-114.0	-10.375	-10.375	False	False	morphology	determiner_noun_agreement	Write a natural, coherent English sentence.
962	6	A lot of children observe that young child.	A lot of children observe those young child.	-93.0	-93.0	-10.375	-10.375	False	False	morphology	determiner_noun_agreement	Write a natural, coherent English sentence.
963	6	Gary hadn't sounded like this out in the open oasis.	Gary hadn't sounded like these out in the open oasis.	-145.0	-145.0	-10.375	-10.375	False	False	morphology	determiner_noun_agreement	Write a natural, coherent English sentence.
964	6	That fish annoyed this serious alumnus.	That fish annoyed these serious alumnus.	-103.5	-103.5	-10.375	-10.375	False	False	morphology	determiner_noun_agreement	Write a natural, coherent English sentence.
965	6	Spotlights worry those standing people.	Spotlights worry that standing people.	-72.5	-72.5	-10.375	-10.375	False	False	morphology	determiner_noun_agreement	Write a natural, coherent English sentence.
966	6	Rodney returned to these content alumni.	Rodney returned to this content alumni.	-104.0	-104.0	-10.375	-10.375	False	False	morphology	determiner_noun_agreement	Write a natural, coherent English sentence.
967	6	Bruce references this unemployed child.	Bruce references these unemployed child.	-72.5	-72.5	-10.375	-10.375	False	False	morphology	determiner_noun_agreement	Write a natural, coherent English sentence.
968	6	Many museums criticize this bad analysis.	Many museums criticize these bad analysis.	-93.5	-93.5	-10.375	-10.375	False	False	morphology	determiner_noun_agreement	Write a natural, coherent English sentence.
969	6	Danielle knows that concealed man.	Danielle knows those concealed man.	-83.0	-83.0	-10.375	-10.375	False	False	morphology	determiner_noun_agreement	Write a natural, coherent English sentence.
970	6	Katherine sells that smooth oasis.	Katherine sells those smooth oasis.	-93.5	-93.5	-10.375	-10.375	False	False	morphology	determiner_noun_agreement	Write a natural, coherent English sentence.
971	6	Meredith hadn't scared these clever people.	Meredith hadn't scared this clever people.	-114.0	-114.0	-10.375	-10.375	False	False	morphology	determiner_noun_agreement	Write a natural, coherent English sentence.
972	6	Walter biked to these gray oases.	Walter biked to this gray oases.	-104.0	-104.0	-10.375	-10.375	False	False	morphology	determiner_noun_agreement	Write a natural, coherent English sentence.
973	6	Phillip has investigated this unemployed man.	Phillip has investigated these unemployed man.	-93.5	-93.5	-10.375	-10.375	False	False	morphology	determiner_noun_agreement	Write a natural, coherent English sentence.
974	6	Alice knows that ill woman.	Alice knows those ill woman.	-62.25	-62.25	-10.375	-10.375	False	False	morphology	determiner_noun_agreement	Write a natural, coherent English sentence.
975	6	Daniel bothered that unemployed alumnus.	Daniel bothered those unemployed alumnus.	-93.5	-93.5	-10.375	-10.375	False	False	morphology	determiner_noun_agreement	Write a natural, coherent English sentence.
976	6	Some children notice this black thesis.	Some children notice these black thesis.	-72.5	-72.5	-10.375	-10.375	False	False	morphology	determiner_noun_agreement	Write a natural, coherent English sentence.
977	6	George has alarmed these unemployed children.	George has alarmed this unemployed children.	-93.5	-93.5	-10.375	-10.375	False	False	morphology	determiner_noun_agreement	Write a natural, coherent English sentence.
978	6	Sarah won't drive to this concealed oasis.	Sarah won't drive to these concealed oasis.	-124.5	-124.5	-10.375	-10.375	False	False	morphology	determiner_noun_agreement	Write a natural, coherent English sentence.
979	6	Grace arrived at those small oases.	Grace arrived at that small oases.	-83.0	-83.0	-10.375	-10.375	False	False	morphology	determiner_noun_agreement	Write a natural, coherent English sentence.
980	6	David kisses that lucky man.	David kisses those lucky man.	-72.5	-72.5	-10.375	-10.375	False	False	morphology	determiner_noun_agreement	Write a natural, coherent English sentence.
981	6	Laura isn't lifting this smooth axis.	Laura isn't lifting these smooth axis.	-93.5	-93.5	-10.375	-10.375	False	False	morphology	determiner_noun_agreement	Write a natural, coherent English sentence.
982	6	Mark embarrassed these confident children.	Mark embarrassed this confident children.	-62.25	-62.25	-10.375	-10.375	False	False	morphology	determiner_noun_agreement	Write a natural, coherent English sentence.
983	6	Patients bothers this employed man.	Patients bothers these employed man.	-83.0	-83.0	-10.375	-10.375	False	False	morphology	determiner_noun_agreement	Write a natural, coherent English sentence.
984	6	Christopher has criticized this bad synopsis.	Christopher has criticized these bad synopsis.	-93.5	-93.5	-10.375	-10.375	False	False	morphology	determiner_noun_agreement	Write a natural, coherent English sentence.
985	6	Todd hadn't gone to this cheap oasis.	Todd hadn't gone to these cheap oasis.	-114.0	-114.0	-10.375	-10.375	False	False	morphology	determiner_noun_agreement	Write a natural, coherent English sentence.
986	6	Becca does investigate this lucky alumnus.	Becca does investigate these lucky alumnus.	-104.0	-104.0	-10.375	-10.375	False	False	morphology	determiner_noun_agreement	Write a natural, coherent English sentence.
987	6	Sabrina visits those fast women.	Sabrina visits that fast women.	-83.0	-83.0	-10.375	-10.375	False	False	morphology	determiner_noun_agreement	Write a natural, coherent English sentence.
988	6	Janet knew those unconvinced children.	Janet knew that unconvinced children.	-104.0	-104.0	-10.375	-10.375	False	False	morphology	determiner_noun_agreement	Write a natural, coherent English sentence.
989	6	Christine hated this young man.	Christine hated these young man.	-72.5	-72.5	-10.375	-10.375	False	False	morphology	determiner_noun_agreement	Write a natural, coherent English sentence.
990	6	Chad hadn't complained about these big oases.	Chad hadn't complained about this big oases.	-124.5	-124.5	-10.375	-10.375	False	False	morphology	determiner_noun_agreement	Write a natural, coherent English sentence.
991	6	Many bikes stun that nice man.	Many bikes stun those nice man.	-93.5	-93.5	-10.375	-10.375	False	False	morphology	determiner_noun_agreement	Write a natural, coherent English sentence.
992	6	William hasn't investigated these fast men.	William hasn't investigated this fast men.	-93.5	-93.5	-10.375	-10.375	False	False	morphology	determiner_noun_agreement	Write a natural, coherent English sentence.
993	6	Kristin couldn't research these smooth oases.	Kristin couldn't research this smooth oases.	-114.0	-114.0	-10.375	-10.375	False	False	morphology	determiner_noun_agreement	Write a natural, coherent English sentence.
994	6	Travis arrives at these old oases.	Travis arrives at this old oases.	-93.5	-93.5	-10.375	-10.375	False	False	morphology	determiner_noun_agreement	Write a natural, coherent English sentence.
995	6	Many boys drive to this yellow oasis.	Many boys drive to these yellow oasis.	-93.5	-93.5	-10.375	-10.375	False	False	morphology	determiner_noun_agreement	Write a natural, coherent English sentence.
996	6	Danielle won't heal those unlucky people.	Danielle won't heal that unlucky people.	-124.5	-124.5	-10.375	-10.375	False	False	morphology	determiner_noun_agreement	Write a natural, coherent English sentence.
997	6	Sabrina wouldn't go to that new oasis.	Sabrina wouldn't go to those new oasis.	-135.0	-135.0	-10.375	-10.375	False	False	morphology	determiner_noun_agreement	Write a natural, coherent English sentence.
998	6	This movie theater annoys these lucky alumni.	This movie theater annoys this lucky alumni.	-124.5	-124.5	-10.375	-10.375	False	False	morphology	determiner_noun_agreement	Write a natural, coherent English sentence.
999	6	Stacy doesn't appreciate that out in the open woman.	Stacy doesn't appreciate those out in the open woman.	-135.0	-135.0	-10.375	-10.375	False	False	morphology	determiner_noun_agreement	Write a natural, coherent English sentence.
0	7	Alexander didn't walk through that new oasis.	Alexander didn't walk through those new oasis.	-114.0	-114.0	-10.375	-10.375	False	False	morphology	determiner_noun_agreement	Write a natural, coherent English sentence.
1	7	This hair irritates these old alumni.	This hair irritates this old alumni.	-103.5	-103.5	-10.375	-10.375	False	False	morphology	determiner_noun_agreement	Write a natural, coherent English sentence.
2	7	Winston Churchill was escaping from this serious person.	Winston Churchill was escaping from these serious person.	-124.5	-124.5	-10.375	-10.375	False	False	morphology	determiner_noun_agreement	Write a natural, coherent English sentence.
3	7	Anna walks through these purple oases.	Anna walks through this purple oases.	-83.0	-83.0	-10.375	-10.375	False	False	morphology	determiner_noun_agreement	Write a natural, coherent English sentence.
4	7	Alicia sounded like this good analysis.	Alicia sounded like these good analysis.	-93.0	-93.0	-10.375	-10.375	False	False	morphology	determiner_noun_agreement	Write a natural, coherent English sentence.
5	7	Jeffrey might complain about this gray thesis.	Jeffrey might complain about these gray thesis.	-93.0	-93.0	-10.375	-10.375	False	False	morphology	determiner_noun_agreement	Write a natural, coherent English sentence.
6	7	Meredith approaches these concealed women.	Meredith approaches this concealed women.	-93.5	-93.5	-10.375	-10.375	False	False	morphology	determiner_noun_agreement	Write a natural, coherent English sentence.
7	7	Julia questioned those small children.	Julia questioned that small children.	-62.25	-62.25	-10.375	-10.375	False	False	morphology	determiner_noun_agreement	Write a natural, coherent English sentence.
8	7	That adult has brought that purple octopus.	That adult has brought those purple octopus.	-104.0	-104.0	-10.375	-10.375	False	False	morphology	determiner_noun_agreement	Write a natural, coherent English sentence.
9	7	The people hug this displeased woman.	The people hug these displeased woman.	-93.5	-93.5	-10.375	-10.375	False	False	morphology	determiner_noun_agreement	Write a natural, coherent English sentence.
10	7	That beef did bore these displeased people.	That beef did bore this displeased people.	-103.5	-103.5	-10.375	-10.375	False	False	morphology	determiner_noun_agreement	Write a natural, coherent English sentence.
11	7	These libraries talk about these long synopses.	These libraries talk about this long synopses.	-103.5	-103.5	-10.375	-10.375	False	False	morphology	determiner_noun_agreement	Write a natural, coherent English sentence.
12	7	Lori wasn't hiring those delighted men.	Lori wasn't hiring that delighted men.	-104.0	-104.0	-10.375	-10.375	False	False	morphology	determiner_noun_agreement	Write a natural, coherent English sentence.
13	7	The teachers are running around this concealed oasis.	The teachers are running around these concealed oasis.	-114.0	-114.0	-10.375	-10.375	False	False	morphology	determiner_noun_agreement	Write a natural, coherent English sentence.
14	7	Those bananas embarrass these delighted people.	Those bananas embarrass this delighted people.	-83.0	-83.0	-10.375	-10.375	False	False	morphology	determiner_noun_agreement	Write a natural, coherent English sentence.
15	7	Mitchell brought those green oases.	Mitchell brought that green oases.	-72.5	-72.5	-10.375	-10.375	False	False	morphology	determiner_noun_agreement	Write a natural, coherent English sentence.
16	7	The actresses complain about this rough thesis.	The actresses complain about these rough thesis.	-93.0	-93.0	-10.375	-10.375	False	False	morphology	determiner_noun_agreement	Write a natural, coherent English sentence.
17	7	Russell investigates these fast women.	Russell investigates this fast women.	-72.5	-72.5	-10.375	-10.375	False	False	morphology	determiner_noun_agreement	Write a natural, coherent English sentence.
18	7	Irene praised those bad synopses.	Irene praised that bad synopses.	-93.5	-93.5	-10.375	-10.375	False	False	morphology	determiner_noun_agreement	Write a natural, coherent English sentence.
19	7	Denise did confuse that important woman.	Denise did confuse those important woman.	-93.5	-93.5	-10.375	-10.375	False	False	morphology	determiner_noun_agreement	Write a natural, coherent English sentence.
20	7	Some patients dislike those nice women.	Some patients dislike that nice women.	-83.0	-83.0	-10.375	-10.375	False	False	morphology	determiner_noun_agreement	Write a natural, coherent English sentence.
21	7	Amelia wasn't observing this hopeful man.	Amelia wasn't observing these hopeful man.	-124.5	-124.5	-10.375	-10.375	False	False	morphology	determiner_noun_agreement	Write a natural, coherent English sentence.
22	7	Grace is hugging these popular women.	Grace is hugging this popular women.	-83.0	-83.0	-10.375	-10.375	False	False	morphology	determiner_noun_agreement	Write a natural, coherent English sentence.
23	7	Julia might describe this long synopsis.	Julia might describe these long synopsis.	-83.0	-83.0	-10.375	-10.375	False	False	morphology	determiner_noun_agreement	Write a natural, coherent English sentence.
24	7	Many pedestrians do return to these happy men.	Many pedestrians do return to this happy men.	-114.0	-114.0	-10.375	-10.375	False	False	morphology	determiner_noun_agreement	Write a natural, coherent English sentence.
25	7	Laura noticed that determined man.	Laura noticed those determined man.	-62.25	-62.25	-10.375	-10.375	False	False	morphology	determiner_noun_agreement	Write a natural, coherent English sentence.
26	7	Julie would pass those red oases.	Julie would pass that red oases.	-83.0	-83.0	-10.375	-10.375	False	False	morphology	determiner_noun_agreement	Write a natural, coherent English sentence.
27	7	These doctors boast about this out in the open child.	These doctors boast about these out in the open child.	-124.5	-124.5	-10.375	-10.375	False	False	morphology	determiner_noun_agreement	Write a natural, coherent English sentence.
28	7	Stephen isn't revealing this brown nucleus.	Stephen isn't revealing these brown nucleus.	-104.0	-104.0	-10.375	-10.375	False	False	morphology	determiner_noun_agreement	Write a natural, coherent English sentence.
29	7	Travel stuns that sick child.	Travel stuns those sick child.	-72.5	-72.5	-10.375	-10.375	False	False	morphology	determiner_noun_agreement	Write a natural, coherent English sentence.
30	7	Amelia healed that unemployed woman.	Amelia healed those unemployed woman.	-93.5	-93.5	-10.375	-10.375	False	False	morphology	determiner_noun_agreement	Write a natural, coherent English sentence.
31	7	Noah attacks that ill child.	Noah attacks those ill child.	-62.25	-62.25	-10.375	-10.375	False	False	morphology	determiner_noun_agreement	Write a natural, coherent English sentence.
32	7	Randolf buys those gray fungi.	Randolf buys that gray fungi.	-93.5	-93.5	-10.375	-10.375	False	False	morphology	determiner_noun_agreement	Write a natural, coherent English sentence.
33	7	Some pedestrians disagreed with this big woman.	Some pedestrians disagreed with these big woman.	-114.0	-114.0	-10.375	-10.375	False	False	morphology	determiner_noun_agreement	Write a natural, coherent English sentence.
34	7	Adam might sound like these determined children.	Adam might sound like this determined children.	-83.0	-83.0	-10.375	-10.375	False	False	morphology	determiner_noun_agreement	Write a natural, coherent English sentence.
35	7	Bill has stunned this confident man.	Bill has stunned these confident man.	-83.0	-83.0	-10.375	-10.375	False	False	morphology	determiner_noun_agreement	Write a natural, coherent English sentence.
36	7	Rhonda should see these blue oases.	Rhonda should see this blue oases.	-93.5	-93.5	-10.375	-10.375	False	False	morphology	determiner_noun_agreement	Write a natural, coherent English sentence.
37	7	Stephen cares for that out in the open alumnus.	Stephen cares for those out in the open alumnus.	-124.5	-124.5	-10.375	-10.375	False	False	morphology	determiner_noun_agreement	Write a natural, coherent English sentence.
38	7	Cheryl has bought this green oasis.	Cheryl has bought these green oasis.	-93.5	-93.5	-10.375	-10.375	False	False	morphology	determiner_noun_agreement	Write a natural, coherent English sentence.
39	7	Every door annoyed this lucky child.	Every door annoyed these lucky child.	-83.0	-83.0	-10.375	-10.375	False	False	morphology	determiner_noun_agreement	Write a natural, coherent English sentence.
40	7	Gerald cures that unlucky child.	Gerald cures those unlucky child.	-103.5	-103.5	-10.375	-10.375	False	False	morphology	determiner_noun_agreement	Write a natural, coherent English sentence.
41	7	Eyes weren't worrying this troubled child.	Eyes weren't worrying these troubled child.	-114.0	-114.0	-10.375	-10.375	False	False	morphology	determiner_noun_agreement	Write a natural, coherent English sentence.
42	7	Michael isn't referencing this long synopsis.	Michael isn't referencing these long synopsis.	-114.0	-114.0	-10.375	-10.375	False	False	morphology	determiner_noun_agreement	Write a natural, coherent English sentence.
43	7	Robert insults this serious man.	Robert insults these serious man.	-72.5	-72.5	-10.375	-10.375	False	False	morphology	determiner_noun_agreement	Write a natural, coherent English sentence.
44	7	Waitresses describe that smart alumnus.	Waitresses describe those smart alumnus.	-103.5	-103.5	-10.375	-10.375	False	False	morphology	determiner_noun_agreement	Write a natural, coherent English sentence.
45	7	Dan doesn't respect this unemployed alumnus.	Dan doesn't respect these unemployed alumnus.	-124.5	-124.5	-10.375	-10.375	False	False	morphology	determiner_noun_agreement	Write a natural, coherent English sentence.
46	7	Eric has upset those scared people.	Eric has upset that scared people.	-72.5	-72.5	-10.375	-10.375	False	False	morphology	determiner_noun_agreement	Write a natural, coherent English sentence.
47	7	Sabrina was biking to this exposed oasis.	Sabrina was biking to these exposed oasis.	-124.5	-124.5	-10.375	-10.375	False	False	morphology	determiner_noun_agreement	Write a natural, coherent English sentence.
48	7	Edward can't think about these exposed mice.	Edward can't think about this exposed mice.	-114.0	-114.0	-10.375	-10.375	False	False	morphology	determiner_noun_agreement	Write a natural, coherent English sentence.
49	7	Phillip listened to this standing alumnus.	Phillip listened to these standing alumnus.	-103.5	-103.5	-10.375	-10.375	False	False	morphology	determiner_noun_agreement	Write a natural, coherent English sentence.
50	7	Those men skate around this small oasis.	Those men skate around these small oasis.	-104.0	-104.0	-10.375	-10.375	False	False	morphology	determiner_noun_agreement	Write a natural, coherent English sentence.
51	7	Rhonda could think about those content children.	Rhonda could think about that content children.	-93.5	-93.5	-10.375	-10.375	False	False	morphology	determiner_noun_agreement	Write a natural, coherent English sentence.
52	7	Melissa had remembered that unsure person.	Melissa had remembered those unsure person.	-93.5	-93.5	-10.375	-10.375	False	False	morphology	determiner_noun_agreement	Write a natural, coherent English sentence.
53	7	The students talk about this upset person.	The students talk about these upset person.	-83.0	-83.0	-10.375	-10.375	False	False	morphology	determiner_noun_agreement	Write a natural, coherent English sentence.
54	7	Leslie insults those upset alumni.	Leslie insults that upset alumni.	-103.5	-103.5	-10.375	-10.375	False	False	morphology	determiner_noun_agreement	Write a natural, coherent English sentence.
55	7	Hats distract this ill man.	Hats distract these ill man.	-72.5	-72.5	-10.375	-10.375	False	False	morphology	determiner_noun_agreement	Write a natural, coherent English sentence.
56	7	Dawn sounded like this determined child.	Dawn sounded like these determined child.	-83.0	-83.0	-10.375	-10.375	False	False	morphology	determiner_noun_agreement	Write a natural, coherent English sentence.
57	7	Carl had run around that brown oasis.	Carl had run around those brown oasis.	-93.5	-93.5	-10.375	-10.375	False	False	morphology	determiner_noun_agreement	Write a natural, coherent English sentence.
58	7	Anna criticizes these concealed children.	Anna criticizes this concealed children.	-83.0	-83.0	-10.375	-10.375	False	False	morphology	determiner_noun_agreement	Write a natural, coherent English sentence.
59	7	The waiter might criticize that unemployed man.	The waiter might criticize those unemployed man.	-114.0	-114.0	-10.375	-10.375	False	False	morphology	determiner_noun_agreement	Write a natural, coherent English sentence.
60	7	Tracy was investigating this troubled alumnus.	Tracy was investigating these troubled alumnus.	-124.5	-124.5	-10.375	-10.375	False	False	morphology	determiner_noun_agreement	Write a natural, coherent English sentence.
61	7	These newspaper articles astound this clever child.	These newspaper articles astound these clever child.	-93.5	-93.5	-10.375	-10.375	False	False	morphology	determiner_noun_agreement	Write a natural, coherent English sentence.
62	7	Dana hadn't attacked this small man.	Dana hadn't attacked these small man.	-104.0	-104.0	-10.375	-10.375	False	False	morphology	determiner_noun_agreement	Write a natural, coherent English sentence.
63	7	Curtis wasn't breaking those hard teeth.	Curtis wasn't breaking that hard teeth.	-104.0	-104.0	-10.375	-10.375	False	False	morphology	determiner_noun_agreement	Write a natural, coherent English sentence.
64	7	All customers attack this employed alumnus.	All customers attack these employed alumnus.	-93.5	-93.5	-10.375	-10.375	False	False	morphology	determiner_noun_agreement	Write a natural, coherent English sentence.
65	7	Most ladies go to those purple oases.	Most ladies go to that purple oases.	-93.5	-93.5	-10.375	-10.375	False	False	morphology	determiner_noun_agreement	Write a natural, coherent English sentence.
66	7	A dancer tours that blue oasis.	A dancer tours those blue oasis.	-93.5	-93.5	-10.375	-10.375	False	False	morphology	determiner_noun_agreement	Write a natural, coherent English sentence.
67	7	Steven irritated this unconvinced woman.	Steven irritated these unconvinced woman.	-103.5	-103.5	-10.375	-10.375	False	False	morphology	determiner_noun_agreement	Write a natural, coherent English sentence.
68	7	Tara wasn't helping that sick man.	Tara wasn't helping those sick man.	-104.0	-104.0	-10.375	-10.375	False	False	morphology	determiner_noun_agreement	Write a natural, coherent English sentence.
69	7	The dancers aren't cleaning that smooth fungus.	The dancers aren't cleaning those smooth fungus.	-135.0	-135.0	-10.375	-10.375	False	False	morphology	determiner_noun_agreement	Write a natural, coherent English sentence.
70	7	Melissa had talked about these white theses.	Melissa had talked about this white theses.	-103.5	-103.5	-10.375	-10.375	False	False	morphology	determiner_noun_agreement	Write a natural, coherent English sentence.
71	7	The man isn't watching those upset men.	The man isn't watching that upset men.	-104.0	-104.0	-10.375	-10.375	False	False	morphology	determiner_noun_agreement	Write a natural, coherent English sentence.
72	7	Sabrina won't worry this out in the open person.	Sabrina won't worry these out in the open person.	-145.0	-145.0	-10.375	-10.375	False	False	morphology	determiner_noun_agreement	Write a natural, coherent English sentence.
73	7	Every bird embarrassed these unemployed men.	Every bird embarrassed this unemployed men.	-83.0	-83.0	-10.375	-10.375	False	False	morphology	determiner_noun_agreement	Write a natural, coherent English sentence.
74	7	The Borgias drive to that small oasis.	The Borgias drive to those small oasis.	-114.0	-114.0	-10.375	-10.375	False	False	morphology	determiner_noun_agreement	Write a natural, coherent English sentence.
75	7	Bradley likes these brown fungi.	Bradley likes this brown fungi.	-83.0	-83.0	-10.375	-10.375	False	False	morphology	determiner_noun_agreement	Write a natural, coherent English sentence.
76	7	Most guys go to that black oasis.	Most guys go to those black oasis.	-93.5	-93.5	-10.375	-10.375	False	False	morphology	determiner_noun_agreement	Write a natural, coherent English sentence.
77	7	A pedestrian hadn't approached these hopeful women.	A pedestrian hadn't approached this hopeful women.	-124.5	-124.5	-10.375	-10.375	False	False	morphology	determiner_noun_agreement	Write a natural, coherent English sentence.
78	7	Some senators aren't healing this unemployed alumnus.	Some senators aren't healing these unemployed alumnus.	-145.0	-145.0	-10.375	-10.375	False	False	morphology	determiner_noun_agreement	Write a natural, coherent English sentence.
79	7	That cart wasn't stunning these exposed men.	That cart wasn't stunning this exposed men.	-103.5	-103.5	-10.375	-10.375	False	False	morphology	determiner_noun_agreement	Write a natural, coherent English sentence.
80	7	Joel can think about this smart man.	Joel can think about these smart man.	-83.0	-83.0	-10.375	-10.375	False	False	morphology	determiner_noun_agreement	Write a natural, coherent English sentence.
81	7	Those prints disgust those good people.	Those prints disgust that good people.	-72.5	-72.5	-10.375	-10.375	False	False	morphology	determiner_noun_agreement	Write a natural, coherent English sentence.
82	7	Beverly hadn't passed these yellow oases.	Beverly hadn't passed this yellow oases.	-114.0	-114.0	-10.375	-10.375	False	False	morphology	determiner_noun_agreement	Write a natural, coherent English sentence.
83	7	A lot of prints irritate this unconvinced woman.	A lot of prints irritate these unconvinced woman.	-135.0	-135.0	-10.375	-10.375	False	False	morphology	determiner_noun_agreement	Write a natural, coherent English sentence.
84	7	Many customers hire those standing alumni.	Many customers hire that standing alumni.	-93.5	-93.5	-10.375	-10.375	False	False	morphology	determiner_noun_agreement	Write a natural, coherent English sentence.
85	7	Some rug isn't irritating that nice woman.	Some rug isn't irritating those nice woman.	-114.0	-114.0	-10.375	-10.375	False	False	morphology	determiner_noun_agreement	Write a natural, coherent English sentence.
86	7	Jill embarrassed those busy men.	Jill embarrassed that busy men.	-72.5	-72.5	-10.375	-10.375	False	False	morphology	determiner_noun_agreement	Write a natural, coherent English sentence.
87	7	Most sketches could hurt this uncertain person.	Most sketches could hurt these uncertain person.	-104.0	-104.0	-10.375	-10.375	False	False	morphology	determiner_noun_agreement	Write a natural, coherent English sentence.
88	7	Patricia lifted those purple feet.	Patricia lifted that purple feet.	-83.0	-83.0	-10.375	-10.375	False	False	morphology	determiner_noun_agreement	Write a natural, coherent English sentence.
89	7	The girls sell this hard fungus.	The girls sell these hard fungus.	-93.5	-93.5	-10.375	-10.375	False	False	morphology	determiner_noun_agreement	Write a natural, coherent English sentence.
90	7	Nicole has seen this yellow cactus.	Nicole has seen these yellow cactus.	-93.5	-93.5	-10.375	-10.375	False	False	morphology	determiner_noun_agreement	Write a natural, coherent English sentence.
91	7	Sharon could arrive at those big oases.	Sharon could arrive at that big oases.	-104.0	-104.0	-10.375	-10.375	False	False	morphology	determiner_noun_agreement	Write a natural, coherent English sentence.
92	7	This cashier can fire that good woman.	This cashier can fire those good woman.	-93.5	-93.5	-10.375	-10.375	False	False	morphology	determiner_noun_agreement	Write a natural, coherent English sentence.
93	7	Raymond left those scared children.	Raymond left that scared children.	-62.25	-62.25	-10.375	-10.375	False	False	morphology	determiner_noun_agreement	Write a natural, coherent English sentence.
94	7	Noah could discuss that clever person.	Noah could discuss those clever person.	-72.5	-72.5	-10.375	-10.375	False	False	morphology	determiner_noun_agreement	Write a natural, coherent English sentence.
95	7	Rachelle knew that concealed woman.	Rachelle knew those concealed woman.	-83.0	-83.0	-10.375	-10.375	False	False	morphology	determiner_noun_agreement	Write a natural, coherent English sentence.
96	7	Dawn hasn't cured those gray oxen.	Dawn hasn't cured that gray oxen.	-124.5	-124.5	-10.375	-10.375	False	False	morphology	determiner_noun_agreement	Write a natural, coherent English sentence.
97	7	The Great Lakes haven't disgusted those out in the open people.	The Great Lakes haven't disgusted that out in the open people.	-166.0	-166.0	-10.375	-10.375	False	False	morphology	determiner_noun_agreement	Write a natural, coherent English sentence.
98	7	Wayne doesn't exit those cheap oases.	Wayne doesn't exit that cheap oases.	-104.0	-104.0	-10.375	-10.375	False	False	morphology	determiner_noun_agreement	Write a natural, coherent English sentence.
99	7	These waitresses haven't astounded this fast woman.	These waitresses haven't astounded these fast woman.	-145.0	-145.0	-10.375	-10.375	False	False	morphology	determiner_noun_agreement	Write a natural, coherent English sentence.
100	7	Patrick hasn't lifted this out in the open cactus.	Patrick hasn't lifted these out in the open cactus.	-145.0	-145.0	-10.375	-10.375	False	False	morphology	determiner_noun_agreement	Write a natural, coherent English sentence.
101	7	Angela isn't embarrassing those excited children.	Angela isn't embarrassing that excited children.	-103.5	-103.5	-10.375	-10.375	False	False	morphology	determiner_noun_agreement	Write a natural, coherent English sentence.
102	7	Jennifer hasn't criticized this smart man.	Jennifer hasn't criticized these smart man.	-103.5	-103.5	-10.375	-10.375	False	False	morphology	determiner_noun_agreement	Write a natural, coherent English sentence.
103	7	April watched this big person.	April watched these big person.	-62.25	-62.25	-10.375	-10.375	False	False	morphology	determiner_noun_agreement	Write a natural, coherent English sentence.
104	7	Candice hadn't bothered that serious alumnus.	Candice hadn't bothered those serious alumnus.	-124.5	-124.5	-10.375	-10.375	False	False	morphology	determiner_noun_agreement	Write a natural, coherent English sentence.
105	7	The Clintons observe those happy women.	The Clintons observe that happy women.	-93.5	-93.5	-10.375	-10.375	False	False	morphology	determiner_noun_agreement	Write a natural, coherent English sentence.
106	7	The Clintons observe this excited man.	The Clintons observe these excited man.	-93.5	-93.5	-10.375	-10.375	False	False	morphology	determiner_noun_agreement	Write a natural, coherent English sentence.
107	7	Associations were listening to that unlucky child.	Associations were listening to those unlucky child.	-114.0	-114.0	-10.375	-10.375	False	False	morphology	determiner_noun_agreement	Write a natural, coherent English sentence.
108	7	Those committees discussed that busy woman.	Those committees discussed those busy woman.	-93.5	-93.5	-10.375	-10.375	False	False	morphology	determiner_noun_agreement	Write a natural, coherent English sentence.
109	7	Debra isn't discussing that good analysis.	Debra isn't discussing those good analysis.	-103.5	-103.5	-10.375	-10.375	False	False	morphology	determiner_noun_agreement	Write a natural, coherent English sentence.
110	7	The drawing distracts this lucky woman.	The drawing distracts these lucky woman.	-83.0	-83.0	-10.375	-10.375	False	False	morphology	determiner_noun_agreement	Write a natural, coherent English sentence.
111	7	Holly couldn't dislike this exposed child.	Holly couldn't dislike these exposed child.	-104.0	-104.0	-10.375	-10.375	False	False	morphology	determiner_noun_agreement	Write a natural, coherent English sentence.
112	7	Angela examines that good synopsis.	Angela examines those good synopsis.	-83.0	-83.0	-10.375	-10.375	False	False	morphology	determiner_noun_agreement	Write a natural, coherent English sentence.
113	7	These skateboards aggravate that lucky woman.	These skateboards aggravate those lucky woman.	-114.0	-114.0	-10.375	-10.375	False	False	morphology	determiner_noun_agreement	Write a natural, coherent English sentence.
114	7	Some play alarms those small women.	Some play alarms that small women.	-83.0	-83.0	-10.375	-10.375	False	False	morphology	determiner_noun_agreement	Write a natural, coherent English sentence.
115	7	Students investigate these nice men.	Students investigate this nice men.	-62.25	-62.25	-10.375	-10.375	False	False	morphology	determiner_noun_agreement	Write a natural, coherent English sentence.
116	7	Tanya wasn't shocking that busy child.	Tanya wasn't shocking those busy child.	-114.0	-114.0	-10.375	-10.375	False	False	morphology	determiner_noun_agreement	Write a natural, coherent English sentence.
117	7	Brett has boasted about this nice person.	Brett has boasted about these nice person.	-103.5	-103.5	-10.375	-10.375	False	False	morphology	determiner_noun_agreement	Write a natural, coherent English sentence.
118	7	Jennifer described that hidden woman.	Jennifer described those hidden woman.	-62.25	-62.25	-10.375	-10.375	False	False	morphology	determiner_noun_agreement	Write a natural, coherent English sentence.
119	7	Winston Churchill passed these red oases.	Winston Churchill passed this red oases.	-103.5	-103.5	-10.375	-10.375	False	False	morphology	determiner_noun_agreement	Write a natural, coherent English sentence.
120	7	Some mirror could scare this nice woman.	Some mirror could scare these nice woman.	-93.5	-93.5	-10.375	-10.375	False	False	morphology	determiner_noun_agreement	Write a natural, coherent English sentence.
121	7	Caroline hadn't fired that scared alumnus.	Caroline hadn't fired those scared alumnus.	-114.0	-114.0	-10.375	-10.375	False	False	morphology	determiner_noun_agreement	Write a natural, coherent English sentence.
122	7	Edward wasn't referencing that displeased woman.	Edward wasn't referencing those displeased woman.	-124.5	-124.5	-10.375	-10.375	False	False	morphology	determiner_noun_agreement	Write a natural, coherent English sentence.
123	7	Many teachers clean these cheap teeth.	Many teachers clean this cheap teeth.	-72.5	-72.5	-10.375	-10.375	False	False	morphology	determiner_noun_agreement	Write a natural, coherent English sentence.
124	7	Wayne might remember these new oases.	Wayne might remember this new oases.	-83.0	-83.0	-10.375	-10.375	False	False	morphology	determiner_noun_agreement	Write a natural, coherent English sentence.
125	7	Some high school alarms this determined man.	Some high school alarms these determined man.	-93.5	-93.5	-10.375	-10.375	False	False	morphology	determiner_noun_agreement	Write a natural, coherent English sentence.
126	7	Vincent had returned to these out in the open oases.	Vincent had returned to this out in the open oases.	-124.5	-124.5	-10.375	-10.375	False	False	morphology	determiner_noun_agreement	Write a natural, coherent English sentence.
127	7	Marla hired this standing child.	Marla hired these standing child.	-72.5	-72.5	-10.375	-10.375	False	False	morphology	determiner_noun_agreement	Write a natural, coherent English sentence.
128	7	Some cucumber has upset those ill men.	Some cucumber has upset that ill men.	-104.0	-104.0	-10.375	-10.375	False	False	morphology	determiner_noun_agreement	Write a natural, coherent English sentence.
129	7	Russell hasn't kissed this content man.	Russell hasn't kissed these content man.	-93.5	-93.5	-10.375	-10.375	False	False	morphology	determiner_noun_agreement	Write a natural, coherent English sentence.
130	7	Guy has left this determined man.	Guy has left these determined man.	-72.5	-72.5	-10.375	-10.375	False	False	morphology	determiner_noun_agreement	Write a natural, coherent English sentence.
131	7	The Lutherans listen to these employed women.	The Lutherans listen to this employed women.	-93.5	-93.5	-10.375	-10.375	False	False	morphology	determiner_noun_agreement	Write a natural, coherent English sentence.
132	7	Candice disliked these bad analyses.	Candice disliked this bad analyses.	-104.0	-104.0	-10.375	-10.375	False	False	morphology	determiner_noun_agreement	Write a natural, coherent English sentence.
133	7	Many women heal these lost geese.	Many women heal this lost geese.	-83.0	-83.0	-10.375	-10.375	False	False	morphology	determiner_noun_agreement	Write a natural, coherent English sentence.
134	7	Wayne has remembered these smart people.	Wayne has remembered this smart people.	-72.5	-72.5	-10.375	-10.375	False	False	morphology	determiner_noun_agreement	Write a natural, coherent English sentence.
135	7	This teenager had dropped by these white oases.	This teenager had dropped by this white oases.	-104.0	-104.0	-10.375	-10.375	False	False	morphology	determiner_noun_agreement	Write a natural, coherent English sentence.
136	7	Eva has exited those smooth oases.	Eva has exited that smooth oases.	-93.5	-93.5	-10.375	-10.375	False	False	morphology	determiner_noun_agreement	Write a natural, coherent English sentence.
137	7	Cheryl wouldn't aggravate that bad person.	Cheryl wouldn't aggravate those bad person.	-124.5	-124.5	-10.375	-10.375	False	False	morphology	determiner_noun_agreement	Write a natural, coherent English sentence.
138	7	Katherine hadn't shocked those young children.	Katherine hadn't shocked that young children.	-104.0	-104.0	-10.375	-10.375	False	False	morphology	determiner_noun_agreement	Write a natural, coherent English sentence.
139	7	The student loves these troubled people.	The student loves this troubled people.	-83.0	-83.0	-10.375	-10.375	False	False	morphology	determiner_noun_agreement	Write a natural, coherent English sentence.
140	7	Tracy cared for those smart alumni.	Tracy cared for that smart alumni.	-104.0	-104.0	-10.375	-10.375	False	False	morphology	determiner_noun_agreement	Write a natural, coherent English sentence.
141	7	Guys return to these small oases.	Guys return to this small oases.	-93.5	-93.5	-10.375	-10.375	False	False	morphology	determiner_noun_agreement	Write a natural, coherent English sentence.
142	7	Marcus won't bike to this white oasis.	Marcus won't bike to these white oasis.	-114.0	-114.0	-10.375	-10.375	False	False	morphology	determiner_noun_agreement	Write a natural, coherent English sentence.
143	7	Eggplants impressed these unconvinced alumni.	Eggplants impressed this unconvinced alumni.	-145.0	-145.0	-10.375	-10.375	False	False	morphology	determiner_noun_agreement	Write a natural, coherent English sentence.
144	7	A turtle has bored those troubled children.	A turtle has bored that troubled children.	-114.0	-114.0	-10.375	-10.375	False	False	morphology	determiner_noun_agreement	Write a natural, coherent English sentence.
145	7	The adults were taking those old teeth.	The adults were taking that old teeth.	-83.0	-83.0	-10.375	-10.375	False	False	morphology	determiner_noun_agreement	Write a natural, coherent English sentence.
146	7	Alan wasn't returning to those blue oases.	Alan wasn't returning to that blue oases.	-114.0	-114.0	-10.375	-10.375	False	False	morphology	determiner_noun_agreement	Write a natural, coherent English sentence.
147	7	Theodore had lifted this rough cactus.	Theodore had lifted these rough cactus.	-104.0	-104.0	-10.375	-10.375	False	False	morphology	determiner_noun_agreement	Write a natural, coherent English sentence.
148	7	Joel isn't praising those good synopses.	Joel isn't praising that good synopses.	-124.5	-124.5	-10.375	-10.375	False	False	morphology	determiner_noun_agreement	Write a natural, coherent English sentence.
149	7	The pedestrian knows these standing women.	The pedestrian knows this standing women.	-83.0	-83.0	-10.375	-10.375	False	False	morphology	determiner_noun_agreement	Write a natural, coherent English sentence.
150	7	Some museums forget that good analysis.	Some museums forget those good analysis.	-83.0	-83.0	-10.375	-10.375	False	False	morphology	determiner_noun_agreement	Write a natural, coherent English sentence.
151	7	The Clintons might clean that lost fungus.	The Clintons might clean those lost fungus.	-124.5	-124.5	-10.375	-10.375	False	False	morphology	determiner_noun_agreement	Write a natural, coherent English sentence.
152	7	Mary is bothering these out in the open children.	Mary is bothering this out in the open children.	-114.0	-114.0	-10.375	-10.375	False	False	morphology	determiner_noun_agreement	Write a natural, coherent English sentence.
153	7	Many customers sell that lost ox.	Many customers sell those lost ox.	-72.5	-72.5	-10.375	-10.375	False	False	morphology	determiner_noun_agreement	Write a natural, coherent English sentence.
154	7	These waitresses praise these troubled men.	These waitresses praise this troubled men.	-103.5	-103.5	-10.375	-10.375	False	False	morphology	determiner_noun_agreement	Write a natural, coherent English sentence.
155	7	Many men didn't admire that nice person.	Many men didn't admire those nice person.	-114.0	-114.0	-10.375	-10.375	False	False	morphology	determiner_noun_agreement	Write a natural, coherent English sentence.
156	7	Jesus ran around this exposed oasis.	Jesus ran around these exposed oasis.	-83.0	-83.0	-10.375	-10.375	False	False	morphology	determiner_noun_agreement	Write a natural, coherent English sentence.
157	7	Many customers talk about that delighted child.	Many customers talk about those delighted child.	-83.0	-83.0	-10.375	-10.375	False	False	morphology	determiner_noun_agreement	Write a natural, coherent English sentence.
158	7	Drawings had disgusted this small woman.	Drawings had disgusted these small woman.	-93.5	-93.5	-10.375	-10.375	False	False	morphology	determiner_noun_agreement	Write a natural, coherent English sentence.
159	7	Colleen did care for that good man.	Colleen did care for those good man.	-93.5	-93.5	-10.375	-10.375	False	False	morphology	determiner_noun_agreement	Write a natural, coherent English sentence.
160	7	Marcus admired those exposed geese.	Marcus admired that exposed geese.	-83.0	-83.0	-10.375	-10.375	False	False	morphology	determiner_noun_agreement	Write a natural, coherent English sentence.
161	7	Randolf has noticed this clean foot.	Randolf has noticed these clean foot.	-83.0	-83.0	-10.375	-10.375	False	False	morphology	determiner_noun_agreement	Write a natural, coherent English sentence.
162	7	Craig could listen to that determined man.	Craig could listen to those determined man.	-83.0	-83.0	-10.375	-10.375	False	False	morphology	determiner_noun_agreement	Write a natural, coherent English sentence.
163	7	Movies stunned this small man.	Movies stunned these small man.	-83.0	-83.0	-10.375	-10.375	False	False	morphology	determiner_noun_agreement	Write a natural, coherent English sentence.
164	7	Timothy buys this rough ox.	Timothy buys these rough ox.	-83.0	-83.0	-10.375	-10.375	False	False	morphology	determiner_noun_agreement	Write a natural, coherent English sentence.
165	7	Some women go to those red oases.	Some women go to that red oases.	-93.5	-93.5	-10.375	-10.375	False	False	morphology	determiner_noun_agreement	Write a natural, coherent English sentence.
166	7	Ruth fixed this clean tooth.	Ruth fixed these clean tooth.	-62.25	-62.25	-10.375	-10.375	False	False	morphology	determiner_noun_agreement	Write a natural, coherent English sentence.
167	7	Monica is boring those clever men.	Monica is boring that clever men.	-83.0	-83.0	-10.375	-10.375	False	False	morphology	determiner_noun_agreement	Write a natural, coherent English sentence.
168	7	Janice knows these hidden alumni.	Janice knows this hidden alumni.	-93.5	-93.5	-10.375	-10.375	False	False	morphology	determiner_noun_agreement	Write a natural, coherent English sentence.
169	7	Spain insults this delighted alumnus.	Spain insults these delighted alumnus.	-93.5	-93.0	-10.375	-10.375	False	False	morphology	determiner_noun_agreement	Write a natural, coherent English sentence.
170	7	Some planes bore that displeased child.	Some planes bore those displeased child.	-93.5	-93.5	-10.375	-10.375	False	False	morphology	determiner_noun_agreement	Write a natural, coherent English sentence.
171	7	Dishes should upset these happy men.	Dishes should upset this happy men.	-83.0	-83.0	-10.375	-10.375	False	False	morphology	determiner_noun_agreement	Write a natural, coherent English sentence.
172	7	That painting looked like these yellow stimuli.	That painting looked like this yellow stimuli.	-93.5	-93.5	-10.375	-10.375	False	False	morphology	determiner_noun_agreement	Write a natural, coherent English sentence.
173	7	Amy shocked that content man.	Amy shocked those content man.	-62.25	-62.25	-10.375	-10.375	False	False	morphology	determiner_noun_agreement	Write a natural, coherent English sentence.
174	7	Melinda hasn't hidden this determined woman.	Melinda hasn't hidden these determined woman.	-103.5	-104.0	-10.375	-10.375	True	False	morphology	determiner_noun_agreement	Write a natural, coherent English sentence.
175	7	Caroline did drive to this brown oasis.	Caroline did drive to these brown oasis.	-93.5	-93.5	-10.375	-10.375	False	False	morphology	determiner_noun_agreement	Write a natural, coherent English sentence.
176	7	That rice disturbed those smart alumni.	That rice disturbed that smart alumni.	-103.5	-103.5	-10.375	-10.375	False	False	morphology	determiner_noun_agreement	Write a natural, coherent English sentence.
177	7	Brian will examine these long analyses.	Brian will examine this long analyses.	-83.0	-83.0	-10.375	-10.375	False	False	morphology	determiner_noun_agreement	Write a natural, coherent English sentence.
178	7	Mark dislikes this uncertain child.	Mark dislikes these uncertain child.	-83.0	-83.0	-10.375	-10.375	False	False	morphology	determiner_noun_agreement	Write a natural, coherent English sentence.
179	7	Rose was returning to these out in the open children.	Rose was returning to this out in the open children.	-114.0	-114.0	-10.375	-10.375	False	False	morphology	determiner_noun_agreement	Write a natural, coherent English sentence.
180	7	The guest has fixed this red tooth.	The guest has fixed these red tooth.	-83.0	-83.0	-10.375	-10.375	False	False	morphology	determiner_noun_agreement	Write a natural, coherent English sentence.
181	7	Jennifer is breaking this big tooth.	Jennifer is breaking these big tooth.	-72.5	-72.5	-10.375	-10.375	False	False	morphology	determiner_noun_agreement	Write a natural, coherent English sentence.
182	7	Sabrina isn't referencing these red theses.	Sabrina isn't referencing this red theses.	-135.0	-135.0	-10.375	-10.375	False	False	morphology	determiner_noun_agreement	Write a natural, coherent English sentence.
183	7	Valerie hadn't exited that exposed oasis.	Valerie hadn't exited those exposed oasis.	-124.5	-124.5	-10.375	-10.375	False	False	morphology	determiner_noun_agreement	Write a natural, coherent English sentence.
184	7	Every restaurant had worried this hidden child.	Every restaurant had worried these hidden child.	-83.0	-83.0	-10.375	-10.375	False	False	morphology	determiner_noun_agreement	Write a natural, coherent English sentence.
185	7	A woman was examining those long synopses.	A woman was examining that long synopses.	-114.0	-114.0	-10.375	-10.375	False	False	morphology	determiner_noun_agreement	Write a natural, coherent English sentence.
186	7	All actresses approach that content man.	All actresses approach those content man.	-83.0	-83.0	-10.375	-10.375	False	False	morphology	determiner_noun_agreement	Write a natural, coherent English sentence.
187	7	Sarah cleaned those yellow feet.	Sarah cleaned that yellow feet.	-62.25	-62.25	-10.375	-10.375	False	False	morphology	determiner_noun_agreement	Write a natural, coherent English sentence.
188	7	Margaret tours those black oases.	Margaret tours that black oases.	-72.5	-72.5	-10.375	-10.375	False	False	morphology	determiner_noun_agreement	Write a natural, coherent English sentence.
189	7	Rachel wasn't messing up this clean foot.	Rachel wasn't messing up these clean foot.	-114.0	-114.0	-10.375	-10.375	False	False	morphology	determiner_noun_agreement	Write a natural, coherent English sentence.
190	7	The Lutherans go to that old oasis.	The Lutherans go to those old oasis.	-103.5	-103.5	-10.375	-10.375	False	False	morphology	determiner_noun_agreement	Write a natural, coherent English sentence.
191	7	The lamps shock those hidden alumni.	The lamps shock that hidden alumni.	-104.0	-104.0	-10.375	-10.375	False	False	morphology	determiner_noun_agreement	Write a natural, coherent English sentence.
192	7	Claire conceals those small stimuli.	Claire conceals that small stimuli.	-83.0	-83.0	-10.375	-10.375	False	False	morphology	determiner_noun_agreement	Write a natural, coherent English sentence.
193	7	Most documentaries annoy that busy person.	Most documentaries annoy those busy person.	-83.0	-83.0	-10.375	-10.375	False	False	morphology	determiner_noun_agreement	Write a natural, coherent English sentence.
194	7	Pamela shouldn't return to those exposed men.	Pamela shouldn't return to that exposed men.	-114.0	-114.0	-10.375	-10.375	False	False	morphology	determiner_noun_agreement	Write a natural, coherent English sentence.
195	7	That person couldn't arrive at that purple oasis.	That person couldn't arrive at those purple oasis.	-124.5	-124.5	-10.375	-10.375	False	False	morphology	determiner_noun_agreement	Write a natural, coherent English sentence.
196	7	Alicia won't admire those big nuclei.	Alicia won't admire that big nuclei.	-135.0	-135.0	-10.375	-10.375	False	False	morphology	determiner_noun_agreement	Write a natural, coherent English sentence.
197	7	Curtis arrived at that red oasis.	Curtis arrived at those red oasis.	-93.5	-93.5	-10.375	-10.375	False	False	morphology	determiner_noun_agreement	Write a natural, coherent English sentence.
198	7	People investigate that smart man.	People investigate those smart man.	-62.25	-62.25	-10.375	-10.375	False	False	morphology	determiner_noun_agreement	Write a natural, coherent English sentence.
199	7	Some boys hire these content alumni.	Some boys hire this content alumni.	-93.5	-93.5	-10.375	-10.375	False	False	morphology	determiner_noun_agreement	Write a natural, coherent English sentence.
200	7	Leslie found these brown feet.	Leslie found this brown feet.	-72.5	-72.5	-10.375	-10.375	False	False	morphology	determiner_noun_agreement	Write a natural, coherent English sentence.
201	7	Alexander was firing that displeased woman.	Alexander was firing those displeased woman.	-93.5	-93.5	-10.375	-10.375	False	False	morphology	determiner_noun_agreement	Write a natural, coherent English sentence.
202	7	Florence hasn't argued about those confident children.	Florence hasn't argued about that confident children.	-104.0	-104.0	-10.375	-10.375	False	False	morphology	determiner_noun_agreement	Write a natural, coherent English sentence.
203	7	That adult hadn't complained about that exposed man.	That adult hadn't complained about those exposed man.	-114.0	-114.0	-10.375	-10.375	False	False	morphology	determiner_noun_agreement	Write a natural, coherent English sentence.
204	7	Larry works with these scared women.	Larry works with this scared women.	-72.5	-72.5	-10.375	-10.375	False	False	morphology	determiner_noun_agreement	Write a natural, coherent English sentence.
205	7	Kathleen leaves this old child.	Kathleen leaves these old child.	-72.5	-72.5	-10.375	-10.375	False	False	morphology	determiner_noun_agreement	Write a natural, coherent English sentence.
206	7	The actresses weren't watching these scared people.	The actresses weren't watching this scared people.	-114.0	-114.0	-10.375	-10.375	False	False	morphology	determiner_noun_agreement	Write a natural, coherent English sentence.
207	7	Derek isn't escaping from these blue oases.	Derek isn't escaping from this blue oases.	-135.0	-135.0	-10.375	-10.375	False	False	morphology	determiner_noun_agreement	Write a natural, coherent English sentence.
208	7	Naomi isn't talking about that cheap oasis.	Naomi isn't talking about those cheap oasis.	-124.5	-124.5	-10.375	-10.375	False	False	morphology	determiner_noun_agreement	Write a natural, coherent English sentence.
209	7	These guests hate these troubled men.	These guests hate this troubled men.	-83.0	-83.0	-10.375	-10.375	False	False	morphology	determiner_noun_agreement	Write a natural, coherent English sentence.
210	7	Patricia wasn't hiring those small children.	Patricia wasn't hiring that small children.	-114.0	-114.0	-10.375	-10.375	False	False	morphology	determiner_noun_agreement	Write a natural, coherent English sentence.
211	7	All stairs weren't alarming that lucky woman.	All stairs weren't alarming those lucky woman.	-114.0	-114.0	-10.375	-10.375	False	False	morphology	determiner_noun_agreement	Write a natural, coherent English sentence.
212	7	Many drivers left that confident alumnus.	Many drivers left those confident alumnus.	-93.5	-93.5	-10.375	-10.375	False	False	morphology	determiner_noun_agreement	Write a natural, coherent English sentence.
213	7	Every skirt disgusts these smart children.	Every skirt disgusts this smart children.	-83.0	-83.0	-10.375	-10.375	False	False	morphology	determiner_noun_agreement	Write a natural, coherent English sentence.
214	7	Valerie has astounded that lost alumnus.	Valerie has astounded those lost alumnus.	-124.5	-124.5	-10.375	-10.375	False	False	morphology	determiner_noun_agreement	Write a natural, coherent English sentence.
215	7	Sonia should describe this determined child.	Sonia should describe these determined child.	-83.0	-83.0	-10.375	-10.375	False	False	morphology	determiner_noun_agreement	Write a natural, coherent English sentence.
216	7	A lot of lakes weren't disgusting that old person.	A lot of lakes weren't disgusting those old person.	-145.0	-145.0	-10.375	-10.375	False	False	morphology	determiner_noun_agreement	Write a natural, coherent English sentence.
217	7	Some pants hadn't aggravated that good woman.	Some pants hadn't aggravated those good woman.	-124.5	-124.5	-10.375	-10.375	False	False	morphology	determiner_noun_agreement	Write a natural, coherent English sentence.
218	7	Anne does return to that old woman.	Anne does return to those old woman.	-83.0	-83.0	-10.375	-10.375	False	False	morphology	determiner_noun_agreement	Write a natural, coherent English sentence.
219	7	Alan wasn't listening to that delighted person.	Alan wasn't listening to those delighted person.	-104.0	-104.0	-10.375	-10.375	False	False	morphology	determiner_noun_agreement	Write a natural, coherent English sentence.
220	7	Some icicles annoy those serious alumni.	Some icicles annoy that serious alumni.	-103.5	-103.5	-10.375	-10.375	False	False	morphology	determiner_noun_agreement	Write a natural, coherent English sentence.
221	7	Many women won't scare those uncertain men.	Many women won't scare that uncertain men.	-114.0	-114.0	-10.375	-10.375	False	False	morphology	determiner_noun_agreement	Write a natural, coherent English sentence.
222	7	Science disgusts this unconvinced alumnus.	Science disgusts these unconvinced alumnus.	-124.5	-124.5	-10.375	-10.375	False	False	morphology	determiner_noun_agreement	Write a natural, coherent English sentence.
223	7	Connie tours these rough oases.	Connie tours this rough oases.	-83.0	-83.0	-10.375	-10.375	False	False	morphology	determiner_noun_agreement	Write a natural, coherent English sentence.
224	7	Those banks were talking about this lost thesis.	Those banks were talking about these lost thesis.	-93.5	-93.5	-10.375	-10.375	False	False	morphology	determiner_noun_agreement	Write a natural, coherent English sentence.
225	7	Some prints didn't look like this rough louse.	Some prints didn't look like these rough louse.	-124.5	-124.5	-10.375	-10.375	False	False	morphology	determiner_noun_agreement	Write a natural, coherent English sentence.
226	7	All pedestrians like those rough theses.	All pedestrians like that rough theses.	-104.0	-104.0	-10.375	-10.375	False	False	morphology	determiner_noun_agreement	Write a natural, coherent English sentence.
227	7	Douglas saw that black fungus.	Douglas saw those black fungus.	-83.0	-83.0	-10.375	-10.375	False	False	morphology	determiner_noun_agreement	Write a natural, coherent English sentence.
228	7	Sarah examined that bad analysis.	Sarah examined those bad analysis.	-62.25	-62.25	-10.375	-10.375	False	False	morphology	determiner_noun_agreement	Write a natural, coherent English sentence.
229	7	An actress researches this long thesis.	An actress researches these long thesis.	-104.0	-104.0	-10.375	-10.375	False	False	morphology	determiner_noun_agreement	Write a natural, coherent English sentence.
230	7	Those waitresses criticize this hidden child.	Those waitresses criticize these hidden child.	-103.5	-103.5	-10.375	-10.375	False	False	morphology	determiner_noun_agreement	Write a natural, coherent English sentence.
231	7	Most drivers question these upset alumni.	Most drivers question this upset alumni.	-93.5	-93.5	-10.375	-10.375	False	False	morphology	determiner_noun_agreement	Write a natural, coherent English sentence.
232	7	Phillip isn't working with these small women.	Phillip isn't working with this small women.	-114.0	-114.0	-10.375	-10.375	False	False	morphology	determiner_noun_agreement	Write a natural, coherent English sentence.
233	7	Jennifer can't aggravate that unlucky man.	Jennifer can't aggravate those unlucky man.	-135.0	-135.0	-10.375	-10.375	False	False	morphology	determiner_noun_agreement	Write a natural, coherent English sentence.
234	7	Essays confuse this good woman.	Essays confuse these good woman.	-83.0	-83.0	-10.375	-10.375	False	False	morphology	determiner_noun_agreement	Write a natural, coherent English sentence.
235	7	Amelia has forgotten those bad analyses.	Amelia has forgotten that bad analyses.	-93.5	-93.5	-10.375	-10.375	False	False	morphology	determiner_noun_agreement	Write a natural, coherent English sentence.
236	7	Michael had explored this brown oasis.	Michael had explored these brown oasis.	-83.0	-83.0	-10.375	-10.375	False	False	morphology	determiner_noun_agreement	Write a natural, coherent English sentence.
237	7	Natalie can aggravate those smart men.	Natalie can aggravate that smart men.	-103.5	-103.5	-10.375	-10.375	False	False	morphology	determiner_noun_agreement	Write a natural, coherent English sentence.
238	7	That patient won't go to these cheap oases.	That patient won't go to this cheap oases.	-124.5	-124.5	-10.375	-10.375	False	False	morphology	determiner_noun_agreement	Write a natural, coherent English sentence.
239	7	Heidi had discovered those black feet.	Heidi had discovered that black feet.	-83.0	-83.0	-10.375	-10.375	False	False	morphology	determiner_noun_agreement	Write a natural, coherent English sentence.
240	7	David hadn't watched those determined men.	David hadn't watched that determined men.	-93.5	-93.5	-10.375	-10.375	False	False	morphology	determiner_noun_agreement	Write a natural, coherent English sentence.
241	7	Some teenager couldn't walk through these green oases.	Some teenager couldn't walk through this green oases.	-124.5	-124.5	-10.375	-10.375	False	False	morphology	determiner_noun_agreement	Write a natural, coherent English sentence.
242	7	Christina shouldn't sell this hard oasis.	Christina shouldn't sell these hard oasis.	-114.0	-114.0	-10.375	-10.375	False	False	morphology	determiner_noun_agreement	Write a natural, coherent English sentence.
243	7	Christopher isn't firing those sick men.	Christopher isn't firing that sick men.	-93.5	-93.5	-10.375	-10.375	False	False	morphology	determiner_noun_agreement	Write a natural, coherent English sentence.
244	7	Most students hide that yellow mouse.	Most students hide those yellow mouse.	-72.5	-72.5	-10.375	-10.375	False	False	morphology	determiner_noun_agreement	Write a natural, coherent English sentence.
245	7	Holly did buy those clean feet.	Holly did buy that clean feet.	-72.5	-72.5	-10.375	-10.375	False	False	morphology	determiner_noun_agreement	Write a natural, coherent English sentence.
246	7	Many actors clean these brown theses.	Many actors clean this brown theses.	-83.0	-83.0	-10.375	-10.375	False	False	morphology	determiner_noun_agreement	Write a natural, coherent English sentence.
247	7	Stacy would hide those lost lice.	Stacy would hide that lost lice.	-93.5	-93.5	-10.375	-10.375	False	False	morphology	determiner_noun_agreement	Write a natural, coherent English sentence.
248	7	Alan drove to that new oasis.	Alan drove to those new oasis.	-83.0	-83.0	-10.375	-10.375	False	False	morphology	determiner_noun_agreement	Write a natural, coherent English sentence.
249	7	The Impressionists tour this purple oasis.	The Impressionists tour these purple oasis.	-103.5	-103.5	-10.375	-10.375	False	False	morphology	determiner_noun_agreement	Write a natural, coherent English sentence.
250	7	Wayne is talking to this hidden woman.	Wayne is talking to these hidden woman.	-83.0	-83.0	-10.375	-10.375	False	False	morphology	determiner_noun_agreement	Write a natural, coherent English sentence.
251	7	Christopher forgets this happy child.	Christopher forgets these happy child.	-72.5	-72.5	-10.375	-10.375	False	False	morphology	determiner_noun_agreement	Write a natural, coherent English sentence.
252	7	Julie can boycott those cheap oases.	Julie can boycott that cheap oases.	-93.5	-93.5	-10.375	-10.375	False	False	morphology	determiner_noun_agreement	Write a natural, coherent English sentence.
253	7	Most senators dislike these bad theses.	Most senators dislike this bad theses.	-104.0	-104.0	-10.375	-10.375	False	False	morphology	determiner_noun_agreement	Write a natural, coherent English sentence.
254	7	Denise concealed this content person.	Denise concealed these content person.	-83.0	-83.0	-10.375	-10.375	False	False	morphology	determiner_noun_agreement	Write a natural, coherent English sentence.
255	7	Some bike shocks these nice women.	Some bike shocks this nice women.	-83.0	-83.0	-10.375	-10.375	False	False	morphology	determiner_noun_agreement	Write a natural, coherent English sentence.
256	7	These teenagers fix those hidden feet.	These teenagers fix that hidden feet.	-83.0	-83.0	-10.375	-10.375	False	False	morphology	determiner_noun_agreement	Write a natural, coherent English sentence.
257	7	Ella praised that ill woman.	Ella praised those ill woman.	-72.5	-72.5	-10.375	-10.375	False	False	morphology	determiner_noun_agreement	Write a natural, coherent English sentence.
258	7	Current events stun these lost people.	Current events stun this lost people.	-83.0	-83.0	-10.375	-10.375	False	False	morphology	determiner_noun_agreement	Write a natural, coherent English sentence.
259	7	Mary tours this gray oasis.	Mary tours these gray oasis.	-72.5	-72.5	-10.375	-10.375	False	False	morphology	determiner_noun_agreement	Write a natural, coherent English sentence.
260	7	Linda visited those unsure men.	Linda visited that unsure men.	-72.5	-72.5	-10.375	-10.375	False	False	morphology	determiner_noun_agreement	Write a natural, coherent English sentence.
261	7	Dan wouldn't boycott that smooth oasis.	Dan wouldn't boycott those smooth oasis.	-114.0	-114.0	-10.375	-10.375	False	False	morphology	determiner_noun_agreement	Write a natural, coherent English sentence.
262	7	Those men leave that brown oasis.	Those men leave those brown oasis.	-83.0	-83.0	-10.375	-10.375	False	False	morphology	determiner_noun_agreement	Write a natural, coherent English sentence.
263	7	Lissa does pass these black oases.	Lissa does pass this black oases.	-93.5	-93.5	-10.375	-10.375	False	False	morphology	determiner_noun_agreement	Write a natural, coherent English sentence.
264	7	Alice had embarrassed this happy man.	Alice had embarrassed these happy man.	-72.5	-72.5	-10.375	-10.375	False	False	morphology	determiner_noun_agreement	Write a natural, coherent English sentence.
265	7	Wayne is worrying that hopeful child.	Wayne is worrying those hopeful child.	-83.0	-83.0	-10.375	-10.375	False	False	morphology	determiner_noun_agreement	Write a natural, coherent English sentence.
266	7	Lucille is biking to that green oasis.	Lucille is biking to those green oasis.	-114.0	-114.0	-10.375	-10.375	False	False	morphology	determiner_noun_agreement	Write a natural, coherent English sentence.
267	7	Katherine hadn't skated around this white oasis.	Katherine hadn't skated around these white oasis.	-135.0	-135.0	-10.375	-10.375	False	False	morphology	determiner_noun_agreement	Write a natural, coherent English sentence.
268	7	James observed this hopeful child.	James observed these hopeful child.	-72.5	-72.5	-10.375	-10.375	False	False	morphology	determiner_noun_agreement	Write a natural, coherent English sentence.
269	7	Gerald liked this big child.	Gerald liked these big child.	-72.5	-72.5	-10.375	-10.375	False	False	morphology	determiner_noun_agreement	Write a natural, coherent English sentence.
270	7	That committee wasn't hiring this displeased alumnus.	That committee wasn't hiring these displeased alumnus.	-145.0	-145.0	-10.375	-10.375	False	False	morphology	determiner_noun_agreement	Write a natural, coherent English sentence.
271	7	Gary isn't breaking that white tooth.	Gary isn't breaking those white tooth.	-93.5	-93.5	-10.375	-10.375	False	False	morphology	determiner_noun_agreement	Write a natural, coherent English sentence.
272	7	Walter hasn't seen those content children.	Walter hasn't seen that content children.	-93.5	-93.5	-10.375	-10.375	False	False	morphology	determiner_noun_agreement	Write a natural, coherent English sentence.
273	7	Martha didn't clean these hidden teeth.	Martha didn't clean this hidden teeth.	-93.5	-93.5	-10.375	-10.375	False	False	morphology	determiner_noun_agreement	Write a natural, coherent English sentence.
274	7	These teachers are returning to those lost men.	These teachers are returning to that lost men.	-93.5	-93.5	-10.375	-10.375	False	False	morphology	determiner_noun_agreement	Write a natural, coherent English sentence.
275	7	Ellen hadn't boycotted that hidden oasis.	Ellen hadn't boycotted those hidden oasis.	-124.5	-124.5	-10.375	-10.375	False	False	morphology	determiner_noun_agreement	Write a natural, coherent English sentence.
276	7	Some patients drive to these brown oases.	Some patients drive to this brown oases.	-93.5	-93.5	-10.375	-10.375	False	False	morphology	determiner_noun_agreement	Write a natural, coherent English sentence.
277	7	Nina wasn't referencing this ill person.	Nina wasn't referencing these ill person.	-104.0	-104.0	-10.375	-10.375	False	False	morphology	determiner_noun_agreement	Write a natural, coherent English sentence.
278	7	Denise praises these fast children.	Denise praises this fast children.	-83.0	-83.0	-10.375	-10.375	False	False	morphology	determiner_noun_agreement	Write a natural, coherent English sentence.
279	7	Most customers attack that clever man.	Most customers attack those clever man.	-72.5	-72.5	-10.375	-10.375	False	False	morphology	determiner_noun_agreement	Write a natural, coherent English sentence.
280	7	Every photograph looks like those exposed people.	Every photograph looks like that exposed people.	-83.0	-83.0	-10.375	-10.375	False	False	morphology	determiner_noun_agreement	Write a natural, coherent English sentence.
281	7	Cindy shouldn't cure that confident alumnus.	Cindy shouldn't cure those confident alumnus.	-135.0	-135.0	-10.375	-10.375	False	False	morphology	determiner_noun_agreement	Write a natural, coherent English sentence.
282	7	The Borgias reveal these blue feet.	The Borgias reveal this blue feet.	-93.5	-93.5	-10.375	-10.375	False	False	morphology	determiner_noun_agreement	Write a natural, coherent English sentence.
283	7	Ella lifts these exposed fungi.	Ella lifts this exposed fungi.	-93.5	-93.5	-10.375	-10.375	False	False	morphology	determiner_noun_agreement	Write a natural, coherent English sentence.
284	7	The Lutherans astound that unsure person.	The Lutherans astound those unsure person.	-103.5	-103.5	-10.375	-10.375	False	False	morphology	determiner_noun_agreement	Write a natural, coherent English sentence.
285	7	These cakes bore that determined woman.	These cakes bore those determined woman.	-83.0	-83.0	-10.375	-10.375	False	False	morphology	determiner_noun_agreement	Write a natural, coherent English sentence.
286	7	Nina lifts this orange cactus.	Nina lifts these orange cactus.	-93.5	-93.5	-10.375	-10.375	False	False	morphology	determiner_noun_agreement	Write a natural, coherent English sentence.
287	7	The actors kiss these unconvinced children.	The actors kiss this unconvinced children.	-104.0	-104.0	-10.375	-10.375	False	False	morphology	determiner_noun_agreement	Write a natural, coherent English sentence.
288	7	Sharon dislikes that brown thesis.	Sharon dislikes those brown thesis.	-93.5	-93.5	-10.375	-10.375	False	False	morphology	determiner_noun_agreement	Write a natural, coherent English sentence.
289	7	The customers sell these rough fungi.	The customers sell this rough fungi.	-83.0	-83.0	-10.375	-10.375	False	False	morphology	determiner_noun_agreement	Write a natural, coherent English sentence.
290	7	Janice didn't cure those employed men.	Janice didn't cure that employed men.	-104.0	-104.0	-10.375	-10.375	False	False	morphology	determiner_noun_agreement	Write a natural, coherent English sentence.
291	7	Paula left this uncertain person.	Paula left these uncertain person.	-72.5	-72.5	-10.375	-10.375	False	False	morphology	determiner_noun_agreement	Write a natural, coherent English sentence.
292	7	Those guys had escaped from those employed children.	Those guys had escaped from that employed children.	-93.5	-93.5	-10.375	-10.375	False	False	morphology	determiner_noun_agreement	Write a natural, coherent English sentence.
293	7	Christine wasn't touring that old oasis.	Christine wasn't touring those old oasis.	-124.5	-124.5	-10.375	-10.375	False	False	morphology	determiner_noun_agreement	Write a natural, coherent English sentence.
294	7	These waitresses praise this rough thesis.	These waitresses praise these rough thesis.	-93.0	-93.0	-10.375	-10.375	False	False	morphology	determiner_noun_agreement	Write a natural, coherent English sentence.
295	7	Some girls hadn't passed this concealed oasis.	Some girls hadn't passed these concealed oasis.	-124.5	-124.5	-10.375	-10.375	False	False	morphology	determiner_noun_agreement	Write a natural, coherent English sentence.
296	7	Andrea lifts these small cacti.	Andrea lifts this small cacti.	-93.5	-93.5	-10.375	-10.375	False	False	morphology	determiner_noun_agreement	Write a natural, coherent English sentence.
297	7	Kristen is scanning those bad synopses.	Kristen is scanning that bad synopses.	-114.0	-114.0	-10.375	-10.375	False	False	morphology	determiner_noun_agreement	Write a natural, coherent English sentence.
298	7	Alan is skated around these cheap oases.	Alan is skated around this cheap oases.	-104.0	-104.0	-10.375	-10.375	False	False	morphology	determiner_noun_agreement	Write a natural, coherent English sentence.
299	7	Kayla has investigated these busy people.	Kayla has investigated this busy people.	-83.0	-83.0	-10.375	-10.375	False	False	morphology	determiner_noun_agreement	Write a natural, coherent English sentence.
300	7	Timothy observes that good woman.	Timothy observes those good woman.	-83.0	-83.0	-10.375	-10.375	False	False	morphology	determiner_noun_agreement	Write a natural, coherent English sentence.
301	7	Every museum hadn't discussed those hidden theses.	Every museum hadn't discussed that hidden theses.	-114.0	-114.0	-10.375	-10.375	False	False	morphology	determiner_noun_agreement	Write a natural, coherent English sentence.
302	7	Some cashiers help this troubled person.	Some cashiers help these troubled person.	-93.0	-93.0	-10.375	-10.375	False	False	morphology	determiner_noun_agreement	Write a natural, coherent English sentence.
303	7	Amanda was attacking that displeased woman.	Amanda was attacking those displeased woman.	-93.5	-93.5	-10.375	-10.375	False	False	morphology	determiner_noun_agreement	Write a natural, coherent English sentence.
304	7	This window upsets these lost people.	This window upsets this lost people.	-83.0	-83.0	-10.375	-10.375	False	False	morphology	determiner_noun_agreement	Write a natural, coherent English sentence.
305	7	Cindy wasn't bringing those gray cacti.	Cindy wasn't bringing that gray cacti.	-135.0	-135.0	-10.375	-10.375	False	False	morphology	determiner_noun_agreement	Write a natural, coherent English sentence.
306	7	Peter complained about these good synopses.	Peter complained about this good synopses.	-93.5	-93.5	-10.375	-10.375	False	False	morphology	determiner_noun_agreement	Write a natural, coherent English sentence.
307	7	Danielle was touring those new oases.	Danielle was touring that new oases.	-103.5	-103.5	-10.375	-10.375	False	False	morphology	determiner_noun_agreement	Write a natural, coherent English sentence.
308	7	Elaine discusses that standing person.	Elaine discusses those standing person.	-83.0	-83.0	-10.375	-10.375	False	False	morphology	determiner_noun_agreement	Write a natural, coherent English sentence.
309	7	Jacqueline had healed those rough geese.	Jacqueline had healed that rough geese.	-114.0	-114.0	-10.375	-10.375	False	False	morphology	determiner_noun_agreement	Write a natural, coherent English sentence.
310	7	All rivers were distracting those standing men.	All rivers were distracting that standing men.	-93.5	-93.5	-10.375	-10.375	False	False	morphology	determiner_noun_agreement	Write a natural, coherent English sentence.
311	7	Some people exit those yellow oases.	Some people exit that yellow oases.	-83.0	-83.0	-10.375	-10.375	False	False	morphology	determiner_noun_agreement	Write a natural, coherent English sentence.
312	7	Becca isn't exploring these hard oases.	Becca isn't exploring this hard oases.	-114.0	-114.0	-10.375	-10.375	False	False	morphology	determiner_noun_agreement	Write a natural, coherent English sentence.
313	7	Timothy revealed that big foot.	Timothy revealed those big foot.	-72.5	-72.5	-10.375	-10.375	False	False	morphology	determiner_noun_agreement	Write a natural, coherent English sentence.
314	7	Adam fires these determined men.	Adam fires this determined men.	-62.25	-62.25	-10.375	-10.375	False	False	morphology	determiner_noun_agreement	Write a natural, coherent English sentence.
315	7	The teenagers clean this purple foot.	The teenagers clean these purple foot.	-83.0	-83.0	-10.375	-10.375	False	False	morphology	determiner_noun_agreement	Write a natural, coherent English sentence.
316	7	The Great Lakes could annoy that troubled man.	The Great Lakes could annoy those troubled man.	-114.0	-114.0	-10.375	-10.375	False	False	morphology	determiner_noun_agreement	Write a natural, coherent English sentence.
317	7	Karen discusses those bad men.	Karen discusses that bad men.	-72.5	-72.5	-10.375	-10.375	False	False	morphology	determiner_noun_agreement	Write a natural, coherent English sentence.
318	7	Phillip didn't find those ill alumni.	Phillip didn't find that ill alumni.	-124.5	-124.5	-10.375	-10.375	False	False	morphology	determiner_noun_agreement	Write a natural, coherent English sentence.
319	7	A lot of men reference these good analyses.	A lot of men reference this good analyses.	-103.5	-103.5	-10.375	-10.375	False	False	morphology	determiner_noun_agreement	Write a natural, coherent English sentence.
320	7	Larry had insulted these lucky children.	Larry had insulted this lucky children.	-83.0	-83.0	-10.375	-10.375	False	False	morphology	determiner_noun_agreement	Write a natural, coherent English sentence.
321	7	Debra is firing that determined child.	Debra is firing those determined child.	-83.0	-83.0	-10.375	-10.375	False	False	morphology	determiner_noun_agreement	Write a natural, coherent English sentence.
322	7	Noah was watching that fast woman.	Noah was watching those fast woman.	-72.5	-72.5	-10.375	-10.375	False	False	morphology	determiner_noun_agreement	Write a natural, coherent English sentence.
323	7	Gina works with that displeased person.	Gina works with those displeased person.	-103.5	-103.5	-10.375	-10.375	False	False	morphology	determiner_noun_agreement	Write a natural, coherent English sentence.
324	7	Most doctors would bring these big nuclei.	Most doctors would bring this big nuclei.	-93.5	-93.5	-10.375	-10.375	False	False	morphology	determiner_noun_agreement	Write a natural, coherent English sentence.
325	7	All drawings alarm that unconvinced child.	All drawings alarm those unconvinced child.	-104.0	-104.0	-10.375	-10.375	False	False	morphology	determiner_noun_agreement	Write a natural, coherent English sentence.
326	7	Some libraries hate that busy man.	Some libraries hate those busy man.	-72.5	-72.5	-10.375	-10.375	False	False	morphology	determiner_noun_agreement	Write a natural, coherent English sentence.
327	7	Derek disgusted that unemployed child.	Derek disgusted those unemployed child.	-93.5	-93.5	-10.375	-10.375	False	False	morphology	determiner_noun_agreement	Write a natural, coherent English sentence.
328	7	Marla hadn't fired these good men.	Marla hadn't fired this good men.	-104.0	-104.0	-10.375	-10.375	False	False	morphology	determiner_noun_agreement	Write a natural, coherent English sentence.
329	7	Carmen examined that red thesis.	Carmen examined those red thesis.	-72.5	-72.5	-10.375	-10.375	False	False	morphology	determiner_noun_agreement	Write a natural, coherent English sentence.
330	7	Amelia investigates this smart woman.	Amelia investigates these smart woman.	-83.0	-83.0	-10.375	-10.375	False	False	morphology	determiner_noun_agreement	Write a natural, coherent English sentence.
331	7	The Borgias hire that displeased alumnus.	The Borgias hire those displeased alumnus.	-135.0	-135.0	-10.375	-10.375	False	False	morphology	determiner_noun_agreement	Write a natural, coherent English sentence.
332	7	Stacey would arrive at these orange oases.	Stacey would arrive at this orange oases.	-114.0	-114.0	-10.375	-10.375	False	False	morphology	determiner_noun_agreement	Write a natural, coherent English sentence.
333	7	Anna works with this lucky man.	Anna works with these lucky man.	-72.5	-72.5	-10.375	-10.375	False	False	morphology	determiner_noun_agreement	Write a natural, coherent English sentence.
334	7	Walter has scanned this rough thesis.	Walter has scanned these rough thesis.	-83.0	-83.0	-10.375	-10.375	False	False	morphology	determiner_noun_agreement	Write a natural, coherent English sentence.
335	7	Some mushroom bothered that lucky woman.	Some mushroom bothered those lucky woman.	-83.0	-83.0	-10.375	-10.375	False	False	morphology	determiner_noun_agreement	Write a natural, coherent English sentence.
336	7	Cynthia walked through this hard oasis.	Cynthia walked through these hard oasis.	-114.0	-114.0	-10.375	-10.375	False	False	morphology	determiner_noun_agreement	Write a natural, coherent English sentence.
337	7	Liam has healed these black oxen.	Liam has healed this black oxen.	-104.0	-104.0	-10.375	-10.375	False	False	morphology	determiner_noun_agreement	Write a natural, coherent English sentence.
338	7	Andrew did notice these white axes.	Andrew did notice this white axes.	-83.0	-83.0	-10.375	-10.375	False	False	morphology	determiner_noun_agreement	Write a natural, coherent English sentence.
339	7	Bethany kisses these serious alumni.	Bethany kisses this serious alumni.	-103.5	-103.5	-10.375	-10.375	False	False	morphology	determiner_noun_agreement	Write a natural, coherent English sentence.
340	7	Vanessa watches this nice person.	Vanessa watches these nice person.	-72.5	-72.5	-10.375	-10.375	False	False	morphology	determiner_noun_agreement	Write a natural, coherent English sentence.
341	7	Every window astounded that big man.	Every window astounded those big man.	-93.5	-93.5	-10.375	-10.375	False	False	morphology	determiner_noun_agreement	Write a natural, coherent English sentence.
342	7	Donna leaves that upset man.	Donna leaves those upset man.	-72.5	-72.5	-10.375	-10.375	False	False	morphology	determiner_noun_agreement	Write a natural, coherent English sentence.
343	7	Many students drop by that orange oasis.	Many students drop by those orange oasis.	-93.5	-93.5	-10.375	-10.375	False	False	morphology	determiner_noun_agreement	Write a natural, coherent English sentence.
344	7	The sketches looked like this unsure man.	The sketches looked like these unsure man.	-114.0	-114.0	-10.375	-10.375	False	False	morphology	determiner_noun_agreement	Write a natural, coherent English sentence.
345	7	Helen fixes that broken tooth.	Helen fixes those broken tooth.	-72.5	-72.5	-10.375	-10.375	False	False	morphology	determiner_noun_agreement	Write a natural, coherent English sentence.
346	7	Robert wasn't annoying that old person.	Robert wasn't annoying those old person.	-93.5	-93.5	-10.375	-10.375	False	False	morphology	determiner_noun_agreement	Write a natural, coherent English sentence.
347	7	Amy isn't talking to that young woman.	Amy isn't talking to those young woman.	-103.5	-104.0	-10.375	-10.375	True	False	morphology	determiner_noun_agreement	Write a natural, coherent English sentence.
348	7	Alan hadn't remembered these long analyses.	Alan hadn't remembered this long analyses.	-104.0	-104.0	-10.375	-10.375	False	False	morphology	determiner_noun_agreement	Write a natural, coherent English sentence.
349	7	Stephen is working with these out in the open women.	Stephen is working with this out in the open women.	-114.0	-114.0	-10.375	-10.375	False	False	morphology	determiner_noun_agreement	Write a natural, coherent English sentence.
350	7	This library had discussed these employed men.	This library had discussed this employed men.	-83.0	-83.0	-10.375	-10.375	False	False	morphology	determiner_noun_agreement	Write a natural, coherent English sentence.
351	7	This teenager can't worry those delighted men.	This teenager can't worry that delighted men.	-104.0	-104.0	-10.375	-10.375	False	False	morphology	determiner_noun_agreement	Write a natural, coherent English sentence.
352	7	Wendy revealed that sick octopus.	Wendy revealed those sick octopus.	-93.5	-93.5	-10.375	-10.375	False	False	morphology	determiner_noun_agreement	Write a natural, coherent English sentence.
353	7	The Clintons haven't worked with that young person.	The Clintons haven't worked with those young person.	-135.0	-135.0	-10.375	-10.375	False	False	morphology	determiner_noun_agreement	Write a natural, coherent English sentence.
354	7	Some committee aggravates this unconvinced woman.	Some committee aggravates these unconvinced woman.	-124.5	-124.5	-10.375	-10.375	False	False	morphology	determiner_noun_agreement	Write a natural, coherent English sentence.
355	7	Guy bored that troubled man.	Guy bored those troubled man.	-72.5	-72.5	-10.375	-10.375	False	False	morphology	determiner_noun_agreement	Write a natural, coherent English sentence.
356	7	Every actress scanned those bad analyses.	Every actress scanned that bad analyses.	-93.5	-93.5	-10.375	-10.375	False	False	morphology	determiner_noun_agreement	Write a natural, coherent English sentence.
357	7	A library alarms that determined child.	A library alarms those determined child.	-83.0	-83.0	-10.375	-10.375	False	False	morphology	determiner_noun_agreement	Write a natural, coherent English sentence.
358	7	Sheila can't notice this clever man.	Sheila can't notice these clever man.	-103.5	-103.5	-10.375	-10.375	False	False	morphology	determiner_noun_agreement	Write a natural, coherent English sentence.
359	7	James forgets this fast alumnus.	James forgets these fast alumnus.	-93.5	-93.5	-10.375	-10.375	False	False	morphology	determiner_noun_agreement	Write a natural, coherent English sentence.
360	7	Noah hasn't thought about these smooth lice.	Noah hasn't thought about this smooth lice.	-114.0	-114.0	-10.375	-10.375	False	False	morphology	determiner_noun_agreement	Write a natural, coherent English sentence.
361	7	Aaron sees these gray oases.	Aaron sees this gray oases.	-72.5	-72.5	-10.375	-10.375	False	False	morphology	determiner_noun_agreement	Write a natural, coherent English sentence.
362	7	Sherry has taken this standing goose.	Sherry has taken these standing goose.	-93.5	-93.5	-10.375	-10.375	False	False	morphology	determiner_noun_agreement	Write a natural, coherent English sentence.
363	7	Marie hasn't found those ill geese.	Marie hasn't found that ill geese.	-104.0	-104.0	-10.375	-10.375	False	False	morphology	determiner_noun_agreement	Write a natural, coherent English sentence.
364	7	Peter isn't arriving at that red oasis.	Peter isn't arriving at those red oasis.	-114.0	-114.0	-10.375	-10.375	False	False	morphology	determiner_noun_agreement	Write a natural, coherent English sentence.
365	7	Jill isn't boycotting those orange oases.	Jill isn't boycotting that orange oases.	-145.0	-145.0	-10.375	-10.375	False	False	morphology	determiner_noun_agreement	Write a natural, coherent English sentence.
366	7	Julia messes up that orange foot.	Julia messes up those orange foot.	-83.0	-83.0	-10.375	-10.375	False	False	morphology	determiner_noun_agreement	Write a natural, coherent English sentence.
367	7	That hill didn't disturb that content woman.	That hill didn't disturb those content woman.	-104.0	-104.0	-10.375	-10.375	False	False	morphology	determiner_noun_agreement	Write a natural, coherent English sentence.
368	7	Suzanne has concealed that concealed man.	Suzanne has concealed those concealed man.	-103.5	-103.5	-10.375	-10.375	False	False	morphology	determiner_noun_agreement	Write a natural, coherent English sentence.
369	7	Alicia sells that orange octopus.	Alicia sells those orange octopus.	-114.0	-114.0	-10.375	-10.375	False	False	morphology	determiner_noun_agreement	Write a natural, coherent English sentence.
370	7	Leslie has discussed that delighted child.	Leslie has discussed those delighted child.	-83.0	-83.0	-10.375	-10.375	False	False	morphology	determiner_noun_agreement	Write a natural, coherent English sentence.
371	7	Andrea could like these white lice.	Andrea could like this white lice.	-83.0	-83.0	-10.375	-10.375	False	False	morphology	determiner_noun_agreement	Write a natural, coherent English sentence.
372	7	Most children break those rough teeth.	Most children break that rough teeth.	-72.5	-72.5	-10.375	-10.375	False	False	morphology	determiner_noun_agreement	Write a natural, coherent English sentence.
373	7	Richard did work with this clever child.	Richard did work with these clever child.	-83.0	-83.0	-10.375	-10.375	False	False	morphology	determiner_noun_agreement	Write a natural, coherent English sentence.
374	7	Anne hugs this unemployed woman.	Anne hugs these unemployed woman.	-83.0	-83.0	-10.375	-10.375	False	False	morphology	determiner_noun_agreement	Write a natural, coherent English sentence.
375	7	Those actors attack that excited child.	Those actors attack those excited child.	-72.5	-72.5	-10.375	-10.375	False	False	morphology	determiner_noun_agreement	Write a natural, coherent English sentence.
376	7	Bruce was hugging that unconvinced man.	Bruce was hugging those unconvinced man.	-114.0	-114.0	-10.375	-10.375	False	False	morphology	determiner_noun_agreement	Write a natural, coherent English sentence.
377	7	Patrick hasn't hidden this orange oasis.	Patrick hasn't hidden these orange oasis.	-104.0	-104.0	-10.375	-10.375	False	False	morphology	determiner_noun_agreement	Write a natural, coherent English sentence.
378	7	Alicia hadn't discussed that uncertain person.	Alicia hadn't discussed those uncertain person.	-114.0	-114.0	-10.375	-10.375	False	False	morphology	determiner_noun_agreement	Write a natural, coherent English sentence.
379	7	Susan wasn't talking to those confident men.	Susan wasn't talking to that confident men.	-104.0	-104.0	-10.375	-10.375	False	False	morphology	determiner_noun_agreement	Write a natural, coherent English sentence.
380	7	Cheryl will scan that good synopsis.	Cheryl will scan those good synopsis.	-93.5	-93.5	-10.375	-10.375	False	False	morphology	determiner_noun_agreement	Write a natural, coherent English sentence.
381	7	Tamara kissed that unsure man.	Tamara kissed those unsure man.	-83.0	-83.0	-10.375	-10.375	False	False	morphology	determiner_noun_agreement	Write a natural, coherent English sentence.
382	7	Craig boasts about those bad analyses.	Craig boasts about that bad analyses.	-93.5	-93.5	-10.375	-10.375	False	False	morphology	determiner_noun_agreement	Write a natural, coherent English sentence.
383	7	Randolf hadn't hugged those serious people.	Randolf hadn't hugged that serious people.	-114.0	-114.0	-10.375	-10.375	False	False	morphology	determiner_noun_agreement	Write a natural, coherent English sentence.
384	7	Many doctors cure these exposed men.	Many doctors cure this exposed men.	-72.5	-72.5	-10.375	-10.375	False	False	morphology	determiner_noun_agreement	Write a natural, coherent English sentence.
385	7	Women criticized those smooth theses.	Women criticized that smooth theses.	-83.0	-83.0	-10.375	-10.375	False	False	morphology	determiner_noun_agreement	Write a natural, coherent English sentence.
386	7	Some light disturbs that old person.	Some light disturbs those old person.	-93.5	-93.5	-10.375	-10.375	False	False	morphology	determiner_noun_agreement	Write a natural, coherent English sentence.
387	7	Carol was questioning this big man.	Carol was questioning these big man.	-72.5	-72.5	-10.375	-10.375	False	False	morphology	determiner_noun_agreement	Write a natural, coherent English sentence.
388	7	Sara has gone to that old oasis.	Sara has gone to those old oasis.	-93.5	-93.5	-10.375	-10.375	False	False	morphology	determiner_noun_agreement	Write a natural, coherent English sentence.
389	7	Steven brought these red oases.	Steven brought this red oases.	-72.5	-72.5	-10.375	-10.375	False	False	morphology	determiner_noun_agreement	Write a natural, coherent English sentence.
390	7	Diana will disgust these ill children.	Diana will disgust this ill children.	-72.5	-72.5	-10.375	-10.375	False	False	morphology	determiner_noun_agreement	Write a natural, coherent English sentence.
391	7	Steven disturbs these sick alumni.	Steven disturbs this sick alumni.	-104.0	-104.0	-10.375	-10.375	False	False	morphology	determiner_noun_agreement	Write a natural, coherent English sentence.
392	7	Angela wasn't lifting these blue feet.	Angela wasn't lifting this blue feet.	-93.5	-93.5	-10.375	-10.375	False	False	morphology	determiner_noun_agreement	Write a natural, coherent English sentence.
393	7	Sharon hasn't stunned that unsure child.	Sharon hasn't stunned those unsure child.	-124.5	-124.5	-10.375	-10.375	False	False	morphology	determiner_noun_agreement	Write a natural, coherent English sentence.
394	7	These girls question that concealed man.	These girls question those concealed man.	-83.0	-83.0	-10.375	-10.375	False	False	morphology	determiner_noun_agreement	Write a natural, coherent English sentence.
395	7	Martha wasn't kissing this unemployed man.	Martha wasn't kissing these unemployed man.	-114.0	-114.0	-10.375	-10.375	False	False	morphology	determiner_noun_agreement	Write a natural, coherent English sentence.
396	7	Kendra isn't working with this excited child.	Kendra isn't working with these excited child.	-124.5	-124.5	-10.375	-10.375	False	False	morphology	determiner_noun_agreement	Write a natural, coherent English sentence.
397	7	All actresses praise this hard thesis.	All actresses praise these hard thesis.	-83.0	-83.0	-10.375	-10.375	False	False	morphology	determiner_noun_agreement	Write a natural, coherent English sentence.
398	7	David cleans that hard tooth.	David cleans those hard tooth.	-72.5	-72.5	-10.375	-10.375	False	False	morphology	determiner_noun_agreement	Write a natural, coherent English sentence.
399	7	Julia sounded like this uncertain person.	Julia sounded like these uncertain person.	-72.5	-72.5	-10.375	-10.375	False	False	morphology	determiner_noun_agreement	Write a natural, coherent English sentence.
400	7	Those actors attacked that happy alumnus.	Those actors attacked those happy alumnus.	-93.5	-93.5	-10.375	-10.375	False	False	morphology	determiner_noun_agreement	Write a natural, coherent English sentence.
401	7	Eva hadn't admired these black fungi.	Eva hadn't admired this black fungi.	-114.0	-114.0	-10.375	-10.375	False	False	morphology	determiner_noun_agreement	Write a natural, coherent English sentence.
402	7	Many chairs aren't disgusting this unlucky child.	Many chairs aren't disgusting these unlucky child.	-135.0	-135.0	-10.375	-10.375	False	False	morphology	determiner_noun_agreement	Write a natural, coherent English sentence.
403	7	Those waiters break these rough teeth.	Those waiters break this rough teeth.	-83.0	-83.0	-10.375	-10.375	False	False	morphology	determiner_noun_agreement	Write a natural, coherent English sentence.
404	7	Becca leaves this uncertain child.	Becca leaves these uncertain child.	-72.5	-72.5	-10.375	-10.375	False	False	morphology	determiner_noun_agreement	Write a natural, coherent English sentence.
405	7	Some steak disturbs these displeased children.	Some steak disturbs this displeased children.	-124.5	-124.5	-10.375	-10.375	False	False	morphology	determiner_noun_agreement	Write a natural, coherent English sentence.
406	7	Christine wouldn't conceal this lost stimulus.	Christine wouldn't conceal these lost stimulus.	-124.5	-124.5	-10.375	-10.375	False	False	morphology	determiner_noun_agreement	Write a natural, coherent English sentence.
407	7	Every face irritates those unemployed alumni.	Every face irritates that unemployed alumni.	-114.0	-114.0	-10.375	-10.375	False	False	morphology	determiner_noun_agreement	Write a natural, coherent English sentence.
408	7	Susan noticed that unlucky person.	Susan noticed those unlucky person.	-83.0	-83.0	-10.375	-10.375	False	False	morphology	determiner_noun_agreement	Write a natural, coherent English sentence.
409	7	Some women drop by those concealed oases.	Some women drop by that concealed oases.	-104.0	-104.0	-10.375	-10.375	False	False	morphology	determiner_noun_agreement	Write a natural, coherent English sentence.
410	7	The Clintons disagree with these serious men.	The Clintons disagree with this serious men.	-104.0	-104.0	-10.375	-10.375	False	False	morphology	determiner_noun_agreement	Write a natural, coherent English sentence.
411	7	Phillip discovers these busy women.	Phillip discovers this busy women.	-83.0	-83.0	-10.375	-10.375	False	False	morphology	determiner_noun_agreement	Write a natural, coherent English sentence.
412	7	Waiters investigate that hopeful woman.	Waiters investigate those hopeful woman.	-83.0	-83.0	-10.375	-10.375	False	False	morphology	determiner_noun_agreement	Write a natural, coherent English sentence.
413	7	Regina hasn't found these white nuclei.	Regina hasn't found this white nuclei.	-124.5	-124.5	-10.375	-10.375	False	False	morphology	determiner_noun_agreement	Write a natural, coherent English sentence.
414	7	Irene scanned those purple theses.	Irene scanned that purple theses.	-93.5	-93.5	-10.375	-10.375	False	False	morphology	determiner_noun_agreement	Write a natural, coherent English sentence.
415	7	A bank references those popular people.	A bank references that popular people.	-72.5	-72.5	-10.375	-10.375	False	False	morphology	determiner_noun_agreement	Write a natural, coherent English sentence.
416	7	Vincent tours this old oasis.	Vincent tours these old oasis.	-72.5	-72.5	-10.375	-10.375	False	False	morphology	determiner_noun_agreement	Write a natural, coherent English sentence.
417	7	Alicia kisses that standing woman.	Alicia kisses those standing woman.	-93.0	-93.0	-10.375	-10.375	False	False	morphology	determiner_noun_agreement	Write a natural, coherent English sentence.
418	7	Some candles aren't boring those displeased men.	Some candles aren't boring that displeased men.	-135.0	-135.0	-10.375	-10.375	False	False	morphology	determiner_noun_agreement	Write a natural, coherent English sentence.
419	7	That teenager does care for this old alumnus.	That teenager does care for these old alumnus.	-114.0	-114.0	-10.375	-10.375	False	False	morphology	determiner_noun_agreement	Write a natural, coherent English sentence.
420	7	A lot of drawings weren't alarming that displeased man.	A lot of drawings weren't alarming those displeased man.	-155.0	-155.0	-10.375	-10.375	False	False	morphology	determiner_noun_agreement	Write a natural, coherent English sentence.
421	7	That face astounded that important woman.	That face astounded those important woman.	-93.5	-93.5	-10.375	-10.375	False	False	morphology	determiner_noun_agreement	Write a natural, coherent English sentence.
422	7	Tiffany had approached these unemployed people.	Tiffany had approached this unemployed people.	-103.5	-103.5	-10.375	-10.375	False	False	morphology	determiner_noun_agreement	Write a natural, coherent English sentence.
423	7	Christina is passing these rough oases.	Christina is passing this rough oases.	-93.5	-93.5	-10.375	-10.375	False	False	morphology	determiner_noun_agreement	Write a natural, coherent English sentence.
424	7	Debra was praising those busy people.	Debra was praising that busy people.	-93.5	-93.5	-10.375	-10.375	False	False	morphology	determiner_noun_agreement	Write a natural, coherent English sentence.
425	7	The doctors didn't care for these scared children.	The doctors didn't care for this scared children.	-114.0	-114.0	-10.375	-10.375	False	False	morphology	determiner_noun_agreement	Write a natural, coherent English sentence.
426	7	Those ladders stun these small people.	Those ladders stun this small people.	-104.0	-104.0	-10.375	-10.375	False	False	morphology	determiner_noun_agreement	Write a natural, coherent English sentence.
427	7	Samuel isn't distracting these clever women.	Samuel isn't distracting this clever women.	-103.5	-103.5	-10.375	-10.375	False	False	morphology	determiner_noun_agreement	Write a natural, coherent English sentence.
428	7	Lucille dropped by those new oases.	Lucille dropped by that new oases.	-93.5	-93.5	-10.375	-10.375	False	False	morphology	determiner_noun_agreement	Write a natural, coherent English sentence.
429	7	A legislature should aggravate that busy child.	A legislature should aggravate those busy child.	-114.0	-114.0	-10.375	-10.375	False	False	morphology	determiner_noun_agreement	Write a natural, coherent English sentence.
430	7	Larry observed that lucky child.	Larry observed those lucky child.	-62.25	-62.25	-10.375	-10.375	False	False	morphology	determiner_noun_agreement	Write a natural, coherent English sentence.
431	7	Lawrence wasn't approaching those troubled children.	Lawrence wasn't approaching that troubled children.	-104.0	-104.0	-10.375	-10.375	False	False	morphology	determiner_noun_agreement	Write a natural, coherent English sentence.
432	7	Most libraries describe those delighted men.	Most libraries describe that delighted men.	-72.5	-72.5	-10.375	-10.375	False	False	morphology	determiner_noun_agreement	Write a natural, coherent English sentence.
433	7	The Impressionists alarms that sick child.	The Impressionists alarms those sick child.	-103.5	-103.5	-10.375	-10.375	False	False	morphology	determiner_noun_agreement	Write a natural, coherent English sentence.
434	7	A lot of children have this exposed axis.	A lot of children have these exposed axis.	-93.0	-93.0	-10.375	-10.375	False	False	morphology	determiner_noun_agreement	Write a natural, coherent English sentence.
435	7	Melissa couldn't reveal that small man.	Melissa couldn't reveal those small man.	-104.0	-104.0	-10.375	-10.375	False	False	morphology	determiner_noun_agreement	Write a natural, coherent English sentence.
436	7	These carriages won't impress those bad men.	These carriages won't impress that bad men.	-114.0	-114.0	-10.375	-10.375	False	False	morphology	determiner_noun_agreement	Write a natural, coherent English sentence.
437	7	Many girls drop by that red oasis.	Many girls drop by those red oasis.	-93.5	-93.5	-10.375	-10.375	False	False	morphology	determiner_noun_agreement	Write a natural, coherent English sentence.
438	7	The Impressionists fled from this small woman.	The Impressionists fled from these small woman.	-103.5	-103.5	-10.375	-10.375	False	False	morphology	determiner_noun_agreement	Write a natural, coherent English sentence.
439	7	Ann arrived at that blue oasis.	Ann arrived at those blue oasis.	-83.0	-83.0	-10.375	-10.375	False	False	morphology	determiner_noun_agreement	Write a natural, coherent English sentence.
440	7	The sock isn't disturbing those lucky children.	The sock isn't disturbing that lucky children.	-114.0	-114.0	-10.375	-10.375	False	False	morphology	determiner_noun_agreement	Write a natural, coherent English sentence.
441	7	Those socks were shocking those unlucky men.	Those socks were shocking that unlucky men.	-114.0	-114.0	-10.375	-10.375	False	False	morphology	determiner_noun_agreement	Write a natural, coherent English sentence.
442	7	Christine wasn't walking through those cheap oases.	Christine wasn't walking through that cheap oases.	-124.5	-124.5	-10.375	-10.375	False	False	morphology	determiner_noun_agreement	Write a natural, coherent English sentence.
443	7	Mary appreciates those content women.	Mary appreciates that content women.	-72.5	-72.5	-10.375	-10.375	False	False	morphology	determiner_noun_agreement	Write a natural, coherent English sentence.
444	7	That lady didn't question this ill person.	That lady didn't question these ill person.	-104.0	-104.0	-10.375	-10.375	False	False	morphology	determiner_noun_agreement	Write a natural, coherent English sentence.
445	7	Most birds annoy this young woman.	Most birds annoy these young woman.	-72.5	-72.5	-10.375	-10.375	False	False	morphology	determiner_noun_agreement	Write a natural, coherent English sentence.
446	7	Amelia is kissing these content men.	Amelia is kissing this content men.	-93.5	-93.5	-10.375	-10.375	False	False	morphology	determiner_noun_agreement	Write a natural, coherent English sentence.
447	7	Judy isn't taking those standing oxen.	Judy isn't taking that standing oxen.	-114.0	-114.0	-10.375	-10.375	False	False	morphology	determiner_noun_agreement	Write a natural, coherent English sentence.
448	7	Irene is discussing those clever alumni.	Irene is discussing that clever alumni.	-104.0	-104.0	-10.375	-10.375	False	False	morphology	determiner_noun_agreement	Write a natural, coherent English sentence.
449	7	Danielle could describe these long analyses.	Danielle could describe this long analyses.	-93.5	-93.5	-10.375	-10.375	False	False	morphology	determiner_noun_agreement	Write a natural, coherent English sentence.
450	7	Eva hasn't praised that lucky woman.	Eva hasn't praised those lucky woman.	-93.5	-93.5	-10.375	-10.375	False	False	morphology	determiner_noun_agreement	Write a natural, coherent English sentence.
451	7	Grace might observe that unlucky woman.	Grace might observe those unlucky woman.	-93.5	-93.5	-10.375	-10.375	False	False	morphology	determiner_noun_agreement	Write a natural, coherent English sentence.
452	7	The Clintons bothered these clever people.	The Clintons bothered this clever people.	-93.5	-93.5	-10.375	-10.375	False	False	morphology	determiner_noun_agreement	Write a natural, coherent English sentence.
453	7	April hadn't embarrassed those employed alumni.	April hadn't embarrassed that employed alumni.	-114.0	-114.0	-10.375	-10.375	False	False	morphology	determiner_noun_agreement	Write a natural, coherent English sentence.
454	7	Marie shouldn't forget that happy man.	Marie shouldn't forget those happy man.	-93.5	-93.5	-10.375	-10.375	False	False	morphology	determiner_noun_agreement	Write a natural, coherent English sentence.
455	7	Renee isn't breaking that cheap foot.	Renee isn't breaking those cheap foot.	-114.0	-114.0	-10.375	-10.375	False	False	morphology	determiner_noun_agreement	Write a natural, coherent English sentence.
456	7	Monica shouldn't sell those new oases.	Monica shouldn't sell that new oases.	-114.0	-114.0	-10.375	-10.375	False	False	morphology	determiner_noun_agreement	Write a natural, coherent English sentence.
457	7	Every dancer has returned to that troubled man.	Every dancer has returned to those troubled man.	-114.0	-114.0	-10.375	-10.375	False	False	morphology	determiner_noun_agreement	Write a natural, coherent English sentence.
458	7	Those dancers break those green teeth.	Those dancers break that green teeth.	-83.0	-83.0	-10.375	-10.375	False	False	morphology	determiner_noun_agreement	Write a natural, coherent English sentence.
459	7	These teachers talk about these fast women.	These teachers talk about this fast women.	-83.0	-83.0	-10.375	-10.375	False	False	morphology	determiner_noun_agreement	Write a natural, coherent English sentence.
460	7	Spain hasn't praised that happy man.	Spain hasn't praised those happy man.	-93.5	-93.5	-10.375	-10.375	False	False	morphology	determiner_noun_agreement	Write a natural, coherent English sentence.
461	7	Monica does kiss those good people.	Monica does kiss that good people.	-83.0	-83.0	-10.375	-10.375	False	False	morphology	determiner_noun_agreement	Write a natural, coherent English sentence.
462	7	Benjamin can boast about those busy men.	Benjamin can boast about that busy men.	-93.5	-93.5	-10.375	-10.375	False	False	morphology	determiner_noun_agreement	Write a natural, coherent English sentence.
463	7	Donald conceals this lost nucleus.	Donald conceals these lost nucleus.	-83.0	-83.0	-10.375	-10.375	False	False	morphology	determiner_noun_agreement	Write a natural, coherent English sentence.
464	7	Gregory was embarrassing this big woman.	Gregory was embarrassing these big woman.	-83.0	-83.0	-10.375	-10.375	False	False	morphology	determiner_noun_agreement	Write a natural, coherent English sentence.
465	7	The waiter wasn't stunning that hidden child.	The waiter wasn't stunning those hidden child.	-114.0	-114.0	-10.375	-10.375	False	False	morphology	determiner_noun_agreement	Write a natural, coherent English sentence.
466	7	A lot of photographs haven't looked like this red stimulus.	A lot of photographs haven't looked like these red stimulus.	-145.0	-145.0	-10.375	-10.375	False	False	morphology	determiner_noun_agreement	Write a natural, coherent English sentence.
467	7	A patient fixed those cheap feet.	A patient fixed that cheap feet.	-72.5	-72.5	-10.375	-10.375	False	False	morphology	determiner_noun_agreement	Write a natural, coherent English sentence.
468	7	Many gates shouldn't astound these unsure alumni.	Many gates shouldn't astound this unsure alumni.	-145.0	-145.0	-10.375	-10.375	False	False	morphology	determiner_noun_agreement	Write a natural, coherent English sentence.
469	7	That picture hasn't looked like these big men.	That picture hasn't looked like this big men.	-114.0	-114.0	-10.375	-10.375	False	False	morphology	determiner_noun_agreement	Write a natural, coherent English sentence.
470	7	These waitresses talk about this hidden thesis.	These waitresses talk about these hidden thesis.	-103.5	-103.5	-10.375	-10.375	False	False	morphology	determiner_noun_agreement	Write a natural, coherent English sentence.
471	7	Stacy concealed those gray axes.	Stacy concealed that gray axes.	-93.5	-93.5	-10.375	-10.375	False	False	morphology	determiner_noun_agreement	Write a natural, coherent English sentence.
472	7	Nicole remembers those serious alumni.	Nicole remembers that serious alumni.	-93.5	-93.5	-10.375	-10.375	False	False	morphology	determiner_noun_agreement	Write a natural, coherent English sentence.
473	7	Leslie hadn't gone to that small oasis.	Leslie hadn't gone to those small oasis.	-124.5	-124.5	-10.375	-10.375	False	False	morphology	determiner_noun_agreement	Write a natural, coherent English sentence.
474	7	Joel wasn't praising this ill person.	Joel wasn't praising these ill person.	-104.0	-104.0	-10.375	-10.375	False	False	morphology	determiner_noun_agreement	Write a natural, coherent English sentence.
475	7	These drivers embarrasses this young alumnus.	These drivers embarrasses these young alumnus.	-103.5	-103.5	-10.375	-10.375	False	False	morphology	determiner_noun_agreement	Write a natural, coherent English sentence.
476	7	Beef bores that delighted woman.	Beef bores those delighted woman.	-83.0	-83.0	-10.375	-10.375	False	False	morphology	determiner_noun_agreement	Write a natural, coherent English sentence.
477	7	Mitchell goes to this gray oasis.	Mitchell goes to these gray oasis.	-83.0	-83.0	-10.375	-10.375	False	False	morphology	determiner_noun_agreement	Write a natural, coherent English sentence.
478	7	The mouth bores these upset men.	The mouth bores this upset men.	-83.0	-83.0	-10.375	-10.375	False	False	morphology	determiner_noun_agreement	Write a natural, coherent English sentence.
479	7	Most legislatures discuss those good people.	Most legislatures discuss that good people.	-83.0	-83.0	-10.375	-10.375	False	False	morphology	determiner_noun_agreement	Write a natural, coherent English sentence.
480	7	The boys mess up those purple feet.	The boys mess up that purple feet.	-83.0	-83.0	-10.375	-10.375	False	False	morphology	determiner_noun_agreement	Write a natural, coherent English sentence.
481	7	Cashiers describe these fast children.	Cashiers describe this fast children.	-72.5	-72.5	-10.375	-10.375	False	False	morphology	determiner_noun_agreement	Write a natural, coherent English sentence.
482	7	Roger has fired those unconvinced men.	Roger has fired that unconvinced men.	-104.0	-104.0	-10.375	-10.375	False	False	morphology	determiner_noun_agreement	Write a natural, coherent English sentence.
483	7	Amy wasn't kissing this content man.	Amy wasn't kissing these content man.	-103.5	-103.5	-10.375	-10.375	False	False	morphology	determiner_noun_agreement	Write a natural, coherent English sentence.
484	7	Every dancer hadn't praised those good analyses.	Every dancer hadn't praised that good analyses.	-124.5	-124.5	-10.375	-10.375	False	False	morphology	determiner_noun_agreement	Write a natural, coherent English sentence.
485	7	Rhonda wasn't hiding those red mice.	Rhonda wasn't hiding that red mice.	-114.0	-114.0	-10.375	-10.375	False	False	morphology	determiner_noun_agreement	Write a natural, coherent English sentence.
486	7	Every pedestrian talks about that bad synopsis.	Every pedestrian talks about those bad synopsis.	-103.5	-103.5	-10.375	-10.375	False	False	morphology	determiner_noun_agreement	Write a natural, coherent English sentence.
487	7	The fish shocks these old alumni.	The fish shocks this old alumni.	-104.0	-104.0	-10.375	-10.375	False	False	morphology	determiner_noun_agreement	Write a natural, coherent English sentence.
488	7	Those waitresses visited those scared alumni.	Those waitresses visited that scared alumni.	-114.0	-114.0	-10.375	-10.375	False	False	morphology	determiner_noun_agreement	Write a natural, coherent English sentence.
489	7	That library was listening to this nice man.	That library was listening to these nice man.	-93.5	-93.5	-10.375	-10.375	False	False	morphology	determiner_noun_agreement	Write a natural, coherent English sentence.
490	7	Steve wasn't bringing that blue stimulus.	Steve wasn't bringing those blue stimulus.	-104.0	-104.0	-10.375	-10.375	False	False	morphology	determiner_noun_agreement	Write a natural, coherent English sentence.
491	7	Some guest was hiring that scared woman.	Some guest was hiring those scared woman.	-83.0	-83.0	-10.375	-10.375	False	False	morphology	determiner_noun_agreement	Write a natural, coherent English sentence.
492	7	The spotlights upset this unconvinced alumnus.	The spotlights upset these unconvinced alumnus.	-135.0	-135.0	-10.375	-10.375	False	False	morphology	determiner_noun_agreement	Write a natural, coherent English sentence.
493	7	Todd might observe this lost man.	Todd might observe these lost man.	-72.5	-72.5	-10.375	-10.375	False	False	morphology	determiner_noun_agreement	Write a natural, coherent English sentence.
494	7	People could describe that unconvinced person.	People could describe those unconvinced person.	-104.0	-104.0	-10.375	-10.375	False	False	morphology	determiner_noun_agreement	Write a natural, coherent English sentence.
495	7	That waiter had astounded these lucky people.	That waiter had astounded this lucky people.	-114.0	-114.0	-10.375	-10.375	False	False	morphology	determiner_noun_agreement	Write a natural, coherent English sentence.
496	7	Kendra disgusted these confident women.	Kendra disgusted this confident women.	-93.5	-93.5	-10.375	-10.375	False	False	morphology	determiner_noun_agreement	Write a natural, coherent English sentence.
497	7	Spain hasn't annoyed those old people.	Spain hasn't annoyed that old people.	-103.5	-103.5	-10.375	-10.375	False	False	morphology	determiner_noun_agreement	Write a natural, coherent English sentence.
498	7	Steve kisses these out in the open people.	Steve kisses this out in the open people.	-103.5	-103.5	-10.375	-10.375	False	False	morphology	determiner_noun_agreement	Write a natural, coherent English sentence.
499	7	Wayne kissed those unconvinced men.	Wayne kissed that unconvinced men.	-93.5	-93.5	-10.375	-10.375	False	False	morphology	determiner_noun_agreement	Write a natural, coherent English sentence.
500	7	Douglas has brought those lost cacti.	Douglas has brought that lost cacti.	-93.5	-93.5	-10.375	-10.375	False	False	morphology	determiner_noun_agreement	Write a natural, coherent English sentence.
501	7	Tammy can't reveal that big alumnus.	Tammy can't reveal those big alumnus.	-124.5	-124.5	-10.375	-10.375	False	False	morphology	determiner_noun_agreement	Write a natural, coherent English sentence.
502	7	Deborah fled from those standing children.	Deborah fled from that standing children.	-93.5	-93.5	-10.375	-10.375	False	False	morphology	determiner_noun_agreement	Write a natural, coherent English sentence.
503	7	A man wasn't cleaning that hard fungus.	A man wasn't cleaning those hard fungus.	-124.5	-124.5	-10.375	-10.375	False	False	morphology	determiner_noun_agreement	Write a natural, coherent English sentence.
504	7	Danielle has broken those gray teeth.	Danielle has broken that gray teeth.	-83.0	-83.0	-10.375	-10.375	False	False	morphology	determiner_noun_agreement	Write a natural, coherent English sentence.
505	7	Derek praised this big thesis.	Derek praised these big thesis.	-72.5	-72.5	-10.375	-10.375	False	False	morphology	determiner_noun_agreement	Write a natural, coherent English sentence.
506	7	Gary has disgusted those unsure people.	Gary has disgusted that unsure people.	-93.5	-93.5	-10.375	-10.375	False	False	morphology	determiner_noun_agreement	Write a natural, coherent English sentence.
507	7	A senator insulted this bad synopsis.	A senator insulted these bad synopsis.	-103.5	-103.5	-10.375	-10.375	False	False	morphology	determiner_noun_agreement	Write a natural, coherent English sentence.
508	7	A lot of drivers visit these purple oases.	A lot of drivers visit this purple oases.	-103.5	-103.5	-10.375	-10.375	False	False	morphology	determiner_noun_agreement	Write a natural, coherent English sentence.
509	7	Richard isn't attacking this fast child.	Richard isn't attacking these fast child.	-93.5	-93.5	-10.375	-10.375	False	False	morphology	determiner_noun_agreement	Write a natural, coherent English sentence.
510	7	Frank shocked that unsure man.	Frank shocked those unsure man.	-72.5	-72.5	-10.375	-10.375	False	False	morphology	determiner_noun_agreement	Write a natural, coherent English sentence.
511	7	Brett returned to that confident man.	Brett returned to those confident man.	-83.0	-83.0	-10.375	-10.375	False	False	morphology	determiner_noun_agreement	Write a natural, coherent English sentence.
512	7	Many ladies weren't passing these old oases.	Many ladies weren't passing this old oases.	-114.0	-114.0	-10.375	-10.375	False	False	morphology	determiner_noun_agreement	Write a natural, coherent English sentence.
513	7	A waiter brought those purple teeth.	A waiter brought that purple teeth.	-83.0	-83.0	-10.375	-10.375	False	False	morphology	determiner_noun_agreement	Write a natural, coherent English sentence.
514	7	Beverly has fired this fast alumnus.	Beverly has fired these fast alumnus.	-104.0	-103.5	-10.375	-10.375	False	False	morphology	determiner_noun_agreement	Write a natural, coherent English sentence.
515	7	Men haven't observed that standing man.	Men haven't observed those standing man.	-93.5	-93.5	-10.375	-10.375	False	False	morphology	determiner_noun_agreement	Write a natural, coherent English sentence.
516	7	Tiffany admired this ill child.	Tiffany admired these ill child.	-93.5	-93.5	-10.375	-10.375	False	False	morphology	determiner_noun_agreement	Write a natural, coherent English sentence.
517	7	That patient didn't love that unemployed alumnus.	That patient didn't love those unemployed alumnus.	-135.0	-135.0	-10.375	-10.375	False	False	morphology	determiner_noun_agreement	Write a natural, coherent English sentence.
518	7	Aaron reveals that red tooth.	Aaron reveals those red tooth.	-62.25	-62.25	-10.375	-10.375	False	False	morphology	determiner_noun_agreement	Write a natural, coherent English sentence.
519	7	Monica was insulting those bad people.	Monica was insulting that bad people.	-93.5	-93.5	-10.375	-10.375	False	False	morphology	determiner_noun_agreement	Write a natural, coherent English sentence.
520	7	These teenagers watch that old alumnus.	These teenagers watch those old alumnus.	-103.5	-103.5	-10.375	-10.375	False	False	morphology	determiner_noun_agreement	Write a natural, coherent English sentence.
521	7	Tina might confuse this exposed child.	Tina might confuse these exposed child.	-93.5	-93.5	-10.375	-10.375	False	False	morphology	determiner_noun_agreement	Write a natural, coherent English sentence.
522	7	A face was confusing that nice woman.	A face was confusing those nice woman.	-83.0	-83.0	-10.375	-10.375	False	False	morphology	determiner_noun_agreement	Write a natural, coherent English sentence.
523	7	An adult researches that good analysis.	An adult researches those good analysis.	-104.0	-104.0	-10.375	-10.375	False	False	morphology	determiner_noun_agreement	Write a natural, coherent English sentence.
524	7	Some broccoli isn't annoying these unconvinced women.	Some broccoli isn't annoying this unconvinced women.	-156.0	-156.0	-10.375	-10.375	False	False	morphology	determiner_noun_agreement	Write a natural, coherent English sentence.
525	7	Nancy talks about these content children.	Nancy talks about this content children.	-72.5	-72.5	-10.375	-10.375	False	False	morphology	determiner_noun_agreement	Write a natural, coherent English sentence.
526	7	Regina found this lost ox.	Regina found these lost ox.	-83.0	-83.0	-10.375	-10.375	False	False	morphology	determiner_noun_agreement	Write a natural, coherent English sentence.
527	7	Emily had respected that clever man.	Emily had respected those clever man.	-72.5	-72.5	-10.375	-10.375	False	False	morphology	determiner_noun_agreement	Write a natural, coherent English sentence.
528	7	Kathleen has worked with this confident man.	Kathleen has worked with these confident man.	-93.5	-93.5	-10.375	-10.375	False	False	morphology	determiner_noun_agreement	Write a natural, coherent English sentence.
529	7	Most customers are distracting these determined children.	Most customers are distracting this determined children.	-93.5	-93.5	-10.375	-10.375	False	False	morphology	determiner_noun_agreement	Write a natural, coherent English sentence.
530	7	Rachelle didn't cure this black octopus.	Rachelle didn't cure these black octopus.	-124.5	-124.5	-10.375	-10.375	False	False	morphology	determiner_noun_agreement	Write a natural, coherent English sentence.
531	7	Steven hugs these standing men.	Steven hugs this standing men.	-72.5	-72.5	-10.375	-10.375	False	False	morphology	determiner_noun_agreement	Write a natural, coherent English sentence.
532	7	Every popsicle shocked those excited men.	Every popsicle shocked that excited men.	-93.5	-93.5	-10.375	-10.375	False	False	morphology	determiner_noun_agreement	Write a natural, coherent English sentence.
533	7	Sonia lifts that new oasis.	Sonia lifts those new oasis.	-93.5	-93.5	-10.375	-10.375	False	False	morphology	determiner_noun_agreement	Write a natural, coherent English sentence.
534	7	Cheryl might tour that purple oasis.	Cheryl might tour those purple oasis.	-93.5	-93.5	-10.375	-10.375	False	False	morphology	determiner_noun_agreement	Write a natural, coherent English sentence.
535	7	This doctor appreciates this bad child.	This doctor appreciates these bad child.	-83.0	-83.0	-10.375	-10.375	False	False	morphology	determiner_noun_agreement	Write a natural, coherent English sentence.
536	7	Leslie breaks those red feet.	Leslie breaks that red feet.	-72.5	-72.5	-10.375	-10.375	False	False	morphology	determiner_noun_agreement	Write a natural, coherent English sentence.
537	7	Bethany hasn't hidden that yellow louse.	Bethany hasn't hidden those yellow louse.	-114.0	-114.0	-10.375	-10.375	False	False	morphology	determiner_noun_agreement	Write a natural, coherent English sentence.
538	7	Some people have criticized this brown thesis.	Some people have criticized these brown thesis.	-93.5	-93.5	-10.375	-10.375	False	False	morphology	determiner_noun_agreement	Write a natural, coherent English sentence.
539	7	Noah heals this determined child.	Noah heals these determined child.	-72.5	-72.5	-10.375	-10.375	False	False	morphology	determiner_noun_agreement	Write a natural, coherent English sentence.
540	7	Kevin biked to those big oases.	Kevin biked to that big oases.	-104.0	-104.0	-10.375	-10.375	False	False	morphology	determiner_noun_agreement	Write a natural, coherent English sentence.
541	7	Wayne hadn't bored these sick men.	Wayne hadn't bored this sick men.	-93.5	-93.5	-10.375	-10.375	False	False	morphology	determiner_noun_agreement	Write a natural, coherent English sentence.
542	7	Amy returns to those young alumni.	Amy returns to that young alumni.	-93.5	-93.5	-10.375	-10.375	False	False	morphology	determiner_noun_agreement	Write a natural, coherent English sentence.
543	7	That gate did aggravate this excited woman.	That gate did aggravate these excited woman.	-103.5	-103.5	-10.375	-10.375	False	False	morphology	determiner_noun_agreement	Write a natural, coherent English sentence.
544	7	Melissa observes that bad child.	Melissa observes those bad child.	-83.0	-83.0	-10.375	-10.375	False	False	morphology	determiner_noun_agreement	Write a natural, coherent English sentence.
545	7	Kathleen wasn't scanning those long synopses.	Kathleen wasn't scanning that long synopses.	-135.0	-135.0	-10.375	-10.375	False	False	morphology	determiner_noun_agreement	Write a natural, coherent English sentence.
546	7	That guy dropped by these white oases.	That guy dropped by this white oases.	-93.5	-93.5	-10.375	-10.375	False	False	morphology	determiner_noun_agreement	Write a natural, coherent English sentence.
547	7	Every child might fire this serious child.	Every child might fire these serious child.	-83.0	-83.0	-10.375	-10.375	False	False	morphology	determiner_noun_agreement	Write a natural, coherent English sentence.
548	7	Meredith had concealed that black thesis.	Meredith had concealed those black thesis.	-104.0	-104.0	-10.375	-10.375	False	False	morphology	determiner_noun_agreement	Write a natural, coherent English sentence.
549	7	Randolf didn't see these blue teeth.	Randolf didn't see this blue teeth.	-103.5	-103.5	-10.375	-10.375	False	False	morphology	determiner_noun_agreement	Write a natural, coherent English sentence.
550	7	Some guy passes that rough oasis.	Some guy passes those rough oasis.	-83.0	-83.0	-10.375	-10.375	False	False	morphology	determiner_noun_agreement	Write a natural, coherent English sentence.
551	7	Guys hurts that smart man.	Guys hurts those smart man.	-83.0	-83.0	-10.375	-10.375	False	False	morphology	determiner_noun_agreement	Write a natural, coherent English sentence.
552	7	Many museums should describe this fast man.	Many museums should describe these fast man.	-93.5	-93.5	-10.375	-10.375	False	False	morphology	determiner_noun_agreement	Write a natural, coherent English sentence.
553	7	A lot of chairs haven't embarrassed this serious man.	A lot of chairs haven't embarrassed these serious man.	-124.5	-124.5	-10.375	-10.375	False	False	morphology	determiner_noun_agreement	Write a natural, coherent English sentence.
554	7	Emily talked about that ill alumnus.	Emily talked about those ill alumnus.	-93.5	-93.5	-10.375	-10.375	False	False	morphology	determiner_noun_agreement	Write a natural, coherent English sentence.
555	7	A lot of girls notice these black lice.	A lot of girls notice this black lice.	-103.5	-103.5	-10.375	-10.375	False	False	morphology	determiner_noun_agreement	Write a natural, coherent English sentence.
556	7	Those schools reference that green thesis.	Those schools reference those green thesis.	-72.5	-72.5	-10.375	-10.375	False	False	morphology	determiner_noun_agreement	Write a natural, coherent English sentence.
557	7	Bradley had bored this delighted alumnus.	Bradley had bored these delighted alumnus.	-103.5	-103.5	-10.375	-10.375	False	False	morphology	determiner_noun_agreement	Write a natural, coherent English sentence.
558	7	Melinda scares this good woman.	Melinda scares these good woman.	-83.0	-83.0	-10.375	-10.375	False	False	morphology	determiner_noun_agreement	Write a natural, coherent English sentence.
559	7	Those pedestrians go to those big oases.	Those pedestrians go to that big oases.	-114.0	-114.0	-10.375	-10.375	False	False	morphology	determiner_noun_agreement	Write a natural, coherent English sentence.
560	7	Many doctors escaped from that lost child.	Many doctors escaped from those lost child.	-83.0	-83.0	-10.375	-10.375	False	False	morphology	determiner_noun_agreement	Write a natural, coherent English sentence.
561	7	Tamara isn't revealing that orange ox.	Tamara isn't revealing those orange ox.	-103.5	-103.5	-10.375	-10.375	False	False	morphology	determiner_noun_agreement	Write a natural, coherent English sentence.
562	7	Many patients arrive at that hidden oasis.	Many patients arrive at those hidden oasis.	-93.5	-93.5	-10.375	-10.375	False	False	morphology	determiner_noun_agreement	Write a natural, coherent English sentence.
563	7	Beth leaves these happy children.	Beth leaves this happy children.	-62.25	-62.25	-10.375	-10.375	False	False	morphology	determiner_noun_agreement	Write a natural, coherent English sentence.
564	7	Deanna broke that yellow foot.	Deanna broke those yellow foot.	-72.5	-72.5	-10.375	-10.375	False	False	morphology	determiner_noun_agreement	Write a natural, coherent English sentence.
565	7	Jessica had talked to that concealed man.	Jessica had talked to those concealed man.	-93.5	-93.5	-10.375	-10.375	False	False	morphology	determiner_noun_agreement	Write a natural, coherent English sentence.
566	7	Those actors praise those long synopses.	Those actors praise that long synopses.	-93.5	-93.5	-10.375	-10.375	False	False	morphology	determiner_noun_agreement	Write a natural, coherent English sentence.
567	7	This coat hasn't astounded these popular men.	This coat hasn't astounded this popular men.	-124.5	-124.5	-10.375	-10.375	False	False	morphology	determiner_noun_agreement	Write a natural, coherent English sentence.
568	7	Wendy does talk to this scared alumnus.	Wendy does talk to these scared alumnus.	-114.0	-114.0	-10.375	-10.375	False	False	morphology	determiner_noun_agreement	Write a natural, coherent English sentence.
569	7	Christine is questioning these happy men.	Christine is questioning this happy men.	-83.0	-83.0	-10.375	-10.375	False	False	morphology	determiner_noun_agreement	Write a natural, coherent English sentence.
570	7	All doctors loved that displeased man.	All doctors loved those displeased man.	-93.5	-93.5	-10.375	-10.375	False	False	morphology	determiner_noun_agreement	Write a natural, coherent English sentence.
571	7	Waitresses researched these long synopses.	Waitresses researched this long synopses.	-135.0	-135.0	-10.375	-10.375	False	False	morphology	determiner_noun_agreement	Write a natural, coherent English sentence.
572	7	Alexander can flee from this nice woman.	Alexander can flee from these nice woman.	-93.5	-93.5	-10.375	-10.375	False	False	morphology	determiner_noun_agreement	Write a natural, coherent English sentence.
573	7	Walter hadn't hated this fast man.	Walter hadn't hated these fast man.	-93.5	-93.5	-10.375	-10.375	False	False	morphology	determiner_noun_agreement	Write a natural, coherent English sentence.
574	7	Those cashiers buy those smooth lice.	Those cashiers buy that smooth lice.	-93.5	-93.5	-10.375	-10.375	False	False	morphology	determiner_noun_agreement	Write a natural, coherent English sentence.
575	7	Sonia hid that determined child.	Sonia hid those determined child.	-72.5	-72.5	-10.375	-10.375	False	False	morphology	determiner_noun_agreement	Write a natural, coherent English sentence.
576	7	Barbara is observing that excited person.	Barbara is observing those excited person.	-83.0	-83.0	-10.375	-10.375	False	False	morphology	determiner_noun_agreement	Write a natural, coherent English sentence.
577	7	That company stuns these unconvinced women.	That company stuns this unconvinced women.	-114.0	-114.0	-10.375	-10.375	False	False	morphology	determiner_noun_agreement	Write a natural, coherent English sentence.
578	7	Paul thought about those bad theses.	Paul thought about that bad theses.	-83.0	-83.0	-10.375	-10.375	False	False	morphology	determiner_noun_agreement	Write a natural, coherent English sentence.
579	7	Victoria escaped from these displeased children.	Victoria escaped from this displeased children.	-93.5	-93.5	-10.375	-10.375	False	False	morphology	determiner_noun_agreement	Write a natural, coherent English sentence.
580	7	Brad notices this big octopus.	Brad notices these big octopus.	-93.0	-93.0	-10.375	-10.375	False	False	morphology	determiner_noun_agreement	Write a natural, coherent English sentence.
581	7	Adam is praising those yellow theses.	Adam is praising that yellow theses.	-93.5	-93.5	-10.375	-10.375	False	False	morphology	determiner_noun_agreement	Write a natural, coherent English sentence.
582	7	Douglas did tour those hidden oases.	Douglas did tour that hidden oases.	-83.0	-83.0	-10.375	-10.375	False	False	morphology	determiner_noun_agreement	Write a natural, coherent English sentence.
583	7	Gerald couldn't know these happy men.	Gerald couldn't know this happy men.	-103.5	-103.5	-10.375	-10.375	False	False	morphology	determiner_noun_agreement	Write a natural, coherent English sentence.
584	7	Those women hug that smart man.	Those women hug those smart man.	-72.5	-72.5	-10.375	-10.375	False	False	morphology	determiner_noun_agreement	Write a natural, coherent English sentence.
585	7	These senators wouldn't forget that long synopsis.	These senators wouldn't forget those long synopsis.	-124.5	-124.5	-10.375	-10.375	False	False	morphology	determiner_noun_agreement	Write a natural, coherent English sentence.
586	7	Edward took those lost stimuli.	Edward took that lost stimuli.	-72.5	-72.5	-10.375	-10.375	False	False	morphology	determiner_noun_agreement	Write a natural, coherent English sentence.
587	7	The waitresses did know this lucky person.	The waitresses did know these lucky person.	-103.5	-103.5	-10.375	-10.375	False	False	morphology	determiner_noun_agreement	Write a natural, coherent English sentence.
588	7	That library might love this important person.	That library might love these important person.	-83.0	-83.0	-10.375	-10.375	False	False	morphology	determiner_noun_agreement	Write a natural, coherent English sentence.
589	7	Carrie was healing this gray octopus.	Carrie was healing these gray octopus.	-103.5	-103.5	-10.375	-10.375	False	False	morphology	determiner_noun_agreement	Write a natural, coherent English sentence.
590	7	Sonia hadn't cleaned those gray teeth.	Sonia hadn't cleaned that gray teeth.	-104.0	-104.0	-10.375	-10.375	False	False	morphology	determiner_noun_agreement	Write a natural, coherent English sentence.
591	7	The Lutherans alarmed this confident woman.	The Lutherans alarmed these confident woman.	-93.5	-93.5	-10.375	-10.375	False	False	morphology	determiner_noun_agreement	Write a natural, coherent English sentence.
592	7	This shirt impressed those popular people.	This shirt impressed that popular people.	-72.5	-72.5	-10.375	-10.375	False	False	morphology	determiner_noun_agreement	Write a natural, coherent English sentence.
593	7	Some schools love that employed person.	Some schools love those employed person.	-72.5	-72.5	-10.375	-10.375	False	False	morphology	determiner_noun_agreement	Write a natural, coherent English sentence.
594	7	Valerie hasn't known this young child.	Valerie hasn't known these young child.	-104.0	-104.0	-10.375	-10.375	False	False	morphology	determiner_noun_agreement	Write a natural, coherent English sentence.
595	7	Scott respected those displeased men.	Scott respected that displeased men.	-83.0	-83.0	-10.375	-10.375	False	False	morphology	determiner_noun_agreement	Write a natural, coherent English sentence.
596	7	The ladies work with those lost children.	The ladies work with that lost children.	-83.0	-83.0	-10.375	-10.375	False	False	morphology	determiner_noun_agreement	Write a natural, coherent English sentence.
597	7	Dawn had biked to this small oasis.	Dawn had biked to these small oasis.	-124.5	-124.5	-10.375	-10.375	False	False	morphology	determiner_noun_agreement	Write a natural, coherent English sentence.
598	7	Samantha would explore that gray oasis.	Samantha would explore those gray oasis.	-104.0	-103.5	-10.375	-10.375	False	False	morphology	determiner_noun_agreement	Write a natural, coherent English sentence.
599	7	All steps upset those unemployed men.	All steps upset that unemployed men.	-83.0	-83.0	-10.375	-10.375	False	False	morphology	determiner_noun_agreement	Write a natural, coherent English sentence.
600	7	Marla has described that unemployed woman.	Marla has described those unemployed woman.	-93.5	-93.5	-10.375	-10.375	False	False	morphology	determiner_noun_agreement	Write a natural, coherent English sentence.
601	7	Most universities bore those excited children.	Most universities bore that excited children.	-72.5	-72.5	-10.375	-10.375	False	False	morphology	determiner_noun_agreement	Write a natural, coherent English sentence.
602	7	These banks should reference that purple thesis.	These banks should reference those purple thesis.	-83.0	-83.0	-10.375	-10.375	False	False	morphology	determiner_noun_agreement	Write a natural, coherent English sentence.
603	7	Sherry brought those concealed geese.	Sherry brought that concealed geese.	-93.5	-93.5	-10.375	-10.375	False	False	morphology	determiner_noun_agreement	Write a natural, coherent English sentence.
604	7	Many pedestrians complain about these long analyses.	Many pedestrians complain about this long analyses.	-114.0	-114.0	-10.375	-10.375	False	False	morphology	determiner_noun_agreement	Write a natural, coherent English sentence.
605	7	Theresa fixed these small teeth.	Theresa fixed this small teeth.	-72.5	-72.5	-10.375	-10.375	False	False	morphology	determiner_noun_agreement	Write a natural, coherent English sentence.
606	7	This lake disturbed those unconvinced men.	This lake disturbed that unconvinced men.	-114.0	-114.0	-10.375	-10.375	False	False	morphology	determiner_noun_agreement	Write a natural, coherent English sentence.
607	7	Catherine was talking about those bad synopses.	Catherine was talking about that bad synopses.	-103.5	-103.5	-10.375	-10.375	False	False	morphology	determiner_noun_agreement	Write a natural, coherent English sentence.
608	7	Alicia had escaped from these hidden men.	Alicia had escaped from this hidden men.	-103.5	-103.5	-10.375	-10.375	False	False	morphology	determiner_noun_agreement	Write a natural, coherent English sentence.
609	7	Natalie hasn't worked with this confident woman.	Natalie hasn't worked with these confident woman.	-114.0	-114.0	-10.375	-10.375	False	False	morphology	determiner_noun_agreement	Write a natural, coherent English sentence.
610	7	Amelia annoyed this smart man.	Amelia annoyed these smart man.	-83.0	-83.0	-10.375	-10.375	False	False	morphology	determiner_noun_agreement	Write a natural, coherent English sentence.
611	7	Every guest is irritating this serious child.	Every guest is irritating these serious child.	-93.5	-93.5	-10.375	-10.375	False	False	morphology	determiner_noun_agreement	Write a natural, coherent English sentence.
612	7	All reports annoyed this hopeful person.	All reports annoyed these hopeful person.	-93.0	-93.0	-10.375	-10.375	False	False	morphology	determiner_noun_agreement	Write a natural, coherent English sentence.
613	7	These women break those orange teeth.	These women break that orange teeth.	-72.5	-72.5	-10.375	-10.375	False	False	morphology	determiner_noun_agreement	Write a natural, coherent English sentence.
614	7	Christopher could shock this excited child.	Christopher could shock these excited child.	-72.5	-72.5	-10.375	-10.375	False	False	morphology	determiner_noun_agreement	Write a natural, coherent English sentence.
615	7	This spotlight hasn't disgusted that employed child.	This spotlight hasn't disgusted those employed child.	-124.5	-124.5	-10.375	-10.375	False	False	morphology	determiner_noun_agreement	Write a natural, coherent English sentence.
616	7	Samantha fled from that busy child.	Samantha fled from those busy child.	-93.5	-93.5	-10.375	-10.375	False	False	morphology	determiner_noun_agreement	Write a natural, coherent English sentence.
617	7	Lucille arrived at that hard oasis.	Lucille arrived at those hard oasis.	-93.5	-93.5	-10.375	-10.375	False	False	morphology	determiner_noun_agreement	Write a natural, coherent English sentence.
618	7	All teachers see those yellow lice.	All teachers see that yellow lice.	-83.0	-83.0	-10.375	-10.375	False	False	morphology	determiner_noun_agreement	Write a natural, coherent English sentence.
619	7	Some photographs haven't looked like these small octopi.	Some photographs haven't looked like this small octopi.	-135.0	-135.0	-10.375	-10.375	False	False	morphology	determiner_noun_agreement	Write a natural, coherent English sentence.
620	7	Danielle brought those blue feet.	Danielle brought that blue feet.	-72.5	-72.5	-10.375	-10.375	False	False	morphology	determiner_noun_agreement	Write a natural, coherent English sentence.
621	7	Todd hadn't left those exposed men.	Todd hadn't left that exposed men.	-93.5	-93.5	-10.375	-10.375	False	False	morphology	determiner_noun_agreement	Write a natural, coherent English sentence.
622	7	Some doctors embarrasses those delighted alumni.	Some doctors embarrasses that delighted alumni.	-104.0	-104.0	-10.375	-10.375	False	False	morphology	determiner_noun_agreement	Write a natural, coherent English sentence.
623	7	The actresses forget that unemployed alumnus.	The actresses forget those unemployed alumnus.	-114.0	-114.0	-10.375	-10.375	False	False	morphology	determiner_noun_agreement	Write a natural, coherent English sentence.
624	7	A lot of socks alarm this unsure alumnus.	A lot of socks alarm these unsure alumnus.	-124.5	-124.5	-10.375	-10.375	False	False	morphology	determiner_noun_agreement	Write a natural, coherent English sentence.
625	7	The customers are thinking about that busy child.	The customers are thinking about those busy child.	-93.5	-93.5	-10.375	-10.375	False	False	morphology	determiner_noun_agreement	Write a natural, coherent English sentence.
626	7	Kristin wasn't kissing those small men.	Kristin wasn't kissing that small men.	-114.0	-114.0	-10.375	-10.375	False	False	morphology	determiner_noun_agreement	Write a natural, coherent English sentence.
627	7	Omar hasn't broken this broken foot.	Omar hasn't broken these broken foot.	-103.5	-103.5	-10.375	-10.375	False	False	morphology	determiner_noun_agreement	Write a natural, coherent English sentence.
628	7	The actress worked with this nice woman.	The actress worked with these nice woman.	-83.0	-83.0	-10.375	-10.375	False	False	morphology	determiner_noun_agreement	Write a natural, coherent English sentence.
629	7	Patients insult these happy people.	Patients insult this happy people.	-72.5	-72.5	-10.375	-10.375	False	False	morphology	determiner_noun_agreement	Write a natural, coherent English sentence.
630	7	Spain bought those orange lice.	Spain bought that orange lice.	-72.5	-72.5	-10.375	-10.375	False	False	morphology	determiner_noun_agreement	Write a natural, coherent English sentence.
631	7	Those waiters didn't kiss this unlucky child.	Those waiters didn't kiss these unlucky child.	-135.0	-135.0	-10.375	-10.375	False	False	morphology	determiner_noun_agreement	Write a natural, coherent English sentence.
632	7	Jennifer isn't touring these old oases.	Jennifer isn't touring this old oases.	-114.0	-114.0	-10.375	-10.375	False	False	morphology	determiner_noun_agreement	Write a natural, coherent English sentence.
633	7	Glaciers upset this small child.	Glaciers upset these small child.	-83.0	-83.0	-10.375	-10.375	False	False	morphology	determiner_noun_agreement	Write a natural, coherent English sentence.
634	7	John investigated these old men.	John investigated this old men.	-62.25	-62.25	-10.375	-10.375	False	False	morphology	determiner_noun_agreement	Write a natural, coherent English sentence.
635	7	Some doctors hated these yellow theses.	Some doctors hated this yellow theses.	-83.0	-83.0	-10.375	-10.375	False	False	morphology	determiner_noun_agreement	Write a natural, coherent English sentence.
636	7	Linda described that clever man.	Linda described those clever man.	-62.25	-62.25	-10.375	-10.375	False	False	morphology	determiner_noun_agreement	Write a natural, coherent English sentence.
637	7	Many drawings are looking like these excited women.	Many drawings are looking like this excited women.	-93.5	-93.5	-10.375	-10.375	False	False	morphology	determiner_noun_agreement	Write a natural, coherent English sentence.
638	7	Mitchell had concealed that small tooth.	Mitchell had concealed those small tooth.	-83.0	-83.0	-10.375	-10.375	False	False	morphology	determiner_noun_agreement	Write a natural, coherent English sentence.
639	7	Every dog had irritated this young child.	Every dog had irritated these young child.	-93.0	-93.5	-10.375	-10.375	True	False	morphology	determiner_noun_agreement	Write a natural, coherent English sentence.
640	7	Some doctors lift this exposed ox.	Some doctors lift these exposed ox.	-72.5	-72.5	-10.375	-10.375	False	False	morphology	determiner_noun_agreement	Write a natural, coherent English sentence.
641	7	Valerie was disgusting that happy woman.	Valerie was disgusting those happy woman.	-93.5	-93.5	-10.375	-10.375	False	False	morphology	determiner_noun_agreement	Write a natural, coherent English sentence.
642	7	Claire hugs those clever men.	Claire hugs that clever men.	-72.5	-72.5	-10.375	-10.375	False	False	morphology	determiner_noun_agreement	Write a natural, coherent English sentence.
643	7	All adults go to these white oases.	All adults go to this white oases.	-93.5	-93.5	-10.375	-10.375	False	False	morphology	determiner_noun_agreement	Write a natural, coherent English sentence.
644	7	Bill observed this nice child.	Bill observed these nice child.	-62.25	-62.25	-10.375	-10.375	False	False	morphology	determiner_noun_agreement	Write a natural, coherent English sentence.
645	7	Diana kissed these delighted alumni.	Diana kissed this delighted alumni.	-83.0	-83.0	-10.375	-10.375	False	False	morphology	determiner_noun_agreement	Write a natural, coherent English sentence.
646	7	Governments are describing those sick people.	Governments are describing that sick people.	-83.0	-83.0	-10.375	-10.375	False	False	morphology	determiner_noun_agreement	Write a natural, coherent English sentence.
647	7	The doctors cure that young woman.	The doctors cure those young woman.	-72.5	-72.5	-10.375	-10.375	False	False	morphology	determiner_noun_agreement	Write a natural, coherent English sentence.
648	7	Dancers did disagree with this ill child.	Dancers did disagree with these ill child.	-93.5	-93.5	-10.375	-10.375	False	False	morphology	determiner_noun_agreement	Write a natural, coherent English sentence.
649	7	Veronica couldn't embarrass these exposed men.	Veronica couldn't embarrass this exposed men.	-114.0	-114.0	-10.375	-10.375	False	False	morphology	determiner_noun_agreement	Write a natural, coherent English sentence.
650	7	The students cared for that delighted man.	The students cared for those delighted man.	-83.0	-83.0	-10.375	-10.375	False	False	morphology	determiner_noun_agreement	Write a natural, coherent English sentence.
651	7	Steve conceals these important men.	Steve conceals this important men.	-72.5	-72.5	-10.375	-10.375	False	False	morphology	determiner_noun_agreement	Write a natural, coherent English sentence.
652	7	These actresses will talk to these content men.	These actresses will talk to this content men.	-103.5	-103.5	-10.375	-10.375	False	False	morphology	determiner_noun_agreement	Write a natural, coherent English sentence.
653	7	That teenager wouldn't buy these rough oxen.	That teenager wouldn't buy this rough oxen.	-114.0	-114.0	-10.375	-10.375	False	False	morphology	determiner_noun_agreement	Write a natural, coherent English sentence.
654	7	Sheila wouldn't kiss that happy child.	Sheila wouldn't kiss those happy child.	-103.5	-103.5	-10.375	-10.375	False	False	morphology	determiner_noun_agreement	Write a natural, coherent English sentence.
655	7	Erin drove to these out in the open oases.	Erin drove to this out in the open oases.	-124.5	-124.5	-10.375	-10.375	False	False	morphology	determiner_noun_agreement	Write a natural, coherent English sentence.
656	7	Every hat has embarrassed those hopeful people.	Every hat has embarrassed that hopeful people.	-93.5	-93.5	-10.375	-10.375	False	False	morphology	determiner_noun_agreement	Write a natural, coherent English sentence.
657	7	Every man is fleeing from that exposed oasis.	Every man is fleeing from those exposed oasis.	-114.0	-114.0	-10.375	-10.375	False	False	morphology	determiner_noun_agreement	Write a natural, coherent English sentence.
658	7	Some adults visit this ill man.	Some adults visit these ill man.	-72.5	-72.5	-10.375	-10.375	False	False	morphology	determiner_noun_agreement	Write a natural, coherent English sentence.
659	7	Janet did lift that good thesis.	Janet did lift those good thesis.	-83.0	-83.0	-10.375	-10.375	False	False	morphology	determiner_noun_agreement	Write a natural, coherent English sentence.
660	7	Katherine was cleaning this orange tooth.	Katherine was cleaning these orange tooth.	-83.0	-83.0	-10.375	-10.375	False	False	morphology	determiner_noun_agreement	Write a natural, coherent English sentence.
661	7	A lot of tomatoes can't confuse these ill alumni.	A lot of tomatoes can't confuse this ill alumni.	-166.0	-166.0	-10.375	-10.375	False	False	morphology	determiner_noun_agreement	Write a natural, coherent English sentence.
662	7	Rose goes to those out in the open oases.	Rose goes to that out in the open oases.	-114.0	-114.0	-10.375	-10.375	False	False	morphology	determiner_noun_agreement	Write a natural, coherent English sentence.
663	7	These governments criticize those gray oases.	These governments criticize that gray oases.	-93.5	-93.5	-10.375	-10.375	False	False	morphology	determiner_noun_agreement	Write a natural, coherent English sentence.
664	7	Kevin forgot those delighted men.	Kevin forgot that delighted men.	-62.25	-62.25	-10.375	-10.375	False	False	morphology	determiner_noun_agreement	Write a natural, coherent English sentence.
665	7	Most companies describe that long analysis.	Most companies describe those long analysis.	-72.5	-72.5	-10.375	-10.375	False	False	morphology	determiner_noun_agreement	Write a natural, coherent English sentence.
666	7	Vincent was skated around this small oasis.	Vincent was skated around these small oasis.	-104.0	-104.0	-10.375	-10.375	False	False	morphology	determiner_noun_agreement	Write a natural, coherent English sentence.
667	7	Many guys arrive at these out in the open oases.	Many guys arrive at this out in the open oases.	-124.5	-124.5	-10.375	-10.375	False	False	morphology	determiner_noun_agreement	Write a natural, coherent English sentence.
668	7	Gregory hadn't revealed these lost fungi.	Gregory hadn't revealed this lost fungi.	-104.0	-104.0	-10.375	-10.375	False	False	morphology	determiner_noun_agreement	Write a natural, coherent English sentence.
669	7	The cake stuns this standing man.	The cake stuns these standing man.	-83.0	-83.0	-10.375	-10.375	False	False	morphology	determiner_noun_agreement	Write a natural, coherent English sentence.
670	7	Cheryl isn't irritating that clever man.	Cheryl isn't irritating those clever man.	-114.0	-114.0	-10.375	-10.375	False	False	morphology	determiner_noun_agreement	Write a natural, coherent English sentence.
671	7	Some cat bores those old children.	Some cat bores that old children.	-83.0	-83.0	-10.375	-10.375	False	False	morphology	determiner_noun_agreement	Write a natural, coherent English sentence.
672	7	The actress knows that delighted child.	The actress knows those delighted child.	-72.5	-72.5	-10.375	-10.375	False	False	morphology	determiner_noun_agreement	Write a natural, coherent English sentence.
673	7	That actress had driven to these hidden oases.	That actress had driven to this hidden oases.	-104.0	-104.0	-10.375	-10.375	False	False	morphology	determiner_noun_agreement	Write a natural, coherent English sentence.
674	7	The Lutherans arrive at this cheap oasis.	The Lutherans arrive at these cheap oasis.	-103.5	-103.5	-10.375	-10.375	False	False	morphology	determiner_noun_agreement	Write a natural, coherent English sentence.
675	7	Diane was kissing those lost women.	Diane was kissing that lost women.	-93.5	-93.5	-10.375	-10.375	False	False	morphology	determiner_noun_agreement	Write a natural, coherent English sentence.
676	7	Larry disturbs this employed woman.	Larry disturbs these employed woman.	-83.0	-83.0	-10.375	-10.375	False	False	morphology	determiner_noun_agreement	Write a natural, coherent English sentence.
677	7	Pies shock this upset woman.	Pies shock these upset woman.	-72.5	-72.5	-10.375	-10.375	False	False	morphology	determiner_noun_agreement	Write a natural, coherent English sentence.
678	7	Some waiters hug this content alumnus.	Some waiters hug these content alumnus.	-103.5	-103.5	-10.375	-10.375	False	False	morphology	determiner_noun_agreement	Write a natural, coherent English sentence.
679	7	Anna talked to those unsure men.	Anna talked to that unsure men.	-83.0	-83.0	-10.375	-10.375	False	False	morphology	determiner_noun_agreement	Write a natural, coherent English sentence.
680	7	This school bores this determined man.	This school bores these determined man.	-83.0	-83.0	-10.375	-10.375	False	False	morphology	determiner_noun_agreement	Write a natural, coherent English sentence.
681	7	Omar had thought about these unemployed men.	Omar had thought about this unemployed men.	-103.5	-103.5	-10.375	-10.375	False	False	morphology	determiner_noun_agreement	Write a natural, coherent English sentence.
682	7	Winston Churchill cleaned these big nuclei.	Winston Churchill cleaned this big nuclei.	-103.5	-103.5	-10.375	-10.375	False	False	morphology	determiner_noun_agreement	Write a natural, coherent English sentence.
683	7	These organizations aren't concealing that exposed child.	These organizations aren't concealing those exposed child.	-114.0	-114.0	-10.375	-10.375	False	False	morphology	determiner_noun_agreement	Write a natural, coherent English sentence.
684	7	Erin bought this concealed axis.	Erin bought these concealed axis.	-83.0	-83.0	-10.375	-10.375	False	False	morphology	determiner_noun_agreement	Write a natural, coherent English sentence.
685	7	Dan examines this long analysis.	Dan examines these long analysis.	-72.5	-72.5	-10.375	-10.375	False	False	morphology	determiner_noun_agreement	Write a natural, coherent English sentence.
686	7	These drivers concealed these gray oxen.	These drivers concealed this gray oxen.	-93.5	-93.0	-10.375	-10.375	False	False	morphology	determiner_noun_agreement	Write a natural, coherent English sentence.
687	7	All children impresses this happy man.	All children impresses these happy man.	-83.0	-83.0	-10.375	-10.375	False	False	morphology	determiner_noun_agreement	Write a natural, coherent English sentence.
688	7	People will conceal that concealed man.	People will conceal those concealed man.	-93.5	-93.5	-10.375	-10.375	False	False	morphology	determiner_noun_agreement	Write a natural, coherent English sentence.
689	7	Some patient returns to this old man.	Some patient returns to these old man.	-83.0	-83.0	-10.375	-10.375	False	False	morphology	determiner_noun_agreement	Write a natural, coherent English sentence.
690	7	Many actresses discovered those big oases.	Many actresses discovered that big oases.	-93.5	-93.5	-10.375	-10.375	False	False	morphology	determiner_noun_agreement	Write a natural, coherent English sentence.
691	7	The school talks about those young alumni.	The school talks about that young alumni.	-103.5	-103.5	-10.375	-10.375	False	False	morphology	determiner_noun_agreement	Write a natural, coherent English sentence.
692	7	Omar admired these blue fungi.	Omar admired this blue fungi.	-93.5	-93.5	-10.375	-10.375	False	False	morphology	determiner_noun_agreement	Write a natural, coherent English sentence.
693	7	Some school can't hate these good people.	Some school can't hate this good people.	-103.5	-103.5	-10.375	-10.375	False	False	morphology	determiner_noun_agreement	Write a natural, coherent English sentence.
694	7	A lot of eggplants wouldn't disturb that determined woman.	A lot of eggplants wouldn't disturb those determined woman.	-145.0	-145.0	-10.375	-10.375	False	False	morphology	determiner_noun_agreement	Write a natural, coherent English sentence.
695	7	That cake could annoy these uncertain men.	That cake could annoy this uncertain men.	-83.0	-83.0	-10.375	-10.375	False	False	morphology	determiner_noun_agreement	Write a natural, coherent English sentence.
696	7	Lamps are worrying these hopeful alumni.	Lamps are worrying this hopeful alumni.	-114.0	-114.0	-10.375	-10.375	False	False	morphology	determiner_noun_agreement	Write a natural, coherent English sentence.
697	7	A lot of eggplants bore these excited alumni.	A lot of eggplants bore this excited alumni.	-135.0	-135.0	-10.375	-10.375	False	False	morphology	determiner_noun_agreement	Write a natural, coherent English sentence.
698	7	A lot of teachers arrived at these old oases.	A lot of teachers arrived at this old oases.	-114.0	-114.0	-10.375	-10.375	False	False	morphology	determiner_noun_agreement	Write a natural, coherent English sentence.
699	7	Most sweaters hurt those happy people.	Most sweaters hurt that happy people.	-83.0	-83.0	-10.375	-10.375	False	False	morphology	determiner_noun_agreement	Write a natural, coherent English sentence.
700	7	Tara scans those good analyses.	Tara scans that good analyses.	-93.5	-93.5	-10.375	-10.375	False	False	morphology	determiner_noun_agreement	Write a natural, coherent English sentence.
701	7	The man doesn't reference this out in the open woman.	The man doesn't reference these out in the open woman.	-135.0	-135.0	-10.375	-10.375	False	False	morphology	determiner_noun_agreement	Write a natural, coherent English sentence.
702	7	This cashier is leaving this employed person.	This cashier is leaving these employed person.	-93.5	-93.5	-10.375	-10.375	False	False	morphology	determiner_noun_agreement	Write a natural, coherent English sentence.
703	7	Bananas bother these clever alumni.	Bananas bother this clever alumni.	-93.5	-93.5	-10.375	-10.375	False	False	morphology	determiner_noun_agreement	Write a natural, coherent English sentence.
704	7	Some convertibles had worried those fast men.	Some convertibles had worried that fast men.	-93.5	-93.5	-10.375	-10.375	False	False	morphology	determiner_noun_agreement	Write a natural, coherent English sentence.
705	7	Carl bored those nice women.	Carl bored that nice women.	-62.25	-62.25	-10.375	-10.375	False	False	morphology	determiner_noun_agreement	Write a natural, coherent English sentence.
706	7	These teachers explore these old oases.	These teachers explore this old oases.	-83.0	-83.0	-10.375	-10.375	False	False	morphology	determiner_noun_agreement	Write a natural, coherent English sentence.
707	7	Many waiters work with this scared child.	Many waiters work with these scared child.	-93.5	-93.5	-10.375	-10.375	False	False	morphology	determiner_noun_agreement	Write a natural, coherent English sentence.
708	7	Committees admire that smart child.	Committees admire those smart child.	-93.5	-93.5	-10.375	-10.375	False	False	morphology	determiner_noun_agreement	Write a natural, coherent English sentence.
709	7	Matt approaches this exposed child.	Matt approaches these exposed child.	-62.25	-62.25	-10.375	-10.375	False	False	morphology	determiner_noun_agreement	Write a natural, coherent English sentence.
710	7	Brian talks to this lucky man.	Brian talks to these lucky man.	-72.5	-72.5	-10.375	-10.375	False	False	morphology	determiner_noun_agreement	Write a natural, coherent English sentence.
711	7	A boy isn't talking about that red oasis.	A boy isn't talking about those red oasis.	-124.5	-124.5	-10.375	-10.375	False	False	morphology	determiner_noun_agreement	Write a natural, coherent English sentence.
712	7	Phillip bought those black feet.	Phillip bought that black feet.	-72.5	-72.5	-10.375	-10.375	False	False	morphology	determiner_noun_agreement	Write a natural, coherent English sentence.
713	7	Eric isn't buying those brown geese.	Eric isn't buying that brown geese.	-104.0	-104.0	-10.375	-10.375	False	False	morphology	determiner_noun_agreement	Write a natural, coherent English sentence.
714	7	Elaine remembers this delighted woman.	Elaine remembers these delighted woman.	-83.0	-83.0	-10.375	-10.375	False	False	morphology	determiner_noun_agreement	Write a natural, coherent English sentence.
715	7	This pedestrian arrives at that smooth oasis.	This pedestrian arrives at those smooth oasis.	-103.5	-103.5	-10.375	-10.375	False	False	morphology	determiner_noun_agreement	Write a natural, coherent English sentence.
716	7	Those men forget these smart men.	Those men forget this smart men.	-72.5	-72.5	-10.375	-10.375	False	False	morphology	determiner_noun_agreement	Write a natural, coherent English sentence.
717	7	Tara might alarm this unsure person.	Tara might alarm these unsure person.	-93.5	-93.5	-10.375	-10.375	False	False	morphology	determiner_noun_agreement	Write a natural, coherent English sentence.
718	7	Vanessa was healing those purple geese.	Vanessa was healing that purple geese.	-93.5	-93.5	-10.375	-10.375	False	False	morphology	determiner_noun_agreement	Write a natural, coherent English sentence.
719	7	Steven hasn't questioned those troubled people.	Steven hasn't questioned that troubled people.	-103.5	-104.0	-10.375	-10.375	True	False	morphology	determiner_noun_agreement	Write a natural, coherent English sentence.
720	7	Thomas hides this clever woman.	Thomas hides these clever woman.	-72.5	-72.5	-10.375	-10.375	False	False	morphology	determiner_noun_agreement	Write a natural, coherent English sentence.
721	7	Most eyes confuse these content alumni.	Most eyes confuse this content alumni.	-104.0	-104.0	-10.375	-10.375	False	False	morphology	determiner_noun_agreement	Write a natural, coherent English sentence.
722	7	That dog aggravates this busy child.	That dog aggravates these busy child.	-93.5	-93.5	-10.375	-10.375	False	False	morphology	determiner_noun_agreement	Write a natural, coherent English sentence.
723	7	Karen has attacked this popular child.	Karen has attacked these popular child.	-72.5	-72.5	-10.375	-10.375	False	False	morphology	determiner_noun_agreement	Write a natural, coherent English sentence.
724	7	Heidi might confuse those displeased men.	Heidi might confuse that displeased men.	-114.0	-114.0	-10.375	-10.375	False	False	morphology	determiner_noun_agreement	Write a natural, coherent English sentence.
725	7	Maria kisses this bad person.	Maria kisses these bad person.	-72.5	-72.5	-10.375	-10.375	False	False	morphology	determiner_noun_agreement	Write a natural, coherent English sentence.
726	7	Tanya passes this purple oasis.	Tanya passes these purple oasis.	-83.0	-83.0	-10.375	-10.375	False	False	morphology	determiner_noun_agreement	Write a natural, coherent English sentence.
727	7	Marla has respected those delighted alumni.	Marla has respected that delighted alumni.	-104.0	-104.0	-10.375	-10.375	False	False	morphology	determiner_noun_agreement	Write a natural, coherent English sentence.
728	7	Paula is investigating this employed alumnus.	Paula is investigating these employed alumnus.	-114.0	-114.0	-10.375	-10.375	False	False	morphology	determiner_noun_agreement	Write a natural, coherent English sentence.
729	7	Most chairs aren't disgusting those serious women.	Most chairs aren't disgusting that serious women.	-114.0	-114.0	-10.375	-10.375	False	False	morphology	determiner_noun_agreement	Write a natural, coherent English sentence.
730	7	Men hadn't run around this purple oasis.	Men hadn't run around these purple oasis.	-114.0	-114.0	-10.375	-10.375	False	False	morphology	determiner_noun_agreement	Write a natural, coherent English sentence.
731	7	Tina hadn't arrived at those green oases.	Tina hadn't arrived at that green oases.	-124.5	-124.5	-10.375	-10.375	False	False	morphology	determiner_noun_agreement	Write a natural, coherent English sentence.
732	7	Karla knew this busy alumnus.	Karla knew these busy alumnus.	-93.5	-93.5	-10.375	-10.375	False	False	morphology	determiner_noun_agreement	Write a natural, coherent English sentence.
733	7	The actors care for these exposed people.	The actors care for this exposed people.	-83.0	-83.0	-10.375	-10.375	False	False	morphology	determiner_noun_agreement	Write a natural, coherent English sentence.
734	7	Michelle might alarm this employed man.	Michelle might alarm these employed man.	-72.5	-72.5	-10.375	-10.375	False	False	morphology	determiner_noun_agreement	Write a natural, coherent English sentence.
735	7	Maria hasn't walked through these hard oases.	Maria hasn't walked through this hard oases.	-114.0	-114.0	-10.375	-10.375	False	False	morphology	determiner_noun_agreement	Write a natural, coherent English sentence.
736	7	That report might disagree with those delighted men.	That report might disagree with that delighted men.	-93.5	-93.5	-10.375	-10.375	False	False	morphology	determiner_noun_agreement	Write a natural, coherent English sentence.
737	7	Actresses discuss this popular person.	Actresses discuss these popular person.	-83.0	-83.0	-10.375	-10.375	False	False	morphology	determiner_noun_agreement	Write a natural, coherent English sentence.
738	7	Holly won't watch these unlucky men.	Holly won't watch this unlucky men.	-114.0	-114.0	-10.375	-10.375	False	False	morphology	determiner_noun_agreement	Write a natural, coherent English sentence.
739	7	Carl was driving to those blue oases.	Carl was driving to that blue oases.	-93.5	-93.5	-10.375	-10.375	False	False	morphology	determiner_noun_agreement	Write a natural, coherent English sentence.
740	7	Bill passes that rough oasis.	Bill passes those rough oasis.	-72.5	-72.5	-10.375	-10.375	False	False	morphology	determiner_noun_agreement	Write a natural, coherent English sentence.
741	7	All men praise this good thesis.	All men praise these good thesis.	-72.5	-72.5	-10.375	-10.375	False	False	morphology	determiner_noun_agreement	Write a natural, coherent English sentence.
742	7	Many doctors should escape from these hopeful women.	Many doctors should escape from this hopeful women.	-103.5	-103.5	-10.375	-10.375	False	False	morphology	determiner_noun_agreement	Write a natural, coherent English sentence.
743	7	Many girls find these nice men.	Many girls find this nice men.	-72.5	-72.5	-10.375	-10.375	False	False	morphology	determiner_noun_agreement	Write a natural, coherent English sentence.
744	7	Every museum helps those concealed children.	Every museum helps that concealed children.	-83.0	-83.0	-10.375	-10.375	False	False	morphology	determiner_noun_agreement	Write a natural, coherent English sentence.
745	7	Marla was distracting these determined people.	Marla was distracting this determined people.	-93.5	-93.5	-10.375	-10.375	False	False	morphology	determiner_noun_agreement	Write a natural, coherent English sentence.
746	7	Those computers might confuse this nice child.	Those computers might confuse these nice child.	-93.5	-93.5	-10.375	-10.375	False	False	morphology	determiner_noun_agreement	Write a natural, coherent English sentence.
747	7	Tanya hasn't loved that content woman.	Tanya hasn't loved those content woman.	-104.0	-104.0	-10.375	-10.375	False	False	morphology	determiner_noun_agreement	Write a natural, coherent English sentence.
748	7	Theresa won't conceal those lost lice.	Theresa won't conceal that lost lice.	-124.5	-124.5	-10.375	-10.375	False	False	morphology	determiner_noun_agreement	Write a natural, coherent English sentence.
749	7	The Borgias do cure these out in the open octopi.	The Borgias do cure this out in the open octopi.	-156.0	-156.0	-10.375	-10.375	False	False	morphology	determiner_noun_agreement	Write a natural, coherent English sentence.
750	7	Kenneth messed up those lost teeth.	Kenneth messed up that lost teeth.	-93.5	-93.5	-10.375	-10.375	False	False	morphology	determiner_noun_agreement	Write a natural, coherent English sentence.
751	7	Jodi doesn't alarm these unsure people.	Jodi doesn't alarm this unsure people.	-114.0	-114.0	-10.375	-10.375	False	False	morphology	determiner_noun_agreement	Write a natural, coherent English sentence.
752	7	This customer scans those good analyses.	This customer scans that good analyses.	-93.5	-93.5	-10.375	-10.375	False	False	morphology	determiner_noun_agreement	Write a natural, coherent English sentence.
753	7	Vincent can't watch this hopeful alumnus.	Vincent can't watch these hopeful alumnus.	-124.5	-124.5	-10.375	-10.375	False	False	morphology	determiner_noun_agreement	Write a natural, coherent English sentence.
754	7	Jodi talked to this unconvinced child.	Jodi talked to these unconvinced child.	-114.0	-114.0	-10.375	-10.375	False	False	morphology	determiner_noun_agreement	Write a natural, coherent English sentence.
755	7	Katherine exited these exposed oases.	Katherine exited this exposed oases.	-93.5	-93.5	-10.375	-10.375	False	False	morphology	determiner_noun_agreement	Write a natural, coherent English sentence.
756	7	Beverly hasn't brought these rough fungi.	Beverly hasn't brought this rough fungi.	-114.0	-114.0	-10.375	-10.375	False	False	morphology	determiner_noun_agreement	Write a natural, coherent English sentence.
757	7	That unicycle is boring those standing children.	That unicycle is boring that standing children.	-104.0	-104.0	-10.375	-10.375	False	False	morphology	determiner_noun_agreement	Write a natural, coherent English sentence.
758	7	That boy can't escape from those unsure children.	That boy can't escape from that unsure children.	-124.5	-124.5	-10.375	-10.375	False	False	morphology	determiner_noun_agreement	Write a natural, coherent English sentence.
759	7	An adult bought these black axes.	An adult bought this black axes.	-83.0	-83.0	-10.375	-10.375	False	False	morphology	determiner_noun_agreement	Write a natural, coherent English sentence.
760	7	Sara isn't kissing this nice woman.	Sara isn't kissing these nice woman.	-103.5	-103.5	-10.375	-10.375	False	False	morphology	determiner_noun_agreement	Write a natural, coherent English sentence.
761	7	Robert couldn't embarrass those scared people.	Robert couldn't embarrass that scared people.	-93.5	-93.5	-10.375	-10.375	False	False	morphology	determiner_noun_agreement	Write a natural, coherent English sentence.
762	7	Deborah had fled from that important woman.	Deborah had fled from those important woman.	-103.5	-103.5	-10.375	-10.375	False	False	morphology	determiner_noun_agreement	Write a natural, coherent English sentence.
763	7	Brenda discussed that serious woman.	Brenda discussed those serious woman.	-72.5	-72.5	-10.375	-10.375	False	False	morphology	determiner_noun_agreement	Write a natural, coherent English sentence.
764	7	Some women questioned that big woman.	Some women questioned those big woman.	-72.5	-72.5	-10.375	-10.375	False	False	morphology	determiner_noun_agreement	Write a natural, coherent English sentence.
765	7	Rodney didn't kiss those displeased women.	Rodney didn't kiss that displeased women.	-124.5	-124.5	-10.375	-10.375	False	False	morphology	determiner_noun_agreement	Write a natural, coherent English sentence.
766	7	Carrie can help those lost alumni.	Carrie can help that lost alumni.	-103.5	-103.5	-10.375	-10.375	False	False	morphology	determiner_noun_agreement	Write a natural, coherent English sentence.
767	7	Many guests approach this lucky man.	Many guests approach these lucky man.	-72.5	-72.5	-10.375	-10.375	False	False	morphology	determiner_noun_agreement	Write a natural, coherent English sentence.
768	7	Some student messes up that hard foot.	Some student messes up those hard foot.	-93.0	-93.0	-10.375	-10.375	False	False	morphology	determiner_noun_agreement	Write a natural, coherent English sentence.
769	7	Some men had skated around these hard oases.	Some men had skated around this hard oases.	-114.0	-114.0	-10.375	-10.375	False	False	morphology	determiner_noun_agreement	Write a natural, coherent English sentence.
770	7	Some light would annoy those happy alumni.	Some light would annoy that happy alumni.	-104.0	-104.0	-10.375	-10.375	False	False	morphology	determiner_noun_agreement	Write a natural, coherent English sentence.
771	7	Many casseroles shock these unconvinced men.	Many casseroles shock this unconvinced men.	-124.5	-124.5	-10.375	-10.375	False	False	morphology	determiner_noun_agreement	Write a natural, coherent English sentence.
772	7	Carl talks about those confident children.	Carl talks about that confident children.	-72.5	-72.5	-10.375	-10.375	False	False	morphology	determiner_noun_agreement	Write a natural, coherent English sentence.
773	7	Timothy was dropping by those new oases.	Timothy was dropping by that new oases.	-103.5	-103.5	-10.375	-10.375	False	False	morphology	determiner_noun_agreement	Write a natural, coherent English sentence.
774	7	Lori has approached these scared people.	Lori has approached this scared people.	-83.0	-83.0	-10.375	-10.375	False	False	morphology	determiner_noun_agreement	Write a natural, coherent English sentence.
775	7	Jodi wouldn't mess up those orange feet.	Jodi wouldn't mess up that orange feet.	-114.0	-114.0	-10.375	-10.375	False	False	morphology	determiner_noun_agreement	Write a natural, coherent English sentence.
776	7	This newspaper article will embarrass this determined child.	This newspaper article will embarrass these determined child.	-93.5	-93.5	-10.375	-10.375	False	False	morphology	determiner_noun_agreement	Write a natural, coherent English sentence.
777	7	A lot of guys conceal this long analysis.	A lot of guys conceal these long analysis.	-103.5	-103.5	-10.375	-10.375	False	False	morphology	determiner_noun_agreement	Write a natural, coherent English sentence.
778	7	Lawrence fired that serious woman.	Lawrence fired those serious woman.	-62.25	-62.25	-10.375	-10.375	False	False	morphology	determiner_noun_agreement	Write a natural, coherent English sentence.
779	7	This story didn't bore this serious man.	This story didn't bore these serious man.	-104.0	-104.0	-10.375	-10.375	False	False	morphology	determiner_noun_agreement	Write a natural, coherent English sentence.
780	7	Mary can't remember that clever person.	Mary can't remember those clever person.	-93.5	-93.5	-10.375	-10.375	False	False	morphology	determiner_noun_agreement	Write a natural, coherent English sentence.
781	7	Marie could listen to that big woman.	Marie could listen to those big woman.	-83.0	-83.0	-10.375	-10.375	False	False	morphology	determiner_noun_agreement	Write a natural, coherent English sentence.
782	7	Clyde had those exposed axes.	Clyde had that exposed axes.	-93.5	-93.5	-10.375	-10.375	False	False	morphology	determiner_noun_agreement	Write a natural, coherent English sentence.
783	7	Victoria has left these delighted men.	Victoria has left this delighted men.	-72.5	-72.5	-10.375	-10.375	False	False	morphology	determiner_noun_agreement	Write a natural, coherent English sentence.
784	7	The Impressionists disagree with those bad analyses.	The Impressionists disagree with that bad analyses.	-114.0	-114.0	-10.375	-10.375	False	False	morphology	determiner_noun_agreement	Write a natural, coherent English sentence.
785	7	Amy took that hidden fungus.	Amy took those hidden fungus.	-83.0	-83.0	-10.375	-10.375	False	False	morphology	determiner_noun_agreement	Write a natural, coherent English sentence.
786	7	Rose was fixing this hard foot.	Rose was fixing these hard foot.	-72.5	-72.5	-10.375	-10.375	False	False	morphology	determiner_noun_agreement	Write a natural, coherent English sentence.
787	7	Most dishes weren't astounding these scared men.	Most dishes weren't astounding this scared men.	-124.5	-124.5	-10.375	-10.375	False	False	morphology	determiner_noun_agreement	Write a natural, coherent English sentence.
788	7	The doctor sees those smooth cacti.	The doctor sees that smooth cacti.	-93.5	-93.5	-10.375	-10.375	False	False	morphology	determiner_noun_agreement	Write a natural, coherent English sentence.
789	7	Rodney hadn't cured these white octopi.	Rodney hadn't cured this white octopi.	-135.0	-135.0	-10.375	-10.375	False	False	morphology	determiner_noun_agreement	Write a natural, coherent English sentence.
790	7	This museum hadn't disgusted these troubled men.	This museum hadn't disgusted this troubled men.	-124.5	-124.5	-10.375	-10.375	False	False	morphology	determiner_noun_agreement	Write a natural, coherent English sentence.
791	7	Patrick complained about those scared men.	Patrick complained about that scared men.	-72.5	-72.5	-10.375	-10.375	False	False	morphology	determiner_noun_agreement	Write a natural, coherent English sentence.
792	7	Jacqueline should stun these determined alumni.	Jacqueline should stun this determined alumni.	-124.5	-124.5	-10.375	-10.375	False	False	morphology	determiner_noun_agreement	Write a natural, coherent English sentence.
793	7	All apples worry this serious man.	All apples worry these serious man.	-83.0	-83.0	-10.375	-10.375	False	False	morphology	determiner_noun_agreement	Write a natural, coherent English sentence.
794	7	The drawing isn't scaring that old child.	The drawing isn't scaring those old child.	-114.0	-114.0	-10.375	-10.375	False	False	morphology	determiner_noun_agreement	Write a natural, coherent English sentence.
795	7	Veronica questioned this uncertain woman.	Veronica questioned these uncertain woman.	-83.0	-83.0	-10.375	-10.375	False	False	morphology	determiner_noun_agreement	Write a natural, coherent English sentence.
796	7	Vanessa hadn't known this determined alumnus.	Vanessa hadn't known these determined alumnus.	-124.5	-124.5	-10.375	-10.375	False	False	morphology	determiner_noun_agreement	Write a natural, coherent English sentence.
797	7	Cynthia hadn't kissed this unemployed man.	Cynthia hadn't kissed these unemployed man.	-135.0	-135.0	-10.375	-10.375	False	False	morphology	determiner_noun_agreement	Write a natural, coherent English sentence.
798	7	These companies irritate that exposed woman.	These companies irritate those exposed woman.	-83.0	-83.0	-10.375	-10.375	False	False	morphology	determiner_noun_agreement	Write a natural, coherent English sentence.
799	7	This dancer wasn't biking to this orange oasis.	This dancer wasn't biking to these orange oasis.	-145.0	-145.0	-10.375	-10.375	False	False	morphology	determiner_noun_agreement	Write a natural, coherent English sentence.
800	7	Those legislatures could disturb this upset alumnus.	Those legislatures could disturb these upset alumnus.	-114.0	-114.0	-10.375	-10.375	False	False	morphology	determiner_noun_agreement	Write a natural, coherent English sentence.
801	7	Some adult hasn't hidden these ill men.	Some adult hasn't hidden this ill men.	-104.0	-104.0	-10.375	-10.375	False	False	morphology	determiner_noun_agreement	Write a natural, coherent English sentence.
802	7	A cashier should insult these hidden children.	A cashier should insult this hidden children.	-93.5	-93.5	-10.375	-10.375	False	False	morphology	determiner_noun_agreement	Write a natural, coherent English sentence.
803	7	Danielle could annoy that confident man.	Danielle could annoy those confident man.	-83.0	-83.0	-10.375	-10.375	False	False	morphology	determiner_noun_agreement	Write a natural, coherent English sentence.
804	7	These teachers lift this exposed goose.	These teachers lift these exposed goose.	-83.0	-83.0	-10.375	-10.375	False	False	morphology	determiner_noun_agreement	Write a natural, coherent English sentence.
805	7	Christina drove to that exposed oasis.	Christina drove to those exposed oasis.	-93.5	-93.5	-10.375	-10.375	False	False	morphology	determiner_noun_agreement	Write a natural, coherent English sentence.
806	7	Jesus hadn't sounded like these hidden people.	Jesus hadn't sounded like this hidden people.	-103.5	-103.5	-10.375	-10.375	False	False	morphology	determiner_noun_agreement	Write a natural, coherent English sentence.
807	7	Many mushrooms irritate that upset man.	Many mushrooms irritate those upset man.	-93.5	-93.5	-10.375	-10.375	False	False	morphology	determiner_noun_agreement	Write a natural, coherent English sentence.
808	7	Some committee bought those white lice.	Some committee bought that white lice.	-83.0	-83.0	-10.375	-10.375	False	False	morphology	determiner_noun_agreement	Write a natural, coherent English sentence.
809	7	Daniel hasn't known this determined man.	Daniel hasn't known these determined man.	-93.5	-93.5	-10.375	-10.375	False	False	morphology	determiner_noun_agreement	Write a natural, coherent English sentence.
810	7	Art hadn't scared these serious alumni.	Art hadn't scared this serious alumni.	-114.0	-114.0	-10.375	-10.375	False	False	morphology	determiner_noun_agreement	Write a natural, coherent English sentence.
811	7	Alice fires this unconvinced child.	Alice fires these unconvinced child.	-93.5	-93.5	-10.375	-10.375	False	False	morphology	determiner_noun_agreement	Write a natural, coherent English sentence.
812	7	Melanie hid that exposed tooth.	Melanie hid those exposed tooth.	-72.5	-72.5	-10.375	-10.375	False	False	morphology	determiner_noun_agreement	Write a natural, coherent English sentence.
813	7	Most hamsters find that red tooth.	Most hamsters find those red tooth.	-83.0	-83.0	-10.375	-10.375	False	False	morphology	determiner_noun_agreement	Write a natural, coherent English sentence.
814	7	Those children explore those small oases.	Those children explore that small oases.	-83.0	-83.0	-10.375	-10.375	False	False	morphology	determiner_noun_agreement	Write a natural, coherent English sentence.
815	7	Most museums listen to this troubled man.	Most museums listen to these troubled man.	-103.5	-103.5	-10.375	-10.375	False	False	morphology	determiner_noun_agreement	Write a natural, coherent English sentence.
816	7	Patrick embarrassed this unemployed person.	Patrick embarrassed these unemployed person.	-72.5	-72.5	-10.375	-10.375	False	False	morphology	determiner_noun_agreement	Write a natural, coherent English sentence.
817	7	A lot of icicles had alarmed that hidden woman.	A lot of icicles had alarmed those hidden woman.	-124.5	-124.5	-10.375	-10.375	False	False	morphology	determiner_noun_agreement	Write a natural, coherent English sentence.
818	7	Matt hadn't impressed this exposed child.	Matt hadn't impressed these exposed child.	-93.5	-93.5	-10.375	-10.375	False	False	morphology	determiner_noun_agreement	Write a natural, coherent English sentence.
819	7	Eric might see those new feet.	Eric might see that new feet.	-72.5	-72.5	-10.375	-10.375	False	False	morphology	determiner_noun_agreement	Write a natural, coherent English sentence.
820	7	Some turtle can confuse this old alumnus.	Some turtle can confuse these old alumnus.	-135.0	-135.0	-10.375	-10.375	False	False	morphology	determiner_noun_agreement	Write a natural, coherent English sentence.
821	7	Most guests explore these smooth oases.	Most guests explore this smooth oases.	-83.0	-83.0	-10.375	-10.375	False	False	morphology	determiner_noun_agreement	Write a natural, coherent English sentence.
822	7	Brian has praised that happy alumnus.	Brian has praised those happy alumnus.	-93.5	-93.5	-10.375	-10.375	False	False	morphology	determiner_noun_agreement	Write a natural, coherent English sentence.
823	7	Karen sees these ill lice.	Karen sees this ill lice.	-72.5	-72.5	-10.375	-10.375	False	False	morphology	determiner_noun_agreement	Write a natural, coherent English sentence.
824	7	Alicia doesn't observe this confident alumnus.	Alicia doesn't observe these confident alumnus.	-135.0	-135.0	-10.375	-10.375	False	False	morphology	determiner_noun_agreement	Write a natural, coherent English sentence.
825	7	That horse does find this lost octopus.	That horse does find these lost octopus.	-104.0	-104.0	-10.375	-10.375	False	False	morphology	determiner_noun_agreement	Write a natural, coherent English sentence.
826	7	Those customers haven't annoyed those delighted children.	Those customers haven't annoyed that delighted children.	-114.0	-114.0	-10.375	-10.375	False	False	morphology	determiner_noun_agreement	Write a natural, coherent English sentence.
827	7	The Great Lakes confused these hidden women.	The Great Lakes confused this hidden women.	-93.5	-93.5	-10.375	-10.375	False	False	morphology	determiner_noun_agreement	Write a natural, coherent English sentence.
828	7	Russell watches these unsure women.	Russell watches this unsure women.	-72.5	-72.5	-10.375	-10.375	False	False	morphology	determiner_noun_agreement	Write a natural, coherent English sentence.
829	7	Jacqueline has concealed these long synopses.	Jacqueline has concealed this long synopses.	-124.5	-124.5	-10.375	-10.375	False	False	morphology	determiner_noun_agreement	Write a natural, coherent English sentence.
830	7	Carrie isn't hiring this small woman.	Carrie isn't hiring these small woman.	-103.5	-103.5	-10.375	-10.375	False	False	morphology	determiner_noun_agreement	Write a natural, coherent English sentence.
831	7	Charles doesn't admire these big mice.	Charles doesn't admire this big mice.	-114.0	-114.0	-10.375	-10.375	False	False	morphology	determiner_noun_agreement	Write a natural, coherent English sentence.
832	7	The Impressionists might think about that white thesis.	The Impressionists might think about those white thesis.	-114.0	-114.0	-10.375	-10.375	False	False	morphology	determiner_noun_agreement	Write a natural, coherent English sentence.
833	7	Most men question those bad people.	Most men question that bad people.	-72.5	-72.5	-10.375	-10.375	False	False	morphology	determiner_noun_agreement	Write a natural, coherent English sentence.
834	7	Lissa hasn't left this upset woman.	Lissa hasn't left these upset woman.	-104.0	-104.0	-10.375	-10.375	False	False	morphology	determiner_noun_agreement	Write a natural, coherent English sentence.
835	7	Janice won't fire that determined child.	Janice won't fire those determined child.	-104.0	-104.0	-10.375	-10.375	False	False	morphology	determiner_noun_agreement	Write a natural, coherent English sentence.
836	7	This company criticized this lucky man.	This company criticized these lucky man.	-83.0	-83.0	-10.375	-10.375	False	False	morphology	determiner_noun_agreement	Write a natural, coherent English sentence.
837	7	The banks hurt that excited woman.	The banks hurt those excited woman.	-72.5	-72.5	-10.375	-10.375	False	False	morphology	determiner_noun_agreement	Write a natural, coherent English sentence.
838	7	Peter wasn't walking through those red oases.	Peter wasn't walking through that red oases.	-114.0	-114.0	-10.375	-10.375	False	False	morphology	determiner_noun_agreement	Write a natural, coherent English sentence.
839	7	Rebecca wasn't referencing this long synopsis.	Rebecca wasn't referencing these long synopsis.	-114.0	-114.0	-10.375	-10.375	False	False	morphology	determiner_noun_agreement	Write a natural, coherent English sentence.
840	7	Naomi notices this smooth octopus.	Naomi notices these smooth octopus.	-103.5	-103.5	-10.375	-10.375	False	False	morphology	determiner_noun_agreement	Write a natural, coherent English sentence.
841	7	Patrick conceals this hard stimulus.	Patrick conceals these hard stimulus.	-83.0	-83.0	-10.375	-10.375	False	False	morphology	determiner_noun_agreement	Write a natural, coherent English sentence.
842	7	Candice shouldn't bring those smooth feet.	Candice shouldn't bring that smooth feet.	-104.0	-104.0	-10.375	-10.375	False	False	morphology	determiner_noun_agreement	Write a natural, coherent English sentence.
843	7	All books sound like those content women.	All books sound like that content women.	-83.0	-83.0	-10.375	-10.375	False	False	morphology	determiner_noun_agreement	Write a natural, coherent English sentence.
844	7	Bethany hasn't arrived at this white oasis.	Bethany hasn't arrived at these white oasis.	-124.5	-124.5	-10.375	-10.375	False	False	morphology	determiner_noun_agreement	Write a natural, coherent English sentence.
845	7	Steve reveals these unemployed alumni.	Steve reveals this unemployed alumni.	-93.5	-93.5	-10.375	-10.375	False	False	morphology	determiner_noun_agreement	Write a natural, coherent English sentence.
846	7	Sonia was upsetting that ill woman.	Sonia was upsetting those ill woman.	-93.5	-93.5	-10.375	-10.375	False	False	morphology	determiner_noun_agreement	Write a natural, coherent English sentence.
847	7	Keith wasn't boring these delighted men.	Keith wasn't boring this delighted men.	-93.5	-93.5	-10.375	-10.375	False	False	morphology	determiner_noun_agreement	Write a natural, coherent English sentence.
848	7	The Borgias admire these hard mice.	The Borgias admire this hard mice.	-114.0	-114.0	-10.375	-10.375	False	False	morphology	determiner_noun_agreement	Write a natural, coherent English sentence.
849	7	These drivers had forgotten this good analysis.	These drivers had forgotten these good analysis.	-83.0	-83.0	-10.375	-10.375	False	False	morphology	determiner_noun_agreement	Write a natural, coherent English sentence.
850	7	Helen skates around this blue oasis.	Helen skates around these blue oasis.	-93.5	-93.0	-10.375	-10.375	False	False	morphology	determiner_noun_agreement	Write a natural, coherent English sentence.
851	7	Galileo found that smooth stimulus.	Galileo found those smooth stimulus.	-93.5	-93.5	-10.375	-10.375	False	False	morphology	determiner_noun_agreement	Write a natural, coherent English sentence.
852	7	Kimberley isn't curing these small octopi.	Kimberley isn't curing this small octopi.	-145.0	-145.0	-10.375	-10.375	False	False	morphology	determiner_noun_agreement	Write a natural, coherent English sentence.
853	7	Debra didn't conceal these popular men.	Debra didn't conceal this popular men.	-114.0	-114.0	-10.375	-10.375	False	False	morphology	determiner_noun_agreement	Write a natural, coherent English sentence.
854	7	A lot of doctors hug these scared children.	A lot of doctors hug this scared children.	-93.0	-93.0	-10.375	-10.375	False	False	morphology	determiner_noun_agreement	Write a natural, coherent English sentence.
855	7	Those pedestrians weren't fleeing from these concealed men.	Those pedestrians weren't fleeing from this concealed men.	-156.0	-156.0	-10.375	-10.375	False	False	morphology	determiner_noun_agreement	Write a natural, coherent English sentence.
856	7	Those children find that exposed thesis.	Those children find those exposed thesis.	-72.5	-72.5	-10.375	-10.375	False	False	morphology	determiner_noun_agreement	Write a natural, coherent English sentence.
857	7	Debra admires these blue octopi.	Debra admires this blue octopi.	-103.5	-103.5	-10.375	-10.375	False	False	morphology	determiner_noun_agreement	Write a natural, coherent English sentence.
858	7	Bruce wasn't approaching that clever alumnus.	Bruce wasn't approaching those clever alumnus.	-114.0	-114.0	-10.375	-10.375	False	False	morphology	determiner_noun_agreement	Write a natural, coherent English sentence.
859	7	Lawrence isn't questioning that nice woman.	Lawrence isn't questioning those nice woman.	-93.5	-93.5	-10.375	-10.375	False	False	morphology	determiner_noun_agreement	Write a natural, coherent English sentence.
860	7	Some waitresses have this big octopus.	Some waitresses have these big octopus.	-114.0	-114.0	-10.375	-10.375	False	False	morphology	determiner_noun_agreement	Write a natural, coherent English sentence.
861	7	Carolyn had embarrassed that busy alumnus.	Carolyn had embarrassed those busy alumnus.	-104.0	-104.0	-10.375	-10.375	False	False	morphology	determiner_noun_agreement	Write a natural, coherent English sentence.
862	7	Jeffrey aggravated that smart man.	Jeffrey aggravated those smart man.	-93.0	-93.0	-10.375	-10.375	False	False	morphology	determiner_noun_agreement	Write a natural, coherent English sentence.
863	7	Guy messed up this yellow foot.	Guy messed up these yellow foot.	-83.0	-83.0	-10.375	-10.375	False	False	morphology	determiner_noun_agreement	Write a natural, coherent English sentence.
864	7	Every book is embarrassing this small woman.	Every book is embarrassing these small woman.	-93.5	-93.5	-10.375	-10.375	False	False	morphology	determiner_noun_agreement	Write a natural, coherent English sentence.
865	7	These associations were talking about these scared women.	These associations were talking about this scared women.	-93.5	-93.5	-10.375	-10.375	False	False	morphology	determiner_noun_agreement	Write a natural, coherent English sentence.
866	7	Todd disturbs this upset child.	Todd disturbs these upset child.	-83.0	-83.0	-10.375	-10.375	False	False	morphology	determiner_noun_agreement	Write a natural, coherent English sentence.
867	7	That window alarms these exposed women.	That window alarms this exposed women.	-83.0	-83.0	-10.375	-10.375	False	False	morphology	determiner_noun_agreement	Write a natural, coherent English sentence.
868	7	A window upsets these upset men.	A window upsets this upset men.	-83.0	-83.0	-10.375	-10.375	False	False	morphology	determiner_noun_agreement	Write a natural, coherent English sentence.
869	7	Monet is fixing that brown foot.	Monet is fixing those brown foot.	-83.0	-83.0	-10.375	-10.375	False	False	morphology	determiner_noun_agreement	Write a natural, coherent English sentence.
870	7	Adam left these big alumni.	Adam left this big alumni.	-83.0	-83.0	-10.375	-10.375	False	False	morphology	determiner_noun_agreement	Write a natural, coherent English sentence.
871	7	Stacy can exit that big oasis.	Stacy can exit those big oasis.	-93.5	-93.5	-10.375	-10.375	False	False	morphology	determiner_noun_agreement	Write a natural, coherent English sentence.
872	7	Roger was returning to those happy alumni.	Roger was returning to that happy alumni.	-104.0	-104.0	-10.375	-10.375	False	False	morphology	determiner_noun_agreement	Write a natural, coherent English sentence.
873	7	Dana isn't investigating this ill woman.	Dana isn't investigating these ill woman.	-114.0	-114.0	-10.375	-10.375	False	False	morphology	determiner_noun_agreement	Write a natural, coherent English sentence.
874	7	Tammy has those yellow axes.	Tammy has that yellow axes.	-83.0	-83.0	-10.375	-10.375	False	False	morphology	determiner_noun_agreement	Write a natural, coherent English sentence.
875	7	Marla leaves those employed children.	Marla leaves that employed children.	-72.5	-72.5	-10.375	-10.375	False	False	morphology	determiner_noun_agreement	Write a natural, coherent English sentence.
876	7	Sarah referenced that ill child.	Sarah referenced those ill child.	-72.5	-72.5	-10.375	-10.375	False	False	morphology	determiner_noun_agreement	Write a natural, coherent English sentence.
877	7	Edward complained about this serious child.	Edward complained about these serious child.	-72.5	-72.5	-10.375	-10.375	False	False	morphology	determiner_noun_agreement	Write a natural, coherent English sentence.
878	7	Carolyn healed those bad women.	Carolyn healed that bad women.	-83.0	-83.0	-10.375	-10.375	False	False	morphology	determiner_noun_agreement	Write a natural, coherent English sentence.
879	7	The waitresses fired those upset alumni.	The waitresses fired that upset alumni.	-114.0	-114.0	-10.375	-10.375	False	False	morphology	determiner_noun_agreement	Write a natural, coherent English sentence.
880	7	Every driver dropped by that old oasis.	Every driver dropped by those old oasis.	-93.5	-93.5	-10.375	-10.375	False	False	morphology	determiner_noun_agreement	Write a natural, coherent English sentence.
881	7	William hadn't hugged these hopeful alumni.	William hadn't hugged this hopeful alumni.	-135.0	-135.0	-10.375	-10.375	False	False	morphology	determiner_noun_agreement	Write a natural, coherent English sentence.
882	7	The Lutherans had messed up those lost feet.	The Lutherans had messed up that lost feet.	-114.0	-114.0	-10.375	-10.375	False	False	morphology	determiner_noun_agreement	Write a natural, coherent English sentence.
883	7	Florence hasn't confused those standing men.	Florence hasn't confused that standing men.	-93.5	-93.5	-10.375	-10.375	False	False	morphology	determiner_noun_agreement	Write a natural, coherent English sentence.
884	7	Some convertible upset this upset woman.	Some convertible upset these upset woman.	-83.0	-83.0	-10.375	-10.375	False	False	morphology	determiner_noun_agreement	Write a natural, coherent English sentence.
885	7	Rebecca saw this hidden foot.	Rebecca saw these hidden foot.	-62.25	-62.25	-10.375	-10.375	False	False	morphology	determiner_noun_agreement	Write a natural, coherent English sentence.
886	7	Derek returned to these content men.	Derek returned to this content men.	-83.0	-83.0	-10.375	-10.375	False	False	morphology	determiner_noun_agreement	Write a natural, coherent English sentence.
887	7	Those teachers love those hidden women.	Those teachers love that hidden women.	-72.5	-72.5	-10.375	-10.375	False	False	morphology	determiner_noun_agreement	Write a natural, coherent English sentence.
888	7	Jennifer worried those ill men.	Jennifer worried that ill men.	-62.25	-62.25	-10.375	-10.375	False	False	morphology	determiner_noun_agreement	Write a natural, coherent English sentence.
889	7	A chair was stunning this big man.	A chair was stunning these big man.	-83.0	-83.0	-10.375	-10.375	False	False	morphology	determiner_noun_agreement	Write a natural, coherent English sentence.
890	7	Paintings looked like that gray thesis.	Paintings looked like those gray thesis.	-93.0	-93.0	-10.375	-10.375	False	False	morphology	determiner_noun_agreement	Write a natural, coherent English sentence.
891	7	Karla toured this rough oasis.	Karla toured these rough oasis.	-93.5	-93.5	-10.375	-10.375	False	False	morphology	determiner_noun_agreement	Write a natural, coherent English sentence.
892	7	Walter couldn't boycott those hidden oases.	Walter couldn't boycott that hidden oases.	-114.0	-114.0	-10.375	-10.375	False	False	morphology	determiner_noun_agreement	Write a natural, coherent English sentence.
893	7	Donald has worried this smart man.	Donald has worried these smart man.	-72.5	-72.5	-10.375	-10.375	False	False	morphology	determiner_noun_agreement	Write a natural, coherent English sentence.
894	7	Catherine has boycotted those gray oases.	Catherine has boycotted that gray oases.	-104.0	-104.0	-10.375	-10.375	False	False	morphology	determiner_noun_agreement	Write a natural, coherent English sentence.
895	7	Nicole toured those yellow oases.	Nicole toured that yellow oases.	-83.0	-83.0	-10.375	-10.375	False	False	morphology	determiner_noun_agreement	Write a natural, coherent English sentence.
896	7	Barbara praises that young woman.	Barbara praises those young woman.	-72.5	-72.5	-10.375	-10.375	False	False	morphology	determiner_noun_agreement	Write a natural, coherent English sentence.
897	7	The apple aggravates those hopeful children.	The apple aggravates that hopeful children.	-103.5	-103.5	-10.375	-10.375	False	False	morphology	determiner_noun_agreement	Write a natural, coherent English sentence.
898	7	All photographs could look like this big fungus.	All photographs could look like these big fungus.	-114.0	-114.0	-10.375	-10.375	False	False	morphology	determiner_noun_agreement	Write a natural, coherent English sentence.
899	7	Guys should talk about that good synopsis.	Guys should talk about those good synopsis.	-103.5	-103.5	-10.375	-10.375	False	False	morphology	determiner_noun_agreement	Write a natural, coherent English sentence.
900	7	Tracy discovered this concealed alumnus.	Tracy discovered these concealed alumnus.	-104.0	-104.0	-10.375	-10.375	False	False	morphology	determiner_noun_agreement	Write a natural, coherent English sentence.
901	7	All actresses are helping this troubled man.	All actresses are helping these troubled man.	-103.5	-103.5	-10.375	-10.375	False	False	morphology	determiner_noun_agreement	Write a natural, coherent English sentence.
902	7	Douglas isn't revealing this dirty foot.	Douglas isn't revealing these dirty foot.	-93.5	-93.5	-10.375	-10.375	False	False	morphology	determiner_noun_agreement	Write a natural, coherent English sentence.
903	7	Most senators confuse that standing child.	Most senators confuse those standing child.	-93.5	-93.5	-10.375	-10.375	False	False	morphology	determiner_noun_agreement	Write a natural, coherent English sentence.
904	7	Those doctors embarrass that upset woman.	Those doctors embarrass those upset woman.	-72.5	-72.5	-10.375	-10.375	False	False	morphology	determiner_noun_agreement	Write a natural, coherent English sentence.
905	7	A lot of customers were healing those sick men.	A lot of customers were healing that sick men.	-103.5	-103.5	-10.375	-10.375	False	False	morphology	determiner_noun_agreement	Write a natural, coherent English sentence.
906	7	Sabrina does conceal these old alumni.	Sabrina does conceal this old alumni.	-124.5	-124.5	-10.375	-10.375	False	False	morphology	determiner_noun_agreement	Write a natural, coherent English sentence.
907	7	Many girls can't observe those young alumni.	Many girls can't observe that young alumni.	-124.5	-124.5	-10.375	-10.375	False	False	morphology	determiner_noun_agreement	Write a natural, coherent English sentence.
908	7	The actresses hire that lucky man.	The actresses hire those lucky man.	-83.0	-83.0	-10.375	-10.375	False	False	morphology	determiner_noun_agreement	Write a natural, coherent English sentence.
909	7	Andrea is firing that scared child.	Andrea is firing those scared child.	-72.5	-72.5	-10.375	-10.375	False	False	morphology	determiner_noun_agreement	Write a natural, coherent English sentence.
910	7	That dancer scanned that bad synopsis.	That dancer scanned those bad synopsis.	-104.0	-104.0	-10.375	-10.375	False	False	morphology	determiner_noun_agreement	Write a natural, coherent English sentence.
911	7	Daniel breaks these dirty teeth.	Daniel breaks this dirty teeth.	-62.25	-62.25	-10.375	-10.375	False	False	morphology	determiner_noun_agreement	Write a natural, coherent English sentence.
912	7	Students had messed up those purple teeth.	Students had messed up that purple teeth.	-93.5	-93.5	-10.375	-10.375	False	False	morphology	determiner_noun_agreement	Write a natural, coherent English sentence.
913	7	Becky boycotted those old oases.	Becky boycotted that old oases.	-104.0	-104.0	-10.375	-10.375	False	False	morphology	determiner_noun_agreement	Write a natural, coherent English sentence.
914	7	Florence talks to those good women.	Florence talks to that good women.	-72.5	-72.5	-10.375	-10.375	False	False	morphology	determiner_noun_agreement	Write a natural, coherent English sentence.
915	7	Carmen won't break this big foot.	Carmen won't break these big foot.	-104.0	-104.0	-10.375	-10.375	False	False	morphology	determiner_noun_agreement	Write a natural, coherent English sentence.
916	7	Stephen fired those employed men.	Stephen fired that employed men.	-62.25	-62.25	-10.375	-10.375	False	False	morphology	determiner_noun_agreement	Write a natural, coherent English sentence.
917	7	Many governments confuse this sick woman.	Many governments confuse these sick woman.	-83.0	-83.0	-10.375	-10.375	False	False	morphology	determiner_noun_agreement	Write a natural, coherent English sentence.
918	7	Heidi healed this troubled child.	Heidi healed these troubled child.	-93.0	-93.0	-10.375	-10.375	False	False	morphology	determiner_noun_agreement	Write a natural, coherent English sentence.
919	7	Daniel questions these employed alumni.	Daniel questions this employed alumni.	-83.0	-83.0	-10.375	-10.375	False	False	morphology	determiner_noun_agreement	Write a natural, coherent English sentence.
920	7	People admire these yellow oxen.	People admire this yellow oxen.	-83.0	-83.0	-10.375	-10.375	False	False	morphology	determiner_noun_agreement	Write a natural, coherent English sentence.
921	7	Those adults embarrasses this displeased woman.	Those adults embarrasses these displeased woman.	-103.5	-103.5	-10.375	-10.375	False	False	morphology	determiner_noun_agreement	Write a natural, coherent English sentence.
922	7	Winston Churchill notices these big nuclei.	Winston Churchill notices this big nuclei.	-114.0	-114.0	-10.375	-10.375	False	False	morphology	determiner_noun_agreement	Write a natural, coherent English sentence.
923	7	All women hide those concealed nuclei.	All women hide that concealed nuclei.	-93.5	-93.5	-10.375	-10.375	False	False	morphology	determiner_noun_agreement	Write a natural, coherent English sentence.
924	7	Charles was escaping from those lucky men.	Charles was escaping from that lucky men.	-93.5	-93.5	-10.375	-10.375	False	False	morphology	determiner_noun_agreement	Write a natural, coherent English sentence.
925	7	Paul doesn't insult this happy woman.	Paul doesn't insult these happy woman.	-93.5	-93.5	-10.375	-10.375	False	False	morphology	determiner_noun_agreement	Write a natural, coherent English sentence.
926	7	Galileo isn't scanning this brown thesis.	Galileo isn't scanning these brown thesis.	-124.5	-124.5	-10.375	-10.375	False	False	morphology	determiner_noun_agreement	Write a natural, coherent English sentence.
927	7	The newspaper article doesn't annoy that exposed man.	The newspaper article doesn't annoy those exposed man.	-114.0	-114.0	-10.375	-10.375	False	False	morphology	determiner_noun_agreement	Write a natural, coherent English sentence.
928	7	Carmen noticed these gray cacti.	Carmen noticed this gray cacti.	-93.5	-93.5	-10.375	-10.375	False	False	morphology	determiner_noun_agreement	Write a natural, coherent English sentence.
929	7	Teresa approaches this upset man.	Teresa approaches these upset man.	-72.5	-72.5	-10.375	-10.375	False	False	morphology	determiner_noun_agreement	Write a natural, coherent English sentence.
930	7	April was revealing this hidden woman.	April was revealing these hidden woman.	-72.5	-72.5	-10.375	-10.375	False	False	morphology	determiner_noun_agreement	Write a natural, coherent English sentence.
931	7	Michael has loved these scared men.	Michael has loved this scared men.	-72.5	-72.5	-10.375	-10.375	False	False	morphology	determiner_noun_agreement	Write a natural, coherent English sentence.
932	7	Joseph hadn't bought those hard lice.	Joseph hadn't bought that hard lice.	-104.0	-104.0	-10.375	-10.375	False	False	morphology	determiner_noun_agreement	Write a natural, coherent English sentence.
933	7	Larry did drive to this out in the open oasis.	Larry did drive to these out in the open oasis.	-124.5	-124.5	-10.375	-10.375	False	False	morphology	determiner_noun_agreement	Write a natural, coherent English sentence.
934	7	Lisa hasn't driven to that new oasis.	Lisa hasn't driven to those new oasis.	-114.0	-114.0	-10.375	-10.375	False	False	morphology	determiner_noun_agreement	Write a natural, coherent English sentence.
935	7	Steve scanned this good synopsis.	Steve scanned these good synopsis.	-83.0	-83.0	-10.375	-10.375	False	False	morphology	determiner_noun_agreement	Write a natural, coherent English sentence.
936	7	The Lutherans care for those hopeful men.	The Lutherans care for that hopeful men.	-103.5	-103.5	-10.375	-10.375	False	False	morphology	determiner_noun_agreement	Write a natural, coherent English sentence.
937	7	Christine bikes to these orange oases.	Christine bikes to this orange oases.	-104.0	-103.5	-10.375	-10.375	False	False	morphology	determiner_noun_agreement	Write a natural, coherent English sentence.
938	7	Most actors distracted this popular woman.	Most actors distracted these popular woman.	-83.0	-83.0	-10.375	-10.375	False	False	morphology	determiner_noun_agreement	Write a natural, coherent English sentence.
939	7	Emily should observe those displeased men.	Emily should observe that displeased men.	-93.5	-93.5	-10.375	-10.375	False	False	morphology	determiner_noun_agreement	Write a natural, coherent English sentence.
940	7	The drivers do sell this green thesis.	The drivers do sell these green thesis.	-83.0	-83.0	-10.375	-10.375	False	False	morphology	determiner_noun_agreement	Write a natural, coherent English sentence.
941	7	Most drivers love these unemployed men.	Most drivers love this unemployed men.	-83.0	-83.0	-10.375	-10.375	False	False	morphology	determiner_noun_agreement	Write a natural, coherent English sentence.
942	7	Those doctors care for this hopeful man.	Those doctors care for these hopeful man.	-93.0	-93.0	-10.375	-10.375	False	False	morphology	determiner_noun_agreement	Write a natural, coherent English sentence.
943	7	Brad kisses that displeased man.	Brad kisses those displeased man.	-93.5	-93.0	-10.375	-10.375	False	False	morphology	determiner_noun_agreement	Write a natural, coherent English sentence.
944	7	Danielle had argued about those troubled men.	Danielle had argued about that troubled men.	-104.0	-104.0	-10.375	-10.375	False	False	morphology	determiner_noun_agreement	Write a natural, coherent English sentence.
945	7	An actor is disgusting those unsure men.	An actor is disgusting that unsure men.	-104.0	-104.0	-10.375	-10.375	False	False	morphology	determiner_noun_agreement	Write a natural, coherent English sentence.
946	7	Galileo didn't hurt those displeased children.	Galileo didn't hurt that displeased children.	-135.0	-135.0	-10.375	-10.375	False	False	morphology	determiner_noun_agreement	Write a natural, coherent English sentence.
947	7	Omar messed up these small teeth.	Omar messed up this small teeth.	-93.5	-93.5	-10.375	-10.375	False	False	morphology	determiner_noun_agreement	Write a natural, coherent English sentence.
948	7	Carmen will watch this smart person.	Carmen will watch these smart person.	-83.0	-83.0	-10.375	-10.375	False	False	morphology	determiner_noun_agreement	Write a natural, coherent English sentence.
949	7	Jeffrey hid that unlucky child.	Jeffrey hid those unlucky child.	-93.0	-93.0	-10.375	-10.375	False	False	morphology	determiner_noun_agreement	Write a natural, coherent English sentence.
950	7	Every plane bothers this upset child.	Every plane bothers these upset child.	-83.0	-83.0	-10.375	-10.375	False	False	morphology	determiner_noun_agreement	Write a natural, coherent English sentence.
951	7	A lot of hospitals have those blue teeth.	A lot of hospitals have that blue teeth.	-93.0	-93.0	-10.375	-10.375	False	False	morphology	determiner_noun_agreement	Write a natural, coherent English sentence.
952	7	Nancy wasn't disturbing that clever man.	Nancy wasn't disturbing those clever man.	-103.5	-103.5	-10.375	-10.375	False	False	morphology	determiner_noun_agreement	Write a natural, coherent English sentence.
953	7	These ladies bought that white tooth.	These ladies bought those white tooth.	-72.5	-72.5	-10.375	-10.375	False	False	morphology	determiner_noun_agreement	Write a natural, coherent English sentence.
954	7	Every skirt annoys that confident person.	Every skirt annoys those confident person.	-93.5	-93.5	-10.375	-10.375	False	False	morphology	determiner_noun_agreement	Write a natural, coherent English sentence.
955	7	These actors weren't biking to these red oases.	These actors weren't biking to this red oases.	-135.0	-135.0	-10.375	-10.375	False	False	morphology	determiner_noun_agreement	Write a natural, coherent English sentence.
956	7	Carmen has described those confident people.	Carmen has described that confident people.	-83.0	-83.0	-10.375	-10.375	False	False	morphology	determiner_noun_agreement	Write a natural, coherent English sentence.
957	7	All legislatures criticize that brown oasis.	All legislatures criticize those brown oasis.	-104.0	-104.0	-10.375	-10.375	False	False	morphology	determiner_noun_agreement	Write a natural, coherent English sentence.
958	7	Paula works with that clever person.	Paula works with those clever person.	-83.0	-83.0	-10.375	-10.375	False	False	morphology	determiner_noun_agreement	Write a natural, coherent English sentence.
959	7	Benjamin respects those confident children.	Benjamin respects that confident children.	-72.5	-72.5	-10.375	-10.375	False	False	morphology	determiner_noun_agreement	Write a natural, coherent English sentence.
960	7	Mitchell attacked these unsure alumni.	Mitchell attacked this unsure alumni.	-93.5	-93.5	-10.375	-10.375	False	False	morphology	determiner_noun_agreement	Write a natural, coherent English sentence.
961	7	The Lutherans hadn't cleaned these broken teeth.	The Lutherans hadn't cleaned this broken teeth.	-114.0	-114.0	-10.375	-10.375	False	False	morphology	determiner_noun_agreement	Write a natural, coherent English sentence.
962	7	A lot of children observe that young child.	A lot of children observe those young child.	-93.0	-93.0	-10.375	-10.375	False	False	morphology	determiner_noun_agreement	Write a natural, coherent English sentence.
963	7	Gary hadn't sounded like this out in the open oasis.	Gary hadn't sounded like these out in the open oasis.	-145.0	-145.0	-10.375	-10.375	False	False	morphology	determiner_noun_agreement	Write a natural, coherent English sentence.
964	7	That fish annoyed this serious alumnus.	That fish annoyed these serious alumnus.	-103.5	-103.5	-10.375	-10.375	False	False	morphology	determiner_noun_agreement	Write a natural, coherent English sentence.
965	7	Spotlights worry those standing people.	Spotlights worry that standing people.	-72.5	-72.5	-10.375	-10.375	False	False	morphology	determiner_noun_agreement	Write a natural, coherent English sentence.
966	7	Rodney returned to these content alumni.	Rodney returned to this content alumni.	-104.0	-104.0	-10.375	-10.375	False	False	morphology	determiner_noun_agreement	Write a natural, coherent English sentence.
967	7	Bruce references this unemployed child.	Bruce references these unemployed child.	-72.5	-72.5	-10.375	-10.375	False	False	morphology	determiner_noun_agreement	Write a natural, coherent English sentence.
968	7	Many museums criticize this bad analysis.	Many museums criticize these bad analysis.	-93.5	-93.5	-10.375	-10.375	False	False	morphology	determiner_noun_agreement	Write a natural, coherent English sentence.
969	7	Danielle knows that concealed man.	Danielle knows those concealed man.	-83.0	-83.0	-10.375	-10.375	False	False	morphology	determiner_noun_agreement	Write a natural, coherent English sentence.
970	7	Katherine sells that smooth oasis.	Katherine sells those smooth oasis.	-93.5	-93.5	-10.375	-10.375	False	False	morphology	determiner_noun_agreement	Write a natural, coherent English sentence.
971	7	Meredith hadn't scared these clever people.	Meredith hadn't scared this clever people.	-114.0	-114.0	-10.375	-10.375	False	False	morphology	determiner_noun_agreement	Write a natural, coherent English sentence.
972	7	Walter biked to these gray oases.	Walter biked to this gray oases.	-104.0	-104.0	-10.375	-10.375	False	False	morphology	determiner_noun_agreement	Write a natural, coherent English sentence.
973	7	Phillip has investigated this unemployed man.	Phillip has investigated these unemployed man.	-93.0	-93.0	-10.375	-10.375	False	False	morphology	determiner_noun_agreement	Write a natural, coherent English sentence.
974	7	Alice knows that ill woman.	Alice knows those ill woman.	-62.25	-62.25	-10.375	-10.375	False	False	morphology	determiner_noun_agreement	Write a natural, coherent English sentence.
975	7	Daniel bothered that unemployed alumnus.	Daniel bothered those unemployed alumnus.	-93.5	-93.5	-10.375	-10.375	False	False	morphology	determiner_noun_agreement	Write a natural, coherent English sentence.
976	7	Some children notice this black thesis.	Some children notice these black thesis.	-72.5	-72.5	-10.375	-10.375	False	False	morphology	determiner_noun_agreement	Write a natural, coherent English sentence.
977	7	George has alarmed these unemployed children.	George has alarmed this unemployed children.	-93.5	-93.5	-10.375	-10.375	False	False	morphology	determiner_noun_agreement	Write a natural, coherent English sentence.
978	7	Sarah won't drive to this concealed oasis.	Sarah won't drive to these concealed oasis.	-124.5	-124.5	-10.375	-10.375	False	False	morphology	determiner_noun_agreement	Write a natural, coherent English sentence.
979	7	Grace arrived at those small oases.	Grace arrived at that small oases.	-83.0	-83.0	-10.375	-10.375	False	False	morphology	determiner_noun_agreement	Write a natural, coherent English sentence.
980	7	David kisses that lucky man.	David kisses those lucky man.	-72.5	-72.5	-10.375	-10.375	False	False	morphology	determiner_noun_agreement	Write a natural, coherent English sentence.
981	7	Laura isn't lifting this smooth axis.	Laura isn't lifting these smooth axis.	-93.5	-93.5	-10.375	-10.375	False	False	morphology	determiner_noun_agreement	Write a natural, coherent English sentence.
982	7	Mark embarrassed these confident children.	Mark embarrassed this confident children.	-62.25	-62.25	-10.375	-10.375	False	False	morphology	determiner_noun_agreement	Write a natural, coherent English sentence.
983	7	Patients bothers this employed man.	Patients bothers these employed man.	-83.0	-83.0	-10.375	-10.375	False	False	morphology	determiner_noun_agreement	Write a natural, coherent English sentence.
984	7	Christopher has criticized this bad synopsis.	Christopher has criticized these bad synopsis.	-93.0	-93.0	-10.375	-10.375	False	False	morphology	determiner_noun_agreement	Write a natural, coherent English sentence.
985	7	Todd hadn't gone to this cheap oasis.	Todd hadn't gone to these cheap oasis.	-114.0	-114.0	-10.375	-10.375	False	False	morphology	determiner_noun_agreement	Write a natural, coherent English sentence.
986	7	Becca does investigate this lucky alumnus.	Becca does investigate these lucky alumnus.	-104.0	-104.0	-10.375	-10.375	False	False	morphology	determiner_noun_agreement	Write a natural, coherent English sentence.
987	7	Sabrina visits those fast women.	Sabrina visits that fast women.	-83.0	-83.0	-10.375	-10.375	False	False	morphology	determiner_noun_agreement	Write a natural, coherent English sentence.
988	7	Janet knew those unconvinced children.	Janet knew that unconvinced children.	-104.0	-104.0	-10.375	-10.375	False	False	morphology	determiner_noun_agreement	Write a natural, coherent English sentence.
989	7	Christine hated this young man.	Christine hated these young man.	-72.5	-72.5	-10.375	-10.375	False	False	morphology	determiner_noun_agreement	Write a natural, coherent English sentence.
990	7	Chad hadn't complained about these big oases.	Chad hadn't complained about this big oases.	-124.5	-124.5	-10.375	-10.375	False	False	morphology	determiner_noun_agreement	Write a natural, coherent English sentence.
991	7	Many bikes stun that nice man.	Many bikes stun those nice man.	-93.5	-93.5	-10.375	-10.375	False	False	morphology	determiner_noun_agreement	Write a natural, coherent English sentence.
992	7	William hasn't investigated these fast men.	William hasn't investigated this fast men.	-93.5	-93.5	-10.375	-10.375	False	False	morphology	determiner_noun_agreement	Write a natural, coherent English sentence.
993	7	Kristin couldn't research these smooth oases.	Kristin couldn't research this smooth oases.	-114.0	-114.0	-10.375	-10.375	False	False	morphology	determiner_noun_agreement	Write a natural, coherent English sentence.
994	7	Travis arrives at these old oases.	Travis arrives at this old oases.	-93.5	-93.5	-10.375	-10.375	False	False	morphology	determiner_noun_agreement	Write a natural, coherent English sentence.
995	7	Many boys drive to this yellow oasis.	Many boys drive to these yellow oasis.	-93.5	-93.5	-10.375	-10.375	False	False	morphology	determiner_noun_agreement	Write a natural, coherent English sentence.
996	7	Danielle won't heal those unlucky people.	Danielle won't heal that unlucky people.	-124.5	-124.5	-10.375	-10.375	False	False	morphology	determiner_noun_agreement	Write a natural, coherent English sentence.
997	7	Sabrina wouldn't go to that new oasis.	Sabrina wouldn't go to those new oasis.	-135.0	-135.0	-10.375	-10.375	False	False	morphology	determiner_noun_agreement	Write a natural, coherent English sentence.
998	7	This movie theater annoys these lucky alumni.	This movie theater annoys this lucky alumni.	-124.5	-124.5	-10.375	-10.375	False	False	morphology	determiner_noun_agreement	Write a natural, coherent English sentence.
999	7	Stacy doesn't appreciate that out in the open woman.	Stacy doesn't appreciate those out in the open woman.	-135.0	-135.0	-10.375	-10.375	False	False	morphology	determiner_noun_agreement	Write a natural, coherent English sentence.
0	8	Alexander didn't walk through that new oasis.	Alexander didn't walk through those new oasis.	-114.0	-114.0	-10.375	-10.375	False	False	morphology	determiner_noun_agreement	Write a natural, coherent English sentence.
1	8	This hair irritates these old alumni.	This hair irritates this old alumni.	-104.0	-104.0	-10.375	-10.375	False	False	morphology	determiner_noun_agreement	Write a natural, coherent English sentence.
2	8	Winston Churchill was escaping from this serious person.	Winston Churchill was escaping from these serious person.	-124.5	-124.5	-10.375	-10.375	False	False	morphology	determiner_noun_agreement	Write a natural, coherent English sentence.
3	8	Anna walks through these purple oases.	Anna walks through this purple oases.	-83.0	-83.0	-10.375	-10.375	False	False	morphology	determiner_noun_agreement	Write a natural, coherent English sentence.
4	8	Alicia sounded like this good analysis.	Alicia sounded like these good analysis.	-93.0	-93.0	-10.375	-10.375	False	False	morphology	determiner_noun_agreement	Write a natural, coherent English sentence.
5	8	Jeffrey might complain about this gray thesis.	Jeffrey might complain about these gray thesis.	-93.0	-93.0	-10.375	-10.375	False	False	morphology	determiner_noun_agreement	Write a natural, coherent English sentence.
6	8	Meredith approaches these concealed women.	Meredith approaches this concealed women.	-93.5	-93.5	-10.375	-10.375	False	False	morphology	determiner_noun_agreement	Write a natural, coherent English sentence.
7	8	Julia questioned those small children.	Julia questioned that small children.	-62.25	-62.25	-10.375	-10.375	False	False	morphology	determiner_noun_agreement	Write a natural, coherent English sentence.
8	8	That adult has brought that purple octopus.	That adult has brought those purple octopus.	-104.0	-104.0	-10.375	-10.375	False	False	morphology	determiner_noun_agreement	Write a natural, coherent English sentence.
9	8	The people hug this displeased woman.	The people hug these displeased woman.	-93.5	-93.5	-10.375	-10.375	False	False	morphology	determiner_noun_agreement	Write a natural, coherent English sentence.
10	8	That beef did bore these displeased people.	That beef did bore this displeased people.	-103.5	-103.5	-10.375	-10.375	False	False	morphology	determiner_noun_agreement	Write a natural, coherent English sentence.
11	8	These libraries talk about these long synopses.	These libraries talk about this long synopses.	-103.5	-103.5	-10.375	-10.375	False	False	morphology	determiner_noun_agreement	Write a natural, coherent English sentence.
12	8	Lori wasn't hiring those delighted men.	Lori wasn't hiring that delighted men.	-104.0	-104.0	-10.375	-10.375	False	False	morphology	determiner_noun_agreement	Write a natural, coherent English sentence.
13	8	The teachers are running around this concealed oasis.	The teachers are running around these concealed oasis.	-114.0	-114.0	-10.375	-10.375	False	False	morphology	determiner_noun_agreement	Write a natural, coherent English sentence.
14	8	Those bananas embarrass these delighted people.	Those bananas embarrass this delighted people.	-83.0	-83.0	-10.375	-10.375	False	False	morphology	determiner_noun_agreement	Write a natural, coherent English sentence.
15	8	Mitchell brought those green oases.	Mitchell brought that green oases.	-72.5	-72.5	-10.375	-10.375	False	False	morphology	determiner_noun_agreement	Write a natural, coherent English sentence.
16	8	The actresses complain about this rough thesis.	The actresses complain about these rough thesis.	-93.0	-93.0	-10.375	-10.375	False	False	morphology	determiner_noun_agreement	Write a natural, coherent English sentence.
17	8	Russell investigates these fast women.	Russell investigates this fast women.	-72.5	-72.5	-10.375	-10.375	False	False	morphology	determiner_noun_agreement	Write a natural, coherent English sentence.
18	8	Irene praised those bad synopses.	Irene praised that bad synopses.	-93.5	-93.5	-10.375	-10.375	False	False	morphology	determiner_noun_agreement	Write a natural, coherent English sentence.
19	8	Denise did confuse that important woman.	Denise did confuse those important woman.	-93.5	-93.5	-10.375	-10.375	False	False	morphology	determiner_noun_agreement	Write a natural, coherent English sentence.
20	8	Some patients dislike those nice women.	Some patients dislike that nice women.	-83.0	-83.0	-10.375	-10.375	False	False	morphology	determiner_noun_agreement	Write a natural, coherent English sentence.
21	8	Amelia wasn't observing this hopeful man.	Amelia wasn't observing these hopeful man.	-124.5	-124.5	-10.375	-10.375	False	False	morphology	determiner_noun_agreement	Write a natural, coherent English sentence.
22	8	Grace is hugging these popular women.	Grace is hugging this popular women.	-83.0	-83.0	-10.375	-10.375	False	False	morphology	determiner_noun_agreement	Write a natural, coherent English sentence.
23	8	Julia might describe this long synopsis.	Julia might describe these long synopsis.	-83.0	-83.0	-10.375	-10.375	False	False	morphology	determiner_noun_agreement	Write a natural, coherent English sentence.
24	8	Many pedestrians do return to these happy men.	Many pedestrians do return to this happy men.	-114.0	-114.0	-10.375	-10.375	False	False	morphology	determiner_noun_agreement	Write a natural, coherent English sentence.
25	8	Laura noticed that determined man.	Laura noticed those determined man.	-62.25	-62.25	-10.375	-10.375	False	False	morphology	determiner_noun_agreement	Write a natural, coherent English sentence.
26	8	Julie would pass those red oases.	Julie would pass that red oases.	-83.0	-83.0	-10.375	-10.375	False	False	morphology	determiner_noun_agreement	Write a natural, coherent English sentence.
27	8	These doctors boast about this out in the open child.	These doctors boast about these out in the open child.	-124.5	-124.5	-10.375	-10.375	False	False	morphology	determiner_noun_agreement	Write a natural, coherent English sentence.
28	8	Stephen isn't revealing this brown nucleus.	Stephen isn't revealing these brown nucleus.	-103.5	-103.5	-10.375	-10.375	False	False	morphology	determiner_noun_agreement	Write a natural, coherent English sentence.
29	8	Travel stuns that sick child.	Travel stuns those sick child.	-72.5	-72.5	-10.375	-10.375	False	False	morphology	determiner_noun_agreement	Write a natural, coherent English sentence.
30	8	Amelia healed that unemployed woman.	Amelia healed those unemployed woman.	-93.5	-93.5	-10.375	-10.375	False	False	morphology	determiner_noun_agreement	Write a natural, coherent English sentence.
31	8	Noah attacks that ill child.	Noah attacks those ill child.	-62.25	-62.25	-10.375	-10.375	False	False	morphology	determiner_noun_agreement	Write a natural, coherent English sentence.
32	8	Randolf buys those gray fungi.	Randolf buys that gray fungi.	-93.5	-93.5	-10.375	-10.375	False	False	morphology	determiner_noun_agreement	Write a natural, coherent English sentence.
33	8	Some pedestrians disagreed with this big woman.	Some pedestrians disagreed with these big woman.	-114.0	-114.0	-10.375	-10.375	False	False	morphology	determiner_noun_agreement	Write a natural, coherent English sentence.
34	8	Adam might sound like these determined children.	Adam might sound like this determined children.	-83.0	-83.0	-10.375	-10.375	False	False	morphology	determiner_noun_agreement	Write a natural, coherent English sentence.
35	8	Bill has stunned this confident man.	Bill has stunned these confident man.	-83.0	-83.0	-10.375	-10.375	False	False	morphology	determiner_noun_agreement	Write a natural, coherent English sentence.
36	8	Rhonda should see these blue oases.	Rhonda should see this blue oases.	-93.5	-93.5	-10.375	-10.375	False	False	morphology	determiner_noun_agreement	Write a natural, coherent English sentence.
37	8	Stephen cares for that out in the open alumnus.	Stephen cares for those out in the open alumnus.	-124.5	-124.5	-10.375	-10.375	False	False	morphology	determiner_noun_agreement	Write a natural, coherent English sentence.
38	8	Cheryl has bought this green oasis.	Cheryl has bought these green oasis.	-93.0	-93.5	-10.375	-10.375	True	False	morphology	determiner_noun_agreement	Write a natural, coherent English sentence.
39	8	Every door annoyed this lucky child.	Every door annoyed these lucky child.	-83.0	-83.0	-10.375	-10.375	False	False	morphology	determiner_noun_agreement	Write a natural, coherent English sentence.
40	8	Gerald cures that unlucky child.	Gerald cures those unlucky child.	-103.5	-103.5	-10.375	-10.375	False	False	morphology	determiner_noun_agreement	Write a natural, coherent English sentence.
41	8	Eyes weren't worrying this troubled child.	Eyes weren't worrying these troubled child.	-114.0	-114.0	-10.375	-10.375	False	False	morphology	determiner_noun_agreement	Write a natural, coherent English sentence.
42	8	Michael isn't referencing this long synopsis.	Michael isn't referencing these long synopsis.	-114.0	-114.0	-10.375	-10.375	False	False	morphology	determiner_noun_agreement	Write a natural, coherent English sentence.
43	8	Robert insults this serious man.	Robert insults these serious man.	-72.5	-72.5	-10.375	-10.375	False	False	morphology	determiner_noun_agreement	Write a natural, coherent English sentence.
44	8	Waitresses describe that smart alumnus.	Waitresses describe those smart alumnus.	-103.5	-103.5	-10.375	-10.375	False	False	morphology	determiner_noun_agreement	Write a natural, coherent English sentence.
45	8	Dan doesn't respect this unemployed alumnus.	Dan doesn't respect these unemployed alumnus.	-124.5	-124.5	-10.375	-10.375	False	False	morphology	determiner_noun_agreement	Write a natural, coherent English sentence.
46	8	Eric has upset those scared people.	Eric has upset that scared people.	-72.5	-72.5	-10.375	-10.375	False	False	morphology	determiner_noun_agreement	Write a natural, coherent English sentence.
47	8	Sabrina was biking to this exposed oasis.	Sabrina was biking to these exposed oasis.	-124.5	-124.5	-10.375	-10.375	False	False	morphology	determiner_noun_agreement	Write a natural, coherent English sentence.
48	8	Edward can't think about these exposed mice.	Edward can't think about this exposed mice.	-114.0	-114.0	-10.375	-10.375	False	False	morphology	determiner_noun_agreement	Write a natural, coherent English sentence.
49	8	Phillip listened to this standing alumnus.	Phillip listened to these standing alumnus.	-103.5	-103.5	-10.375	-10.375	False	False	morphology	determiner_noun_agreement	Write a natural, coherent English sentence.
50	8	Those men skate around this small oasis.	Those men skate around these small oasis.	-104.0	-104.0	-10.375	-10.375	False	False	morphology	determiner_noun_agreement	Write a natural, coherent English sentence.
51	8	Rhonda could think about those content children.	Rhonda could think about that content children.	-93.5	-93.5	-10.375	-10.375	False	False	morphology	determiner_noun_agreement	Write a natural, coherent English sentence.
52	8	Melissa had remembered that unsure person.	Melissa had remembered those unsure person.	-93.5	-93.5	-10.375	-10.375	False	False	morphology	determiner_noun_agreement	Write a natural, coherent English sentence.
53	8	The students talk about this upset person.	The students talk about these upset person.	-83.0	-83.0	-10.375	-10.375	False	False	morphology	determiner_noun_agreement	Write a natural, coherent English sentence.
54	8	Leslie insults those upset alumni.	Leslie insults that upset alumni.	-103.5	-103.5	-10.375	-10.375	False	False	morphology	determiner_noun_agreement	Write a natural, coherent English sentence.
55	8	Hats distract this ill man.	Hats distract these ill man.	-72.5	-72.5	-10.375	-10.375	False	False	morphology	determiner_noun_agreement	Write a natural, coherent English sentence.
56	8	Dawn sounded like this determined child.	Dawn sounded like these determined child.	-83.0	-83.0	-10.375	-10.375	False	False	morphology	determiner_noun_agreement	Write a natural, coherent English sentence.
57	8	Carl had run around that brown oasis.	Carl had run around those brown oasis.	-93.5	-93.5	-10.375	-10.375	False	False	morphology	determiner_noun_agreement	Write a natural, coherent English sentence.
58	8	Anna criticizes these concealed children.	Anna criticizes this concealed children.	-83.0	-83.0	-10.375	-10.375	False	False	morphology	determiner_noun_agreement	Write a natural, coherent English sentence.
59	8	The waiter might criticize that unemployed man.	The waiter might criticize those unemployed man.	-114.0	-114.0	-10.375	-10.375	False	False	morphology	determiner_noun_agreement	Write a natural, coherent English sentence.
60	8	Tracy was investigating this troubled alumnus.	Tracy was investigating these troubled alumnus.	-124.5	-124.5	-10.375	-10.375	False	False	morphology	determiner_noun_agreement	Write a natural, coherent English sentence.
61	8	These newspaper articles astound this clever child.	These newspaper articles astound these clever child.	-93.5	-93.5	-10.375	-10.375	False	False	morphology	determiner_noun_agreement	Write a natural, coherent English sentence.
62	8	Dana hadn't attacked this small man.	Dana hadn't attacked these small man.	-104.0	-104.0	-10.375	-10.375	False	False	morphology	determiner_noun_agreement	Write a natural, coherent English sentence.
63	8	Curtis wasn't breaking those hard teeth.	Curtis wasn't breaking that hard teeth.	-104.0	-104.0	-10.375	-10.375	False	False	morphology	determiner_noun_agreement	Write a natural, coherent English sentence.
64	8	All customers attack this employed alumnus.	All customers attack these employed alumnus.	-93.5	-93.5	-10.375	-10.375	False	False	morphology	determiner_noun_agreement	Write a natural, coherent English sentence.
65	8	Most ladies go to those purple oases.	Most ladies go to that purple oases.	-93.5	-93.5	-10.375	-10.375	False	False	morphology	determiner_noun_agreement	Write a natural, coherent English sentence.
66	8	A dancer tours that blue oasis.	A dancer tours those blue oasis.	-93.5	-93.5	-10.375	-10.375	False	False	morphology	determiner_noun_agreement	Write a natural, coherent English sentence.
67	8	Steven irritated this unconvinced woman.	Steven irritated these unconvinced woman.	-103.5	-103.5	-10.375	-10.375	False	False	morphology	determiner_noun_agreement	Write a natural, coherent English sentence.
68	8	Tara wasn't helping that sick man.	Tara wasn't helping those sick man.	-104.0	-104.0	-10.375	-10.375	False	False	morphology	determiner_noun_agreement	Write a natural, coherent English sentence.
69	8	The dancers aren't cleaning that smooth fungus.	The dancers aren't cleaning those smooth fungus.	-135.0	-135.0	-10.375	-10.375	False	False	morphology	determiner_noun_agreement	Write a natural, coherent English sentence.
70	8	Melissa had talked about these white theses.	Melissa had talked about this white theses.	-103.5	-103.5	-10.375	-10.375	False	False	morphology	determiner_noun_agreement	Write a natural, coherent English sentence.
71	8	The man isn't watching those upset men.	The man isn't watching that upset men.	-104.0	-104.0	-10.375	-10.375	False	False	morphology	determiner_noun_agreement	Write a natural, coherent English sentence.
72	8	Sabrina won't worry this out in the open person.	Sabrina won't worry these out in the open person.	-145.0	-145.0	-10.375	-10.375	False	False	morphology	determiner_noun_agreement	Write a natural, coherent English sentence.
73	8	Every bird embarrassed these unemployed men.	Every bird embarrassed this unemployed men.	-83.0	-83.0	-10.375	-10.375	False	False	morphology	determiner_noun_agreement	Write a natural, coherent English sentence.
74	8	The Borgias drive to that small oasis.	The Borgias drive to those small oasis.	-114.0	-114.0	-10.375	-10.375	False	False	morphology	determiner_noun_agreement	Write a natural, coherent English sentence.
75	8	Bradley likes these brown fungi.	Bradley likes this brown fungi.	-83.0	-83.0	-10.375	-10.375	False	False	morphology	determiner_noun_agreement	Write a natural, coherent English sentence.
76	8	Most guys go to that black oasis.	Most guys go to those black oasis.	-93.5	-93.5	-10.375	-10.375	False	False	morphology	determiner_noun_agreement	Write a natural, coherent English sentence.
77	8	A pedestrian hadn't approached these hopeful women.	A pedestrian hadn't approached this hopeful women.	-124.5	-124.5	-10.375	-10.375	False	False	morphology	determiner_noun_agreement	Write a natural, coherent English sentence.
78	8	Some senators aren't healing this unemployed alumnus.	Some senators aren't healing these unemployed alumnus.	-145.0	-145.0	-10.375	-10.375	False	False	morphology	determiner_noun_agreement	Write a natural, coherent English sentence.
79	8	That cart wasn't stunning these exposed men.	That cart wasn't stunning this exposed men.	-103.5	-104.0	-10.375	-10.375	True	False	morphology	determiner_noun_agreement	Write a natural, coherent English sentence.
80	8	Joel can think about this smart man.	Joel can think about these smart man.	-83.0	-83.0	-10.375	-10.375	False	False	morphology	determiner_noun_agreement	Write a natural, coherent English sentence.
81	8	Those prints disgust those good people.	Those prints disgust that good people.	-72.5	-72.5	-10.375	-10.375	False	False	morphology	determiner_noun_agreement	Write a natural, coherent English sentence.
82	8	Beverly hadn't passed these yellow oases.	Beverly hadn't passed this yellow oases.	-114.0	-114.0	-10.375	-10.375	False	False	morphology	determiner_noun_agreement	Write a natural, coherent English sentence.
83	8	A lot of prints irritate this unconvinced woman.	A lot of prints irritate these unconvinced woman.	-135.0	-135.0	-10.375	-10.375	False	False	morphology	determiner_noun_agreement	Write a natural, coherent English sentence.
84	8	Many customers hire those standing alumni.	Many customers hire that standing alumni.	-93.5	-93.5	-10.375	-10.375	False	False	morphology	determiner_noun_agreement	Write a natural, coherent English sentence.
85	8	Some rug isn't irritating that nice woman.	Some rug isn't irritating those nice woman.	-114.0	-114.0	-10.375	-10.375	False	False	morphology	determiner_noun_agreement	Write a natural, coherent English sentence.
86	8	Jill embarrassed those busy men.	Jill embarrassed that busy men.	-72.5	-72.5	-10.375	-10.375	False	False	morphology	determiner_noun_agreement	Write a natural, coherent English sentence.
87	8	Most sketches could hurt this uncertain person.	Most sketches could hurt these uncertain person.	-104.0	-104.0	-10.375	-10.375	False	False	morphology	determiner_noun_agreement	Write a natural, coherent English sentence.
88	8	Patricia lifted those purple feet.	Patricia lifted that purple feet.	-83.0	-83.0	-10.375	-10.375	False	False	morphology	determiner_noun_agreement	Write a natural, coherent English sentence.
89	8	The girls sell this hard fungus.	The girls sell these hard fungus.	-93.5	-93.5	-10.375	-10.375	False	False	morphology	determiner_noun_agreement	Write a natural, coherent English sentence.
90	8	Nicole has seen this yellow cactus.	Nicole has seen these yellow cactus.	-93.5	-93.5	-10.375	-10.375	False	False	morphology	determiner_noun_agreement	Write a natural, coherent English sentence.
91	8	Sharon could arrive at those big oases.	Sharon could arrive at that big oases.	-104.0	-104.0	-10.375	-10.375	False	False	morphology	determiner_noun_agreement	Write a natural, coherent English sentence.
92	8	This cashier can fire that good woman.	This cashier can fire those good woman.	-93.5	-93.5	-10.375	-10.375	False	False	morphology	determiner_noun_agreement	Write a natural, coherent English sentence.
93	8	Raymond left those scared children.	Raymond left that scared children.	-62.25	-62.25	-10.375	-10.375	False	False	morphology	determiner_noun_agreement	Write a natural, coherent English sentence.
94	8	Noah could discuss that clever person.	Noah could discuss those clever person.	-72.5	-72.5	-10.375	-10.375	False	False	morphology	determiner_noun_agreement	Write a natural, coherent English sentence.
95	8	Rachelle knew that concealed woman.	Rachelle knew those concealed woman.	-83.0	-83.0	-10.375	-10.375	False	False	morphology	determiner_noun_agreement	Write a natural, coherent English sentence.
96	8	Dawn hasn't cured those gray oxen.	Dawn hasn't cured that gray oxen.	-124.5	-124.5	-10.375	-10.375	False	False	morphology	determiner_noun_agreement	Write a natural, coherent English sentence.
97	8	The Great Lakes haven't disgusted those out in the open people.	The Great Lakes haven't disgusted that out in the open people.	-166.0	-166.0	-10.375	-10.375	False	False	morphology	determiner_noun_agreement	Write a natural, coherent English sentence.
98	8	Wayne doesn't exit those cheap oases.	Wayne doesn't exit that cheap oases.	-104.0	-104.0	-10.375	-10.375	False	False	morphology	determiner_noun_agreement	Write a natural, coherent English sentence.
99	8	These waitresses haven't astounded this fast woman.	These waitresses haven't astounded these fast woman.	-145.0	-145.0	-10.375	-10.375	False	False	morphology	determiner_noun_agreement	Write a natural, coherent English sentence.
100	8	Patrick hasn't lifted this out in the open cactus.	Patrick hasn't lifted these out in the open cactus.	-145.0	-145.0	-10.375	-10.375	False	False	morphology	determiner_noun_agreement	Write a natural, coherent English sentence.
101	8	Angela isn't embarrassing those excited children.	Angela isn't embarrassing that excited children.	-103.5	-103.5	-10.375	-10.375	False	False	morphology	determiner_noun_agreement	Write a natural, coherent English sentence.
102	8	Jennifer hasn't criticized this smart man.	Jennifer hasn't criticized these smart man.	-103.5	-103.5	-10.375	-10.375	False	False	morphology	determiner_noun_agreement	Write a natural, coherent English sentence.
103	8	April watched this big person.	April watched these big person.	-62.25	-62.25	-10.375	-10.375	False	False	morphology	determiner_noun_agreement	Write a natural, coherent English sentence.
104	8	Candice hadn't bothered that serious alumnus.	Candice hadn't bothered those serious alumnus.	-124.5	-124.5	-10.375	-10.375	False	False	morphology	determiner_noun_agreement	Write a natural, coherent English sentence.
105	8	The Clintons observe those happy women.	The Clintons observe that happy women.	-93.5	-93.5	-10.375	-10.375	False	False	morphology	determiner_noun_agreement	Write a natural, coherent English sentence.
106	8	The Clintons observe this excited man.	The Clintons observe these excited man.	-93.5	-93.5	-10.375	-10.375	False	False	morphology	determiner_noun_agreement	Write a natural, coherent English sentence.
107	8	Associations were listening to that unlucky child.	Associations were listening to those unlucky child.	-114.0	-114.0	-10.375	-10.375	False	False	morphology	determiner_noun_agreement	Write a natural, coherent English sentence.
108	8	Those committees discussed that busy woman.	Those committees discussed those busy woman.	-93.0	-93.0	-10.375	-10.375	False	False	morphology	determiner_noun_agreement	Write a natural, coherent English sentence.
109	8	Debra isn't discussing that good analysis.	Debra isn't discussing those good analysis.	-103.5	-103.5	-10.375	-10.375	False	False	morphology	determiner_noun_agreement	Write a natural, coherent English sentence.
110	8	The drawing distracts this lucky woman.	The drawing distracts these lucky woman.	-83.0	-83.0	-10.375	-10.375	False	False	morphology	determiner_noun_agreement	Write a natural, coherent English sentence.
111	8	Holly couldn't dislike this exposed child.	Holly couldn't dislike these exposed child.	-104.0	-104.0	-10.375	-10.375	False	False	morphology	determiner_noun_agreement	Write a natural, coherent English sentence.
112	8	Angela examines that good synopsis.	Angela examines those good synopsis.	-83.0	-83.0	-10.375	-10.375	False	False	morphology	determiner_noun_agreement	Write a natural, coherent English sentence.
113	8	These skateboards aggravate that lucky woman.	These skateboards aggravate those lucky woman.	-114.0	-114.0	-10.375	-10.375	False	False	morphology	determiner_noun_agreement	Write a natural, coherent English sentence.
114	8	Some play alarms those small women.	Some play alarms that small women.	-83.0	-83.0	-10.375	-10.375	False	False	morphology	determiner_noun_agreement	Write a natural, coherent English sentence.
115	8	Students investigate these nice men.	Students investigate this nice men.	-62.25	-62.25	-10.375	-10.375	False	False	morphology	determiner_noun_agreement	Write a natural, coherent English sentence.
116	8	Tanya wasn't shocking that busy child.	Tanya wasn't shocking those busy child.	-114.0	-114.0	-10.375	-10.375	False	False	morphology	determiner_noun_agreement	Write a natural, coherent English sentence.
117	8	Brett has boasted about this nice person.	Brett has boasted about these nice person.	-103.5	-103.5	-10.375	-10.375	False	False	morphology	determiner_noun_agreement	Write a natural, coherent English sentence.
118	8	Jennifer described that hidden woman.	Jennifer described those hidden woman.	-62.25	-62.25	-10.375	-10.375	False	False	morphology	determiner_noun_agreement	Write a natural, coherent English sentence.
119	8	Winston Churchill passed these red oases.	Winston Churchill passed this red oases.	-103.5	-103.5	-10.375	-10.375	False	False	morphology	determiner_noun_agreement	Write a natural, coherent English sentence.
120	8	Some mirror could scare this nice woman.	Some mirror could scare these nice woman.	-93.5	-93.5	-10.375	-10.375	False	False	morphology	determiner_noun_agreement	Write a natural, coherent English sentence.
121	8	Caroline hadn't fired that scared alumnus.	Caroline hadn't fired those scared alumnus.	-114.0	-114.0	-10.375	-10.375	False	False	morphology	determiner_noun_agreement	Write a natural, coherent English sentence.
122	8	Edward wasn't referencing that displeased woman.	Edward wasn't referencing those displeased woman.	-124.5	-124.5	-10.375	-10.375	False	False	morphology	determiner_noun_agreement	Write a natural, coherent English sentence.
123	8	Many teachers clean these cheap teeth.	Many teachers clean this cheap teeth.	-72.5	-72.5	-10.375	-10.375	False	False	morphology	determiner_noun_agreement	Write a natural, coherent English sentence.
124	8	Wayne might remember these new oases.	Wayne might remember this new oases.	-83.0	-83.0	-10.375	-10.375	False	False	morphology	determiner_noun_agreement	Write a natural, coherent English sentence.
125	8	Some high school alarms this determined man.	Some high school alarms these determined man.	-93.5	-93.5	-10.375	-10.375	False	False	morphology	determiner_noun_agreement	Write a natural, coherent English sentence.
126	8	Vincent had returned to these out in the open oases.	Vincent had returned to this out in the open oases.	-124.5	-124.5	-10.375	-10.375	False	False	morphology	determiner_noun_agreement	Write a natural, coherent English sentence.
127	8	Marla hired this standing child.	Marla hired these standing child.	-72.5	-72.5	-10.375	-10.375	False	False	morphology	determiner_noun_agreement	Write a natural, coherent English sentence.
128	8	Some cucumber has upset those ill men.	Some cucumber has upset that ill men.	-104.0	-104.0	-10.375	-10.375	False	False	morphology	determiner_noun_agreement	Write a natural, coherent English sentence.
129	8	Russell hasn't kissed this content man.	Russell hasn't kissed these content man.	-93.5	-93.5	-10.375	-10.375	False	False	morphology	determiner_noun_agreement	Write a natural, coherent English sentence.
130	8	Guy has left this determined man.	Guy has left these determined man.	-72.5	-72.5	-10.375	-10.375	False	False	morphology	determiner_noun_agreement	Write a natural, coherent English sentence.
131	8	The Lutherans listen to these employed women.	The Lutherans listen to this employed women.	-93.5	-93.5	-10.375	-10.375	False	False	morphology	determiner_noun_agreement	Write a natural, coherent English sentence.
132	8	Candice disliked these bad analyses.	Candice disliked this bad analyses.	-103.5	-103.5	-10.375	-10.375	False	False	morphology	determiner_noun_agreement	Write a natural, coherent English sentence.
133	8	Many women heal these lost geese.	Many women heal this lost geese.	-83.0	-83.0	-10.375	-10.375	False	False	morphology	determiner_noun_agreement	Write a natural, coherent English sentence.
134	8	Wayne has remembered these smart people.	Wayne has remembered this smart people.	-72.5	-72.5	-10.375	-10.375	False	False	morphology	determiner_noun_agreement	Write a natural, coherent English sentence.
135	8	This teenager had dropped by these white oases.	This teenager had dropped by this white oases.	-104.0	-104.0	-10.375	-10.375	False	False	morphology	determiner_noun_agreement	Write a natural, coherent English sentence.
136	8	Eva has exited those smooth oases.	Eva has exited that smooth oases.	-93.5	-93.5	-10.375	-10.375	False	False	morphology	determiner_noun_agreement	Write a natural, coherent English sentence.
137	8	Cheryl wouldn't aggravate that bad person.	Cheryl wouldn't aggravate those bad person.	-124.5	-124.5	-10.375	-10.375	False	False	morphology	determiner_noun_agreement	Write a natural, coherent English sentence.
138	8	Katherine hadn't shocked those young children.	Katherine hadn't shocked that young children.	-104.0	-104.0	-10.375	-10.375	False	False	morphology	determiner_noun_agreement	Write a natural, coherent English sentence.
139	8	The student loves these troubled people.	The student loves this troubled people.	-83.0	-83.0	-10.375	-10.375	False	False	morphology	determiner_noun_agreement	Write a natural, coherent English sentence.
140	8	Tracy cared for those smart alumni.	Tracy cared for that smart alumni.	-104.0	-104.0	-10.375	-10.375	False	False	morphology	determiner_noun_agreement	Write a natural, coherent English sentence.
141	8	Guys return to these small oases.	Guys return to this small oases.	-93.5	-93.5	-10.375	-10.375	False	False	morphology	determiner_noun_agreement	Write a natural, coherent English sentence.
142	8	Marcus won't bike to this white oasis.	Marcus won't bike to these white oasis.	-114.0	-114.0	-10.375	-10.375	False	False	morphology	determiner_noun_agreement	Write a natural, coherent English sentence.
143	8	Eggplants impressed these unconvinced alumni.	Eggplants impressed this unconvinced alumni.	-145.0	-145.0	-10.375	-10.375	False	False	morphology	determiner_noun_agreement	Write a natural, coherent English sentence.
144	8	A turtle has bored those troubled children.	A turtle has bored that troubled children.	-114.0	-114.0	-10.375	-10.375	False	False	morphology	determiner_noun_agreement	Write a natural, coherent English sentence.
145	8	The adults were taking those old teeth.	The adults were taking that old teeth.	-83.0	-83.0	-10.375	-10.375	False	False	morphology	determiner_noun_agreement	Write a natural, coherent English sentence.
146	8	Alan wasn't returning to those blue oases.	Alan wasn't returning to that blue oases.	-114.0	-114.0	-10.375	-10.375	False	False	morphology	determiner_noun_agreement	Write a natural, coherent English sentence.
147	8	Theodore had lifted this rough cactus.	Theodore had lifted these rough cactus.	-103.5	-103.5	-10.375	-10.375	False	False	morphology	determiner_noun_agreement	Write a natural, coherent English sentence.
148	8	Joel isn't praising those good synopses.	Joel isn't praising that good synopses.	-124.5	-124.5	-10.375	-10.375	False	False	morphology	determiner_noun_agreement	Write a natural, coherent English sentence.
149	8	The pedestrian knows these standing women.	The pedestrian knows this standing women.	-83.0	-83.0	-10.375	-10.375	False	False	morphology	determiner_noun_agreement	Write a natural, coherent English sentence.
150	8	Some museums forget that good analysis.	Some museums forget those good analysis.	-83.0	-83.0	-10.375	-10.375	False	False	morphology	determiner_noun_agreement	Write a natural, coherent English sentence.
151	8	The Clintons might clean that lost fungus.	The Clintons might clean those lost fungus.	-124.5	-124.5	-10.375	-10.375	False	False	morphology	determiner_noun_agreement	Write a natural, coherent English sentence.
152	8	Mary is bothering these out in the open children.	Mary is bothering this out in the open children.	-114.0	-114.0	-10.375	-10.375	False	False	morphology	determiner_noun_agreement	Write a natural, coherent English sentence.
153	8	Many customers sell that lost ox.	Many customers sell those lost ox.	-72.5	-72.5	-10.375	-10.375	False	False	morphology	determiner_noun_agreement	Write a natural, coherent English sentence.
154	8	These waitresses praise these troubled men.	These waitresses praise this troubled men.	-103.5	-103.5	-10.375	-10.375	False	False	morphology	determiner_noun_agreement	Write a natural, coherent English sentence.
155	8	Many men didn't admire that nice person.	Many men didn't admire those nice person.	-114.0	-114.0	-10.375	-10.375	False	False	morphology	determiner_noun_agreement	Write a natural, coherent English sentence.
156	8	Jesus ran around this exposed oasis.	Jesus ran around these exposed oasis.	-83.0	-83.0	-10.375	-10.375	False	False	morphology	determiner_noun_agreement	Write a natural, coherent English sentence.
157	8	Many customers talk about that delighted child.	Many customers talk about those delighted child.	-83.0	-83.0	-10.375	-10.375	False	False	morphology	determiner_noun_agreement	Write a natural, coherent English sentence.
158	8	Drawings had disgusted this small woman.	Drawings had disgusted these small woman.	-93.5	-93.5	-10.375	-10.375	False	False	morphology	determiner_noun_agreement	Write a natural, coherent English sentence.
159	8	Colleen did care for that good man.	Colleen did care for those good man.	-93.5	-93.5	-10.375	-10.375	False	False	morphology	determiner_noun_agreement	Write a natural, coherent English sentence.
160	8	Marcus admired those exposed geese.	Marcus admired that exposed geese.	-83.0	-83.0	-10.375	-10.375	False	False	morphology	determiner_noun_agreement	Write a natural, coherent English sentence.
161	8	Randolf has noticed this clean foot.	Randolf has noticed these clean foot.	-83.0	-83.0	-10.375	-10.375	False	False	morphology	determiner_noun_agreement	Write a natural, coherent English sentence.
162	8	Craig could listen to that determined man.	Craig could listen to those determined man.	-83.0	-83.0	-10.375	-10.375	False	False	morphology	determiner_noun_agreement	Write a natural, coherent English sentence.
163	8	Movies stunned this small man.	Movies stunned these small man.	-83.0	-83.0	-10.375	-10.375	False	False	morphology	determiner_noun_agreement	Write a natural, coherent English sentence.
164	8	Timothy buys this rough ox.	Timothy buys these rough ox.	-83.0	-83.0	-10.375	-10.375	False	False	morphology	determiner_noun_agreement	Write a natural, coherent English sentence.
165	8	Some women go to those red oases.	Some women go to that red oases.	-93.5	-93.5	-10.375	-10.375	False	False	morphology	determiner_noun_agreement	Write a natural, coherent English sentence.
166	8	Ruth fixed this clean tooth.	Ruth fixed these clean tooth.	-62.25	-62.25	-10.375	-10.375	False	False	morphology	determiner_noun_agreement	Write a natural, coherent English sentence.
167	8	Monica is boring those clever men.	Monica is boring that clever men.	-83.0	-83.0	-10.375	-10.375	False	False	morphology	determiner_noun_agreement	Write a natural, coherent English sentence.
168	8	Janice knows these hidden alumni.	Janice knows this hidden alumni.	-93.5	-93.5	-10.375	-10.375	False	False	morphology	determiner_noun_agreement	Write a natural, coherent English sentence.
169	8	Spain insults this delighted alumnus.	Spain insults these delighted alumnus.	-93.5	-93.5	-10.375	-10.375	False	False	morphology	determiner_noun_agreement	Write a natural, coherent English sentence.
170	8	Some planes bore that displeased child.	Some planes bore those displeased child.	-93.5	-93.5	-10.375	-10.375	False	False	morphology	determiner_noun_agreement	Write a natural, coherent English sentence.
171	8	Dishes should upset these happy men.	Dishes should upset this happy men.	-83.0	-83.0	-10.375	-10.375	False	False	morphology	determiner_noun_agreement	Write a natural, coherent English sentence.
172	8	That painting looked like these yellow stimuli.	That painting looked like this yellow stimuli.	-93.0	-93.0	-10.375	-10.375	False	False	morphology	determiner_noun_agreement	Write a natural, coherent English sentence.
173	8	Amy shocked that content man.	Amy shocked those content man.	-62.25	-62.25	-10.375	-10.375	False	False	morphology	determiner_noun_agreement	Write a natural, coherent English sentence.
174	8	Melinda hasn't hidden this determined woman.	Melinda hasn't hidden these determined woman.	-103.5	-103.5	-10.375	-10.375	False	False	morphology	determiner_noun_agreement	Write a natural, coherent English sentence.
175	8	Caroline did drive to this brown oasis.	Caroline did drive to these brown oasis.	-93.5	-93.5	-10.375	-10.375	False	False	morphology	determiner_noun_agreement	Write a natural, coherent English sentence.
176	8	That rice disturbed those smart alumni.	That rice disturbed that smart alumni.	-104.0	-104.0	-10.375	-10.375	False	False	morphology	determiner_noun_agreement	Write a natural, coherent English sentence.
177	8	Brian will examine these long analyses.	Brian will examine this long analyses.	-83.0	-83.0	-10.375	-10.375	False	False	morphology	determiner_noun_agreement	Write a natural, coherent English sentence.
178	8	Mark dislikes this uncertain child.	Mark dislikes these uncertain child.	-83.0	-83.0	-10.375	-10.375	False	False	morphology	determiner_noun_agreement	Write a natural, coherent English sentence.
179	8	Rose was returning to these out in the open children.	Rose was returning to this out in the open children.	-114.0	-114.0	-10.375	-10.375	False	False	morphology	determiner_noun_agreement	Write a natural, coherent English sentence.
180	8	The guest has fixed this red tooth.	The guest has fixed these red tooth.	-83.0	-83.0	-10.375	-10.375	False	False	morphology	determiner_noun_agreement	Write a natural, coherent English sentence.
181	8	Jennifer is breaking this big tooth.	Jennifer is breaking these big tooth.	-72.5	-72.5	-10.375	-10.375	False	False	morphology	determiner_noun_agreement	Write a natural, coherent English sentence.
182	8	Sabrina isn't referencing these red theses.	Sabrina isn't referencing this red theses.	-135.0	-135.0	-10.375	-10.375	False	False	morphology	determiner_noun_agreement	Write a natural, coherent English sentence.
183	8	Valerie hadn't exited that exposed oasis.	Valerie hadn't exited those exposed oasis.	-124.5	-124.5	-10.375	-10.375	False	False	morphology	determiner_noun_agreement	Write a natural, coherent English sentence.
184	8	Every restaurant had worried this hidden child.	Every restaurant had worried these hidden child.	-83.0	-83.0	-10.375	-10.375	False	False	morphology	determiner_noun_agreement	Write a natural, coherent English sentence.
185	8	A woman was examining those long synopses.	A woman was examining that long synopses.	-114.0	-114.0	-10.375	-10.375	False	False	morphology	determiner_noun_agreement	Write a natural, coherent English sentence.
186	8	All actresses approach that content man.	All actresses approach those content man.	-83.0	-83.0	-10.375	-10.375	False	False	morphology	determiner_noun_agreement	Write a natural, coherent English sentence.
187	8	Sarah cleaned those yellow feet.	Sarah cleaned that yellow feet.	-62.25	-62.25	-10.375	-10.375	False	False	morphology	determiner_noun_agreement	Write a natural, coherent English sentence.
188	8	Margaret tours those black oases.	Margaret tours that black oases.	-72.5	-72.5	-10.375	-10.375	False	False	morphology	determiner_noun_agreement	Write a natural, coherent English sentence.
189	8	Rachel wasn't messing up this clean foot.	Rachel wasn't messing up these clean foot.	-114.0	-114.0	-10.375	-10.375	False	False	morphology	determiner_noun_agreement	Write a natural, coherent English sentence.
190	8	The Lutherans go to that old oasis.	The Lutherans go to those old oasis.	-103.5	-103.5	-10.375	-10.375	False	False	morphology	determiner_noun_agreement	Write a natural, coherent English sentence.
191	8	The lamps shock those hidden alumni.	The lamps shock that hidden alumni.	-104.0	-104.0	-10.375	-10.375	False	False	morphology	determiner_noun_agreement	Write a natural, coherent English sentence.
192	8	Claire conceals those small stimuli.	Claire conceals that small stimuli.	-83.0	-83.0	-10.375	-10.375	False	False	morphology	determiner_noun_agreement	Write a natural, coherent English sentence.
193	8	Most documentaries annoy that busy person.	Most documentaries annoy those busy person.	-83.0	-83.0	-10.375	-10.375	False	False	morphology	determiner_noun_agreement	Write a natural, coherent English sentence.
194	8	Pamela shouldn't return to those exposed men.	Pamela shouldn't return to that exposed men.	-114.0	-114.0	-10.375	-10.375	False	False	morphology	determiner_noun_agreement	Write a natural, coherent English sentence.
195	8	That person couldn't arrive at that purple oasis.	That person couldn't arrive at those purple oasis.	-124.5	-124.5	-10.375	-10.375	False	False	morphology	determiner_noun_agreement	Write a natural, coherent English sentence.
196	8	Alicia won't admire those big nuclei.	Alicia won't admire that big nuclei.	-135.0	-135.0	-10.375	-10.375	False	False	morphology	determiner_noun_agreement	Write a natural, coherent English sentence.
197	8	Curtis arrived at that red oasis.	Curtis arrived at those red oasis.	-93.5	-93.5	-10.375	-10.375	False	False	morphology	determiner_noun_agreement	Write a natural, coherent English sentence.
198	8	People investigate that smart man.	People investigate those smart man.	-62.25	-62.25	-10.375	-10.375	False	False	morphology	determiner_noun_agreement	Write a natural, coherent English sentence.
199	8	Some boys hire these content alumni.	Some boys hire this content alumni.	-93.5	-93.5	-10.375	-10.375	False	False	morphology	determiner_noun_agreement	Write a natural, coherent English sentence.
200	8	Leslie found these brown feet.	Leslie found this brown feet.	-72.5	-72.5	-10.375	-10.375	False	False	morphology	determiner_noun_agreement	Write a natural, coherent English sentence.
201	8	Alexander was firing that displeased woman.	Alexander was firing those displeased woman.	-93.5	-93.5	-10.375	-10.375	False	False	morphology	determiner_noun_agreement	Write a natural, coherent English sentence.
202	8	Florence hasn't argued about those confident children.	Florence hasn't argued about that confident children.	-104.0	-104.0	-10.375	-10.375	False	False	morphology	determiner_noun_agreement	Write a natural, coherent English sentence.
203	8	That adult hadn't complained about that exposed man.	That adult hadn't complained about those exposed man.	-114.0	-114.0	-10.375	-10.375	False	False	morphology	determiner_noun_agreement	Write a natural, coherent English sentence.
204	8	Larry works with these scared women.	Larry works with this scared women.	-72.5	-72.5	-10.375	-10.375	False	False	morphology	determiner_noun_agreement	Write a natural, coherent English sentence.
205	8	Kathleen leaves this old child.	Kathleen leaves these old child.	-72.5	-72.5	-10.375	-10.375	False	False	morphology	determiner_noun_agreement	Write a natural, coherent English sentence.
206	8	The actresses weren't watching these scared people.	The actresses weren't watching this scared people.	-114.0	-114.0	-10.375	-10.375	False	False	morphology	determiner_noun_agreement	Write a natural, coherent English sentence.
207	8	Derek isn't escaping from these blue oases.	Derek isn't escaping from this blue oases.	-135.0	-135.0	-10.375	-10.375	False	False	morphology	determiner_noun_agreement	Write a natural, coherent English sentence.
208	8	Naomi isn't talking about that cheap oasis.	Naomi isn't talking about those cheap oasis.	-124.5	-124.5	-10.375	-10.375	False	False	morphology	determiner_noun_agreement	Write a natural, coherent English sentence.
209	8	These guests hate these troubled men.	These guests hate this troubled men.	-83.0	-83.0	-10.375	-10.375	False	False	morphology	determiner_noun_agreement	Write a natural, coherent English sentence.
210	8	Patricia wasn't hiring those small children.	Patricia wasn't hiring that small children.	-114.0	-114.0	-10.375	-10.375	False	False	morphology	determiner_noun_agreement	Write a natural, coherent English sentence.
211	8	All stairs weren't alarming that lucky woman.	All stairs weren't alarming those lucky woman.	-114.0	-114.0	-10.375	-10.375	False	False	morphology	determiner_noun_agreement	Write a natural, coherent English sentence.
212	8	Many drivers left that confident alumnus.	Many drivers left those confident alumnus.	-93.5	-93.5	-10.375	-10.375	False	False	morphology	determiner_noun_agreement	Write a natural, coherent English sentence.
213	8	Every skirt disgusts these smart children.	Every skirt disgusts this smart children.	-83.0	-83.0	-10.375	-10.375	False	False	morphology	determiner_noun_agreement	Write a natural, coherent English sentence.
214	8	Valerie has astounded that lost alumnus.	Valerie has astounded those lost alumnus.	-124.5	-124.5	-10.375	-10.375	False	False	morphology	determiner_noun_agreement	Write a natural, coherent English sentence.
215	8	Sonia should describe this determined child.	Sonia should describe these determined child.	-83.0	-83.0	-10.375	-10.375	False	False	morphology	determiner_noun_agreement	Write a natural, coherent English sentence.
216	8	A lot of lakes weren't disgusting that old person.	A lot of lakes weren't disgusting those old person.	-145.0	-145.0	-10.375	-10.375	False	False	morphology	determiner_noun_agreement	Write a natural, coherent English sentence.
217	8	Some pants hadn't aggravated that good woman.	Some pants hadn't aggravated those good woman.	-124.5	-124.5	-10.375	-10.375	False	False	morphology	determiner_noun_agreement	Write a natural, coherent English sentence.
218	8	Anne does return to that old woman.	Anne does return to those old woman.	-83.0	-83.0	-10.375	-10.375	False	False	morphology	determiner_noun_agreement	Write a natural, coherent English sentence.
219	8	Alan wasn't listening to that delighted person.	Alan wasn't listening to those delighted person.	-104.0	-104.0	-10.375	-10.375	False	False	morphology	determiner_noun_agreement	Write a natural, coherent English sentence.
220	8	Some icicles annoy those serious alumni.	Some icicles annoy that serious alumni.	-103.5	-103.5	-10.375	-10.375	False	False	morphology	determiner_noun_agreement	Write a natural, coherent English sentence.
221	8	Many women won't scare those uncertain men.	Many women won't scare that uncertain men.	-114.0	-114.0	-10.375	-10.375	False	False	morphology	determiner_noun_agreement	Write a natural, coherent English sentence.
222	8	Science disgusts this unconvinced alumnus.	Science disgusts these unconvinced alumnus.	-124.5	-124.5	-10.375	-10.375	False	False	morphology	determiner_noun_agreement	Write a natural, coherent English sentence.
223	8	Connie tours these rough oases.	Connie tours this rough oases.	-83.0	-83.0	-10.375	-10.375	False	False	morphology	determiner_noun_agreement	Write a natural, coherent English sentence.
224	8	Those banks were talking about this lost thesis.	Those banks were talking about these lost thesis.	-93.5	-93.5	-10.375	-10.375	False	False	morphology	determiner_noun_agreement	Write a natural, coherent English sentence.
225	8	Some prints didn't look like this rough louse.	Some prints didn't look like these rough louse.	-124.5	-124.5	-10.375	-10.375	False	False	morphology	determiner_noun_agreement	Write a natural, coherent English sentence.
226	8	All pedestrians like those rough theses.	All pedestrians like that rough theses.	-104.0	-104.0	-10.375	-10.375	False	False	morphology	determiner_noun_agreement	Write a natural, coherent English sentence.
227	8	Douglas saw that black fungus.	Douglas saw those black fungus.	-83.0	-83.0	-10.375	-10.375	False	False	morphology	determiner_noun_agreement	Write a natural, coherent English sentence.
228	8	Sarah examined that bad analysis.	Sarah examined those bad analysis.	-62.25	-62.25	-10.375	-10.375	False	False	morphology	determiner_noun_agreement	Write a natural, coherent English sentence.
229	8	An actress researches this long thesis.	An actress researches these long thesis.	-104.0	-104.0	-10.375	-10.375	False	False	morphology	determiner_noun_agreement	Write a natural, coherent English sentence.
230	8	Those waitresses criticize this hidden child.	Those waitresses criticize these hidden child.	-103.5	-103.5	-10.375	-10.375	False	False	morphology	determiner_noun_agreement	Write a natural, coherent English sentence.
231	8	Most drivers question these upset alumni.	Most drivers question this upset alumni.	-93.5	-93.5	-10.375	-10.375	False	False	morphology	determiner_noun_agreement	Write a natural, coherent English sentence.
232	8	Phillip isn't working with these small women.	Phillip isn't working with this small women.	-114.0	-114.0	-10.375	-10.375	False	False	morphology	determiner_noun_agreement	Write a natural, coherent English sentence.
233	8	Jennifer can't aggravate that unlucky man.	Jennifer can't aggravate those unlucky man.	-135.0	-135.0	-10.375	-10.375	False	False	morphology	determiner_noun_agreement	Write a natural, coherent English sentence.
234	8	Essays confuse this good woman.	Essays confuse these good woman.	-83.0	-83.0	-10.375	-10.375	False	False	morphology	determiner_noun_agreement	Write a natural, coherent English sentence.
235	8	Amelia has forgotten those bad analyses.	Amelia has forgotten that bad analyses.	-93.5	-93.5	-10.375	-10.375	False	False	morphology	determiner_noun_agreement	Write a natural, coherent English sentence.
236	8	Michael had explored this brown oasis.	Michael had explored these brown oasis.	-83.0	-83.0	-10.375	-10.375	False	False	morphology	determiner_noun_agreement	Write a natural, coherent English sentence.
237	8	Natalie can aggravate those smart men.	Natalie can aggravate that smart men.	-103.5	-103.5	-10.375	-10.375	False	False	morphology	determiner_noun_agreement	Write a natural, coherent English sentence.
238	8	That patient won't go to these cheap oases.	That patient won't go to this cheap oases.	-124.5	-124.5	-10.375	-10.375	False	False	morphology	determiner_noun_agreement	Write a natural, coherent English sentence.
239	8	Heidi had discovered those black feet.	Heidi had discovered that black feet.	-83.0	-83.0	-10.375	-10.375	False	False	morphology	determiner_noun_agreement	Write a natural, coherent English sentence.
240	8	David hadn't watched those determined men.	David hadn't watched that determined men.	-93.5	-93.5	-10.375	-10.375	False	False	morphology	determiner_noun_agreement	Write a natural, coherent English sentence.
241	8	Some teenager couldn't walk through these green oases.	Some teenager couldn't walk through this green oases.	-124.5	-124.5	-10.375	-10.375	False	False	morphology	determiner_noun_agreement	Write a natural, coherent English sentence.
242	8	Christina shouldn't sell this hard oasis.	Christina shouldn't sell these hard oasis.	-114.0	-114.0	-10.375	-10.375	False	False	morphology	determiner_noun_agreement	Write a natural, coherent English sentence.
243	8	Christopher isn't firing those sick men.	Christopher isn't firing that sick men.	-93.5	-93.5	-10.375	-10.375	False	False	morphology	determiner_noun_agreement	Write a natural, coherent English sentence.
244	8	Most students hide that yellow mouse.	Most students hide those yellow mouse.	-72.5	-72.5	-10.375	-10.375	False	False	morphology	determiner_noun_agreement	Write a natural, coherent English sentence.
245	8	Holly did buy those clean feet.	Holly did buy that clean feet.	-72.5	-72.5	-10.375	-10.375	False	False	morphology	determiner_noun_agreement	Write a natural, coherent English sentence.
246	8	Many actors clean these brown theses.	Many actors clean this brown theses.	-83.0	-83.0	-10.375	-10.375	False	False	morphology	determiner_noun_agreement	Write a natural, coherent English sentence.
247	8	Stacy would hide those lost lice.	Stacy would hide that lost lice.	-93.5	-93.5	-10.375	-10.375	False	False	morphology	determiner_noun_agreement	Write a natural, coherent English sentence.
248	8	Alan drove to that new oasis.	Alan drove to those new oasis.	-83.0	-83.0	-10.375	-10.375	False	False	morphology	determiner_noun_agreement	Write a natural, coherent English sentence.
249	8	The Impressionists tour this purple oasis.	The Impressionists tour these purple oasis.	-103.5	-103.5	-10.375	-10.375	False	False	morphology	determiner_noun_agreement	Write a natural, coherent English sentence.
250	8	Wayne is talking to this hidden woman.	Wayne is talking to these hidden woman.	-83.0	-83.0	-10.375	-10.375	False	False	morphology	determiner_noun_agreement	Write a natural, coherent English sentence.
251	8	Christopher forgets this happy child.	Christopher forgets these happy child.	-72.5	-72.5	-10.375	-10.375	False	False	morphology	determiner_noun_agreement	Write a natural, coherent English sentence.
252	8	Julie can boycott those cheap oases.	Julie can boycott that cheap oases.	-93.5	-93.5	-10.375	-10.375	False	False	morphology	determiner_noun_agreement	Write a natural, coherent English sentence.
253	8	Most senators dislike these bad theses.	Most senators dislike this bad theses.	-104.0	-104.0	-10.375	-10.375	False	False	morphology	determiner_noun_agreement	Write a natural, coherent English sentence.
254	8	Denise concealed this content person.	Denise concealed these content person.	-83.0	-83.0	-10.375	-10.375	False	False	morphology	determiner_noun_agreement	Write a natural, coherent English sentence.
255	8	Some bike shocks these nice women.	Some bike shocks this nice women.	-83.0	-83.0	-10.375	-10.375	False	False	morphology	determiner_noun_agreement	Write a natural, coherent English sentence.
256	8	These teenagers fix those hidden feet.	These teenagers fix that hidden feet.	-83.0	-83.0	-10.375	-10.375	False	False	morphology	determiner_noun_agreement	Write a natural, coherent English sentence.
257	8	Ella praised that ill woman.	Ella praised those ill woman.	-72.5	-72.5	-10.375	-10.375	False	False	morphology	determiner_noun_agreement	Write a natural, coherent English sentence.
258	8	Current events stun these lost people.	Current events stun this lost people.	-83.0	-83.0	-10.375	-10.375	False	False	morphology	determiner_noun_agreement	Write a natural, coherent English sentence.
259	8	Mary tours this gray oasis.	Mary tours these gray oasis.	-72.5	-72.5	-10.375	-10.375	False	False	morphology	determiner_noun_agreement	Write a natural, coherent English sentence.
260	8	Linda visited those unsure men.	Linda visited that unsure men.	-72.5	-72.5	-10.375	-10.375	False	False	morphology	determiner_noun_agreement	Write a natural, coherent English sentence.
261	8	Dan wouldn't boycott that smooth oasis.	Dan wouldn't boycott those smooth oasis.	-114.0	-114.0	-10.375	-10.375	False	False	morphology	determiner_noun_agreement	Write a natural, coherent English sentence.
262	8	Those men leave that brown oasis.	Those men leave those brown oasis.	-83.0	-83.0	-10.375	-10.375	False	False	morphology	determiner_noun_agreement	Write a natural, coherent English sentence.
263	8	Lissa does pass these black oases.	Lissa does pass this black oases.	-93.5	-93.5	-10.375	-10.375	False	False	morphology	determiner_noun_agreement	Write a natural, coherent English sentence.
264	8	Alice had embarrassed this happy man.	Alice had embarrassed these happy man.	-72.5	-72.5	-10.375	-10.375	False	False	morphology	determiner_noun_agreement	Write a natural, coherent English sentence.
265	8	Wayne is worrying that hopeful child.	Wayne is worrying those hopeful child.	-83.0	-83.0	-10.375	-10.375	False	False	morphology	determiner_noun_agreement	Write a natural, coherent English sentence.
266	8	Lucille is biking to that green oasis.	Lucille is biking to those green oasis.	-114.0	-114.0	-10.375	-10.375	False	False	morphology	determiner_noun_agreement	Write a natural, coherent English sentence.
267	8	Katherine hadn't skated around this white oasis.	Katherine hadn't skated around these white oasis.	-135.0	-135.0	-10.375	-10.375	False	False	morphology	determiner_noun_agreement	Write a natural, coherent English sentence.
268	8	James observed this hopeful child.	James observed these hopeful child.	-72.5	-72.5	-10.375	-10.375	False	False	morphology	determiner_noun_agreement	Write a natural, coherent English sentence.
269	8	Gerald liked this big child.	Gerald liked these big child.	-72.5	-72.5	-10.375	-10.375	False	False	morphology	determiner_noun_agreement	Write a natural, coherent English sentence.
270	8	That committee wasn't hiring this displeased alumnus.	That committee wasn't hiring these displeased alumnus.	-145.0	-145.0	-10.375	-10.375	False	False	morphology	determiner_noun_agreement	Write a natural, coherent English sentence.
271	8	Gary isn't breaking that white tooth.	Gary isn't breaking those white tooth.	-93.5	-93.5	-10.375	-10.375	False	False	morphology	determiner_noun_agreement	Write a natural, coherent English sentence.
272	8	Walter hasn't seen those content children.	Walter hasn't seen that content children.	-93.5	-93.5	-10.375	-10.375	False	False	morphology	determiner_noun_agreement	Write a natural, coherent English sentence.
273	8	Martha didn't clean these hidden teeth.	Martha didn't clean this hidden teeth.	-93.5	-93.5	-10.375	-10.375	False	False	morphology	determiner_noun_agreement	Write a natural, coherent English sentence.
274	8	These teachers are returning to those lost men.	These teachers are returning to that lost men.	-93.5	-93.5	-10.375	-10.375	False	False	morphology	determiner_noun_agreement	Write a natural, coherent English sentence.
275	8	Ellen hadn't boycotted that hidden oasis.	Ellen hadn't boycotted those hidden oasis.	-124.5	-124.5	-10.375	-10.375	False	False	morphology	determiner_noun_agreement	Write a natural, coherent English sentence.
276	8	Some patients drive to these brown oases.	Some patients drive to this brown oases.	-93.5	-93.5	-10.375	-10.375	False	False	morphology	determiner_noun_agreement	Write a natural, coherent English sentence.
277	8	Nina wasn't referencing this ill person.	Nina wasn't referencing these ill person.	-104.0	-103.5	-10.375	-10.375	False	False	morphology	determiner_noun_agreement	Write a natural, coherent English sentence.
278	8	Denise praises these fast children.	Denise praises this fast children.	-83.0	-83.0	-10.375	-10.375	False	False	morphology	determiner_noun_agreement	Write a natural, coherent English sentence.
279	8	Most customers attack that clever man.	Most customers attack those clever man.	-72.5	-72.5	-10.375	-10.375	False	False	morphology	determiner_noun_agreement	Write a natural, coherent English sentence.
280	8	Every photograph looks like those exposed people.	Every photograph looks like that exposed people.	-83.0	-83.0	-10.375	-10.375	False	False	morphology	determiner_noun_agreement	Write a natural, coherent English sentence.
281	8	Cindy shouldn't cure that confident alumnus.	Cindy shouldn't cure those confident alumnus.	-135.0	-135.0	-10.375	-10.375	False	False	morphology	determiner_noun_agreement	Write a natural, coherent English sentence.
282	8	The Borgias reveal these blue feet.	The Borgias reveal this blue feet.	-93.5	-93.5	-10.375	-10.375	False	False	morphology	determiner_noun_agreement	Write a natural, coherent English sentence.
283	8	Ella lifts these exposed fungi.	Ella lifts this exposed fungi.	-93.5	-93.5	-10.375	-10.375	False	False	morphology	determiner_noun_agreement	Write a natural, coherent English sentence.
284	8	The Lutherans astound that unsure person.	The Lutherans astound those unsure person.	-103.5	-103.5	-10.375	-10.375	False	False	morphology	determiner_noun_agreement	Write a natural, coherent English sentence.
285	8	These cakes bore that determined woman.	These cakes bore those determined woman.	-83.0	-83.0	-10.375	-10.375	False	False	morphology	determiner_noun_agreement	Write a natural, coherent English sentence.
286	8	Nina lifts this orange cactus.	Nina lifts these orange cactus.	-93.5	-93.5	-10.375	-10.375	False	False	morphology	determiner_noun_agreement	Write a natural, coherent English sentence.
287	8	The actors kiss these unconvinced children.	The actors kiss this unconvinced children.	-104.0	-104.0	-10.375	-10.375	False	False	morphology	determiner_noun_agreement	Write a natural, coherent English sentence.
288	8	Sharon dislikes that brown thesis.	Sharon dislikes those brown thesis.	-93.5	-93.5	-10.375	-10.375	False	False	morphology	determiner_noun_agreement	Write a natural, coherent English sentence.
289	8	The customers sell these rough fungi.	The customers sell this rough fungi.	-83.0	-83.0	-10.375	-10.375	False	False	morphology	determiner_noun_agreement	Write a natural, coherent English sentence.
290	8	Janice didn't cure those employed men.	Janice didn't cure that employed men.	-104.0	-104.0	-10.375	-10.375	False	False	morphology	determiner_noun_agreement	Write a natural, coherent English sentence.
291	8	Paula left this uncertain person.	Paula left these uncertain person.	-72.5	-72.5	-10.375	-10.375	False	False	morphology	determiner_noun_agreement	Write a natural, coherent English sentence.
292	8	Those guys had escaped from those employed children.	Those guys had escaped from that employed children.	-93.5	-93.5	-10.375	-10.375	False	False	morphology	determiner_noun_agreement	Write a natural, coherent English sentence.
293	8	Christine wasn't touring that old oasis.	Christine wasn't touring those old oasis.	-124.5	-124.5	-10.375	-10.375	False	False	morphology	determiner_noun_agreement	Write a natural, coherent English sentence.
294	8	These waitresses praise this rough thesis.	These waitresses praise these rough thesis.	-93.0	-93.0	-10.375	-10.375	False	False	morphology	determiner_noun_agreement	Write a natural, coherent English sentence.
295	8	Some girls hadn't passed this concealed oasis.	Some girls hadn't passed these concealed oasis.	-124.5	-124.5	-10.375	-10.375	False	False	morphology	determiner_noun_agreement	Write a natural, coherent English sentence.
296	8	Andrea lifts these small cacti.	Andrea lifts this small cacti.	-93.5	-93.5	-10.375	-10.375	False	False	morphology	determiner_noun_agreement	Write a natural, coherent English sentence.
297	8	Kristen is scanning those bad synopses.	Kristen is scanning that bad synopses.	-114.0	-114.0	-10.375	-10.375	False	False	morphology	determiner_noun_agreement	Write a natural, coherent English sentence.
298	8	Alan is skated around these cheap oases.	Alan is skated around this cheap oases.	-104.0	-104.0	-10.375	-10.375	False	False	morphology	determiner_noun_agreement	Write a natural, coherent English sentence.
299	8	Kayla has investigated these busy people.	Kayla has investigated this busy people.	-83.0	-83.0	-10.375	-10.375	False	False	morphology	determiner_noun_agreement	Write a natural, coherent English sentence.
300	8	Timothy observes that good woman.	Timothy observes those good woman.	-83.0	-83.0	-10.375	-10.375	False	False	morphology	determiner_noun_agreement	Write a natural, coherent English sentence.
301	8	Every museum hadn't discussed those hidden theses.	Every museum hadn't discussed that hidden theses.	-114.0	-114.0	-10.375	-10.375	False	False	morphology	determiner_noun_agreement	Write a natural, coherent English sentence.
302	8	Some cashiers help this troubled person.	Some cashiers help these troubled person.	-93.0	-93.0	-10.375	-10.375	False	False	morphology	determiner_noun_agreement	Write a natural, coherent English sentence.
303	8	Amanda was attacking that displeased woman.	Amanda was attacking those displeased woman.	-93.5	-93.5	-10.375	-10.375	False	False	morphology	determiner_noun_agreement	Write a natural, coherent English sentence.
304	8	This window upsets these lost people.	This window upsets this lost people.	-83.0	-83.0	-10.375	-10.375	False	False	morphology	determiner_noun_agreement	Write a natural, coherent English sentence.
305	8	Cindy wasn't bringing those gray cacti.	Cindy wasn't bringing that gray cacti.	-135.0	-135.0	-10.375	-10.375	False	False	morphology	determiner_noun_agreement	Write a natural, coherent English sentence.
306	8	Peter complained about these good synopses.	Peter complained about this good synopses.	-93.0	-93.0	-10.375	-10.375	False	False	morphology	determiner_noun_agreement	Write a natural, coherent English sentence.
307	8	Danielle was touring those new oases.	Danielle was touring that new oases.	-103.5	-103.5	-10.375	-10.375	False	False	morphology	determiner_noun_agreement	Write a natural, coherent English sentence.
308	8	Elaine discusses that standing person.	Elaine discusses those standing person.	-83.0	-83.0	-10.375	-10.375	False	False	morphology	determiner_noun_agreement	Write a natural, coherent English sentence.
309	8	Jacqueline had healed those rough geese.	Jacqueline had healed that rough geese.	-114.0	-114.0	-10.375	-10.375	False	False	morphology	determiner_noun_agreement	Write a natural, coherent English sentence.
310	8	All rivers were distracting those standing men.	All rivers were distracting that standing men.	-93.5	-93.5	-10.375	-10.375	False	False	morphology	determiner_noun_agreement	Write a natural, coherent English sentence.
311	8	Some people exit those yellow oases.	Some people exit that yellow oases.	-83.0	-83.0	-10.375	-10.375	False	False	morphology	determiner_noun_agreement	Write a natural, coherent English sentence.
312	8	Becca isn't exploring these hard oases.	Becca isn't exploring this hard oases.	-114.0	-114.0	-10.375	-10.375	False	False	morphology	determiner_noun_agreement	Write a natural, coherent English sentence.
313	8	Timothy revealed that big foot.	Timothy revealed those big foot.	-72.5	-72.5	-10.375	-10.375	False	False	morphology	determiner_noun_agreement	Write a natural, coherent English sentence.
314	8	Adam fires these determined men.	Adam fires this determined men.	-62.25	-62.25	-10.375	-10.375	False	False	morphology	determiner_noun_agreement	Write a natural, coherent English sentence.
315	8	The teenagers clean this purple foot.	The teenagers clean these purple foot.	-83.0	-83.0	-10.375	-10.375	False	False	morphology	determiner_noun_agreement	Write a natural, coherent English sentence.
316	8	The Great Lakes could annoy that troubled man.	The Great Lakes could annoy those troubled man.	-114.0	-114.0	-10.375	-10.375	False	False	morphology	determiner_noun_agreement	Write a natural, coherent English sentence.
317	8	Karen discusses those bad men.	Karen discusses that bad men.	-72.5	-72.5	-10.375	-10.375	False	False	morphology	determiner_noun_agreement	Write a natural, coherent English sentence.
318	8	Phillip didn't find those ill alumni.	Phillip didn't find that ill alumni.	-124.5	-124.5	-10.375	-10.375	False	False	morphology	determiner_noun_agreement	Write a natural, coherent English sentence.
319	8	A lot of men reference these good analyses.	A lot of men reference this good analyses.	-103.5	-103.5	-10.375	-10.375	False	False	morphology	determiner_noun_agreement	Write a natural, coherent English sentence.
320	8	Larry had insulted these lucky children.	Larry had insulted this lucky children.	-83.0	-83.0	-10.375	-10.375	False	False	morphology	determiner_noun_agreement	Write a natural, coherent English sentence.
321	8	Debra is firing that determined child.	Debra is firing those determined child.	-83.0	-83.0	-10.375	-10.375	False	False	morphology	determiner_noun_agreement	Write a natural, coherent English sentence.
322	8	Noah was watching that fast woman.	Noah was watching those fast woman.	-72.5	-72.5	-10.375	-10.375	False	False	morphology	determiner_noun_agreement	Write a natural, coherent English sentence.
323	8	Gina works with that displeased person.	Gina works with those displeased person.	-103.5	-103.5	-10.375	-10.375	False	False	morphology	determiner_noun_agreement	Write a natural, coherent English sentence.
324	8	Most doctors would bring these big nuclei.	Most doctors would bring this big nuclei.	-93.5	-93.5	-10.375	-10.375	False	False	morphology	determiner_noun_agreement	Write a natural, coherent English sentence.
325	8	All drawings alarm that unconvinced child.	All drawings alarm those unconvinced child.	-104.0	-104.0	-10.375	-10.375	False	False	morphology	determiner_noun_agreement	Write a natural, coherent English sentence.
326	8	Some libraries hate that busy man.	Some libraries hate those busy man.	-72.5	-72.5	-10.375	-10.375	False	False	morphology	determiner_noun_agreement	Write a natural, coherent English sentence.
327	8	Derek disgusted that unemployed child.	Derek disgusted those unemployed child.	-93.5	-93.5	-10.375	-10.375	False	False	morphology	determiner_noun_agreement	Write a natural, coherent English sentence.
328	8	Marla hadn't fired these good men.	Marla hadn't fired this good men.	-104.0	-104.0	-10.375	-10.375	False	False	morphology	determiner_noun_agreement	Write a natural, coherent English sentence.
329	8	Carmen examined that red thesis.	Carmen examined those red thesis.	-72.5	-72.5	-10.375	-10.375	False	False	morphology	determiner_noun_agreement	Write a natural, coherent English sentence.
330	8	Amelia investigates this smart woman.	Amelia investigates these smart woman.	-83.0	-83.0	-10.375	-10.375	False	False	morphology	determiner_noun_agreement	Write a natural, coherent English sentence.
331	8	The Borgias hire that displeased alumnus.	The Borgias hire those displeased alumnus.	-135.0	-135.0	-10.375	-10.375	False	False	morphology	determiner_noun_agreement	Write a natural, coherent English sentence.
332	8	Stacey would arrive at these orange oases.	Stacey would arrive at this orange oases.	-114.0	-114.0	-10.375	-10.375	False	False	morphology	determiner_noun_agreement	Write a natural, coherent English sentence.
333	8	Anna works with this lucky man.	Anna works with these lucky man.	-72.5	-72.5	-10.375	-10.375	False	False	morphology	determiner_noun_agreement	Write a natural, coherent English sentence.
334	8	Walter has scanned this rough thesis.	Walter has scanned these rough thesis.	-83.0	-83.0	-10.375	-10.375	False	False	morphology	determiner_noun_agreement	Write a natural, coherent English sentence.
335	8	Some mushroom bothered that lucky woman.	Some mushroom bothered those lucky woman.	-83.0	-83.0	-10.375	-10.375	False	False	morphology	determiner_noun_agreement	Write a natural, coherent English sentence.
336	8	Cynthia walked through this hard oasis.	Cynthia walked through these hard oasis.	-114.0	-114.0	-10.375	-10.375	False	False	morphology	determiner_noun_agreement	Write a natural, coherent English sentence.
337	8	Liam has healed these black oxen.	Liam has healed this black oxen.	-104.0	-104.0	-10.375	-10.375	False	False	morphology	determiner_noun_agreement	Write a natural, coherent English sentence.
338	8	Andrew did notice these white axes.	Andrew did notice this white axes.	-83.0	-83.0	-10.375	-10.375	False	False	morphology	determiner_noun_agreement	Write a natural, coherent English sentence.
339	8	Bethany kisses these serious alumni.	Bethany kisses this serious alumni.	-103.5	-103.5	-10.375	-10.375	False	False	morphology	determiner_noun_agreement	Write a natural, coherent English sentence.
340	8	Vanessa watches this nice person.	Vanessa watches these nice person.	-72.5	-72.5	-10.375	-10.375	False	False	morphology	determiner_noun_agreement	Write a natural, coherent English sentence.
341	8	Every window astounded that big man.	Every window astounded those big man.	-93.5	-93.5	-10.375	-10.375	False	False	morphology	determiner_noun_agreement	Write a natural, coherent English sentence.
342	8	Donna leaves that upset man.	Donna leaves those upset man.	-72.5	-72.5	-10.375	-10.375	False	False	morphology	determiner_noun_agreement	Write a natural, coherent English sentence.
343	8	Many students drop by that orange oasis.	Many students drop by those orange oasis.	-93.5	-93.5	-10.375	-10.375	False	False	morphology	determiner_noun_agreement	Write a natural, coherent English sentence.
344	8	The sketches looked like this unsure man.	The sketches looked like these unsure man.	-114.0	-114.0	-10.375	-10.375	False	False	morphology	determiner_noun_agreement	Write a natural, coherent English sentence.
345	8	Helen fixes that broken tooth.	Helen fixes those broken tooth.	-72.5	-72.5	-10.375	-10.375	False	False	morphology	determiner_noun_agreement	Write a natural, coherent English sentence.
346	8	Robert wasn't annoying that old person.	Robert wasn't annoying those old person.	-93.5	-93.5	-10.375	-10.375	False	False	morphology	determiner_noun_agreement	Write a natural, coherent English sentence.
347	8	Amy isn't talking to that young woman.	Amy isn't talking to those young woman.	-103.5	-104.0	-10.375	-10.375	True	False	morphology	determiner_noun_agreement	Write a natural, coherent English sentence.
348	8	Alan hadn't remembered these long analyses.	Alan hadn't remembered this long analyses.	-103.5	-103.5	-10.375	-10.375	False	False	morphology	determiner_noun_agreement	Write a natural, coherent English sentence.
349	8	Stephen is working with these out in the open women.	Stephen is working with this out in the open women.	-114.0	-114.0	-10.375	-10.375	False	False	morphology	determiner_noun_agreement	Write a natural, coherent English sentence.
350	8	This library had discussed these employed men.	This library had discussed this employed men.	-83.0	-83.0	-10.375	-10.375	False	False	morphology	determiner_noun_agreement	Write a natural, coherent English sentence.
351	8	This teenager can't worry those delighted men.	This teenager can't worry that delighted men.	-104.0	-104.0	-10.375	-10.375	False	False	morphology	determiner_noun_agreement	Write a natural, coherent English sentence.
352	8	Wendy revealed that sick octopus.	Wendy revealed those sick octopus.	-93.5	-93.5	-10.375	-10.375	False	False	morphology	determiner_noun_agreement	Write a natural, coherent English sentence.
353	8	The Clintons haven't worked with that young person.	The Clintons haven't worked with those young person.	-135.0	-135.0	-10.375	-10.375	False	False	morphology	determiner_noun_agreement	Write a natural, coherent English sentence.
354	8	Some committee aggravates this unconvinced woman.	Some committee aggravates these unconvinced woman.	-124.5	-124.5	-10.375	-10.375	False	False	morphology	determiner_noun_agreement	Write a natural, coherent English sentence.
355	8	Guy bored that troubled man.	Guy bored those troubled man.	-72.5	-72.5	-10.375	-10.375	False	False	morphology	determiner_noun_agreement	Write a natural, coherent English sentence.
356	8	Every actress scanned those bad analyses.	Every actress scanned that bad analyses.	-93.5	-93.5	-10.375	-10.375	False	False	morphology	determiner_noun_agreement	Write a natural, coherent English sentence.
357	8	A library alarms that determined child.	A library alarms those determined child.	-83.0	-83.0	-10.375	-10.375	False	False	morphology	determiner_noun_agreement	Write a natural, coherent English sentence.
358	8	Sheila can't notice this clever man.	Sheila can't notice these clever man.	-103.5	-103.5	-10.375	-10.375	False	False	morphology	determiner_noun_agreement	Write a natural, coherent English sentence.
359	8	James forgets this fast alumnus.	James forgets these fast alumnus.	-93.5	-93.5	-10.375	-10.375	False	False	morphology	determiner_noun_agreement	Write a natural, coherent English sentence.
360	8	Noah hasn't thought about these smooth lice.	Noah hasn't thought about this smooth lice.	-114.0	-114.0	-10.375	-10.375	False	False	morphology	determiner_noun_agreement	Write a natural, coherent English sentence.
361	8	Aaron sees these gray oases.	Aaron sees this gray oases.	-72.5	-72.5	-10.375	-10.375	False	False	morphology	determiner_noun_agreement	Write a natural, coherent English sentence.
362	8	Sherry has taken this standing goose.	Sherry has taken these standing goose.	-93.5	-93.5	-10.375	-10.375	False	False	morphology	determiner_noun_agreement	Write a natural, coherent English sentence.
363	8	Marie hasn't found those ill geese.	Marie hasn't found that ill geese.	-103.5	-104.0	-10.375	-10.375	True	False	morphology	determiner_noun_agreement	Write a natural, coherent English sentence.
364	8	Peter isn't arriving at that red oasis.	Peter isn't arriving at those red oasis.	-114.0	-114.0	-10.375	-10.375	False	False	morphology	determiner_noun_agreement	Write a natural, coherent English sentence.
365	8	Jill isn't boycotting those orange oases.	Jill isn't boycotting that orange oases.	-145.0	-145.0	-10.375	-10.375	False	False	morphology	determiner_noun_agreement	Write a natural, coherent English sentence.
366	8	Julia messes up that orange foot.	Julia messes up those orange foot.	-83.0	-83.0	-10.375	-10.375	False	False	morphology	determiner_noun_agreement	Write a natural, coherent English sentence.
367	8	That hill didn't disturb that content woman.	That hill didn't disturb those content woman.	-104.0	-104.0	-10.375	-10.375	False	False	morphology	determiner_noun_agreement	Write a natural, coherent English sentence.
368	8	Suzanne has concealed that concealed man.	Suzanne has concealed those concealed man.	-103.5	-103.5	-10.375	-10.375	False	False	morphology	determiner_noun_agreement	Write a natural, coherent English sentence.
369	8	Alicia sells that orange octopus.	Alicia sells those orange octopus.	-114.0	-114.0	-10.375	-10.375	False	False	morphology	determiner_noun_agreement	Write a natural, coherent English sentence.
370	8	Leslie has discussed that delighted child.	Leslie has discussed those delighted child.	-83.0	-83.0	-10.375	-10.375	False	False	morphology	determiner_noun_agreement	Write a natural, coherent English sentence.
371	8	Andrea could like these white lice.	Andrea could like this white lice.	-83.0	-83.0	-10.375	-10.375	False	False	morphology	determiner_noun_agreement	Write a natural, coherent English sentence.
372	8	Most children break those rough teeth.	Most children break that rough teeth.	-72.5	-72.5	-10.375	-10.375	False	False	morphology	determiner_noun_agreement	Write a natural, coherent English sentence.
373	8	Richard did work with this clever child.	Richard did work with these clever child.	-83.0	-83.0	-10.375	-10.375	False	False	morphology	determiner_noun_agreement	Write a natural, coherent English sentence.
374	8	Anne hugs this unemployed woman.	Anne hugs these unemployed woman.	-83.0	-83.0	-10.375	-10.375	False	False	morphology	determiner_noun_agreement	Write a natural, coherent English sentence.
375	8	Those actors attack that excited child.	Those actors attack those excited child.	-72.5	-72.5	-10.375	-10.375	False	False	morphology	determiner_noun_agreement	Write a natural, coherent English sentence.
376	8	Bruce was hugging that unconvinced man.	Bruce was hugging those unconvinced man.	-114.0	-114.0	-10.375	-10.375	False	False	morphology	determiner_noun_agreement	Write a natural, coherent English sentence.
377	8	Patrick hasn't hidden this orange oasis.	Patrick hasn't hidden these orange oasis.	-104.0	-104.0	-10.375	-10.375	False	False	morphology	determiner_noun_agreement	Write a natural, coherent English sentence.
378	8	Alicia hadn't discussed that uncertain person.	Alicia hadn't discussed those uncertain person.	-114.0	-114.0	-10.375	-10.375	False	False	morphology	determiner_noun_agreement	Write a natural, coherent English sentence.
379	8	Susan wasn't talking to those confident men.	Susan wasn't talking to that confident men.	-104.0	-104.0	-10.375	-10.375	False	False	morphology	determiner_noun_agreement	Write a natural, coherent English sentence.
380	8	Cheryl will scan that good synopsis.	Cheryl will scan those good synopsis.	-93.5	-93.5	-10.375	-10.375	False	False	morphology	determiner_noun_agreement	Write a natural, coherent English sentence.
381	8	Tamara kissed that unsure man.	Tamara kissed those unsure man.	-83.0	-83.0	-10.375	-10.375	False	False	morphology	determiner_noun_agreement	Write a natural, coherent English sentence.
382	8	Craig boasts about those bad analyses.	Craig boasts about that bad analyses.	-93.5	-93.5	-10.375	-10.375	False	False	morphology	determiner_noun_agreement	Write a natural, coherent English sentence.
383	8	Randolf hadn't hugged those serious people.	Randolf hadn't hugged that serious people.	-114.0	-114.0	-10.375	-10.375	False	False	morphology	determiner_noun_agreement	Write a natural, coherent English sentence.
384	8	Many doctors cure these exposed men.	Many doctors cure this exposed men.	-72.5	-72.5	-10.375	-10.375	False	False	morphology	determiner_noun_agreement	Write a natural, coherent English sentence.
385	8	Women criticized those smooth theses.	Women criticized that smooth theses.	-83.0	-83.0	-10.375	-10.375	False	False	morphology	determiner_noun_agreement	Write a natural, coherent English sentence.
386	8	Some light disturbs that old person.	Some light disturbs those old person.	-93.5	-93.5	-10.375	-10.375	False	False	morphology	determiner_noun_agreement	Write a natural, coherent English sentence.
387	8	Carol was questioning this big man.	Carol was questioning these big man.	-72.5	-72.5	-10.375	-10.375	False	False	morphology	determiner_noun_agreement	Write a natural, coherent English sentence.
388	8	Sara has gone to that old oasis.	Sara has gone to those old oasis.	-93.0	-93.0	-10.375	-10.375	False	False	morphology	determiner_noun_agreement	Write a natural, coherent English sentence.
389	8	Steven brought these red oases.	Steven brought this red oases.	-72.5	-72.5	-10.375	-10.375	False	False	morphology	determiner_noun_agreement	Write a natural, coherent English sentence.
390	8	Diana will disgust these ill children.	Diana will disgust this ill children.	-72.5	-72.5	-10.375	-10.375	False	False	morphology	determiner_noun_agreement	Write a natural, coherent English sentence.
391	8	Steven disturbs these sick alumni.	Steven disturbs this sick alumni.	-104.0	-104.0	-10.375	-10.375	False	False	morphology	determiner_noun_agreement	Write a natural, coherent English sentence.
392	8	Angela wasn't lifting these blue feet.	Angela wasn't lifting this blue feet.	-93.5	-93.5	-10.375	-10.375	False	False	morphology	determiner_noun_agreement	Write a natural, coherent English sentence.
393	8	Sharon hasn't stunned that unsure child.	Sharon hasn't stunned those unsure child.	-124.5	-124.5	-10.375	-10.375	False	False	morphology	determiner_noun_agreement	Write a natural, coherent English sentence.
394	8	These girls question that concealed man.	These girls question those concealed man.	-83.0	-83.0	-10.375	-10.375	False	False	morphology	determiner_noun_agreement	Write a natural, coherent English sentence.
395	8	Martha wasn't kissing this unemployed man.	Martha wasn't kissing these unemployed man.	-114.0	-114.0	-10.375	-10.375	False	False	morphology	determiner_noun_agreement	Write a natural, coherent English sentence.
396	8	Kendra isn't working with this excited child.	Kendra isn't working with these excited child.	-124.5	-124.5	-10.375	-10.375	False	False	morphology	determiner_noun_agreement	Write a natural, coherent English sentence.
397	8	All actresses praise this hard thesis.	All actresses praise these hard thesis.	-83.0	-83.0	-10.375	-10.375	False	False	morphology	determiner_noun_agreement	Write a natural, coherent English sentence.
398	8	David cleans that hard tooth.	David cleans those hard tooth.	-72.5	-72.5	-10.375	-10.375	False	False	morphology	determiner_noun_agreement	Write a natural, coherent English sentence.
399	8	Julia sounded like this uncertain person.	Julia sounded like these uncertain person.	-72.5	-72.5	-10.375	-10.375	False	False	morphology	determiner_noun_agreement	Write a natural, coherent English sentence.
400	8	Those actors attacked that happy alumnus.	Those actors attacked those happy alumnus.	-93.5	-93.5	-10.375	-10.375	False	False	morphology	determiner_noun_agreement	Write a natural, coherent English sentence.
401	8	Eva hadn't admired these black fungi.	Eva hadn't admired this black fungi.	-114.0	-114.0	-10.375	-10.375	False	False	morphology	determiner_noun_agreement	Write a natural, coherent English sentence.
402	8	Many chairs aren't disgusting this unlucky child.	Many chairs aren't disgusting these unlucky child.	-135.0	-135.0	-10.375	-10.375	False	False	morphology	determiner_noun_agreement	Write a natural, coherent English sentence.
403	8	Those waiters break these rough teeth.	Those waiters break this rough teeth.	-83.0	-83.0	-10.375	-10.375	False	False	morphology	determiner_noun_agreement	Write a natural, coherent English sentence.
404	8	Becca leaves this uncertain child.	Becca leaves these uncertain child.	-72.5	-72.5	-10.375	-10.375	False	False	morphology	determiner_noun_agreement	Write a natural, coherent English sentence.
405	8	Some steak disturbs these displeased children.	Some steak disturbs this displeased children.	-124.5	-124.5	-10.375	-10.375	False	False	morphology	determiner_noun_agreement	Write a natural, coherent English sentence.
406	8	Christine wouldn't conceal this lost stimulus.	Christine wouldn't conceal these lost stimulus.	-124.5	-124.5	-10.375	-10.375	False	False	morphology	determiner_noun_agreement	Write a natural, coherent English sentence.
407	8	Every face irritates those unemployed alumni.	Every face irritates that unemployed alumni.	-114.0	-114.0	-10.375	-10.375	False	False	morphology	determiner_noun_agreement	Write a natural, coherent English sentence.
408	8	Susan noticed that unlucky person.	Susan noticed those unlucky person.	-83.0	-83.0	-10.375	-10.375	False	False	morphology	determiner_noun_agreement	Write a natural, coherent English sentence.
409	8	Some women drop by those concealed oases.	Some women drop by that concealed oases.	-104.0	-104.0	-10.375	-10.375	False	False	morphology	determiner_noun_agreement	Write a natural, coherent English sentence.
410	8	The Clintons disagree with these serious men.	The Clintons disagree with this serious men.	-104.0	-104.0	-10.375	-10.375	False	False	morphology	determiner_noun_agreement	Write a natural, coherent English sentence.
411	8	Phillip discovers these busy women.	Phillip discovers this busy women.	-83.0	-83.0	-10.375	-10.375	False	False	morphology	determiner_noun_agreement	Write a natural, coherent English sentence.
412	8	Waiters investigate that hopeful woman.	Waiters investigate those hopeful woman.	-83.0	-83.0	-10.375	-10.375	False	False	morphology	determiner_noun_agreement	Write a natural, coherent English sentence.
413	8	Regina hasn't found these white nuclei.	Regina hasn't found this white nuclei.	-124.5	-124.5	-10.375	-10.375	False	False	morphology	determiner_noun_agreement	Write a natural, coherent English sentence.
414	8	Irene scanned those purple theses.	Irene scanned that purple theses.	-93.5	-93.5	-10.375	-10.375	False	False	morphology	determiner_noun_agreement	Write a natural, coherent English sentence.
415	8	A bank references those popular people.	A bank references that popular people.	-72.5	-72.5	-10.375	-10.375	False	False	morphology	determiner_noun_agreement	Write a natural, coherent English sentence.
416	8	Vincent tours this old oasis.	Vincent tours these old oasis.	-72.5	-72.5	-10.375	-10.375	False	False	morphology	determiner_noun_agreement	Write a natural, coherent English sentence.
417	8	Alicia kisses that standing woman.	Alicia kisses those standing woman.	-93.0	-93.0	-10.375	-10.375	False	False	morphology	determiner_noun_agreement	Write a natural, coherent English sentence.
418	8	Some candles aren't boring those displeased men.	Some candles aren't boring that displeased men.	-135.0	-135.0	-10.375	-10.375	False	False	morphology	determiner_noun_agreement	Write a natural, coherent English sentence.
419	8	That teenager does care for this old alumnus.	That teenager does care for these old alumnus.	-114.0	-114.0	-10.375	-10.375	False	False	morphology	determiner_noun_agreement	Write a natural, coherent English sentence.
420	8	A lot of drawings weren't alarming that displeased man.	A lot of drawings weren't alarming those displeased man.	-155.0	-155.0	-10.375	-10.375	False	False	morphology	determiner_noun_agreement	Write a natural, coherent English sentence.
421	8	That face astounded that important woman.	That face astounded those important woman.	-93.5	-93.5	-10.375	-10.375	False	False	morphology	determiner_noun_agreement	Write a natural, coherent English sentence.
422	8	Tiffany had approached these unemployed people.	Tiffany had approached this unemployed people.	-103.5	-103.5	-10.375	-10.375	False	False	morphology	determiner_noun_agreement	Write a natural, coherent English sentence.
423	8	Christina is passing these rough oases.	Christina is passing this rough oases.	-93.5	-93.5	-10.375	-10.375	False	False	morphology	determiner_noun_agreement	Write a natural, coherent English sentence.
424	8	Debra was praising those busy people.	Debra was praising that busy people.	-93.5	-93.5	-10.375	-10.375	False	False	morphology	determiner_noun_agreement	Write a natural, coherent English sentence.
425	8	The doctors didn't care for these scared children.	The doctors didn't care for this scared children.	-114.0	-114.0	-10.375	-10.375	False	False	morphology	determiner_noun_agreement	Write a natural, coherent English sentence.
426	8	Those ladders stun these small people.	Those ladders stun this small people.	-104.0	-104.0	-10.375	-10.375	False	False	morphology	determiner_noun_agreement	Write a natural, coherent English sentence.
427	8	Samuel isn't distracting these clever women.	Samuel isn't distracting this clever women.	-103.5	-103.5	-10.375	-10.375	False	False	morphology	determiner_noun_agreement	Write a natural, coherent English sentence.
428	8	Lucille dropped by those new oases.	Lucille dropped by that new oases.	-93.5	-93.5	-10.375	-10.375	False	False	morphology	determiner_noun_agreement	Write a natural, coherent English sentence.
429	8	A legislature should aggravate that busy child.	A legislature should aggravate those busy child.	-114.0	-114.0	-10.375	-10.375	False	False	morphology	determiner_noun_agreement	Write a natural, coherent English sentence.
430	8	Larry observed that lucky child.	Larry observed those lucky child.	-62.25	-62.25	-10.375	-10.375	False	False	morphology	determiner_noun_agreement	Write a natural, coherent English sentence.
431	8	Lawrence wasn't approaching those troubled children.	Lawrence wasn't approaching that troubled children.	-103.5	-103.5	-10.375	-10.375	False	False	morphology	determiner_noun_agreement	Write a natural, coherent English sentence.
432	8	Most libraries describe those delighted men.	Most libraries describe that delighted men.	-72.5	-72.5	-10.375	-10.375	False	False	morphology	determiner_noun_agreement	Write a natural, coherent English sentence.
433	8	The Impressionists alarms that sick child.	The Impressionists alarms those sick child.	-103.5	-103.5	-10.375	-10.375	False	False	morphology	determiner_noun_agreement	Write a natural, coherent English sentence.
434	8	A lot of children have this exposed axis.	A lot of children have these exposed axis.	-93.0	-93.0	-10.375	-10.375	False	False	morphology	determiner_noun_agreement	Write a natural, coherent English sentence.
435	8	Melissa couldn't reveal that small man.	Melissa couldn't reveal those small man.	-104.0	-104.0	-10.375	-10.375	False	False	morphology	determiner_noun_agreement	Write a natural, coherent English sentence.
436	8	These carriages won't impress those bad men.	These carriages won't impress that bad men.	-114.0	-114.0	-10.375	-10.375	False	False	morphology	determiner_noun_agreement	Write a natural, coherent English sentence.
437	8	Many girls drop by that red oasis.	Many girls drop by those red oasis.	-93.5	-93.5	-10.375	-10.375	False	False	morphology	determiner_noun_agreement	Write a natural, coherent English sentence.
438	8	The Impressionists fled from this small woman.	The Impressionists fled from these small woman.	-103.5	-103.5	-10.375	-10.375	False	False	morphology	determiner_noun_agreement	Write a natural, coherent English sentence.
439	8	Ann arrived at that blue oasis.	Ann arrived at those blue oasis.	-83.0	-83.0	-10.375	-10.375	False	False	morphology	determiner_noun_agreement	Write a natural, coherent English sentence.
440	8	The sock isn't disturbing those lucky children.	The sock isn't disturbing that lucky children.	-114.0	-114.0	-10.375	-10.375	False	False	morphology	determiner_noun_agreement	Write a natural, coherent English sentence.
441	8	Those socks were shocking those unlucky men.	Those socks were shocking that unlucky men.	-114.0	-114.0	-10.375	-10.375	False	False	morphology	determiner_noun_agreement	Write a natural, coherent English sentence.
442	8	Christine wasn't walking through those cheap oases.	Christine wasn't walking through that cheap oases.	-124.5	-124.5	-10.375	-10.375	False	False	morphology	determiner_noun_agreement	Write a natural, coherent English sentence.
443	8	Mary appreciates those content women.	Mary appreciates that content women.	-72.5	-72.5	-10.375	-10.375	False	False	morphology	determiner_noun_agreement	Write a natural, coherent English sentence.
444	8	That lady didn't question this ill person.	That lady didn't question these ill person.	-104.0	-104.0	-10.375	-10.375	False	False	morphology	determiner_noun_agreement	Write a natural, coherent English sentence.
445	8	Most birds annoy this young woman.	Most birds annoy these young woman.	-72.5	-72.5	-10.375	-10.375	False	False	morphology	determiner_noun_agreement	Write a natural, coherent English sentence.
446	8	Amelia is kissing these content men.	Amelia is kissing this content men.	-93.5	-93.5	-10.375	-10.375	False	False	morphology	determiner_noun_agreement	Write a natural, coherent English sentence.
447	8	Judy isn't taking those standing oxen.	Judy isn't taking that standing oxen.	-114.0	-114.0	-10.375	-10.375	False	False	morphology	determiner_noun_agreement	Write a natural, coherent English sentence.
448	8	Irene is discussing those clever alumni.	Irene is discussing that clever alumni.	-104.0	-104.0	-10.375	-10.375	False	False	morphology	determiner_noun_agreement	Write a natural, coherent English sentence.
449	8	Danielle could describe these long analyses.	Danielle could describe this long analyses.	-93.0	-93.0	-10.375	-10.375	False	False	morphology	determiner_noun_agreement	Write a natural, coherent English sentence.
450	8	Eva hasn't praised that lucky woman.	Eva hasn't praised those lucky woman.	-93.5	-93.5	-10.375	-10.375	False	False	morphology	determiner_noun_agreement	Write a natural, coherent English sentence.
451	8	Grace might observe that unlucky woman.	Grace might observe those unlucky woman.	-93.5	-93.5	-10.375	-10.375	False	False	morphology	determiner_noun_agreement	Write a natural, coherent English sentence.
452	8	The Clintons bothered these clever people.	The Clintons bothered this clever people.	-93.5	-93.5	-10.375	-10.375	False	False	morphology	determiner_noun_agreement	Write a natural, coherent English sentence.
453	8	April hadn't embarrassed those employed alumni.	April hadn't embarrassed that employed alumni.	-114.0	-114.0	-10.375	-10.375	False	False	morphology	determiner_noun_agreement	Write a natural, coherent English sentence.
454	8	Marie shouldn't forget that happy man.	Marie shouldn't forget those happy man.	-93.5	-93.5	-10.375	-10.375	False	False	morphology	determiner_noun_agreement	Write a natural, coherent English sentence.
455	8	Renee isn't breaking that cheap foot.	Renee isn't breaking those cheap foot.	-114.0	-114.0	-10.375	-10.375	False	False	morphology	determiner_noun_agreement	Write a natural, coherent English sentence.
456	8	Monica shouldn't sell those new oases.	Monica shouldn't sell that new oases.	-114.0	-114.0	-10.375	-10.375	False	False	morphology	determiner_noun_agreement	Write a natural, coherent English sentence.
457	8	Every dancer has returned to that troubled man.	Every dancer has returned to those troubled man.	-114.0	-114.0	-10.375	-10.375	False	False	morphology	determiner_noun_agreement	Write a natural, coherent English sentence.
458	8	Those dancers break those green teeth.	Those dancers break that green teeth.	-83.0	-83.0	-10.375	-10.375	False	False	morphology	determiner_noun_agreement	Write a natural, coherent English sentence.
459	8	These teachers talk about these fast women.	These teachers talk about this fast women.	-83.0	-83.0	-10.375	-10.375	False	False	morphology	determiner_noun_agreement	Write a natural, coherent English sentence.
460	8	Spain hasn't praised that happy man.	Spain hasn't praised those happy man.	-93.5	-93.5	-10.375	-10.375	False	False	morphology	determiner_noun_agreement	Write a natural, coherent English sentence.
461	8	Monica does kiss those good people.	Monica does kiss that good people.	-83.0	-83.0	-10.375	-10.375	False	False	morphology	determiner_noun_agreement	Write a natural, coherent English sentence.
462	8	Benjamin can boast about those busy men.	Benjamin can boast about that busy men.	-93.5	-93.5	-10.375	-10.375	False	False	morphology	determiner_noun_agreement	Write a natural, coherent English sentence.
463	8	Donald conceals this lost nucleus.	Donald conceals these lost nucleus.	-83.0	-83.0	-10.375	-10.375	False	False	morphology	determiner_noun_agreement	Write a natural, coherent English sentence.
464	8	Gregory was embarrassing this big woman.	Gregory was embarrassing these big woman.	-83.0	-83.0	-10.375	-10.375	False	False	morphology	determiner_noun_agreement	Write a natural, coherent English sentence.
465	8	The waiter wasn't stunning that hidden child.	The waiter wasn't stunning those hidden child.	-114.0	-114.0	-10.375	-10.375	False	False	morphology	determiner_noun_agreement	Write a natural, coherent English sentence.
466	8	A lot of photographs haven't looked like this red stimulus.	A lot of photographs haven't looked like these red stimulus.	-145.0	-145.0	-10.375	-10.375	False	False	morphology	determiner_noun_agreement	Write a natural, coherent English sentence.
467	8	A patient fixed those cheap feet.	A patient fixed that cheap feet.	-72.5	-72.5	-10.375	-10.375	False	False	morphology	determiner_noun_agreement	Write a natural, coherent English sentence.
468	8	Many gates shouldn't astound these unsure alumni.	Many gates shouldn't astound this unsure alumni.	-145.0	-145.0	-10.375	-10.375	False	False	morphology	determiner_noun_agreement	Write a natural, coherent English sentence.
469	8	That picture hasn't looked like these big men.	That picture hasn't looked like this big men.	-114.0	-114.0	-10.375	-10.375	False	False	morphology	determiner_noun_agreement	Write a natural, coherent English sentence.
470	8	These waitresses talk about this hidden thesis.	These waitresses talk about these hidden thesis.	-103.5	-103.5	-10.375	-10.375	False	False	morphology	determiner_noun_agreement	Write a natural, coherent English sentence.
471	8	Stacy concealed those gray axes.	Stacy concealed that gray axes.	-93.5	-93.5	-10.375	-10.375	False	False	morphology	determiner_noun_agreement	Write a natural, coherent English sentence.
472	8	Nicole remembers those serious alumni.	Nicole remembers that serious alumni.	-93.5	-93.5	-10.375	-10.375	False	False	morphology	determiner_noun_agreement	Write a natural, coherent English sentence.
473	8	Leslie hadn't gone to that small oasis.	Leslie hadn't gone to those small oasis.	-124.5	-124.5	-10.375	-10.375	False	False	morphology	determiner_noun_agreement	Write a natural, coherent English sentence.
474	8	Joel wasn't praising this ill person.	Joel wasn't praising these ill person.	-104.0	-104.0	-10.375	-10.375	False	False	morphology	determiner_noun_agreement	Write a natural, coherent English sentence.
475	8	These drivers embarrasses this young alumnus.	These drivers embarrasses these young alumnus.	-103.5	-103.5	-10.375	-10.375	False	False	morphology	determiner_noun_agreement	Write a natural, coherent English sentence.
476	8	Beef bores that delighted woman.	Beef bores those delighted woman.	-83.0	-83.0	-10.375	-10.375	False	False	morphology	determiner_noun_agreement	Write a natural, coherent English sentence.
477	8	Mitchell goes to this gray oasis.	Mitchell goes to these gray oasis.	-83.0	-83.0	-10.375	-10.375	False	False	morphology	determiner_noun_agreement	Write a natural, coherent English sentence.
478	8	The mouth bores these upset men.	The mouth bores this upset men.	-83.0	-83.0	-10.375	-10.375	False	False	morphology	determiner_noun_agreement	Write a natural, coherent English sentence.
479	8	Most legislatures discuss those good people.	Most legislatures discuss that good people.	-83.0	-83.0	-10.375	-10.375	False	False	morphology	determiner_noun_agreement	Write a natural, coherent English sentence.
480	8	The boys mess up those purple feet.	The boys mess up that purple feet.	-83.0	-83.0	-10.375	-10.375	False	False	morphology	determiner_noun_agreement	Write a natural, coherent English sentence.
481	8	Cashiers describe these fast children.	Cashiers describe this fast children.	-72.5	-72.5	-10.375	-10.375	False	False	morphology	determiner_noun_agreement	Write a natural, coherent English sentence.
482	8	Roger has fired those unconvinced men.	Roger has fired that unconvinced men.	-104.0	-104.0	-10.375	-10.375	False	False	morphology	determiner_noun_agreement	Write a natural, coherent English sentence.
483	8	Amy wasn't kissing this content man.	Amy wasn't kissing these content man.	-103.5	-103.5	-10.375	-10.375	False	False	morphology	determiner_noun_agreement	Write a natural, coherent English sentence.
484	8	Every dancer hadn't praised those good analyses.	Every dancer hadn't praised that good analyses.	-124.5	-124.5	-10.375	-10.375	False	False	morphology	determiner_noun_agreement	Write a natural, coherent English sentence.
485	8	Rhonda wasn't hiding those red mice.	Rhonda wasn't hiding that red mice.	-114.0	-114.0	-10.375	-10.375	False	False	morphology	determiner_noun_agreement	Write a natural, coherent English sentence.
486	8	Every pedestrian talks about that bad synopsis.	Every pedestrian talks about those bad synopsis.	-103.5	-103.5	-10.375	-10.375	False	False	morphology	determiner_noun_agreement	Write a natural, coherent English sentence.
487	8	The fish shocks these old alumni.	The fish shocks this old alumni.	-104.0	-104.0	-10.375	-10.375	False	False	morphology	determiner_noun_agreement	Write a natural, coherent English sentence.
488	8	Those waitresses visited those scared alumni.	Those waitresses visited that scared alumni.	-114.0	-114.0	-10.375	-10.375	False	False	morphology	determiner_noun_agreement	Write a natural, coherent English sentence.
489	8	That library was listening to this nice man.	That library was listening to these nice man.	-93.5	-93.5	-10.375	-10.375	False	False	morphology	determiner_noun_agreement	Write a natural, coherent English sentence.
490	8	Steve wasn't bringing that blue stimulus.	Steve wasn't bringing those blue stimulus.	-104.0	-104.0	-10.375	-10.375	False	False	morphology	determiner_noun_agreement	Write a natural, coherent English sentence.
491	8	Some guest was hiring that scared woman.	Some guest was hiring those scared woman.	-83.0	-83.0	-10.375	-10.375	False	False	morphology	determiner_noun_agreement	Write a natural, coherent English sentence.
492	8	The spotlights upset this unconvinced alumnus.	The spotlights upset these unconvinced alumnus.	-135.0	-135.0	-10.375	-10.375	False	False	morphology	determiner_noun_agreement	Write a natural, coherent English sentence.
493	8	Todd might observe this lost man.	Todd might observe these lost man.	-72.5	-72.5	-10.375	-10.375	False	False	morphology	determiner_noun_agreement	Write a natural, coherent English sentence.
494	8	People could describe that unconvinced person.	People could describe those unconvinced person.	-104.0	-104.0	-10.375	-10.375	False	False	morphology	determiner_noun_agreement	Write a natural, coherent English sentence.
495	8	That waiter had astounded these lucky people.	That waiter had astounded this lucky people.	-114.0	-114.0	-10.375	-10.375	False	False	morphology	determiner_noun_agreement	Write a natural, coherent English sentence.
496	8	Kendra disgusted these confident women.	Kendra disgusted this confident women.	-93.0	-93.0	-10.375	-10.375	False	False	morphology	determiner_noun_agreement	Write a natural, coherent English sentence.
497	8	Spain hasn't annoyed those old people.	Spain hasn't annoyed that old people.	-103.5	-103.5	-10.375	-10.375	False	False	morphology	determiner_noun_agreement	Write a natural, coherent English sentence.
498	8	Steve kisses these out in the open people.	Steve kisses this out in the open people.	-103.5	-103.5	-10.375	-10.375	False	False	morphology	determiner_noun_agreement	Write a natural, coherent English sentence.
499	8	Wayne kissed those unconvinced men.	Wayne kissed that unconvinced men.	-93.5	-93.5	-10.375	-10.375	False	False	morphology	determiner_noun_agreement	Write a natural, coherent English sentence.
500	8	Douglas has brought those lost cacti.	Douglas has brought that lost cacti.	-93.5	-93.5	-10.375	-10.375	False	False	morphology	determiner_noun_agreement	Write a natural, coherent English sentence.
501	8	Tammy can't reveal that big alumnus.	Tammy can't reveal those big alumnus.	-124.5	-124.5	-10.375	-10.375	False	False	morphology	determiner_noun_agreement	Write a natural, coherent English sentence.
502	8	Deborah fled from those standing children.	Deborah fled from that standing children.	-93.5	-93.5	-10.375	-10.375	False	False	morphology	determiner_noun_agreement	Write a natural, coherent English sentence.
503	8	A man wasn't cleaning that hard fungus.	A man wasn't cleaning those hard fungus.	-124.5	-124.5	-10.375	-10.375	False	False	morphology	determiner_noun_agreement	Write a natural, coherent English sentence.
504	8	Danielle has broken those gray teeth.	Danielle has broken that gray teeth.	-83.0	-83.0	-10.375	-10.375	False	False	morphology	determiner_noun_agreement	Write a natural, coherent English sentence.
505	8	Derek praised this big thesis.	Derek praised these big thesis.	-72.5	-72.5	-10.375	-10.375	False	False	morphology	determiner_noun_agreement	Write a natural, coherent English sentence.
506	8	Gary has disgusted those unsure people.	Gary has disgusted that unsure people.	-93.5	-93.5	-10.375	-10.375	False	False	morphology	determiner_noun_agreement	Write a natural, coherent English sentence.
507	8	A senator insulted this bad synopsis.	A senator insulted these bad synopsis.	-103.5	-103.5	-10.375	-10.375	False	False	morphology	determiner_noun_agreement	Write a natural, coherent English sentence.
508	8	A lot of drivers visit these purple oases.	A lot of drivers visit this purple oases.	-103.5	-103.5	-10.375	-10.375	False	False	morphology	determiner_noun_agreement	Write a natural, coherent English sentence.
509	8	Richard isn't attacking this fast child.	Richard isn't attacking these fast child.	-93.5	-93.5	-10.375	-10.375	False	False	morphology	determiner_noun_agreement	Write a natural, coherent English sentence.
510	8	Frank shocked that unsure man.	Frank shocked those unsure man.	-72.5	-72.5	-10.375	-10.375	False	False	morphology	determiner_noun_agreement	Write a natural, coherent English sentence.
511	8	Brett returned to that confident man.	Brett returned to those confident man.	-83.0	-83.0	-10.375	-10.375	False	False	morphology	determiner_noun_agreement	Write a natural, coherent English sentence.
512	8	Many ladies weren't passing these old oases.	Many ladies weren't passing this old oases.	-114.0	-114.0	-10.375	-10.375	False	False	morphology	determiner_noun_agreement	Write a natural, coherent English sentence.
513	8	A waiter brought those purple teeth.	A waiter brought that purple teeth.	-83.0	-83.0	-10.375	-10.375	False	False	morphology	determiner_noun_agreement	Write a natural, coherent English sentence.
514	8	Beverly has fired this fast alumnus.	Beverly has fired these fast alumnus.	-104.0	-103.5	-10.375	-10.375	False	False	morphology	determiner_noun_agreement	Write a natural, coherent English sentence.
515	8	Men haven't observed that standing man.	Men haven't observed those standing man.	-93.5	-93.5	-10.375	-10.375	False	False	morphology	determiner_noun_agreement	Write a natural, coherent English sentence.
516	8	Tiffany admired this ill child.	Tiffany admired these ill child.	-93.5	-93.5	-10.375	-10.375	False	False	morphology	determiner_noun_agreement	Write a natural, coherent English sentence.
517	8	That patient didn't love that unemployed alumnus.	That patient didn't love those unemployed alumnus.	-135.0	-135.0	-10.375	-10.375	False	False	morphology	determiner_noun_agreement	Write a natural, coherent English sentence.
518	8	Aaron reveals that red tooth.	Aaron reveals those red tooth.	-62.25	-62.25	-10.375	-10.375	False	False	morphology	determiner_noun_agreement	Write a natural, coherent English sentence.
519	8	Monica was insulting those bad people.	Monica was insulting that bad people.	-93.5	-93.5	-10.375	-10.375	False	False	morphology	determiner_noun_agreement	Write a natural, coherent English sentence.
520	8	These teenagers watch that old alumnus.	These teenagers watch those old alumnus.	-103.5	-103.5	-10.375	-10.375	False	False	morphology	determiner_noun_agreement	Write a natural, coherent English sentence.
521	8	Tina might confuse this exposed child.	Tina might confuse these exposed child.	-93.5	-93.5	-10.375	-10.375	False	False	morphology	determiner_noun_agreement	Write a natural, coherent English sentence.
522	8	A face was confusing that nice woman.	A face was confusing those nice woman.	-83.0	-83.0	-10.375	-10.375	False	False	morphology	determiner_noun_agreement	Write a natural, coherent English sentence.
523	8	An adult researches that good analysis.	An adult researches those good analysis.	-104.0	-104.0	-10.375	-10.375	False	False	morphology	determiner_noun_agreement	Write a natural, coherent English sentence.
524	8	Some broccoli isn't annoying these unconvinced women.	Some broccoli isn't annoying this unconvinced women.	-156.0	-156.0	-10.375	-10.375	False	False	morphology	determiner_noun_agreement	Write a natural, coherent English sentence.
525	8	Nancy talks about these content children.	Nancy talks about this content children.	-72.5	-72.5	-10.375	-10.375	False	False	morphology	determiner_noun_agreement	Write a natural, coherent English sentence.
526	8	Regina found this lost ox.	Regina found these lost ox.	-83.0	-83.0	-10.375	-10.375	False	False	morphology	determiner_noun_agreement	Write a natural, coherent English sentence.
527	8	Emily had respected that clever man.	Emily had respected those clever man.	-72.5	-72.5	-10.375	-10.375	False	False	morphology	determiner_noun_agreement	Write a natural, coherent English sentence.
528	8	Kathleen has worked with this confident man.	Kathleen has worked with these confident man.	-93.5	-93.5	-10.375	-10.375	False	False	morphology	determiner_noun_agreement	Write a natural, coherent English sentence.
529	8	Most customers are distracting these determined children.	Most customers are distracting this determined children.	-93.5	-93.5	-10.375	-10.375	False	False	morphology	determiner_noun_agreement	Write a natural, coherent English sentence.
530	8	Rachelle didn't cure this black octopus.	Rachelle didn't cure these black octopus.	-124.5	-124.5	-10.375	-10.375	False	False	morphology	determiner_noun_agreement	Write a natural, coherent English sentence.
531	8	Steven hugs these standing men.	Steven hugs this standing men.	-72.5	-72.5	-10.375	-10.375	False	False	morphology	determiner_noun_agreement	Write a natural, coherent English sentence.
532	8	Every popsicle shocked those excited men.	Every popsicle shocked that excited men.	-93.5	-93.5	-10.375	-10.375	False	False	morphology	determiner_noun_agreement	Write a natural, coherent English sentence.
533	8	Sonia lifts that new oasis.	Sonia lifts those new oasis.	-93.5	-93.5	-10.375	-10.375	False	False	morphology	determiner_noun_agreement	Write a natural, coherent English sentence.
534	8	Cheryl might tour that purple oasis.	Cheryl might tour those purple oasis.	-93.5	-93.5	-10.375	-10.375	False	False	morphology	determiner_noun_agreement	Write a natural, coherent English sentence.
535	8	This doctor appreciates this bad child.	This doctor appreciates these bad child.	-83.0	-83.0	-10.375	-10.375	False	False	morphology	determiner_noun_agreement	Write a natural, coherent English sentence.
536	8	Leslie breaks those red feet.	Leslie breaks that red feet.	-72.5	-72.5	-10.375	-10.375	False	False	morphology	determiner_noun_agreement	Write a natural, coherent English sentence.
537	8	Bethany hasn't hidden that yellow louse.	Bethany hasn't hidden those yellow louse.	-114.0	-114.0	-10.375	-10.375	False	False	morphology	determiner_noun_agreement	Write a natural, coherent English sentence.
538	8	Some people have criticized this brown thesis.	Some people have criticized these brown thesis.	-93.0	-93.5	-10.375	-10.375	True	False	morphology	determiner_noun_agreement	Write a natural, coherent English sentence.
539	8	Noah heals this determined child.	Noah heals these determined child.	-72.5	-72.5	-10.375	-10.375	False	False	morphology	determiner_noun_agreement	Write a natural, coherent English sentence.
540	8	Kevin biked to those big oases.	Kevin biked to that big oases.	-103.5	-103.5	-10.375	-10.375	False	False	morphology	determiner_noun_agreement	Write a natural, coherent English sentence.
541	8	Wayne hadn't bored these sick men.	Wayne hadn't bored this sick men.	-93.5	-93.5	-10.375	-10.375	False	False	morphology	determiner_noun_agreement	Write a natural, coherent English sentence.
542	8	Amy returns to those young alumni.	Amy returns to that young alumni.	-93.5	-93.5	-10.375	-10.375	False	False	morphology	determiner_noun_agreement	Write a natural, coherent English sentence.
543	8	That gate did aggravate this excited woman.	That gate did aggravate these excited woman.	-103.5	-103.5	-10.375	-10.375	False	False	morphology	determiner_noun_agreement	Write a natural, coherent English sentence.
544	8	Melissa observes that bad child.	Melissa observes those bad child.	-83.0	-83.0	-10.375	-10.375	False	False	morphology	determiner_noun_agreement	Write a natural, coherent English sentence.
545	8	Kathleen wasn't scanning those long synopses.	Kathleen wasn't scanning that long synopses.	-135.0	-135.0	-10.375	-10.375	False	False	morphology	determiner_noun_agreement	Write a natural, coherent English sentence.
546	8	That guy dropped by these white oases.	That guy dropped by this white oases.	-93.5	-93.5	-10.375	-10.375	False	False	morphology	determiner_noun_agreement	Write a natural, coherent English sentence.
547	8	Every child might fire this serious child.	Every child might fire these serious child.	-83.0	-83.0	-10.375	-10.375	False	False	morphology	determiner_noun_agreement	Write a natural, coherent English sentence.
548	8	Meredith had concealed that black thesis.	Meredith had concealed those black thesis.	-104.0	-104.0	-10.375	-10.375	False	False	morphology	determiner_noun_agreement	Write a natural, coherent English sentence.
549	8	Randolf didn't see these blue teeth.	Randolf didn't see this blue teeth.	-103.5	-103.5	-10.375	-10.375	False	False	morphology	determiner_noun_agreement	Write a natural, coherent English sentence.
550	8	Some guy passes that rough oasis.	Some guy passes those rough oasis.	-83.0	-83.0	-10.375	-10.375	False	False	morphology	determiner_noun_agreement	Write a natural, coherent English sentence.
551	8	Guys hurts that smart man.	Guys hurts those smart man.	-83.0	-83.0	-10.375	-10.375	False	False	morphology	determiner_noun_agreement	Write a natural, coherent English sentence.
552	8	Many museums should describe this fast man.	Many museums should describe these fast man.	-93.5	-93.5	-10.375	-10.375	False	False	morphology	determiner_noun_agreement	Write a natural, coherent English sentence.
553	8	A lot of chairs haven't embarrassed this serious man.	A lot of chairs haven't embarrassed these serious man.	-124.5	-124.5	-10.375	-10.375	False	False	morphology	determiner_noun_agreement	Write a natural, coherent English sentence.
554	8	Emily talked about that ill alumnus.	Emily talked about those ill alumnus.	-93.5	-93.5	-10.375	-10.375	False	False	morphology	determiner_noun_agreement	Write a natural, coherent English sentence.
555	8	A lot of girls notice these black lice.	A lot of girls notice this black lice.	-103.5	-103.5	-10.375	-10.375	False	False	morphology	determiner_noun_agreement	Write a natural, coherent English sentence.
556	8	Those schools reference that green thesis.	Those schools reference those green thesis.	-72.5	-72.5	-10.375	-10.375	False	False	morphology	determiner_noun_agreement	Write a natural, coherent English sentence.
557	8	Bradley had bored this delighted alumnus.	Bradley had bored these delighted alumnus.	-103.5	-103.5	-10.375	-10.375	False	False	morphology	determiner_noun_agreement	Write a natural, coherent English sentence.
558	8	Melinda scares this good woman.	Melinda scares these good woman.	-83.0	-83.0	-10.375	-10.375	False	False	morphology	determiner_noun_agreement	Write a natural, coherent English sentence.
559	8	Those pedestrians go to those big oases.	Those pedestrians go to that big oases.	-114.0	-114.0	-10.375	-10.375	False	False	morphology	determiner_noun_agreement	Write a natural, coherent English sentence.
560	8	Many doctors escaped from that lost child.	Many doctors escaped from those lost child.	-83.0	-83.0	-10.375	-10.375	False	False	morphology	determiner_noun_agreement	Write a natural, coherent English sentence.
561	8	Tamara isn't revealing that orange ox.	Tamara isn't revealing those orange ox.	-103.5	-103.5	-10.375	-10.375	False	False	morphology	determiner_noun_agreement	Write a natural, coherent English sentence.
562	8	Many patients arrive at that hidden oasis.	Many patients arrive at those hidden oasis.	-93.5	-93.5	-10.375	-10.375	False	False	morphology	determiner_noun_agreement	Write a natural, coherent English sentence.
563	8	Beth leaves these happy children.	Beth leaves this happy children.	-62.25	-62.25	-10.375	-10.375	False	False	morphology	determiner_noun_agreement	Write a natural, coherent English sentence.
564	8	Deanna broke that yellow foot.	Deanna broke those yellow foot.	-72.5	-72.5	-10.375	-10.375	False	False	morphology	determiner_noun_agreement	Write a natural, coherent English sentence.
565	8	Jessica had talked to that concealed man.	Jessica had talked to those concealed man.	-93.5	-93.5	-10.375	-10.375	False	False	morphology	determiner_noun_agreement	Write a natural, coherent English sentence.
566	8	Those actors praise those long synopses.	Those actors praise that long synopses.	-93.5	-93.5	-10.375	-10.375	False	False	morphology	determiner_noun_agreement	Write a natural, coherent English sentence.
567	8	This coat hasn't astounded these popular men.	This coat hasn't astounded this popular men.	-124.5	-124.5	-10.375	-10.375	False	False	morphology	determiner_noun_agreement	Write a natural, coherent English sentence.
568	8	Wendy does talk to this scared alumnus.	Wendy does talk to these scared alumnus.	-114.0	-114.0	-10.375	-10.375	False	False	morphology	determiner_noun_agreement	Write a natural, coherent English sentence.
569	8	Christine is questioning these happy men.	Christine is questioning this happy men.	-83.0	-83.0	-10.375	-10.375	False	False	morphology	determiner_noun_agreement	Write a natural, coherent English sentence.
570	8	All doctors loved that displeased man.	All doctors loved those displeased man.	-93.5	-93.5	-10.375	-10.375	False	False	morphology	determiner_noun_agreement	Write a natural, coherent English sentence.
571	8	Waitresses researched these long synopses.	Waitresses researched this long synopses.	-135.0	-135.0	-10.375	-10.375	False	False	morphology	determiner_noun_agreement	Write a natural, coherent English sentence.
572	8	Alexander can flee from this nice woman.	Alexander can flee from these nice woman.	-93.5	-93.5	-10.375	-10.375	False	False	morphology	determiner_noun_agreement	Write a natural, coherent English sentence.
573	8	Walter hadn't hated this fast man.	Walter hadn't hated these fast man.	-93.5	-93.5	-10.375	-10.375	False	False	morphology	determiner_noun_agreement	Write a natural, coherent English sentence.
574	8	Those cashiers buy those smooth lice.	Those cashiers buy that smooth lice.	-93.5	-93.5	-10.375	-10.375	False	False	morphology	determiner_noun_agreement	Write a natural, coherent English sentence.
575	8	Sonia hid that determined child.	Sonia hid those determined child.	-72.5	-72.5	-10.375	-10.375	False	False	morphology	determiner_noun_agreement	Write a natural, coherent English sentence.
576	8	Barbara is observing that excited person.	Barbara is observing those excited person.	-83.0	-83.0	-10.375	-10.375	False	False	morphology	determiner_noun_agreement	Write a natural, coherent English sentence.
577	8	That company stuns these unconvinced women.	That company stuns this unconvinced women.	-114.0	-114.0	-10.375	-10.375	False	False	morphology	determiner_noun_agreement	Write a natural, coherent English sentence.
578	8	Paul thought about those bad theses.	Paul thought about that bad theses.	-83.0	-83.0	-10.375	-10.375	False	False	morphology	determiner_noun_agreement	Write a natural, coherent English sentence.
579	8	Victoria escaped from these displeased children.	Victoria escaped from this displeased children.	-93.5	-93.5	-10.375	-10.375	False	False	morphology	determiner_noun_agreement	Write a natural, coherent English sentence.
580	8	Brad notices this big octopus.	Brad notices these big octopus.	-93.0	-93.0	-10.375	-10.375	False	False	morphology	determiner_noun_agreement	Write a natural, coherent English sentence.
581	8	Adam is praising those yellow theses.	Adam is praising that yellow theses.	-93.5	-93.5	-10.375	-10.375	False	False	morphology	determiner_noun_agreement	Write a natural, coherent English sentence.
582	8	Douglas did tour those hidden oases.	Douglas did tour that hidden oases.	-83.0	-83.0	-10.375	-10.375	False	False	morphology	determiner_noun_agreement	Write a natural, coherent English sentence.
583	8	Gerald couldn't know these happy men.	Gerald couldn't know this happy men.	-103.5	-103.5	-10.375	-10.375	False	False	morphology	determiner_noun_agreement	Write a natural, coherent English sentence.
584	8	Those women hug that smart man.	Those women hug those smart man.	-72.5	-72.5	-10.375	-10.375	False	False	morphology	determiner_noun_agreement	Write a natural, coherent English sentence.
585	8	These senators wouldn't forget that long synopsis.	These senators wouldn't forget those long synopsis.	-124.5	-124.5	-10.375	-10.375	False	False	morphology	determiner_noun_agreement	Write a natural, coherent English sentence.
586	8	Edward took those lost stimuli.	Edward took that lost stimuli.	-72.5	-72.5	-10.375	-10.375	False	False	morphology	determiner_noun_agreement	Write a natural, coherent English sentence.
587	8	The waitresses did know this lucky person.	The waitresses did know these lucky person.	-103.5	-103.5	-10.375	-10.375	False	False	morphology	determiner_noun_agreement	Write a natural, coherent English sentence.
588	8	That library might love this important person.	That library might love these important person.	-83.0	-83.0	-10.375	-10.375	False	False	morphology	determiner_noun_agreement	Write a natural, coherent English sentence.
589	8	Carrie was healing this gray octopus.	Carrie was healing these gray octopus.	-104.0	-104.0	-10.375	-10.375	False	False	morphology	determiner_noun_agreement	Write a natural, coherent English sentence.
590	8	Sonia hadn't cleaned those gray teeth.	Sonia hadn't cleaned that gray teeth.	-104.0	-104.0	-10.375	-10.375	False	False	morphology	determiner_noun_agreement	Write a natural, coherent English sentence.
591	8	The Lutherans alarmed this confident woman.	The Lutherans alarmed these confident woman.	-93.5	-93.5	-10.375	-10.375	False	False	morphology	determiner_noun_agreement	Write a natural, coherent English sentence.
592	8	This shirt impressed those popular people.	This shirt impressed that popular people.	-72.5	-72.5	-10.375	-10.375	False	False	morphology	determiner_noun_agreement	Write a natural, coherent English sentence.
593	8	Some schools love that employed person.	Some schools love those employed person.	-72.5	-72.5	-10.375	-10.375	False	False	morphology	determiner_noun_agreement	Write a natural, coherent English sentence.
594	8	Valerie hasn't known this young child.	Valerie hasn't known these young child.	-104.0	-104.0	-10.375	-10.375	False	False	morphology	determiner_noun_agreement	Write a natural, coherent English sentence.
595	8	Scott respected those displeased men.	Scott respected that displeased men.	-83.0	-83.0	-10.375	-10.375	False	False	morphology	determiner_noun_agreement	Write a natural, coherent English sentence.
596	8	The ladies work with those lost children.	The ladies work with that lost children.	-83.0	-83.0	-10.375	-10.375	False	False	morphology	determiner_noun_agreement	Write a natural, coherent English sentence.
597	8	Dawn had biked to this small oasis.	Dawn had biked to these small oasis.	-124.5	-124.5	-10.375	-10.375	False	False	morphology	determiner_noun_agreement	Write a natural, coherent English sentence.
598	8	Samantha would explore that gray oasis.	Samantha would explore those gray oasis.	-103.5	-103.5	-10.375	-10.375	False	False	morphology	determiner_noun_agreement	Write a natural, coherent English sentence.
599	8	All steps upset those unemployed men.	All steps upset that unemployed men.	-83.0	-83.0	-10.375	-10.375	False	False	morphology	determiner_noun_agreement	Write a natural, coherent English sentence.
600	8	Marla has described that unemployed woman.	Marla has described those unemployed woman.	-93.5	-93.5	-10.375	-10.375	False	False	morphology	determiner_noun_agreement	Write a natural, coherent English sentence.
601	8	Most universities bore those excited children.	Most universities bore that excited children.	-72.5	-72.5	-10.375	-10.375	False	False	morphology	determiner_noun_agreement	Write a natural, coherent English sentence.
602	8	These banks should reference that purple thesis.	These banks should reference those purple thesis.	-83.0	-83.0	-10.375	-10.375	False	False	morphology	determiner_noun_agreement	Write a natural, coherent English sentence.
603	8	Sherry brought those concealed geese.	Sherry brought that concealed geese.	-93.5	-93.5	-10.375	-10.375	False	False	morphology	determiner_noun_agreement	Write a natural, coherent English sentence.
604	8	Many pedestrians complain about these long analyses.	Many pedestrians complain about this long analyses.	-114.0	-114.0	-10.375	-10.375	False	False	morphology	determiner_noun_agreement	Write a natural, coherent English sentence.
605	8	Theresa fixed these small teeth.	Theresa fixed this small teeth.	-72.5	-72.5	-10.375	-10.375	False	False	morphology	determiner_noun_agreement	Write a natural, coherent English sentence.
606	8	This lake disturbed those unconvinced men.	This lake disturbed that unconvinced men.	-114.0	-114.0	-10.375	-10.375	False	False	morphology	determiner_noun_agreement	Write a natural, coherent English sentence.
607	8	Catherine was talking about those bad synopses.	Catherine was talking about that bad synopses.	-103.5	-103.5	-10.375	-10.375	False	False	morphology	determiner_noun_agreement	Write a natural, coherent English sentence.
608	8	Alicia had escaped from these hidden men.	Alicia had escaped from this hidden men.	-103.5	-103.5	-10.375	-10.375	False	False	morphology	determiner_noun_agreement	Write a natural, coherent English sentence.
609	8	Natalie hasn't worked with this confident woman.	Natalie hasn't worked with these confident woman.	-114.0	-114.0	-10.375	-10.375	False	False	morphology	determiner_noun_agreement	Write a natural, coherent English sentence.
610	8	Amelia annoyed this smart man.	Amelia annoyed these smart man.	-83.0	-83.0	-10.375	-10.375	False	False	morphology	determiner_noun_agreement	Write a natural, coherent English sentence.
611	8	Every guest is irritating this serious child.	Every guest is irritating these serious child.	-93.5	-93.5	-10.375	-10.375	False	False	morphology	determiner_noun_agreement	Write a natural, coherent English sentence.
612	8	All reports annoyed this hopeful person.	All reports annoyed these hopeful person.	-93.0	-93.0	-10.375	-10.375	False	False	morphology	determiner_noun_agreement	Write a natural, coherent English sentence.
613	8	These women break those orange teeth.	These women break that orange teeth.	-72.5	-72.5	-10.375	-10.375	False	False	morphology	determiner_noun_agreement	Write a natural, coherent English sentence.
614	8	Christopher could shock this excited child.	Christopher could shock these excited child.	-72.5	-72.5	-10.375	-10.375	False	False	morphology	determiner_noun_agreement	Write a natural, coherent English sentence.
615	8	This spotlight hasn't disgusted that employed child.	This spotlight hasn't disgusted those employed child.	-124.5	-124.5	-10.375	-10.375	False	False	morphology	determiner_noun_agreement	Write a natural, coherent English sentence.
616	8	Samantha fled from that busy child.	Samantha fled from those busy child.	-93.5	-93.5	-10.375	-10.375	False	False	morphology	determiner_noun_agreement	Write a natural, coherent English sentence.
617	8	Lucille arrived at that hard oasis.	Lucille arrived at those hard oasis.	-93.5	-93.5	-10.375	-10.375	False	False	morphology	determiner_noun_agreement	Write a natural, coherent English sentence.
618	8	All teachers see those yellow lice.	All teachers see that yellow lice.	-83.0	-83.0	-10.375	-10.375	False	False	morphology	determiner_noun_agreement	Write a natural, coherent English sentence.
619	8	Some photographs haven't looked like these small octopi.	Some photographs haven't looked like this small octopi.	-135.0	-135.0	-10.375	-10.375	False	False	morphology	determiner_noun_agreement	Write a natural, coherent English sentence.
620	8	Danielle brought those blue feet.	Danielle brought that blue feet.	-72.5	-72.5	-10.375	-10.375	False	False	morphology	determiner_noun_agreement	Write a natural, coherent English sentence.
621	8	Todd hadn't left those exposed men.	Todd hadn't left that exposed men.	-93.5	-93.5	-10.375	-10.375	False	False	morphology	determiner_noun_agreement	Write a natural, coherent English sentence.
622	8	Some doctors embarrasses those delighted alumni.	Some doctors embarrasses that delighted alumni.	-104.0	-104.0	-10.375	-10.375	False	False	morphology	determiner_noun_agreement	Write a natural, coherent English sentence.
623	8	The actresses forget that unemployed alumnus.	The actresses forget those unemployed alumnus.	-114.0	-114.0	-10.375	-10.375	False	False	morphology	determiner_noun_agreement	Write a natural, coherent English sentence.
624	8	A lot of socks alarm this unsure alumnus.	A lot of socks alarm these unsure alumnus.	-124.5	-124.5	-10.375	-10.375	False	False	morphology	determiner_noun_agreement	Write a natural, coherent English sentence.
625	8	The customers are thinking about that busy child.	The customers are thinking about those busy child.	-93.5	-93.5	-10.375	-10.375	False	False	morphology	determiner_noun_agreement	Write a natural, coherent English sentence.
626	8	Kristin wasn't kissing those small men.	Kristin wasn't kissing that small men.	-114.0	-114.0	-10.375	-10.375	False	False	morphology	determiner_noun_agreement	Write a natural, coherent English sentence.
627	8	Omar hasn't broken this broken foot.	Omar hasn't broken these broken foot.	-103.5	-103.5	-10.375	-10.375	False	False	morphology	determiner_noun_agreement	Write a natural, coherent English sentence.
628	8	The actress worked with this nice woman.	The actress worked with these nice woman.	-83.0	-83.0	-10.375	-10.375	False	False	morphology	determiner_noun_agreement	Write a natural, coherent English sentence.
629	8	Patients insult these happy people.	Patients insult this happy people.	-72.5	-72.5	-10.375	-10.375	False	False	morphology	determiner_noun_agreement	Write a natural, coherent English sentence.
630	8	Spain bought those orange lice.	Spain bought that orange lice.	-72.5	-72.5	-10.375	-10.375	False	False	morphology	determiner_noun_agreement	Write a natural, coherent English sentence.
631	8	Those waiters didn't kiss this unlucky child.	Those waiters didn't kiss these unlucky child.	-135.0	-135.0	-10.375	-10.375	False	False	morphology	determiner_noun_agreement	Write a natural, coherent English sentence.
632	8	Jennifer isn't touring these old oases.	Jennifer isn't touring this old oases.	-114.0	-114.0	-10.375	-10.375	False	False	morphology	determiner_noun_agreement	Write a natural, coherent English sentence.
633	8	Glaciers upset this small child.	Glaciers upset these small child.	-83.0	-83.0	-10.375	-10.375	False	False	morphology	determiner_noun_agreement	Write a natural, coherent English sentence.
634	8	John investigated these old men.	John investigated this old men.	-62.25	-62.25	-10.375	-10.375	False	False	morphology	determiner_noun_agreement	Write a natural, coherent English sentence.
635	8	Some doctors hated these yellow theses.	Some doctors hated this yellow theses.	-83.0	-83.0	-10.375	-10.375	False	False	morphology	determiner_noun_agreement	Write a natural, coherent English sentence.
636	8	Linda described that clever man.	Linda described those clever man.	-62.25	-62.25	-10.375	-10.375	False	False	morphology	determiner_noun_agreement	Write a natural, coherent English sentence.
637	8	Many drawings are looking like these excited women.	Many drawings are looking like this excited women.	-93.5	-93.5	-10.375	-10.375	False	False	morphology	determiner_noun_agreement	Write a natural, coherent English sentence.
638	8	Mitchell had concealed that small tooth.	Mitchell had concealed those small tooth.	-83.0	-83.0	-10.375	-10.375	False	False	morphology	determiner_noun_agreement	Write a natural, coherent English sentence.
639	8	Every dog had irritated this young child.	Every dog had irritated these young child.	-93.0	-93.5	-10.375	-10.375	True	False	morphology	determiner_noun_agreement	Write a natural, coherent English sentence.
640	8	Some doctors lift this exposed ox.	Some doctors lift these exposed ox.	-72.5	-72.5	-10.375	-10.375	False	False	morphology	determiner_noun_agreement	Write a natural, coherent English sentence.
641	8	Valerie was disgusting that happy woman.	Valerie was disgusting those happy woman.	-93.5	-93.5	-10.375	-10.375	False	False	morphology	determiner_noun_agreement	Write a natural, coherent English sentence.
642	8	Claire hugs those clever men.	Claire hugs that clever men.	-72.5	-72.5	-10.375	-10.375	False	False	morphology	determiner_noun_agreement	Write a natural, coherent English sentence.
643	8	All adults go to these white oases.	All adults go to this white oases.	-93.5	-93.5	-10.375	-10.375	False	False	morphology	determiner_noun_agreement	Write a natural, coherent English sentence.
644	8	Bill observed this nice child.	Bill observed these nice child.	-62.25	-62.25	-10.375	-10.375	False	False	morphology	determiner_noun_agreement	Write a natural, coherent English sentence.
645	8	Diana kissed these delighted alumni.	Diana kissed this delighted alumni.	-83.0	-83.0	-10.375	-10.375	False	False	morphology	determiner_noun_agreement	Write a natural, coherent English sentence.
646	8	Governments are describing those sick people.	Governments are describing that sick people.	-83.0	-83.0	-10.375	-10.375	False	False	morphology	determiner_noun_agreement	Write a natural, coherent English sentence.
647	8	The doctors cure that young woman.	The doctors cure those young woman.	-72.5	-72.5	-10.375	-10.375	False	False	morphology	determiner_noun_agreement	Write a natural, coherent English sentence.
648	8	Dancers did disagree with this ill child.	Dancers did disagree with these ill child.	-93.5	-93.5	-10.375	-10.375	False	False	morphology	determiner_noun_agreement	Write a natural, coherent English sentence.
649	8	Veronica couldn't embarrass these exposed men.	Veronica couldn't embarrass this exposed men.	-114.0	-114.0	-10.375	-10.375	False	False	morphology	determiner_noun_agreement	Write a natural, coherent English sentence.
650	8	The students cared for that delighted man.	The students cared for those delighted man.	-83.0	-83.0	-10.375	-10.375	False	False	morphology	determiner_noun_agreement	Write a natural, coherent English sentence.
651	8	Steve conceals these important men.	Steve conceals this important men.	-72.5	-72.5	-10.375	-10.375	False	False	morphology	determiner_noun_agreement	Write a natural, coherent English sentence.
652	8	These actresses will talk to these content men.	These actresses will talk to this content men.	-103.5	-103.5	-10.375	-10.375	False	False	morphology	determiner_noun_agreement	Write a natural, coherent English sentence.
653	8	That teenager wouldn't buy these rough oxen.	That teenager wouldn't buy this rough oxen.	-114.0	-114.0	-10.375	-10.375	False	False	morphology	determiner_noun_agreement	Write a natural, coherent English sentence.
654	8	Sheila wouldn't kiss that happy child.	Sheila wouldn't kiss those happy child.	-103.5	-103.5	-10.375	-10.375	False	False	morphology	determiner_noun_agreement	Write a natural, coherent English sentence.
655	8	Erin drove to these out in the open oases.	Erin drove to this out in the open oases.	-124.5	-124.5	-10.375	-10.375	False	False	morphology	determiner_noun_agreement	Write a natural, coherent English sentence.
656	8	Every hat has embarrassed those hopeful people.	Every hat has embarrassed that hopeful people.	-93.5	-93.5	-10.375	-10.375	False	False	morphology	determiner_noun_agreement	Write a natural, coherent English sentence.
657	8	Every man is fleeing from that exposed oasis.	Every man is fleeing from those exposed oasis.	-114.0	-114.0	-10.375	-10.375	False	False	morphology	determiner_noun_agreement	Write a natural, coherent English sentence.
658	8	Some adults visit this ill man.	Some adults visit these ill man.	-72.5	-72.5	-10.375	-10.375	False	False	morphology	determiner_noun_agreement	Write a natural, coherent English sentence.
659	8	Janet did lift that good thesis.	Janet did lift those good thesis.	-83.0	-83.0	-10.375	-10.375	False	False	morphology	determiner_noun_agreement	Write a natural, coherent English sentence.
660	8	Katherine was cleaning this orange tooth.	Katherine was cleaning these orange tooth.	-83.0	-83.0	-10.375	-10.375	False	False	morphology	determiner_noun_agreement	Write a natural, coherent English sentence.
661	8	A lot of tomatoes can't confuse these ill alumni.	A lot of tomatoes can't confuse this ill alumni.	-166.0	-166.0	-10.375	-10.375	False	False	morphology	determiner_noun_agreement	Write a natural, coherent English sentence.
662	8	Rose goes to those out in the open oases.	Rose goes to that out in the open oases.	-114.0	-114.0	-10.375	-10.375	False	False	morphology	determiner_noun_agreement	Write a natural, coherent English sentence.
663	8	These governments criticize those gray oases.	These governments criticize that gray oases.	-93.5	-93.5	-10.375	-10.375	False	False	morphology	determiner_noun_agreement	Write a natural, coherent English sentence.
664	8	Kevin forgot those delighted men.	Kevin forgot that delighted men.	-62.25	-62.25	-10.375	-10.375	False	False	morphology	determiner_noun_agreement	Write a natural, coherent English sentence.
665	8	Most companies describe that long analysis.	Most companies describe those long analysis.	-72.5	-72.5	-10.375	-10.375	False	False	morphology	determiner_noun_agreement	Write a natural, coherent English sentence.
666	8	Vincent was skated around this small oasis.	Vincent was skated around these small oasis.	-104.0	-104.0	-10.375	-10.375	False	False	morphology	determiner_noun_agreement	Write a natural, coherent English sentence.
667	8	Many guys arrive at these out in the open oases.	Many guys arrive at this out in the open oases.	-124.0	-124.0	-10.375	-10.375	False	False	morphology	determiner_noun_agreement	Write a natural, coherent English sentence.
668	8	Gregory hadn't revealed these lost fungi.	Gregory hadn't revealed this lost fungi.	-104.0	-104.0	-10.375	-10.375	False	False	morphology	determiner_noun_agreement	Write a natural, coherent English sentence.
669	8	The cake stuns this standing man.	The cake stuns these standing man.	-83.0	-83.0	-10.375	-10.375	False	False	morphology	determiner_noun_agreement	Write a natural, coherent English sentence.
670	8	Cheryl isn't irritating that clever man.	Cheryl isn't irritating those clever man.	-114.0	-114.0	-10.375	-10.375	False	False	morphology	determiner_noun_agreement	Write a natural, coherent English sentence.
671	8	Some cat bores those old children.	Some cat bores that old children.	-83.0	-83.0	-10.375	-10.375	False	False	morphology	determiner_noun_agreement	Write a natural, coherent English sentence.
672	8	The actress knows that delighted child.	The actress knows those delighted child.	-72.5	-72.5	-10.375	-10.375	False	False	morphology	determiner_noun_agreement	Write a natural, coherent English sentence.
673	8	That actress had driven to these hidden oases.	That actress had driven to this hidden oases.	-104.0	-104.0	-10.375	-10.375	False	False	morphology	determiner_noun_agreement	Write a natural, coherent English sentence.
674	8	The Lutherans arrive at this cheap oasis.	The Lutherans arrive at these cheap oasis.	-103.5	-103.5	-10.375	-10.375	False	False	morphology	determiner_noun_agreement	Write a natural, coherent English sentence.
675	8	Diane was kissing those lost women.	Diane was kissing that lost women.	-93.5	-93.5	-10.375	-10.375	False	False	morphology	determiner_noun_agreement	Write a natural, coherent English sentence.
676	8	Larry disturbs this employed woman.	Larry disturbs these employed woman.	-83.0	-83.0	-10.375	-10.375	False	False	morphology	determiner_noun_agreement	Write a natural, coherent English sentence.
677	8	Pies shock this upset woman.	Pies shock these upset woman.	-72.5	-72.5	-10.375	-10.375	False	False	morphology	determiner_noun_agreement	Write a natural, coherent English sentence.
678	8	Some waiters hug this content alumnus.	Some waiters hug these content alumnus.	-103.5	-103.5	-10.375	-10.375	False	False	morphology	determiner_noun_agreement	Write a natural, coherent English sentence.
679	8	Anna talked to those unsure men.	Anna talked to that unsure men.	-83.0	-83.0	-10.375	-10.375	False	False	morphology	determiner_noun_agreement	Write a natural, coherent English sentence.
680	8	This school bores this determined man.	This school bores these determined man.	-83.0	-83.0	-10.375	-10.375	False	False	morphology	determiner_noun_agreement	Write a natural, coherent English sentence.
681	8	Omar had thought about these unemployed men.	Omar had thought about this unemployed men.	-103.5	-103.5	-10.375	-10.375	False	False	morphology	determiner_noun_agreement	Write a natural, coherent English sentence.
682	8	Winston Churchill cleaned these big nuclei.	Winston Churchill cleaned this big nuclei.	-103.5	-103.5	-10.375	-10.375	False	False	morphology	determiner_noun_agreement	Write a natural, coherent English sentence.
683	8	These organizations aren't concealing that exposed child.	These organizations aren't concealing those exposed child.	-114.0	-114.0	-10.375	-10.375	False	False	morphology	determiner_noun_agreement	Write a natural, coherent English sentence.
684	8	Erin bought this concealed axis.	Erin bought these concealed axis.	-83.0	-83.0	-10.375	-10.375	False	False	morphology	determiner_noun_agreement	Write a natural, coherent English sentence.
685	8	Dan examines this long analysis.	Dan examines these long analysis.	-72.5	-72.5	-10.375	-10.375	False	False	morphology	determiner_noun_agreement	Write a natural, coherent English sentence.
686	8	These drivers concealed these gray oxen.	These drivers concealed this gray oxen.	-93.0	-93.0	-10.375	-10.375	False	False	morphology	determiner_noun_agreement	Write a natural, coherent English sentence.
687	8	All children impresses this happy man.	All children impresses these happy man.	-83.0	-83.0	-10.375	-10.375	False	False	morphology	determiner_noun_agreement	Write a natural, coherent English sentence.
688	8	People will conceal that concealed man.	People will conceal those concealed man.	-93.5	-93.5	-10.375	-10.375	False	False	morphology	determiner_noun_agreement	Write a natural, coherent English sentence.
689	8	Some patient returns to this old man.	Some patient returns to these old man.	-83.0	-83.0	-10.375	-10.375	False	False	morphology	determiner_noun_agreement	Write a natural, coherent English sentence.
690	8	Many actresses discovered those big oases.	Many actresses discovered that big oases.	-93.5	-93.5	-10.375	-10.375	False	False	morphology	determiner_noun_agreement	Write a natural, coherent English sentence.
691	8	The school talks about those young alumni.	The school talks about that young alumni.	-104.0	-103.5	-10.375	-10.375	False	False	morphology	determiner_noun_agreement	Write a natural, coherent English sentence.
692	8	Omar admired these blue fungi.	Omar admired this blue fungi.	-93.5	-93.5	-10.375	-10.375	False	False	morphology	determiner_noun_agreement	Write a natural, coherent English sentence.
693	8	Some school can't hate these good people.	Some school can't hate this good people.	-103.5	-103.5	-10.375	-10.375	False	False	morphology	determiner_noun_agreement	Write a natural, coherent English sentence.
694	8	A lot of eggplants wouldn't disturb that determined woman.	A lot of eggplants wouldn't disturb those determined woman.	-145.0	-145.0	-10.375	-10.375	False	False	morphology	determiner_noun_agreement	Write a natural, coherent English sentence.
695	8	That cake could annoy these uncertain men.	That cake could annoy this uncertain men.	-83.0	-83.0	-10.375	-10.375	False	False	morphology	determiner_noun_agreement	Write a natural, coherent English sentence.
696	8	Lamps are worrying these hopeful alumni.	Lamps are worrying this hopeful alumni.	-114.0	-114.0	-10.375	-10.375	False	False	morphology	determiner_noun_agreement	Write a natural, coherent English sentence.
697	8	A lot of eggplants bore these excited alumni.	A lot of eggplants bore this excited alumni.	-135.0	-135.0	-10.375	-10.375	False	False	morphology	determiner_noun_agreement	Write a natural, coherent English sentence.
698	8	A lot of teachers arrived at these old oases.	A lot of teachers arrived at this old oases.	-114.0	-114.0	-10.375	-10.375	False	False	morphology	determiner_noun_agreement	Write a natural, coherent English sentence.
699	8	Most sweaters hurt those happy people.	Most sweaters hurt that happy people.	-83.0	-83.0	-10.375	-10.375	False	False	morphology	determiner_noun_agreement	Write a natural, coherent English sentence.
700	8	Tara scans those good analyses.	Tara scans that good analyses.	-93.5	-93.5	-10.375	-10.375	False	False	morphology	determiner_noun_agreement	Write a natural, coherent English sentence.
701	8	The man doesn't reference this out in the open woman.	The man doesn't reference these out in the open woman.	-135.0	-135.0	-10.375	-10.375	False	False	morphology	determiner_noun_agreement	Write a natural, coherent English sentence.
702	8	This cashier is leaving this employed person.	This cashier is leaving these employed person.	-93.5	-93.5	-10.375	-10.375	False	False	morphology	determiner_noun_agreement	Write a natural, coherent English sentence.
703	8	Bananas bother these clever alumni.	Bananas bother this clever alumni.	-93.5	-93.5	-10.375	-10.375	False	False	morphology	determiner_noun_agreement	Write a natural, coherent English sentence.
704	8	Some convertibles had worried those fast men.	Some convertibles had worried that fast men.	-93.5	-93.5	-10.375	-10.375	False	False	morphology	determiner_noun_agreement	Write a natural, coherent English sentence.
705	8	Carl bored those nice women.	Carl bored that nice women.	-62.25	-62.25	-10.375	-10.375	False	False	morphology	determiner_noun_agreement	Write a natural, coherent English sentence.
706	8	These teachers explore these old oases.	These teachers explore this old oases.	-83.0	-83.0	-10.375	-10.375	False	False	morphology	determiner_noun_agreement	Write a natural, coherent English sentence.
707	8	Many waiters work with this scared child.	Many waiters work with these scared child.	-93.5	-93.5	-10.375	-10.375	False	False	morphology	determiner_noun_agreement	Write a natural, coherent English sentence.
708	8	Committees admire that smart child.	Committees admire those smart child.	-93.5	-93.5	-10.375	-10.375	False	False	morphology	determiner_noun_agreement	Write a natural, coherent English sentence.
709	8	Matt approaches this exposed child.	Matt approaches these exposed child.	-62.25	-62.25	-10.375	-10.375	False	False	morphology	determiner_noun_agreement	Write a natural, coherent English sentence.
710	8	Brian talks to this lucky man.	Brian talks to these lucky man.	-72.5	-72.5	-10.375	-10.375	False	False	morphology	determiner_noun_agreement	Write a natural, coherent English sentence.
711	8	A boy isn't talking about that red oasis.	A boy isn't talking about those red oasis.	-124.5	-124.5	-10.375	-10.375	False	False	morphology	determiner_noun_agreement	Write a natural, coherent English sentence.
712	8	Phillip bought those black feet.	Phillip bought that black feet.	-72.5	-72.5	-10.375	-10.375	False	False	morphology	determiner_noun_agreement	Write a natural, coherent English sentence.
713	8	Eric isn't buying those brown geese.	Eric isn't buying that brown geese.	-104.0	-104.0	-10.375	-10.375	False	False	morphology	determiner_noun_agreement	Write a natural, coherent English sentence.
714	8	Elaine remembers this delighted woman.	Elaine remembers these delighted woman.	-83.0	-83.0	-10.375	-10.375	False	False	morphology	determiner_noun_agreement	Write a natural, coherent English sentence.
715	8	This pedestrian arrives at that smooth oasis.	This pedestrian arrives at those smooth oasis.	-103.5	-103.5	-10.375	-10.375	False	False	morphology	determiner_noun_agreement	Write a natural, coherent English sentence.
716	8	Those men forget these smart men.	Those men forget this smart men.	-72.5	-72.5	-10.375	-10.375	False	False	morphology	determiner_noun_agreement	Write a natural, coherent English sentence.
717	8	Tara might alarm this unsure person.	Tara might alarm these unsure person.	-93.5	-93.5	-10.375	-10.375	False	False	morphology	determiner_noun_agreement	Write a natural, coherent English sentence.
718	8	Vanessa was healing those purple geese.	Vanessa was healing that purple geese.	-93.5	-93.5	-10.375	-10.375	False	False	morphology	determiner_noun_agreement	Write a natural, coherent English sentence.
719	8	Steven hasn't questioned those troubled people.	Steven hasn't questioned that troubled people.	-103.5	-103.5	-10.375	-10.375	False	False	morphology	determiner_noun_agreement	Write a natural, coherent English sentence.
720	8	Thomas hides this clever woman.	Thomas hides these clever woman.	-72.5	-72.5	-10.375	-10.375	False	False	morphology	determiner_noun_agreement	Write a natural, coherent English sentence.
721	8	Most eyes confuse these content alumni.	Most eyes confuse this content alumni.	-104.0	-104.0	-10.375	-10.375	False	False	morphology	determiner_noun_agreement	Write a natural, coherent English sentence.
722	8	That dog aggravates this busy child.	That dog aggravates these busy child.	-93.5	-93.5	-10.375	-10.375	False	False	morphology	determiner_noun_agreement	Write a natural, coherent English sentence.
723	8	Karen has attacked this popular child.	Karen has attacked these popular child.	-72.5	-72.5	-10.375	-10.375	False	False	morphology	determiner_noun_agreement	Write a natural, coherent English sentence.
724	8	Heidi might confuse those displeased men.	Heidi might confuse that displeased men.	-114.0	-114.0	-10.375	-10.375	False	False	morphology	determiner_noun_agreement	Write a natural, coherent English sentence.
725	8	Maria kisses this bad person.	Maria kisses these bad person.	-72.5	-72.5	-10.375	-10.375	False	False	morphology	determiner_noun_agreement	Write a natural, coherent English sentence.
726	8	Tanya passes this purple oasis.	Tanya passes these purple oasis.	-83.0	-83.0	-10.375	-10.375	False	False	morphology	determiner_noun_agreement	Write a natural, coherent English sentence.
727	8	Marla has respected those delighted alumni.	Marla has respected that delighted alumni.	-104.0	-104.0	-10.375	-10.375	False	False	morphology	determiner_noun_agreement	Write a natural, coherent English sentence.
728	8	Paula is investigating this employed alumnus.	Paula is investigating these employed alumnus.	-114.0	-114.0	-10.375	-10.375	False	False	morphology	determiner_noun_agreement	Write a natural, coherent English sentence.
729	8	Most chairs aren't disgusting those serious women.	Most chairs aren't disgusting that serious women.	-114.0	-114.0	-10.375	-10.375	False	False	morphology	determiner_noun_agreement	Write a natural, coherent English sentence.
730	8	Men hadn't run around this purple oasis.	Men hadn't run around these purple oasis.	-114.0	-114.0	-10.375	-10.375	False	False	morphology	determiner_noun_agreement	Write a natural, coherent English sentence.
731	8	Tina hadn't arrived at those green oases.	Tina hadn't arrived at that green oases.	-124.5	-124.5	-10.375	-10.375	False	False	morphology	determiner_noun_agreement	Write a natural, coherent English sentence.
732	8	Karla knew this busy alumnus.	Karla knew these busy alumnus.	-93.5	-93.5	-10.375	-10.375	False	False	morphology	determiner_noun_agreement	Write a natural, coherent English sentence.
733	8	The actors care for these exposed people.	The actors care for this exposed people.	-83.0	-83.0	-10.375	-10.375	False	False	morphology	determiner_noun_agreement	Write a natural, coherent English sentence.
734	8	Michelle might alarm this employed man.	Michelle might alarm these employed man.	-72.5	-72.5	-10.375	-10.375	False	False	morphology	determiner_noun_agreement	Write a natural, coherent English sentence.
735	8	Maria hasn't walked through these hard oases.	Maria hasn't walked through this hard oases.	-114.0	-114.0	-10.375	-10.375	False	False	morphology	determiner_noun_agreement	Write a natural, coherent English sentence.
736	8	That report might disagree with those delighted men.	That report might disagree with that delighted men.	-93.5	-93.5	-10.375	-10.375	False	False	morphology	determiner_noun_agreement	Write a natural, coherent English sentence.
737	8	Actresses discuss this popular person.	Actresses discuss these popular person.	-83.0	-83.0	-10.375	-10.375	False	False	morphology	determiner_noun_agreement	Write a natural, coherent English sentence.
738	8	Holly won't watch these unlucky men.	Holly won't watch this unlucky men.	-114.0	-114.0	-10.375	-10.375	False	False	morphology	determiner_noun_agreement	Write a natural, coherent English sentence.
739	8	Carl was driving to those blue oases.	Carl was driving to that blue oases.	-93.5	-93.5	-10.375	-10.375	False	False	morphology	determiner_noun_agreement	Write a natural, coherent English sentence.
740	8	Bill passes that rough oasis.	Bill passes those rough oasis.	-72.5	-72.5	-10.375	-10.375	False	False	morphology	determiner_noun_agreement	Write a natural, coherent English sentence.
741	8	All men praise this good thesis.	All men praise these good thesis.	-72.5	-72.5	-10.375	-10.375	False	False	morphology	determiner_noun_agreement	Write a natural, coherent English sentence.
742	8	Many doctors should escape from these hopeful women.	Many doctors should escape from this hopeful women.	-103.5	-103.5	-10.375	-10.375	False	False	morphology	determiner_noun_agreement	Write a natural, coherent English sentence.
743	8	Many girls find these nice men.	Many girls find this nice men.	-72.5	-72.5	-10.375	-10.375	False	False	morphology	determiner_noun_agreement	Write a natural, coherent English sentence.
744	8	Every museum helps those concealed children.	Every museum helps that concealed children.	-83.0	-83.0	-10.375	-10.375	False	False	morphology	determiner_noun_agreement	Write a natural, coherent English sentence.
745	8	Marla was distracting these determined people.	Marla was distracting this determined people.	-93.5	-93.5	-10.375	-10.375	False	False	morphology	determiner_noun_agreement	Write a natural, coherent English sentence.
746	8	Those computers might confuse this nice child.	Those computers might confuse these nice child.	-93.5	-93.5	-10.375	-10.375	False	False	morphology	determiner_noun_agreement	Write a natural, coherent English sentence.
747	8	Tanya hasn't loved that content woman.	Tanya hasn't loved those content woman.	-104.0	-104.0	-10.375	-10.375	False	False	morphology	determiner_noun_agreement	Write a natural, coherent English sentence.
748	8	Theresa won't conceal those lost lice.	Theresa won't conceal that lost lice.	-124.5	-124.5	-10.375	-10.375	False	False	morphology	determiner_noun_agreement	Write a natural, coherent English sentence.
749	8	The Borgias do cure these out in the open octopi.	The Borgias do cure this out in the open octopi.	-156.0	-156.0	-10.375	-10.375	False	False	morphology	determiner_noun_agreement	Write a natural, coherent English sentence.
750	8	Kenneth messed up those lost teeth.	Kenneth messed up that lost teeth.	-93.0	-93.0	-10.375	-10.375	False	False	morphology	determiner_noun_agreement	Write a natural, coherent English sentence.
751	8	Jodi doesn't alarm these unsure people.	Jodi doesn't alarm this unsure people.	-114.0	-114.0	-10.375	-10.375	False	False	morphology	determiner_noun_agreement	Write a natural, coherent English sentence.
752	8	This customer scans those good analyses.	This customer scans that good analyses.	-93.5	-93.5	-10.375	-10.375	False	False	morphology	determiner_noun_agreement	Write a natural, coherent English sentence.
753	8	Vincent can't watch this hopeful alumnus.	Vincent can't watch these hopeful alumnus.	-124.5	-124.5	-10.375	-10.375	False	False	morphology	determiner_noun_agreement	Write a natural, coherent English sentence.
754	8	Jodi talked to this unconvinced child.	Jodi talked to these unconvinced child.	-114.0	-114.0	-10.375	-10.375	False	False	morphology	determiner_noun_agreement	Write a natural, coherent English sentence.
755	8	Katherine exited these exposed oases.	Katherine exited this exposed oases.	-93.5	-93.5	-10.375	-10.375	False	False	morphology	determiner_noun_agreement	Write a natural, coherent English sentence.
756	8	Beverly hasn't brought these rough fungi.	Beverly hasn't brought this rough fungi.	-114.0	-114.0	-10.375	-10.375	False	False	morphology	determiner_noun_agreement	Write a natural, coherent English sentence.
757	8	That unicycle is boring those standing children.	That unicycle is boring that standing children.	-104.0	-104.0	-10.375	-10.375	False	False	morphology	determiner_noun_agreement	Write a natural, coherent English sentence.
758	8	That boy can't escape from those unsure children.	That boy can't escape from that unsure children.	-124.5	-124.5	-10.375	-10.375	False	False	morphology	determiner_noun_agreement	Write a natural, coherent English sentence.
759	8	An adult bought these black axes.	An adult bought this black axes.	-83.0	-83.0	-10.375	-10.375	False	False	morphology	determiner_noun_agreement	Write a natural, coherent English sentence.
760	8	Sara isn't kissing this nice woman.	Sara isn't kissing these nice woman.	-103.5	-103.5	-10.375	-10.375	False	False	morphology	determiner_noun_agreement	Write a natural, coherent English sentence.
761	8	Robert couldn't embarrass those scared people.	Robert couldn't embarrass that scared people.	-93.5	-93.5	-10.375	-10.375	False	False	morphology	determiner_noun_agreement	Write a natural, coherent English sentence.
762	8	Deborah had fled from that important woman.	Deborah had fled from those important woman.	-103.5	-103.5	-10.375	-10.375	False	False	morphology	determiner_noun_agreement	Write a natural, coherent English sentence.
763	8	Brenda discussed that serious woman.	Brenda discussed those serious woman.	-72.5	-72.5	-10.375	-10.375	False	False	morphology	determiner_noun_agreement	Write a natural, coherent English sentence.
764	8	Some women questioned that big woman.	Some women questioned those big woman.	-72.5	-72.5	-10.375	-10.375	False	False	morphology	determiner_noun_agreement	Write a natural, coherent English sentence.
765	8	Rodney didn't kiss those displeased women.	Rodney didn't kiss that displeased women.	-124.5	-124.5	-10.375	-10.375	False	False	morphology	determiner_noun_agreement	Write a natural, coherent English sentence.
766	8	Carrie can help those lost alumni.	Carrie can help that lost alumni.	-104.0	-104.0	-10.375	-10.375	False	False	morphology	determiner_noun_agreement	Write a natural, coherent English sentence.
767	8	Many guests approach this lucky man.	Many guests approach these lucky man.	-72.5	-72.5	-10.375	-10.375	False	False	morphology	determiner_noun_agreement	Write a natural, coherent English sentence.
768	8	Some student messes up that hard foot.	Some student messes up those hard foot.	-93.0	-93.0	-10.375	-10.375	False	False	morphology	determiner_noun_agreement	Write a natural, coherent English sentence.
769	8	Some men had skated around these hard oases.	Some men had skated around this hard oases.	-114.0	-114.0	-10.375	-10.375	False	False	morphology	determiner_noun_agreement	Write a natural, coherent English sentence.
770	8	Some light would annoy those happy alumni.	Some light would annoy that happy alumni.	-104.0	-104.0	-10.375	-10.375	False	False	morphology	determiner_noun_agreement	Write a natural, coherent English sentence.
771	8	Many casseroles shock these unconvinced men.	Many casseroles shock this unconvinced men.	-124.5	-124.5	-10.375	-10.375	False	False	morphology	determiner_noun_agreement	Write a natural, coherent English sentence.
772	8	Carl talks about those confident children.	Carl talks about that confident children.	-72.5	-72.5	-10.375	-10.375	False	False	morphology	determiner_noun_agreement	Write a natural, coherent English sentence.
773	8	Timothy was dropping by those new oases.	Timothy was dropping by that new oases.	-103.5	-103.5	-10.375	-10.375	False	False	morphology	determiner_noun_agreement	Write a natural, coherent English sentence.
774	8	Lori has approached these scared people.	Lori has approached this scared people.	-83.0	-83.0	-10.375	-10.375	False	False	morphology	determiner_noun_agreement	Write a natural, coherent English sentence.
775	8	Jodi wouldn't mess up those orange feet.	Jodi wouldn't mess up that orange feet.	-114.0	-114.0	-10.375	-10.375	False	False	morphology	determiner_noun_agreement	Write a natural, coherent English sentence.
776	8	This newspaper article will embarrass this determined child.	This newspaper article will embarrass these determined child.	-93.5	-93.5	-10.375	-10.375	False	False	morphology	determiner_noun_agreement	Write a natural, coherent English sentence.
777	8	A lot of guys conceal this long analysis.	A lot of guys conceal these long analysis.	-103.5	-103.5	-10.375	-10.375	False	False	morphology	determiner_noun_agreement	Write a natural, coherent English sentence.
778	8	Lawrence fired that serious woman.	Lawrence fired those serious woman.	-62.25	-62.25	-10.375	-10.375	False	False	morphology	determiner_noun_agreement	Write a natural, coherent English sentence.
779	8	This story didn't bore this serious man.	This story didn't bore these serious man.	-104.0	-104.0	-10.375	-10.375	False	False	morphology	determiner_noun_agreement	Write a natural, coherent English sentence.
780	8	Mary can't remember that clever person.	Mary can't remember those clever person.	-93.5	-93.5	-10.375	-10.375	False	False	morphology	determiner_noun_agreement	Write a natural, coherent English sentence.
781	8	Marie could listen to that big woman.	Marie could listen to those big woman.	-83.0	-83.0	-10.375	-10.375	False	False	morphology	determiner_noun_agreement	Write a natural, coherent English sentence.
782	8	Clyde had those exposed axes.	Clyde had that exposed axes.	-93.5	-93.5	-10.375	-10.375	False	False	morphology	determiner_noun_agreement	Write a natural, coherent English sentence.
783	8	Victoria has left these delighted men.	Victoria has left this delighted men.	-72.5	-72.5	-10.375	-10.375	False	False	morphology	determiner_noun_agreement	Write a natural, coherent English sentence.
784	8	The Impressionists disagree with those bad analyses.	The Impressionists disagree with that bad analyses.	-114.0	-114.0	-10.375	-10.375	False	False	morphology	determiner_noun_agreement	Write a natural, coherent English sentence.
785	8	Amy took that hidden fungus.	Amy took those hidden fungus.	-83.0	-83.0	-10.375	-10.375	False	False	morphology	determiner_noun_agreement	Write a natural, coherent English sentence.
786	8	Rose was fixing this hard foot.	Rose was fixing these hard foot.	-72.5	-72.5	-10.375	-10.375	False	False	morphology	determiner_noun_agreement	Write a natural, coherent English sentence.
787	8	Most dishes weren't astounding these scared men.	Most dishes weren't astounding this scared men.	-124.5	-124.5	-10.375	-10.375	False	False	morphology	determiner_noun_agreement	Write a natural, coherent English sentence.
788	8	The doctor sees those smooth cacti.	The doctor sees that smooth cacti.	-93.5	-93.5	-10.375	-10.375	False	False	morphology	determiner_noun_agreement	Write a natural, coherent English sentence.
789	8	Rodney hadn't cured these white octopi.	Rodney hadn't cured this white octopi.	-135.0	-135.0	-10.375	-10.375	False	False	morphology	determiner_noun_agreement	Write a natural, coherent English sentence.
790	8	This museum hadn't disgusted these troubled men.	This museum hadn't disgusted this troubled men.	-124.5	-124.5	-10.375	-10.375	False	False	morphology	determiner_noun_agreement	Write a natural, coherent English sentence.
791	8	Patrick complained about those scared men.	Patrick complained about that scared men.	-72.5	-72.5	-10.375	-10.375	False	False	morphology	determiner_noun_agreement	Write a natural, coherent English sentence.
792	8	Jacqueline should stun these determined alumni.	Jacqueline should stun this determined alumni.	-124.5	-124.5	-10.375	-10.375	False	False	morphology	determiner_noun_agreement	Write a natural, coherent English sentence.
793	8	All apples worry this serious man.	All apples worry these serious man.	-83.0	-83.0	-10.375	-10.375	False	False	morphology	determiner_noun_agreement	Write a natural, coherent English sentence.
794	8	The drawing isn't scaring that old child.	The drawing isn't scaring those old child.	-114.0	-114.0	-10.375	-10.375	False	False	morphology	determiner_noun_agreement	Write a natural, coherent English sentence.
795	8	Veronica questioned this uncertain woman.	Veronica questioned these uncertain woman.	-83.0	-83.0	-10.375	-10.375	False	False	morphology	determiner_noun_agreement	Write a natural, coherent English sentence.
796	8	Vanessa hadn't known this determined alumnus.	Vanessa hadn't known these determined alumnus.	-124.5	-124.5	-10.375	-10.375	False	False	morphology	determiner_noun_agreement	Write a natural, coherent English sentence.
797	8	Cynthia hadn't kissed this unemployed man.	Cynthia hadn't kissed these unemployed man.	-135.0	-135.0	-10.375	-10.375	False	False	morphology	determiner_noun_agreement	Write a natural, coherent English sentence.
798	8	These companies irritate that exposed woman.	These companies irritate those exposed woman.	-83.0	-83.0	-10.375	-10.375	False	False	morphology	determiner_noun_agreement	Write a natural, coherent English sentence.
799	8	This dancer wasn't biking to this orange oasis.	This dancer wasn't biking to these orange oasis.	-145.0	-145.0	-10.375	-10.375	False	False	morphology	determiner_noun_agreement	Write a natural, coherent English sentence.
800	8	Those legislatures could disturb this upset alumnus.	Those legislatures could disturb these upset alumnus.	-114.0	-114.0	-10.375	-10.375	False	False	morphology	determiner_noun_agreement	Write a natural, coherent English sentence.
801	8	Some adult hasn't hidden these ill men.	Some adult hasn't hidden this ill men.	-103.5	-104.0	-10.375	-10.375	True	False	morphology	determiner_noun_agreement	Write a natural, coherent English sentence.
802	8	A cashier should insult these hidden children.	A cashier should insult this hidden children.	-93.5	-93.5	-10.375	-10.375	False	False	morphology	determiner_noun_agreement	Write a natural, coherent English sentence.
803	8	Danielle could annoy that confident man.	Danielle could annoy those confident man.	-83.0	-83.0	-10.375	-10.375	False	False	morphology	determiner_noun_agreement	Write a natural, coherent English sentence.
804	8	These teachers lift this exposed goose.	These teachers lift these exposed goose.	-83.0	-83.0	-10.375	-10.375	False	False	morphology	determiner_noun_agreement	Write a natural, coherent English sentence.
805	8	Christina drove to that exposed oasis.	Christina drove to those exposed oasis.	-93.5	-93.0	-10.375	-10.375	False	False	morphology	determiner_noun_agreement	Write a natural, coherent English sentence.
806	8	Jesus hadn't sounded like these hidden people.	Jesus hadn't sounded like this hidden people.	-103.5	-103.5	-10.375	-10.375	False	False	morphology	determiner_noun_agreement	Write a natural, coherent English sentence.
807	8	Many mushrooms irritate that upset man.	Many mushrooms irritate those upset man.	-93.5	-93.5	-10.375	-10.375	False	False	morphology	determiner_noun_agreement	Write a natural, coherent English sentence.
808	8	Some committee bought those white lice.	Some committee bought that white lice.	-83.0	-83.0	-10.375	-10.375	False	False	morphology	determiner_noun_agreement	Write a natural, coherent English sentence.
809	8	Daniel hasn't known this determined man.	Daniel hasn't known these determined man.	-93.5	-93.5	-10.375	-10.375	False	False	morphology	determiner_noun_agreement	Write a natural, coherent English sentence.
810	8	Art hadn't scared these serious alumni.	Art hadn't scared this serious alumni.	-114.0	-114.0	-10.375	-10.375	False	False	morphology	determiner_noun_agreement	Write a natural, coherent English sentence.
811	8	Alice fires this unconvinced child.	Alice fires these unconvinced child.	-93.5	-93.5	-10.375	-10.375	False	False	morphology	determiner_noun_agreement	Write a natural, coherent English sentence.
812	8	Melanie hid that exposed tooth.	Melanie hid those exposed tooth.	-72.5	-72.5	-10.375	-10.375	False	False	morphology	determiner_noun_agreement	Write a natural, coherent English sentence.
813	8	Most hamsters find that red tooth.	Most hamsters find those red tooth.	-83.0	-83.0	-10.375	-10.375	False	False	morphology	determiner_noun_agreement	Write a natural, coherent English sentence.
814	8	Those children explore those small oases.	Those children explore that small oases.	-83.0	-83.0	-10.375	-10.375	False	False	morphology	determiner_noun_agreement	Write a natural, coherent English sentence.
815	8	Most museums listen to this troubled man.	Most museums listen to these troubled man.	-103.5	-103.5	-10.375	-10.375	False	False	morphology	determiner_noun_agreement	Write a natural, coherent English sentence.
816	8	Patrick embarrassed this unemployed person.	Patrick embarrassed these unemployed person.	-72.5	-72.5	-10.375	-10.375	False	False	morphology	determiner_noun_agreement	Write a natural, coherent English sentence.
817	8	A lot of icicles had alarmed that hidden woman.	A lot of icicles had alarmed those hidden woman.	-124.5	-124.5	-10.375	-10.375	False	False	morphology	determiner_noun_agreement	Write a natural, coherent English sentence.
818	8	Matt hadn't impressed this exposed child.	Matt hadn't impressed these exposed child.	-93.5	-93.5	-10.375	-10.375	False	False	morphology	determiner_noun_agreement	Write a natural, coherent English sentence.
819	8	Eric might see those new feet.	Eric might see that new feet.	-72.5	-72.5	-10.375	-10.375	False	False	morphology	determiner_noun_agreement	Write a natural, coherent English sentence.
820	8	Some turtle can confuse this old alumnus.	Some turtle can confuse these old alumnus.	-135.0	-135.0	-10.375	-10.375	False	False	morphology	determiner_noun_agreement	Write a natural, coherent English sentence.
821	8	Most guests explore these smooth oases.	Most guests explore this smooth oases.	-83.0	-83.0	-10.375	-10.375	False	False	morphology	determiner_noun_agreement	Write a natural, coherent English sentence.
822	8	Brian has praised that happy alumnus.	Brian has praised those happy alumnus.	-93.5	-93.5	-10.375	-10.375	False	False	morphology	determiner_noun_agreement	Write a natural, coherent English sentence.
823	8	Karen sees these ill lice.	Karen sees this ill lice.	-72.5	-72.5	-10.375	-10.375	False	False	morphology	determiner_noun_agreement	Write a natural, coherent English sentence.
824	8	Alicia doesn't observe this confident alumnus.	Alicia doesn't observe these confident alumnus.	-135.0	-135.0	-10.375	-10.375	False	False	morphology	determiner_noun_agreement	Write a natural, coherent English sentence.
825	8	That horse does find this lost octopus.	That horse does find these lost octopus.	-104.0	-104.0	-10.375	-10.375	False	False	morphology	determiner_noun_agreement	Write a natural, coherent English sentence.
826	8	Those customers haven't annoyed those delighted children.	Those customers haven't annoyed that delighted children.	-114.0	-114.0	-10.375	-10.375	False	False	morphology	determiner_noun_agreement	Write a natural, coherent English sentence.
827	8	The Great Lakes confused these hidden women.	The Great Lakes confused this hidden women.	-93.5	-93.5	-10.375	-10.375	False	False	morphology	determiner_noun_agreement	Write a natural, coherent English sentence.
828	8	Russell watches these unsure women.	Russell watches this unsure women.	-72.5	-72.5	-10.375	-10.375	False	False	morphology	determiner_noun_agreement	Write a natural, coherent English sentence.
829	8	Jacqueline has concealed these long synopses.	Jacqueline has concealed this long synopses.	-124.5	-124.5	-10.375	-10.375	False	False	morphology	determiner_noun_agreement	Write a natural, coherent English sentence.
830	8	Carrie isn't hiring this small woman.	Carrie isn't hiring these small woman.	-104.0	-104.0	-10.375	-10.375	False	False	morphology	determiner_noun_agreement	Write a natural, coherent English sentence.
831	8	Charles doesn't admire these big mice.	Charles doesn't admire this big mice.	-114.0	-114.0	-10.375	-10.375	False	False	morphology	determiner_noun_agreement	Write a natural, coherent English sentence.
832	8	The Impressionists might think about that white thesis.	The Impressionists might think about those white thesis.	-114.0	-114.0	-10.375	-10.375	False	False	morphology	determiner_noun_agreement	Write a natural, coherent English sentence.
833	8	Most men question those bad people.	Most men question that bad people.	-72.5	-72.5	-10.375	-10.375	False	False	morphology	determiner_noun_agreement	Write a natural, coherent English sentence.
834	8	Lissa hasn't left this upset woman.	Lissa hasn't left these upset woman.	-104.0	-104.0	-10.375	-10.375	False	False	morphology	determiner_noun_agreement	Write a natural, coherent English sentence.
835	8	Janice won't fire that determined child.	Janice won't fire those determined child.	-104.0	-104.0	-10.375	-10.375	False	False	morphology	determiner_noun_agreement	Write a natural, coherent English sentence.
836	8	This company criticized this lucky man.	This company criticized these lucky man.	-83.0	-83.0	-10.375	-10.375	False	False	morphology	determiner_noun_agreement	Write a natural, coherent English sentence.
837	8	The banks hurt that excited woman.	The banks hurt those excited woman.	-72.5	-72.5	-10.375	-10.375	False	False	morphology	determiner_noun_agreement	Write a natural, coherent English sentence.
838	8	Peter wasn't walking through those red oases.	Peter wasn't walking through that red oases.	-114.0	-114.0	-10.375	-10.375	False	False	morphology	determiner_noun_agreement	Write a natural, coherent English sentence.
839	8	Rebecca wasn't referencing this long synopsis.	Rebecca wasn't referencing these long synopsis.	-114.0	-114.0	-10.375	-10.375	False	False	morphology	determiner_noun_agreement	Write a natural, coherent English sentence.
840	8	Naomi notices this smooth octopus.	Naomi notices these smooth octopus.	-103.5	-103.5	-10.375	-10.375	False	False	morphology	determiner_noun_agreement	Write a natural, coherent English sentence.
841	8	Patrick conceals this hard stimulus.	Patrick conceals these hard stimulus.	-83.0	-83.0	-10.375	-10.375	False	False	morphology	determiner_noun_agreement	Write a natural, coherent English sentence.
842	8	Candice shouldn't bring those smooth feet.	Candice shouldn't bring that smooth feet.	-104.0	-104.0	-10.375	-10.375	False	False	morphology	determiner_noun_agreement	Write a natural, coherent English sentence.
843	8	All books sound like those content women.	All books sound like that content women.	-83.0	-83.0	-10.375	-10.375	False	False	morphology	determiner_noun_agreement	Write a natural, coherent English sentence.
844	8	Bethany hasn't arrived at this white oasis.	Bethany hasn't arrived at these white oasis.	-124.5	-124.5	-10.375	-10.375	False	False	morphology	determiner_noun_agreement	Write a natural, coherent English sentence.
845	8	Steve reveals these unemployed alumni.	Steve reveals this unemployed alumni.	-93.5	-93.5	-10.375	-10.375	False	False	morphology	determiner_noun_agreement	Write a natural, coherent English sentence.
846	8	Sonia was upsetting that ill woman.	Sonia was upsetting those ill woman.	-93.5	-93.5	-10.375	-10.375	False	False	morphology	determiner_noun_agreement	Write a natural, coherent English sentence.
847	8	Keith wasn't boring these delighted men.	Keith wasn't boring this delighted men.	-93.5	-93.5	-10.375	-10.375	False	False	morphology	determiner_noun_agreement	Write a natural, coherent English sentence.
848	8	The Borgias admire these hard mice.	The Borgias admire this hard mice.	-114.0	-114.0	-10.375	-10.375	False	False	morphology	determiner_noun_agreement	Write a natural, coherent English sentence.
849	8	These drivers had forgotten this good analysis.	These drivers had forgotten these good analysis.	-83.0	-83.0	-10.375	-10.375	False	False	morphology	determiner_noun_agreement	Write a natural, coherent English sentence.
850	8	Helen skates around this blue oasis.	Helen skates around these blue oasis.	-93.5	-93.0	-10.375	-10.375	False	False	morphology	determiner_noun_agreement	Write a natural, coherent English sentence.
851	8	Galileo found that smooth stimulus.	Galileo found those smooth stimulus.	-93.0	-93.0	-10.375	-10.375	False	False	morphology	determiner_noun_agreement	Write a natural, coherent English sentence.
852	8	Kimberley isn't curing these small octopi.	Kimberley isn't curing this small octopi.	-145.0	-145.0	-10.375	-10.375	False	False	morphology	determiner_noun_agreement	Write a natural, coherent English sentence.
853	8	Debra didn't conceal these popular men.	Debra didn't conceal this popular men.	-114.0	-114.0	-10.375	-10.375	False	False	morphology	determiner_noun_agreement	Write a natural, coherent English sentence.
854	8	A lot of doctors hug these scared children.	A lot of doctors hug this scared children.	-93.0	-93.0	-10.375	-10.375	False	False	morphology	determiner_noun_agreement	Write a natural, coherent English sentence.
855	8	Those pedestrians weren't fleeing from these concealed men.	Those pedestrians weren't fleeing from this concealed men.	-156.0	-156.0	-10.375	-10.375	False	False	morphology	determiner_noun_agreement	Write a natural, coherent English sentence.
856	8	Those children find that exposed thesis.	Those children find those exposed thesis.	-72.5	-72.5	-10.375	-10.375	False	False	morphology	determiner_noun_agreement	Write a natural, coherent English sentence.
857	8	Debra admires these blue octopi.	Debra admires this blue octopi.	-103.5	-103.5	-10.375	-10.375	False	False	morphology	determiner_noun_agreement	Write a natural, coherent English sentence.
858	8	Bruce wasn't approaching that clever alumnus.	Bruce wasn't approaching those clever alumnus.	-114.0	-114.0	-10.375	-10.375	False	False	morphology	determiner_noun_agreement	Write a natural, coherent English sentence.
859	8	Lawrence isn't questioning that nice woman.	Lawrence isn't questioning those nice woman.	-93.5	-93.5	-10.375	-10.375	False	False	morphology	determiner_noun_agreement	Write a natural, coherent English sentence.
860	8	Some waitresses have this big octopus.	Some waitresses have these big octopus.	-114.0	-114.0	-10.375	-10.375	False	False	morphology	determiner_noun_agreement	Write a natural, coherent English sentence.
861	8	Carolyn had embarrassed that busy alumnus.	Carolyn had embarrassed those busy alumnus.	-103.5	-103.5	-10.375	-10.375	False	False	morphology	determiner_noun_agreement	Write a natural, coherent English sentence.
862	8	Jeffrey aggravated that smart man.	Jeffrey aggravated those smart man.	-93.0	-93.0	-10.375	-10.375	False	False	morphology	determiner_noun_agreement	Write a natural, coherent English sentence.
863	8	Guy messed up this yellow foot.	Guy messed up these yellow foot.	-83.0	-83.0	-10.375	-10.375	False	False	morphology	determiner_noun_agreement	Write a natural, coherent English sentence.
864	8	Every book is embarrassing this small woman.	Every book is embarrassing these small woman.	-93.5	-93.5	-10.375	-10.375	False	False	morphology	determiner_noun_agreement	Write a natural, coherent English sentence.
865	8	These associations were talking about these scared women.	These associations were talking about this scared women.	-93.5	-93.5	-10.375	-10.375	False	False	morphology	determiner_noun_agreement	Write a natural, coherent English sentence.
866	8	Todd disturbs this upset child.	Todd disturbs these upset child.	-83.0	-83.0	-10.375	-10.375	False	False	morphology	determiner_noun_agreement	Write a natural, coherent English sentence.
867	8	That window alarms these exposed women.	That window alarms this exposed women.	-83.0	-83.0	-10.375	-10.375	False	False	morphology	determiner_noun_agreement	Write a natural, coherent English sentence.
868	8	A window upsets these upset men.	A window upsets this upset men.	-83.0	-83.0	-10.375	-10.375	False	False	morphology	determiner_noun_agreement	Write a natural, coherent English sentence.
869	8	Monet is fixing that brown foot.	Monet is fixing those brown foot.	-83.0	-83.0	-10.375	-10.375	False	False	morphology	determiner_noun_agreement	Write a natural, coherent English sentence.
870	8	Adam left these big alumni.	Adam left this big alumni.	-83.0	-83.0	-10.375	-10.375	False	False	morphology	determiner_noun_agreement	Write a natural, coherent English sentence.
871	8	Stacy can exit that big oasis.	Stacy can exit those big oasis.	-93.5	-93.5	-10.375	-10.375	False	False	morphology	determiner_noun_agreement	Write a natural, coherent English sentence.
872	8	Roger was returning to those happy alumni.	Roger was returning to that happy alumni.	-104.0	-104.0	-10.375	-10.375	False	False	morphology	determiner_noun_agreement	Write a natural, coherent English sentence.
873	8	Dana isn't investigating this ill woman.	Dana isn't investigating these ill woman.	-114.0	-114.0	-10.375	-10.375	False	False	morphology	determiner_noun_agreement	Write a natural, coherent English sentence.
874	8	Tammy has those yellow axes.	Tammy has that yellow axes.	-83.0	-83.0	-10.375	-10.375	False	False	morphology	determiner_noun_agreement	Write a natural, coherent English sentence.
875	8	Marla leaves those employed children.	Marla leaves that employed children.	-72.5	-72.5	-10.375	-10.375	False	False	morphology	determiner_noun_agreement	Write a natural, coherent English sentence.
876	8	Sarah referenced that ill child.	Sarah referenced those ill child.	-72.5	-72.5	-10.375	-10.375	False	False	morphology	determiner_noun_agreement	Write a natural, coherent English sentence.
877	8	Edward complained about this serious child.	Edward complained about these serious child.	-72.5	-72.5	-10.375	-10.375	False	False	morphology	determiner_noun_agreement	Write a natural, coherent English sentence.
878	8	Carolyn healed those bad women.	Carolyn healed that bad women.	-83.0	-83.0	-10.375	-10.375	False	False	morphology	determiner_noun_agreement	Write a natural, coherent English sentence.
879	8	The waitresses fired those upset alumni.	The waitresses fired that upset alumni.	-114.0	-114.0	-10.375	-10.375	False	False	morphology	determiner_noun_agreement	Write a natural, coherent English sentence.
880	8	Every driver dropped by that old oasis.	Every driver dropped by those old oasis.	-93.5	-93.5	-10.375	-10.375	False	False	morphology	determiner_noun_agreement	Write a natural, coherent English sentence.
881	8	William hadn't hugged these hopeful alumni.	William hadn't hugged this hopeful alumni.	-135.0	-135.0	-10.375	-10.375	False	False	morphology	determiner_noun_agreement	Write a natural, coherent English sentence.
882	8	The Lutherans had messed up those lost feet.	The Lutherans had messed up that lost feet.	-114.0	-114.0	-10.375	-10.375	False	False	morphology	determiner_noun_agreement	Write a natural, coherent English sentence.
883	8	Florence hasn't confused those standing men.	Florence hasn't confused that standing men.	-93.5	-93.5	-10.375	-10.375	False	False	morphology	determiner_noun_agreement	Write a natural, coherent English sentence.
884	8	Some convertible upset this upset woman.	Some convertible upset these upset woman.	-83.0	-83.0	-10.375	-10.375	False	False	morphology	determiner_noun_agreement	Write a natural, coherent English sentence.
885	8	Rebecca saw this hidden foot.	Rebecca saw these hidden foot.	-62.25	-62.25	-10.375	-10.375	False	False	morphology	determiner_noun_agreement	Write a natural, coherent English sentence.
886	8	Derek returned to these content men.	Derek returned to this content men.	-83.0	-83.0	-10.375	-10.375	False	False	morphology	determiner_noun_agreement	Write a natural, coherent English sentence.
887	8	Those teachers love those hidden women.	Those teachers love that hidden women.	-72.5	-72.5	-10.375	-10.375	False	False	morphology	determiner_noun_agreement	Write a natural, coherent English sentence.
888	8	Jennifer worried those ill men.	Jennifer worried that ill men.	-62.25	-62.25	-10.375	-10.375	False	False	morphology	determiner_noun_agreement	Write a natural, coherent English sentence.
889	8	A chair was stunning this big man.	A chair was stunning these big man.	-83.0	-83.0	-10.375	-10.375	False	False	morphology	determiner_noun_agreement	Write a natural, coherent English sentence.
890	8	Paintings looked like that gray thesis.	Paintings looked like those gray thesis.	-93.0	-93.0	-10.375	-10.375	False	False	morphology	determiner_noun_agreement	Write a natural, coherent English sentence.
891	8	Karla toured this rough oasis.	Karla toured these rough oasis.	-93.5	-93.5	-10.375	-10.375	False	False	morphology	determiner_noun_agreement	Write a natural, coherent English sentence.
892	8	Walter couldn't boycott those hidden oases.	Walter couldn't boycott that hidden oases.	-114.0	-114.0	-10.375	-10.375	False	False	morphology	determiner_noun_agreement	Write a natural, coherent English sentence.
893	8	Donald has worried this smart man.	Donald has worried these smart man.	-72.5	-72.5	-10.375	-10.375	False	False	morphology	determiner_noun_agreement	Write a natural, coherent English sentence.
894	8	Catherine has boycotted those gray oases.	Catherine has boycotted that gray oases.	-104.0	-104.0	-10.375	-10.375	False	False	morphology	determiner_noun_agreement	Write a natural, coherent English sentence.
895	8	Nicole toured those yellow oases.	Nicole toured that yellow oases.	-83.0	-83.0	-10.375	-10.375	False	False	morphology	determiner_noun_agreement	Write a natural, coherent English sentence.
896	8	Barbara praises that young woman.	Barbara praises those young woman.	-72.5	-72.5	-10.375	-10.375	False	False	morphology	determiner_noun_agreement	Write a natural, coherent English sentence.
897	8	The apple aggravates those hopeful children.	The apple aggravates that hopeful children.	-103.5	-103.5	-10.375	-10.375	False	False	morphology	determiner_noun_agreement	Write a natural, coherent English sentence.
898	8	All photographs could look like this big fungus.	All photographs could look like these big fungus.	-114.0	-114.0	-10.375	-10.375	False	False	morphology	determiner_noun_agreement	Write a natural, coherent English sentence.
899	8	Guys should talk about that good synopsis.	Guys should talk about those good synopsis.	-103.5	-103.5	-10.375	-10.375	False	False	morphology	determiner_noun_agreement	Write a natural, coherent English sentence.
900	8	Tracy discovered this concealed alumnus.	Tracy discovered these concealed alumnus.	-104.0	-104.0	-10.375	-10.375	False	False	morphology	determiner_noun_agreement	Write a natural, coherent English sentence.
901	8	All actresses are helping this troubled man.	All actresses are helping these troubled man.	-103.5	-103.5	-10.375	-10.375	False	False	morphology	determiner_noun_agreement	Write a natural, coherent English sentence.
902	8	Douglas isn't revealing this dirty foot.	Douglas isn't revealing these dirty foot.	-93.5	-93.5	-10.375	-10.375	False	False	morphology	determiner_noun_agreement	Write a natural, coherent English sentence.
903	8	Most senators confuse that standing child.	Most senators confuse those standing child.	-93.5	-93.5	-10.375	-10.375	False	False	morphology	determiner_noun_agreement	Write a natural, coherent English sentence.
904	8	Those doctors embarrass that upset woman.	Those doctors embarrass those upset woman.	-72.5	-72.5	-10.375	-10.375	False	False	morphology	determiner_noun_agreement	Write a natural, coherent English sentence.
905	8	A lot of customers were healing those sick men.	A lot of customers were healing that sick men.	-103.5	-103.5	-10.375	-10.375	False	False	morphology	determiner_noun_agreement	Write a natural, coherent English sentence.
906	8	Sabrina does conceal these old alumni.	Sabrina does conceal this old alumni.	-124.5	-124.5	-10.375	-10.375	False	False	morphology	determiner_noun_agreement	Write a natural, coherent English sentence.
907	8	Many girls can't observe those young alumni.	Many girls can't observe that young alumni.	-124.5	-124.5	-10.375	-10.375	False	False	morphology	determiner_noun_agreement	Write a natural, coherent English sentence.
908	8	The actresses hire that lucky man.	The actresses hire those lucky man.	-83.0	-83.0	-10.375	-10.375	False	False	morphology	determiner_noun_agreement	Write a natural, coherent English sentence.
909	8	Andrea is firing that scared child.	Andrea is firing those scared child.	-72.5	-72.5	-10.375	-10.375	False	False	morphology	determiner_noun_agreement	Write a natural, coherent English sentence.
910	8	That dancer scanned that bad synopsis.	That dancer scanned those bad synopsis.	-104.0	-104.0	-10.375	-10.375	False	False	morphology	determiner_noun_agreement	Write a natural, coherent English sentence.
911	8	Daniel breaks these dirty teeth.	Daniel breaks this dirty teeth.	-62.25	-62.25	-10.375	-10.375	False	False	morphology	determiner_noun_agreement	Write a natural, coherent English sentence.
912	8	Students had messed up those purple teeth.	Students had messed up that purple teeth.	-93.5	-93.5	-10.375	-10.375	False	False	morphology	determiner_noun_agreement	Write a natural, coherent English sentence.
913	8	Becky boycotted those old oases.	Becky boycotted that old oases.	-104.0	-103.5	-10.375	-10.375	False	False	morphology	determiner_noun_agreement	Write a natural, coherent English sentence.
914	8	Florence talks to those good women.	Florence talks to that good women.	-72.5	-72.5	-10.375	-10.375	False	False	morphology	determiner_noun_agreement	Write a natural, coherent English sentence.
915	8	Carmen won't break this big foot.	Carmen won't break these big foot.	-104.0	-104.0	-10.375	-10.375	False	False	morphology	determiner_noun_agreement	Write a natural, coherent English sentence.
916	8	Stephen fired those employed men.	Stephen fired that employed men.	-62.25	-62.25	-10.375	-10.375	False	False	morphology	determiner_noun_agreement	Write a natural, coherent English sentence.
917	8	Many governments confuse this sick woman.	Many governments confuse these sick woman.	-83.0	-83.0	-10.375	-10.375	False	False	morphology	determiner_noun_agreement	Write a natural, coherent English sentence.
918	8	Heidi healed this troubled child.	Heidi healed these troubled child.	-93.0	-93.0	-10.375	-10.375	False	False	morphology	determiner_noun_agreement	Write a natural, coherent English sentence.
919	8	Daniel questions these employed alumni.	Daniel questions this employed alumni.	-83.0	-83.0	-10.375	-10.375	False	False	morphology	determiner_noun_agreement	Write a natural, coherent English sentence.
920	8	People admire these yellow oxen.	People admire this yellow oxen.	-83.0	-83.0	-10.375	-10.375	False	False	morphology	determiner_noun_agreement	Write a natural, coherent English sentence.
921	8	Those adults embarrasses this displeased woman.	Those adults embarrasses these displeased woman.	-103.5	-103.5	-10.375	-10.375	False	False	morphology	determiner_noun_agreement	Write a natural, coherent English sentence.
922	8	Winston Churchill notices these big nuclei.	Winston Churchill notices this big nuclei.	-114.0	-114.0	-10.375	-10.375	False	False	morphology	determiner_noun_agreement	Write a natural, coherent English sentence.
923	8	All women hide those concealed nuclei.	All women hide that concealed nuclei.	-93.5	-93.5	-10.375	-10.375	False	False	morphology	determiner_noun_agreement	Write a natural, coherent English sentence.
924	8	Charles was escaping from those lucky men.	Charles was escaping from that lucky men.	-93.5	-93.5	-10.375	-10.375	False	False	morphology	determiner_noun_agreement	Write a natural, coherent English sentence.
925	8	Paul doesn't insult this happy woman.	Paul doesn't insult these happy woman.	-93.5	-93.5	-10.375	-10.375	False	False	morphology	determiner_noun_agreement	Write a natural, coherent English sentence.
926	8	Galileo isn't scanning this brown thesis.	Galileo isn't scanning these brown thesis.	-124.5	-124.5	-10.375	-10.375	False	False	morphology	determiner_noun_agreement	Write a natural, coherent English sentence.
927	8	The newspaper article doesn't annoy that exposed man.	The newspaper article doesn't annoy those exposed man.	-114.0	-114.0	-10.375	-10.375	False	False	morphology	determiner_noun_agreement	Write a natural, coherent English sentence.
928	8	Carmen noticed these gray cacti.	Carmen noticed this gray cacti.	-93.5	-93.5	-10.375	-10.375	False	False	morphology	determiner_noun_agreement	Write a natural, coherent English sentence.
929	8	Teresa approaches this upset man.	Teresa approaches these upset man.	-72.5	-72.5	-10.375	-10.375	False	False	morphology	determiner_noun_agreement	Write a natural, coherent English sentence.
930	8	April was revealing this hidden woman.	April was revealing these hidden woman.	-72.5	-72.5	-10.375	-10.375	False	False	morphology	determiner_noun_agreement	Write a natural, coherent English sentence.
931	8	Michael has loved these scared men.	Michael has loved this scared men.	-72.5	-72.5	-10.375	-10.375	False	False	morphology	determiner_noun_agreement	Write a natural, coherent English sentence.
932	8	Joseph hadn't bought those hard lice.	Joseph hadn't bought that hard lice.	-104.0	-104.0	-10.375	-10.375	False	False	morphology	determiner_noun_agreement	Write a natural, coherent English sentence.
933	8	Larry did drive to this out in the open oasis.	Larry did drive to these out in the open oasis.	-124.5	-124.5	-10.375	-10.375	False	False	morphology	determiner_noun_agreement	Write a natural, coherent English sentence.
934	8	Lisa hasn't driven to that new oasis.	Lisa hasn't driven to those new oasis.	-114.0	-114.0	-10.375	-10.375	False	False	morphology	determiner_noun_agreement	Write a natural, coherent English sentence.
935	8	Steve scanned this good synopsis.	Steve scanned these good synopsis.	-83.0	-83.0	-10.375	-10.375	False	False	morphology	determiner_noun_agreement	Write a natural, coherent English sentence.
936	8	The Lutherans care for those hopeful men.	The Lutherans care for that hopeful men.	-103.5	-103.5	-10.375	-10.375	False	False	morphology	determiner_noun_agreement	Write a natural, coherent English sentence.
937	8	Christine bikes to these orange oases.	Christine bikes to this orange oases.	-103.5	-103.5	-10.375	-10.375	False	False	morphology	determiner_noun_agreement	Write a natural, coherent English sentence.
938	8	Most actors distracted this popular woman.	Most actors distracted these popular woman.	-83.0	-83.0	-10.375	-10.375	False	False	morphology	determiner_noun_agreement	Write a natural, coherent English sentence.
939	8	Emily should observe those displeased men.	Emily should observe that displeased men.	-93.5	-93.5	-10.375	-10.375	False	False	morphology	determiner_noun_agreement	Write a natural, coherent English sentence.
940	8	The drivers do sell this green thesis.	The drivers do sell these green thesis.	-83.0	-83.0	-10.375	-10.375	False	False	morphology	determiner_noun_agreement	Write a natural, coherent English sentence.
941	8	Most drivers love these unemployed men.	Most drivers love this unemployed men.	-83.0	-83.0	-10.375	-10.375	False	False	morphology	determiner_noun_agreement	Write a natural, coherent English sentence.
942	8	Those doctors care for this hopeful man.	Those doctors care for these hopeful man.	-93.5	-93.5	-10.375	-10.375	False	False	morphology	determiner_noun_agreement	Write a natural, coherent English sentence.
943	8	Brad kisses that displeased man.	Brad kisses those displeased man.	-93.5	-93.0	-10.375	-10.375	False	False	morphology	determiner_noun_agreement	Write a natural, coherent English sentence.
944	8	Danielle had argued about those troubled men.	Danielle had argued about that troubled men.	-103.5	-103.5	-10.375	-10.375	False	False	morphology	determiner_noun_agreement	Write a natural, coherent English sentence.
945	8	An actor is disgusting those unsure men.	An actor is disgusting that unsure men.	-103.5	-103.5	-10.375	-10.375	False	False	morphology	determiner_noun_agreement	Write a natural, coherent English sentence.
946	8	Galileo didn't hurt those displeased children.	Galileo didn't hurt that displeased children.	-135.0	-135.0	-10.375	-10.375	False	False	morphology	determiner_noun_agreement	Write a natural, coherent English sentence.
947	8	Omar messed up these small teeth.	Omar messed up this small teeth.	-93.5	-93.5	-10.375	-10.375	False	False	morphology	determiner_noun_agreement	Write a natural, coherent English sentence.
948	8	Carmen will watch this smart person.	Carmen will watch these smart person.	-83.0	-83.0	-10.375	-10.375	False	False	morphology	determiner_noun_agreement	Write a natural, coherent English sentence.
949	8	Jeffrey hid that unlucky child.	Jeffrey hid those unlucky child.	-93.0	-93.0	-10.375	-10.375	False	False	morphology	determiner_noun_agreement	Write a natural, coherent English sentence.
950	8	Every plane bothers this upset child.	Every plane bothers these upset child.	-83.0	-83.0	-10.375	-10.375	False	False	morphology	determiner_noun_agreement	Write a natural, coherent English sentence.
951	8	A lot of hospitals have those blue teeth.	A lot of hospitals have that blue teeth.	-93.0	-93.0	-10.375	-10.375	False	False	morphology	determiner_noun_agreement	Write a natural, coherent English sentence.
952	8	Nancy wasn't disturbing that clever man.	Nancy wasn't disturbing those clever man.	-103.5	-103.5	-10.375	-10.375	False	False	morphology	determiner_noun_agreement	Write a natural, coherent English sentence.
953	8	These ladies bought that white tooth.	These ladies bought those white tooth.	-72.5	-72.5	-10.375	-10.375	False	False	morphology	determiner_noun_agreement	Write a natural, coherent English sentence.
954	8	Every skirt annoys that confident person.	Every skirt annoys those confident person.	-93.5	-93.5	-10.375	-10.375	False	False	morphology	determiner_noun_agreement	Write a natural, coherent English sentence.
955	8	These actors weren't biking to these red oases.	These actors weren't biking to this red oases.	-135.0	-135.0	-10.375	-10.375	False	False	morphology	determiner_noun_agreement	Write a natural, coherent English sentence.
956	8	Carmen has described those confident people.	Carmen has described that confident people.	-83.0	-83.0	-10.375	-10.375	False	False	morphology	determiner_noun_agreement	Write a natural, coherent English sentence.
957	8	All legislatures criticize that brown oasis.	All legislatures criticize those brown oasis.	-103.5	-103.5	-10.375	-10.375	False	False	morphology	determiner_noun_agreement	Write a natural, coherent English sentence.
958	8	Paula works with that clever person.	Paula works with those clever person.	-83.0	-83.0	-10.375	-10.375	False	False	morphology	determiner_noun_agreement	Write a natural, coherent English sentence.
959	8	Benjamin respects those confident children.	Benjamin respects that confident children.	-72.5	-72.5	-10.375	-10.375	False	False	morphology	determiner_noun_agreement	Write a natural, coherent English sentence.
960	8	Mitchell attacked these unsure alumni.	Mitchell attacked this unsure alumni.	-93.5	-93.5	-10.375	-10.375	False	False	morphology	determiner_noun_agreement	Write a natural, coherent English sentence.
961	8	The Lutherans hadn't cleaned these broken teeth.	The Lutherans hadn't cleaned this broken teeth.	-114.0	-114.0	-10.375	-10.375	False	False	morphology	determiner_noun_agreement	Write a natural, coherent English sentence.
962	8	A lot of children observe that young child.	A lot of children observe those young child.	-93.0	-93.0	-10.375	-10.375	False	False	morphology	determiner_noun_agreement	Write a natural, coherent English sentence.
963	8	Gary hadn't sounded like this out in the open oasis.	Gary hadn't sounded like these out in the open oasis.	-145.0	-145.0	-10.375	-10.375	False	False	morphology	determiner_noun_agreement	Write a natural, coherent English sentence.
964	8	That fish annoyed this serious alumnus.	That fish annoyed these serious alumnus.	-103.5	-103.5	-10.375	-10.375	False	False	morphology	determiner_noun_agreement	Write a natural, coherent English sentence.
965	8	Spotlights worry those standing people.	Spotlights worry that standing people.	-72.5	-72.5	-10.375	-10.375	False	False	morphology	determiner_noun_agreement	Write a natural, coherent English sentence.
966	8	Rodney returned to these content alumni.	Rodney returned to this content alumni.	-104.0	-104.0	-10.375	-10.375	False	False	morphology	determiner_noun_agreement	Write a natural, coherent English sentence.
967	8	Bruce references this unemployed child.	Bruce references these unemployed child.	-72.5	-72.5	-10.375	-10.375	False	False	morphology	determiner_noun_agreement	Write a natural, coherent English sentence.
968	8	Many museums criticize this bad analysis.	Many museums criticize these bad analysis.	-93.0	-93.0	-10.375	-10.375	False	False	morphology	determiner_noun_agreement	Write a natural, coherent English sentence.
969	8	Danielle knows that concealed man.	Danielle knows those concealed man.	-83.0	-83.0	-10.375	-10.375	False	False	morphology	determiner_noun_agreement	Write a natural, coherent English sentence.
970	8	Katherine sells that smooth oasis.	Katherine sells those smooth oasis.	-93.5	-93.5	-10.375	-10.375	False	False	morphology	determiner_noun_agreement	Write a natural, coherent English sentence.
971	8	Meredith hadn't scared these clever people.	Meredith hadn't scared this clever people.	-114.0	-114.0	-10.375	-10.375	False	False	morphology	determiner_noun_agreement	Write a natural, coherent English sentence.
972	8	Walter biked to these gray oases.	Walter biked to this gray oases.	-104.0	-104.0	-10.375	-10.375	False	False	morphology	determiner_noun_agreement	Write a natural, coherent English sentence.
973	8	Phillip has investigated this unemployed man.	Phillip has investigated these unemployed man.	-93.0	-93.0	-10.375	-10.375	False	False	morphology	determiner_noun_agreement	Write a natural, coherent English sentence.
974	8	Alice knows that ill woman.	Alice knows those ill woman.	-62.25	-62.25	-10.375	-10.375	False	False	morphology	determiner_noun_agreement	Write a natural, coherent English sentence.
975	8	Daniel bothered that unemployed alumnus.	Daniel bothered those unemployed alumnus.	-93.5	-93.5	-10.375	-10.375	False	False	morphology	determiner_noun_agreement	Write a natural, coherent English sentence.
976	8	Some children notice this black thesis.	Some children notice these black thesis.	-72.5	-72.5	-10.375	-10.375	False	False	morphology	determiner_noun_agreement	Write a natural, coherent English sentence.
977	8	George has alarmed these unemployed children.	George has alarmed this unemployed children.	-93.5	-93.5	-10.375	-10.375	False	False	morphology	determiner_noun_agreement	Write a natural, coherent English sentence.
978	8	Sarah won't drive to this concealed oasis.	Sarah won't drive to these concealed oasis.	-124.5	-124.5	-10.375	-10.375	False	False	morphology	determiner_noun_agreement	Write a natural, coherent English sentence.
979	8	Grace arrived at those small oases.	Grace arrived at that small oases.	-83.0	-83.0	-10.375	-10.375	False	False	morphology	determiner_noun_agreement	Write a natural, coherent English sentence.
980	8	David kisses that lucky man.	David kisses those lucky man.	-72.5	-72.5	-10.375	-10.375	False	False	morphology	determiner_noun_agreement	Write a natural, coherent English sentence.
981	8	Laura isn't lifting this smooth axis.	Laura isn't lifting these smooth axis.	-93.5	-93.5	-10.375	-10.375	False	False	morphology	determiner_noun_agreement	Write a natural, coherent English sentence.
982	8	Mark embarrassed these confident children.	Mark embarrassed this confident children.	-62.25	-62.25	-10.375	-10.375	False	False	morphology	determiner_noun_agreement	Write a natural, coherent English sentence.
983	8	Patients bothers this employed man.	Patients bothers these employed man.	-83.0	-83.0	-10.375	-10.375	False	False	morphology	determiner_noun_agreement	Write a natural, coherent English sentence.
984	8	Christopher has criticized this bad synopsis.	Christopher has criticized these bad synopsis.	-93.0	-93.0	-10.375	-10.375	False	False	morphology	determiner_noun_agreement	Write a natural, coherent English sentence.
985	8	Todd hadn't gone to this cheap oasis.	Todd hadn't gone to these cheap oasis.	-114.0	-114.0	-10.375	-10.375	False	False	morphology	determiner_noun_agreement	Write a natural, coherent English sentence.
986	8	Becca does investigate this lucky alumnus.	Becca does investigate these lucky alumnus.	-104.0	-104.0	-10.375	-10.375	False	False	morphology	determiner_noun_agreement	Write a natural, coherent English sentence.
987	8	Sabrina visits those fast women.	Sabrina visits that fast women.	-83.0	-83.0	-10.375	-10.375	False	False	morphology	determiner_noun_agreement	Write a natural, coherent English sentence.
988	8	Janet knew those unconvinced children.	Janet knew that unconvinced children.	-104.0	-104.0	-10.375	-10.375	False	False	morphology	determiner_noun_agreement	Write a natural, coherent English sentence.
989	8	Christine hated this young man.	Christine hated these young man.	-72.5	-72.5	-10.375	-10.375	False	False	morphology	determiner_noun_agreement	Write a natural, coherent English sentence.
990	8	Chad hadn't complained about these big oases.	Chad hadn't complained about this big oases.	-124.5	-124.5	-10.375	-10.375	False	False	morphology	determiner_noun_agreement	Write a natural, coherent English sentence.
991	8	Many bikes stun that nice man.	Many bikes stun those nice man.	-93.5	-93.5	-10.375	-10.375	False	False	morphology	determiner_noun_agreement	Write a natural, coherent English sentence.
992	8	William hasn't investigated these fast men.	William hasn't investigated this fast men.	-93.5	-93.5	-10.375	-10.375	False	False	morphology	determiner_noun_agreement	Write a natural, coherent English sentence.
993	8	Kristin couldn't research these smooth oases.	Kristin couldn't research this smooth oases.	-114.0	-114.0	-10.375	-10.375	False	False	morphology	determiner_noun_agreement	Write a natural, coherent English sentence.
994	8	Travis arrives at these old oases.	Travis arrives at this old oases.	-93.5	-93.5	-10.375	-10.375	False	False	morphology	determiner_noun_agreement	Write a natural, coherent English sentence.
995	8	Many boys drive to this yellow oasis.	Many boys drive to these yellow oasis.	-93.5	-93.5	-10.375	-10.375	False	False	morphology	determiner_noun_agreement	Write a natural, coherent English sentence.
996	8	Danielle won't heal those unlucky people.	Danielle won't heal that unlucky people.	-124.5	-124.5	-10.375	-10.375	False	False	morphology	determiner_noun_agreement	Write a natural, coherent English sentence.
997	8	Sabrina wouldn't go to that new oasis.	Sabrina wouldn't go to those new oasis.	-135.0	-135.0	-10.375	-10.375	False	False	morphology	determiner_noun_agreement	Write a natural, coherent English sentence.
998	8	This movie theater annoys these lucky alumni.	This movie theater annoys this lucky alumni.	-124.5	-124.5	-10.375	-10.375	False	False	morphology	determiner_noun_agreement	Write a natural, coherent English sentence.
999	8	Stacy doesn't appreciate that out in the open woman.	Stacy doesn't appreciate those out in the open woman.	-135.0	-135.0	-10.375	-10.375	False	False	morphology	determiner_noun_agreement	Write a natural, coherent English sentence.
0	9	Alexander didn't walk through that new oasis.	Alexander didn't walk through those new oasis.	-114.0	-114.0	-10.375	-10.375	False	False	morphology	determiner_noun_agreement	Write a natural, coherent English sentence.
1	9	This hair irritates these old alumni.	This hair irritates this old alumni.	-103.5	-104.0	-10.375	-10.375	True	False	morphology	determiner_noun_agreement	Write a natural, coherent English sentence.
2	9	Winston Churchill was escaping from this serious person.	Winston Churchill was escaping from these serious person.	-124.5	-124.5	-10.375	-10.375	False	False	morphology	determiner_noun_agreement	Write a natural, coherent English sentence.
3	9	Anna walks through these purple oases.	Anna walks through this purple oases.	-83.0	-83.0	-10.375	-10.375	False	False	morphology	determiner_noun_agreement	Write a natural, coherent English sentence.
4	9	Alicia sounded like this good analysis.	Alicia sounded like these good analysis.	-93.0	-93.0	-10.375	-10.375	False	False	morphology	determiner_noun_agreement	Write a natural, coherent English sentence.
5	9	Jeffrey might complain about this gray thesis.	Jeffrey might complain about these gray thesis.	-93.0	-93.0	-10.375	-10.375	False	False	morphology	determiner_noun_agreement	Write a natural, coherent English sentence.
6	9	Meredith approaches these concealed women.	Meredith approaches this concealed women.	-93.5	-93.5	-10.375	-10.375	False	False	morphology	determiner_noun_agreement	Write a natural, coherent English sentence.
7	9	Julia questioned those small children.	Julia questioned that small children.	-62.25	-62.25	-10.375	-10.375	False	False	morphology	determiner_noun_agreement	Write a natural, coherent English sentence.
8	9	That adult has brought that purple octopus.	That adult has brought those purple octopus.	-103.5	-103.5	-10.375	-10.375	False	False	morphology	determiner_noun_agreement	Write a natural, coherent English sentence.
9	9	The people hug this displeased woman.	The people hug these displeased woman.	-93.5	-93.5	-10.375	-10.375	False	False	morphology	determiner_noun_agreement	Write a natural, coherent English sentence.
10	9	That beef did bore these displeased people.	That beef did bore this displeased people.	-104.0	-103.5	-10.375	-10.375	False	False	morphology	determiner_noun_agreement	Write a natural, coherent English sentence.
11	9	These libraries talk about these long synopses.	These libraries talk about this long synopses.	-103.5	-103.5	-10.375	-10.375	False	False	morphology	determiner_noun_agreement	Write a natural, coherent English sentence.
12	9	Lori wasn't hiring those delighted men.	Lori wasn't hiring that delighted men.	-104.0	-104.0	-10.375	-10.375	False	False	morphology	determiner_noun_agreement	Write a natural, coherent English sentence.
13	9	The teachers are running around this concealed oasis.	The teachers are running around these concealed oasis.	-114.0	-114.0	-10.375	-10.375	False	False	morphology	determiner_noun_agreement	Write a natural, coherent English sentence.
14	9	Those bananas embarrass these delighted people.	Those bananas embarrass this delighted people.	-83.0	-83.0	-10.375	-10.375	False	False	morphology	determiner_noun_agreement	Write a natural, coherent English sentence.
15	9	Mitchell brought those green oases.	Mitchell brought that green oases.	-72.5	-72.5	-10.375	-10.375	False	False	morphology	determiner_noun_agreement	Write a natural, coherent English sentence.
16	9	The actresses complain about this rough thesis.	The actresses complain about these rough thesis.	-93.0	-93.0	-10.375	-10.375	False	False	morphology	determiner_noun_agreement	Write a natural, coherent English sentence.
17	9	Russell investigates these fast women.	Russell investigates this fast women.	-72.5	-72.5	-10.375	-10.375	False	False	morphology	determiner_noun_agreement	Write a natural, coherent English sentence.
18	9	Irene praised those bad synopses.	Irene praised that bad synopses.	-93.5	-93.5	-10.375	-10.375	False	False	morphology	determiner_noun_agreement	Write a natural, coherent English sentence.
19	9	Denise did confuse that important woman.	Denise did confuse those important woman.	-93.5	-93.5	-10.375	-10.375	False	False	morphology	determiner_noun_agreement	Write a natural, coherent English sentence.
20	9	Some patients dislike those nice women.	Some patients dislike that nice women.	-83.0	-83.0	-10.375	-10.375	False	False	morphology	determiner_noun_agreement	Write a natural, coherent English sentence.
21	9	Amelia wasn't observing this hopeful man.	Amelia wasn't observing these hopeful man.	-124.5	-124.5	-10.375	-10.375	False	False	morphology	determiner_noun_agreement	Write a natural, coherent English sentence.
22	9	Grace is hugging these popular women.	Grace is hugging this popular women.	-83.0	-83.0	-10.375	-10.375	False	False	morphology	determiner_noun_agreement	Write a natural, coherent English sentence.
23	9	Julia might describe this long synopsis.	Julia might describe these long synopsis.	-83.0	-83.0	-10.375	-10.375	False	False	morphology	determiner_noun_agreement	Write a natural, coherent English sentence.
24	9	Many pedestrians do return to these happy men.	Many pedestrians do return to this happy men.	-114.0	-114.0	-10.375	-10.375	False	False	morphology	determiner_noun_agreement	Write a natural, coherent English sentence.
25	9	Laura noticed that determined man.	Laura noticed those determined man.	-62.25	-62.25	-10.375	-10.375	False	False	morphology	determiner_noun_agreement	Write a natural, coherent English sentence.
26	9	Julie would pass those red oases.	Julie would pass that red oases.	-83.0	-83.0	-10.375	-10.375	False	False	morphology	determiner_noun_agreement	Write a natural, coherent English sentence.
27	9	These doctors boast about this out in the open child.	These doctors boast about these out in the open child.	-124.5	-124.5	-10.375	-10.375	False	False	morphology	determiner_noun_agreement	Write a natural, coherent English sentence.
28	9	Stephen isn't revealing this brown nucleus.	Stephen isn't revealing these brown nucleus.	-104.0	-103.5	-10.375	-10.375	False	False	morphology	determiner_noun_agreement	Write a natural, coherent English sentence.
29	9	Travel stuns that sick child.	Travel stuns those sick child.	-72.5	-72.5	-10.375	-10.375	False	False	morphology	determiner_noun_agreement	Write a natural, coherent English sentence.
30	9	Amelia healed that unemployed woman.	Amelia healed those unemployed woman.	-93.5	-93.5	-10.375	-10.375	False	False	morphology	determiner_noun_agreement	Write a natural, coherent English sentence.
31	9	Noah attacks that ill child.	Noah attacks those ill child.	-62.25	-62.25	-10.375	-10.375	False	False	morphology	determiner_noun_agreement	Write a natural, coherent English sentence.
32	9	Randolf buys those gray fungi.	Randolf buys that gray fungi.	-93.5	-93.5	-10.375	-10.375	False	False	morphology	determiner_noun_agreement	Write a natural, coherent English sentence.
33	9	Some pedestrians disagreed with this big woman.	Some pedestrians disagreed with these big woman.	-114.0	-114.0	-10.375	-10.375	False	False	morphology	determiner_noun_agreement	Write a natural, coherent English sentence.
34	9	Adam might sound like these determined children.	Adam might sound like this determined children.	-83.0	-83.0	-10.375	-10.375	False	False	morphology	determiner_noun_agreement	Write a natural, coherent English sentence.
35	9	Bill has stunned this confident man.	Bill has stunned these confident man.	-83.0	-83.0	-10.375	-10.375	False	False	morphology	determiner_noun_agreement	Write a natural, coherent English sentence.
36	9	Rhonda should see these blue oases.	Rhonda should see this blue oases.	-93.5	-93.5	-10.375	-10.375	False	False	morphology	determiner_noun_agreement	Write a natural, coherent English sentence.
37	9	Stephen cares for that out in the open alumnus.	Stephen cares for those out in the open alumnus.	-124.5	-124.5	-10.375	-10.375	False	False	morphology	determiner_noun_agreement	Write a natural, coherent English sentence.
38	9	Cheryl has bought this green oasis.	Cheryl has bought these green oasis.	-93.0	-93.0	-10.375	-10.375	False	False	morphology	determiner_noun_agreement	Write a natural, coherent English sentence.
39	9	Every door annoyed this lucky child.	Every door annoyed these lucky child.	-83.0	-83.0	-10.375	-10.375	False	False	morphology	determiner_noun_agreement	Write a natural, coherent English sentence.
40	9	Gerald cures that unlucky child.	Gerald cures those unlucky child.	-103.5	-103.5	-10.375	-10.375	False	False	morphology	determiner_noun_agreement	Write a natural, coherent English sentence.
41	9	Eyes weren't worrying this troubled child.	Eyes weren't worrying these troubled child.	-114.0	-114.0	-10.375	-10.375	False	False	morphology	determiner_noun_agreement	Write a natural, coherent English sentence.
42	9	Michael isn't referencing this long synopsis.	Michael isn't referencing these long synopsis.	-114.0	-114.0	-10.375	-10.375	False	False	morphology	determiner_noun_agreement	Write a natural, coherent English sentence.
43	9	Robert insults this serious man.	Robert insults these serious man.	-72.5	-72.5	-10.375	-10.375	False	False	morphology	determiner_noun_agreement	Write a natural, coherent English sentence.
44	9	Waitresses describe that smart alumnus.	Waitresses describe those smart alumnus.	-103.5	-103.5	-10.375	-10.375	False	False	morphology	determiner_noun_agreement	Write a natural, coherent English sentence.
45	9	Dan doesn't respect this unemployed alumnus.	Dan doesn't respect these unemployed alumnus.	-124.5	-124.5	-10.375	-10.375	False	False	morphology	determiner_noun_agreement	Write a natural, coherent English sentence.
46	9	Eric has upset those scared people.	Eric has upset that scared people.	-72.5	-72.5	-10.375	-10.375	False	False	morphology	determiner_noun_agreement	Write a natural, coherent English sentence.
47	9	Sabrina was biking to this exposed oasis.	Sabrina was biking to these exposed oasis.	-124.5	-124.5	-10.375	-10.375	False	False	morphology	determiner_noun_agreement	Write a natural, coherent English sentence.
48	9	Edward can't think about these exposed mice.	Edward can't think about this exposed mice.	-114.0	-114.0	-10.375	-10.375	False	False	morphology	determiner_noun_agreement	Write a natural, coherent English sentence.
49	9	Phillip listened to this standing alumnus.	Phillip listened to these standing alumnus.	-103.5	-103.5	-10.375	-10.375	False	False	morphology	determiner_noun_agreement	Write a natural, coherent English sentence.
50	9	Those men skate around this small oasis.	Those men skate around these small oasis.	-103.5	-103.5	-10.375	-10.375	False	False	morphology	determiner_noun_agreement	Write a natural, coherent English sentence.
51	9	Rhonda could think about those content children.	Rhonda could think about that content children.	-93.5	-93.5	-10.375	-10.375	False	False	morphology	determiner_noun_agreement	Write a natural, coherent English sentence.
52	9	Melissa had remembered that unsure person.	Melissa had remembered those unsure person.	-93.5	-93.5	-10.375	-10.375	False	False	morphology	determiner_noun_agreement	Write a natural, coherent English sentence.
53	9	The students talk about this upset person.	The students talk about these upset person.	-83.0	-83.0	-10.375	-10.375	False	False	morphology	determiner_noun_agreement	Write a natural, coherent English sentence.
54	9	Leslie insults those upset alumni.	Leslie insults that upset alumni.	-103.5	-103.5	-10.375	-10.375	False	False	morphology	determiner_noun_agreement	Write a natural, coherent English sentence.
55	9	Hats distract this ill man.	Hats distract these ill man.	-72.5	-72.5	-10.375	-10.375	False	False	morphology	determiner_noun_agreement	Write a natural, coherent English sentence.
56	9	Dawn sounded like this determined child.	Dawn sounded like these determined child.	-83.0	-83.0	-10.375	-10.375	False	False	morphology	determiner_noun_agreement	Write a natural, coherent English sentence.
57	9	Carl had run around that brown oasis.	Carl had run around those brown oasis.	-93.5	-93.5	-10.375	-10.375	False	False	morphology	determiner_noun_agreement	Write a natural, coherent English sentence.
58	9	Anna criticizes these concealed children.	Anna criticizes this concealed children.	-83.0	-83.0	-10.375	-10.375	False	False	morphology	determiner_noun_agreement	Write a natural, coherent English sentence.
59	9	The waiter might criticize that unemployed man.	The waiter might criticize those unemployed man.	-114.0	-114.0	-10.375	-10.375	False	False	morphology	determiner_noun_agreement	Write a natural, coherent English sentence.
60	9	Tracy was investigating this troubled alumnus.	Tracy was investigating these troubled alumnus.	-124.5	-124.5	-10.375	-10.375	False	False	morphology	determiner_noun_agreement	Write a natural, coherent English sentence.
61	9	These newspaper articles astound this clever child.	These newspaper articles astound these clever child.	-93.5	-93.5	-10.375	-10.375	False	False	morphology	determiner_noun_agreement	Write a natural, coherent English sentence.
62	9	Dana hadn't attacked this small man.	Dana hadn't attacked these small man.	-104.0	-104.0	-10.375	-10.375	False	False	morphology	determiner_noun_agreement	Write a natural, coherent English sentence.
63	9	Curtis wasn't breaking those hard teeth.	Curtis wasn't breaking that hard teeth.	-104.0	-104.0	-10.375	-10.375	False	False	morphology	determiner_noun_agreement	Write a natural, coherent English sentence.
64	9	All customers attack this employed alumnus.	All customers attack these employed alumnus.	-93.5	-93.5	-10.375	-10.375	False	False	morphology	determiner_noun_agreement	Write a natural, coherent English sentence.
65	9	Most ladies go to those purple oases.	Most ladies go to that purple oases.	-93.0	-93.5	-10.375	-10.375	True	False	morphology	determiner_noun_agreement	Write a natural, coherent English sentence.
66	9	A dancer tours that blue oasis.	A dancer tours those blue oasis.	-93.5	-93.5	-10.375	-10.375	False	False	morphology	determiner_noun_agreement	Write a natural, coherent English sentence.
67	9	Steven irritated this unconvinced woman.	Steven irritated these unconvinced woman.	-103.5	-103.5	-10.375	-10.375	False	False	morphology	determiner_noun_agreement	Write a natural, coherent English sentence.
68	9	Tara wasn't helping that sick man.	Tara wasn't helping those sick man.	-104.0	-104.0	-10.375	-10.375	False	False	morphology	determiner_noun_agreement	Write a natural, coherent English sentence.
69	9	The dancers aren't cleaning that smooth fungus.	The dancers aren't cleaning those smooth fungus.	-135.0	-135.0	-10.375	-10.375	False	False	morphology	determiner_noun_agreement	Write a natural, coherent English sentence.
70	9	Melissa had talked about these white theses.	Melissa had talked about this white theses.	-103.5	-103.5	-10.375	-10.375	False	False	morphology	determiner_noun_agreement	Write a natural, coherent English sentence.
71	9	The man isn't watching those upset men.	The man isn't watching that upset men.	-104.0	-104.0	-10.375	-10.375	False	False	morphology	determiner_noun_agreement	Write a natural, coherent English sentence.
72	9	Sabrina won't worry this out in the open person.	Sabrina won't worry these out in the open person.	-145.0	-145.0	-10.375	-10.375	False	False	morphology	determiner_noun_agreement	Write a natural, coherent English sentence.
73	9	Every bird embarrassed these unemployed men.	Every bird embarrassed this unemployed men.	-83.0	-83.0	-10.375	-10.375	False	False	morphology	determiner_noun_agreement	Write a natural, coherent English sentence.
74	9	The Borgias drive to that small oasis.	The Borgias drive to those small oasis.	-114.0	-114.0	-10.375	-10.375	False	False	morphology	determiner_noun_agreement	Write a natural, coherent English sentence.
75	9	Bradley likes these brown fungi.	Bradley likes this brown fungi.	-83.0	-83.0	-10.375	-10.375	False	False	morphology	determiner_noun_agreement	Write a natural, coherent English sentence.
76	9	Most guys go to that black oasis.	Most guys go to those black oasis.	-93.5	-93.5	-10.375	-10.375	False	False	morphology	determiner_noun_agreement	Write a natural, coherent English sentence.
77	9	A pedestrian hadn't approached these hopeful women.	A pedestrian hadn't approached this hopeful women.	-124.5	-124.5	-10.375	-10.375	False	False	morphology	determiner_noun_agreement	Write a natural, coherent English sentence.
78	9	Some senators aren't healing this unemployed alumnus.	Some senators aren't healing these unemployed alumnus.	-145.0	-145.0	-10.375	-10.375	False	False	morphology	determiner_noun_agreement	Write a natural, coherent English sentence.
79	9	That cart wasn't stunning these exposed men.	That cart wasn't stunning this exposed men.	-104.0	-104.0	-10.375	-10.375	False	False	morphology	determiner_noun_agreement	Write a natural, coherent English sentence.
80	9	Joel can think about this smart man.	Joel can think about these smart man.	-83.0	-83.0	-10.375	-10.375	False	False	morphology	determiner_noun_agreement	Write a natural, coherent English sentence.
81	9	Those prints disgust those good people.	Those prints disgust that good people.	-72.5	-72.5	-10.375	-10.375	False	False	morphology	determiner_noun_agreement	Write a natural, coherent English sentence.
82	9	Beverly hadn't passed these yellow oases.	Beverly hadn't passed this yellow oases.	-114.0	-114.0	-10.375	-10.375	False	False	morphology	determiner_noun_agreement	Write a natural, coherent English sentence.
83	9	A lot of prints irritate this unconvinced woman.	A lot of prints irritate these unconvinced woman.	-135.0	-135.0	-10.375	-10.375	False	False	morphology	determiner_noun_agreement	Write a natural, coherent English sentence.
84	9	Many customers hire those standing alumni.	Many customers hire that standing alumni.	-93.5	-93.5	-10.375	-10.375	False	False	morphology	determiner_noun_agreement	Write a natural, coherent English sentence.
85	9	Some rug isn't irritating that nice woman.	Some rug isn't irritating those nice woman.	-114.0	-114.0	-10.375	-10.375	False	False	morphology	determiner_noun_agreement	Write a natural, coherent English sentence.
86	9	Jill embarrassed those busy men.	Jill embarrassed that busy men.	-72.5	-72.5	-10.375	-10.375	False	False	morphology	determiner_noun_agreement	Write a natural, coherent English sentence.
87	9	Most sketches could hurt this uncertain person.	Most sketches could hurt these uncertain person.	-104.0	-104.0	-10.375	-10.375	False	False	morphology	determiner_noun_agreement	Write a natural, coherent English sentence.
88	9	Patricia lifted those purple feet.	Patricia lifted that purple feet.	-83.0	-83.0	-10.375	-10.375	False	False	morphology	determiner_noun_agreement	Write a natural, coherent English sentence.
89	9	The girls sell this hard fungus.	The girls sell these hard fungus.	-93.5	-93.5	-10.375	-10.375	False	False	morphology	determiner_noun_agreement	Write a natural, coherent English sentence.
90	9	Nicole has seen this yellow cactus.	Nicole has seen these yellow cactus.	-93.5	-93.5	-10.375	-10.375	False	False	morphology	determiner_noun_agreement	Write a natural, coherent English sentence.
91	9	Sharon could arrive at those big oases.	Sharon could arrive at that big oases.	-103.5	-103.5	-10.375	-10.375	False	False	morphology	determiner_noun_agreement	Write a natural, coherent English sentence.
92	9	This cashier can fire that good woman.	This cashier can fire those good woman.	-93.5	-93.5	-10.375	-10.375	False	False	morphology	determiner_noun_agreement	Write a natural, coherent English sentence.
93	9	Raymond left those scared children.	Raymond left that scared children.	-62.25	-62.25	-10.375	-10.375	False	False	morphology	determiner_noun_agreement	Write a natural, coherent English sentence.
94	9	Noah could discuss that clever person.	Noah could discuss those clever person.	-72.5	-72.5	-10.375	-10.375	False	False	morphology	determiner_noun_agreement	Write a natural, coherent English sentence.
95	9	Rachelle knew that concealed woman.	Rachelle knew those concealed woman.	-83.0	-83.0	-10.375	-10.375	False	False	morphology	determiner_noun_agreement	Write a natural, coherent English sentence.
96	9	Dawn hasn't cured those gray oxen.	Dawn hasn't cured that gray oxen.	-124.5	-124.5	-10.375	-10.375	False	False	morphology	determiner_noun_agreement	Write a natural, coherent English sentence.
97	9	The Great Lakes haven't disgusted those out in the open people.	The Great Lakes haven't disgusted that out in the open people.	-166.0	-166.0	-10.375	-10.375	False	False	morphology	determiner_noun_agreement	Write a natural, coherent English sentence.
98	9	Wayne doesn't exit those cheap oases.	Wayne doesn't exit that cheap oases.	-104.0	-104.0	-10.375	-10.375	False	False	morphology	determiner_noun_agreement	Write a natural, coherent English sentence.
99	9	These waitresses haven't astounded this fast woman.	These waitresses haven't astounded these fast woman.	-145.0	-145.0	-10.375	-10.375	False	False	morphology	determiner_noun_agreement	Write a natural, coherent English sentence.
100	9	Patrick hasn't lifted this out in the open cactus.	Patrick hasn't lifted these out in the open cactus.	-145.0	-145.0	-10.375	-10.375	False	False	morphology	determiner_noun_agreement	Write a natural, coherent English sentence.
101	9	Angela isn't embarrassing those excited children.	Angela isn't embarrassing that excited children.	-103.5	-103.5	-10.375	-10.375	False	False	morphology	determiner_noun_agreement	Write a natural, coherent English sentence.
102	9	Jennifer hasn't criticized this smart man.	Jennifer hasn't criticized these smart man.	-103.5	-103.5	-10.375	-10.375	False	False	morphology	determiner_noun_agreement	Write a natural, coherent English sentence.
103	9	April watched this big person.	April watched these big person.	-62.25	-62.25	-10.375	-10.375	False	False	morphology	determiner_noun_agreement	Write a natural, coherent English sentence.
104	9	Candice hadn't bothered that serious alumnus.	Candice hadn't bothered those serious alumnus.	-124.5	-124.5	-10.375	-10.375	False	False	morphology	determiner_noun_agreement	Write a natural, coherent English sentence.
105	9	The Clintons observe those happy women.	The Clintons observe that happy women.	-93.5	-93.5	-10.375	-10.375	False	False	morphology	determiner_noun_agreement	Write a natural, coherent English sentence.
106	9	The Clintons observe this excited man.	The Clintons observe these excited man.	-93.5	-93.5	-10.375	-10.375	False	False	morphology	determiner_noun_agreement	Write a natural, coherent English sentence.
107	9	Associations were listening to that unlucky child.	Associations were listening to those unlucky child.	-114.0	-114.0	-10.375	-10.375	False	False	morphology	determiner_noun_agreement	Write a natural, coherent English sentence.
108	9	Those committees discussed that busy woman.	Those committees discussed those busy woman.	-93.0	-93.0	-10.375	-10.375	False	False	morphology	determiner_noun_agreement	Write a natural, coherent English sentence.
109	9	Debra isn't discussing that good analysis.	Debra isn't discussing those good analysis.	-103.5	-103.5	-10.375	-10.375	False	False	morphology	determiner_noun_agreement	Write a natural, coherent English sentence.
110	9	The drawing distracts this lucky woman.	The drawing distracts these lucky woman.	-83.0	-83.0	-10.375	-10.375	False	False	morphology	determiner_noun_agreement	Write a natural, coherent English sentence.
111	9	Holly couldn't dislike this exposed child.	Holly couldn't dislike these exposed child.	-104.0	-104.0	-10.375	-10.375	False	False	morphology	determiner_noun_agreement	Write a natural, coherent English sentence.
112	9	Angela examines that good synopsis.	Angela examines those good synopsis.	-83.0	-83.0	-10.375	-10.375	False	False	morphology	determiner_noun_agreement	Write a natural, coherent English sentence.
113	9	These skateboards aggravate that lucky woman.	These skateboards aggravate those lucky woman.	-114.0	-114.0	-10.375	-10.375	False	False	morphology	determiner_noun_agreement	Write a natural, coherent English sentence.
114	9	Some play alarms those small women.	Some play alarms that small women.	-83.0	-83.0	-10.375	-10.375	False	False	morphology	determiner_noun_agreement	Write a natural, coherent English sentence.
115	9	Students investigate these nice men.	Students investigate this nice men.	-62.25	-62.25	-10.375	-10.375	False	False	morphology	determiner_noun_agreement	Write a natural, coherent English sentence.
116	9	Tanya wasn't shocking that busy child.	Tanya wasn't shocking those busy child.	-114.0	-114.0	-10.375	-10.375	False	False	morphology	determiner_noun_agreement	Write a natural, coherent English sentence.
117	9	Brett has boasted about this nice person.	Brett has boasted about these nice person.	-103.5	-103.5	-10.375	-10.375	False	False	morphology	determiner_noun_agreement	Write a natural, coherent English sentence.
118	9	Jennifer described that hidden woman.	Jennifer described those hidden woman.	-62.25	-62.25	-10.375	-10.375	False	False	morphology	determiner_noun_agreement	Write a natural, coherent English sentence.
119	9	Winston Churchill passed these red oases.	Winston Churchill passed this red oases.	-103.5	-103.5	-10.375	-10.375	False	False	morphology	determiner_noun_agreement	Write a natural, coherent English sentence.
120	9	Some mirror could scare this nice woman.	Some mirror could scare these nice woman.	-93.5	-93.5	-10.375	-10.375	False	False	morphology	determiner_noun_agreement	Write a natural, coherent English sentence.
121	9	Caroline hadn't fired that scared alumnus.	Caroline hadn't fired those scared alumnus.	-114.0	-114.0	-10.375	-10.375	False	False	morphology	determiner_noun_agreement	Write a natural, coherent English sentence.
122	9	Edward wasn't referencing that displeased woman.	Edward wasn't referencing those displeased woman.	-124.5	-124.5	-10.375	-10.375	False	False	morphology	determiner_noun_agreement	Write a natural, coherent English sentence.
123	9	Many teachers clean these cheap teeth.	Many teachers clean this cheap teeth.	-72.5	-72.5	-10.375	-10.375	False	False	morphology	determiner_noun_agreement	Write a natural, coherent English sentence.
124	9	Wayne might remember these new oases.	Wayne might remember this new oases.	-83.0	-83.0	-10.375	-10.375	False	False	morphology	determiner_noun_agreement	Write a natural, coherent English sentence.
125	9	Some high school alarms this determined man.	Some high school alarms these determined man.	-93.5	-93.5	-10.375	-10.375	False	False	morphology	determiner_noun_agreement	Write a natural, coherent English sentence.
126	9	Vincent had returned to these out in the open oases.	Vincent had returned to this out in the open oases.	-124.5	-124.5	-10.375	-10.375	False	False	morphology	determiner_noun_agreement	Write a natural, coherent English sentence.
127	9	Marla hired this standing child.	Marla hired these standing child.	-72.5	-72.5	-10.375	-10.375	False	False	morphology	determiner_noun_agreement	Write a natural, coherent English sentence.
128	9	Some cucumber has upset those ill men.	Some cucumber has upset that ill men.	-104.0	-104.0	-10.375	-10.375	False	False	morphology	determiner_noun_agreement	Write a natural, coherent English sentence.
129	9	Russell hasn't kissed this content man.	Russell hasn't kissed these content man.	-93.5	-93.5	-10.375	-10.375	False	False	morphology	determiner_noun_agreement	Write a natural, coherent English sentence.
130	9	Guy has left this determined man.	Guy has left these determined man.	-72.5	-72.5	-10.375	-10.375	False	False	morphology	determiner_noun_agreement	Write a natural, coherent English sentence.
131	9	The Lutherans listen to these employed women.	The Lutherans listen to this employed women.	-93.5	-93.5	-10.375	-10.375	False	False	morphology	determiner_noun_agreement	Write a natural, coherent English sentence.
132	9	Candice disliked these bad analyses.	Candice disliked this bad analyses.	-103.5	-103.5	-10.375	-10.375	False	False	morphology	determiner_noun_agreement	Write a natural, coherent English sentence.
133	9	Many women heal these lost geese.	Many women heal this lost geese.	-83.0	-83.0	-10.375	-10.375	False	False	morphology	determiner_noun_agreement	Write a natural, coherent English sentence.
134	9	Wayne has remembered these smart people.	Wayne has remembered this smart people.	-72.5	-72.5	-10.375	-10.375	False	False	morphology	determiner_noun_agreement	Write a natural, coherent English sentence.
135	9	This teenager had dropped by these white oases.	This teenager had dropped by this white oases.	-103.5	-104.0	-10.375	-10.375	True	False	morphology	determiner_noun_agreement	Write a natural, coherent English sentence.
136	9	Eva has exited those smooth oases.	Eva has exited that smooth oases.	-93.5	-93.5	-10.375	-10.375	False	False	morphology	determiner_noun_agreement	Write a natural, coherent English sentence.
137	9	Cheryl wouldn't aggravate that bad person.	Cheryl wouldn't aggravate those bad person.	-124.5	-124.5	-10.375	-10.375	False	False	morphology	determiner_noun_agreement	Write a natural, coherent English sentence.
138	9	Katherine hadn't shocked those young children.	Katherine hadn't shocked that young children.	-104.0	-104.0	-10.375	-10.375	False	False	morphology	determiner_noun_agreement	Write a natural, coherent English sentence.
139	9	The student loves these troubled people.	The student loves this troubled people.	-83.0	-83.0	-10.375	-10.375	False	False	morphology	determiner_noun_agreement	Write a natural, coherent English sentence.
140	9	Tracy cared for those smart alumni.	Tracy cared for that smart alumni.	-104.0	-104.0	-10.375	-10.375	False	False	morphology	determiner_noun_agreement	Write a natural, coherent English sentence.
141	9	Guys return to these small oases.	Guys return to this small oases.	-93.0	-93.0	-10.375	-10.375	False	False	morphology	determiner_noun_agreement	Write a natural, coherent English sentence.
142	9	Marcus won't bike to this white oasis.	Marcus won't bike to these white oasis.	-114.0	-114.0	-10.375	-10.375	False	False	morphology	determiner_noun_agreement	Write a natural, coherent English sentence.
143	9	Eggplants impressed these unconvinced alumni.	Eggplants impressed this unconvinced alumni.	-145.0	-145.0	-10.375	-10.375	False	False	morphology	determiner_noun_agreement	Write a natural, coherent English sentence.
144	9	A turtle has bored those troubled children.	A turtle has bored that troubled children.	-114.0	-114.0	-10.375	-10.375	False	False	morphology	determiner_noun_agreement	Write a natural, coherent English sentence.
145	9	The adults were taking those old teeth.	The adults were taking that old teeth.	-83.0	-83.0	-10.375	-10.375	False	False	morphology	determiner_noun_agreement	Write a natural, coherent English sentence.
146	9	Alan wasn't returning to those blue oases.	Alan wasn't returning to that blue oases.	-114.0	-114.0	-10.375	-10.375	False	False	morphology	determiner_noun_agreement	Write a natural, coherent English sentence.
147	9	Theodore had lifted this rough cactus.	Theodore had lifted these rough cactus.	-103.5	-103.5	-10.375	-10.375	False	False	morphology	determiner_noun_agreement	Write a natural, coherent English sentence.
148	9	Joel isn't praising those good synopses.	Joel isn't praising that good synopses.	-124.5	-124.5	-10.375	-10.375	False	False	morphology	determiner_noun_agreement	Write a natural, coherent English sentence.
149	9	The pedestrian knows these standing women.	The pedestrian knows this standing women.	-83.0	-83.0	-10.375	-10.375	False	False	morphology	determiner_noun_agreement	Write a natural, coherent English sentence.
150	9	Some museums forget that good analysis.	Some museums forget those good analysis.	-83.0	-83.0	-10.375	-10.375	False	False	morphology	determiner_noun_agreement	Write a natural, coherent English sentence.
151	9	The Clintons might clean that lost fungus.	The Clintons might clean those lost fungus.	-124.5	-124.5	-10.375	-10.375	False	False	morphology	determiner_noun_agreement	Write a natural, coherent English sentence.
152	9	Mary is bothering these out in the open children.	Mary is bothering this out in the open children.	-114.0	-114.0	-10.375	-10.375	False	False	morphology	determiner_noun_agreement	Write a natural, coherent English sentence.
153	9	Many customers sell that lost ox.	Many customers sell those lost ox.	-72.5	-72.5	-10.375	-10.375	False	False	morphology	determiner_noun_agreement	Write a natural, coherent English sentence.
154	9	These waitresses praise these troubled men.	These waitresses praise this troubled men.	-103.5	-103.5	-10.375	-10.375	False	False	morphology	determiner_noun_agreement	Write a natural, coherent English sentence.
155	9	Many men didn't admire that nice person.	Many men didn't admire those nice person.	-114.0	-114.0	-10.375	-10.375	False	False	morphology	determiner_noun_agreement	Write a natural, coherent English sentence.
156	9	Jesus ran around this exposed oasis.	Jesus ran around these exposed oasis.	-83.0	-83.0	-10.375	-10.375	False	False	morphology	determiner_noun_agreement	Write a natural, coherent English sentence.
157	9	Many customers talk about that delighted child.	Many customers talk about those delighted child.	-83.0	-83.0	-10.375	-10.375	False	False	morphology	determiner_noun_agreement	Write a natural, coherent English sentence.
158	9	Drawings had disgusted this small woman.	Drawings had disgusted these small woman.	-93.5	-93.5	-10.375	-10.375	False	False	morphology	determiner_noun_agreement	Write a natural, coherent English sentence.
159	9	Colleen did care for that good man.	Colleen did care for those good man.	-93.5	-93.5	-10.375	-10.375	False	False	morphology	determiner_noun_agreement	Write a natural, coherent English sentence.
160	9	Marcus admired those exposed geese.	Marcus admired that exposed geese.	-83.0	-83.0	-10.375	-10.375	False	False	morphology	determiner_noun_agreement	Write a natural, coherent English sentence.
161	9	Randolf has noticed this clean foot.	Randolf has noticed these clean foot.	-83.0	-83.0	-10.375	-10.375	False	False	morphology	determiner_noun_agreement	Write a natural, coherent English sentence.
162	9	Craig could listen to that determined man.	Craig could listen to those determined man.	-83.0	-83.0	-10.375	-10.375	False	False	morphology	determiner_noun_agreement	Write a natural, coherent English sentence.
163	9	Movies stunned this small man.	Movies stunned these small man.	-83.0	-83.0	-10.375	-10.375	False	False	morphology	determiner_noun_agreement	Write a natural, coherent English sentence.
164	9	Timothy buys this rough ox.	Timothy buys these rough ox.	-83.0	-83.0	-10.375	-10.375	False	False	morphology	determiner_noun_agreement	Write a natural, coherent English sentence.
165	9	Some women go to those red oases.	Some women go to that red oases.	-93.5	-93.5	-10.375	-10.375	False	False	morphology	determiner_noun_agreement	Write a natural, coherent English sentence.
166	9	Ruth fixed this clean tooth.	Ruth fixed these clean tooth.	-62.25	-62.25	-10.375	-10.375	False	False	morphology	determiner_noun_agreement	Write a natural, coherent English sentence.
167	9	Monica is boring those clever men.	Monica is boring that clever men.	-83.0	-83.0	-10.375	-10.375	False	False	morphology	determiner_noun_agreement	Write a natural, coherent English sentence.
168	9	Janice knows these hidden alumni.	Janice knows this hidden alumni.	-93.5	-93.5	-10.375	-10.375	False	False	morphology	determiner_noun_agreement	Write a natural, coherent English sentence.
169	9	Spain insults this delighted alumnus.	Spain insults these delighted alumnus.	-93.0	-93.0	-10.375	-10.375	False	False	morphology	determiner_noun_agreement	Write a natural, coherent English sentence.
170	9	Some planes bore that displeased child.	Some planes bore those displeased child.	-93.5	-93.5	-10.375	-10.375	False	False	morphology	determiner_noun_agreement	Write a natural, coherent English sentence.
171	9	Dishes should upset these happy men.	Dishes should upset this happy men.	-83.0	-83.0	-10.375	-10.375	False	False	morphology	determiner_noun_agreement	Write a natural, coherent English sentence.
172	9	That painting looked like these yellow stimuli.	That painting looked like this yellow stimuli.	-93.5	-93.5	-10.375	-10.375	False	False	morphology	determiner_noun_agreement	Write a natural, coherent English sentence.
173	9	Amy shocked that content man.	Amy shocked those content man.	-62.25	-62.25	-10.375	-10.375	False	False	morphology	determiner_noun_agreement	Write a natural, coherent English sentence.
174	9	Melinda hasn't hidden this determined woman.	Melinda hasn't hidden these determined woman.	-103.5	-104.0	-10.375	-10.375	True	False	morphology	determiner_noun_agreement	Write a natural, coherent English sentence.
175	9	Caroline did drive to this brown oasis.	Caroline did drive to these brown oasis.	-93.5	-93.5	-10.375	-10.375	False	False	morphology	determiner_noun_agreement	Write a natural, coherent English sentence.
176	9	That rice disturbed those smart alumni.	That rice disturbed that smart alumni.	-103.5	-103.5	-10.375	-10.375	False	False	morphology	determiner_noun_agreement	Write a natural, coherent English sentence.
177	9	Brian will examine these long analyses.	Brian will examine this long analyses.	-83.0	-83.0	-10.375	-10.375	False	False	morphology	determiner_noun_agreement	Write a natural, coherent English sentence.
178	9	Mark dislikes this uncertain child.	Mark dislikes these uncertain child.	-83.0	-83.0	-10.375	-10.375	False	False	morphology	determiner_noun_agreement	Write a natural, coherent English sentence.
179	9	Rose was returning to these out in the open children.	Rose was returning to this out in the open children.	-114.0	-114.0	-10.375	-10.375	False	False	morphology	determiner_noun_agreement	Write a natural, coherent English sentence.
180	9	The guest has fixed this red tooth.	The guest has fixed these red tooth.	-83.0	-83.0	-10.375	-10.375	False	False	morphology	determiner_noun_agreement	Write a natural, coherent English sentence.
181	9	Jennifer is breaking this big tooth.	Jennifer is breaking these big tooth.	-72.5	-72.5	-10.375	-10.375	False	False	morphology	determiner_noun_agreement	Write a natural, coherent English sentence.
182	9	Sabrina isn't referencing these red theses.	Sabrina isn't referencing this red theses.	-135.0	-135.0	-10.375	-10.375	False	False	morphology	determiner_noun_agreement	Write a natural, coherent English sentence.
183	9	Valerie hadn't exited that exposed oasis.	Valerie hadn't exited those exposed oasis.	-124.5	-124.5	-10.375	-10.375	False	False	morphology	determiner_noun_agreement	Write a natural, coherent English sentence.
184	9	Every restaurant had worried this hidden child.	Every restaurant had worried these hidden child.	-83.0	-83.0	-10.375	-10.375	False	False	morphology	determiner_noun_agreement	Write a natural, coherent English sentence.
185	9	A woman was examining those long synopses.	A woman was examining that long synopses.	-114.0	-114.0	-10.375	-10.375	False	False	morphology	determiner_noun_agreement	Write a natural, coherent English sentence.
186	9	All actresses approach that content man.	All actresses approach those content man.	-83.0	-83.0	-10.375	-10.375	False	False	morphology	determiner_noun_agreement	Write a natural, coherent English sentence.
187	9	Sarah cleaned those yellow feet.	Sarah cleaned that yellow feet.	-62.25	-62.25	-10.375	-10.375	False	False	morphology	determiner_noun_agreement	Write a natural, coherent English sentence.
188	9	Margaret tours those black oases.	Margaret tours that black oases.	-72.5	-72.5	-10.375	-10.375	False	False	morphology	determiner_noun_agreement	Write a natural, coherent English sentence.
189	9	Rachel wasn't messing up this clean foot.	Rachel wasn't messing up these clean foot.	-114.0	-114.0	-10.375	-10.375	False	False	morphology	determiner_noun_agreement	Write a natural, coherent English sentence.
190	9	The Lutherans go to that old oasis.	The Lutherans go to those old oasis.	-103.5	-103.5	-10.375	-10.375	False	False	morphology	determiner_noun_agreement	Write a natural, coherent English sentence.
191	9	The lamps shock those hidden alumni.	The lamps shock that hidden alumni.	-104.0	-104.0	-10.375	-10.375	False	False	morphology	determiner_noun_agreement	Write a natural, coherent English sentence.
192	9	Claire conceals those small stimuli.	Claire conceals that small stimuli.	-83.0	-83.0	-10.375	-10.375	False	False	morphology	determiner_noun_agreement	Write a natural, coherent English sentence.
193	9	Most documentaries annoy that busy person.	Most documentaries annoy those busy person.	-83.0	-83.0	-10.375	-10.375	False	False	morphology	determiner_noun_agreement	Write a natural, coherent English sentence.
194	9	Pamela shouldn't return to those exposed men.	Pamela shouldn't return to that exposed men.	-114.0	-114.0	-10.375	-10.375	False	False	morphology	determiner_noun_agreement	Write a natural, coherent English sentence.
195	9	That person couldn't arrive at that purple oasis.	That person couldn't arrive at those purple oasis.	-124.5	-124.5	-10.375	-10.375	False	False	morphology	determiner_noun_agreement	Write a natural, coherent English sentence.
196	9	Alicia won't admire those big nuclei.	Alicia won't admire that big nuclei.	-135.0	-135.0	-10.375	-10.375	False	False	morphology	determiner_noun_agreement	Write a natural, coherent English sentence.
197	9	Curtis arrived at that red oasis.	Curtis arrived at those red oasis.	-93.5	-93.5	-10.375	-10.375	False	False	morphology	determiner_noun_agreement	Write a natural, coherent English sentence.
198	9	People investigate that smart man.	People investigate those smart man.	-62.25	-62.25	-10.375	-10.375	False	False	morphology	determiner_noun_agreement	Write a natural, coherent English sentence.
199	9	Some boys hire these content alumni.	Some boys hire this content alumni.	-93.5	-93.5	-10.375	-10.375	False	False	morphology	determiner_noun_agreement	Write a natural, coherent English sentence.
200	9	Leslie found these brown feet.	Leslie found this brown feet.	-72.5	-72.5	-10.375	-10.375	False	False	morphology	determiner_noun_agreement	Write a natural, coherent English sentence.
201	9	Alexander was firing that displeased woman.	Alexander was firing those displeased woman.	-93.5	-93.5	-10.375	-10.375	False	False	morphology	determiner_noun_agreement	Write a natural, coherent English sentence.
202	9	Florence hasn't argued about those confident children.	Florence hasn't argued about that confident children.	-103.5	-104.0	-10.375	-10.375	True	False	morphology	determiner_noun_agreement	Write a natural, coherent English sentence.
203	9	That adult hadn't complained about that exposed man.	That adult hadn't complained about those exposed man.	-114.0	-114.0	-10.375	-10.375	False	False	morphology	determiner_noun_agreement	Write a natural, coherent English sentence.
204	9	Larry works with these scared women.	Larry works with this scared women.	-72.5	-72.5	-10.375	-10.375	False	False	morphology	determiner_noun_agreement	Write a natural, coherent English sentence.
205	9	Kathleen leaves this old child.	Kathleen leaves these old child.	-72.5	-72.5	-10.375	-10.375	False	False	morphology	determiner_noun_agreement	Write a natural, coherent English sentence.
206	9	The actresses weren't watching these scared people.	The actresses weren't watching this scared people.	-114.0	-114.0	-10.375	-10.375	False	False	morphology	determiner_noun_agreement	Write a natural, coherent English sentence.
207	9	Derek isn't escaping from these blue oases.	Derek isn't escaping from this blue oases.	-135.0	-135.0	-10.375	-10.375	False	False	morphology	determiner_noun_agreement	Write a natural, coherent English sentence.
208	9	Naomi isn't talking about that cheap oasis.	Naomi isn't talking about those cheap oasis.	-124.5	-124.5	-10.375	-10.375	False	False	morphology	determiner_noun_agreement	Write a natural, coherent English sentence.
209	9	These guests hate these troubled men.	These guests hate this troubled men.	-83.0	-83.0	-10.375	-10.375	False	False	morphology	determiner_noun_agreement	Write a natural, coherent English sentence.
210	9	Patricia wasn't hiring those small children.	Patricia wasn't hiring that small children.	-114.0	-114.0	-10.375	-10.375	False	False	morphology	determiner_noun_agreement	Write a natural, coherent English sentence.
211	9	All stairs weren't alarming that lucky woman.	All stairs weren't alarming those lucky woman.	-114.0	-114.0	-10.375	-10.375	False	False	morphology	determiner_noun_agreement	Write a natural, coherent English sentence.
212	9	Many drivers left that confident alumnus.	Many drivers left those confident alumnus.	-93.5	-93.5	-10.375	-10.375	False	False	morphology	determiner_noun_agreement	Write a natural, coherent English sentence.
213	9	Every skirt disgusts these smart children.	Every skirt disgusts this smart children.	-83.0	-83.0	-10.375	-10.375	False	False	morphology	determiner_noun_agreement	Write a natural, coherent English sentence.
214	9	Valerie has astounded that lost alumnus.	Valerie has astounded those lost alumnus.	-124.5	-124.5	-10.375	-10.375	False	False	morphology	determiner_noun_agreement	Write a natural, coherent English sentence.
215	9	Sonia should describe this determined child.	Sonia should describe these determined child.	-83.0	-83.0	-10.375	-10.375	False	False	morphology	determiner_noun_agreement	Write a natural, coherent English sentence.
216	9	A lot of lakes weren't disgusting that old person.	A lot of lakes weren't disgusting those old person.	-145.0	-145.0	-10.375	-10.375	False	False	morphology	determiner_noun_agreement	Write a natural, coherent English sentence.
217	9	Some pants hadn't aggravated that good woman.	Some pants hadn't aggravated those good woman.	-124.5	-124.5	-10.375	-10.375	False	False	morphology	determiner_noun_agreement	Write a natural, coherent English sentence.
218	9	Anne does return to that old woman.	Anne does return to those old woman.	-83.0	-83.0	-10.375	-10.375	False	False	morphology	determiner_noun_agreement	Write a natural, coherent English sentence.
219	9	Alan wasn't listening to that delighted person.	Alan wasn't listening to those delighted person.	-104.0	-104.0	-10.375	-10.375	False	False	morphology	determiner_noun_agreement	Write a natural, coherent English sentence.
220	9	Some icicles annoy those serious alumni.	Some icicles annoy that serious alumni.	-103.5	-103.5	-10.375	-10.375	False	False	morphology	determiner_noun_agreement	Write a natural, coherent English sentence.
221	9	Many women won't scare those uncertain men.	Many women won't scare that uncertain men.	-114.0	-114.0	-10.375	-10.375	False	False	morphology	determiner_noun_agreement	Write a natural, coherent English sentence.
222	9	Science disgusts this unconvinced alumnus.	Science disgusts these unconvinced alumnus.	-124.5	-124.5	-10.375	-10.375	False	False	morphology	determiner_noun_agreement	Write a natural, coherent English sentence.
223	9	Connie tours these rough oases.	Connie tours this rough oases.	-83.0	-83.0	-10.375	-10.375	False	False	morphology	determiner_noun_agreement	Write a natural, coherent English sentence.
224	9	Those banks were talking about this lost thesis.	Those banks were talking about these lost thesis.	-93.5	-93.5	-10.375	-10.375	False	False	morphology	determiner_noun_agreement	Write a natural, coherent English sentence.
225	9	Some prints didn't look like this rough louse.	Some prints didn't look like these rough louse.	-124.5	-124.5	-10.375	-10.375	False	False	morphology	determiner_noun_agreement	Write a natural, coherent English sentence.
226	9	All pedestrians like those rough theses.	All pedestrians like that rough theses.	-104.0	-104.0	-10.375	-10.375	False	False	morphology	determiner_noun_agreement	Write a natural, coherent English sentence.
227	9	Douglas saw that black fungus.	Douglas saw those black fungus.	-83.0	-83.0	-10.375	-10.375	False	False	morphology	determiner_noun_agreement	Write a natural, coherent English sentence.
228	9	Sarah examined that bad analysis.	Sarah examined those bad analysis.	-62.25	-62.25	-10.375	-10.375	False	False	morphology	determiner_noun_agreement	Write a natural, coherent English sentence.
229	9	An actress researches this long thesis.	An actress researches these long thesis.	-104.0	-104.0	-10.375	-10.375	False	False	morphology	determiner_noun_agreement	Write a natural, coherent English sentence.
230	9	Those waitresses criticize this hidden child.	Those waitresses criticize these hidden child.	-103.5	-103.5	-10.375	-10.375	False	False	morphology	determiner_noun_agreement	Write a natural, coherent English sentence.
231	9	Most drivers question these upset alumni.	Most drivers question this upset alumni.	-93.5	-93.5	-10.375	-10.375	False	False	morphology	determiner_noun_agreement	Write a natural, coherent English sentence.
232	9	Phillip isn't working with these small women.	Phillip isn't working with this small women.	-114.0	-114.0	-10.375	-10.375	False	False	morphology	determiner_noun_agreement	Write a natural, coherent English sentence.
233	9	Jennifer can't aggravate that unlucky man.	Jennifer can't aggravate those unlucky man.	-135.0	-135.0	-10.375	-10.375	False	False	morphology	determiner_noun_agreement	Write a natural, coherent English sentence.
234	9	Essays confuse this good woman.	Essays confuse these good woman.	-83.0	-83.0	-10.375	-10.375	False	False	morphology	determiner_noun_agreement	Write a natural, coherent English sentence.
235	9	Amelia has forgotten those bad analyses.	Amelia has forgotten that bad analyses.	-93.5	-93.5	-10.375	-10.375	False	False	morphology	determiner_noun_agreement	Write a natural, coherent English sentence.
236	9	Michael had explored this brown oasis.	Michael had explored these brown oasis.	-83.0	-83.0	-10.375	-10.375	False	False	morphology	determiner_noun_agreement	Write a natural, coherent English sentence.
237	9	Natalie can aggravate those smart men.	Natalie can aggravate that smart men.	-103.5	-103.5	-10.375	-10.375	False	False	morphology	determiner_noun_agreement	Write a natural, coherent English sentence.
238	9	That patient won't go to these cheap oases.	That patient won't go to this cheap oases.	-124.5	-124.5	-10.375	-10.375	False	False	morphology	determiner_noun_agreement	Write a natural, coherent English sentence.
239	9	Heidi had discovered those black feet.	Heidi had discovered that black feet.	-83.0	-83.0	-10.375	-10.375	False	False	morphology	determiner_noun_agreement	Write a natural, coherent English sentence.
240	9	David hadn't watched those determined men.	David hadn't watched that determined men.	-93.5	-93.5	-10.375	-10.375	False	False	morphology	determiner_noun_agreement	Write a natural, coherent English sentence.
241	9	Some teenager couldn't walk through these green oases.	Some teenager couldn't walk through this green oases.	-124.5	-124.5	-10.375	-10.375	False	False	morphology	determiner_noun_agreement	Write a natural, coherent English sentence.
242	9	Christina shouldn't sell this hard oasis.	Christina shouldn't sell these hard oasis.	-114.0	-114.0	-10.375	-10.375	False	False	morphology	determiner_noun_agreement	Write a natural, coherent English sentence.
243	9	Christopher isn't firing those sick men.	Christopher isn't firing that sick men.	-93.5	-93.5	-10.375	-10.375	False	False	morphology	determiner_noun_agreement	Write a natural, coherent English sentence.
244	9	Most students hide that yellow mouse.	Most students hide those yellow mouse.	-72.5	-72.5	-10.375	-10.375	False	False	morphology	determiner_noun_agreement	Write a natural, coherent English sentence.
245	9	Holly did buy those clean feet.	Holly did buy that clean feet.	-72.5	-72.5	-10.375	-10.375	False	False	morphology	determiner_noun_agreement	Write a natural, coherent English sentence.
246	9	Many actors clean these brown theses.	Many actors clean this brown theses.	-83.0	-83.0	-10.375	-10.375	False	False	morphology	determiner_noun_agreement	Write a natural, coherent English sentence.
247	9	Stacy would hide those lost lice.	Stacy would hide that lost lice.	-93.5	-93.5	-10.375	-10.375	False	False	morphology	determiner_noun_agreement	Write a natural, coherent English sentence.
248	9	Alan drove to that new oasis.	Alan drove to those new oasis.	-83.0	-83.0	-10.375	-10.375	False	False	morphology	determiner_noun_agreement	Write a natural, coherent English sentence.
249	9	The Impressionists tour this purple oasis.	The Impressionists tour these purple oasis.	-103.5	-103.5	-10.375	-10.375	False	False	morphology	determiner_noun_agreement	Write a natural, coherent English sentence.
250	9	Wayne is talking to this hidden woman.	Wayne is talking to these hidden woman.	-83.0	-83.0	-10.375	-10.375	False	False	morphology	determiner_noun_agreement	Write a natural, coherent English sentence.
251	9	Christopher forgets this happy child.	Christopher forgets these happy child.	-72.5	-72.5	-10.375	-10.375	False	False	morphology	determiner_noun_agreement	Write a natural, coherent English sentence.
252	9	Julie can boycott those cheap oases.	Julie can boycott that cheap oases.	-93.5	-93.5	-10.375	-10.375	False	False	morphology	determiner_noun_agreement	Write a natural, coherent English sentence.
253	9	Most senators dislike these bad theses.	Most senators dislike this bad theses.	-103.5	-103.5	-10.375	-10.375	False	False	morphology	determiner_noun_agreement	Write a natural, coherent English sentence.
254	9	Denise concealed this content person.	Denise concealed these content person.	-83.0	-83.0	-10.375	-10.375	False	False	morphology	determiner_noun_agreement	Write a natural, coherent English sentence.
255	9	Some bike shocks these nice women.	Some bike shocks this nice women.	-83.0	-83.0	-10.375	-10.375	False	False	morphology	determiner_noun_agreement	Write a natural, coherent English sentence.
256	9	These teenagers fix those hidden feet.	These teenagers fix that hidden feet.	-83.0	-83.0	-10.375	-10.375	False	False	morphology	determiner_noun_agreement	Write a natural, coherent English sentence.
257	9	Ella praised that ill woman.	Ella praised those ill woman.	-72.5	-72.5	-10.375	-10.375	False	False	morphology	determiner_noun_agreement	Write a natural, coherent English sentence.
258	9	Current events stun these lost people.	Current events stun this lost people.	-83.0	-83.0	-10.375	-10.375	False	False	morphology	determiner_noun_agreement	Write a natural, coherent English sentence.
259	9	Mary tours this gray oasis.	Mary tours these gray oasis.	-72.5	-72.5	-10.375	-10.375	False	False	morphology	determiner_noun_agreement	Write a natural, coherent English sentence.
260	9	Linda visited those unsure men.	Linda visited that unsure men.	-72.5	-72.5	-10.375	-10.375	False	False	morphology	determiner_noun_agreement	Write a natural, coherent English sentence.
261	9	Dan wouldn't boycott that smooth oasis.	Dan wouldn't boycott those smooth oasis.	-114.0	-114.0	-10.375	-10.375	False	False	morphology	determiner_noun_agreement	Write a natural, coherent English sentence.
262	9	Those men leave that brown oasis.	Those men leave those brown oasis.	-83.0	-83.0	-10.375	-10.375	False	False	morphology	determiner_noun_agreement	Write a natural, coherent English sentence.
263	9	Lissa does pass these black oases.	Lissa does pass this black oases.	-93.5	-93.5	-10.375	-10.375	False	False	morphology	determiner_noun_agreement	Write a natural, coherent English sentence.
264	9	Alice had embarrassed this happy man.	Alice had embarrassed these happy man.	-72.5	-72.5	-10.375	-10.375	False	False	morphology	determiner_noun_agreement	Write a natural, coherent English sentence.
265	9	Wayne is worrying that hopeful child.	Wayne is worrying those hopeful child.	-83.0	-83.0	-10.375	-10.375	False	False	morphology	determiner_noun_agreement	Write a natural, coherent English sentence.
266	9	Lucille is biking to that green oasis.	Lucille is biking to those green oasis.	-114.0	-114.0	-10.375	-10.375	False	False	morphology	determiner_noun_agreement	Write a natural, coherent English sentence.
267	9	Katherine hadn't skated around this white oasis.	Katherine hadn't skated around these white oasis.	-135.0	-135.0	-10.375	-10.375	False	False	morphology	determiner_noun_agreement	Write a natural, coherent English sentence.
268	9	James observed this hopeful child.	James observed these hopeful child.	-72.5	-72.5	-10.375	-10.375	False	False	morphology	determiner_noun_agreement	Write a natural, coherent English sentence.
269	9	Gerald liked this big child.	Gerald liked these big child.	-72.5	-72.5	-10.375	-10.375	False	False	morphology	determiner_noun_agreement	Write a natural, coherent English sentence.
270	9	That committee wasn't hiring this displeased alumnus.	That committee wasn't hiring these displeased alumnus.	-145.0	-145.0	-10.375	-10.375	False	False	morphology	determiner_noun_agreement	Write a natural, coherent English sentence.
271	9	Gary isn't breaking that white tooth.	Gary isn't breaking those white tooth.	-93.5	-93.5	-10.375	-10.375	False	False	morphology	determiner_noun_agreement	Write a natural, coherent English sentence.
272	9	Walter hasn't seen those content children.	Walter hasn't seen that content children.	-93.5	-93.5	-10.375	-10.375	False	False	morphology	determiner_noun_agreement	Write a natural, coherent English sentence.
273	9	Martha didn't clean these hidden teeth.	Martha didn't clean this hidden teeth.	-93.5	-93.5	-10.375	-10.375	False	False	morphology	determiner_noun_agreement	Write a natural, coherent English sentence.
274	9	These teachers are returning to those lost men.	These teachers are returning to that lost men.	-93.5	-93.5	-10.375	-10.375	False	False	morphology	determiner_noun_agreement	Write a natural, coherent English sentence.
275	9	Ellen hadn't boycotted that hidden oasis.	Ellen hadn't boycotted those hidden oasis.	-124.5	-124.5	-10.375	-10.375	False	False	morphology	determiner_noun_agreement	Write a natural, coherent English sentence.
276	9	Some patients drive to these brown oases.	Some patients drive to this brown oases.	-93.5	-93.5	-10.375	-10.375	False	False	morphology	determiner_noun_agreement	Write a natural, coherent English sentence.
277	9	Nina wasn't referencing this ill person.	Nina wasn't referencing these ill person.	-104.0	-103.5	-10.375	-10.375	False	False	morphology	determiner_noun_agreement	Write a natural, coherent English sentence.
278	9	Denise praises these fast children.	Denise praises this fast children.	-83.0	-83.0	-10.375	-10.375	False	False	morphology	determiner_noun_agreement	Write a natural, coherent English sentence.
279	9	Most customers attack that clever man.	Most customers attack those clever man.	-72.5	-72.5	-10.375	-10.375	False	False	morphology	determiner_noun_agreement	Write a natural, coherent English sentence.
280	9	Every photograph looks like those exposed people.	Every photograph looks like that exposed people.	-83.0	-83.0	-10.375	-10.375	False	False	morphology	determiner_noun_agreement	Write a natural, coherent English sentence.
281	9	Cindy shouldn't cure that confident alumnus.	Cindy shouldn't cure those confident alumnus.	-135.0	-135.0	-10.375	-10.375	False	False	morphology	determiner_noun_agreement	Write a natural, coherent English sentence.
282	9	The Borgias reveal these blue feet.	The Borgias reveal this blue feet.	-93.5	-93.5	-10.375	-10.375	False	False	morphology	determiner_noun_agreement	Write a natural, coherent English sentence.
283	9	Ella lifts these exposed fungi.	Ella lifts this exposed fungi.	-93.5	-93.5	-10.375	-10.375	False	False	morphology	determiner_noun_agreement	Write a natural, coherent English sentence.
284	9	The Lutherans astound that unsure person.	The Lutherans astound those unsure person.	-103.5	-103.5	-10.375	-10.375	False	False	morphology	determiner_noun_agreement	Write a natural, coherent English sentence.
285	9	These cakes bore that determined woman.	These cakes bore those determined woman.	-83.0	-83.0	-10.375	-10.375	False	False	morphology	determiner_noun_agreement	Write a natural, coherent English sentence.
286	9	Nina lifts this orange cactus.	Nina lifts these orange cactus.	-93.5	-93.5	-10.375	-10.375	False	False	morphology	determiner_noun_agreement	Write a natural, coherent English sentence.
287	9	The actors kiss these unconvinced children.	The actors kiss this unconvinced children.	-103.5	-103.5	-10.375	-10.375	False	False	morphology	determiner_noun_agreement	Write a natural, coherent English sentence.
288	9	Sharon dislikes that brown thesis.	Sharon dislikes those brown thesis.	-93.5	-93.5	-10.375	-10.375	False	False	morphology	determiner_noun_agreement	Write a natural, coherent English sentence.
289	9	The customers sell these rough fungi.	The customers sell this rough fungi.	-83.0	-83.0	-10.375	-10.375	False	False	morphology	determiner_noun_agreement	Write a natural, coherent English sentence.
290	9	Janice didn't cure those employed men.	Janice didn't cure that employed men.	-103.5	-103.5	-10.375	-10.375	False	False	morphology	determiner_noun_agreement	Write a natural, coherent English sentence.
291	9	Paula left this uncertain person.	Paula left these uncertain person.	-72.5	-72.5	-10.375	-10.375	False	False	morphology	determiner_noun_agreement	Write a natural, coherent English sentence.
292	9	Those guys had escaped from those employed children.	Those guys had escaped from that employed children.	-93.0	-93.0	-10.375	-10.375	False	False	morphology	determiner_noun_agreement	Write a natural, coherent English sentence.
293	9	Christine wasn't touring that old oasis.	Christine wasn't touring those old oasis.	-124.5	-124.5	-10.375	-10.375	False	False	morphology	determiner_noun_agreement	Write a natural, coherent English sentence.
294	9	These waitresses praise this rough thesis.	These waitresses praise these rough thesis.	-93.0	-93.5	-10.375	-10.375	True	False	morphology	determiner_noun_agreement	Write a natural, coherent English sentence.
295	9	Some girls hadn't passed this concealed oasis.	Some girls hadn't passed these concealed oasis.	-124.5	-124.5	-10.375	-10.375	False	False	morphology	determiner_noun_agreement	Write a natural, coherent English sentence.
296	9	Andrea lifts these small cacti.	Andrea lifts this small cacti.	-93.5	-93.5	-10.375	-10.375	False	False	morphology	determiner_noun_agreement	Write a natural, coherent English sentence.
297	9	Kristen is scanning those bad synopses.	Kristen is scanning that bad synopses.	-114.0	-114.0	-10.375	-10.375	False	False	morphology	determiner_noun_agreement	Write a natural, coherent English sentence.
298	9	Alan is skated around these cheap oases.	Alan is skated around this cheap oases.	-104.0	-104.0	-10.375	-10.375	False	False	morphology	determiner_noun_agreement	Write a natural, coherent English sentence.
299	9	Kayla has investigated these busy people.	Kayla has investigated this busy people.	-83.0	-83.0	-10.375	-10.375	False	False	morphology	determiner_noun_agreement	Write a natural, coherent English sentence.
300	9	Timothy observes that good woman.	Timothy observes those good woman.	-83.0	-83.0	-10.375	-10.375	False	False	morphology	determiner_noun_agreement	Write a natural, coherent English sentence.
301	9	Every museum hadn't discussed those hidden theses.	Every museum hadn't discussed that hidden theses.	-114.0	-114.0	-10.375	-10.375	False	False	morphology	determiner_noun_agreement	Write a natural, coherent English sentence.
302	9	Some cashiers help this troubled person.	Some cashiers help these troubled person.	-93.0	-93.0	-10.375	-10.375	False	False	morphology	determiner_noun_agreement	Write a natural, coherent English sentence.
303	9	Amanda was attacking that displeased woman.	Amanda was attacking those displeased woman.	-93.5	-93.5	-10.375	-10.375	False	False	morphology	determiner_noun_agreement	Write a natural, coherent English sentence.
304	9	This window upsets these lost people.	This window upsets this lost people.	-83.0	-83.0	-10.375	-10.375	False	False	morphology	determiner_noun_agreement	Write a natural, coherent English sentence.
305	9	Cindy wasn't bringing those gray cacti.	Cindy wasn't bringing that gray cacti.	-135.0	-135.0	-10.375	-10.375	False	False	morphology	determiner_noun_agreement	Write a natural, coherent English sentence.
306	9	Peter complained about these good synopses.	Peter complained about this good synopses.	-93.0	-93.0	-10.375	-10.375	False	False	morphology	determiner_noun_agreement	Write a natural, coherent English sentence.
307	9	Danielle was touring those new oases.	Danielle was touring that new oases.	-103.5	-103.5	-10.375	-10.375	False	False	morphology	determiner_noun_agreement	Write a natural, coherent English sentence.
308	9	Elaine discusses that standing person.	Elaine discusses those standing person.	-83.0	-83.0	-10.375	-10.375	False	False	morphology	determiner_noun_agreement	Write a natural, coherent English sentence.
309	9	Jacqueline had healed those rough geese.	Jacqueline had healed that rough geese.	-114.0	-114.0	-10.375	-10.375	False	False	morphology	determiner_noun_agreement	Write a natural, coherent English sentence.
310	9	All rivers were distracting those standing men.	All rivers were distracting that standing men.	-93.5	-93.5	-10.375	-10.375	False	False	morphology	determiner_noun_agreement	Write a natural, coherent English sentence.
311	9	Some people exit those yellow oases.	Some people exit that yellow oases.	-83.0	-83.0	-10.375	-10.375	False	False	morphology	determiner_noun_agreement	Write a natural, coherent English sentence.
312	9	Becca isn't exploring these hard oases.	Becca isn't exploring this hard oases.	-114.0	-114.0	-10.375	-10.375	False	False	morphology	determiner_noun_agreement	Write a natural, coherent English sentence.
313	9	Timothy revealed that big foot.	Timothy revealed those big foot.	-72.5	-72.5	-10.375	-10.375	False	False	morphology	determiner_noun_agreement	Write a natural, coherent English sentence.
314	9	Adam fires these determined men.	Adam fires this determined men.	-62.25	-62.25	-10.375	-10.375	False	False	morphology	determiner_noun_agreement	Write a natural, coherent English sentence.
315	9	The teenagers clean this purple foot.	The teenagers clean these purple foot.	-83.0	-83.0	-10.375	-10.375	False	False	morphology	determiner_noun_agreement	Write a natural, coherent English sentence.
316	9	The Great Lakes could annoy that troubled man.	The Great Lakes could annoy those troubled man.	-114.0	-114.0	-10.375	-10.375	False	False	morphology	determiner_noun_agreement	Write a natural, coherent English sentence.
317	9	Karen discusses those bad men.	Karen discusses that bad men.	-72.5	-72.5	-10.375	-10.375	False	False	morphology	determiner_noun_agreement	Write a natural, coherent English sentence.
318	9	Phillip didn't find those ill alumni.	Phillip didn't find that ill alumni.	-124.5	-124.5	-10.375	-10.375	False	False	morphology	determiner_noun_agreement	Write a natural, coherent English sentence.
319	9	A lot of men reference these good analyses.	A lot of men reference this good analyses.	-103.5	-103.5	-10.375	-10.375	False	False	morphology	determiner_noun_agreement	Write a natural, coherent English sentence.
320	9	Larry had insulted these lucky children.	Larry had insulted this lucky children.	-83.0	-83.0	-10.375	-10.375	False	False	morphology	determiner_noun_agreement	Write a natural, coherent English sentence.
321	9	Debra is firing that determined child.	Debra is firing those determined child.	-83.0	-83.0	-10.375	-10.375	False	False	morphology	determiner_noun_agreement	Write a natural, coherent English sentence.
322	9	Noah was watching that fast woman.	Noah was watching those fast woman.	-72.5	-72.5	-10.375	-10.375	False	False	morphology	determiner_noun_agreement	Write a natural, coherent English sentence.
323	9	Gina works with that displeased person.	Gina works with those displeased person.	-104.0	-103.5	-10.375	-10.375	False	False	morphology	determiner_noun_agreement	Write a natural, coherent English sentence.
324	9	Most doctors would bring these big nuclei.	Most doctors would bring this big nuclei.	-93.5	-93.5	-10.375	-10.375	False	False	morphology	determiner_noun_agreement	Write a natural, coherent English sentence.
325	9	All drawings alarm that unconvinced child.	All drawings alarm those unconvinced child.	-104.0	-104.0	-10.375	-10.375	False	False	morphology	determiner_noun_agreement	Write a natural, coherent English sentence.
326	9	Some libraries hate that busy man.	Some libraries hate those busy man.	-72.5	-72.5	-10.375	-10.375	False	False	morphology	determiner_noun_agreement	Write a natural, coherent English sentence.
327	9	Derek disgusted that unemployed child.	Derek disgusted those unemployed child.	-93.5	-93.5	-10.375	-10.375	False	False	morphology	determiner_noun_agreement	Write a natural, coherent English sentence.
328	9	Marla hadn't fired these good men.	Marla hadn't fired this good men.	-104.0	-104.0	-10.375	-10.375	False	False	morphology	determiner_noun_agreement	Write a natural, coherent English sentence.
329	9	Carmen examined that red thesis.	Carmen examined those red thesis.	-72.5	-72.5	-10.375	-10.375	False	False	morphology	determiner_noun_agreement	Write a natural, coherent English sentence.
330	9	Amelia investigates this smart woman.	Amelia investigates these smart woman.	-83.0	-83.0	-10.375	-10.375	False	False	morphology	determiner_noun_agreement	Write a natural, coherent English sentence.
331	9	The Borgias hire that displeased alumnus.	The Borgias hire those displeased alumnus.	-135.0	-135.0	-10.375	-10.375	False	False	morphology	determiner_noun_agreement	Write a natural, coherent English sentence.
332	9	Stacey would arrive at these orange oases.	Stacey would arrive at this orange oases.	-114.0	-114.0	-10.375	-10.375	False	False	morphology	determiner_noun_agreement	Write a natural, coherent English sentence.
333	9	Anna works with this lucky man.	Anna works with these lucky man.	-72.5	-72.5	-10.375	-10.375	False	False	morphology	determiner_noun_agreement	Write a natural, coherent English sentence.
334	9	Walter has scanned this rough thesis.	Walter has scanned these rough thesis.	-83.0	-83.0	-10.375	-10.375	False	False	morphology	determiner_noun_agreement	Write a natural, coherent English sentence.
335	9	Some mushroom bothered that lucky woman.	Some mushroom bothered those lucky woman.	-83.0	-83.0	-10.375	-10.375	False	False	morphology	determiner_noun_agreement	Write a natural, coherent English sentence.
336	9	Cynthia walked through this hard oasis.	Cynthia walked through these hard oasis.	-114.0	-114.0	-10.375	-10.375	False	False	morphology	determiner_noun_agreement	Write a natural, coherent English sentence.
337	9	Liam has healed these black oxen.	Liam has healed this black oxen.	-104.0	-104.0	-10.375	-10.375	False	False	morphology	determiner_noun_agreement	Write a natural, coherent English sentence.
338	9	Andrew did notice these white axes.	Andrew did notice this white axes.	-83.0	-83.0	-10.375	-10.375	False	False	morphology	determiner_noun_agreement	Write a natural, coherent English sentence.
339	9	Bethany kisses these serious alumni.	Bethany kisses this serious alumni.	-103.5	-103.5	-10.375	-10.375	False	False	morphology	determiner_noun_agreement	Write a natural, coherent English sentence.
340	9	Vanessa watches this nice person.	Vanessa watches these nice person.	-72.5	-72.5	-10.375	-10.375	False	False	morphology	determiner_noun_agreement	Write a natural, coherent English sentence.
341	9	Every window astounded that big man.	Every window astounded those big man.	-93.0	-93.0	-10.375	-10.375	False	False	morphology	determiner_noun_agreement	Write a natural, coherent English sentence.
342	9	Donna leaves that upset man.	Donna leaves those upset man.	-72.5	-72.5	-10.375	-10.375	False	False	morphology	determiner_noun_agreement	Write a natural, coherent English sentence.
343	9	Many students drop by that orange oasis.	Many students drop by those orange oasis.	-93.0	-93.5	-10.375	-10.375	True	False	morphology	determiner_noun_agreement	Write a natural, coherent English sentence.
344	9	The sketches looked like this unsure man.	The sketches looked like these unsure man.	-114.0	-114.0	-10.375	-10.375	False	False	morphology	determiner_noun_agreement	Write a natural, coherent English sentence.
345	9	Helen fixes that broken tooth.	Helen fixes those broken tooth.	-72.5	-72.5	-10.375	-10.375	False	False	morphology	determiner_noun_agreement	Write a natural, coherent English sentence.
346	9	Robert wasn't annoying that old person.	Robert wasn't annoying those old person.	-93.5	-93.5	-10.375	-10.375	False	False	morphology	determiner_noun_agreement	Write a natural, coherent English sentence.
347	9	Amy isn't talking to that young woman.	Amy isn't talking to those young woman.	-103.5	-104.0	-10.375	-10.375	True	False	morphology	determiner_noun_agreement	Write a natural, coherent English sentence.
348	9	Alan hadn't remembered these long analyses.	Alan hadn't remembered this long analyses.	-103.5	-103.5	-10.375	-10.375	False	False	morphology	determiner_noun_agreement	Write a natural, coherent English sentence.
349	9	Stephen is working with these out in the open women.	Stephen is working with this out in the open women.	-114.0	-114.0	-10.375	-10.375	False	False	morphology	determiner_noun_agreement	Write a natural, coherent English sentence.
350	9	This library had discussed these employed men.	This library had discussed this employed men.	-83.0	-83.0	-10.375	-10.375	False	False	morphology	determiner_noun_agreement	Write a natural, coherent English sentence.
351	9	This teenager can't worry those delighted men.	This teenager can't worry that delighted men.	-104.0	-104.0	-10.375	-10.375	False	False	morphology	determiner_noun_agreement	Write a natural, coherent English sentence.
352	9	Wendy revealed that sick octopus.	Wendy revealed those sick octopus.	-93.5	-93.5	-10.375	-10.375	False	False	morphology	determiner_noun_agreement	Write a natural, coherent English sentence.
353	9	The Clintons haven't worked with that young person.	The Clintons haven't worked with those young person.	-135.0	-135.0	-10.375	-10.375	False	False	morphology	determiner_noun_agreement	Write a natural, coherent English sentence.
354	9	Some committee aggravates this unconvinced woman.	Some committee aggravates these unconvinced woman.	-124.5	-124.5	-10.375	-10.375	False	False	morphology	determiner_noun_agreement	Write a natural, coherent English sentence.
355	9	Guy bored that troubled man.	Guy bored those troubled man.	-72.5	-72.5	-10.375	-10.375	False	False	morphology	determiner_noun_agreement	Write a natural, coherent English sentence.
356	9	Every actress scanned those bad analyses.	Every actress scanned that bad analyses.	-93.5	-93.5	-10.375	-10.375	False	False	morphology	determiner_noun_agreement	Write a natural, coherent English sentence.
357	9	A library alarms that determined child.	A library alarms those determined child.	-83.0	-83.0	-10.375	-10.375	False	False	morphology	determiner_noun_agreement	Write a natural, coherent English sentence.
358	9	Sheila can't notice this clever man.	Sheila can't notice these clever man.	-103.5	-103.5	-10.375	-10.375	False	False	morphology	determiner_noun_agreement	Write a natural, coherent English sentence.
359	9	James forgets this fast alumnus.	James forgets these fast alumnus.	-93.0	-93.0	-10.375	-10.375	False	False	morphology	determiner_noun_agreement	Write a natural, coherent English sentence.
360	9	Noah hasn't thought about these smooth lice.	Noah hasn't thought about this smooth lice.	-114.0	-114.0	-10.375	-10.375	False	False	morphology	determiner_noun_agreement	Write a natural, coherent English sentence.
361	9	Aaron sees these gray oases.	Aaron sees this gray oases.	-72.5	-72.5	-10.375	-10.375	False	False	morphology	determiner_noun_agreement	Write a natural, coherent English sentence.
362	9	Sherry has taken this standing goose.	Sherry has taken these standing goose.	-93.5	-93.5	-10.375	-10.375	False	False	morphology	determiner_noun_agreement	Write a natural, coherent English sentence.
363	9	Marie hasn't found those ill geese.	Marie hasn't found that ill geese.	-103.5	-104.0	-10.375	-10.375	True	False	morphology	determiner_noun_agreement	Write a natural, coherent English sentence.
364	9	Peter isn't arriving at that red oasis.	Peter isn't arriving at those red oasis.	-114.0	-114.0	-10.375	-10.375	False	False	morphology	determiner_noun_agreement	Write a natural, coherent English sentence.
365	9	Jill isn't boycotting those orange oases.	Jill isn't boycotting that orange oases.	-145.0	-145.0	-10.375	-10.375	False	False	morphology	determiner_noun_agreement	Write a natural, coherent English sentence.
366	9	Julia messes up that orange foot.	Julia messes up those orange foot.	-83.0	-83.0	-10.375	-10.375	False	False	morphology	determiner_noun_agreement	Write a natural, coherent English sentence.
367	9	That hill didn't disturb that content woman.	That hill didn't disturb those content woman.	-104.0	-104.0	-10.375	-10.375	False	False	morphology	determiner_noun_agreement	Write a natural, coherent English sentence.
368	9	Suzanne has concealed that concealed man.	Suzanne has concealed those concealed man.	-103.5	-103.5	-10.375	-10.375	False	False	morphology	determiner_noun_agreement	Write a natural, coherent English sentence.
369	9	Alicia sells that orange octopus.	Alicia sells those orange octopus.	-114.0	-114.0	-10.375	-10.375	False	False	morphology	determiner_noun_agreement	Write a natural, coherent English sentence.
370	9	Leslie has discussed that delighted child.	Leslie has discussed those delighted child.	-83.0	-83.0	-10.375	-10.375	False	False	morphology	determiner_noun_agreement	Write a natural, coherent English sentence.
371	9	Andrea could like these white lice.	Andrea could like this white lice.	-83.0	-83.0	-10.375	-10.375	False	False	morphology	determiner_noun_agreement	Write a natural, coherent English sentence.
372	9	Most children break those rough teeth.	Most children break that rough teeth.	-72.5	-72.5	-10.375	-10.375	False	False	morphology	determiner_noun_agreement	Write a natural, coherent English sentence.
373	9	Richard did work with this clever child.	Richard did work with these clever child.	-83.0	-83.0	-10.375	-10.375	False	False	morphology	determiner_noun_agreement	Write a natural, coherent English sentence.
374	9	Anne hugs this unemployed woman.	Anne hugs these unemployed woman.	-83.0	-83.0	-10.375	-10.375	False	False	morphology	determiner_noun_agreement	Write a natural, coherent English sentence.
375	9	Those actors attack that excited child.	Those actors attack those excited child.	-72.5	-72.5	-10.375	-10.375	False	False	morphology	determiner_noun_agreement	Write a natural, coherent English sentence.
376	9	Bruce was hugging that unconvinced man.	Bruce was hugging those unconvinced man.	-114.0	-114.0	-10.375	-10.375	False	False	morphology	determiner_noun_agreement	Write a natural, coherent English sentence.
377	9	Patrick hasn't hidden this orange oasis.	Patrick hasn't hidden these orange oasis.	-103.5	-104.0	-10.375	-10.375	True	False	morphology	determiner_noun_agreement	Write a natural, coherent English sentence.
378	9	Alicia hadn't discussed that uncertain person.	Alicia hadn't discussed those uncertain person.	-114.0	-114.0	-10.375	-10.375	False	False	morphology	determiner_noun_agreement	Write a natural, coherent English sentence.
379	9	Susan wasn't talking to those confident men.	Susan wasn't talking to that confident men.	-104.0	-104.0	-10.375	-10.375	False	False	morphology	determiner_noun_agreement	Write a natural, coherent English sentence.
380	9	Cheryl will scan that good synopsis.	Cheryl will scan those good synopsis.	-93.0	-93.0	-10.375	-10.375	False	False	morphology	determiner_noun_agreement	Write a natural, coherent English sentence.
381	9	Tamara kissed that unsure man.	Tamara kissed those unsure man.	-83.0	-83.0	-10.375	-10.375	False	False	morphology	determiner_noun_agreement	Write a natural, coherent English sentence.
382	9	Craig boasts about those bad analyses.	Craig boasts about that bad analyses.	-93.0	-93.0	-10.375	-10.375	False	False	morphology	determiner_noun_agreement	Write a natural, coherent English sentence.
383	9	Randolf hadn't hugged those serious people.	Randolf hadn't hugged that serious people.	-114.0	-114.0	-10.375	-10.375	False	False	morphology	determiner_noun_agreement	Write a natural, coherent English sentence.
384	9	Many doctors cure these exposed men.	Many doctors cure this exposed men.	-72.5	-72.5	-10.375	-10.375	False	False	morphology	determiner_noun_agreement	Write a natural, coherent English sentence.
385	9	Women criticized those smooth theses.	Women criticized that smooth theses.	-83.0	-83.0	-10.375	-10.375	False	False	morphology	determiner_noun_agreement	Write a natural, coherent English sentence.
386	9	Some light disturbs that old person.	Some light disturbs those old person.	-93.5	-93.5	-10.375	-10.375	False	False	morphology	determiner_noun_agreement	Write a natural, coherent English sentence.
387	9	Carol was questioning this big man.	Carol was questioning these big man.	-72.5	-72.5	-10.375	-10.375	False	False	morphology	determiner_noun_agreement	Write a natural, coherent English sentence.
388	9	Sara has gone to that old oasis.	Sara has gone to those old oasis.	-93.0	-93.5	-10.375	-10.375	True	False	morphology	determiner_noun_agreement	Write a natural, coherent English sentence.
389	9	Steven brought these red oases.	Steven brought this red oases.	-72.5	-72.5	-10.375	-10.375	False	False	morphology	determiner_noun_agreement	Write a natural, coherent English sentence.
390	9	Diana will disgust these ill children.	Diana will disgust this ill children.	-72.5	-72.5	-10.375	-10.375	False	False	morphology	determiner_noun_agreement	Write a natural, coherent English sentence.
391	9	Steven disturbs these sick alumni.	Steven disturbs this sick alumni.	-104.0	-104.0	-10.375	-10.375	False	False	morphology	determiner_noun_agreement	Write a natural, coherent English sentence.
392	9	Angela wasn't lifting these blue feet.	Angela wasn't lifting this blue feet.	-93.5	-93.5	-10.375	-10.375	False	False	morphology	determiner_noun_agreement	Write a natural, coherent English sentence.
393	9	Sharon hasn't stunned that unsure child.	Sharon hasn't stunned those unsure child.	-124.5	-124.5	-10.375	-10.375	False	False	morphology	determiner_noun_agreement	Write a natural, coherent English sentence.
394	9	These girls question that concealed man.	These girls question those concealed man.	-83.0	-83.0	-10.375	-10.375	False	False	morphology	determiner_noun_agreement	Write a natural, coherent English sentence.
395	9	Martha wasn't kissing this unemployed man.	Martha wasn't kissing these unemployed man.	-114.0	-114.0	-10.375	-10.375	False	False	morphology	determiner_noun_agreement	Write a natural, coherent English sentence.
396	9	Kendra isn't working with this excited child.	Kendra isn't working with these excited child.	-124.5	-124.5	-10.375	-10.375	False	False	morphology	determiner_noun_agreement	Write a natural, coherent English sentence.
397	9	All actresses praise this hard thesis.	All actresses praise these hard thesis.	-83.0	-83.0	-10.375	-10.375	False	False	morphology	determiner_noun_agreement	Write a natural, coherent English sentence.
398	9	David cleans that hard tooth.	David cleans those hard tooth.	-72.5	-72.5	-10.375	-10.375	False	False	morphology	determiner_noun_agreement	Write a natural, coherent English sentence.
399	9	Julia sounded like this uncertain person.	Julia sounded like these uncertain person.	-72.5	-72.5	-10.375	-10.375	False	False	morphology	determiner_noun_agreement	Write a natural, coherent English sentence.
400	9	Those actors attacked that happy alumnus.	Those actors attacked those happy alumnus.	-93.5	-93.0	-10.375	-10.375	False	False	morphology	determiner_noun_agreement	Write a natural, coherent English sentence.
401	9	Eva hadn't admired these black fungi.	Eva hadn't admired this black fungi.	-114.0	-114.0	-10.375	-10.375	False	False	morphology	determiner_noun_agreement	Write a natural, coherent English sentence.
402	9	Many chairs aren't disgusting this unlucky child.	Many chairs aren't disgusting these unlucky child.	-135.0	-135.0	-10.375	-10.375	False	False	morphology	determiner_noun_agreement	Write a natural, coherent English sentence.
403	9	Those waiters break these rough teeth.	Those waiters break this rough teeth.	-83.0	-83.0	-10.375	-10.375	False	False	morphology	determiner_noun_agreement	Write a natural, coherent English sentence.
404	9	Becca leaves this uncertain child.	Becca leaves these uncertain child.	-72.5	-72.5	-10.375	-10.375	False	False	morphology	determiner_noun_agreement	Write a natural, coherent English sentence.
405	9	Some steak disturbs these displeased children.	Some steak disturbs this displeased children.	-124.5	-124.5	-10.375	-10.375	False	False	morphology	determiner_noun_agreement	Write a natural, coherent English sentence.
406	9	Christine wouldn't conceal this lost stimulus.	Christine wouldn't conceal these lost stimulus.	-124.5	-124.5	-10.375	-10.375	False	False	morphology	determiner_noun_agreement	Write a natural, coherent English sentence.
407	9	Every face irritates those unemployed alumni.	Every face irritates that unemployed alumni.	-114.0	-114.0	-10.375	-10.375	False	False	morphology	determiner_noun_agreement	Write a natural, coherent English sentence.
408	9	Susan noticed that unlucky person.	Susan noticed those unlucky person.	-83.0	-83.0	-10.375	-10.375	False	False	morphology	determiner_noun_agreement	Write a natural, coherent English sentence.
409	9	Some women drop by those concealed oases.	Some women drop by that concealed oases.	-104.0	-104.0	-10.375	-10.375	False	False	morphology	determiner_noun_agreement	Write a natural, coherent English sentence.
410	9	The Clintons disagree with these serious men.	The Clintons disagree with this serious men.	-104.0	-104.0	-10.375	-10.375	False	False	morphology	determiner_noun_agreement	Write a natural, coherent English sentence.
411	9	Phillip discovers these busy women.	Phillip discovers this busy women.	-83.0	-83.0	-10.375	-10.375	False	False	morphology	determiner_noun_agreement	Write a natural, coherent English sentence.
412	9	Waiters investigate that hopeful woman.	Waiters investigate those hopeful woman.	-83.0	-83.0	-10.375	-10.375	False	False	morphology	determiner_noun_agreement	Write a natural, coherent English sentence.
413	9	Regina hasn't found these white nuclei.	Regina hasn't found this white nuclei.	-124.5	-124.5	-10.375	-10.375	False	False	morphology	determiner_noun_agreement	Write a natural, coherent English sentence.
414	9	Irene scanned those purple theses.	Irene scanned that purple theses.	-93.5	-93.5	-10.375	-10.375	False	False	morphology	determiner_noun_agreement	Write a natural, coherent English sentence.
415	9	A bank references those popular people.	A bank references that popular people.	-72.5	-72.5	-10.375	-10.375	False	False	morphology	determiner_noun_agreement	Write a natural, coherent English sentence.
416	9	Vincent tours this old oasis.	Vincent tours these old oasis.	-72.5	-72.5	-10.375	-10.375	False	False	morphology	determiner_noun_agreement	Write a natural, coherent English sentence.
417	9	Alicia kisses that standing woman.	Alicia kisses those standing woman.	-93.0	-93.0	-10.375	-10.375	False	False	morphology	determiner_noun_agreement	Write a natural, coherent English sentence.
418	9	Some candles aren't boring those displeased men.	Some candles aren't boring that displeased men.	-135.0	-135.0	-10.375	-10.375	False	False	morphology	determiner_noun_agreement	Write a natural, coherent English sentence.
419	9	That teenager does care for this old alumnus.	That teenager does care for these old alumnus.	-114.0	-114.0	-10.375	-10.375	False	False	morphology	determiner_noun_agreement	Write a natural, coherent English sentence.
420	9	A lot of drawings weren't alarming that displeased man.	A lot of drawings weren't alarming those displeased man.	-155.0	-155.0	-10.375	-10.375	False	False	morphology	determiner_noun_agreement	Write a natural, coherent English sentence.
421	9	That face astounded that important woman.	That face astounded those important woman.	-93.0	-93.0	-10.375	-10.375	False	False	morphology	determiner_noun_agreement	Write a natural, coherent English sentence.
422	9	Tiffany had approached these unemployed people.	Tiffany had approached this unemployed people.	-103.5	-103.5	-10.375	-10.375	False	False	morphology	determiner_noun_agreement	Write a natural, coherent English sentence.
423	9	Christina is passing these rough oases.	Christina is passing this rough oases.	-93.5	-93.5	-10.375	-10.375	False	False	morphology	determiner_noun_agreement	Write a natural, coherent English sentence.
424	9	Debra was praising those busy people.	Debra was praising that busy people.	-93.5	-93.5	-10.375	-10.375	False	False	morphology	determiner_noun_agreement	Write a natural, coherent English sentence.
425	9	The doctors didn't care for these scared children.	The doctors didn't care for this scared children.	-114.0	-114.0	-10.375	-10.375	False	False	morphology	determiner_noun_agreement	Write a natural, coherent English sentence.
426	9	Those ladders stun these small people.	Those ladders stun this small people.	-104.0	-104.0	-10.375	-10.375	False	False	morphology	determiner_noun_agreement	Write a natural, coherent English sentence.
427	9	Samuel isn't distracting these clever women.	Samuel isn't distracting this clever women.	-103.5	-103.5	-10.375	-10.375	False	False	morphology	determiner_noun_agreement	Write a natural, coherent English sentence.
428	9	Lucille dropped by those new oases.	Lucille dropped by that new oases.	-93.5	-93.5	-10.375	-10.375	False	False	morphology	determiner_noun_agreement	Write a natural, coherent English sentence.
429	9	A legislature should aggravate that busy child.	A legislature should aggravate those busy child.	-114.0	-114.0	-10.375	-10.375	False	False	morphology	determiner_noun_agreement	Write a natural, coherent English sentence.
430	9	Larry observed that lucky child.	Larry observed those lucky child.	-62.25	-62.25	-10.375	-10.375	False	False	morphology	determiner_noun_agreement	Write a natural, coherent English sentence.
431	9	Lawrence wasn't approaching those troubled children.	Lawrence wasn't approaching that troubled children.	-103.5	-103.5	-10.375	-10.375	False	False	morphology	determiner_noun_agreement	Write a natural, coherent English sentence.
432	9	Most libraries describe those delighted men.	Most libraries describe that delighted men.	-72.5	-72.5	-10.375	-10.375	False	False	morphology	determiner_noun_agreement	Write a natural, coherent English sentence.
433	9	The Impressionists alarms that sick child.	The Impressionists alarms those sick child.	-103.5	-103.5	-10.375	-10.375	False	False	morphology	determiner_noun_agreement	Write a natural, coherent English sentence.
434	9	A lot of children have this exposed axis.	A lot of children have these exposed axis.	-93.0	-93.0	-10.375	-10.375	False	False	morphology	determiner_noun_agreement	Write a natural, coherent English sentence.
435	9	Melissa couldn't reveal that small man.	Melissa couldn't reveal those small man.	-103.5	-104.0	-10.375	-10.375	True	False	morphology	determiner_noun_agreement	Write a natural, coherent English sentence.
436	9	These carriages won't impress those bad men.	These carriages won't impress that bad men.	-114.0	-114.0	-10.375	-10.375	False	False	morphology	determiner_noun_agreement	Write a natural, coherent English sentence.
437	9	Many girls drop by that red oasis.	Many girls drop by those red oasis.	-93.5	-93.5	-10.375	-10.375	False	False	morphology	determiner_noun_agreement	Write a natural, coherent English sentence.
438	9	The Impressionists fled from this small woman.	The Impressionists fled from these small woman.	-103.5	-103.5	-10.375	-10.375	False	False	morphology	determiner_noun_agreement	Write a natural, coherent English sentence.
439	9	Ann arrived at that blue oasis.	Ann arrived at those blue oasis.	-83.0	-83.0	-10.375	-10.375	False	False	morphology	determiner_noun_agreement	Write a natural, coherent English sentence.
440	9	The sock isn't disturbing those lucky children.	The sock isn't disturbing that lucky children.	-114.0	-114.0	-10.375	-10.375	False	False	morphology	determiner_noun_agreement	Write a natural, coherent English sentence.
441	9	Those socks were shocking those unlucky men.	Those socks were shocking that unlucky men.	-114.0	-114.0	-10.375	-10.375	False	False	morphology	determiner_noun_agreement	Write a natural, coherent English sentence.
442	9	Christine wasn't walking through those cheap oases.	Christine wasn't walking through that cheap oases.	-124.5	-124.5	-10.375	-10.375	False	False	morphology	determiner_noun_agreement	Write a natural, coherent English sentence.
443	9	Mary appreciates those content women.	Mary appreciates that content women.	-72.5	-72.5	-10.375	-10.375	False	False	morphology	determiner_noun_agreement	Write a natural, coherent English sentence.
444	9	That lady didn't question this ill person.	That lady didn't question these ill person.	-104.0	-104.0	-10.375	-10.375	False	False	morphology	determiner_noun_agreement	Write a natural, coherent English sentence.
445	9	Most birds annoy this young woman.	Most birds annoy these young woman.	-72.5	-72.5	-10.375	-10.375	False	False	morphology	determiner_noun_agreement	Write a natural, coherent English sentence.
446	9	Amelia is kissing these content men.	Amelia is kissing this content men.	-93.0	-93.0	-10.375	-10.375	False	False	morphology	determiner_noun_agreement	Write a natural, coherent English sentence.
447	9	Judy isn't taking those standing oxen.	Judy isn't taking that standing oxen.	-114.0	-114.0	-10.375	-10.375	False	False	morphology	determiner_noun_agreement	Write a natural, coherent English sentence.
448	9	Irene is discussing those clever alumni.	Irene is discussing that clever alumni.	-104.0	-104.0	-10.375	-10.375	False	False	morphology	determiner_noun_agreement	Write a natural, coherent English sentence.
449	9	Danielle could describe these long analyses.	Danielle could describe this long analyses.	-93.0	-93.0	-10.375	-10.375	False	False	morphology	determiner_noun_agreement	Write a natural, coherent English sentence.
450	9	Eva hasn't praised that lucky woman.	Eva hasn't praised those lucky woman.	-93.5	-93.5	-10.375	-10.375	False	False	morphology	determiner_noun_agreement	Write a natural, coherent English sentence.
451	9	Grace might observe that unlucky woman.	Grace might observe those unlucky woman.	-93.5	-93.5	-10.375	-10.375	False	False	morphology	determiner_noun_agreement	Write a natural, coherent English sentence.
452	9	The Clintons bothered these clever people.	The Clintons bothered this clever people.	-93.5	-93.5	-10.375	-10.375	False	False	morphology	determiner_noun_agreement	Write a natural, coherent English sentence.
453	9	April hadn't embarrassed those employed alumni.	April hadn't embarrassed that employed alumni.	-114.0	-114.0	-10.375	-10.375	False	False	morphology	determiner_noun_agreement	Write a natural, coherent English sentence.
454	9	Marie shouldn't forget that happy man.	Marie shouldn't forget those happy man.	-93.5	-93.5	-10.375	-10.375	False	False	morphology	determiner_noun_agreement	Write a natural, coherent English sentence.
455	9	Renee isn't breaking that cheap foot.	Renee isn't breaking those cheap foot.	-114.0	-114.0	-10.375	-10.375	False	False	morphology	determiner_noun_agreement	Write a natural, coherent English sentence.
456	9	Monica shouldn't sell those new oases.	Monica shouldn't sell that new oases.	-114.0	-114.0	-10.375	-10.375	False	False	morphology	determiner_noun_agreement	Write a natural, coherent English sentence.
457	9	Every dancer has returned to that troubled man.	Every dancer has returned to those troubled man.	-114.0	-114.0	-10.375	-10.375	False	False	morphology	determiner_noun_agreement	Write a natural, coherent English sentence.
458	9	Those dancers break those green teeth.	Those dancers break that green teeth.	-83.0	-83.0	-10.375	-10.375	False	False	morphology	determiner_noun_agreement	Write a natural, coherent English sentence.
459	9	These teachers talk about these fast women.	These teachers talk about this fast women.	-83.0	-83.0	-10.375	-10.375	False	False	morphology	determiner_noun_agreement	Write a natural, coherent English sentence.
460	9	Spain hasn't praised that happy man.	Spain hasn't praised those happy man.	-93.5	-93.5	-10.375	-10.375	False	False	morphology	determiner_noun_agreement	Write a natural, coherent English sentence.
461	9	Monica does kiss those good people.	Monica does kiss that good people.	-83.0	-83.0	-10.375	-10.375	False	False	morphology	determiner_noun_agreement	Write a natural, coherent English sentence.
462	9	Benjamin can boast about those busy men.	Benjamin can boast about that busy men.	-93.5	-93.5	-10.375	-10.375	False	False	morphology	determiner_noun_agreement	Write a natural, coherent English sentence.
463	9	Donald conceals this lost nucleus.	Donald conceals these lost nucleus.	-83.0	-83.0	-10.375	-10.375	False	False	morphology	determiner_noun_agreement	Write a natural, coherent English sentence.
464	9	Gregory was embarrassing this big woman.	Gregory was embarrassing these big woman.	-83.0	-83.0	-10.375	-10.375	False	False	morphology	determiner_noun_agreement	Write a natural, coherent English sentence.
465	9	The waiter wasn't stunning that hidden child.	The waiter wasn't stunning those hidden child.	-114.0	-114.0	-10.375	-10.375	False	False	morphology	determiner_noun_agreement	Write a natural, coherent English sentence.
466	9	A lot of photographs haven't looked like this red stimulus.	A lot of photographs haven't looked like these red stimulus.	-145.0	-145.0	-10.375	-10.375	False	False	morphology	determiner_noun_agreement	Write a natural, coherent English sentence.
467	9	A patient fixed those cheap feet.	A patient fixed that cheap feet.	-72.5	-72.5	-10.375	-10.375	False	False	morphology	determiner_noun_agreement	Write a natural, coherent English sentence.
468	9	Many gates shouldn't astound these unsure alumni.	Many gates shouldn't astound this unsure alumni.	-145.0	-145.0	-10.375	-10.375	False	False	morphology	determiner_noun_agreement	Write a natural, coherent English sentence.
469	9	That picture hasn't looked like these big men.	That picture hasn't looked like this big men.	-114.0	-114.0	-10.375	-10.375	False	False	morphology	determiner_noun_agreement	Write a natural, coherent English sentence.
470	9	These waitresses talk about this hidden thesis.	These waitresses talk about these hidden thesis.	-103.5	-103.5	-10.375	-10.375	False	False	morphology	determiner_noun_agreement	Write a natural, coherent English sentence.
471	9	Stacy concealed those gray axes.	Stacy concealed that gray axes.	-93.5	-93.5	-10.375	-10.375	False	False	morphology	determiner_noun_agreement	Write a natural, coherent English sentence.
472	9	Nicole remembers those serious alumni.	Nicole remembers that serious alumni.	-93.5	-93.5	-10.375	-10.375	False	False	morphology	determiner_noun_agreement	Write a natural, coherent English sentence.
473	9	Leslie hadn't gone to that small oasis.	Leslie hadn't gone to those small oasis.	-124.5	-124.5	-10.375	-10.375	False	False	morphology	determiner_noun_agreement	Write a natural, coherent English sentence.
474	9	Joel wasn't praising this ill person.	Joel wasn't praising these ill person.	-104.0	-104.0	-10.375	-10.375	False	False	morphology	determiner_noun_agreement	Write a natural, coherent English sentence.
475	9	These drivers embarrasses this young alumnus.	These drivers embarrasses these young alumnus.	-103.5	-103.5	-10.375	-10.375	False	False	morphology	determiner_noun_agreement	Write a natural, coherent English sentence.
476	9	Beef bores that delighted woman.	Beef bores those delighted woman.	-83.0	-83.0	-10.375	-10.375	False	False	morphology	determiner_noun_agreement	Write a natural, coherent English sentence.
477	9	Mitchell goes to this gray oasis.	Mitchell goes to these gray oasis.	-83.0	-83.0	-10.375	-10.375	False	False	morphology	determiner_noun_agreement	Write a natural, coherent English sentence.
478	9	The mouth bores these upset men.	The mouth bores this upset men.	-83.0	-83.0	-10.375	-10.375	False	False	morphology	determiner_noun_agreement	Write a natural, coherent English sentence.
479	9	Most legislatures discuss those good people.	Most legislatures discuss that good people.	-83.0	-83.0	-10.375	-10.375	False	False	morphology	determiner_noun_agreement	Write a natural, coherent English sentence.
480	9	The boys mess up those purple feet.	The boys mess up that purple feet.	-83.0	-83.0	-10.375	-10.375	False	False	morphology	determiner_noun_agreement	Write a natural, coherent English sentence.
481	9	Cashiers describe these fast children.	Cashiers describe this fast children.	-72.5	-72.5	-10.375	-10.375	False	False	morphology	determiner_noun_agreement	Write a natural, coherent English sentence.
482	9	Roger has fired those unconvinced men.	Roger has fired that unconvinced men.	-104.0	-104.0	-10.375	-10.375	False	False	morphology	determiner_noun_agreement	Write a natural, coherent English sentence.
483	9	Amy wasn't kissing this content man.	Amy wasn't kissing these content man.	-103.5	-103.5	-10.375	-10.375	False	False	morphology	determiner_noun_agreement	Write a natural, coherent English sentence.
484	9	Every dancer hadn't praised those good analyses.	Every dancer hadn't praised that good analyses.	-124.5	-124.5	-10.375	-10.375	False	False	morphology	determiner_noun_agreement	Write a natural, coherent English sentence.
485	9	Rhonda wasn't hiding those red mice.	Rhonda wasn't hiding that red mice.	-114.0	-114.0	-10.375	-10.375	False	False	morphology	determiner_noun_agreement	Write a natural, coherent English sentence.
486	9	Every pedestrian talks about that bad synopsis.	Every pedestrian talks about those bad synopsis.	-103.5	-103.5	-10.375	-10.375	False	False	morphology	determiner_noun_agreement	Write a natural, coherent English sentence.
487	9	The fish shocks these old alumni.	The fish shocks this old alumni.	-103.5	-103.5	-10.375	-10.375	False	False	morphology	determiner_noun_agreement	Write a natural, coherent English sentence.
488	9	Those waitresses visited those scared alumni.	Those waitresses visited that scared alumni.	-114.0	-114.0	-10.375	-10.375	False	False	morphology	determiner_noun_agreement	Write a natural, coherent English sentence.
489	9	That library was listening to this nice man.	That library was listening to these nice man.	-93.5	-93.5	-10.375	-10.375	False	False	morphology	determiner_noun_agreement	Write a natural, coherent English sentence.
490	9	Steve wasn't bringing that blue stimulus.	Steve wasn't bringing those blue stimulus.	-104.0	-104.0	-10.375	-10.375	False	False	morphology	determiner_noun_agreement	Write a natural, coherent English sentence.
491	9	Some guest was hiring that scared woman.	Some guest was hiring those scared woman.	-83.0	-83.0	-10.375	-10.375	False	False	morphology	determiner_noun_agreement	Write a natural, coherent English sentence.
492	9	The spotlights upset this unconvinced alumnus.	The spotlights upset these unconvinced alumnus.	-135.0	-135.0	-10.375	-10.375	False	False	morphology	determiner_noun_agreement	Write a natural, coherent English sentence.
493	9	Todd might observe this lost man.	Todd might observe these lost man.	-72.5	-72.5	-10.375	-10.375	False	False	morphology	determiner_noun_agreement	Write a natural, coherent English sentence.
494	9	People could describe that unconvinced person.	People could describe those unconvinced person.	-104.0	-103.5	-10.375	-10.375	False	False	morphology	determiner_noun_agreement	Write a natural, coherent English sentence.
495	9	That waiter had astounded these lucky people.	That waiter had astounded this lucky people.	-114.0	-114.0	-10.375	-10.375	False	False	morphology	determiner_noun_agreement	Write a natural, coherent English sentence.
496	9	Kendra disgusted these confident women.	Kendra disgusted this confident women.	-93.5	-93.5	-10.375	-10.375	False	False	morphology	determiner_noun_agreement	Write a natural, coherent English sentence.
497	9	Spain hasn't annoyed those old people.	Spain hasn't annoyed that old people.	-103.5	-103.5	-10.375	-10.375	False	False	morphology	determiner_noun_agreement	Write a natural, coherent English sentence.
498	9	Steve kisses these out in the open people.	Steve kisses this out in the open people.	-103.5	-103.5	-10.375	-10.375	False	False	morphology	determiner_noun_agreement	Write a natural, coherent English sentence.
499	9	Wayne kissed those unconvinced men.	Wayne kissed that unconvinced men.	-93.5	-93.5	-10.375	-10.375	False	False	morphology	determiner_noun_agreement	Write a natural, coherent English sentence.
500	9	Douglas has brought those lost cacti.	Douglas has brought that lost cacti.	-93.5	-93.5	-10.375	-10.375	False	False	morphology	determiner_noun_agreement	Write a natural, coherent English sentence.
501	9	Tammy can't reveal that big alumnus.	Tammy can't reveal those big alumnus.	-124.5	-124.5	-10.375	-10.375	False	False	morphology	determiner_noun_agreement	Write a natural, coherent English sentence.
502	9	Deborah fled from those standing children.	Deborah fled from that standing children.	-93.5	-93.5	-10.375	-10.375	False	False	morphology	determiner_noun_agreement	Write a natural, coherent English sentence.
503	9	A man wasn't cleaning that hard fungus.	A man wasn't cleaning those hard fungus.	-124.5	-124.5	-10.375	-10.375	False	False	morphology	determiner_noun_agreement	Write a natural, coherent English sentence.
504	9	Danielle has broken those gray teeth.	Danielle has broken that gray teeth.	-83.0	-83.0	-10.375	-10.375	False	False	morphology	determiner_noun_agreement	Write a natural, coherent English sentence.
505	9	Derek praised this big thesis.	Derek praised these big thesis.	-72.5	-72.5	-10.375	-10.375	False	False	morphology	determiner_noun_agreement	Write a natural, coherent English sentence.
506	9	Gary has disgusted those unsure people.	Gary has disgusted that unsure people.	-93.5	-93.5	-10.375	-10.375	False	False	morphology	determiner_noun_agreement	Write a natural, coherent English sentence.
507	9	A senator insulted this bad synopsis.	A senator insulted these bad synopsis.	-103.5	-103.5	-10.375	-10.375	False	False	morphology	determiner_noun_agreement	Write a natural, coherent English sentence.
508	9	A lot of drivers visit these purple oases.	A lot of drivers visit this purple oases.	-103.5	-103.5	-10.375	-10.375	False	False	morphology	determiner_noun_agreement	Write a natural, coherent English sentence.
509	9	Richard isn't attacking this fast child.	Richard isn't attacking these fast child.	-93.5	-93.5	-10.375	-10.375	False	False	morphology	determiner_noun_agreement	Write a natural, coherent English sentence.
510	9	Frank shocked that unsure man.	Frank shocked those unsure man.	-72.5	-72.5	-10.375	-10.375	False	False	morphology	determiner_noun_agreement	Write a natural, coherent English sentence.
511	9	Brett returned to that confident man.	Brett returned to those confident man.	-83.0	-83.0	-10.375	-10.375	False	False	morphology	determiner_noun_agreement	Write a natural, coherent English sentence.
512	9	Many ladies weren't passing these old oases.	Many ladies weren't passing this old oases.	-114.0	-114.0	-10.375	-10.375	False	False	morphology	determiner_noun_agreement	Write a natural, coherent English sentence.
513	9	A waiter brought those purple teeth.	A waiter brought that purple teeth.	-83.0	-83.0	-10.375	-10.375	False	False	morphology	determiner_noun_agreement	Write a natural, coherent English sentence.
514	9	Beverly has fired this fast alumnus.	Beverly has fired these fast alumnus.	-103.5	-103.5	-10.375	-10.375	False	False	morphology	determiner_noun_agreement	Write a natural, coherent English sentence.
515	9	Men haven't observed that standing man.	Men haven't observed those standing man.	-93.5	-93.5	-10.375	-10.375	False	False	morphology	determiner_noun_agreement	Write a natural, coherent English sentence.
516	9	Tiffany admired this ill child.	Tiffany admired these ill child.	-93.5	-93.5	-10.375	-10.375	False	False	morphology	determiner_noun_agreement	Write a natural, coherent English sentence.
517	9	That patient didn't love that unemployed alumnus.	That patient didn't love those unemployed alumnus.	-135.0	-135.0	-10.375	-10.375	False	False	morphology	determiner_noun_agreement	Write a natural, coherent English sentence.
518	9	Aaron reveals that red tooth.	Aaron reveals those red tooth.	-62.25	-62.25	-10.375	-10.375	False	False	morphology	determiner_noun_agreement	Write a natural, coherent English sentence.
519	9	Monica was insulting those bad people.	Monica was insulting that bad people.	-93.5	-93.5	-10.375	-10.375	False	False	morphology	determiner_noun_agreement	Write a natural, coherent English sentence.
520	9	These teenagers watch that old alumnus.	These teenagers watch those old alumnus.	-103.5	-103.5	-10.375	-10.375	False	False	morphology	determiner_noun_agreement	Write a natural, coherent English sentence.
521	9	Tina might confuse this exposed child.	Tina might confuse these exposed child.	-93.5	-93.5	-10.375	-10.375	False	False	morphology	determiner_noun_agreement	Write a natural, coherent English sentence.
522	9	A face was confusing that nice woman.	A face was confusing those nice woman.	-83.0	-83.0	-10.375	-10.375	False	False	morphology	determiner_noun_agreement	Write a natural, coherent English sentence.
523	9	An adult researches that good analysis.	An adult researches those good analysis.	-104.0	-104.0	-10.375	-10.375	False	False	morphology	determiner_noun_agreement	Write a natural, coherent English sentence.
524	9	Some broccoli isn't annoying these unconvinced women.	Some broccoli isn't annoying this unconvinced women.	-156.0	-156.0	-10.375	-10.375	False	False	morphology	determiner_noun_agreement	Write a natural, coherent English sentence.
525	9	Nancy talks about these content children.	Nancy talks about this content children.	-72.5	-72.5	-10.375	-10.375	False	False	morphology	determiner_noun_agreement	Write a natural, coherent English sentence.
526	9	Regina found this lost ox.	Regina found these lost ox.	-83.0	-83.0	-10.375	-10.375	False	False	morphology	determiner_noun_agreement	Write a natural, coherent English sentence.
527	9	Emily had respected that clever man.	Emily had respected those clever man.	-72.5	-72.5	-10.375	-10.375	False	False	morphology	determiner_noun_agreement	Write a natural, coherent English sentence.
528	9	Kathleen has worked with this confident man.	Kathleen has worked with these confident man.	-93.5	-93.5	-10.375	-10.375	False	False	morphology	determiner_noun_agreement	Write a natural, coherent English sentence.
529	9	Most customers are distracting these determined children.	Most customers are distracting this determined children.	-93.5	-93.5	-10.375	-10.375	False	False	morphology	determiner_noun_agreement	Write a natural, coherent English sentence.
530	9	Rachelle didn't cure this black octopus.	Rachelle didn't cure these black octopus.	-124.5	-124.5	-10.375	-10.375	False	False	morphology	determiner_noun_agreement	Write a natural, coherent English sentence.
531	9	Steven hugs these standing men.	Steven hugs this standing men.	-72.5	-72.5	-10.375	-10.375	False	False	morphology	determiner_noun_agreement	Write a natural, coherent English sentence.
532	9	Every popsicle shocked those excited men.	Every popsicle shocked that excited men.	-93.5	-93.0	-10.375	-10.375	False	False	morphology	determiner_noun_agreement	Write a natural, coherent English sentence.
533	9	Sonia lifts that new oasis.	Sonia lifts those new oasis.	-93.5	-93.5	-10.375	-10.375	False	False	morphology	determiner_noun_agreement	Write a natural, coherent English sentence.
534	9	Cheryl might tour that purple oasis.	Cheryl might tour those purple oasis.	-93.0	-93.0	-10.375	-10.375	False	False	morphology	determiner_noun_agreement	Write a natural, coherent English sentence.
535	9	This doctor appreciates this bad child.	This doctor appreciates these bad child.	-83.0	-83.0	-10.375	-10.375	False	False	morphology	determiner_noun_agreement	Write a natural, coherent English sentence.
536	9	Leslie breaks those red feet.	Leslie breaks that red feet.	-72.5	-72.5	-10.375	-10.375	False	False	morphology	determiner_noun_agreement	Write a natural, coherent English sentence.
537	9	Bethany hasn't hidden that yellow louse.	Bethany hasn't hidden those yellow louse.	-114.0	-114.0	-10.375	-10.375	False	False	morphology	determiner_noun_agreement	Write a natural, coherent English sentence.
538	9	Some people have criticized this brown thesis.	Some people have criticized these brown thesis.	-93.0	-93.0	-10.375	-10.375	False	False	morphology	determiner_noun_agreement	Write a natural, coherent English sentence.
539	9	Noah heals this determined child.	Noah heals these determined child.	-72.5	-72.5	-10.375	-10.375	False	False	morphology	determiner_noun_agreement	Write a natural, coherent English sentence.
540	9	Kevin biked to those big oases.	Kevin biked to that big oases.	-103.5	-103.5	-10.375	-10.375	False	False	morphology	determiner_noun_agreement	Write a natural, coherent English sentence.
541	9	Wayne hadn't bored these sick men.	Wayne hadn't bored this sick men.	-93.5	-93.5	-10.375	-10.375	False	False	morphology	determiner_noun_agreement	Write a natural, coherent English sentence.
542	9	Amy returns to those young alumni.	Amy returns to that young alumni.	-93.5	-93.5	-10.375	-10.375	False	False	morphology	determiner_noun_agreement	Write a natural, coherent English sentence.
543	9	That gate did aggravate this excited woman.	That gate did aggravate these excited woman.	-103.5	-103.5	-10.375	-10.375	False	False	morphology	determiner_noun_agreement	Write a natural, coherent English sentence.
544	9	Melissa observes that bad child.	Melissa observes those bad child.	-83.0	-83.0	-10.375	-10.375	False	False	morphology	determiner_noun_agreement	Write a natural, coherent English sentence.
545	9	Kathleen wasn't scanning those long synopses.	Kathleen wasn't scanning that long synopses.	-135.0	-135.0	-10.375	-10.375	False	False	morphology	determiner_noun_agreement	Write a natural, coherent English sentence.
546	9	That guy dropped by these white oases.	That guy dropped by this white oases.	-93.5	-93.5	-10.375	-10.375	False	False	morphology	determiner_noun_agreement	Write a natural, coherent English sentence.
547	9	Every child might fire this serious child.	Every child might fire these serious child.	-83.0	-83.0	-10.375	-10.375	False	False	morphology	determiner_noun_agreement	Write a natural, coherent English sentence.
548	9	Meredith had concealed that black thesis.	Meredith had concealed those black thesis.	-104.0	-104.0	-10.375	-10.375	False	False	morphology	determiner_noun_agreement	Write a natural, coherent English sentence.
549	9	Randolf didn't see these blue teeth.	Randolf didn't see this blue teeth.	-103.5	-103.5	-10.375	-10.375	False	False	morphology	determiner_noun_agreement	Write a natural, coherent English sentence.
550	9	Some guy passes that rough oasis.	Some guy passes those rough oasis.	-83.0	-83.0	-10.375	-10.375	False	False	morphology	determiner_noun_agreement	Write a natural, coherent English sentence.
551	9	Guys hurts that smart man.	Guys hurts those smart man.	-83.0	-83.0	-10.375	-10.375	False	False	morphology	determiner_noun_agreement	Write a natural, coherent English sentence.
552	9	Many museums should describe this fast man.	Many museums should describe these fast man.	-93.0	-93.5	-10.375	-10.375	True	False	morphology	determiner_noun_agreement	Write a natural, coherent English sentence.
553	9	A lot of chairs haven't embarrassed this serious man.	A lot of chairs haven't embarrassed these serious man.	-124.5	-124.5	-10.375	-10.375	False	False	morphology	determiner_noun_agreement	Write a natural, coherent English sentence.
554	9	Emily talked about that ill alumnus.	Emily talked about those ill alumnus.	-93.5	-93.5	-10.375	-10.375	False	False	morphology	determiner_noun_agreement	Write a natural, coherent English sentence.
555	9	A lot of girls notice these black lice.	A lot of girls notice this black lice.	-103.5	-103.5	-10.375	-10.375	False	False	morphology	determiner_noun_agreement	Write a natural, coherent English sentence.
556	9	Those schools reference that green thesis.	Those schools reference those green thesis.	-72.5	-72.5	-10.375	-10.375	False	False	morphology	determiner_noun_agreement	Write a natural, coherent English sentence.
557	9	Bradley had bored this delighted alumnus.	Bradley had bored these delighted alumnus.	-103.5	-103.5	-10.375	-10.375	False	False	morphology	determiner_noun_agreement	Write a natural, coherent English sentence.
558	9	Melinda scares this good woman.	Melinda scares these good woman.	-83.0	-83.0	-10.375	-10.375	False	False	morphology	determiner_noun_agreement	Write a natural, coherent English sentence.
559	9	Those pedestrians go to those big oases.	Those pedestrians go to that big oases.	-114.0	-114.0	-10.375	-10.375	False	False	morphology	determiner_noun_agreement	Write a natural, coherent English sentence.
560	9	Many doctors escaped from that lost child.	Many doctors escaped from those lost child.	-83.0	-83.0	-10.375	-10.375	False	False	morphology	determiner_noun_agreement	Write a natural, coherent English sentence.
561	9	Tamara isn't revealing that orange ox.	Tamara isn't revealing those orange ox.	-103.5	-103.5	-10.375	-10.375	False	False	morphology	determiner_noun_agreement	Write a natural, coherent English sentence.
562	9	Many patients arrive at that hidden oasis.	Many patients arrive at those hidden oasis.	-93.5	-93.5	-10.375	-10.375	False	False	morphology	determiner_noun_agreement	Write a natural, coherent English sentence.
563	9	Beth leaves these happy children.	Beth leaves this happy children.	-62.25	-62.25	-10.375	-10.375	False	False	morphology	determiner_noun_agreement	Write a natural, coherent English sentence.
564	9	Deanna broke that yellow foot.	Deanna broke those yellow foot.	-72.5	-72.5	-10.375	-10.375	False	False	morphology	determiner_noun_agreement	Write a natural, coherent English sentence.
565	9	Jessica had talked to that concealed man.	Jessica had talked to those concealed man.	-93.5	-93.5	-10.375	-10.375	False	False	morphology	determiner_noun_agreement	Write a natural, coherent English sentence.
566	9	Those actors praise those long synopses.	Those actors praise that long synopses.	-93.5	-93.5	-10.375	-10.375	False	False	morphology	determiner_noun_agreement	Write a natural, coherent English sentence.
567	9	This coat hasn't astounded these popular men.	This coat hasn't astounded this popular men.	-124.5	-124.5	-10.375	-10.375	False	False	morphology	determiner_noun_agreement	Write a natural, coherent English sentence.
568	9	Wendy does talk to this scared alumnus.	Wendy does talk to these scared alumnus.	-114.0	-114.0	-10.375	-10.375	False	False	morphology	determiner_noun_agreement	Write a natural, coherent English sentence.
569	9	Christine is questioning these happy men.	Christine is questioning this happy men.	-83.0	-83.0	-10.375	-10.375	False	False	morphology	determiner_noun_agreement	Write a natural, coherent English sentence.
570	9	All doctors loved that displeased man.	All doctors loved those displeased man.	-93.5	-93.5	-10.375	-10.375	False	False	morphology	determiner_noun_agreement	Write a natural, coherent English sentence.
571	9	Waitresses researched these long synopses.	Waitresses researched this long synopses.	-135.0	-135.0	-10.375	-10.375	False	False	morphology	determiner_noun_agreement	Write a natural, coherent English sentence.
572	9	Alexander can flee from this nice woman.	Alexander can flee from these nice woman.	-93.5	-93.0	-10.375	-10.375	False	False	morphology	determiner_noun_agreement	Write a natural, coherent English sentence.
573	9	Walter hadn't hated this fast man.	Walter hadn't hated these fast man.	-93.5	-93.5	-10.375	-10.375	False	False	morphology	determiner_noun_agreement	Write a natural, coherent English sentence.
574	9	Those cashiers buy those smooth lice.	Those cashiers buy that smooth lice.	-93.5	-93.5	-10.375	-10.375	False	False	morphology	determiner_noun_agreement	Write a natural, coherent English sentence.
575	9	Sonia hid that determined child.	Sonia hid those determined child.	-72.5	-72.5	-10.375	-10.375	False	False	morphology	determiner_noun_agreement	Write a natural, coherent English sentence.
576	9	Barbara is observing that excited person.	Barbara is observing those excited person.	-83.0	-83.0	-10.375	-10.375	False	False	morphology	determiner_noun_agreement	Write a natural, coherent English sentence.
577	9	That company stuns these unconvinced women.	That company stuns this unconvinced women.	-114.0	-114.0	-10.375	-10.375	False	False	morphology	determiner_noun_agreement	Write a natural, coherent English sentence.
578	9	Paul thought about those bad theses.	Paul thought about that bad theses.	-83.0	-83.0	-10.375	-10.375	False	False	morphology	determiner_noun_agreement	Write a natural, coherent English sentence.
579	9	Victoria escaped from these displeased children.	Victoria escaped from this displeased children.	-93.0	-93.0	-10.375	-10.375	False	False	morphology	determiner_noun_agreement	Write a natural, coherent English sentence.
580	9	Brad notices this big octopus.	Brad notices these big octopus.	-93.0	-93.0	-10.375	-10.375	False	False	morphology	determiner_noun_agreement	Write a natural, coherent English sentence.
581	9	Adam is praising those yellow theses.	Adam is praising that yellow theses.	-93.5	-93.5	-10.375	-10.375	False	False	morphology	determiner_noun_agreement	Write a natural, coherent English sentence.
582	9	Douglas did tour those hidden oases.	Douglas did tour that hidden oases.	-83.0	-83.0	-10.375	-10.375	False	False	morphology	determiner_noun_agreement	Write a natural, coherent English sentence.
583	9	Gerald couldn't know these happy men.	Gerald couldn't know this happy men.	-103.5	-103.5	-10.375	-10.375	False	False	morphology	determiner_noun_agreement	Write a natural, coherent English sentence.
584	9	Those women hug that smart man.	Those women hug those smart man.	-72.5	-72.5	-10.375	-10.375	False	False	morphology	determiner_noun_agreement	Write a natural, coherent English sentence.
585	9	These senators wouldn't forget that long synopsis.	These senators wouldn't forget those long synopsis.	-124.5	-124.5	-10.375	-10.375	False	False	morphology	determiner_noun_agreement	Write a natural, coherent English sentence.
586	9	Edward took those lost stimuli.	Edward took that lost stimuli.	-72.5	-72.5	-10.375	-10.375	False	False	morphology	determiner_noun_agreement	Write a natural, coherent English sentence.
587	9	The waitresses did know this lucky person.	The waitresses did know these lucky person.	-103.5	-103.5	-10.375	-10.375	False	False	morphology	determiner_noun_agreement	Write a natural, coherent English sentence.
588	9	That library might love this important person.	That library might love these important person.	-83.0	-83.0	-10.375	-10.375	False	False	morphology	determiner_noun_agreement	Write a natural, coherent English sentence.
589	9	Carrie was healing this gray octopus.	Carrie was healing these gray octopus.	-104.0	-104.0	-10.375	-10.375	False	False	morphology	determiner_noun_agreement	Write a natural, coherent English sentence.
590	9	Sonia hadn't cleaned those gray teeth.	Sonia hadn't cleaned that gray teeth.	-103.5	-103.5	-10.375	-10.375	False	False	morphology	determiner_noun_agreement	Write a natural, coherent English sentence.
591	9	The Lutherans alarmed this confident woman.	The Lutherans alarmed these confident woman.	-93.5	-93.5	-10.375	-10.375	False	False	morphology	determiner_noun_agreement	Write a natural, coherent English sentence.
592	9	This shirt impressed those popular people.	This shirt impressed that popular people.	-72.5	-72.5	-10.375	-10.375	False	False	morphology	determiner_noun_agreement	Write a natural, coherent English sentence.
593	9	Some schools love that employed person.	Some schools love those employed person.	-72.5	-72.5	-10.375	-10.375	False	False	morphology	determiner_noun_agreement	Write a natural, coherent English sentence.
594	9	Valerie hasn't known this young child.	Valerie hasn't known these young child.	-104.0	-104.0	-10.375	-10.375	False	False	morphology	determiner_noun_agreement	Write a natural, coherent English sentence.
595	9	Scott respected those displeased men.	Scott respected that displeased men.	-83.0	-83.0	-10.375	-10.375	False	False	morphology	determiner_noun_agreement	Write a natural, coherent English sentence.
596	9	The ladies work with those lost children.	The ladies work with that lost children.	-83.0	-83.0	-10.375	-10.375	False	False	morphology	determiner_noun_agreement	Write a natural, coherent English sentence.
597	9	Dawn had biked to this small oasis.	Dawn had biked to these small oasis.	-124.5	-124.5	-10.375	-10.375	False	False	morphology	determiner_noun_agreement	Write a natural, coherent English sentence.
598	9	Samantha would explore that gray oasis.	Samantha would explore those gray oasis.	-103.5	-103.5	-10.375	-10.375	False	False	morphology	determiner_noun_agreement	Write a natural, coherent English sentence.
599	9	All steps upset those unemployed men.	All steps upset that unemployed men.	-83.0	-83.0	-10.375	-10.375	False	False	morphology	determiner_noun_agreement	Write a natural, coherent English sentence.
600	9	Marla has described that unemployed woman.	Marla has described those unemployed woman.	-93.5	-93.5	-10.375	-10.375	False	False	morphology	determiner_noun_agreement	Write a natural, coherent English sentence.
601	9	Most universities bore those excited children.	Most universities bore that excited children.	-72.5	-72.5	-10.375	-10.375	False	False	morphology	determiner_noun_agreement	Write a natural, coherent English sentence.
602	9	These banks should reference that purple thesis.	These banks should reference those purple thesis.	-83.0	-83.0	-10.375	-10.375	False	False	morphology	determiner_noun_agreement	Write a natural, coherent English sentence.
603	9	Sherry brought those concealed geese.	Sherry brought that concealed geese.	-93.5	-93.5	-10.375	-10.375	False	False	morphology	determiner_noun_agreement	Write a natural, coherent English sentence.
604	9	Many pedestrians complain about these long analyses.	Many pedestrians complain about this long analyses.	-114.0	-114.0	-10.375	-10.375	False	False	morphology	determiner_noun_agreement	Write a natural, coherent English sentence.
605	9	Theresa fixed these small teeth.	Theresa fixed this small teeth.	-72.5	-72.5	-10.375	-10.375	False	False	morphology	determiner_noun_agreement	Write a natural, coherent English sentence.
606	9	This lake disturbed those unconvinced men.	This lake disturbed that unconvinced men.	-114.0	-114.0	-10.375	-10.375	False	False	morphology	determiner_noun_agreement	Write a natural, coherent English sentence.
607	9	Catherine was talking about those bad synopses.	Catherine was talking about that bad synopses.	-103.5	-103.5	-10.375	-10.375	False	False	morphology	determiner_noun_agreement	Write a natural, coherent English sentence.
608	9	Alicia had escaped from these hidden men.	Alicia had escaped from this hidden men.	-103.5	-103.5	-10.375	-10.375	False	False	morphology	determiner_noun_agreement	Write a natural, coherent English sentence.
609	9	Natalie hasn't worked with this confident woman.	Natalie hasn't worked with these confident woman.	-114.0	-114.0	-10.375	-10.375	False	False	morphology	determiner_noun_agreement	Write a natural, coherent English sentence.
610	9	Amelia annoyed this smart man.	Amelia annoyed these smart man.	-83.0	-83.0	-10.375	-10.375	False	False	morphology	determiner_noun_agreement	Write a natural, coherent English sentence.
611	9	Every guest is irritating this serious child.	Every guest is irritating these serious child.	-93.5	-93.5	-10.375	-10.375	False	False	morphology	determiner_noun_agreement	Write a natural, coherent English sentence.
612	9	All reports annoyed this hopeful person.	All reports annoyed these hopeful person.	-93.0	-93.0	-10.375	-10.375	False	False	morphology	determiner_noun_agreement	Write a natural, coherent English sentence.
613	9	These women break those orange teeth.	These women break that orange teeth.	-72.5	-72.5	-10.375	-10.375	False	False	morphology	determiner_noun_agreement	Write a natural, coherent English sentence.
614	9	Christopher could shock this excited child.	Christopher could shock these excited child.	-72.5	-72.5	-10.375	-10.375	False	False	morphology	determiner_noun_agreement	Write a natural, coherent English sentence.
615	9	This spotlight hasn't disgusted that employed child.	This spotlight hasn't disgusted those employed child.	-124.5	-124.5	-10.375	-10.375	False	False	morphology	determiner_noun_agreement	Write a natural, coherent English sentence.
616	9	Samantha fled from that busy child.	Samantha fled from those busy child.	-93.5	-93.5	-10.375	-10.375	False	False	morphology	determiner_noun_agreement	Write a natural, coherent English sentence.
617	9	Lucille arrived at that hard oasis.	Lucille arrived at those hard oasis.	-93.0	-93.5	-10.375	-10.375	True	False	morphology	determiner_noun_agreement	Write a natural, coherent English sentence.
618	9	All teachers see those yellow lice.	All teachers see that yellow lice.	-83.0	-83.0	-10.375	-10.375	False	False	morphology	determiner_noun_agreement	Write a natural, coherent English sentence.
619	9	Some photographs haven't looked like these small octopi.	Some photographs haven't looked like this small octopi.	-135.0	-135.0	-10.375	-10.375	False	False	morphology	determiner_noun_agreement	Write a natural, coherent English sentence.
620	9	Danielle brought those blue feet.	Danielle brought that blue feet.	-72.5	-72.5	-10.375	-10.375	False	False	morphology	determiner_noun_agreement	Write a natural, coherent English sentence.
621	9	Todd hadn't left those exposed men.	Todd hadn't left that exposed men.	-93.5	-93.5	-10.375	-10.375	False	False	morphology	determiner_noun_agreement	Write a natural, coherent English sentence.
622	9	Some doctors embarrasses those delighted alumni.	Some doctors embarrasses that delighted alumni.	-103.5	-103.5	-10.375	-10.375	False	False	morphology	determiner_noun_agreement	Write a natural, coherent English sentence.
623	9	The actresses forget that unemployed alumnus.	The actresses forget those unemployed alumnus.	-114.0	-114.0	-10.375	-10.375	False	False	morphology	determiner_noun_agreement	Write a natural, coherent English sentence.
624	9	A lot of socks alarm this unsure alumnus.	A lot of socks alarm these unsure alumnus.	-124.0	-124.0	-10.375	-10.375	False	False	morphology	determiner_noun_agreement	Write a natural, coherent English sentence.
625	9	The customers are thinking about that busy child.	The customers are thinking about those busy child.	-93.5	-93.5	-10.375	-10.375	False	False	morphology	determiner_noun_agreement	Write a natural, coherent English sentence.
626	9	Kristin wasn't kissing those small men.	Kristin wasn't kissing that small men.	-114.0	-114.0	-10.375	-10.375	False	False	morphology	determiner_noun_agreement	Write a natural, coherent English sentence.
627	9	Omar hasn't broken this broken foot.	Omar hasn't broken these broken foot.	-103.5	-103.5	-10.375	-10.375	False	False	morphology	determiner_noun_agreement	Write a natural, coherent English sentence.
628	9	The actress worked with this nice woman.	The actress worked with these nice woman.	-83.0	-83.0	-10.375	-10.375	False	False	morphology	determiner_noun_agreement	Write a natural, coherent English sentence.
629	9	Patients insult these happy people.	Patients insult this happy people.	-72.5	-72.5	-10.375	-10.375	False	False	morphology	determiner_noun_agreement	Write a natural, coherent English sentence.
630	9	Spain bought those orange lice.	Spain bought that orange lice.	-72.5	-72.5	-10.375	-10.375	False	False	morphology	determiner_noun_agreement	Write a natural, coherent English sentence.
631	9	Those waiters didn't kiss this unlucky child.	Those waiters didn't kiss these unlucky child.	-135.0	-135.0	-10.375	-10.375	False	False	morphology	determiner_noun_agreement	Write a natural, coherent English sentence.
632	9	Jennifer isn't touring these old oases.	Jennifer isn't touring this old oases.	-114.0	-114.0	-10.375	-10.375	False	False	morphology	determiner_noun_agreement	Write a natural, coherent English sentence.
633	9	Glaciers upset this small child.	Glaciers upset these small child.	-83.0	-83.0	-10.375	-10.375	False	False	morphology	determiner_noun_agreement	Write a natural, coherent English sentence.
634	9	John investigated these old men.	John investigated this old men.	-62.25	-62.25	-10.375	-10.375	False	False	morphology	determiner_noun_agreement	Write a natural, coherent English sentence.
635	9	Some doctors hated these yellow theses.	Some doctors hated this yellow theses.	-83.0	-83.0	-10.375	-10.375	False	False	morphology	determiner_noun_agreement	Write a natural, coherent English sentence.
636	9	Linda described that clever man.	Linda described those clever man.	-62.25	-62.25	-10.375	-10.375	False	False	morphology	determiner_noun_agreement	Write a natural, coherent English sentence.
637	9	Many drawings are looking like these excited women.	Many drawings are looking like this excited women.	-93.5	-93.5	-10.375	-10.375	False	False	morphology	determiner_noun_agreement	Write a natural, coherent English sentence.
638	9	Mitchell had concealed that small tooth.	Mitchell had concealed those small tooth.	-83.0	-83.0	-10.375	-10.375	False	False	morphology	determiner_noun_agreement	Write a natural, coherent English sentence.
639	9	Every dog had irritated this young child.	Every dog had irritated these young child.	-93.0	-93.5	-10.375	-10.375	True	False	morphology	determiner_noun_agreement	Write a natural, coherent English sentence.
640	9	Some doctors lift this exposed ox.	Some doctors lift these exposed ox.	-72.5	-72.5	-10.375	-10.375	False	False	morphology	determiner_noun_agreement	Write a natural, coherent English sentence.
641	9	Valerie was disgusting that happy woman.	Valerie was disgusting those happy woman.	-93.5	-93.5	-10.375	-10.375	False	False	morphology	determiner_noun_agreement	Write a natural, coherent English sentence.
642	9	Claire hugs those clever men.	Claire hugs that clever men.	-72.5	-72.5	-10.375	-10.375	False	False	morphology	determiner_noun_agreement	Write a natural, coherent English sentence.
643	9	All adults go to these white oases.	All adults go to this white oases.	-93.5	-93.5	-10.375	-10.375	False	False	morphology	determiner_noun_agreement	Write a natural, coherent English sentence.
644	9	Bill observed this nice child.	Bill observed these nice child.	-62.25	-62.25	-10.375	-10.375	False	False	morphology	determiner_noun_agreement	Write a natural, coherent English sentence.
645	9	Diana kissed these delighted alumni.	Diana kissed this delighted alumni.	-83.0	-83.0	-10.375	-10.375	False	False	morphology	determiner_noun_agreement	Write a natural, coherent English sentence.
646	9	Governments are describing those sick people.	Governments are describing that sick people.	-83.0	-83.0	-10.375	-10.375	False	False	morphology	determiner_noun_agreement	Write a natural, coherent English sentence.
647	9	The doctors cure that young woman.	The doctors cure those young woman.	-72.5	-72.5	-10.375	-10.375	False	False	morphology	determiner_noun_agreement	Write a natural, coherent English sentence.
648	9	Dancers did disagree with this ill child.	Dancers did disagree with these ill child.	-93.5	-93.5	-10.375	-10.375	False	False	morphology	determiner_noun_agreement	Write a natural, coherent English sentence.
649	9	Veronica couldn't embarrass these exposed men.	Veronica couldn't embarrass this exposed men.	-114.0	-114.0	-10.375	-10.375	False	False	morphology	determiner_noun_agreement	Write a natural, coherent English sentence.
650	9	The students cared for that delighted man.	The students cared for those delighted man.	-83.0	-83.0	-10.375	-10.375	False	False	morphology	determiner_noun_agreement	Write a natural, coherent English sentence.
651	9	Steve conceals these important men.	Steve conceals this important men.	-72.5	-72.5	-10.375	-10.375	False	False	morphology	determiner_noun_agreement	Write a natural, coherent English sentence.
652	9	These actresses will talk to these content men.	These actresses will talk to this content men.	-103.5	-103.5	-10.375	-10.375	False	False	morphology	determiner_noun_agreement	Write a natural, coherent English sentence.
653	9	That teenager wouldn't buy these rough oxen.	That teenager wouldn't buy this rough oxen.	-114.0	-114.0	-10.375	-10.375	False	False	morphology	determiner_noun_agreement	Write a natural, coherent English sentence.
654	9	Sheila wouldn't kiss that happy child.	Sheila wouldn't kiss those happy child.	-103.5	-103.5	-10.375	-10.375	False	False	morphology	determiner_noun_agreement	Write a natural, coherent English sentence.
655	9	Erin drove to these out in the open oases.	Erin drove to this out in the open oases.	-124.5	-124.5	-10.375	-10.375	False	False	morphology	determiner_noun_agreement	Write a natural, coherent English sentence.
656	9	Every hat has embarrassed those hopeful people.	Every hat has embarrassed that hopeful people.	-93.5	-93.5	-10.375	-10.375	False	False	morphology	determiner_noun_agreement	Write a natural, coherent English sentence.
657	9	Every man is fleeing from that exposed oasis.	Every man is fleeing from those exposed oasis.	-114.0	-114.0	-10.375	-10.375	False	False	morphology	determiner_noun_agreement	Write a natural, coherent English sentence.
658	9	Some adults visit this ill man.	Some adults visit these ill man.	-72.5	-72.5	-10.375	-10.375	False	False	morphology	determiner_noun_agreement	Write a natural, coherent English sentence.
659	9	Janet did lift that good thesis.	Janet did lift those good thesis.	-83.0	-83.0	-10.375	-10.375	False	False	morphology	determiner_noun_agreement	Write a natural, coherent English sentence.
660	9	Katherine was cleaning this orange tooth.	Katherine was cleaning these orange tooth.	-83.0	-83.0	-10.375	-10.375	False	False	morphology	determiner_noun_agreement	Write a natural, coherent English sentence.
661	9	A lot of tomatoes can't confuse these ill alumni.	A lot of tomatoes can't confuse this ill alumni.	-166.0	-166.0	-10.375	-10.375	False	False	morphology	determiner_noun_agreement	Write a natural, coherent English sentence.
662	9	Rose goes to those out in the open oases.	Rose goes to that out in the open oases.	-114.0	-114.0	-10.375	-10.375	False	False	morphology	determiner_noun_agreement	Write a natural, coherent English sentence.
663	9	These governments criticize those gray oases.	These governments criticize that gray oases.	-93.5	-93.5	-10.375	-10.375	False	False	morphology	determiner_noun_agreement	Write a natural, coherent English sentence.
664	9	Kevin forgot those delighted men.	Kevin forgot that delighted men.	-62.25	-62.25	-10.375	-10.375	False	False	morphology	determiner_noun_agreement	Write a natural, coherent English sentence.
665	9	Most companies describe that long analysis.	Most companies describe those long analysis.	-72.5	-72.5	-10.375	-10.375	False	False	morphology	determiner_noun_agreement	Write a natural, coherent English sentence.
666	9	Vincent was skated around this small oasis.	Vincent was skated around these small oasis.	-103.5	-104.0	-10.375	-10.375	True	False	morphology	determiner_noun_agreement	Write a natural, coherent English sentence.
667	9	Many guys arrive at these out in the open oases.	Many guys arrive at this out in the open oases.	-124.0	-124.5	-10.375	-10.375	True	False	morphology	determiner_noun_agreement	Write a natural, coherent English sentence.
668	9	Gregory hadn't revealed these lost fungi.	Gregory hadn't revealed this lost fungi.	-104.0	-104.0	-10.375	-10.375	False	False	morphology	determiner_noun_agreement	Write a natural, coherent English sentence.
669	9	The cake stuns this standing man.	The cake stuns these standing man.	-83.0	-83.0	-10.375	-10.375	False	False	morphology	determiner_noun_agreement	Write a natural, coherent English sentence.
670	9	Cheryl isn't irritating that clever man.	Cheryl isn't irritating those clever man.	-114.0	-114.0	-10.375	-10.375	False	False	morphology	determiner_noun_agreement	Write a natural, coherent English sentence.
671	9	Some cat bores those old children.	Some cat bores that old children.	-83.0	-83.0	-10.375	-10.375	False	False	morphology	determiner_noun_agreement	Write a natural, coherent English sentence.
672	9	The actress knows that delighted child.	The actress knows those delighted child.	-72.5	-72.5	-10.375	-10.375	False	False	morphology	determiner_noun_agreement	Write a natural, coherent English sentence.
673	9	That actress had driven to these hidden oases.	That actress had driven to this hidden oases.	-104.0	-103.5	-10.375	-10.375	False	False	morphology	determiner_noun_agreement	Write a natural, coherent English sentence.
674	9	The Lutherans arrive at this cheap oasis.	The Lutherans arrive at these cheap oasis.	-103.5	-103.5	-10.375	-10.375	False	False	morphology	determiner_noun_agreement	Write a natural, coherent English sentence.
675	9	Diane was kissing those lost women.	Diane was kissing that lost women.	-93.5	-93.5	-10.375	-10.375	False	False	morphology	determiner_noun_agreement	Write a natural, coherent English sentence.
676	9	Larry disturbs this employed woman.	Larry disturbs these employed woman.	-83.0	-83.0	-10.375	-10.375	False	False	morphology	determiner_noun_agreement	Write a natural, coherent English sentence.
677	9	Pies shock this upset woman.	Pies shock these upset woman.	-72.5	-72.5	-10.375	-10.375	False	False	morphology	determiner_noun_agreement	Write a natural, coherent English sentence.
678	9	Some waiters hug this content alumnus.	Some waiters hug these content alumnus.	-103.5	-103.5	-10.375	-10.375	False	False	morphology	determiner_noun_agreement	Write a natural, coherent English sentence.
679	9	Anna talked to those unsure men.	Anna talked to that unsure men.	-83.0	-83.0	-10.375	-10.375	False	False	morphology	determiner_noun_agreement	Write a natural, coherent English sentence.
680	9	This school bores this determined man.	This school bores these determined man.	-83.0	-83.0	-10.375	-10.375	False	False	morphology	determiner_noun_agreement	Write a natural, coherent English sentence.
681	9	Omar had thought about these unemployed men.	Omar had thought about this unemployed men.	-103.5	-103.5	-10.375	-10.375	False	False	morphology	determiner_noun_agreement	Write a natural, coherent English sentence.
682	9	Winston Churchill cleaned these big nuclei.	Winston Churchill cleaned this big nuclei.	-104.0	-104.0	-10.375	-10.375	False	False	morphology	determiner_noun_agreement	Write a natural, coherent English sentence.
683	9	These organizations aren't concealing that exposed child.	These organizations aren't concealing those exposed child.	-114.0	-114.0	-10.375	-10.375	False	False	morphology	determiner_noun_agreement	Write a natural, coherent English sentence.
684	9	Erin bought this concealed axis.	Erin bought these concealed axis.	-83.0	-83.0	-10.375	-10.375	False	False	morphology	determiner_noun_agreement	Write a natural, coherent English sentence.
685	9	Dan examines this long analysis.	Dan examines these long analysis.	-72.5	-72.5	-10.375	-10.375	False	False	morphology	determiner_noun_agreement	Write a natural, coherent English sentence.
686	9	These drivers concealed these gray oxen.	These drivers concealed this gray oxen.	-93.0	-93.0	-10.375	-10.375	False	False	morphology	determiner_noun_agreement	Write a natural, coherent English sentence.
687	9	All children impresses this happy man.	All children impresses these happy man.	-83.0	-83.0	-10.375	-10.375	False	False	morphology	determiner_noun_agreement	Write a natural, coherent English sentence.
688	9	People will conceal that concealed man.	People will conceal those concealed man.	-93.0	-93.0	-10.375	-10.375	False	False	morphology	determiner_noun_agreement	Write a natural, coherent English sentence.
689	9	Some patient returns to this old man.	Some patient returns to these old man.	-83.0	-83.0	-10.375	-10.375	False	False	morphology	determiner_noun_agreement	Write a natural, coherent English sentence.
690	9	Many actresses discovered those big oases.	Many actresses discovered that big oases.	-93.0	-93.0	-10.375	-10.375	False	False	morphology	determiner_noun_agreement	Write a natural, coherent English sentence.
691	9	The school talks about those young alumni.	The school talks about that young alumni.	-103.5	-103.5	-10.375	-10.375	False	False	morphology	determiner_noun_agreement	Write a natural, coherent English sentence.
692	9	Omar admired these blue fungi.	Omar admired this blue fungi.	-93.5	-93.5	-10.375	-10.375	False	False	morphology	determiner_noun_agreement	Write a natural, coherent English sentence.
693	9	Some school can't hate these good people.	Some school can't hate this good people.	-104.0	-104.0	-10.375	-10.375	False	False	morphology	determiner_noun_agreement	Write a natural, coherent English sentence.
694	9	A lot of eggplants wouldn't disturb that determined woman.	A lot of eggplants wouldn't disturb those determined woman.	-145.0	-145.0	-10.375	-10.375	False	False	morphology	determiner_noun_agreement	Write a natural, coherent English sentence.
695	9	That cake could annoy these uncertain men.	That cake could annoy this uncertain men.	-83.0	-83.0	-10.375	-10.375	False	False	morphology	determiner_noun_agreement	Write a natural, coherent English sentence.
696	9	Lamps are worrying these hopeful alumni.	Lamps are worrying this hopeful alumni.	-114.0	-114.0	-10.375	-10.375	False	False	morphology	determiner_noun_agreement	Write a natural, coherent English sentence.
697	9	A lot of eggplants bore these excited alumni.	A lot of eggplants bore this excited alumni.	-135.0	-135.0	-10.375	-10.375	False	False	morphology	determiner_noun_agreement	Write a natural, coherent English sentence.
698	9	A lot of teachers arrived at these old oases.	A lot of teachers arrived at this old oases.	-114.0	-114.0	-10.375	-10.375	False	False	morphology	determiner_noun_agreement	Write a natural, coherent English sentence.
699	9	Most sweaters hurt those happy people.	Most sweaters hurt that happy people.	-83.0	-83.0	-10.375	-10.375	False	False	morphology	determiner_noun_agreement	Write a natural, coherent English sentence.
700	9	Tara scans those good analyses.	Tara scans that good analyses.	-93.5	-93.5	-10.375	-10.375	False	False	morphology	determiner_noun_agreement	Write a natural, coherent English sentence.
701	9	The man doesn't reference this out in the open woman.	The man doesn't reference these out in the open woman.	-135.0	-135.0	-10.375	-10.375	False	False	morphology	determiner_noun_agreement	Write a natural, coherent English sentence.
702	9	This cashier is leaving this employed person.	This cashier is leaving these employed person.	-93.5	-93.5	-10.375	-10.375	False	False	morphology	determiner_noun_agreement	Write a natural, coherent English sentence.
703	9	Bananas bother these clever alumni.	Bananas bother this clever alumni.	-93.5	-93.5	-10.375	-10.375	False	False	morphology	determiner_noun_agreement	Write a natural, coherent English sentence.
704	9	Some convertibles had worried those fast men.	Some convertibles had worried that fast men.	-93.5	-93.5	-10.375	-10.375	False	False	morphology	determiner_noun_agreement	Write a natural, coherent English sentence.
705	9	Carl bored those nice women.	Carl bored that nice women.	-62.25	-62.25	-10.375	-10.375	False	False	morphology	determiner_noun_agreement	Write a natural, coherent English sentence.
706	9	These teachers explore these old oases.	These teachers explore this old oases.	-83.0	-83.0	-10.375	-10.375	False	False	morphology	determiner_noun_agreement	Write a natural, coherent English sentence.
707	9	Many waiters work with this scared child.	Many waiters work with these scared child.	-93.5	-93.5	-10.375	-10.375	False	False	morphology	determiner_noun_agreement	Write a natural, coherent English sentence.
708	9	Committees admire that smart child.	Committees admire those smart child.	-93.5	-93.5	-10.375	-10.375	False	False	morphology	determiner_noun_agreement	Write a natural, coherent English sentence.
709	9	Matt approaches this exposed child.	Matt approaches these exposed child.	-62.25	-62.25	-10.375	-10.375	False	False	morphology	determiner_noun_agreement	Write a natural, coherent English sentence.
710	9	Brian talks to this lucky man.	Brian talks to these lucky man.	-72.5	-72.5	-10.375	-10.375	False	False	morphology	determiner_noun_agreement	Write a natural, coherent English sentence.
711	9	A boy isn't talking about that red oasis.	A boy isn't talking about those red oasis.	-124.5	-124.5	-10.375	-10.375	False	False	morphology	determiner_noun_agreement	Write a natural, coherent English sentence.
712	9	Phillip bought those black feet.	Phillip bought that black feet.	-72.5	-72.5	-10.375	-10.375	False	False	morphology	determiner_noun_agreement	Write a natural, coherent English sentence.
713	9	Eric isn't buying those brown geese.	Eric isn't buying that brown geese.	-104.0	-104.0	-10.375	-10.375	False	False	morphology	determiner_noun_agreement	Write a natural, coherent English sentence.
714	9	Elaine remembers this delighted woman.	Elaine remembers these delighted woman.	-83.0	-83.0	-10.375	-10.375	False	False	morphology	determiner_noun_agreement	Write a natural, coherent English sentence.
715	9	This pedestrian arrives at that smooth oasis.	This pedestrian arrives at those smooth oasis.	-103.5	-103.5	-10.375	-10.375	False	False	morphology	determiner_noun_agreement	Write a natural, coherent English sentence.
716	9	Those men forget these smart men.	Those men forget this smart men.	-72.5	-72.5	-10.375	-10.375	False	False	morphology	determiner_noun_agreement	Write a natural, coherent English sentence.
717	9	Tara might alarm this unsure person.	Tara might alarm these unsure person.	-93.5	-93.5	-10.375	-10.375	False	False	morphology	determiner_noun_agreement	Write a natural, coherent English sentence.
718	9	Vanessa was healing those purple geese.	Vanessa was healing that purple geese.	-93.5	-93.5	-10.375	-10.375	False	False	morphology	determiner_noun_agreement	Write a natural, coherent English sentence.
719	9	Steven hasn't questioned those troubled people.	Steven hasn't questioned that troubled people.	-103.5	-103.5	-10.375	-10.375	False	False	morphology	determiner_noun_agreement	Write a natural, coherent English sentence.
720	9	Thomas hides this clever woman.	Thomas hides these clever woman.	-72.5	-72.5	-10.375	-10.375	False	False	morphology	determiner_noun_agreement	Write a natural, coherent English sentence.
721	9	Most eyes confuse these content alumni.	Most eyes confuse this content alumni.	-104.0	-104.0	-10.375	-10.375	False	False	morphology	determiner_noun_agreement	Write a natural, coherent English sentence.
722	9	That dog aggravates this busy child.	That dog aggravates these busy child.	-93.5	-93.5	-10.375	-10.375	False	False	morphology	determiner_noun_agreement	Write a natural, coherent English sentence.
723	9	Karen has attacked this popular child.	Karen has attacked these popular child.	-72.5	-72.5	-10.375	-10.375	False	False	morphology	determiner_noun_agreement	Write a natural, coherent English sentence.
724	9	Heidi might confuse those displeased men.	Heidi might confuse that displeased men.	-114.0	-114.0	-10.375	-10.375	False	False	morphology	determiner_noun_agreement	Write a natural, coherent English sentence.
725	9	Maria kisses this bad person.	Maria kisses these bad person.	-72.5	-72.5	-10.375	-10.375	False	False	morphology	determiner_noun_agreement	Write a natural, coherent English sentence.
726	9	Tanya passes this purple oasis.	Tanya passes these purple oasis.	-83.0	-83.0	-10.375	-10.375	False	False	morphology	determiner_noun_agreement	Write a natural, coherent English sentence.
727	9	Marla has respected those delighted alumni.	Marla has respected that delighted alumni.	-104.0	-104.0	-10.375	-10.375	False	False	morphology	determiner_noun_agreement	Write a natural, coherent English sentence.
728	9	Paula is investigating this employed alumnus.	Paula is investigating these employed alumnus.	-114.0	-114.0	-10.375	-10.375	False	False	morphology	determiner_noun_agreement	Write a natural, coherent English sentence.
729	9	Most chairs aren't disgusting those serious women.	Most chairs aren't disgusting that serious women.	-114.0	-114.0	-10.375	-10.375	False	False	morphology	determiner_noun_agreement	Write a natural, coherent English sentence.
730	9	Men hadn't run around this purple oasis.	Men hadn't run around these purple oasis.	-114.0	-114.0	-10.375	-10.375	False	False	morphology	determiner_noun_agreement	Write a natural, coherent English sentence.
731	9	Tina hadn't arrived at those green oases.	Tina hadn't arrived at that green oases.	-124.5	-124.5	-10.375	-10.375	False	False	morphology	determiner_noun_agreement	Write a natural, coherent English sentence.
732	9	Karla knew this busy alumnus.	Karla knew these busy alumnus.	-93.5	-93.5	-10.375	-10.375	False	False	morphology	determiner_noun_agreement	Write a natural, coherent English sentence.
733	9	The actors care for these exposed people.	The actors care for this exposed people.	-83.0	-83.0	-10.375	-10.375	False	False	morphology	determiner_noun_agreement	Write a natural, coherent English sentence.
734	9	Michelle might alarm this employed man.	Michelle might alarm these employed man.	-72.5	-72.5	-10.375	-10.375	False	False	morphology	determiner_noun_agreement	Write a natural, coherent English sentence.
735	9	Maria hasn't walked through these hard oases.	Maria hasn't walked through this hard oases.	-114.0	-114.0	-10.375	-10.375	False	False	morphology	determiner_noun_agreement	Write a natural, coherent English sentence.
736	9	That report might disagree with those delighted men.	That report might disagree with that delighted men.	-93.5	-93.5	-10.375	-10.375	False	False	morphology	determiner_noun_agreement	Write a natural, coherent English sentence.
737	9	Actresses discuss this popular person.	Actresses discuss these popular person.	-83.0	-83.0	-10.375	-10.375	False	False	morphology	determiner_noun_agreement	Write a natural, coherent English sentence.
738	9	Holly won't watch these unlucky men.	Holly won't watch this unlucky men.	-114.0	-114.0	-10.375	-10.375	False	False	morphology	determiner_noun_agreement	Write a natural, coherent English sentence.
739	9	Carl was driving to those blue oases.	Carl was driving to that blue oases.	-93.0	-93.0	-10.375	-10.375	False	False	morphology	determiner_noun_agreement	Write a natural, coherent English sentence.
740	9	Bill passes that rough oasis.	Bill passes those rough oasis.	-72.5	-72.5	-10.375	-10.375	False	False	morphology	determiner_noun_agreement	Write a natural, coherent English sentence.
741	9	All men praise this good thesis.	All men praise these good thesis.	-72.5	-72.5	-10.375	-10.375	False	False	morphology	determiner_noun_agreement	Write a natural, coherent English sentence.
742	9	Many doctors should escape from these hopeful women.	Many doctors should escape from this hopeful women.	-103.5	-103.5	-10.375	-10.375	False	False	morphology	determiner_noun_agreement	Write a natural, coherent English sentence.
743	9	Many girls find these nice men.	Many girls find this nice men.	-72.5	-72.5	-10.375	-10.375	False	False	morphology	determiner_noun_agreement	Write a natural, coherent English sentence.
744	9	Every museum helps those concealed children.	Every museum helps that concealed children.	-83.0	-83.0	-10.375	-10.375	False	False	morphology	determiner_noun_agreement	Write a natural, coherent English sentence.
745	9	Marla was distracting these determined people.	Marla was distracting this determined people.	-93.5	-93.5	-10.375	-10.375	False	False	morphology	determiner_noun_agreement	Write a natural, coherent English sentence.
746	9	Those computers might confuse this nice child.	Those computers might confuse these nice child.	-93.5	-93.5	-10.375	-10.375	False	False	morphology	determiner_noun_agreement	Write a natural, coherent English sentence.
747	9	Tanya hasn't loved that content woman.	Tanya hasn't loved those content woman.	-104.0	-104.0	-10.375	-10.375	False	False	morphology	determiner_noun_agreement	Write a natural, coherent English sentence.
748	9	Theresa won't conceal those lost lice.	Theresa won't conceal that lost lice.	-124.5	-124.5	-10.375	-10.375	False	False	morphology	determiner_noun_agreement	Write a natural, coherent English sentence.
749	9	The Borgias do cure these out in the open octopi.	The Borgias do cure this out in the open octopi.	-156.0	-156.0	-10.375	-10.375	False	False	morphology	determiner_noun_agreement	Write a natural, coherent English sentence.
750	9	Kenneth messed up those lost teeth.	Kenneth messed up that lost teeth.	-93.0	-93.0	-10.375	-10.375	False	False	morphology	determiner_noun_agreement	Write a natural, coherent English sentence.
751	9	Jodi doesn't alarm these unsure people.	Jodi doesn't alarm this unsure people.	-114.0	-114.0	-10.375	-10.375	False	False	morphology	determiner_noun_agreement	Write a natural, coherent English sentence.
752	9	This customer scans those good analyses.	This customer scans that good analyses.	-93.5	-93.5	-10.375	-10.375	False	False	morphology	determiner_noun_agreement	Write a natural, coherent English sentence.
753	9	Vincent can't watch this hopeful alumnus.	Vincent can't watch these hopeful alumnus.	-124.5	-124.5	-10.375	-10.375	False	False	morphology	determiner_noun_agreement	Write a natural, coherent English sentence.
754	9	Jodi talked to this unconvinced child.	Jodi talked to these unconvinced child.	-114.0	-114.0	-10.375	-10.375	False	False	morphology	determiner_noun_agreement	Write a natural, coherent English sentence.
755	9	Katherine exited these exposed oases.	Katherine exited this exposed oases.	-93.5	-93.5	-10.375	-10.375	False	False	morphology	determiner_noun_agreement	Write a natural, coherent English sentence.
756	9	Beverly hasn't brought these rough fungi.	Beverly hasn't brought this rough fungi.	-114.0	-114.0	-10.375	-10.375	False	False	morphology	determiner_noun_agreement	Write a natural, coherent English sentence.
757	9	That unicycle is boring those standing children.	That unicycle is boring that standing children.	-103.5	-103.5	-10.375	-10.375	False	False	morphology	determiner_noun_agreement	Write a natural, coherent English sentence.
758	9	That boy can't escape from those unsure children.	That boy can't escape from that unsure children.	-124.5	-124.5	-10.375	-10.375	False	False	morphology	determiner_noun_agreement	Write a natural, coherent English sentence.
759	9	An adult bought these black axes.	An adult bought this black axes.	-83.0	-83.0	-10.375	-10.375	False	False	morphology	determiner_noun_agreement	Write a natural, coherent English sentence.
760	9	Sara isn't kissing this nice woman.	Sara isn't kissing these nice woman.	-103.5	-103.5	-10.375	-10.375	False	False	morphology	determiner_noun_agreement	Write a natural, coherent English sentence.
761	9	Robert couldn't embarrass those scared people.	Robert couldn't embarrass that scared people.	-93.5	-93.5	-10.375	-10.375	False	False	morphology	determiner_noun_agreement	Write a natural, coherent English sentence.
762	9	Deborah had fled from that important woman.	Deborah had fled from those important woman.	-103.5	-103.5	-10.375	-10.375	False	False	morphology	determiner_noun_agreement	Write a natural, coherent English sentence.
763	9	Brenda discussed that serious woman.	Brenda discussed those serious woman.	-72.5	-72.5	-10.375	-10.375	False	False	morphology	determiner_noun_agreement	Write a natural, coherent English sentence.
764	9	Some women questioned that big woman.	Some women questioned those big woman.	-72.5	-72.5	-10.375	-10.375	False	False	morphology	determiner_noun_agreement	Write a natural, coherent English sentence.
765	9	Rodney didn't kiss those displeased women.	Rodney didn't kiss that displeased women.	-124.5	-124.5	-10.375	-10.375	False	False	morphology	determiner_noun_agreement	Write a natural, coherent English sentence.
766	9	Carrie can help those lost alumni.	Carrie can help that lost alumni.	-104.0	-104.0	-10.375	-10.375	False	False	morphology	determiner_noun_agreement	Write a natural, coherent English sentence.
767	9	Many guests approach this lucky man.	Many guests approach these lucky man.	-72.5	-72.5	-10.375	-10.375	False	False	morphology	determiner_noun_agreement	Write a natural, coherent English sentence.
768	9	Some student messes up that hard foot.	Some student messes up those hard foot.	-93.0	-93.0	-10.375	-10.375	False	False	morphology	determiner_noun_agreement	Write a natural, coherent English sentence.
769	9	Some men had skated around these hard oases.	Some men had skated around this hard oases.	-114.0	-114.0	-10.375	-10.375	False	False	morphology	determiner_noun_agreement	Write a natural, coherent English sentence.
770	9	Some light would annoy those happy alumni.	Some light would annoy that happy alumni.	-104.0	-104.0	-10.375	-10.375	False	False	morphology	determiner_noun_agreement	Write a natural, coherent English sentence.
771	9	Many casseroles shock these unconvinced men.	Many casseroles shock this unconvinced men.	-124.5	-124.5	-10.375	-10.375	False	False	morphology	determiner_noun_agreement	Write a natural, coherent English sentence.
772	9	Carl talks about those confident children.	Carl talks about that confident children.	-72.5	-72.5	-10.375	-10.375	False	False	morphology	determiner_noun_agreement	Write a natural, coherent English sentence.
773	9	Timothy was dropping by those new oases.	Timothy was dropping by that new oases.	-104.0	-104.0	-10.375	-10.375	False	False	morphology	determiner_noun_agreement	Write a natural, coherent English sentence.
774	9	Lori has approached these scared people.	Lori has approached this scared people.	-83.0	-83.0	-10.375	-10.375	False	False	morphology	determiner_noun_agreement	Write a natural, coherent English sentence.
775	9	Jodi wouldn't mess up those orange feet.	Jodi wouldn't mess up that orange feet.	-114.0	-114.0	-10.375	-10.375	False	False	morphology	determiner_noun_agreement	Write a natural, coherent English sentence.
776	9	This newspaper article will embarrass this determined child.	This newspaper article will embarrass these determined child.	-93.5	-93.5	-10.375	-10.375	False	False	morphology	determiner_noun_agreement	Write a natural, coherent English sentence.
777	9	A lot of guys conceal this long analysis.	A lot of guys conceal these long analysis.	-103.5	-103.5	-10.375	-10.375	False	False	morphology	determiner_noun_agreement	Write a natural, coherent English sentence.
778	9	Lawrence fired that serious woman.	Lawrence fired those serious woman.	-62.25	-62.25	-10.375	-10.375	False	False	morphology	determiner_noun_agreement	Write a natural, coherent English sentence.
779	9	This story didn't bore this serious man.	This story didn't bore these serious man.	-104.0	-104.0	-10.375	-10.375	False	False	morphology	determiner_noun_agreement	Write a natural, coherent English sentence.
780	9	Mary can't remember that clever person.	Mary can't remember those clever person.	-93.5	-93.5	-10.375	-10.375	False	False	morphology	determiner_noun_agreement	Write a natural, coherent English sentence.
781	9	Marie could listen to that big woman.	Marie could listen to those big woman.	-83.0	-83.0	-10.375	-10.375	False	False	morphology	determiner_noun_agreement	Write a natural, coherent English sentence.
782	9	Clyde had those exposed axes.	Clyde had that exposed axes.	-93.5	-93.5	-10.375	-10.375	False	False	morphology	determiner_noun_agreement	Write a natural, coherent English sentence.
783	9	Victoria has left these delighted men.	Victoria has left this delighted men.	-72.5	-72.5	-10.375	-10.375	False	False	morphology	determiner_noun_agreement	Write a natural, coherent English sentence.
784	9	The Impressionists disagree with those bad analyses.	The Impressionists disagree with that bad analyses.	-114.0	-114.0	-10.375	-10.375	False	False	morphology	determiner_noun_agreement	Write a natural, coherent English sentence.
785	9	Amy took that hidden fungus.	Amy took those hidden fungus.	-83.0	-83.0	-10.375	-10.375	False	False	morphology	determiner_noun_agreement	Write a natural, coherent English sentence.
786	9	Rose was fixing this hard foot.	Rose was fixing these hard foot.	-72.5	-72.5	-10.375	-10.375	False	False	morphology	determiner_noun_agreement	Write a natural, coherent English sentence.
787	9	Most dishes weren't astounding these scared men.	Most dishes weren't astounding this scared men.	-124.5	-124.5	-10.375	-10.375	False	False	morphology	determiner_noun_agreement	Write a natural, coherent English sentence.
788	9	The doctor sees those smooth cacti.	The doctor sees that smooth cacti.	-93.5	-93.5	-10.375	-10.375	False	False	morphology	determiner_noun_agreement	Write a natural, coherent English sentence.
789	9	Rodney hadn't cured these white octopi.	Rodney hadn't cured this white octopi.	-135.0	-135.0	-10.375	-10.375	False	False	morphology	determiner_noun_agreement	Write a natural, coherent English sentence.
790	9	This museum hadn't disgusted these troubled men.	This museum hadn't disgusted this troubled men.	-124.5	-124.5	-10.375	-10.375	False	False	morphology	determiner_noun_agreement	Write a natural, coherent English sentence.
791	9	Patrick complained about those scared men.	Patrick complained about that scared men.	-72.5	-72.5	-10.375	-10.375	False	False	morphology	determiner_noun_agreement	Write a natural, coherent English sentence.
792	9	Jacqueline should stun these determined alumni.	Jacqueline should stun this determined alumni.	-124.5	-124.5	-10.375	-10.375	False	False	morphology	determiner_noun_agreement	Write a natural, coherent English sentence.
793	9	All apples worry this serious man.	All apples worry these serious man.	-83.0	-83.0	-10.375	-10.375	False	False	morphology	determiner_noun_agreement	Write a natural, coherent English sentence.
794	9	The drawing isn't scaring that old child.	The drawing isn't scaring those old child.	-114.0	-114.0	-10.375	-10.375	False	False	morphology	determiner_noun_agreement	Write a natural, coherent English sentence.
795	9	Veronica questioned this uncertain woman.	Veronica questioned these uncertain woman.	-83.0	-83.0	-10.375	-10.375	False	False	morphology	determiner_noun_agreement	Write a natural, coherent English sentence.
796	9	Vanessa hadn't known this determined alumnus.	Vanessa hadn't known these determined alumnus.	-124.5	-124.5	-10.375	-10.375	False	False	morphology	determiner_noun_agreement	Write a natural, coherent English sentence.
797	9	Cynthia hadn't kissed this unemployed man.	Cynthia hadn't kissed these unemployed man.	-135.0	-135.0	-10.375	-10.375	False	False	morphology	determiner_noun_agreement	Write a natural, coherent English sentence.
798	9	These companies irritate that exposed woman.	These companies irritate those exposed woman.	-83.0	-83.0	-10.375	-10.375	False	False	morphology	determiner_noun_agreement	Write a natural, coherent English sentence.
799	9	This dancer wasn't biking to this orange oasis.	This dancer wasn't biking to these orange oasis.	-145.0	-145.0	-10.375	-10.375	False	False	morphology	determiner_noun_agreement	Write a natural, coherent English sentence.
800	9	Those legislatures could disturb this upset alumnus.	Those legislatures could disturb these upset alumnus.	-114.0	-114.0	-10.375	-10.375	False	False	morphology	determiner_noun_agreement	Write a natural, coherent English sentence.
801	9	Some adult hasn't hidden these ill men.	Some adult hasn't hidden this ill men.	-103.5	-103.5	-10.375	-10.375	False	False	morphology	determiner_noun_agreement	Write a natural, coherent English sentence.
802	9	A cashier should insult these hidden children.	A cashier should insult this hidden children.	-93.5	-93.5	-10.375	-10.375	False	False	morphology	determiner_noun_agreement	Write a natural, coherent English sentence.
803	9	Danielle could annoy that confident man.	Danielle could annoy those confident man.	-83.0	-83.0	-10.375	-10.375	False	False	morphology	determiner_noun_agreement	Write a natural, coherent English sentence.
804	9	These teachers lift this exposed goose.	These teachers lift these exposed goose.	-83.0	-83.0	-10.375	-10.375	False	False	morphology	determiner_noun_agreement	Write a natural, coherent English sentence.
805	9	Christina drove to that exposed oasis.	Christina drove to those exposed oasis.	-93.0	-93.5	-10.375	-10.375	True	False	morphology	determiner_noun_agreement	Write a natural, coherent English sentence.
806	9	Jesus hadn't sounded like these hidden people.	Jesus hadn't sounded like this hidden people.	-103.5	-103.5	-10.375	-10.375	False	False	morphology	determiner_noun_agreement	Write a natural, coherent English sentence.
807	9	Many mushrooms irritate that upset man.	Many mushrooms irritate those upset man.	-93.5	-93.5	-10.375	-10.375	False	False	morphology	determiner_noun_agreement	Write a natural, coherent English sentence.
808	9	Some committee bought those white lice.	Some committee bought that white lice.	-83.0	-83.0	-10.375	-10.375	False	False	morphology	determiner_noun_agreement	Write a natural, coherent English sentence.
809	9	Daniel hasn't known this determined man.	Daniel hasn't known these determined man.	-93.5	-93.5	-10.375	-10.375	False	False	morphology	determiner_noun_agreement	Write a natural, coherent English sentence.
810	9	Art hadn't scared these serious alumni.	Art hadn't scared this serious alumni.	-114.0	-114.0	-10.375	-10.375	False	False	morphology	determiner_noun_agreement	Write a natural, coherent English sentence.
811	9	Alice fires this unconvinced child.	Alice fires these unconvinced child.	-93.5	-93.5	-10.375	-10.375	False	False	morphology	determiner_noun_agreement	Write a natural, coherent English sentence.
812	9	Melanie hid that exposed tooth.	Melanie hid those exposed tooth.	-72.5	-72.5	-10.375	-10.375	False	False	morphology	determiner_noun_agreement	Write a natural, coherent English sentence.
813	9	Most hamsters find that red tooth.	Most hamsters find those red tooth.	-83.0	-83.0	-10.375	-10.375	False	False	morphology	determiner_noun_agreement	Write a natural, coherent English sentence.
814	9	Those children explore those small oases.	Those children explore that small oases.	-83.0	-83.0	-10.375	-10.375	False	False	morphology	determiner_noun_agreement	Write a natural, coherent English sentence.
815	9	Most museums listen to this troubled man.	Most museums listen to these troubled man.	-103.5	-103.5	-10.375	-10.375	False	False	morphology	determiner_noun_agreement	Write a natural, coherent English sentence.
816	9	Patrick embarrassed this unemployed person.	Patrick embarrassed these unemployed person.	-72.5	-72.5	-10.375	-10.375	False	False	morphology	determiner_noun_agreement	Write a natural, coherent English sentence.
817	9	A lot of icicles had alarmed that hidden woman.	A lot of icicles had alarmed those hidden woman.	-124.5	-124.5	-10.375	-10.375	False	False	morphology	determiner_noun_agreement	Write a natural, coherent English sentence.
818	9	Matt hadn't impressed this exposed child.	Matt hadn't impressed these exposed child.	-93.5	-93.5	-10.375	-10.375	False	False	morphology	determiner_noun_agreement	Write a natural, coherent English sentence.
819	9	Eric might see those new feet.	Eric might see that new feet.	-72.5	-72.5	-10.375	-10.375	False	False	morphology	determiner_noun_agreement	Write a natural, coherent English sentence.
820	9	Some turtle can confuse this old alumnus.	Some turtle can confuse these old alumnus.	-135.0	-135.0	-10.375	-10.375	False	False	morphology	determiner_noun_agreement	Write a natural, coherent English sentence.
821	9	Most guests explore these smooth oases.	Most guests explore this smooth oases.	-83.0	-83.0	-10.375	-10.375	False	False	morphology	determiner_noun_agreement	Write a natural, coherent English sentence.
822	9	Brian has praised that happy alumnus.	Brian has praised those happy alumnus.	-93.5	-93.5	-10.375	-10.375	False	False	morphology	determiner_noun_agreement	Write a natural, coherent English sentence.
823	9	Karen sees these ill lice.	Karen sees this ill lice.	-72.5	-72.5	-10.375	-10.375	False	False	morphology	determiner_noun_agreement	Write a natural, coherent English sentence.
824	9	Alicia doesn't observe this confident alumnus.	Alicia doesn't observe these confident alumnus.	-135.0	-135.0	-10.375	-10.375	False	False	morphology	determiner_noun_agreement	Write a natural, coherent English sentence.
825	9	That horse does find this lost octopus.	That horse does find these lost octopus.	-103.5	-103.5	-10.375	-10.375	False	False	morphology	determiner_noun_agreement	Write a natural, coherent English sentence.
826	9	Those customers haven't annoyed those delighted children.	Those customers haven't annoyed that delighted children.	-114.0	-114.0	-10.375	-10.375	False	False	morphology	determiner_noun_agreement	Write a natural, coherent English sentence.
827	9	The Great Lakes confused these hidden women.	The Great Lakes confused this hidden women.	-93.5	-93.5	-10.375	-10.375	False	False	morphology	determiner_noun_agreement	Write a natural, coherent English sentence.
828	9	Russell watches these unsure women.	Russell watches this unsure women.	-72.5	-72.5	-10.375	-10.375	False	False	morphology	determiner_noun_agreement	Write a natural, coherent English sentence.
829	9	Jacqueline has concealed these long synopses.	Jacqueline has concealed this long synopses.	-124.5	-124.5	-10.375	-10.375	False	False	morphology	determiner_noun_agreement	Write a natural, coherent English sentence.
830	9	Carrie isn't hiring this small woman.	Carrie isn't hiring these small woman.	-104.0	-104.0	-10.375	-10.375	False	False	morphology	determiner_noun_agreement	Write a natural, coherent English sentence.
831	9	Charles doesn't admire these big mice.	Charles doesn't admire this big mice.	-114.0	-114.0	-10.375	-10.375	False	False	morphology	determiner_noun_agreement	Write a natural, coherent English sentence.
832	9	The Impressionists might think about that white thesis.	The Impressionists might think about those white thesis.	-114.0	-114.0	-10.375	-10.375	False	False	morphology	determiner_noun_agreement	Write a natural, coherent English sentence.
833	9	Most men question those bad people.	Most men question that bad people.	-72.5	-72.5	-10.375	-10.375	False	False	morphology	determiner_noun_agreement	Write a natural, coherent English sentence.
834	9	Lissa hasn't left this upset woman.	Lissa hasn't left these upset woman.	-104.0	-104.0	-10.375	-10.375	False	False	morphology	determiner_noun_agreement	Write a natural, coherent English sentence.
835	9	Janice won't fire that determined child.	Janice won't fire those determined child.	-103.5	-103.5	-10.375	-10.375	False	False	morphology	determiner_noun_agreement	Write a natural, coherent English sentence.
836	9	This company criticized this lucky man.	This company criticized these lucky man.	-83.0	-83.0	-10.375	-10.375	False	False	morphology	determiner_noun_agreement	Write a natural, coherent English sentence.
837	9	The banks hurt that excited woman.	The banks hurt those excited woman.	-72.5	-72.5	-10.375	-10.375	False	False	morphology	determiner_noun_agreement	Write a natural, coherent English sentence.
838	9	Peter wasn't walking through those red oases.	Peter wasn't walking through that red oases.	-114.0	-114.0	-10.375	-10.375	False	False	morphology	determiner_noun_agreement	Write a natural, coherent English sentence.
839	9	Rebecca wasn't referencing this long synopsis.	Rebecca wasn't referencing these long synopsis.	-114.0	-114.0	-10.375	-10.375	False	False	morphology	determiner_noun_agreement	Write a natural, coherent English sentence.
840	9	Naomi notices this smooth octopus.	Naomi notices these smooth octopus.	-103.5	-103.5	-10.375	-10.375	False	False	morphology	determiner_noun_agreement	Write a natural, coherent English sentence.
841	9	Patrick conceals this hard stimulus.	Patrick conceals these hard stimulus.	-83.0	-83.0	-10.375	-10.375	False	False	morphology	determiner_noun_agreement	Write a natural, coherent English sentence.
842	9	Candice shouldn't bring those smooth feet.	Candice shouldn't bring that smooth feet.	-104.0	-103.5	-10.375	-10.375	False	False	morphology	determiner_noun_agreement	Write a natural, coherent English sentence.
843	9	All books sound like those content women.	All books sound like that content women.	-83.0	-83.0	-10.375	-10.375	False	False	morphology	determiner_noun_agreement	Write a natural, coherent English sentence.
844	9	Bethany hasn't arrived at this white oasis.	Bethany hasn't arrived at these white oasis.	-124.5	-124.5	-10.375	-10.375	False	False	morphology	determiner_noun_agreement	Write a natural, coherent English sentence.
845	9	Steve reveals these unemployed alumni.	Steve reveals this unemployed alumni.	-93.5	-93.5	-10.375	-10.375	False	False	morphology	determiner_noun_agreement	Write a natural, coherent English sentence.
846	9	Sonia was upsetting that ill woman.	Sonia was upsetting those ill woman.	-93.0	-93.0	-10.375	-10.375	False	False	morphology	determiner_noun_agreement	Write a natural, coherent English sentence.
847	9	Keith wasn't boring these delighted men.	Keith wasn't boring this delighted men.	-93.5	-93.5	-10.375	-10.375	False	False	morphology	determiner_noun_agreement	Write a natural, coherent English sentence.
848	9	The Borgias admire these hard mice.	The Borgias admire this hard mice.	-114.0	-114.0	-10.375	-10.375	False	False	morphology	determiner_noun_agreement	Write a natural, coherent English sentence.
849	9	These drivers had forgotten this good analysis.	These drivers had forgotten these good analysis.	-83.0	-83.0	-10.375	-10.375	False	False	morphology	determiner_noun_agreement	Write a natural, coherent English sentence.
850	9	Helen skates around this blue oasis.	Helen skates around these blue oasis.	-93.0	-93.0	-10.375	-10.375	False	False	morphology	determiner_noun_agreement	Write a natural, coherent English sentence.
851	9	Galileo found that smooth stimulus.	Galileo found those smooth stimulus.	-93.0	-93.0	-10.375	-10.375	False	False	morphology	determiner_noun_agreement	Write a natural, coherent English sentence.
852	9	Kimberley isn't curing these small octopi.	Kimberley isn't curing this small octopi.	-145.0	-145.0	-10.375	-10.375	False	False	morphology	determiner_noun_agreement	Write a natural, coherent English sentence.
853	9	Debra didn't conceal these popular men.	Debra didn't conceal this popular men.	-114.0	-114.0	-10.375	-10.375	False	False	morphology	determiner_noun_agreement	Write a natural, coherent English sentence.
854	9	A lot of doctors hug these scared children.	A lot of doctors hug this scared children.	-93.0	-93.0	-10.375	-10.375	False	False	morphology	determiner_noun_agreement	Write a natural, coherent English sentence.
855	9	Those pedestrians weren't fleeing from these concealed men.	Those pedestrians weren't fleeing from this concealed men.	-156.0	-156.0	-10.375	-10.375	False	False	morphology	determiner_noun_agreement	Write a natural, coherent English sentence.
856	9	Those children find that exposed thesis.	Those children find those exposed thesis.	-72.5	-72.5	-10.375	-10.375	False	False	morphology	determiner_noun_agreement	Write a natural, coherent English sentence.
857	9	Debra admires these blue octopi.	Debra admires this blue octopi.	-103.5	-103.5	-10.375	-10.375	False	False	morphology	determiner_noun_agreement	Write a natural, coherent English sentence.
858	9	Bruce wasn't approaching that clever alumnus.	Bruce wasn't approaching those clever alumnus.	-114.0	-114.0	-10.375	-10.375	False	False	morphology	determiner_noun_agreement	Write a natural, coherent English sentence.
859	9	Lawrence isn't questioning that nice woman.	Lawrence isn't questioning those nice woman.	-93.5	-93.5	-10.375	-10.375	False	False	morphology	determiner_noun_agreement	Write a natural, coherent English sentence.
860	9	Some waitresses have this big octopus.	Some waitresses have these big octopus.	-114.0	-114.0	-10.375	-10.375	False	False	morphology	determiner_noun_agreement	Write a natural, coherent English sentence.
861	9	Carolyn had embarrassed that busy alumnus.	Carolyn had embarrassed those busy alumnus.	-103.5	-104.0	-10.375	-10.375	True	False	morphology	determiner_noun_agreement	Write a natural, coherent English sentence.
862	9	Jeffrey aggravated that smart man.	Jeffrey aggravated those smart man.	-93.0	-93.0	-10.375	-10.375	False	False	morphology	determiner_noun_agreement	Write a natural, coherent English sentence.
863	9	Guy messed up this yellow foot.	Guy messed up these yellow foot.	-83.0	-83.0	-10.375	-10.375	False	False	morphology	determiner_noun_agreement	Write a natural, coherent English sentence.
864	9	Every book is embarrassing this small woman.	Every book is embarrassing these small woman.	-93.5	-93.5	-10.375	-10.375	False	False	morphology	determiner_noun_agreement	Write a natural, coherent English sentence.
865	9	These associations were talking about these scared women.	These associations were talking about this scared women.	-93.5	-93.5	-10.375	-10.375	False	False	morphology	determiner_noun_agreement	Write a natural, coherent English sentence.
866	9	Todd disturbs this upset child.	Todd disturbs these upset child.	-83.0	-83.0	-10.375	-10.375	False	False	morphology	determiner_noun_agreement	Write a natural, coherent English sentence.
867	9	That window alarms these exposed women.	That window alarms this exposed women.	-83.0	-83.0	-10.375	-10.375	False	False	morphology	determiner_noun_agreement	Write a natural, coherent English sentence.
868	9	A window upsets these upset men.	A window upsets this upset men.	-83.0	-83.0	-10.375	-10.375	False	False	morphology	determiner_noun_agreement	Write a natural, coherent English sentence.
869	9	Monet is fixing that brown foot.	Monet is fixing those brown foot.	-83.0	-83.0	-10.375	-10.375	False	False	morphology	determiner_noun_agreement	Write a natural, coherent English sentence.
870	9	Adam left these big alumni.	Adam left this big alumni.	-83.0	-83.0	-10.375	-10.375	False	False	morphology	determiner_noun_agreement	Write a natural, coherent English sentence.
871	9	Stacy can exit that big oasis.	Stacy can exit those big oasis.	-93.5	-93.5	-10.375	-10.375	False	False	morphology	determiner_noun_agreement	Write a natural, coherent English sentence.
872	9	Roger was returning to those happy alumni.	Roger was returning to that happy alumni.	-104.0	-104.0	-10.375	-10.375	False	False	morphology	determiner_noun_agreement	Write a natural, coherent English sentence.
873	9	Dana isn't investigating this ill woman.	Dana isn't investigating these ill woman.	-114.0	-114.0	-10.375	-10.375	False	False	morphology	determiner_noun_agreement	Write a natural, coherent English sentence.
874	9	Tammy has those yellow axes.	Tammy has that yellow axes.	-83.0	-83.0	-10.375	-10.375	False	False	morphology	determiner_noun_agreement	Write a natural, coherent English sentence.
875	9	Marla leaves those employed children.	Marla leaves that employed children.	-72.5	-72.5	-10.375	-10.375	False	False	morphology	determiner_noun_agreement	Write a natural, coherent English sentence.
876	9	Sarah referenced that ill child.	Sarah referenced those ill child.	-72.5	-72.5	-10.375	-10.375	False	False	morphology	determiner_noun_agreement	Write a natural, coherent English sentence.
877	9	Edward complained about this serious child.	Edward complained about these serious child.	-72.5	-72.5	-10.375	-10.375	False	False	morphology	determiner_noun_agreement	Write a natural, coherent English sentence.
878	9	Carolyn healed those bad women.	Carolyn healed that bad women.	-83.0	-83.0	-10.375	-10.375	False	False	morphology	determiner_noun_agreement	Write a natural, coherent English sentence.
879	9	The waitresses fired those upset alumni.	The waitresses fired that upset alumni.	-114.0	-114.0	-10.375	-10.375	False	False	morphology	determiner_noun_agreement	Write a natural, coherent English sentence.
880	9	Every driver dropped by that old oasis.	Every driver dropped by those old oasis.	-93.5	-93.5	-10.375	-10.375	False	False	morphology	determiner_noun_agreement	Write a natural, coherent English sentence.
881	9	William hadn't hugged these hopeful alumni.	William hadn't hugged this hopeful alumni.	-135.0	-135.0	-10.375	-10.375	False	False	morphology	determiner_noun_agreement	Write a natural, coherent English sentence.
882	9	The Lutherans had messed up those lost feet.	The Lutherans had messed up that lost feet.	-114.0	-114.0	-10.375	-10.375	False	False	morphology	determiner_noun_agreement	Write a natural, coherent English sentence.
883	9	Florence hasn't confused those standing men.	Florence hasn't confused that standing men.	-93.5	-93.5	-10.375	-10.375	False	False	morphology	determiner_noun_agreement	Write a natural, coherent English sentence.
884	9	Some convertible upset this upset woman.	Some convertible upset these upset woman.	-83.0	-83.0	-10.375	-10.375	False	False	morphology	determiner_noun_agreement	Write a natural, coherent English sentence.
885	9	Rebecca saw this hidden foot.	Rebecca saw these hidden foot.	-62.25	-62.25	-10.375	-10.375	False	False	morphology	determiner_noun_agreement	Write a natural, coherent English sentence.
886	9	Derek returned to these content men.	Derek returned to this content men.	-83.0	-83.0	-10.375	-10.375	False	False	morphology	determiner_noun_agreement	Write a natural, coherent English sentence.
887	9	Those teachers love those hidden women.	Those teachers love that hidden women.	-72.5	-72.5	-10.375	-10.375	False	False	morphology	determiner_noun_agreement	Write a natural, coherent English sentence.
888	9	Jennifer worried those ill men.	Jennifer worried that ill men.	-62.25	-62.25	-10.375	-10.375	False	False	morphology	determiner_noun_agreement	Write a natural, coherent English sentence.
889	9	A chair was stunning this big man.	A chair was stunning these big man.	-83.0	-83.0	-10.375	-10.375	False	False	morphology	determiner_noun_agreement	Write a natural, coherent English sentence.
890	9	Paintings looked like that gray thesis.	Paintings looked like those gray thesis.	-93.0	-93.0	-10.375	-10.375	False	False	morphology	determiner_noun_agreement	Write a natural, coherent English sentence.
891	9	Karla toured this rough oasis.	Karla toured these rough oasis.	-93.5	-93.5	-10.375	-10.375	False	False	morphology	determiner_noun_agreement	Write a natural, coherent English sentence.
892	9	Walter couldn't boycott those hidden oases.	Walter couldn't boycott that hidden oases.	-114.0	-114.0	-10.375	-10.375	False	False	morphology	determiner_noun_agreement	Write a natural, coherent English sentence.
893	9	Donald has worried this smart man.	Donald has worried these smart man.	-72.5	-72.5	-10.375	-10.375	False	False	morphology	determiner_noun_agreement	Write a natural, coherent English sentence.
894	9	Catherine has boycotted those gray oases.	Catherine has boycotted that gray oases.	-104.0	-104.0	-10.375	-10.375	False	False	morphology	determiner_noun_agreement	Write a natural, coherent English sentence.
895	9	Nicole toured those yellow oases.	Nicole toured that yellow oases.	-83.0	-83.0	-10.375	-10.375	False	False	morphology	determiner_noun_agreement	Write a natural, coherent English sentence.
896	9	Barbara praises that young woman.	Barbara praises those young woman.	-72.5	-72.5	-10.375	-10.375	False	False	morphology	determiner_noun_agreement	Write a natural, coherent English sentence.
897	9	The apple aggravates those hopeful children.	The apple aggravates that hopeful children.	-103.5	-103.5	-10.375	-10.375	False	False	morphology	determiner_noun_agreement	Write a natural, coherent English sentence.
898	9	All photographs could look like this big fungus.	All photographs could look like these big fungus.	-114.0	-114.0	-10.375	-10.375	False	False	morphology	determiner_noun_agreement	Write a natural, coherent English sentence.
899	9	Guys should talk about that good synopsis.	Guys should talk about those good synopsis.	-103.5	-103.5	-10.375	-10.375	False	False	morphology	determiner_noun_agreement	Write a natural, coherent English sentence.
900	9	Tracy discovered this concealed alumnus.	Tracy discovered these concealed alumnus.	-103.5	-103.5	-10.375	-10.375	False	False	morphology	determiner_noun_agreement	Write a natural, coherent English sentence.
901	9	All actresses are helping this troubled man.	All actresses are helping these troubled man.	-103.5	-103.5	-10.375	-10.375	False	False	morphology	determiner_noun_agreement	Write a natural, coherent English sentence.
902	9	Douglas isn't revealing this dirty foot.	Douglas isn't revealing these dirty foot.	-93.5	-93.5	-10.375	-10.375	False	False	morphology	determiner_noun_agreement	Write a natural, coherent English sentence.
903	9	Most senators confuse that standing child.	Most senators confuse those standing child.	-93.5	-93.5	-10.375	-10.375	False	False	morphology	determiner_noun_agreement	Write a natural, coherent English sentence.
904	9	Those doctors embarrass that upset woman.	Those doctors embarrass those upset woman.	-72.5	-72.5	-10.375	-10.375	False	False	morphology	determiner_noun_agreement	Write a natural, coherent English sentence.
905	9	A lot of customers were healing those sick men.	A lot of customers were healing that sick men.	-103.5	-103.5	-10.375	-10.375	False	False	morphology	determiner_noun_agreement	Write a natural, coherent English sentence.
906	9	Sabrina does conceal these old alumni.	Sabrina does conceal this old alumni.	-124.5	-124.5	-10.375	-10.375	False	False	morphology	determiner_noun_agreement	Write a natural, coherent English sentence.
907	9	Many girls can't observe those young alumni.	Many girls can't observe that young alumni.	-124.5	-124.5	-10.375	-10.375	False	False	morphology	determiner_noun_agreement	Write a natural, coherent English sentence.
908	9	The actresses hire that lucky man.	The actresses hire those lucky man.	-83.0	-83.0	-10.375	-10.375	False	False	morphology	determiner_noun_agreement	Write a natural, coherent English sentence.
909	9	Andrea is firing that scared child.	Andrea is firing those scared child.	-72.5	-72.5	-10.375	-10.375	False	False	morphology	determiner_noun_agreement	Write a natural, coherent English sentence.
910	9	That dancer scanned that bad synopsis.	That dancer scanned those bad synopsis.	-104.0	-103.5	-10.375	-10.375	False	False	morphology	determiner_noun_agreement	Write a natural, coherent English sentence.
911	9	Daniel breaks these dirty teeth.	Daniel breaks this dirty teeth.	-62.25	-62.25	-10.375	-10.375	False	False	morphology	determiner_noun_agreement	Write a natural, coherent English sentence.
912	9	Students had messed up those purple teeth.	Students had messed up that purple teeth.	-93.0	-93.0	-10.375	-10.375	False	False	morphology	determiner_noun_agreement	Write a natural, coherent English sentence.
913	9	Becky boycotted those old oases.	Becky boycotted that old oases.	-103.5	-103.5	-10.375	-10.375	False	False	morphology	determiner_noun_agreement	Write a natural, coherent English sentence.
914	9	Florence talks to those good women.	Florence talks to that good women.	-72.5	-72.5	-10.375	-10.375	False	False	morphology	determiner_noun_agreement	Write a natural, coherent English sentence.
915	9	Carmen won't break this big foot.	Carmen won't break these big foot.	-104.0	-104.0	-10.375	-10.375	False	False	morphology	determiner_noun_agreement	Write a natural, coherent English sentence.
916	9	Stephen fired those employed men.	Stephen fired that employed men.	-62.25	-62.25	-10.375	-10.375	False	False	morphology	determiner_noun_agreement	Write a natural, coherent English sentence.
917	9	Many governments confuse this sick woman.	Many governments confuse these sick woman.	-83.0	-83.0	-10.375	-10.375	False	False	morphology	determiner_noun_agreement	Write a natural, coherent English sentence.
918	9	Heidi healed this troubled child.	Heidi healed these troubled child.	-93.0	-93.0	-10.375	-10.375	False	False	morphology	determiner_noun_agreement	Write a natural, coherent English sentence.
919	9	Daniel questions these employed alumni.	Daniel questions this employed alumni.	-83.0	-83.0	-10.375	-10.375	False	False	morphology	determiner_noun_agreement	Write a natural, coherent English sentence.
920	9	People admire these yellow oxen.	People admire this yellow oxen.	-83.0	-83.0	-10.375	-10.375	False	False	morphology	determiner_noun_agreement	Write a natural, coherent English sentence.
921	9	Those adults embarrasses this displeased woman.	Those adults embarrasses these displeased woman.	-103.5	-103.5	-10.375	-10.375	False	False	morphology	determiner_noun_agreement	Write a natural, coherent English sentence.
922	9	Winston Churchill notices these big nuclei.	Winston Churchill notices this big nuclei.	-114.0	-114.0	-10.375	-10.375	False	False	morphology	determiner_noun_agreement	Write a natural, coherent English sentence.
923	9	All women hide those concealed nuclei.	All women hide that concealed nuclei.	-93.5	-93.5	-10.375	-10.375	False	False	morphology	determiner_noun_agreement	Write a natural, coherent English sentence.
924	9	Charles was escaping from those lucky men.	Charles was escaping from that lucky men.	-93.5	-93.5	-10.375	-10.375	False	False	morphology	determiner_noun_agreement	Write a natural, coherent English sentence.
925	9	Paul doesn't insult this happy woman.	Paul doesn't insult these happy woman.	-93.5	-93.5	-10.375	-10.375	False	False	morphology	determiner_noun_agreement	Write a natural, coherent English sentence.
926	9	Galileo isn't scanning this brown thesis.	Galileo isn't scanning these brown thesis.	-124.5	-124.5	-10.375	-10.375	False	False	morphology	determiner_noun_agreement	Write a natural, coherent English sentence.
927	9	The newspaper article doesn't annoy that exposed man.	The newspaper article doesn't annoy those exposed man.	-114.0	-114.0	-10.375	-10.375	False	False	morphology	determiner_noun_agreement	Write a natural, coherent English sentence.
928	9	Carmen noticed these gray cacti.	Carmen noticed this gray cacti.	-93.5	-93.5	-10.375	-10.375	False	False	morphology	determiner_noun_agreement	Write a natural, coherent English sentence.
929	9	Teresa approaches this upset man.	Teresa approaches these upset man.	-72.5	-72.5	-10.375	-10.375	False	False	morphology	determiner_noun_agreement	Write a natural, coherent English sentence.
930	9	April was revealing this hidden woman.	April was revealing these hidden woman.	-72.5	-72.5	-10.375	-10.375	False	False	morphology	determiner_noun_agreement	Write a natural, coherent English sentence.
931	9	Michael has loved these scared men.	Michael has loved this scared men.	-72.5	-72.5	-10.375	-10.375	False	False	morphology	determiner_noun_agreement	Write a natural, coherent English sentence.
932	9	Joseph hadn't bought those hard lice.	Joseph hadn't bought that hard lice.	-104.0	-104.0	-10.375	-10.375	False	False	morphology	determiner_noun_agreement	Write a natural, coherent English sentence.
933	9	Larry did drive to this out in the open oasis.	Larry did drive to these out in the open oasis.	-124.5	-124.5	-10.375	-10.375	False	False	morphology	determiner_noun_agreement	Write a natural, coherent English sentence.
934	9	Lisa hasn't driven to that new oasis.	Lisa hasn't driven to those new oasis.	-114.0	-114.0	-10.375	-10.375	False	False	morphology	determiner_noun_agreement	Write a natural, coherent English sentence.
935	9	Steve scanned this good synopsis.	Steve scanned these good synopsis.	-83.0	-83.0	-10.375	-10.375	False	False	morphology	determiner_noun_agreement	Write a natural, coherent English sentence.
936	9	The Lutherans care for those hopeful men.	The Lutherans care for that hopeful men.	-103.5	-103.5	-10.375	-10.375	False	False	morphology	determiner_noun_agreement	Write a natural, coherent English sentence.
937	9	Christine bikes to these orange oases.	Christine bikes to this orange oases.	-103.5	-103.5	-10.375	-10.375	False	False	morphology	determiner_noun_agreement	Write a natural, coherent English sentence.
938	9	Most actors distracted this popular woman.	Most actors distracted these popular woman.	-83.0	-83.0	-10.375	-10.375	False	False	morphology	determiner_noun_agreement	Write a natural, coherent English sentence.
939	9	Emily should observe those displeased men.	Emily should observe that displeased men.	-93.5	-93.5	-10.375	-10.375	False	False	morphology	determiner_noun_agreement	Write a natural, coherent English sentence.
940	9	The drivers do sell this green thesis.	The drivers do sell these green thesis.	-83.0	-83.0	-10.375	-10.375	False	False	morphology	determiner_noun_agreement	Write a natural, coherent English sentence.
941	9	Most drivers love these unemployed men.	Most drivers love this unemployed men.	-83.0	-83.0	-10.375	-10.375	False	False	morphology	determiner_noun_agreement	Write a natural, coherent English sentence.
942	9	Those doctors care for this hopeful man.	Those doctors care for these hopeful man.	-93.0	-93.0	-10.375	-10.375	False	False	morphology	determiner_noun_agreement	Write a natural, coherent English sentence.
943	9	Brad kisses that displeased man.	Brad kisses those displeased man.	-93.5	-93.0	-10.375	-10.375	False	False	morphology	determiner_noun_agreement	Write a natural, coherent English sentence.
944	9	Danielle had argued about those troubled men.	Danielle had argued about that troubled men.	-103.5	-103.5	-10.375	-10.375	False	False	morphology	determiner_noun_agreement	Write a natural, coherent English sentence.
945	9	An actor is disgusting those unsure men.	An actor is disgusting that unsure men.	-104.0	-104.0	-10.375	-10.375	False	False	morphology	determiner_noun_agreement	Write a natural, coherent English sentence.
946	9	Galileo didn't hurt those displeased children.	Galileo didn't hurt that displeased children.	-135.0	-135.0	-10.375	-10.375	False	False	morphology	determiner_noun_agreement	Write a natural, coherent English sentence.
947	9	Omar messed up these small teeth.	Omar messed up this small teeth.	-93.0	-93.0	-10.375	-10.375	False	False	morphology	determiner_noun_agreement	Write a natural, coherent English sentence.
948	9	Carmen will watch this smart person.	Carmen will watch these smart person.	-83.0	-83.0	-10.375	-10.375	False	False	morphology	determiner_noun_agreement	Write a natural, coherent English sentence.
949	9	Jeffrey hid that unlucky child.	Jeffrey hid those unlucky child.	-93.0	-93.0	-10.375	-10.375	False	False	morphology	determiner_noun_agreement	Write a natural, coherent English sentence.
950	9	Every plane bothers this upset child.	Every plane bothers these upset child.	-83.0	-83.0	-10.375	-10.375	False	False	morphology	determiner_noun_agreement	Write a natural, coherent English sentence.
951	9	A lot of hospitals have those blue teeth.	A lot of hospitals have that blue teeth.	-93.0	-93.0	-10.375	-10.375	False	False	morphology	determiner_noun_agreement	Write a natural, coherent English sentence.
952	9	Nancy wasn't disturbing that clever man.	Nancy wasn't disturbing those clever man.	-103.5	-103.5	-10.375	-10.375	False	False	morphology	determiner_noun_agreement	Write a natural, coherent English sentence.
953	9	These ladies bought that white tooth.	These ladies bought those white tooth.	-72.5	-72.5	-10.375	-10.375	False	False	morphology	determiner_noun_agreement	Write a natural, coherent English sentence.
954	9	Every skirt annoys that confident person.	Every skirt annoys those confident person.	-93.5	-93.5	-10.375	-10.375	False	False	morphology	determiner_noun_agreement	Write a natural, coherent English sentence.
955	9	These actors weren't biking to these red oases.	These actors weren't biking to this red oases.	-135.0	-135.0	-10.375	-10.375	False	False	morphology	determiner_noun_agreement	Write a natural, coherent English sentence.
956	9	Carmen has described those confident people.	Carmen has described that confident people.	-83.0	-83.0	-10.375	-10.375	False	False	morphology	determiner_noun_agreement	Write a natural, coherent English sentence.
957	9	All legislatures criticize that brown oasis.	All legislatures criticize those brown oasis.	-103.5	-103.5	-10.375	-10.375	False	False	morphology	determiner_noun_agreement	Write a natural, coherent English sentence.
958	9	Paula works with that clever person.	Paula works with those clever person.	-83.0	-83.0	-10.375	-10.375	False	False	morphology	determiner_noun_agreement	Write a natural, coherent English sentence.
959	9	Benjamin respects those confident children.	Benjamin respects that confident children.	-72.5	-72.5	-10.375	-10.375	False	False	morphology	determiner_noun_agreement	Write a natural, coherent English sentence.
960	9	Mitchell attacked these unsure alumni.	Mitchell attacked this unsure alumni.	-93.5	-93.5	-10.375	-10.375	False	False	morphology	determiner_noun_agreement	Write a natural, coherent English sentence.
961	9	The Lutherans hadn't cleaned these broken teeth.	The Lutherans hadn't cleaned this broken teeth.	-114.0	-114.0	-10.375	-10.375	False	False	morphology	determiner_noun_agreement	Write a natural, coherent English sentence.
962	9	A lot of children observe that young child.	A lot of children observe those young child.	-93.0	-93.0	-10.375	-10.375	False	False	morphology	determiner_noun_agreement	Write a natural, coherent English sentence.
963	9	Gary hadn't sounded like this out in the open oasis.	Gary hadn't sounded like these out in the open oasis.	-145.0	-145.0	-10.375	-10.375	False	False	morphology	determiner_noun_agreement	Write a natural, coherent English sentence.
964	9	That fish annoyed this serious alumnus.	That fish annoyed these serious alumnus.	-103.5	-103.5	-10.375	-10.375	False	False	morphology	determiner_noun_agreement	Write a natural, coherent English sentence.
965	9	Spotlights worry those standing people.	Spotlights worry that standing people.	-72.5	-72.5	-10.375	-10.375	False	False	morphology	determiner_noun_agreement	Write a natural, coherent English sentence.
966	9	Rodney returned to these content alumni.	Rodney returned to this content alumni.	-103.5	-104.0	-10.375	-10.375	True	False	morphology	determiner_noun_agreement	Write a natural, coherent English sentence.
967	9	Bruce references this unemployed child.	Bruce references these unemployed child.	-72.5	-72.5	-10.375	-10.375	False	False	morphology	determiner_noun_agreement	Write a natural, coherent English sentence.
968	9	Many museums criticize this bad analysis.	Many museums criticize these bad analysis.	-93.0	-93.0	-10.375	-10.375	False	False	morphology	determiner_noun_agreement	Write a natural, coherent English sentence.
969	9	Danielle knows that concealed man.	Danielle knows those concealed man.	-83.0	-83.0	-10.375	-10.375	False	False	morphology	determiner_noun_agreement	Write a natural, coherent English sentence.
970	9	Katherine sells that smooth oasis.	Katherine sells those smooth oasis.	-93.0	-93.0	-10.375	-10.375	False	False	morphology	determiner_noun_agreement	Write a natural, coherent English sentence.
971	9	Meredith hadn't scared these clever people.	Meredith hadn't scared this clever people.	-114.0	-114.0	-10.375	-10.375	False	False	morphology	determiner_noun_agreement	Write a natural, coherent English sentence.
972	9	Walter biked to these gray oases.	Walter biked to this gray oases.	-104.0	-104.0	-10.375	-10.375	False	False	morphology	determiner_noun_agreement	Write a natural, coherent English sentence.
973	9	Phillip has investigated this unemployed man.	Phillip has investigated these unemployed man.	-93.0	-93.0	-10.375	-10.375	False	False	morphology	determiner_noun_agreement	Write a natural, coherent English sentence.
974	9	Alice knows that ill woman.	Alice knows those ill woman.	-62.25	-62.25	-10.375	-10.375	False	False	morphology	determiner_noun_agreement	Write a natural, coherent English sentence.
975	9	Daniel bothered that unemployed alumnus.	Daniel bothered those unemployed alumnus.	-93.0	-93.5	-10.375	-10.375	True	False	morphology	determiner_noun_agreement	Write a natural, coherent English sentence.
976	9	Some children notice this black thesis.	Some children notice these black thesis.	-72.5	-72.5	-10.375	-10.375	False	False	morphology	determiner_noun_agreement	Write a natural, coherent English sentence.
977	9	George has alarmed these unemployed children.	George has alarmed this unemployed children.	-93.5	-93.5	-10.375	-10.375	False	False	morphology	determiner_noun_agreement	Write a natural, coherent English sentence.
978	9	Sarah won't drive to this concealed oasis.	Sarah won't drive to these concealed oasis.	-124.5	-124.5	-10.375	-10.375	False	False	morphology	determiner_noun_agreement	Write a natural, coherent English sentence.
979	9	Grace arrived at those small oases.	Grace arrived at that small oases.	-83.0	-83.0	-10.375	-10.375	False	False	morphology	determiner_noun_agreement	Write a natural, coherent English sentence.
980	9	David kisses that lucky man.	David kisses those lucky man.	-72.5	-72.5	-10.375	-10.375	False	False	morphology	determiner_noun_agreement	Write a natural, coherent English sentence.
981	9	Laura isn't lifting this smooth axis.	Laura isn't lifting these smooth axis.	-93.5	-93.5	-10.375	-10.375	False	False	morphology	determiner_noun_agreement	Write a natural, coherent English sentence.
982	9	Mark embarrassed these confident children.	Mark embarrassed this confident children.	-62.25	-62.25	-10.375	-10.375	False	False	morphology	determiner_noun_agreement	Write a natural, coherent English sentence.
983	9	Patients bothers this employed man.	Patients bothers these employed man.	-83.0	-83.0	-10.375	-10.375	False	False	morphology	determiner_noun_agreement	Write a natural, coherent English sentence.
984	9	Christopher has criticized this bad synopsis.	Christopher has criticized these bad synopsis.	-93.0	-93.0	-10.375	-10.375	False	False	morphology	determiner_noun_agreement	Write a natural, coherent English sentence.
985	9	Todd hadn't gone to this cheap oasis.	Todd hadn't gone to these cheap oasis.	-114.0	-114.0	-10.375	-10.375	False	False	morphology	determiner_noun_agreement	Write a natural, coherent English sentence.
986	9	Becca does investigate this lucky alumnus.	Becca does investigate these lucky alumnus.	-103.5	-103.5	-10.375	-10.375	False	False	morphology	determiner_noun_agreement	Write a natural, coherent English sentence.
987	9	Sabrina visits those fast women.	Sabrina visits that fast women.	-83.0	-83.0	-10.375	-10.375	False	False	morphology	determiner_noun_agreement	Write a natural, coherent English sentence.
988	9	Janet knew those unconvinced children.	Janet knew that unconvinced children.	-104.0	-104.0	-10.375	-10.375	False	False	morphology	determiner_noun_agreement	Write a natural, coherent English sentence.
989	9	Christine hated this young man.	Christine hated these young man.	-72.5	-72.5	-10.375	-10.375	False	False	morphology	determiner_noun_agreement	Write a natural, coherent English sentence.
990	9	Chad hadn't complained about these big oases.	Chad hadn't complained about this big oases.	-124.5	-124.5	-10.375	-10.375	False	False	morphology	determiner_noun_agreement	Write a natural, coherent English sentence.
991	9	Many bikes stun that nice man.	Many bikes stun those nice man.	-93.5	-93.5	-10.375	-10.375	False	False	morphology	determiner_noun_agreement	Write a natural, coherent English sentence.
992	9	William hasn't investigated these fast men.	William hasn't investigated this fast men.	-93.5	-93.5	-10.375	-10.375	False	False	morphology	determiner_noun_agreement	Write a natural, coherent English sentence.
993	9	Kristin couldn't research these smooth oases.	Kristin couldn't research this smooth oases.	-114.0	-114.0	-10.375	-10.375	False	False	morphology	determiner_noun_agreement	Write a natural, coherent English sentence.
994	9	Travis arrives at these old oases.	Travis arrives at this old oases.	-93.5	-93.5	-10.375	-10.375	False	False	morphology	determiner_noun_agreement	Write a natural, coherent English sentence.
995	9	Many boys drive to this yellow oasis.	Many boys drive to these yellow oasis.	-93.5	-93.5	-10.375	-10.375	False	False	morphology	determiner_noun_agreement	Write a natural, coherent English sentence.
996	9	Danielle won't heal those unlucky people.	Danielle won't heal that unlucky people.	-124.5	-124.5	-10.375	-10.375	False	False	morphology	determiner_noun_agreement	Write a natural, coherent English sentence.
997	9	Sabrina wouldn't go to that new oasis.	Sabrina wouldn't go to those new oasis.	-135.0	-135.0	-10.375	-10.375	False	False	morphology	determiner_noun_agreement	Write a natural, coherent English sentence.
998	9	This movie theater annoys these lucky alumni.	This movie theater annoys this lucky alumni.	-124.5	-124.5	-10.375	-10.375	False	False	morphology	determiner_noun_agreement	Write a natural, coherent English sentence.
999	9	Stacy doesn't appreciate that out in the open woman.	Stacy doesn't appreciate those out in the open woman.	-135.0	-135.0	-10.375	-10.375	False	False	morphology	determiner_noun_agreement	Write a natural, coherent English sentence.
0	10	Alexander didn't walk through that new oasis.	Alexander didn't walk through those new oasis.	-114.0	-114.0	-10.375	-10.375	False	False	morphology	determiner_noun_agreement	Write a natural, coherent English sentence.
1	10	This hair irritates these old alumni.	This hair irritates this old alumni.	-103.5	-103.5	-10.375	-10.375	False	False	morphology	determiner_noun_agreement	Write a natural, coherent English sentence.
2	10	Winston Churchill was escaping from this serious person.	Winston Churchill was escaping from these serious person.	-124.5	-124.5	-10.375	-10.375	False	False	morphology	determiner_noun_agreement	Write a natural, coherent English sentence.
3	10	Anna walks through these purple oases.	Anna walks through this purple oases.	-83.0	-83.0	-10.375	-10.375	False	False	morphology	determiner_noun_agreement	Write a natural, coherent English sentence.
4	10	Alicia sounded like this good analysis.	Alicia sounded like these good analysis.	-93.5	-93.5	-10.375	-10.375	False	False	morphology	determiner_noun_agreement	Write a natural, coherent English sentence.
5	10	Jeffrey might complain about this gray thesis.	Jeffrey might complain about these gray thesis.	-93.5	-93.5	-10.375	-10.375	False	False	morphology	determiner_noun_agreement	Write a natural, coherent English sentence.
6	10	Meredith approaches these concealed women.	Meredith approaches this concealed women.	-93.5	-93.5	-10.375	-10.375	False	False	morphology	determiner_noun_agreement	Write a natural, coherent English sentence.
7	10	Julia questioned those small children.	Julia questioned that small children.	-62.25	-62.25	-10.375	-10.375	False	False	morphology	determiner_noun_agreement	Write a natural, coherent English sentence.
8	10	That adult has brought that purple octopus.	That adult has brought those purple octopus.	-103.5	-103.5	-10.375	-10.375	False	False	morphology	determiner_noun_agreement	Write a natural, coherent English sentence.
9	10	The people hug this displeased woman.	The people hug these displeased woman.	-93.5	-93.5	-10.375	-10.375	False	False	morphology	determiner_noun_agreement	Write a natural, coherent English sentence.
10	10	That beef did bore these displeased people.	That beef did bore this displeased people.	-104.0	-103.5	-10.375	-10.375	False	False	morphology	determiner_noun_agreement	Write a natural, coherent English sentence.
11	10	These libraries talk about these long synopses.	These libraries talk about this long synopses.	-103.5	-103.5	-10.375	-10.375	False	False	morphology	determiner_noun_agreement	Write a natural, coherent English sentence.
12	10	Lori wasn't hiring those delighted men.	Lori wasn't hiring that delighted men.	-104.0	-104.0	-10.375	-10.375	False	False	morphology	determiner_noun_agreement	Write a natural, coherent English sentence.
13	10	The teachers are running around this concealed oasis.	The teachers are running around these concealed oasis.	-114.0	-114.0	-10.375	-10.375	False	False	morphology	determiner_noun_agreement	Write a natural, coherent English sentence.
14	10	Those bananas embarrass these delighted people.	Those bananas embarrass this delighted people.	-83.0	-83.0	-10.375	-10.375	False	False	morphology	determiner_noun_agreement	Write a natural, coherent English sentence.
15	10	Mitchell brought those green oases.	Mitchell brought that green oases.	-72.5	-72.5	-10.375	-10.375	False	False	morphology	determiner_noun_agreement	Write a natural, coherent English sentence.
16	10	The actresses complain about this rough thesis.	The actresses complain about these rough thesis.	-93.0	-93.0	-10.375	-10.375	False	False	morphology	determiner_noun_agreement	Write a natural, coherent English sentence.
17	10	Russell investigates these fast women.	Russell investigates this fast women.	-72.5	-72.5	-10.375	-10.375	False	False	morphology	determiner_noun_agreement	Write a natural, coherent English sentence.
18	10	Irene praised those bad synopses.	Irene praised that bad synopses.	-93.5	-93.5	-10.375	-10.375	False	False	morphology	determiner_noun_agreement	Write a natural, coherent English sentence.
19	10	Denise did confuse that important woman.	Denise did confuse those important woman.	-93.5	-93.5	-10.375	-10.375	False	False	morphology	determiner_noun_agreement	Write a natural, coherent English sentence.
20	10	Some patients dislike those nice women.	Some patients dislike that nice women.	-83.0	-83.0	-10.375	-10.375	False	False	morphology	determiner_noun_agreement	Write a natural, coherent English sentence.
21	10	Amelia wasn't observing this hopeful man.	Amelia wasn't observing these hopeful man.	-124.5	-124.5	-10.375	-10.375	False	False	morphology	determiner_noun_agreement	Write a natural, coherent English sentence.
22	10	Grace is hugging these popular women.	Grace is hugging this popular women.	-83.0	-83.0	-10.375	-10.375	False	False	morphology	determiner_noun_agreement	Write a natural, coherent English sentence.
23	10	Julia might describe this long synopsis.	Julia might describe these long synopsis.	-83.0	-83.0	-10.375	-10.375	False	False	morphology	determiner_noun_agreement	Write a natural, coherent English sentence.
24	10	Many pedestrians do return to these happy men.	Many pedestrians do return to this happy men.	-114.0	-114.0	-10.375	-10.375	False	False	morphology	determiner_noun_agreement	Write a natural, coherent English sentence.
25	10	Laura noticed that determined man.	Laura noticed those determined man.	-62.25	-62.25	-10.375	-10.375	False	False	morphology	determiner_noun_agreement	Write a natural, coherent English sentence.
26	10	Julie would pass those red oases.	Julie would pass that red oases.	-83.0	-83.0	-10.375	-10.375	False	False	morphology	determiner_noun_agreement	Write a natural, coherent English sentence.
27	10	These doctors boast about this out in the open child.	These doctors boast about these out in the open child.	-124.5	-124.5	-10.375	-10.375	False	False	morphology	determiner_noun_agreement	Write a natural, coherent English sentence.
28	10	Stephen isn't revealing this brown nucleus.	Stephen isn't revealing these brown nucleus.	-103.5	-103.5	-10.375	-10.375	False	False	morphology	determiner_noun_agreement	Write a natural, coherent English sentence.
29	10	Travel stuns that sick child.	Travel stuns those sick child.	-72.5	-72.5	-10.375	-10.375	False	False	morphology	determiner_noun_agreement	Write a natural, coherent English sentence.
30	10	Amelia healed that unemployed woman.	Amelia healed those unemployed woman.	-93.5	-93.5	-10.375	-10.375	False	False	morphology	determiner_noun_agreement	Write a natural, coherent English sentence.
31	10	Noah attacks that ill child.	Noah attacks those ill child.	-62.25	-62.25	-10.375	-10.375	False	False	morphology	determiner_noun_agreement	Write a natural, coherent English sentence.
32	10	Randolf buys those gray fungi.	Randolf buys that gray fungi.	-93.5	-93.5	-10.375	-10.375	False	False	morphology	determiner_noun_agreement	Write a natural, coherent English sentence.
33	10	Some pedestrians disagreed with this big woman.	Some pedestrians disagreed with these big woman.	-114.0	-114.0	-10.375	-10.375	False	False	morphology	determiner_noun_agreement	Write a natural, coherent English sentence.
34	10	Adam might sound like these determined children.	Adam might sound like this determined children.	-83.0	-83.0	-10.375	-10.375	False	False	morphology	determiner_noun_agreement	Write a natural, coherent English sentence.
35	10	Bill has stunned this confident man.	Bill has stunned these confident man.	-83.0	-83.0	-10.375	-10.375	False	False	morphology	determiner_noun_agreement	Write a natural, coherent English sentence.
36	10	Rhonda should see these blue oases.	Rhonda should see this blue oases.	-93.5	-93.5	-10.375	-10.375	False	False	morphology	determiner_noun_agreement	Write a natural, coherent English sentence.
37	10	Stephen cares for that out in the open alumnus.	Stephen cares for those out in the open alumnus.	-124.5	-124.5	-10.375	-10.375	False	False	morphology	determiner_noun_agreement	Write a natural, coherent English sentence.
38	10	Cheryl has bought this green oasis.	Cheryl has bought these green oasis.	-93.0	-93.0	-10.375	-10.375	False	False	morphology	determiner_noun_agreement	Write a natural, coherent English sentence.
39	10	Every door annoyed this lucky child.	Every door annoyed these lucky child.	-83.0	-83.0	-10.375	-10.375	False	False	morphology	determiner_noun_agreement	Write a natural, coherent English sentence.
40	10	Gerald cures that unlucky child.	Gerald cures those unlucky child.	-103.5	-103.5	-10.375	-10.375	False	False	morphology	determiner_noun_agreement	Write a natural, coherent English sentence.
41	10	Eyes weren't worrying this troubled child.	Eyes weren't worrying these troubled child.	-114.0	-114.0	-10.375	-10.375	False	False	morphology	determiner_noun_agreement	Write a natural, coherent English sentence.
42	10	Michael isn't referencing this long synopsis.	Michael isn't referencing these long synopsis.	-114.0	-114.0	-10.375	-10.375	False	False	morphology	determiner_noun_agreement	Write a natural, coherent English sentence.
43	10	Robert insults this serious man.	Robert insults these serious man.	-72.5	-72.5	-10.375	-10.375	False	False	morphology	determiner_noun_agreement	Write a natural, coherent English sentence.
44	10	Waitresses describe that smart alumnus.	Waitresses describe those smart alumnus.	-103.5	-103.5	-10.375	-10.375	False	False	morphology	determiner_noun_agreement	Write a natural, coherent English sentence.
45	10	Dan doesn't respect this unemployed alumnus.	Dan doesn't respect these unemployed alumnus.	-124.5	-124.5	-10.375	-10.375	False	False	morphology	determiner_noun_agreement	Write a natural, coherent English sentence.
46	10	Eric has upset those scared people.	Eric has upset that scared people.	-72.5	-72.5	-10.375	-10.375	False	False	morphology	determiner_noun_agreement	Write a natural, coherent English sentence.
47	10	Sabrina was biking to this exposed oasis.	Sabrina was biking to these exposed oasis.	-124.5	-124.5	-10.375	-10.375	False	False	morphology	determiner_noun_agreement	Write a natural, coherent English sentence.
48	10	Edward can't think about these exposed mice.	Edward can't think about this exposed mice.	-114.0	-114.0	-10.375	-10.375	False	False	morphology	determiner_noun_agreement	Write a natural, coherent English sentence.
49	10	Phillip listened to this standing alumnus.	Phillip listened to these standing alumnus.	-103.5	-103.5	-10.375	-10.375	False	False	morphology	determiner_noun_agreement	Write a natural, coherent English sentence.
50	10	Those men skate around this small oasis.	Those men skate around these small oasis.	-103.5	-103.5	-10.375	-10.375	False	False	morphology	determiner_noun_agreement	Write a natural, coherent English sentence.
51	10	Rhonda could think about those content children.	Rhonda could think about that content children.	-93.5	-93.5	-10.375	-10.375	False	False	morphology	determiner_noun_agreement	Write a natural, coherent English sentence.
52	10	Melissa had remembered that unsure person.	Melissa had remembered those unsure person.	-93.5	-93.5	-10.375	-10.375	False	False	morphology	determiner_noun_agreement	Write a natural, coherent English sentence.
53	10	The students talk about this upset person.	The students talk about these upset person.	-83.0	-83.0	-10.375	-10.375	False	False	morphology	determiner_noun_agreement	Write a natural, coherent English sentence.
54	10	Leslie insults those upset alumni.	Leslie insults that upset alumni.	-103.5	-103.5	-10.375	-10.375	False	False	morphology	determiner_noun_agreement	Write a natural, coherent English sentence.
55	10	Hats distract this ill man.	Hats distract these ill man.	-72.5	-72.5	-10.375	-10.375	False	False	morphology	determiner_noun_agreement	Write a natural, coherent English sentence.
56	10	Dawn sounded like this determined child.	Dawn sounded like these determined child.	-83.0	-83.0	-10.375	-10.375	False	False	morphology	determiner_noun_agreement	Write a natural, coherent English sentence.
57	10	Carl had run around that brown oasis.	Carl had run around those brown oasis.	-93.5	-93.5	-10.375	-10.375	False	False	morphology	determiner_noun_agreement	Write a natural, coherent English sentence.
58	10	Anna criticizes these concealed children.	Anna criticizes this concealed children.	-83.0	-83.0	-10.375	-10.375	False	False	morphology	determiner_noun_agreement	Write a natural, coherent English sentence.
59	10	The waiter might criticize that unemployed man.	The waiter might criticize those unemployed man.	-114.0	-114.0	-10.375	-10.375	False	False	morphology	determiner_noun_agreement	Write a natural, coherent English sentence.
60	10	Tracy was investigating this troubled alumnus.	Tracy was investigating these troubled alumnus.	-124.5	-124.5	-10.375	-10.375	False	False	morphology	determiner_noun_agreement	Write a natural, coherent English sentence.
61	10	These newspaper articles astound this clever child.	These newspaper articles astound these clever child.	-93.5	-93.5	-10.375	-10.375	False	False	morphology	determiner_noun_agreement	Write a natural, coherent English sentence.
62	10	Dana hadn't attacked this small man.	Dana hadn't attacked these small man.	-104.0	-104.0	-10.375	-10.375	False	False	morphology	determiner_noun_agreement	Write a natural, coherent English sentence.
63	10	Curtis wasn't breaking those hard teeth.	Curtis wasn't breaking that hard teeth.	-104.0	-104.0	-10.375	-10.375	False	False	morphology	determiner_noun_agreement	Write a natural, coherent English sentence.
64	10	All customers attack this employed alumnus.	All customers attack these employed alumnus.	-93.5	-93.0	-10.375	-10.375	False	False	morphology	determiner_noun_agreement	Write a natural, coherent English sentence.
65	10	Most ladies go to those purple oases.	Most ladies go to that purple oases.	-93.0	-93.5	-10.375	-10.375	True	False	morphology	determiner_noun_agreement	Write a natural, coherent English sentence.
66	10	A dancer tours that blue oasis.	A dancer tours those blue oasis.	-93.5	-93.5	-10.375	-10.375	False	False	morphology	determiner_noun_agreement	Write a natural, coherent English sentence.
67	10	Steven irritated this unconvinced woman.	Steven irritated these unconvinced woman.	-103.5	-103.5	-10.375	-10.375	False	False	morphology	determiner_noun_agreement	Write a natural, coherent English sentence.
68	10	Tara wasn't helping that sick man.	Tara wasn't helping those sick man.	-104.0	-104.0	-10.375	-10.375	False	False	morphology	determiner_noun_agreement	Write a natural, coherent English sentence.
69	10	The dancers aren't cleaning that smooth fungus.	The dancers aren't cleaning those smooth fungus.	-135.0	-135.0	-10.375	-10.375	False	False	morphology	determiner_noun_agreement	Write a natural, coherent English sentence.
70	10	Melissa had talked about these white theses.	Melissa had talked about this white theses.	-103.5	-103.5	-10.375	-10.375	False	False	morphology	determiner_noun_agreement	Write a natural, coherent English sentence.
71	10	The man isn't watching those upset men.	The man isn't watching that upset men.	-103.5	-103.5	-10.375	-10.375	False	False	morphology	determiner_noun_agreement	Write a natural, coherent English sentence.
72	10	Sabrina won't worry this out in the open person.	Sabrina won't worry these out in the open person.	-145.0	-145.0	-10.375	-10.375	False	False	morphology	determiner_noun_agreement	Write a natural, coherent English sentence.
73	10	Every bird embarrassed these unemployed men.	Every bird embarrassed this unemployed men.	-83.0	-83.0	-10.375	-10.375	False	False	morphology	determiner_noun_agreement	Write a natural, coherent English sentence.
74	10	The Borgias drive to that small oasis.	The Borgias drive to those small oasis.	-114.0	-114.0	-10.375	-10.375	False	False	morphology	determiner_noun_agreement	Write a natural, coherent English sentence.
75	10	Bradley likes these brown fungi.	Bradley likes this brown fungi.	-83.0	-83.0	-10.375	-10.375	False	False	morphology	determiner_noun_agreement	Write a natural, coherent English sentence.
76	10	Most guys go to that black oasis.	Most guys go to those black oasis.	-93.5	-93.5	-10.375	-10.375	False	False	morphology	determiner_noun_agreement	Write a natural, coherent English sentence.
77	10	A pedestrian hadn't approached these hopeful women.	A pedestrian hadn't approached this hopeful women.	-124.5	-124.5	-10.375	-10.375	False	False	morphology	determiner_noun_agreement	Write a natural, coherent English sentence.
78	10	Some senators aren't healing this unemployed alumnus.	Some senators aren't healing these unemployed alumnus.	-145.0	-145.0	-10.375	-10.375	False	False	morphology	determiner_noun_agreement	Write a natural, coherent English sentence.
79	10	That cart wasn't stunning these exposed men.	That cart wasn't stunning this exposed men.	-104.0	-103.5	-10.375	-10.375	False	False	morphology	determiner_noun_agreement	Write a natural, coherent English sentence.
80	10	Joel can think about this smart man.	Joel can think about these smart man.	-83.0	-83.0	-10.375	-10.375	False	False	morphology	determiner_noun_agreement	Write a natural, coherent English sentence.
81	10	Those prints disgust those good people.	Those prints disgust that good people.	-72.5	-72.5	-10.375	-10.375	False	False	morphology	determiner_noun_agreement	Write a natural, coherent English sentence.
82	10	Beverly hadn't passed these yellow oases.	Beverly hadn't passed this yellow oases.	-114.0	-114.0	-10.375	-10.375	False	False	morphology	determiner_noun_agreement	Write a natural, coherent English sentence.
83	10	A lot of prints irritate this unconvinced woman.	A lot of prints irritate these unconvinced woman.	-135.0	-135.0	-10.375	-10.375	False	False	morphology	determiner_noun_agreement	Write a natural, coherent English sentence.
84	10	Many customers hire those standing alumni.	Many customers hire that standing alumni.	-93.5	-93.5	-10.375	-10.375	False	False	morphology	determiner_noun_agreement	Write a natural, coherent English sentence.
85	10	Some rug isn't irritating that nice woman.	Some rug isn't irritating those nice woman.	-114.0	-114.0	-10.375	-10.375	False	False	morphology	determiner_noun_agreement	Write a natural, coherent English sentence.
86	10	Jill embarrassed those busy men.	Jill embarrassed that busy men.	-72.5	-72.5	-10.375	-10.375	False	False	morphology	determiner_noun_agreement	Write a natural, coherent English sentence.
87	10	Most sketches could hurt this uncertain person.	Most sketches could hurt these uncertain person.	-104.0	-104.0	-10.375	-10.375	False	False	morphology	determiner_noun_agreement	Write a natural, coherent English sentence.
88	10	Patricia lifted those purple feet.	Patricia lifted that purple feet.	-83.0	-83.0	-10.375	-10.375	False	False	morphology	determiner_noun_agreement	Write a natural, coherent English sentence.
89	10	The girls sell this hard fungus.	The girls sell these hard fungus.	-93.5	-93.5	-10.375	-10.375	False	False	morphology	determiner_noun_agreement	Write a natural, coherent English sentence.
90	10	Nicole has seen this yellow cactus.	Nicole has seen these yellow cactus.	-93.0	-93.0	-10.375	-10.375	False	False	morphology	determiner_noun_agreement	Write a natural, coherent English sentence.
91	10	Sharon could arrive at those big oases.	Sharon could arrive at that big oases.	-104.0	-104.0	-10.375	-10.375	False	False	morphology	determiner_noun_agreement	Write a natural, coherent English sentence.
92	10	This cashier can fire that good woman.	This cashier can fire those good woman.	-93.5	-93.5	-10.375	-10.375	False	False	morphology	determiner_noun_agreement	Write a natural, coherent English sentence.
93	10	Raymond left those scared children.	Raymond left that scared children.	-62.25	-62.25	-10.375	-10.375	False	False	morphology	determiner_noun_agreement	Write a natural, coherent English sentence.
94	10	Noah could discuss that clever person.	Noah could discuss those clever person.	-72.5	-72.5	-10.375	-10.375	False	False	morphology	determiner_noun_agreement	Write a natural, coherent English sentence.
95	10	Rachelle knew that concealed woman.	Rachelle knew those concealed woman.	-83.0	-83.0	-10.375	-10.375	False	False	morphology	determiner_noun_agreement	Write a natural, coherent English sentence.
96	10	Dawn hasn't cured those gray oxen.	Dawn hasn't cured that gray oxen.	-124.5	-124.5	-10.375	-10.375	False	False	morphology	determiner_noun_agreement	Write a natural, coherent English sentence.
97	10	The Great Lakes haven't disgusted those out in the open people.	The Great Lakes haven't disgusted that out in the open people.	-166.0	-166.0	-10.375	-10.375	False	False	morphology	determiner_noun_agreement	Write a natural, coherent English sentence.
98	10	Wayne doesn't exit those cheap oases.	Wayne doesn't exit that cheap oases.	-103.5	-104.0	-10.375	-10.375	True	False	morphology	determiner_noun_agreement	Write a natural, coherent English sentence.
99	10	These waitresses haven't astounded this fast woman.	These waitresses haven't astounded these fast woman.	-145.0	-145.0	-10.375	-10.375	False	False	morphology	determiner_noun_agreement	Write a natural, coherent English sentence.
100	10	Patrick hasn't lifted this out in the open cactus.	Patrick hasn't lifted these out in the open cactus.	-145.0	-145.0	-10.375	-10.375	False	False	morphology	determiner_noun_agreement	Write a natural, coherent English sentence.
101	10	Angela isn't embarrassing those excited children.	Angela isn't embarrassing that excited children.	-103.5	-103.5	-10.375	-10.375	False	False	morphology	determiner_noun_agreement	Write a natural, coherent English sentence.
102	10	Jennifer hasn't criticized this smart man.	Jennifer hasn't criticized these smart man.	-103.5	-103.5	-10.375	-10.375	False	False	morphology	determiner_noun_agreement	Write a natural, coherent English sentence.
103	10	April watched this big person.	April watched these big person.	-62.25	-62.25	-10.375	-10.375	False	False	morphology	determiner_noun_agreement	Write a natural, coherent English sentence.
104	10	Candice hadn't bothered that serious alumnus.	Candice hadn't bothered those serious alumnus.	-124.5	-124.5	-10.375	-10.375	False	False	morphology	determiner_noun_agreement	Write a natural, coherent English sentence.
105	10	The Clintons observe those happy women.	The Clintons observe that happy women.	-93.5	-93.5	-10.375	-10.375	False	False	morphology	determiner_noun_agreement	Write a natural, coherent English sentence.
106	10	The Clintons observe this excited man.	The Clintons observe these excited man.	-93.5	-93.5	-10.375	-10.375	False	False	morphology	determiner_noun_agreement	Write a natural, coherent English sentence.
107	10	Associations were listening to that unlucky child.	Associations were listening to those unlucky child.	-114.0	-114.0	-10.375	-10.375	False	False	morphology	determiner_noun_agreement	Write a natural, coherent English sentence.
108	10	Those committees discussed that busy woman.	Those committees discussed those busy woman.	-93.0	-93.0	-10.375	-10.375	False	False	morphology	determiner_noun_agreement	Write a natural, coherent English sentence.
109	10	Debra isn't discussing that good analysis.	Debra isn't discussing those good analysis.	-103.5	-103.5	-10.375	-10.375	False	False	morphology	determiner_noun_agreement	Write a natural, coherent English sentence.
110	10	The drawing distracts this lucky woman.	The drawing distracts these lucky woman.	-83.0	-83.0	-10.375	-10.375	False	False	morphology	determiner_noun_agreement	Write a natural, coherent English sentence.
111	10	Holly couldn't dislike this exposed child.	Holly couldn't dislike these exposed child.	-104.0	-104.0	-10.375	-10.375	False	False	morphology	determiner_noun_agreement	Write a natural, coherent English sentence.
112	10	Angela examines that good synopsis.	Angela examines those good synopsis.	-83.0	-83.0	-10.375	-10.375	False	False	morphology	determiner_noun_agreement	Write a natural, coherent English sentence.
113	10	These skateboards aggravate that lucky woman.	These skateboards aggravate those lucky woman.	-114.0	-114.0	-10.375	-10.375	False	False	morphology	determiner_noun_agreement	Write a natural, coherent English sentence.
114	10	Some play alarms those small women.	Some play alarms that small women.	-83.0	-83.0	-10.375	-10.375	False	False	morphology	determiner_noun_agreement	Write a natural, coherent English sentence.
115	10	Students investigate these nice men.	Students investigate this nice men.	-62.25	-62.25	-10.375	-10.375	False	False	morphology	determiner_noun_agreement	Write a natural, coherent English sentence.
116	10	Tanya wasn't shocking that busy child.	Tanya wasn't shocking those busy child.	-114.0	-114.0	-10.375	-10.375	False	False	morphology	determiner_noun_agreement	Write a natural, coherent English sentence.
117	10	Brett has boasted about this nice person.	Brett has boasted about these nice person.	-103.5	-103.5	-10.375	-10.375	False	False	morphology	determiner_noun_agreement	Write a natural, coherent English sentence.
118	10	Jennifer described that hidden woman.	Jennifer described those hidden woman.	-62.25	-62.25	-10.375	-10.375	False	False	morphology	determiner_noun_agreement	Write a natural, coherent English sentence.
119	10	Winston Churchill passed these red oases.	Winston Churchill passed this red oases.	-103.5	-103.5	-10.375	-10.375	False	False	morphology	determiner_noun_agreement	Write a natural, coherent English sentence.
120	10	Some mirror could scare this nice woman.	Some mirror could scare these nice woman.	-93.5	-93.5	-10.375	-10.375	False	False	morphology	determiner_noun_agreement	Write a natural, coherent English sentence.
121	10	Caroline hadn't fired that scared alumnus.	Caroline hadn't fired those scared alumnus.	-114.0	-114.0	-10.375	-10.375	False	False	morphology	determiner_noun_agreement	Write a natural, coherent English sentence.
122	10	Edward wasn't referencing that displeased woman.	Edward wasn't referencing those displeased woman.	-124.5	-124.5	-10.375	-10.375	False	False	morphology	determiner_noun_agreement	Write a natural, coherent English sentence.
123	10	Many teachers clean these cheap teeth.	Many teachers clean this cheap teeth.	-72.5	-72.5	-10.375	-10.375	False	False	morphology	determiner_noun_agreement	Write a natural, coherent English sentence.
124	10	Wayne might remember these new oases.	Wayne might remember this new oases.	-83.0	-83.0	-10.375	-10.375	False	False	morphology	determiner_noun_agreement	Write a natural, coherent English sentence.
125	10	Some high school alarms this determined man.	Some high school alarms these determined man.	-93.5	-93.5	-10.375	-10.375	False	False	morphology	determiner_noun_agreement	Write a natural, coherent English sentence.
126	10	Vincent had returned to these out in the open oases.	Vincent had returned to this out in the open oases.	-124.5	-124.5	-10.375	-10.375	False	False	morphology	determiner_noun_agreement	Write a natural, coherent English sentence.
127	10	Marla hired this standing child.	Marla hired these standing child.	-72.5	-72.5	-10.375	-10.375	False	False	morphology	determiner_noun_agreement	Write a natural, coherent English sentence.
128	10	Some cucumber has upset those ill men.	Some cucumber has upset that ill men.	-104.0	-104.0	-10.375	-10.375	False	False	morphology	determiner_noun_agreement	Write a natural, coherent English sentence.
129	10	Russell hasn't kissed this content man.	Russell hasn't kissed these content man.	-93.5	-93.5	-10.375	-10.375	False	False	morphology	determiner_noun_agreement	Write a natural, coherent English sentence.
130	10	Guy has left this determined man.	Guy has left these determined man.	-72.5	-72.5	-10.375	-10.375	False	False	morphology	determiner_noun_agreement	Write a natural, coherent English sentence.
131	10	The Lutherans listen to these employed women.	The Lutherans listen to this employed women.	-93.5	-93.5	-10.375	-10.375	False	False	morphology	determiner_noun_agreement	Write a natural, coherent English sentence.
132	10	Candice disliked these bad analyses.	Candice disliked this bad analyses.	-103.5	-103.5	-10.375	-10.375	False	False	morphology	determiner_noun_agreement	Write a natural, coherent English sentence.
133	10	Many women heal these lost geese.	Many women heal this lost geese.	-83.0	-83.0	-10.375	-10.375	False	False	morphology	determiner_noun_agreement	Write a natural, coherent English sentence.
134	10	Wayne has remembered these smart people.	Wayne has remembered this smart people.	-72.5	-72.5	-10.375	-10.375	False	False	morphology	determiner_noun_agreement	Write a natural, coherent English sentence.
135	10	This teenager had dropped by these white oases.	This teenager had dropped by this white oases.	-103.5	-104.0	-10.375	-10.375	True	False	morphology	determiner_noun_agreement	Write a natural, coherent English sentence.
136	10	Eva has exited those smooth oases.	Eva has exited that smooth oases.	-93.5	-93.5	-10.375	-10.375	False	False	morphology	determiner_noun_agreement	Write a natural, coherent English sentence.
137	10	Cheryl wouldn't aggravate that bad person.	Cheryl wouldn't aggravate those bad person.	-124.5	-124.5	-10.375	-10.375	False	False	morphology	determiner_noun_agreement	Write a natural, coherent English sentence.
138	10	Katherine hadn't shocked those young children.	Katherine hadn't shocked that young children.	-104.0	-104.0	-10.375	-10.375	False	False	morphology	determiner_noun_agreement	Write a natural, coherent English sentence.
139	10	The student loves these troubled people.	The student loves this troubled people.	-83.0	-83.0	-10.375	-10.375	False	False	morphology	determiner_noun_agreement	Write a natural, coherent English sentence.
140	10	Tracy cared for those smart alumni.	Tracy cared for that smart alumni.	-103.5	-103.5	-10.375	-10.375	False	False	morphology	determiner_noun_agreement	Write a natural, coherent English sentence.
141	10	Guys return to these small oases.	Guys return to this small oases.	-93.0	-93.0	-10.375	-10.375	False	False	morphology	determiner_noun_agreement	Write a natural, coherent English sentence.
142	10	Marcus won't bike to this white oasis.	Marcus won't bike to these white oasis.	-114.0	-114.0	-10.375	-10.375	False	False	morphology	determiner_noun_agreement	Write a natural, coherent English sentence.
143	10	Eggplants impressed these unconvinced alumni.	Eggplants impressed this unconvinced alumni.	-145.0	-145.0	-10.375	-10.375	False	False	morphology	determiner_noun_agreement	Write a natural, coherent English sentence.
144	10	A turtle has bored those troubled children.	A turtle has bored that troubled children.	-114.0	-114.0	-10.375	-10.375	False	False	morphology	determiner_noun_agreement	Write a natural, coherent English sentence.
145	10	The adults were taking those old teeth.	The adults were taking that old teeth.	-83.0	-83.0	-10.375	-10.375	False	False	morphology	determiner_noun_agreement	Write a natural, coherent English sentence.
146	10	Alan wasn't returning to those blue oases.	Alan wasn't returning to that blue oases.	-114.0	-114.0	-10.375	-10.375	False	False	morphology	determiner_noun_agreement	Write a natural, coherent English sentence.
147	10	Theodore had lifted this rough cactus.	Theodore had lifted these rough cactus.	-103.5	-103.5	-10.375	-10.375	False	False	morphology	determiner_noun_agreement	Write a natural, coherent English sentence.
148	10	Joel isn't praising those good synopses.	Joel isn't praising that good synopses.	-124.5	-124.5	-10.375	-10.375	False	False	morphology	determiner_noun_agreement	Write a natural, coherent English sentence.
149	10	The pedestrian knows these standing women.	The pedestrian knows this standing women.	-83.0	-83.0	-10.375	-10.375	False	False	morphology	determiner_noun_agreement	Write a natural, coherent English sentence.
150	10	Some museums forget that good analysis.	Some museums forget those good analysis.	-83.0	-83.0	-10.375	-10.375	False	False	morphology	determiner_noun_agreement	Write a natural, coherent English sentence.
151	10	The Clintons might clean that lost fungus.	The Clintons might clean those lost fungus.	-124.5	-124.5	-10.375	-10.375	False	False	morphology	determiner_noun_agreement	Write a natural, coherent English sentence.
152	10	Mary is bothering these out in the open children.	Mary is bothering this out in the open children.	-114.0	-114.0	-10.375	-10.375	False	False	morphology	determiner_noun_agreement	Write a natural, coherent English sentence.
153	10	Many customers sell that lost ox.	Many customers sell those lost ox.	-72.5	-72.5	-10.375	-10.375	False	False	morphology	determiner_noun_agreement	Write a natural, coherent English sentence.
154	10	These waitresses praise these troubled men.	These waitresses praise this troubled men.	-103.5	-103.5	-10.375	-10.375	False	False	morphology	determiner_noun_agreement	Write a natural, coherent English sentence.
155	10	Many men didn't admire that nice person.	Many men didn't admire those nice person.	-114.0	-114.0	-10.375	-10.375	False	False	morphology	determiner_noun_agreement	Write a natural, coherent English sentence.
156	10	Jesus ran around this exposed oasis.	Jesus ran around these exposed oasis.	-83.0	-83.0	-10.375	-10.375	False	False	morphology	determiner_noun_agreement	Write a natural, coherent English sentence.
157	10	Many customers talk about that delighted child.	Many customers talk about those delighted child.	-83.0	-83.0	-10.375	-10.375	False	False	morphology	determiner_noun_agreement	Write a natural, coherent English sentence.
158	10	Drawings had disgusted this small woman.	Drawings had disgusted these small woman.	-93.5	-93.5	-10.375	-10.375	False	False	morphology	determiner_noun_agreement	Write a natural, coherent English sentence.
159	10	Colleen did care for that good man.	Colleen did care for those good man.	-93.5	-93.5	-10.375	-10.375	False	False	morphology	determiner_noun_agreement	Write a natural, coherent English sentence.
160	10	Marcus admired those exposed geese.	Marcus admired that exposed geese.	-83.0	-83.0	-10.375	-10.375	False	False	morphology	determiner_noun_agreement	Write a natural, coherent English sentence.
161	10	Randolf has noticed this clean foot.	Randolf has noticed these clean foot.	-83.0	-83.0	-10.375	-10.375	False	False	morphology	determiner_noun_agreement	Write a natural, coherent English sentence.
162	10	Craig could listen to that determined man.	Craig could listen to those determined man.	-83.0	-83.0	-10.375	-10.375	False	False	morphology	determiner_noun_agreement	Write a natural, coherent English sentence.
163	10	Movies stunned this small man.	Movies stunned these small man.	-83.0	-83.0	-10.375	-10.375	False	False	morphology	determiner_noun_agreement	Write a natural, coherent English sentence.
164	10	Timothy buys this rough ox.	Timothy buys these rough ox.	-83.0	-83.0	-10.375	-10.375	False	False	morphology	determiner_noun_agreement	Write a natural, coherent English sentence.
165	10	Some women go to those red oases.	Some women go to that red oases.	-93.5	-93.5	-10.375	-10.375	False	False	morphology	determiner_noun_agreement	Write a natural, coherent English sentence.
166	10	Ruth fixed this clean tooth.	Ruth fixed these clean tooth.	-62.25	-62.25	-10.375	-10.375	False	False	morphology	determiner_noun_agreement	Write a natural, coherent English sentence.
167	10	Monica is boring those clever men.	Monica is boring that clever men.	-83.0	-83.0	-10.375	-10.375	False	False	morphology	determiner_noun_agreement	Write a natural, coherent English sentence.
168	10	Janice knows these hidden alumni.	Janice knows this hidden alumni.	-93.5	-93.5	-10.375	-10.375	False	False	morphology	determiner_noun_agreement	Write a natural, coherent English sentence.
169	10	Spain insults this delighted alumnus.	Spain insults these delighted alumnus.	-93.0	-93.0	-10.375	-10.375	False	False	morphology	determiner_noun_agreement	Write a natural, coherent English sentence.
170	10	Some planes bore that displeased child.	Some planes bore those displeased child.	-93.5	-93.5	-10.375	-10.375	False	False	morphology	determiner_noun_agreement	Write a natural, coherent English sentence.
171	10	Dishes should upset these happy men.	Dishes should upset this happy men.	-83.0	-83.0	-10.375	-10.375	False	False	morphology	determiner_noun_agreement	Write a natural, coherent English sentence.
172	10	That painting looked like these yellow stimuli.	That painting looked like this yellow stimuli.	-93.5	-93.5	-10.375	-10.375	False	False	morphology	determiner_noun_agreement	Write a natural, coherent English sentence.
173	10	Amy shocked that content man.	Amy shocked those content man.	-62.25	-62.25	-10.375	-10.375	False	False	morphology	determiner_noun_agreement	Write a natural, coherent English sentence.
174	10	Melinda hasn't hidden this determined woman.	Melinda hasn't hidden these determined woman.	-104.0	-104.0	-10.375	-10.375	False	False	morphology	determiner_noun_agreement	Write a natural, coherent English sentence.
175	10	Caroline did drive to this brown oasis.	Caroline did drive to these brown oasis.	-93.0	-93.5	-10.375	-10.375	True	False	morphology	determiner_noun_agreement	Write a natural, coherent English sentence.
176	10	That rice disturbed those smart alumni.	That rice disturbed that smart alumni.	-103.5	-103.5	-10.375	-10.375	False	False	morphology	determiner_noun_agreement	Write a natural, coherent English sentence.
177	10	Brian will examine these long analyses.	Brian will examine this long analyses.	-83.0	-83.0	-10.375	-10.375	False	False	morphology	determiner_noun_agreement	Write a natural, coherent English sentence.
178	10	Mark dislikes this uncertain child.	Mark dislikes these uncertain child.	-83.0	-83.0	-10.375	-10.375	False	False	morphology	determiner_noun_agreement	Write a natural, coherent English sentence.
179	10	Rose was returning to these out in the open children.	Rose was returning to this out in the open children.	-114.0	-114.0	-10.375	-10.375	False	False	morphology	determiner_noun_agreement	Write a natural, coherent English sentence.
180	10	The guest has fixed this red tooth.	The guest has fixed these red tooth.	-83.0	-83.0	-10.375	-10.375	False	False	morphology	determiner_noun_agreement	Write a natural, coherent English sentence.
181	10	Jennifer is breaking this big tooth.	Jennifer is breaking these big tooth.	-72.5	-72.5	-10.375	-10.375	False	False	morphology	determiner_noun_agreement	Write a natural, coherent English sentence.
182	10	Sabrina isn't referencing these red theses.	Sabrina isn't referencing this red theses.	-135.0	-135.0	-10.375	-10.375	False	False	morphology	determiner_noun_agreement	Write a natural, coherent English sentence.
183	10	Valerie hadn't exited that exposed oasis.	Valerie hadn't exited those exposed oasis.	-124.5	-124.5	-10.375	-10.375	False	False	morphology	determiner_noun_agreement	Write a natural, coherent English sentence.
184	10	Every restaurant had worried this hidden child.	Every restaurant had worried these hidden child.	-83.0	-83.0	-10.375	-10.375	False	False	morphology	determiner_noun_agreement	Write a natural, coherent English sentence.
185	10	A woman was examining those long synopses.	A woman was examining that long synopses.	-114.0	-114.0	-10.375	-10.375	False	False	morphology	determiner_noun_agreement	Write a natural, coherent English sentence.
186	10	All actresses approach that content man.	All actresses approach those content man.	-83.0	-83.0	-10.375	-10.375	False	False	morphology	determiner_noun_agreement	Write a natural, coherent English sentence.
187	10	Sarah cleaned those yellow feet.	Sarah cleaned that yellow feet.	-62.25	-62.25	-10.375	-10.375	False	False	morphology	determiner_noun_agreement	Write a natural, coherent English sentence.
188	10	Margaret tours those black oases.	Margaret tours that black oases.	-72.5	-72.5	-10.375	-10.375	False	False	morphology	determiner_noun_agreement	Write a natural, coherent English sentence.
189	10	Rachel wasn't messing up this clean foot.	Rachel wasn't messing up these clean foot.	-114.0	-114.0	-10.375	-10.375	False	False	morphology	determiner_noun_agreement	Write a natural, coherent English sentence.
190	10	The Lutherans go to that old oasis.	The Lutherans go to those old oasis.	-103.5	-103.5	-10.375	-10.375	False	False	morphology	determiner_noun_agreement	Write a natural, coherent English sentence.
191	10	The lamps shock those hidden alumni.	The lamps shock that hidden alumni.	-104.0	-104.0	-10.375	-10.375	False	False	morphology	determiner_noun_agreement	Write a natural, coherent English sentence.
192	10	Claire conceals those small stimuli.	Claire conceals that small stimuli.	-83.0	-83.0	-10.375	-10.375	False	False	morphology	determiner_noun_agreement	Write a natural, coherent English sentence.
193	10	Most documentaries annoy that busy person.	Most documentaries annoy those busy person.	-83.0	-83.0	-10.375	-10.375	False	False	morphology	determiner_noun_agreement	Write a natural, coherent English sentence.
194	10	Pamela shouldn't return to those exposed men.	Pamela shouldn't return to that exposed men.	-114.0	-114.0	-10.375	-10.375	False	False	morphology	determiner_noun_agreement	Write a natural, coherent English sentence.
195	10	That person couldn't arrive at that purple oasis.	That person couldn't arrive at those purple oasis.	-124.5	-124.5	-10.375	-10.375	False	False	morphology	determiner_noun_agreement	Write a natural, coherent English sentence.
196	10	Alicia won't admire those big nuclei.	Alicia won't admire that big nuclei.	-135.0	-135.0	-10.375	-10.375	False	False	morphology	determiner_noun_agreement	Write a natural, coherent English sentence.
197	10	Curtis arrived at that red oasis.	Curtis arrived at those red oasis.	-93.0	-93.5	-10.375	-10.375	True	False	morphology	determiner_noun_agreement	Write a natural, coherent English sentence.
198	10	People investigate that smart man.	People investigate those smart man.	-62.25	-62.25	-10.375	-10.375	False	False	morphology	determiner_noun_agreement	Write a natural, coherent English sentence.
199	10	Some boys hire these content alumni.	Some boys hire this content alumni.	-93.5	-93.5	-10.375	-10.375	False	False	morphology	determiner_noun_agreement	Write a natural, coherent English sentence.
200	10	Leslie found these brown feet.	Leslie found this brown feet.	-72.5	-72.5	-10.375	-10.375	False	False	morphology	determiner_noun_agreement	Write a natural, coherent English sentence.
201	10	Alexander was firing that displeased woman.	Alexander was firing those displeased woman.	-93.5	-93.5	-10.375	-10.375	False	False	morphology	determiner_noun_agreement	Write a natural, coherent English sentence.
202	10	Florence hasn't argued about those confident children.	Florence hasn't argued about that confident children.	-103.5	-104.0	-10.375	-10.375	True	False	morphology	determiner_noun_agreement	Write a natural, coherent English sentence.
203	10	That adult hadn't complained about that exposed man.	That adult hadn't complained about those exposed man.	-114.0	-114.0	-10.375	-10.375	False	False	morphology	determiner_noun_agreement	Write a natural, coherent English sentence.
204	10	Larry works with these scared women.	Larry works with this scared women.	-72.5	-72.5	-10.375	-10.375	False	False	morphology	determiner_noun_agreement	Write a natural, coherent English sentence.
205	10	Kathleen leaves this old child.	Kathleen leaves these old child.	-72.5	-72.5	-10.375	-10.375	False	False	morphology	determiner_noun_agreement	Write a natural, coherent English sentence.
206	10	The actresses weren't watching these scared people.	The actresses weren't watching this scared people.	-114.0	-114.0	-10.375	-10.375	False	False	morphology	determiner_noun_agreement	Write a natural, coherent English sentence.
207	10	Derek isn't escaping from these blue oases.	Derek isn't escaping from this blue oases.	-135.0	-135.0	-10.375	-10.375	False	False	morphology	determiner_noun_agreement	Write a natural, coherent English sentence.
208	10	Naomi isn't talking about that cheap oasis.	Naomi isn't talking about those cheap oasis.	-124.5	-124.5	-10.375	-10.375	False	False	morphology	determiner_noun_agreement	Write a natural, coherent English sentence.
209	10	These guests hate these troubled men.	These guests hate this troubled men.	-83.0	-83.0	-10.375	-10.375	False	False	morphology	determiner_noun_agreement	Write a natural, coherent English sentence.
210	10	Patricia wasn't hiring those small children.	Patricia wasn't hiring that small children.	-114.0	-114.0	-10.375	-10.375	False	False	morphology	determiner_noun_agreement	Write a natural, coherent English sentence.
211	10	All stairs weren't alarming that lucky woman.	All stairs weren't alarming those lucky woman.	-114.0	-114.0	-10.375	-10.375	False	False	morphology	determiner_noun_agreement	Write a natural, coherent English sentence.
212	10	Many drivers left that confident alumnus.	Many drivers left those confident alumnus.	-93.5	-93.5	-10.375	-10.375	False	False	morphology	determiner_noun_agreement	Write a natural, coherent English sentence.
213	10	Every skirt disgusts these smart children.	Every skirt disgusts this smart children.	-83.0	-83.0	-10.375	-10.375	False	False	morphology	determiner_noun_agreement	Write a natural, coherent English sentence.
214	10	Valerie has astounded that lost alumnus.	Valerie has astounded those lost alumnus.	-124.5	-124.5	-10.375	-10.375	False	False	morphology	determiner_noun_agreement	Write a natural, coherent English sentence.
215	10	Sonia should describe this determined child.	Sonia should describe these determined child.	-83.0	-83.0	-10.375	-10.375	False	False	morphology	determiner_noun_agreement	Write a natural, coherent English sentence.
216	10	A lot of lakes weren't disgusting that old person.	A lot of lakes weren't disgusting those old person.	-145.0	-145.0	-10.375	-10.375	False	False	morphology	determiner_noun_agreement	Write a natural, coherent English sentence.
217	10	Some pants hadn't aggravated that good woman.	Some pants hadn't aggravated those good woman.	-124.5	-124.5	-10.375	-10.375	False	False	morphology	determiner_noun_agreement	Write a natural, coherent English sentence.
218	10	Anne does return to that old woman.	Anne does return to those old woman.	-83.0	-83.0	-10.375	-10.375	False	False	morphology	determiner_noun_agreement	Write a natural, coherent English sentence.
219	10	Alan wasn't listening to that delighted person.	Alan wasn't listening to those delighted person.	-104.0	-104.0	-10.375	-10.375	False	False	morphology	determiner_noun_agreement	Write a natural, coherent English sentence.
220	10	Some icicles annoy those serious alumni.	Some icicles annoy that serious alumni.	-103.5	-103.5	-10.375	-10.375	False	False	morphology	determiner_noun_agreement	Write a natural, coherent English sentence.
221	10	Many women won't scare those uncertain men.	Many women won't scare that uncertain men.	-114.0	-114.0	-10.375	-10.375	False	False	morphology	determiner_noun_agreement	Write a natural, coherent English sentence.
222	10	Science disgusts this unconvinced alumnus.	Science disgusts these unconvinced alumnus.	-124.5	-124.5	-10.375	-10.375	False	False	morphology	determiner_noun_agreement	Write a natural, coherent English sentence.
223	10	Connie tours these rough oases.	Connie tours this rough oases.	-83.0	-83.0	-10.375	-10.375	False	False	morphology	determiner_noun_agreement	Write a natural, coherent English sentence.
224	10	Those banks were talking about this lost thesis.	Those banks were talking about these lost thesis.	-93.5	-93.5	-10.375	-10.375	False	False	morphology	determiner_noun_agreement	Write a natural, coherent English sentence.
225	10	Some prints didn't look like this rough louse.	Some prints didn't look like these rough louse.	-124.5	-124.5	-10.375	-10.375	False	False	morphology	determiner_noun_agreement	Write a natural, coherent English sentence.
226	10	All pedestrians like those rough theses.	All pedestrians like that rough theses.	-103.5	-103.5	-10.375	-10.375	False	False	morphology	determiner_noun_agreement	Write a natural, coherent English sentence.
227	10	Douglas saw that black fungus.	Douglas saw those black fungus.	-83.0	-83.0	-10.375	-10.375	False	False	morphology	determiner_noun_agreement	Write a natural, coherent English sentence.
228	10	Sarah examined that bad analysis.	Sarah examined those bad analysis.	-62.25	-62.25	-10.375	-10.375	False	False	morphology	determiner_noun_agreement	Write a natural, coherent English sentence.
229	10	An actress researches this long thesis.	An actress researches these long thesis.	-103.5	-103.5	-10.375	-10.375	False	False	morphology	determiner_noun_agreement	Write a natural, coherent English sentence.
230	10	Those waitresses criticize this hidden child.	Those waitresses criticize these hidden child.	-103.5	-103.5	-10.375	-10.375	False	False	morphology	determiner_noun_agreement	Write a natural, coherent English sentence.
231	10	Most drivers question these upset alumni.	Most drivers question this upset alumni.	-93.0	-93.5	-10.375	-10.375	True	False	morphology	determiner_noun_agreement	Write a natural, coherent English sentence.
232	10	Phillip isn't working with these small women.	Phillip isn't working with this small women.	-114.0	-114.0	-10.375	-10.375	False	False	morphology	determiner_noun_agreement	Write a natural, coherent English sentence.
233	10	Jennifer can't aggravate that unlucky man.	Jennifer can't aggravate those unlucky man.	-135.0	-135.0	-10.375	-10.375	False	False	morphology	determiner_noun_agreement	Write a natural, coherent English sentence.
234	10	Essays confuse this good woman.	Essays confuse these good woman.	-83.0	-83.0	-10.375	-10.375	False	False	morphology	determiner_noun_agreement	Write a natural, coherent English sentence.
235	10	Amelia has forgotten those bad analyses.	Amelia has forgotten that bad analyses.	-93.0	-93.5	-10.375	-10.375	True	False	morphology	determiner_noun_agreement	Write a natural, coherent English sentence.
236	10	Michael had explored this brown oasis.	Michael had explored these brown oasis.	-83.0	-83.0	-10.375	-10.375	False	False	morphology	determiner_noun_agreement	Write a natural, coherent English sentence.
237	10	Natalie can aggravate those smart men.	Natalie can aggravate that smart men.	-103.5	-103.5	-10.375	-10.375	False	False	morphology	determiner_noun_agreement	Write a natural, coherent English sentence.
238	10	That patient won't go to these cheap oases.	That patient won't go to this cheap oases.	-124.5	-124.5	-10.375	-10.375	False	False	morphology	determiner_noun_agreement	Write a natural, coherent English sentence.
239	10	Heidi had discovered those black feet.	Heidi had discovered that black feet.	-83.0	-83.0	-10.375	-10.375	False	False	morphology	determiner_noun_agreement	Write a natural, coherent English sentence.
240	10	David hadn't watched those determined men.	David hadn't watched that determined men.	-93.5	-93.5	-10.375	-10.375	False	False	morphology	determiner_noun_agreement	Write a natural, coherent English sentence.
241	10	Some teenager couldn't walk through these green oases.	Some teenager couldn't walk through this green oases.	-124.5	-124.5	-10.375	-10.375	False	False	morphology	determiner_noun_agreement	Write a natural, coherent English sentence.
242	10	Christina shouldn't sell this hard oasis.	Christina shouldn't sell these hard oasis.	-114.0	-114.0	-10.375	-10.375	False	False	morphology	determiner_noun_agreement	Write a natural, coherent English sentence.
243	10	Christopher isn't firing those sick men.	Christopher isn't firing that sick men.	-93.5	-93.5	-10.375	-10.375	False	False	morphology	determiner_noun_agreement	Write a natural, coherent English sentence.
244	10	Most students hide that yellow mouse.	Most students hide those yellow mouse.	-72.5	-72.5	-10.375	-10.375	False	False	morphology	determiner_noun_agreement	Write a natural, coherent English sentence.
245	10	Holly did buy those clean feet.	Holly did buy that clean feet.	-72.5	-72.5	-10.375	-10.375	False	False	morphology	determiner_noun_agreement	Write a natural, coherent English sentence.
246	10	Many actors clean these brown theses.	Many actors clean this brown theses.	-83.0	-83.0	-10.375	-10.375	False	False	morphology	determiner_noun_agreement	Write a natural, coherent English sentence.
247	10	Stacy would hide those lost lice.	Stacy would hide that lost lice.	-93.5	-93.5	-10.375	-10.375	False	False	morphology	determiner_noun_agreement	Write a natural, coherent English sentence.
248	10	Alan drove to that new oasis.	Alan drove to those new oasis.	-83.0	-83.0	-10.375	-10.375	False	False	morphology	determiner_noun_agreement	Write a natural, coherent English sentence.
249	10	The Impressionists tour this purple oasis.	The Impressionists tour these purple oasis.	-103.5	-103.5	-10.375	-10.375	False	False	morphology	determiner_noun_agreement	Write a natural, coherent English sentence.
250	10	Wayne is talking to this hidden woman.	Wayne is talking to these hidden woman.	-83.0	-83.0	-10.375	-10.375	False	False	morphology	determiner_noun_agreement	Write a natural, coherent English sentence.
251	10	Christopher forgets this happy child.	Christopher forgets these happy child.	-72.5	-72.5	-10.375	-10.375	False	False	morphology	determiner_noun_agreement	Write a natural, coherent English sentence.
252	10	Julie can boycott those cheap oases.	Julie can boycott that cheap oases.	-93.5	-93.5	-10.375	-10.375	False	False	morphology	determiner_noun_agreement	Write a natural, coherent English sentence.
253	10	Most senators dislike these bad theses.	Most senators dislike this bad theses.	-104.0	-104.0	-10.375	-10.375	False	False	morphology	determiner_noun_agreement	Write a natural, coherent English sentence.
254	10	Denise concealed this content person.	Denise concealed these content person.	-83.0	-83.0	-10.375	-10.375	False	False	morphology	determiner_noun_agreement	Write a natural, coherent English sentence.
255	10	Some bike shocks these nice women.	Some bike shocks this nice women.	-83.0	-83.0	-10.375	-10.375	False	False	morphology	determiner_noun_agreement	Write a natural, coherent English sentence.
256	10	These teenagers fix those hidden feet.	These teenagers fix that hidden feet.	-83.0	-83.0	-10.375	-10.375	False	False	morphology	determiner_noun_agreement	Write a natural, coherent English sentence.
257	10	Ella praised that ill woman.	Ella praised those ill woman.	-72.5	-72.5	-10.375	-10.375	False	False	morphology	determiner_noun_agreement	Write a natural, coherent English sentence.
258	10	Current events stun these lost people.	Current events stun this lost people.	-83.0	-83.0	-10.375	-10.375	False	False	morphology	determiner_noun_agreement	Write a natural, coherent English sentence.
259	10	Mary tours this gray oasis.	Mary tours these gray oasis.	-72.5	-72.5	-10.375	-10.375	False	False	morphology	determiner_noun_agreement	Write a natural, coherent English sentence.
260	10	Linda visited those unsure men.	Linda visited that unsure men.	-72.5	-72.5	-10.375	-10.375	False	False	morphology	determiner_noun_agreement	Write a natural, coherent English sentence.
261	10	Dan wouldn't boycott that smooth oasis.	Dan wouldn't boycott those smooth oasis.	-114.0	-114.0	-10.375	-10.375	False	False	morphology	determiner_noun_agreement	Write a natural, coherent English sentence.
262	10	Those men leave that brown oasis.	Those men leave those brown oasis.	-83.0	-83.0	-10.375	-10.375	False	False	morphology	determiner_noun_agreement	Write a natural, coherent English sentence.
263	10	Lissa does pass these black oases.	Lissa does pass this black oases.	-93.5	-93.5	-10.375	-10.375	False	False	morphology	determiner_noun_agreement	Write a natural, coherent English sentence.
264	10	Alice had embarrassed this happy man.	Alice had embarrassed these happy man.	-72.5	-72.5	-10.375	-10.375	False	False	morphology	determiner_noun_agreement	Write a natural, coherent English sentence.
265	10	Wayne is worrying that hopeful child.	Wayne is worrying those hopeful child.	-83.0	-83.0	-10.375	-10.375	False	False	morphology	determiner_noun_agreement	Write a natural, coherent English sentence.
266	10	Lucille is biking to that green oasis.	Lucille is biking to those green oasis.	-114.0	-114.0	-10.375	-10.375	False	False	morphology	determiner_noun_agreement	Write a natural, coherent English sentence.
267	10	Katherine hadn't skated around this white oasis.	Katherine hadn't skated around these white oasis.	-135.0	-135.0	-10.375	-10.375	False	False	morphology	determiner_noun_agreement	Write a natural, coherent English sentence.
268	10	James observed this hopeful child.	James observed these hopeful child.	-72.5	-72.5	-10.375	-10.375	False	False	morphology	determiner_noun_agreement	Write a natural, coherent English sentence.
269	10	Gerald liked this big child.	Gerald liked these big child.	-72.5	-72.5	-10.375	-10.375	False	False	morphology	determiner_noun_agreement	Write a natural, coherent English sentence.
270	10	That committee wasn't hiring this displeased alumnus.	That committee wasn't hiring these displeased alumnus.	-145.0	-145.0	-10.375	-10.375	False	False	morphology	determiner_noun_agreement	Write a natural, coherent English sentence.
271	10	Gary isn't breaking that white tooth.	Gary isn't breaking those white tooth.	-93.5	-93.5	-10.375	-10.375	False	False	morphology	determiner_noun_agreement	Write a natural, coherent English sentence.
272	10	Walter hasn't seen those content children.	Walter hasn't seen that content children.	-93.5	-93.5	-10.375	-10.375	False	False	morphology	determiner_noun_agreement	Write a natural, coherent English sentence.
273	10	Martha didn't clean these hidden teeth.	Martha didn't clean this hidden teeth.	-93.5	-93.5	-10.375	-10.375	False	False	morphology	determiner_noun_agreement	Write a natural, coherent English sentence.
274	10	These teachers are returning to those lost men.	These teachers are returning to that lost men.	-93.0	-93.0	-10.375	-10.375	False	False	morphology	determiner_noun_agreement	Write a natural, coherent English sentence.
275	10	Ellen hadn't boycotted that hidden oasis.	Ellen hadn't boycotted those hidden oasis.	-124.5	-124.5	-10.375	-10.375	False	False	morphology	determiner_noun_agreement	Write a natural, coherent English sentence.
276	10	Some patients drive to these brown oases.	Some patients drive to this brown oases.	-93.0	-93.5	-10.375	-10.375	True	False	morphology	determiner_noun_agreement	Write a natural, coherent English sentence.
277	10	Nina wasn't referencing this ill person.	Nina wasn't referencing these ill person.	-103.5	-103.5	-10.375	-10.375	False	False	morphology	determiner_noun_agreement	Write a natural, coherent English sentence.
278	10	Denise praises these fast children.	Denise praises this fast children.	-83.0	-83.0	-10.375	-10.375	False	False	morphology	determiner_noun_agreement	Write a natural, coherent English sentence.
279	10	Most customers attack that clever man.	Most customers attack those clever man.	-72.5	-72.5	-10.375	-10.375	False	False	morphology	determiner_noun_agreement	Write a natural, coherent English sentence.
280	10	Every photograph looks like those exposed people.	Every photograph looks like that exposed people.	-83.0	-83.0	-10.375	-10.375	False	False	morphology	determiner_noun_agreement	Write a natural, coherent English sentence.
281	10	Cindy shouldn't cure that confident alumnus.	Cindy shouldn't cure those confident alumnus.	-135.0	-135.0	-10.375	-10.375	False	False	morphology	determiner_noun_agreement	Write a natural, coherent English sentence.
282	10	The Borgias reveal these blue feet.	The Borgias reveal this blue feet.	-93.5	-93.5	-10.375	-10.375	False	False	morphology	determiner_noun_agreement	Write a natural, coherent English sentence.
283	10	Ella lifts these exposed fungi.	Ella lifts this exposed fungi.	-93.5	-93.5	-10.375	-10.375	False	False	morphology	determiner_noun_agreement	Write a natural, coherent English sentence.
284	10	The Lutherans astound that unsure person.	The Lutherans astound those unsure person.	-103.5	-103.5	-10.375	-10.375	False	False	morphology	determiner_noun_agreement	Write a natural, coherent English sentence.
285	10	These cakes bore that determined woman.	These cakes bore those determined woman.	-83.0	-83.0	-10.375	-10.375	False	False	morphology	determiner_noun_agreement	Write a natural, coherent English sentence.
286	10	Nina lifts this orange cactus.	Nina lifts these orange cactus.	-93.5	-93.5	-10.375	-10.375	False	False	morphology	determiner_noun_agreement	Write a natural, coherent English sentence.
287	10	The actors kiss these unconvinced children.	The actors kiss this unconvinced children.	-103.5	-104.0	-10.375	-10.375	True	False	morphology	determiner_noun_agreement	Write a natural, coherent English sentence.
288	10	Sharon dislikes that brown thesis.	Sharon dislikes those brown thesis.	-93.5	-93.5	-10.375	-10.375	False	False	morphology	determiner_noun_agreement	Write a natural, coherent English sentence.
289	10	The customers sell these rough fungi.	The customers sell this rough fungi.	-83.0	-83.0	-10.375	-10.375	False	False	morphology	determiner_noun_agreement	Write a natural, coherent English sentence.
290	10	Janice didn't cure those employed men.	Janice didn't cure that employed men.	-103.5	-103.5	-10.375	-10.375	False	False	morphology	determiner_noun_agreement	Write a natural, coherent English sentence.
291	10	Paula left this uncertain person.	Paula left these uncertain person.	-72.5	-72.5	-10.375	-10.375	False	False	morphology	determiner_noun_agreement	Write a natural, coherent English sentence.
292	10	Those guys had escaped from those employed children.	Those guys had escaped from that employed children.	-93.0	-93.0	-10.375	-10.375	False	False	morphology	determiner_noun_agreement	Write a natural, coherent English sentence.
293	10	Christine wasn't touring that old oasis.	Christine wasn't touring those old oasis.	-124.5	-124.5	-10.375	-10.375	False	False	morphology	determiner_noun_agreement	Write a natural, coherent English sentence.
294	10	These waitresses praise this rough thesis.	These waitresses praise these rough thesis.	-93.0	-93.0	-10.375	-10.375	False	False	morphology	determiner_noun_agreement	Write a natural, coherent English sentence.
295	10	Some girls hadn't passed this concealed oasis.	Some girls hadn't passed these concealed oasis.	-124.5	-124.5	-10.375	-10.375	False	False	morphology	determiner_noun_agreement	Write a natural, coherent English sentence.
296	10	Andrea lifts these small cacti.	Andrea lifts this small cacti.	-93.5	-93.5	-10.375	-10.375	False	False	morphology	determiner_noun_agreement	Write a natural, coherent English sentence.
297	10	Kristen is scanning those bad synopses.	Kristen is scanning that bad synopses.	-114.0	-114.0	-10.375	-10.375	False	False	morphology	determiner_noun_agreement	Write a natural, coherent English sentence.
298	10	Alan is skated around these cheap oases.	Alan is skated around this cheap oases.	-104.0	-104.0	-10.375	-10.375	False	False	morphology	determiner_noun_agreement	Write a natural, coherent English sentence.
299	10	Kayla has investigated these busy people.	Kayla has investigated this busy people.	-83.0	-83.0	-10.375	-10.375	False	False	morphology	determiner_noun_agreement	Write a natural, coherent English sentence.
300	10	Timothy observes that good woman.	Timothy observes those good woman.	-83.0	-83.0	-10.375	-10.375	False	False	morphology	determiner_noun_agreement	Write a natural, coherent English sentence.
301	10	Every museum hadn't discussed those hidden theses.	Every museum hadn't discussed that hidden theses.	-114.0	-114.0	-10.375	-10.375	False	False	morphology	determiner_noun_agreement	Write a natural, coherent English sentence.
302	10	Some cashiers help this troubled person.	Some cashiers help these troubled person.	-93.0	-93.0	-10.375	-10.375	False	False	morphology	determiner_noun_agreement	Write a natural, coherent English sentence.
303	10	Amanda was attacking that displeased woman.	Amanda was attacking those displeased woman.	-93.5	-93.5	-10.375	-10.375	False	False	morphology	determiner_noun_agreement	Write a natural, coherent English sentence.
304	10	This window upsets these lost people.	This window upsets this lost people.	-83.0	-83.0	-10.375	-10.375	False	False	morphology	determiner_noun_agreement	Write a natural, coherent English sentence.
305	10	Cindy wasn't bringing those gray cacti.	Cindy wasn't bringing that gray cacti.	-135.0	-135.0	-10.375	-10.375	False	False	morphology	determiner_noun_agreement	Write a natural, coherent English sentence.
306	10	Peter complained about these good synopses.	Peter complained about this good synopses.	-93.0	-93.0	-10.375	-10.375	False	False	morphology	determiner_noun_agreement	Write a natural, coherent English sentence.
307	10	Danielle was touring those new oases.	Danielle was touring that new oases.	-103.5	-103.5	-10.375	-10.375	False	False	morphology	determiner_noun_agreement	Write a natural, coherent English sentence.
308	10	Elaine discusses that standing person.	Elaine discusses those standing person.	-83.0	-83.0	-10.375	-10.375	False	False	morphology	determiner_noun_agreement	Write a natural, coherent English sentence.
309	10	Jacqueline had healed those rough geese.	Jacqueline had healed that rough geese.	-114.0	-114.0	-10.375	-10.375	False	False	morphology	determiner_noun_agreement	Write a natural, coherent English sentence.
310	10	All rivers were distracting those standing men.	All rivers were distracting that standing men.	-93.0	-93.5	-10.375	-10.375	True	False	morphology	determiner_noun_agreement	Write a natural, coherent English sentence.
311	10	Some people exit those yellow oases.	Some people exit that yellow oases.	-83.0	-83.0	-10.375	-10.375	False	False	morphology	determiner_noun_agreement	Write a natural, coherent English sentence.
312	10	Becca isn't exploring these hard oases.	Becca isn't exploring this hard oases.	-114.0	-114.0	-10.375	-10.375	False	False	morphology	determiner_noun_agreement	Write a natural, coherent English sentence.
313	10	Timothy revealed that big foot.	Timothy revealed those big foot.	-72.5	-72.5	-10.375	-10.375	False	False	morphology	determiner_noun_agreement	Write a natural, coherent English sentence.
314	10	Adam fires these determined men.	Adam fires this determined men.	-62.25	-62.25	-10.375	-10.375	False	False	morphology	determiner_noun_agreement	Write a natural, coherent English sentence.
315	10	The teenagers clean this purple foot.	The teenagers clean these purple foot.	-83.0	-83.0	-10.375	-10.375	False	False	morphology	determiner_noun_agreement	Write a natural, coherent English sentence.
316	10	The Great Lakes could annoy that troubled man.	The Great Lakes could annoy those troubled man.	-114.0	-114.0	-10.375	-10.375	False	False	morphology	determiner_noun_agreement	Write a natural, coherent English sentence.
317	10	Karen discusses those bad men.	Karen discusses that bad men.	-72.5	-72.5	-10.375	-10.375	False	False	morphology	determiner_noun_agreement	Write a natural, coherent English sentence.
318	10	Phillip didn't find those ill alumni.	Phillip didn't find that ill alumni.	-124.5	-124.5	-10.375	-10.375	False	False	morphology	determiner_noun_agreement	Write a natural, coherent English sentence.
319	10	A lot of men reference these good analyses.	A lot of men reference this good analyses.	-103.5	-103.5	-10.375	-10.375	False	False	morphology	determiner_noun_agreement	Write a natural, coherent English sentence.
320	10	Larry had insulted these lucky children.	Larry had insulted this lucky children.	-83.0	-83.0	-10.375	-10.375	False	False	morphology	determiner_noun_agreement	Write a natural, coherent English sentence.
321	10	Debra is firing that determined child.	Debra is firing those determined child.	-83.0	-83.0	-10.375	-10.375	False	False	morphology	determiner_noun_agreement	Write a natural, coherent English sentence.
322	10	Noah was watching that fast woman.	Noah was watching those fast woman.	-72.5	-72.5	-10.375	-10.375	False	False	morphology	determiner_noun_agreement	Write a natural, coherent English sentence.
323	10	Gina works with that displeased person.	Gina works with those displeased person.	-104.0	-103.5	-10.375	-10.375	False	False	morphology	determiner_noun_agreement	Write a natural, coherent English sentence.
324	10	Most doctors would bring these big nuclei.	Most doctors would bring this big nuclei.	-93.5	-93.5	-10.375	-10.375	False	False	morphology	determiner_noun_agreement	Write a natural, coherent English sentence.
325	10	All drawings alarm that unconvinced child.	All drawings alarm those unconvinced child.	-104.0	-104.0	-10.375	-10.375	False	False	morphology	determiner_noun_agreement	Write a natural, coherent English sentence.
326	10	Some libraries hate that busy man.	Some libraries hate those busy man.	-72.5	-72.5	-10.375	-10.375	False	False	morphology	determiner_noun_agreement	Write a natural, coherent English sentence.
327	10	Derek disgusted that unemployed child.	Derek disgusted those unemployed child.	-93.5	-93.5	-10.375	-10.375	False	False	morphology	determiner_noun_agreement	Write a natural, coherent English sentence.
328	10	Marla hadn't fired these good men.	Marla hadn't fired this good men.	-104.0	-104.0	-10.375	-10.375	False	False	morphology	determiner_noun_agreement	Write a natural, coherent English sentence.
329	10	Carmen examined that red thesis.	Carmen examined those red thesis.	-72.5	-72.5	-10.375	-10.375	False	False	morphology	determiner_noun_agreement	Write a natural, coherent English sentence.
330	10	Amelia investigates this smart woman.	Amelia investigates these smart woman.	-83.0	-83.0	-10.375	-10.375	False	False	morphology	determiner_noun_agreement	Write a natural, coherent English sentence.
331	10	The Borgias hire that displeased alumnus.	The Borgias hire those displeased alumnus.	-135.0	-135.0	-10.375	-10.375	False	False	morphology	determiner_noun_agreement	Write a natural, coherent English sentence.
332	10	Stacey would arrive at these orange oases.	Stacey would arrive at this orange oases.	-114.0	-114.0	-10.375	-10.375	False	False	morphology	determiner_noun_agreement	Write a natural, coherent English sentence.
333	10	Anna works with this lucky man.	Anna works with these lucky man.	-72.5	-72.5	-10.375	-10.375	False	False	morphology	determiner_noun_agreement	Write a natural, coherent English sentence.
334	10	Walter has scanned this rough thesis.	Walter has scanned these rough thesis.	-83.0	-83.0	-10.375	-10.375	False	False	morphology	determiner_noun_agreement	Write a natural, coherent English sentence.
335	10	Some mushroom bothered that lucky woman.	Some mushroom bothered those lucky woman.	-83.0	-83.0	-10.375	-10.375	False	False	morphology	determiner_noun_agreement	Write a natural, coherent English sentence.
336	10	Cynthia walked through this hard oasis.	Cynthia walked through these hard oasis.	-114.0	-114.0	-10.375	-10.375	False	False	morphology	determiner_noun_agreement	Write a natural, coherent English sentence.
337	10	Liam has healed these black oxen.	Liam has healed this black oxen.	-104.0	-104.0	-10.375	-10.375	False	False	morphology	determiner_noun_agreement	Write a natural, coherent English sentence.
338	10	Andrew did notice these white axes.	Andrew did notice this white axes.	-83.0	-83.0	-10.375	-10.375	False	False	morphology	determiner_noun_agreement	Write a natural, coherent English sentence.
339	10	Bethany kisses these serious alumni.	Bethany kisses this serious alumni.	-103.5	-103.5	-10.375	-10.375	False	False	morphology	determiner_noun_agreement	Write a natural, coherent English sentence.
340	10	Vanessa watches this nice person.	Vanessa watches these nice person.	-72.5	-72.5	-10.375	-10.375	False	False	morphology	determiner_noun_agreement	Write a natural, coherent English sentence.
341	10	Every window astounded that big man.	Every window astounded those big man.	-93.0	-93.0	-10.375	-10.375	False	False	morphology	determiner_noun_agreement	Write a natural, coherent English sentence.
342	10	Donna leaves that upset man.	Donna leaves those upset man.	-72.5	-72.5	-10.375	-10.375	False	False	morphology	determiner_noun_agreement	Write a natural, coherent English sentence.
343	10	Many students drop by that orange oasis.	Many students drop by those orange oasis.	-93.0	-93.0	-10.375	-10.375	False	False	morphology	determiner_noun_agreement	Write a natural, coherent English sentence.
344	10	The sketches looked like this unsure man.	The sketches looked like these unsure man.	-114.0	-114.0	-10.375	-10.375	False	False	morphology	determiner_noun_agreement	Write a natural, coherent English sentence.
345	10	Helen fixes that broken tooth.	Helen fixes those broken tooth.	-72.5	-72.5	-10.375	-10.375	False	False	morphology	determiner_noun_agreement	Write a natural, coherent English sentence.
346	10	Robert wasn't annoying that old person.	Robert wasn't annoying those old person.	-93.5	-93.5	-10.375	-10.375	False	False	morphology	determiner_noun_agreement	Write a natural, coherent English sentence.
347	10	Amy isn't talking to that young woman.	Amy isn't talking to those young woman.	-103.5	-104.0	-10.375	-10.375	True	False	morphology	determiner_noun_agreement	Write a natural, coherent English sentence.
348	10	Alan hadn't remembered these long analyses.	Alan hadn't remembered this long analyses.	-103.5	-103.5	-10.375	-10.375	False	False	morphology	determiner_noun_agreement	Write a natural, coherent English sentence.
349	10	Stephen is working with these out in the open women.	Stephen is working with this out in the open women.	-114.0	-114.0	-10.375	-10.375	False	False	morphology	determiner_noun_agreement	Write a natural, coherent English sentence.
350	10	This library had discussed these employed men.	This library had discussed this employed men.	-83.0	-83.0	-10.375	-10.375	False	False	morphology	determiner_noun_agreement	Write a natural, coherent English sentence.
351	10	This teenager can't worry those delighted men.	This teenager can't worry that delighted men.	-104.0	-104.0	-10.375	-10.375	False	False	morphology	determiner_noun_agreement	Write a natural, coherent English sentence.
352	10	Wendy revealed that sick octopus.	Wendy revealed those sick octopus.	-93.5	-93.5	-10.375	-10.375	False	False	morphology	determiner_noun_agreement	Write a natural, coherent English sentence.
353	10	The Clintons haven't worked with that young person.	The Clintons haven't worked with those young person.	-135.0	-135.0	-10.375	-10.375	False	False	morphology	determiner_noun_agreement	Write a natural, coherent English sentence.
354	10	Some committee aggravates this unconvinced woman.	Some committee aggravates these unconvinced woman.	-124.5	-124.5	-10.375	-10.375	False	False	morphology	determiner_noun_agreement	Write a natural, coherent English sentence.
355	10	Guy bored that troubled man.	Guy bored those troubled man.	-72.5	-72.5	-10.375	-10.375	False	False	morphology	determiner_noun_agreement	Write a natural, coherent English sentence.
356	10	Every actress scanned those bad analyses.	Every actress scanned that bad analyses.	-93.5	-93.5	-10.375	-10.375	False	False	morphology	determiner_noun_agreement	Write a natural, coherent English sentence.
357	10	A library alarms that determined child.	A library alarms those determined child.	-83.0	-83.0	-10.375	-10.375	False	False	morphology	determiner_noun_agreement	Write a natural, coherent English sentence.
358	10	Sheila can't notice this clever man.	Sheila can't notice these clever man.	-103.5	-103.5	-10.375	-10.375	False	False	morphology	determiner_noun_agreement	Write a natural, coherent English sentence.
359	10	James forgets this fast alumnus.	James forgets these fast alumnus.	-93.0	-93.0	-10.375	-10.375	False	False	morphology	determiner_noun_agreement	Write a natural, coherent English sentence.
360	10	Noah hasn't thought about these smooth lice.	Noah hasn't thought about this smooth lice.	-114.0	-114.0	-10.375	-10.375	False	False	morphology	determiner_noun_agreement	Write a natural, coherent English sentence.
361	10	Aaron sees these gray oases.	Aaron sees this gray oases.	-72.5	-72.5	-10.375	-10.375	False	False	morphology	determiner_noun_agreement	Write a natural, coherent English sentence.
362	10	Sherry has taken this standing goose.	Sherry has taken these standing goose.	-93.5	-93.5	-10.375	-10.375	False	False	morphology	determiner_noun_agreement	Write a natural, coherent English sentence.
363	10	Marie hasn't found those ill geese.	Marie hasn't found that ill geese.	-103.5	-103.5	-10.375	-10.375	False	False	morphology	determiner_noun_agreement	Write a natural, coherent English sentence.
364	10	Peter isn't arriving at that red oasis.	Peter isn't arriving at those red oasis.	-114.0	-114.0	-10.375	-10.375	False	False	morphology	determiner_noun_agreement	Write a natural, coherent English sentence.
365	10	Jill isn't boycotting those orange oases.	Jill isn't boycotting that orange oases.	-145.0	-145.0	-10.375	-10.375	False	False	morphology	determiner_noun_agreement	Write a natural, coherent English sentence.
366	10	Julia messes up that orange foot.	Julia messes up those orange foot.	-83.0	-83.0	-10.375	-10.375	False	False	morphology	determiner_noun_agreement	Write a natural, coherent English sentence.
367	10	That hill didn't disturb that content woman.	That hill didn't disturb those content woman.	-104.0	-104.0	-10.375	-10.375	False	False	morphology	determiner_noun_agreement	Write a natural, coherent English sentence.
368	10	Suzanne has concealed that concealed man.	Suzanne has concealed those concealed man.	-103.5	-103.5	-10.375	-10.375	False	False	morphology	determiner_noun_agreement	Write a natural, coherent English sentence.
369	10	Alicia sells that orange octopus.	Alicia sells those orange octopus.	-114.0	-114.0	-10.375	-10.375	False	False	morphology	determiner_noun_agreement	Write a natural, coherent English sentence.
370	10	Leslie has discussed that delighted child.	Leslie has discussed those delighted child.	-83.0	-83.0	-10.375	-10.375	False	False	morphology	determiner_noun_agreement	Write a natural, coherent English sentence.
371	10	Andrea could like these white lice.	Andrea could like this white lice.	-83.0	-83.0	-10.375	-10.375	False	False	morphology	determiner_noun_agreement	Write a natural, coherent English sentence.
372	10	Most children break those rough teeth.	Most children break that rough teeth.	-72.5	-72.5	-10.375	-10.375	False	False	morphology	determiner_noun_agreement	Write a natural, coherent English sentence.
373	10	Richard did work with this clever child.	Richard did work with these clever child.	-83.0	-83.0	-10.375	-10.375	False	False	morphology	determiner_noun_agreement	Write a natural, coherent English sentence.
374	10	Anne hugs this unemployed woman.	Anne hugs these unemployed woman.	-83.0	-83.0	-10.375	-10.375	False	False	morphology	determiner_noun_agreement	Write a natural, coherent English sentence.
375	10	Those actors attack that excited child.	Those actors attack those excited child.	-72.5	-72.5	-10.375	-10.375	False	False	morphology	determiner_noun_agreement	Write a natural, coherent English sentence.
376	10	Bruce was hugging that unconvinced man.	Bruce was hugging those unconvinced man.	-114.0	-114.0	-10.375	-10.375	False	False	morphology	determiner_noun_agreement	Write a natural, coherent English sentence.
377	10	Patrick hasn't hidden this orange oasis.	Patrick hasn't hidden these orange oasis.	-103.5	-103.5	-10.375	-10.375	False	False	morphology	determiner_noun_agreement	Write a natural, coherent English sentence.
378	10	Alicia hadn't discussed that uncertain person.	Alicia hadn't discussed those uncertain person.	-114.0	-114.0	-10.375	-10.375	False	False	morphology	determiner_noun_agreement	Write a natural, coherent English sentence.
379	10	Susan wasn't talking to those confident men.	Susan wasn't talking to that confident men.	-104.0	-104.0	-10.375	-10.375	False	False	morphology	determiner_noun_agreement	Write a natural, coherent English sentence.
380	10	Cheryl will scan that good synopsis.	Cheryl will scan those good synopsis.	-93.5	-93.5	-10.375	-10.375	False	False	morphology	determiner_noun_agreement	Write a natural, coherent English sentence.
381	10	Tamara kissed that unsure man.	Tamara kissed those unsure man.	-83.0	-83.0	-10.375	-10.375	False	False	morphology	determiner_noun_agreement	Write a natural, coherent English sentence.
382	10	Craig boasts about those bad analyses.	Craig boasts about that bad analyses.	-93.0	-93.0	-10.375	-10.375	False	False	morphology	determiner_noun_agreement	Write a natural, coherent English sentence.
383	10	Randolf hadn't hugged those serious people.	Randolf hadn't hugged that serious people.	-114.0	-114.0	-10.375	-10.375	False	False	morphology	determiner_noun_agreement	Write a natural, coherent English sentence.
384	10	Many doctors cure these exposed men.	Many doctors cure this exposed men.	-72.5	-72.5	-10.375	-10.375	False	False	morphology	determiner_noun_agreement	Write a natural, coherent English sentence.
385	10	Women criticized those smooth theses.	Women criticized that smooth theses.	-83.0	-83.0	-10.375	-10.375	False	False	morphology	determiner_noun_agreement	Write a natural, coherent English sentence.
386	10	Some light disturbs that old person.	Some light disturbs those old person.	-93.5	-93.5	-10.375	-10.375	False	False	morphology	determiner_noun_agreement	Write a natural, coherent English sentence.
387	10	Carol was questioning this big man.	Carol was questioning these big man.	-72.5	-72.5	-10.375	-10.375	False	False	morphology	determiner_noun_agreement	Write a natural, coherent English sentence.
388	10	Sara has gone to that old oasis.	Sara has gone to those old oasis.	-93.0	-93.0	-10.375	-10.375	False	False	morphology	determiner_noun_agreement	Write a natural, coherent English sentence.
389	10	Steven brought these red oases.	Steven brought this red oases.	-72.5	-72.5	-10.375	-10.375	False	False	morphology	determiner_noun_agreement	Write a natural, coherent English sentence.
390	10	Diana will disgust these ill children.	Diana will disgust this ill children.	-72.5	-72.5	-10.375	-10.375	False	False	morphology	determiner_noun_agreement	Write a natural, coherent English sentence.
391	10	Steven disturbs these sick alumni.	Steven disturbs this sick alumni.	-104.0	-104.0	-10.375	-10.375	False	False	morphology	determiner_noun_agreement	Write a natural, coherent English sentence.
392	10	Angela wasn't lifting these blue feet.	Angela wasn't lifting this blue feet.	-93.5	-93.5	-10.375	-10.375	False	False	morphology	determiner_noun_agreement	Write a natural, coherent English sentence.
393	10	Sharon hasn't stunned that unsure child.	Sharon hasn't stunned those unsure child.	-124.5	-124.5	-10.375	-10.375	False	False	morphology	determiner_noun_agreement	Write a natural, coherent English sentence.
394	10	These girls question that concealed man.	These girls question those concealed man.	-83.0	-83.0	-10.375	-10.375	False	False	morphology	determiner_noun_agreement	Write a natural, coherent English sentence.
395	10	Martha wasn't kissing this unemployed man.	Martha wasn't kissing these unemployed man.	-114.0	-114.0	-10.375	-10.375	False	False	morphology	determiner_noun_agreement	Write a natural, coherent English sentence.
396	10	Kendra isn't working with this excited child.	Kendra isn't working with these excited child.	-124.5	-124.5	-10.375	-10.375	False	False	morphology	determiner_noun_agreement	Write a natural, coherent English sentence.
397	10	All actresses praise this hard thesis.	All actresses praise these hard thesis.	-83.0	-83.0	-10.375	-10.375	False	False	morphology	determiner_noun_agreement	Write a natural, coherent English sentence.
398	10	David cleans that hard tooth.	David cleans those hard tooth.	-72.5	-72.5	-10.375	-10.375	False	False	morphology	determiner_noun_agreement	Write a natural, coherent English sentence.
399	10	Julia sounded like this uncertain person.	Julia sounded like these uncertain person.	-72.5	-72.5	-10.375	-10.375	False	False	morphology	determiner_noun_agreement	Write a natural, coherent English sentence.
400	10	Those actors attacked that happy alumnus.	Those actors attacked those happy alumnus.	-93.5	-93.0	-10.375	-10.375	False	False	morphology	determiner_noun_agreement	Write a natural, coherent English sentence.
401	10	Eva hadn't admired these black fungi.	Eva hadn't admired this black fungi.	-114.0	-114.0	-10.375	-10.375	False	False	morphology	determiner_noun_agreement	Write a natural, coherent English sentence.
402	10	Many chairs aren't disgusting this unlucky child.	Many chairs aren't disgusting these unlucky child.	-135.0	-135.0	-10.375	-10.375	False	False	morphology	determiner_noun_agreement	Write a natural, coherent English sentence.
403	10	Those waiters break these rough teeth.	Those waiters break this rough teeth.	-83.0	-83.0	-10.375	-10.375	False	False	morphology	determiner_noun_agreement	Write a natural, coherent English sentence.
404	10	Becca leaves this uncertain child.	Becca leaves these uncertain child.	-72.5	-72.5	-10.375	-10.375	False	False	morphology	determiner_noun_agreement	Write a natural, coherent English sentence.
405	10	Some steak disturbs these displeased children.	Some steak disturbs this displeased children.	-124.5	-124.5	-10.375	-10.375	False	False	morphology	determiner_noun_agreement	Write a natural, coherent English sentence.
406	10	Christine wouldn't conceal this lost stimulus.	Christine wouldn't conceal these lost stimulus.	-124.0	-124.0	-10.375	-10.375	False	False	morphology	determiner_noun_agreement	Write a natural, coherent English sentence.
407	10	Every face irritates those unemployed alumni.	Every face irritates that unemployed alumni.	-114.0	-114.0	-10.375	-10.375	False	False	morphology	determiner_noun_agreement	Write a natural, coherent English sentence.
408	10	Susan noticed that unlucky person.	Susan noticed those unlucky person.	-83.0	-83.0	-10.375	-10.375	False	False	morphology	determiner_noun_agreement	Write a natural, coherent English sentence.
409	10	Some women drop by those concealed oases.	Some women drop by that concealed oases.	-103.5	-103.5	-10.375	-10.375	False	False	morphology	determiner_noun_agreement	Write a natural, coherent English sentence.
410	10	The Clintons disagree with these serious men.	The Clintons disagree with this serious men.	-104.0	-104.0	-10.375	-10.375	False	False	morphology	determiner_noun_agreement	Write a natural, coherent English sentence.
411	10	Phillip discovers these busy women.	Phillip discovers this busy women.	-83.0	-83.0	-10.375	-10.375	False	False	morphology	determiner_noun_agreement	Write a natural, coherent English sentence.
412	10	Waiters investigate that hopeful woman.	Waiters investigate those hopeful woman.	-83.0	-83.0	-10.375	-10.375	False	False	morphology	determiner_noun_agreement	Write a natural, coherent English sentence.
413	10	Regina hasn't found these white nuclei.	Regina hasn't found this white nuclei.	-124.5	-124.5	-10.375	-10.375	False	False	morphology	determiner_noun_agreement	Write a natural, coherent English sentence.
414	10	Irene scanned those purple theses.	Irene scanned that purple theses.	-93.5	-93.5	-10.375	-10.375	False	False	morphology	determiner_noun_agreement	Write a natural, coherent English sentence.
415	10	A bank references those popular people.	A bank references that popular people.	-72.5	-72.5	-10.375	-10.375	False	False	morphology	determiner_noun_agreement	Write a natural, coherent English sentence.
416	10	Vincent tours this old oasis.	Vincent tours these old oasis.	-72.5	-72.5	-10.375	-10.375	False	False	morphology	determiner_noun_agreement	Write a natural, coherent English sentence.
417	10	Alicia kisses that standing woman.	Alicia kisses those standing woman.	-93.5	-93.5	-10.375	-10.375	False	False	morphology	determiner_noun_agreement	Write a natural, coherent English sentence.
418	10	Some candles aren't boring those displeased men.	Some candles aren't boring that displeased men.	-135.0	-135.0	-10.375	-10.375	False	False	morphology	determiner_noun_agreement	Write a natural, coherent English sentence.
419	10	That teenager does care for this old alumnus.	That teenager does care for these old alumnus.	-114.0	-114.0	-10.375	-10.375	False	False	morphology	determiner_noun_agreement	Write a natural, coherent English sentence.
420	10	A lot of drawings weren't alarming that displeased man.	A lot of drawings weren't alarming those displeased man.	-155.0	-155.0	-10.375	-10.375	False	False	morphology	determiner_noun_agreement	Write a natural, coherent English sentence.
421	10	That face astounded that important woman.	That face astounded those important woman.	-93.0	-93.0	-10.375	-10.375	False	False	morphology	determiner_noun_agreement	Write a natural, coherent English sentence.
422	10	Tiffany had approached these unemployed people.	Tiffany had approached this unemployed people.	-104.0	-104.0	-10.375	-10.375	False	False	morphology	determiner_noun_agreement	Write a natural, coherent English sentence.
423	10	Christina is passing these rough oases.	Christina is passing this rough oases.	-93.5	-93.0	-10.375	-10.375	False	False	morphology	determiner_noun_agreement	Write a natural, coherent English sentence.
424	10	Debra was praising those busy people.	Debra was praising that busy people.	-93.5	-93.5	-10.375	-10.375	False	False	morphology	determiner_noun_agreement	Write a natural, coherent English sentence.
425	10	The doctors didn't care for these scared children.	The doctors didn't care for this scared children.	-114.0	-114.0	-10.375	-10.375	False	False	morphology	determiner_noun_agreement	Write a natural, coherent English sentence.
426	10	Those ladders stun these small people.	Those ladders stun this small people.	-103.5	-104.0	-10.375	-10.375	True	False	morphology	determiner_noun_agreement	Write a natural, coherent English sentence.
427	10	Samuel isn't distracting these clever women.	Samuel isn't distracting this clever women.	-103.5	-103.5	-10.375	-10.375	False	False	morphology	determiner_noun_agreement	Write a natural, coherent English sentence.
428	10	Lucille dropped by those new oases.	Lucille dropped by that new oases.	-93.5	-93.0	-10.375	-10.375	False	False	morphology	determiner_noun_agreement	Write a natural, coherent English sentence.
429	10	A legislature should aggravate that busy child.	A legislature should aggravate those busy child.	-114.0	-114.0	-10.375	-10.375	False	False	morphology	determiner_noun_agreement	Write a natural, coherent English sentence.
430	10	Larry observed that lucky child.	Larry observed those lucky child.	-62.25	-62.25	-10.375	-10.375	False	False	morphology	determiner_noun_agreement	Write a natural, coherent English sentence.
431	10	Lawrence wasn't approaching those troubled children.	Lawrence wasn't approaching that troubled children.	-103.5	-103.5	-10.375	-10.375	False	False	morphology	determiner_noun_agreement	Write a natural, coherent English sentence.
432	10	Most libraries describe those delighted men.	Most libraries describe that delighted men.	-72.5	-72.5	-10.375	-10.375	False	False	morphology	determiner_noun_agreement	Write a natural, coherent English sentence.
433	10	The Impressionists alarms that sick child.	The Impressionists alarms those sick child.	-103.5	-103.5	-10.375	-10.375	False	False	morphology	determiner_noun_agreement	Write a natural, coherent English sentence.
434	10	A lot of children have this exposed axis.	A lot of children have these exposed axis.	-93.0	-93.0	-10.375	-10.375	False	False	morphology	determiner_noun_agreement	Write a natural, coherent English sentence.
435	10	Melissa couldn't reveal that small man.	Melissa couldn't reveal those small man.	-103.5	-104.0	-10.375	-10.375	True	False	morphology	determiner_noun_agreement	Write a natural, coherent English sentence.
436	10	These carriages won't impress those bad men.	These carriages won't impress that bad men.	-114.0	-114.0	-10.375	-10.375	False	False	morphology	determiner_noun_agreement	Write a natural, coherent English sentence.
437	10	Many girls drop by that red oasis.	Many girls drop by those red oasis.	-93.0	-93.0	-10.375	-10.375	False	False	morphology	determiner_noun_agreement	Write a natural, coherent English sentence.
438	10	The Impressionists fled from this small woman.	The Impressionists fled from these small woman.	-103.5	-103.5	-10.375	-10.375	False	False	morphology	determiner_noun_agreement	Write a natural, coherent English sentence.
439	10	Ann arrived at that blue oasis.	Ann arrived at those blue oasis.	-83.0	-83.0	-10.375	-10.375	False	False	morphology	determiner_noun_agreement	Write a natural, coherent English sentence.
440	10	The sock isn't disturbing those lucky children.	The sock isn't disturbing that lucky children.	-114.0	-114.0	-10.375	-10.375	False	False	morphology	determiner_noun_agreement	Write a natural, coherent English sentence.
441	10	Those socks were shocking those unlucky men.	Those socks were shocking that unlucky men.	-114.0	-114.0	-10.375	-10.375	False	False	morphology	determiner_noun_agreement	Write a natural, coherent English sentence.
442	10	Christine wasn't walking through those cheap oases.	Christine wasn't walking through that cheap oases.	-124.5	-124.5	-10.375	-10.375	False	False	morphology	determiner_noun_agreement	Write a natural, coherent English sentence.
443	10	Mary appreciates those content women.	Mary appreciates that content women.	-72.5	-72.5	-10.375	-10.375	False	False	morphology	determiner_noun_agreement	Write a natural, coherent English sentence.
444	10	That lady didn't question this ill person.	That lady didn't question these ill person.	-104.0	-104.0	-10.375	-10.375	False	False	morphology	determiner_noun_agreement	Write a natural, coherent English sentence.
445	10	Most birds annoy this young woman.	Most birds annoy these young woman.	-72.5	-72.5	-10.375	-10.375	False	False	morphology	determiner_noun_agreement	Write a natural, coherent English sentence.
446	10	Amelia is kissing these content men.	Amelia is kissing this content men.	-93.5	-93.5	-10.375	-10.375	False	False	morphology	determiner_noun_agreement	Write a natural, coherent English sentence.
447	10	Judy isn't taking those standing oxen.	Judy isn't taking that standing oxen.	-114.0	-114.0	-10.375	-10.375	False	False	morphology	determiner_noun_agreement	Write a natural, coherent English sentence.
448	10	Irene is discussing those clever alumni.	Irene is discussing that clever alumni.	-104.0	-104.0	-10.375	-10.375	False	False	morphology	determiner_noun_agreement	Write a natural, coherent English sentence.
449	10	Danielle could describe these long analyses.	Danielle could describe this long analyses.	-93.0	-93.0	-10.375	-10.375	False	False	morphology	determiner_noun_agreement	Write a natural, coherent English sentence.
450	10	Eva hasn't praised that lucky woman.	Eva hasn't praised those lucky woman.	-93.5	-93.5	-10.375	-10.375	False	False	morphology	determiner_noun_agreement	Write a natural, coherent English sentence.
451	10	Grace might observe that unlucky woman.	Grace might observe those unlucky woman.	-93.0	-93.5	-10.375	-10.375	True	False	morphology	determiner_noun_agreement	Write a natural, coherent English sentence.
452	10	The Clintons bothered these clever people.	The Clintons bothered this clever people.	-93.5	-93.5	-10.375	-10.375	False	False	morphology	determiner_noun_agreement	Write a natural, coherent English sentence.
453	10	April hadn't embarrassed those employed alumni.	April hadn't embarrassed that employed alumni.	-114.0	-114.0	-10.375	-10.375	False	False	morphology	determiner_noun_agreement	Write a natural, coherent English sentence.
454	10	Marie shouldn't forget that happy man.	Marie shouldn't forget those happy man.	-93.5	-93.5	-10.375	-10.375	False	False	morphology	determiner_noun_agreement	Write a natural, coherent English sentence.
455	10	Renee isn't breaking that cheap foot.	Renee isn't breaking those cheap foot.	-114.0	-114.0	-10.375	-10.375	False	False	morphology	determiner_noun_agreement	Write a natural, coherent English sentence.
456	10	Monica shouldn't sell those new oases.	Monica shouldn't sell that new oases.	-114.0	-114.0	-10.375	-10.375	False	False	morphology	determiner_noun_agreement	Write a natural, coherent English sentence.
457	10	Every dancer has returned to that troubled man.	Every dancer has returned to those troubled man.	-114.0	-114.0	-10.375	-10.375	False	False	morphology	determiner_noun_agreement	Write a natural, coherent English sentence.
458	10	Those dancers break those green teeth.	Those dancers break that green teeth.	-83.0	-83.0	-10.375	-10.375	False	False	morphology	determiner_noun_agreement	Write a natural, coherent English sentence.
459	10	These teachers talk about these fast women.	These teachers talk about this fast women.	-83.0	-83.0	-10.375	-10.375	False	False	morphology	determiner_noun_agreement	Write a natural, coherent English sentence.
460	10	Spain hasn't praised that happy man.	Spain hasn't praised those happy man.	-93.5	-93.5	-10.375	-10.375	False	False	morphology	determiner_noun_agreement	Write a natural, coherent English sentence.
461	10	Monica does kiss those good people.	Monica does kiss that good people.	-83.0	-83.0	-10.375	-10.375	False	False	morphology	determiner_noun_agreement	Write a natural, coherent English sentence.
462	10	Benjamin can boast about those busy men.	Benjamin can boast about that busy men.	-93.5	-93.5	-10.375	-10.375	False	False	morphology	determiner_noun_agreement	Write a natural, coherent English sentence.
463	10	Donald conceals this lost nucleus.	Donald conceals these lost nucleus.	-83.0	-83.0	-10.375	-10.375	False	False	morphology	determiner_noun_agreement	Write a natural, coherent English sentence.
464	10	Gregory was embarrassing this big woman.	Gregory was embarrassing these big woman.	-83.0	-83.0	-10.375	-10.375	False	False	morphology	determiner_noun_agreement	Write a natural, coherent English sentence.
465	10	The waiter wasn't stunning that hidden child.	The waiter wasn't stunning those hidden child.	-114.0	-114.0	-10.375	-10.375	False	False	morphology	determiner_noun_agreement	Write a natural, coherent English sentence.
466	10	A lot of photographs haven't looked like this red stimulus.	A lot of photographs haven't looked like these red stimulus.	-145.0	-145.0	-10.375	-10.375	False	False	morphology	determiner_noun_agreement	Write a natural, coherent English sentence.
467	10	A patient fixed those cheap feet.	A patient fixed that cheap feet.	-73.0	-73.0	-10.375	-10.375	False	False	morphology	determiner_noun_agreement	Write a natural, coherent English sentence.
468	10	Many gates shouldn't astound these unsure alumni.	Many gates shouldn't astound this unsure alumni.	-145.0	-145.0	-10.375	-10.375	False	False	morphology	determiner_noun_agreement	Write a natural, coherent English sentence.
469	10	That picture hasn't looked like these big men.	That picture hasn't looked like this big men.	-114.0	-114.0	-10.375	-10.375	False	False	morphology	determiner_noun_agreement	Write a natural, coherent English sentence.
470	10	These waitresses talk about this hidden thesis.	These waitresses talk about these hidden thesis.	-103.5	-103.5	-10.375	-10.375	False	False	morphology	determiner_noun_agreement	Write a natural, coherent English sentence.
471	10	Stacy concealed those gray axes.	Stacy concealed that gray axes.	-93.5	-93.5	-10.375	-10.375	False	False	morphology	determiner_noun_agreement	Write a natural, coherent English sentence.
472	10	Nicole remembers those serious alumni.	Nicole remembers that serious alumni.	-93.5	-93.5	-10.375	-10.375	False	False	morphology	determiner_noun_agreement	Write a natural, coherent English sentence.
473	10	Leslie hadn't gone to that small oasis.	Leslie hadn't gone to those small oasis.	-124.5	-124.5	-10.375	-10.375	False	False	morphology	determiner_noun_agreement	Write a natural, coherent English sentence.
474	10	Joel wasn't praising this ill person.	Joel wasn't praising these ill person.	-104.0	-103.5	-10.375	-10.375	False	False	morphology	determiner_noun_agreement	Write a natural, coherent English sentence.
475	10	These drivers embarrasses this young alumnus.	These drivers embarrasses these young alumnus.	-103.5	-103.5	-10.375	-10.375	False	False	morphology	determiner_noun_agreement	Write a natural, coherent English sentence.
476	10	Beef bores that delighted woman.	Beef bores those delighted woman.	-83.0	-83.0	-10.375	-10.375	False	False	morphology	determiner_noun_agreement	Write a natural, coherent English sentence.
477	10	Mitchell goes to this gray oasis.	Mitchell goes to these gray oasis.	-83.0	-83.0	-10.375	-10.375	False	False	morphology	determiner_noun_agreement	Write a natural, coherent English sentence.
478	10	The mouth bores these upset men.	The mouth bores this upset men.	-83.0	-83.0	-10.375	-10.375	False	False	morphology	determiner_noun_agreement	Write a natural, coherent English sentence.
479	10	Most legislatures discuss those good people.	Most legislatures discuss that good people.	-83.0	-83.0	-10.375	-10.375	False	False	morphology	determiner_noun_agreement	Write a natural, coherent English sentence.
480	10	The boys mess up those purple feet.	The boys mess up that purple feet.	-83.0	-83.0	-10.375	-10.375	False	False	morphology	determiner_noun_agreement	Write a natural, coherent English sentence.
481	10	Cashiers describe these fast children.	Cashiers describe this fast children.	-72.5	-72.5	-10.375	-10.375	False	False	morphology	determiner_noun_agreement	Write a natural, coherent English sentence.
482	10	Roger has fired those unconvinced men.	Roger has fired that unconvinced men.	-104.0	-104.0	-10.375	-10.375	False	False	morphology	determiner_noun_agreement	Write a natural, coherent English sentence.
483	10	Amy wasn't kissing this content man.	Amy wasn't kissing these content man.	-103.5	-103.5	-10.375	-10.375	False	False	morphology	determiner_noun_agreement	Write a natural, coherent English sentence.
484	10	Every dancer hadn't praised those good analyses.	Every dancer hadn't praised that good analyses.	-124.5	-124.5	-10.375	-10.375	False	False	morphology	determiner_noun_agreement	Write a natural, coherent English sentence.
485	10	Rhonda wasn't hiding those red mice.	Rhonda wasn't hiding that red mice.	-114.0	-114.0	-10.375	-10.375	False	False	morphology	determiner_noun_agreement	Write a natural, coherent English sentence.
486	10	Every pedestrian talks about that bad synopsis.	Every pedestrian talks about those bad synopsis.	-103.5	-103.5	-10.375	-10.375	False	False	morphology	determiner_noun_agreement	Write a natural, coherent English sentence.
487	10	The fish shocks these old alumni.	The fish shocks this old alumni.	-103.5	-103.5	-10.375	-10.375	False	False	morphology	determiner_noun_agreement	Write a natural, coherent English sentence.
488	10	Those waitresses visited those scared alumni.	Those waitresses visited that scared alumni.	-114.0	-114.0	-10.375	-10.375	False	False	morphology	determiner_noun_agreement	Write a natural, coherent English sentence.
489	10	That library was listening to this nice man.	That library was listening to these nice man.	-93.5	-93.0	-10.375	-10.375	False	False	morphology	determiner_noun_agreement	Write a natural, coherent English sentence.
490	10	Steve wasn't bringing that blue stimulus.	Steve wasn't bringing those blue stimulus.	-103.5	-103.5	-10.375	-10.375	False	False	morphology	determiner_noun_agreement	Write a natural, coherent English sentence.
491	10	Some guest was hiring that scared woman.	Some guest was hiring those scared woman.	-83.0	-83.0	-10.375	-10.375	False	False	morphology	determiner_noun_agreement	Write a natural, coherent English sentence.
492	10	The spotlights upset this unconvinced alumnus.	The spotlights upset these unconvinced alumnus.	-135.0	-135.0	-10.375	-10.375	False	False	morphology	determiner_noun_agreement	Write a natural, coherent English sentence.
493	10	Todd might observe this lost man.	Todd might observe these lost man.	-72.5	-72.5	-10.375	-10.375	False	False	morphology	determiner_noun_agreement	Write a natural, coherent English sentence.
494	10	People could describe that unconvinced person.	People could describe those unconvinced person.	-104.0	-104.0	-10.375	-10.375	False	False	morphology	determiner_noun_agreement	Write a natural, coherent English sentence.
495	10	That waiter had astounded these lucky people.	That waiter had astounded this lucky people.	-114.0	-114.0	-10.375	-10.375	False	False	morphology	determiner_noun_agreement	Write a natural, coherent English sentence.
496	10	Kendra disgusted these confident women.	Kendra disgusted this confident women.	-93.5	-93.5	-10.375	-10.375	False	False	morphology	determiner_noun_agreement	Write a natural, coherent English sentence.
497	10	Spain hasn't annoyed those old people.	Spain hasn't annoyed that old people.	-103.5	-103.5	-10.375	-10.375	False	False	morphology	determiner_noun_agreement	Write a natural, coherent English sentence.
498	10	Steve kisses these out in the open people.	Steve kisses this out in the open people.	-103.5	-103.5	-10.375	-10.375	False	False	morphology	determiner_noun_agreement	Write a natural, coherent English sentence.
499	10	Wayne kissed those unconvinced men.	Wayne kissed that unconvinced men.	-93.5	-93.5	-10.375	-10.375	False	False	morphology	determiner_noun_agreement	Write a natural, coherent English sentence.
500	10	Douglas has brought those lost cacti.	Douglas has brought that lost cacti.	-93.5	-93.5	-10.375	-10.375	False	False	morphology	determiner_noun_agreement	Write a natural, coherent English sentence.
501	10	Tammy can't reveal that big alumnus.	Tammy can't reveal those big alumnus.	-124.0	-124.5	-10.375	-10.375	True	False	morphology	determiner_noun_agreement	Write a natural, coherent English sentence.
502	10	Deborah fled from those standing children.	Deborah fled from that standing children.	-93.5	-93.5	-10.375	-10.375	False	False	morphology	determiner_noun_agreement	Write a natural, coherent English sentence.
503	10	A man wasn't cleaning that hard fungus.	A man wasn't cleaning those hard fungus.	-124.5	-124.5	-10.375	-10.375	False	False	morphology	determiner_noun_agreement	Write a natural, coherent English sentence.
504	10	Danielle has broken those gray teeth.	Danielle has broken that gray teeth.	-83.0	-83.0	-10.375	-10.375	False	False	morphology	determiner_noun_agreement	Write a natural, coherent English sentence.
505	10	Derek praised this big thesis.	Derek praised these big thesis.	-72.5	-72.5	-10.375	-10.375	False	False	morphology	determiner_noun_agreement	Write a natural, coherent English sentence.
506	10	Gary has disgusted those unsure people.	Gary has disgusted that unsure people.	-93.5	-93.5	-10.375	-10.375	False	False	morphology	determiner_noun_agreement	Write a natural, coherent English sentence.
507	10	A senator insulted this bad synopsis.	A senator insulted these bad synopsis.	-103.5	-103.5	-10.375	-10.375	False	False	morphology	determiner_noun_agreement	Write a natural, coherent English sentence.
508	10	A lot of drivers visit these purple oases.	A lot of drivers visit this purple oases.	-103.5	-103.5	-10.375	-10.375	False	False	morphology	determiner_noun_agreement	Write a natural, coherent English sentence.
509	10	Richard isn't attacking this fast child.	Richard isn't attacking these fast child.	-93.5	-93.5	-10.375	-10.375	False	False	morphology	determiner_noun_agreement	Write a natural, coherent English sentence.
510	10	Frank shocked that unsure man.	Frank shocked those unsure man.	-72.5	-72.5	-10.375	-10.375	False	False	morphology	determiner_noun_agreement	Write a natural, coherent English sentence.
511	10	Brett returned to that confident man.	Brett returned to those confident man.	-83.0	-83.0	-10.375	-10.375	False	False	morphology	determiner_noun_agreement	Write a natural, coherent English sentence.
512	10	Many ladies weren't passing these old oases.	Many ladies weren't passing this old oases.	-114.0	-114.0	-10.375	-10.375	False	False	morphology	determiner_noun_agreement	Write a natural, coherent English sentence.
513	10	A waiter brought those purple teeth.	A waiter brought that purple teeth.	-83.0	-83.0	-10.375	-10.375	False	False	morphology	determiner_noun_agreement	Write a natural, coherent English sentence.
514	10	Beverly has fired this fast alumnus.	Beverly has fired these fast alumnus.	-103.5	-103.5	-10.375	-10.375	False	False	morphology	determiner_noun_agreement	Write a natural, coherent English sentence.
515	10	Men haven't observed that standing man.	Men haven't observed those standing man.	-93.0	-93.5	-10.375	-10.375	True	False	morphology	determiner_noun_agreement	Write a natural, coherent English sentence.
516	10	Tiffany admired this ill child.	Tiffany admired these ill child.	-93.5	-93.5	-10.375	-10.375	False	False	morphology	determiner_noun_agreement	Write a natural, coherent English sentence.
517	10	That patient didn't love that unemployed alumnus.	That patient didn't love those unemployed alumnus.	-135.0	-135.0	-10.375	-10.375	False	False	morphology	determiner_noun_agreement	Write a natural, coherent English sentence.
518	10	Aaron reveals that red tooth.	Aaron reveals those red tooth.	-62.25	-62.25	-10.375	-10.375	False	False	morphology	determiner_noun_agreement	Write a natural, coherent English sentence.
519	10	Monica was insulting those bad people.	Monica was insulting that bad people.	-93.5	-93.5	-10.375	-10.375	False	False	morphology	determiner_noun_agreement	Write a natural, coherent English sentence.
520	10	These teenagers watch that old alumnus.	These teenagers watch those old alumnus.	-103.5	-103.5	-10.375	-10.375	False	False	morphology	determiner_noun_agreement	Write a natural, coherent English sentence.
521	10	Tina might confuse this exposed child.	Tina might confuse these exposed child.	-93.5	-93.5	-10.375	-10.375	False	False	morphology	determiner_noun_agreement	Write a natural, coherent English sentence.
522	10	A face was confusing that nice woman.	A face was confusing those nice woman.	-83.0	-83.0	-10.375	-10.375	False	False	morphology	determiner_noun_agreement	Write a natural, coherent English sentence.
523	10	An adult researches that good analysis.	An adult researches those good analysis.	-104.0	-104.0	-10.375	-10.375	False	False	morphology	determiner_noun_agreement	Write a natural, coherent English sentence.
524	10	Some broccoli isn't annoying these unconvinced women.	Some broccoli isn't annoying this unconvinced women.	-156.0	-156.0	-10.375	-10.375	False	False	morphology	determiner_noun_agreement	Write a natural, coherent English sentence.
525	10	Nancy talks about these content children.	Nancy talks about this content children.	-72.5	-72.5	-10.375	-10.375	False	False	morphology	determiner_noun_agreement	Write a natural, coherent English sentence.
526	10	Regina found this lost ox.	Regina found these lost ox.	-83.0	-83.0	-10.375	-10.375	False	False	morphology	determiner_noun_agreement	Write a natural, coherent English sentence.
527	10	Emily had respected that clever man.	Emily had respected those clever man.	-72.5	-72.5	-10.375	-10.375	False	False	morphology	determiner_noun_agreement	Write a natural, coherent English sentence.
528	10	Kathleen has worked with this confident man.	Kathleen has worked with these confident man.	-93.5	-93.5	-10.375	-10.375	False	False	morphology	determiner_noun_agreement	Write a natural, coherent English sentence.
529	10	Most customers are distracting these determined children.	Most customers are distracting this determined children.	-93.0	-93.0	-10.375	-10.375	False	False	morphology	determiner_noun_agreement	Write a natural, coherent English sentence.
530	10	Rachelle didn't cure this black octopus.	Rachelle didn't cure these black octopus.	-124.5	-124.5	-10.375	-10.375	False	False	morphology	determiner_noun_agreement	Write a natural, coherent English sentence.
531	10	Steven hugs these standing men.	Steven hugs this standing men.	-72.5	-72.5	-10.375	-10.375	False	False	morphology	determiner_noun_agreement	Write a natural, coherent English sentence.
532	10	Every popsicle shocked those excited men.	Every popsicle shocked that excited men.	-93.5	-93.5	-10.375	-10.375	False	False	morphology	determiner_noun_agreement	Write a natural, coherent English sentence.
533	10	Sonia lifts that new oasis.	Sonia lifts those new oasis.	-93.0	-93.0	-10.375	-10.375	False	False	morphology	determiner_noun_agreement	Write a natural, coherent English sentence.
534	10	Cheryl might tour that purple oasis.	Cheryl might tour those purple oasis.	-93.0	-93.5	-10.375	-10.375	True	False	morphology	determiner_noun_agreement	Write a natural, coherent English sentence.
535	10	This doctor appreciates this bad child.	This doctor appreciates these bad child.	-83.0	-83.0	-10.375	-10.375	False	False	morphology	determiner_noun_agreement	Write a natural, coherent English sentence.
536	10	Leslie breaks those red feet.	Leslie breaks that red feet.	-72.5	-72.5	-10.375	-10.375	False	False	morphology	determiner_noun_agreement	Write a natural, coherent English sentence.
537	10	Bethany hasn't hidden that yellow louse.	Bethany hasn't hidden those yellow louse.	-114.0	-114.0	-10.375	-10.375	False	False	morphology	determiner_noun_agreement	Write a natural, coherent English sentence.
538	10	Some people have criticized this brown thesis.	Some people have criticized these brown thesis.	-93.0	-93.0	-10.375	-10.375	False	False	morphology	determiner_noun_agreement	Write a natural, coherent English sentence.
539	10	Noah heals this determined child.	Noah heals these determined child.	-72.5	-72.5	-10.375	-10.375	False	False	morphology	determiner_noun_agreement	Write a natural, coherent English sentence.
540	10	Kevin biked to those big oases.	Kevin biked to that big oases.	-103.5	-103.5	-10.375	-10.375	False	False	morphology	determiner_noun_agreement	Write a natural, coherent English sentence.
541	10	Wayne hadn't bored these sick men.	Wayne hadn't bored this sick men.	-93.5	-93.5	-10.375	-10.375	False	False	morphology	determiner_noun_agreement	Write a natural, coherent English sentence.
542	10	Amy returns to those young alumni.	Amy returns to that young alumni.	-93.5	-93.5	-10.375	-10.375	False	False	morphology	determiner_noun_agreement	Write a natural, coherent English sentence.
543	10	That gate did aggravate this excited woman.	That gate did aggravate these excited woman.	-104.0	-104.0	-10.375	-10.375	False	False	morphology	determiner_noun_agreement	Write a natural, coherent English sentence.
544	10	Melissa observes that bad child.	Melissa observes those bad child.	-83.0	-83.0	-10.375	-10.375	False	False	morphology	determiner_noun_agreement	Write a natural, coherent English sentence.
545	10	Kathleen wasn't scanning those long synopses.	Kathleen wasn't scanning that long synopses.	-135.0	-135.0	-10.375	-10.375	False	False	morphology	determiner_noun_agreement	Write a natural, coherent English sentence.
546	10	That guy dropped by these white oases.	That guy dropped by this white oases.	-93.0	-93.5	-10.375	-10.375	True	False	morphology	determiner_noun_agreement	Write a natural, coherent English sentence.
547	10	Every child might fire this serious child.	Every child might fire these serious child.	-83.0	-83.0	-10.375	-10.375	False	False	morphology	determiner_noun_agreement	Write a natural, coherent English sentence.
548	10	Meredith had concealed that black thesis.	Meredith had concealed those black thesis.	-104.0	-103.5	-10.375	-10.375	False	False	morphology	determiner_noun_agreement	Write a natural, coherent English sentence.
549	10	Randolf didn't see these blue teeth.	Randolf didn't see this blue teeth.	-104.0	-103.5	-10.375	-10.375	False	False	morphology	determiner_noun_agreement	Write a natural, coherent English sentence.
550	10	Some guy passes that rough oasis.	Some guy passes those rough oasis.	-83.0	-83.0	-10.375	-10.375	False	False	morphology	determiner_noun_agreement	Write a natural, coherent English sentence.
551	10	Guys hurts that smart man.	Guys hurts those smart man.	-83.0	-83.0	-10.375	-10.375	False	False	morphology	determiner_noun_agreement	Write a natural, coherent English sentence.
552	10	Many museums should describe this fast man.	Many museums should describe these fast man.	-93.0	-93.5	-10.375	-10.375	True	False	morphology	determiner_noun_agreement	Write a natural, coherent English sentence.
553	10	A lot of chairs haven't embarrassed this serious man.	A lot of chairs haven't embarrassed these serious man.	-124.5	-124.5	-10.375	-10.375	False	False	morphology	determiner_noun_agreement	Write a natural, coherent English sentence.
554	10	Emily talked about that ill alumnus.	Emily talked about those ill alumnus.	-93.0	-93.0	-10.375	-10.375	False	False	morphology	determiner_noun_agreement	Write a natural, coherent English sentence.
555	10	A lot of girls notice these black lice.	A lot of girls notice this black lice.	-103.5	-103.5	-10.375	-10.375	False	False	morphology	determiner_noun_agreement	Write a natural, coherent English sentence.
556	10	Those schools reference that green thesis.	Those schools reference those green thesis.	-72.5	-72.5	-10.375	-10.375	False	False	morphology	determiner_noun_agreement	Write a natural, coherent English sentence.
557	10	Bradley had bored this delighted alumnus.	Bradley had bored these delighted alumnus.	-103.5	-103.5	-10.375	-10.375	False	False	morphology	determiner_noun_agreement	Write a natural, coherent English sentence.
558	10	Melinda scares this good woman.	Melinda scares these good woman.	-83.0	-83.0	-10.375	-10.375	False	False	morphology	determiner_noun_agreement	Write a natural, coherent English sentence.
559	10	Those pedestrians go to those big oases.	Those pedestrians go to that big oases.	-114.0	-114.0	-10.375	-10.375	False	False	morphology	determiner_noun_agreement	Write a natural, coherent English sentence.
560	10	Many doctors escaped from that lost child.	Many doctors escaped from those lost child.	-83.0	-83.0	-10.375	-10.375	False	False	morphology	determiner_noun_agreement	Write a natural, coherent English sentence.
561	10	Tamara isn't revealing that orange ox.	Tamara isn't revealing those orange ox.	-103.5	-103.5	-10.375	-10.375	False	False	morphology	determiner_noun_agreement	Write a natural, coherent English sentence.
562	10	Many patients arrive at that hidden oasis.	Many patients arrive at those hidden oasis.	-93.5	-93.5	-10.375	-10.375	False	False	morphology	determiner_noun_agreement	Write a natural, coherent English sentence.
563	10	Beth leaves these happy children.	Beth leaves this happy children.	-62.25	-62.25	-10.375	-10.375	False	False	morphology	determiner_noun_agreement	Write a natural, coherent English sentence.
564	10	Deanna broke that yellow foot.	Deanna broke those yellow foot.	-72.5	-72.5	-10.375	-10.375	False	False	morphology	determiner_noun_agreement	Write a natural, coherent English sentence.
565	10	Jessica had talked to that concealed man.	Jessica had talked to those concealed man.	-93.5	-93.5	-10.375	-10.375	False	False	morphology	determiner_noun_agreement	Write a natural, coherent English sentence.
566	10	Those actors praise those long synopses.	Those actors praise that long synopses.	-93.5	-93.5	-10.375	-10.375	False	False	morphology	determiner_noun_agreement	Write a natural, coherent English sentence.
567	10	This coat hasn't astounded these popular men.	This coat hasn't astounded this popular men.	-124.5	-124.5	-10.375	-10.375	False	False	morphology	determiner_noun_agreement	Write a natural, coherent English sentence.
568	10	Wendy does talk to this scared alumnus.	Wendy does talk to these scared alumnus.	-114.0	-114.0	-10.375	-10.375	False	False	morphology	determiner_noun_agreement	Write a natural, coherent English sentence.
569	10	Christine is questioning these happy men.	Christine is questioning this happy men.	-83.0	-83.0	-10.375	-10.375	False	False	morphology	determiner_noun_agreement	Write a natural, coherent English sentence.
570	10	All doctors loved that displeased man.	All doctors loved those displeased man.	-93.5	-93.5	-10.375	-10.375	False	False	morphology	determiner_noun_agreement	Write a natural, coherent English sentence.
571	10	Waitresses researched these long synopses.	Waitresses researched this long synopses.	-135.0	-135.0	-10.375	-10.375	False	False	morphology	determiner_noun_agreement	Write a natural, coherent English sentence.
572	10	Alexander can flee from this nice woman.	Alexander can flee from these nice woman.	-93.5	-93.0	-10.375	-10.375	False	False	morphology	determiner_noun_agreement	Write a natural, coherent English sentence.
573	10	Walter hadn't hated this fast man.	Walter hadn't hated these fast man.	-93.5	-93.5	-10.375	-10.375	False	False	morphology	determiner_noun_agreement	Write a natural, coherent English sentence.
574	10	Those cashiers buy those smooth lice.	Those cashiers buy that smooth lice.	-93.5	-93.0	-10.375	-10.375	False	False	morphology	determiner_noun_agreement	Write a natural, coherent English sentence.
575	10	Sonia hid that determined child.	Sonia hid those determined child.	-72.5	-72.5	-10.375	-10.375	False	False	morphology	determiner_noun_agreement	Write a natural, coherent English sentence.
576	10	Barbara is observing that excited person.	Barbara is observing those excited person.	-83.0	-83.0	-10.375	-10.375	False	False	morphology	determiner_noun_agreement	Write a natural, coherent English sentence.
577	10	That company stuns these unconvinced women.	That company stuns this unconvinced women.	-114.0	-114.0	-10.375	-10.375	False	False	morphology	determiner_noun_agreement	Write a natural, coherent English sentence.
578	10	Paul thought about those bad theses.	Paul thought about that bad theses.	-83.0	-83.0	-10.375	-10.375	False	False	morphology	determiner_noun_agreement	Write a natural, coherent English sentence.
579	10	Victoria escaped from these displeased children.	Victoria escaped from this displeased children.	-93.5	-93.0	-10.375	-10.375	False	False	morphology	determiner_noun_agreement	Write a natural, coherent English sentence.
580	10	Brad notices this big octopus.	Brad notices these big octopus.	-93.0	-93.0	-10.375	-10.375	False	False	morphology	determiner_noun_agreement	Write a natural, coherent English sentence.
581	10	Adam is praising those yellow theses.	Adam is praising that yellow theses.	-93.5	-93.5	-10.375	-10.375	False	False	morphology	determiner_noun_agreement	Write a natural, coherent English sentence.
582	10	Douglas did tour those hidden oases.	Douglas did tour that hidden oases.	-83.0	-83.0	-10.375	-10.375	False	False	morphology	determiner_noun_agreement	Write a natural, coherent English sentence.
583	10	Gerald couldn't know these happy men.	Gerald couldn't know this happy men.	-103.5	-103.5	-10.375	-10.375	False	False	morphology	determiner_noun_agreement	Write a natural, coherent English sentence.
584	10	Those women hug that smart man.	Those women hug those smart man.	-72.5	-72.5	-10.375	-10.375	False	False	morphology	determiner_noun_agreement	Write a natural, coherent English sentence.
585	10	These senators wouldn't forget that long synopsis.	These senators wouldn't forget those long synopsis.	-124.5	-124.5	-10.375	-10.375	False	False	morphology	determiner_noun_agreement	Write a natural, coherent English sentence.
586	10	Edward took those lost stimuli.	Edward took that lost stimuli.	-72.5	-72.5	-10.375	-10.375	False	False	morphology	determiner_noun_agreement	Write a natural, coherent English sentence.
587	10	The waitresses did know this lucky person.	The waitresses did know these lucky person.	-103.5	-103.5	-10.375	-10.375	False	False	morphology	determiner_noun_agreement	Write a natural, coherent English sentence.
588	10	That library might love this important person.	That library might love these important person.	-83.0	-83.0	-10.375	-10.375	False	False	morphology	determiner_noun_agreement	Write a natural, coherent English sentence.
589	10	Carrie was healing this gray octopus.	Carrie was healing these gray octopus.	-104.0	-104.0	-10.375	-10.375	False	False	morphology	determiner_noun_agreement	Write a natural, coherent English sentence.
590	10	Sonia hadn't cleaned those gray teeth.	Sonia hadn't cleaned that gray teeth.	-103.5	-103.5	-10.375	-10.375	False	False	morphology	determiner_noun_agreement	Write a natural, coherent English sentence.
591	10	The Lutherans alarmed this confident woman.	The Lutherans alarmed these confident woman.	-93.5	-93.5	-10.375	-10.375	False	False	morphology	determiner_noun_agreement	Write a natural, coherent English sentence.
592	10	This shirt impressed those popular people.	This shirt impressed that popular people.	-72.5	-72.5	-10.375	-10.375	False	False	morphology	determiner_noun_agreement	Write a natural, coherent English sentence.
593	10	Some schools love that employed person.	Some schools love those employed person.	-72.5	-72.5	-10.375	-10.375	False	False	morphology	determiner_noun_agreement	Write a natural, coherent English sentence.
594	10	Valerie hasn't known this young child.	Valerie hasn't known these young child.	-104.0	-104.0	-10.375	-10.375	False	False	morphology	determiner_noun_agreement	Write a natural, coherent English sentence.
595	10	Scott respected those displeased men.	Scott respected that displeased men.	-83.0	-83.0	-10.375	-10.375	False	False	morphology	determiner_noun_agreement	Write a natural, coherent English sentence.
596	10	The ladies work with those lost children.	The ladies work with that lost children.	-83.0	-83.0	-10.375	-10.375	False	False	morphology	determiner_noun_agreement	Write a natural, coherent English sentence.
597	10	Dawn had biked to this small oasis.	Dawn had biked to these small oasis.	-124.5	-124.5	-10.375	-10.375	False	False	morphology	determiner_noun_agreement	Write a natural, coherent English sentence.
598	10	Samantha would explore that gray oasis.	Samantha would explore those gray oasis.	-103.5	-103.5	-10.375	-10.375	False	False	morphology	determiner_noun_agreement	Write a natural, coherent English sentence.
599	10	All steps upset those unemployed men.	All steps upset that unemployed men.	-83.0	-83.0	-10.375	-10.375	False	False	morphology	determiner_noun_agreement	Write a natural, coherent English sentence.
600	10	Marla has described that unemployed woman.	Marla has described those unemployed woman.	-93.5	-93.5	-10.375	-10.375	False	False	morphology	determiner_noun_agreement	Write a natural, coherent English sentence.
601	10	Most universities bore those excited children.	Most universities bore that excited children.	-72.5	-72.5	-10.375	-10.375	False	False	morphology	determiner_noun_agreement	Write a natural, coherent English sentence.
602	10	These banks should reference that purple thesis.	These banks should reference those purple thesis.	-83.0	-83.0	-10.375	-10.375	False	False	morphology	determiner_noun_agreement	Write a natural, coherent English sentence.
603	10	Sherry brought those concealed geese.	Sherry brought that concealed geese.	-93.5	-93.5	-10.375	-10.375	False	False	morphology	determiner_noun_agreement	Write a natural, coherent English sentence.
604	10	Many pedestrians complain about these long analyses.	Many pedestrians complain about this long analyses.	-114.0	-114.0	-10.375	-10.375	False	False	morphology	determiner_noun_agreement	Write a natural, coherent English sentence.
605	10	Theresa fixed these small teeth.	Theresa fixed this small teeth.	-72.5	-72.5	-10.375	-10.375	False	False	morphology	determiner_noun_agreement	Write a natural, coherent English sentence.
606	10	This lake disturbed those unconvinced men.	This lake disturbed that unconvinced men.	-114.0	-114.0	-10.375	-10.375	False	False	morphology	determiner_noun_agreement	Write a natural, coherent English sentence.
607	10	Catherine was talking about those bad synopses.	Catherine was talking about that bad synopses.	-103.5	-103.5	-10.375	-10.375	False	False	morphology	determiner_noun_agreement	Write a natural, coherent English sentence.
608	10	Alicia had escaped from these hidden men.	Alicia had escaped from this hidden men.	-103.5	-103.5	-10.375	-10.375	False	False	morphology	determiner_noun_agreement	Write a natural, coherent English sentence.
609	10	Natalie hasn't worked with this confident woman.	Natalie hasn't worked with these confident woman.	-114.0	-114.0	-10.375	-10.375	False	False	morphology	determiner_noun_agreement	Write a natural, coherent English sentence.
610	10	Amelia annoyed this smart man.	Amelia annoyed these smart man.	-83.0	-83.0	-10.375	-10.375	False	False	morphology	determiner_noun_agreement	Write a natural, coherent English sentence.
611	10	Every guest is irritating this serious child.	Every guest is irritating these serious child.	-93.5	-93.5	-10.375	-10.375	False	False	morphology	determiner_noun_agreement	Write a natural, coherent English sentence.
612	10	All reports annoyed this hopeful person.	All reports annoyed these hopeful person.	-93.0	-93.0	-10.375	-10.375	False	False	morphology	determiner_noun_agreement	Write a natural, coherent English sentence.
613	10	These women break those orange teeth.	These women break that orange teeth.	-72.5	-72.5	-10.375	-10.375	False	False	morphology	determiner_noun_agreement	Write a natural, coherent English sentence.
614	10	Christopher could shock this excited child.	Christopher could shock these excited child.	-72.5	-72.5	-10.375	-10.375	False	False	morphology	determiner_noun_agreement	Write a natural, coherent English sentence.
615	10	This spotlight hasn't disgusted that employed child.	This spotlight hasn't disgusted those employed child.	-124.5	-124.5	-10.375	-10.375	False	False	morphology	determiner_noun_agreement	Write a natural, coherent English sentence.
616	10	Samantha fled from that busy child.	Samantha fled from those busy child.	-93.0	-93.0	-10.375	-10.375	False	False	morphology	determiner_noun_agreement	Write a natural, coherent English sentence.
617	10	Lucille arrived at that hard oasis.	Lucille arrived at those hard oasis.	-93.0	-93.0	-10.375	-10.375	False	False	morphology	determiner_noun_agreement	Write a natural, coherent English sentence.
618	10	All teachers see those yellow lice.	All teachers see that yellow lice.	-83.0	-83.0	-10.375	-10.375	False	False	morphology	determiner_noun_agreement	Write a natural, coherent English sentence.
619	10	Some photographs haven't looked like these small octopi.	Some photographs haven't looked like this small octopi.	-135.0	-135.0	-10.375	-10.375	False	False	morphology	determiner_noun_agreement	Write a natural, coherent English sentence.
620	10	Danielle brought those blue feet.	Danielle brought that blue feet.	-72.5	-72.5	-10.375	-10.375	False	False	morphology	determiner_noun_agreement	Write a natural, coherent English sentence.
621	10	Todd hadn't left those exposed men.	Todd hadn't left that exposed men.	-93.5	-93.5	-10.375	-10.375	False	False	morphology	determiner_noun_agreement	Write a natural, coherent English sentence.
622	10	Some doctors embarrasses those delighted alumni.	Some doctors embarrasses that delighted alumni.	-103.5	-103.5	-10.375	-10.375	False	False	morphology	determiner_noun_agreement	Write a natural, coherent English sentence.
623	10	The actresses forget that unemployed alumnus.	The actresses forget those unemployed alumnus.	-114.0	-114.0	-10.375	-10.375	False	False	morphology	determiner_noun_agreement	Write a natural, coherent English sentence.
624	10	A lot of socks alarm this unsure alumnus.	A lot of socks alarm these unsure alumnus.	-124.5	-124.0	-10.375	-10.375	False	False	morphology	determiner_noun_agreement	Write a natural, coherent English sentence.
625	10	The customers are thinking about that busy child.	The customers are thinking about those busy child.	-93.5	-93.5	-10.375	-10.375	False	False	morphology	determiner_noun_agreement	Write a natural, coherent English sentence.
626	10	Kristin wasn't kissing those small men.	Kristin wasn't kissing that small men.	-114.0	-114.0	-10.375	-10.375	False	False	morphology	determiner_noun_agreement	Write a natural, coherent English sentence.
627	10	Omar hasn't broken this broken foot.	Omar hasn't broken these broken foot.	-103.5	-103.5	-10.375	-10.375	False	False	morphology	determiner_noun_agreement	Write a natural, coherent English sentence.
628	10	The actress worked with this nice woman.	The actress worked with these nice woman.	-83.0	-83.0	-10.375	-10.375	False	False	morphology	determiner_noun_agreement	Write a natural, coherent English sentence.
629	10	Patients insult these happy people.	Patients insult this happy people.	-72.5	-72.5	-10.375	-10.375	False	False	morphology	determiner_noun_agreement	Write a natural, coherent English sentence.
630	10	Spain bought those orange lice.	Spain bought that orange lice.	-72.5	-72.5	-10.375	-10.375	False	False	morphology	determiner_noun_agreement	Write a natural, coherent English sentence.
631	10	Those waiters didn't kiss this unlucky child.	Those waiters didn't kiss these unlucky child.	-135.0	-135.0	-10.375	-10.375	False	False	morphology	determiner_noun_agreement	Write a natural, coherent English sentence.
632	10	Jennifer isn't touring these old oases.	Jennifer isn't touring this old oases.	-114.0	-114.0	-10.375	-10.375	False	False	morphology	determiner_noun_agreement	Write a natural, coherent English sentence.
633	10	Glaciers upset this small child.	Glaciers upset these small child.	-83.0	-83.0	-10.375	-10.375	False	False	morphology	determiner_noun_agreement	Write a natural, coherent English sentence.
634	10	John investigated these old men.	John investigated this old men.	-62.25	-62.25	-10.375	-10.375	False	False	morphology	determiner_noun_agreement	Write a natural, coherent English sentence.
635	10	Some doctors hated these yellow theses.	Some doctors hated this yellow theses.	-83.0	-83.0	-10.375	-10.375	False	False	morphology	determiner_noun_agreement	Write a natural, coherent English sentence.
636	10	Linda described that clever man.	Linda described those clever man.	-62.25	-62.25	-10.375	-10.375	False	False	morphology	determiner_noun_agreement	Write a natural, coherent English sentence.
637	10	Many drawings are looking like these excited women.	Many drawings are looking like this excited women.	-93.5	-93.5	-10.375	-10.375	False	False	morphology	determiner_noun_agreement	Write a natural, coherent English sentence.
638	10	Mitchell had concealed that small tooth.	Mitchell had concealed those small tooth.	-83.0	-83.0	-10.375	-10.375	False	False	morphology	determiner_noun_agreement	Write a natural, coherent English sentence.
639	10	Every dog had irritated this young child.	Every dog had irritated these young child.	-93.0	-93.0	-10.375	-10.375	False	False	morphology	determiner_noun_agreement	Write a natural, coherent English sentence.
640	10	Some doctors lift this exposed ox.	Some doctors lift these exposed ox.	-72.5	-72.5	-10.375	-10.375	False	False	morphology	determiner_noun_agreement	Write a natural, coherent English sentence.
641	10	Valerie was disgusting that happy woman.	Valerie was disgusting those happy woman.	-93.5	-93.5	-10.375	-10.375	False	False	morphology	determiner_noun_agreement	Write a natural, coherent English sentence.
642	10	Claire hugs those clever men.	Claire hugs that clever men.	-72.5	-72.5	-10.375	-10.375	False	False	morphology	determiner_noun_agreement	Write a natural, coherent English sentence.
643	10	All adults go to these white oases.	All adults go to this white oases.	-93.5	-93.5	-10.375	-10.375	False	False	morphology	determiner_noun_agreement	Write a natural, coherent English sentence.
644	10	Bill observed this nice child.	Bill observed these nice child.	-62.25	-62.25	-10.375	-10.375	False	False	morphology	determiner_noun_agreement	Write a natural, coherent English sentence.
645	10	Diana kissed these delighted alumni.	Diana kissed this delighted alumni.	-83.0	-83.0	-10.375	-10.375	False	False	morphology	determiner_noun_agreement	Write a natural, coherent English sentence.
646	10	Governments are describing those sick people.	Governments are describing that sick people.	-83.0	-83.0	-10.375	-10.375	False	False	morphology	determiner_noun_agreement	Write a natural, coherent English sentence.
647	10	The doctors cure that young woman.	The doctors cure those young woman.	-72.5	-72.5	-10.375	-10.375	False	False	morphology	determiner_noun_agreement	Write a natural, coherent English sentence.
648	10	Dancers did disagree with this ill child.	Dancers did disagree with these ill child.	-93.5	-93.5	-10.375	-10.375	False	False	morphology	determiner_noun_agreement	Write a natural, coherent English sentence.
649	10	Veronica couldn't embarrass these exposed men.	Veronica couldn't embarrass this exposed men.	-114.0	-114.0	-10.375	-10.375	False	False	morphology	determiner_noun_agreement	Write a natural, coherent English sentence.
650	10	The students cared for that delighted man.	The students cared for those delighted man.	-83.0	-83.0	-10.375	-10.375	False	False	morphology	determiner_noun_agreement	Write a natural, coherent English sentence.
651	10	Steve conceals these important men.	Steve conceals this important men.	-72.5	-72.5	-10.375	-10.375	False	False	morphology	determiner_noun_agreement	Write a natural, coherent English sentence.
652	10	These actresses will talk to these content men.	These actresses will talk to this content men.	-103.5	-103.5	-10.375	-10.375	False	False	morphology	determiner_noun_agreement	Write a natural, coherent English sentence.
653	10	That teenager wouldn't buy these rough oxen.	That teenager wouldn't buy this rough oxen.	-114.0	-114.0	-10.375	-10.375	False	False	morphology	determiner_noun_agreement	Write a natural, coherent English sentence.
654	10	Sheila wouldn't kiss that happy child.	Sheila wouldn't kiss those happy child.	-103.5	-103.5	-10.375	-10.375	False	False	morphology	determiner_noun_agreement	Write a natural, coherent English sentence.
655	10	Erin drove to these out in the open oases.	Erin drove to this out in the open oases.	-124.5	-124.5	-10.375	-10.375	False	False	morphology	determiner_noun_agreement	Write a natural, coherent English sentence.
656	10	Every hat has embarrassed those hopeful people.	Every hat has embarrassed that hopeful people.	-93.0	-93.5	-10.375	-10.375	True	False	morphology	determiner_noun_agreement	Write a natural, coherent English sentence.
657	10	Every man is fleeing from that exposed oasis.	Every man is fleeing from those exposed oasis.	-114.0	-114.0	-10.375	-10.375	False	False	morphology	determiner_noun_agreement	Write a natural, coherent English sentence.
658	10	Some adults visit this ill man.	Some adults visit these ill man.	-72.5	-72.5	-10.375	-10.375	False	False	morphology	determiner_noun_agreement	Write a natural, coherent English sentence.
659	10	Janet did lift that good thesis.	Janet did lift those good thesis.	-83.0	-83.0	-10.375	-10.375	False	False	morphology	determiner_noun_agreement	Write a natural, coherent English sentence.
660	10	Katherine was cleaning this orange tooth.	Katherine was cleaning these orange tooth.	-83.0	-83.0	-10.375	-10.375	False	False	morphology	determiner_noun_agreement	Write a natural, coherent English sentence.
661	10	A lot of tomatoes can't confuse these ill alumni.	A lot of tomatoes can't confuse this ill alumni.	-166.0	-166.0	-10.375	-10.375	False	False	morphology	determiner_noun_agreement	Write a natural, coherent English sentence.
662	10	Rose goes to those out in the open oases.	Rose goes to that out in the open oases.	-114.0	-114.0	-10.375	-10.375	False	False	morphology	determiner_noun_agreement	Write a natural, coherent English sentence.
663	10	These governments criticize those gray oases.	These governments criticize that gray oases.	-93.5	-93.5	-10.375	-10.375	False	False	morphology	determiner_noun_agreement	Write a natural, coherent English sentence.
664	10	Kevin forgot those delighted men.	Kevin forgot that delighted men.	-62.25	-62.25	-10.375	-10.375	False	False	morphology	determiner_noun_agreement	Write a natural, coherent English sentence.
665	10	Most companies describe that long analysis.	Most companies describe those long analysis.	-72.5	-72.5	-10.375	-10.375	False	False	morphology	determiner_noun_agreement	Write a natural, coherent English sentence.
666	10	Vincent was skated around this small oasis.	Vincent was skated around these small oasis.	-103.5	-103.5	-10.375	-10.375	False	False	morphology	determiner_noun_agreement	Write a natural, coherent English sentence.
667	10	Many guys arrive at these out in the open oases.	Many guys arrive at this out in the open oases.	-124.0	-124.5	-10.375	-10.375	True	False	morphology	determiner_noun_agreement	Write a natural, coherent English sentence.
668	10	Gregory hadn't revealed these lost fungi.	Gregory hadn't revealed this lost fungi.	-104.0	-104.0	-10.375	-10.375	False	False	morphology	determiner_noun_agreement	Write a natural, coherent English sentence.
669	10	The cake stuns this standing man.	The cake stuns these standing man.	-83.0	-83.0	-10.375	-10.375	False	False	morphology	determiner_noun_agreement	Write a natural, coherent English sentence.
670	10	Cheryl isn't irritating that clever man.	Cheryl isn't irritating those clever man.	-114.0	-114.0	-10.375	-10.375	False	False	morphology	determiner_noun_agreement	Write a natural, coherent English sentence.
671	10	Some cat bores those old children.	Some cat bores that old children.	-83.0	-83.0	-10.375	-10.375	False	False	morphology	determiner_noun_agreement	Write a natural, coherent English sentence.
672	10	The actress knows that delighted child.	The actress knows those delighted child.	-72.5	-72.5	-10.375	-10.375	False	False	morphology	determiner_noun_agreement	Write a natural, coherent English sentence.
673	10	That actress had driven to these hidden oases.	That actress had driven to this hidden oases.	-103.5	-103.5	-10.375	-10.375	False	False	morphology	determiner_noun_agreement	Write a natural, coherent English sentence.
674	10	The Lutherans arrive at this cheap oasis.	The Lutherans arrive at these cheap oasis.	-103.5	-103.5	-10.375	-10.375	False	False	morphology	determiner_noun_agreement	Write a natural, coherent English sentence.
675	10	Diane was kissing those lost women.	Diane was kissing that lost women.	-93.5	-93.5	-10.375	-10.375	False	False	morphology	determiner_noun_agreement	Write a natural, coherent English sentence.
676	10	Larry disturbs this employed woman.	Larry disturbs these employed woman.	-83.0	-83.0	-10.375	-10.375	False	False	morphology	determiner_noun_agreement	Write a natural, coherent English sentence.
677	10	Pies shock this upset woman.	Pies shock these upset woman.	-72.5	-72.5	-10.375	-10.375	False	False	morphology	determiner_noun_agreement	Write a natural, coherent English sentence.
678	10	Some waiters hug this content alumnus.	Some waiters hug these content alumnus.	-103.5	-103.5	-10.375	-10.375	False	False	morphology	determiner_noun_agreement	Write a natural, coherent English sentence.
679	10	Anna talked to those unsure men.	Anna talked to that unsure men.	-83.0	-83.0	-10.375	-10.375	False	False	morphology	determiner_noun_agreement	Write a natural, coherent English sentence.
680	10	This school bores this determined man.	This school bores these determined man.	-83.0	-83.0	-10.375	-10.375	False	False	morphology	determiner_noun_agreement	Write a natural, coherent English sentence.
681	10	Omar had thought about these unemployed men.	Omar had thought about this unemployed men.	-103.5	-103.5	-10.375	-10.375	False	False	morphology	determiner_noun_agreement	Write a natural, coherent English sentence.
682	10	Winston Churchill cleaned these big nuclei.	Winston Churchill cleaned this big nuclei.	-103.5	-103.5	-10.375	-10.375	False	False	morphology	determiner_noun_agreement	Write a natural, coherent English sentence.
683	10	These organizations aren't concealing that exposed child.	These organizations aren't concealing those exposed child.	-114.0	-114.0	-10.375	-10.375	False	False	morphology	determiner_noun_agreement	Write a natural, coherent English sentence.
684	10	Erin bought this concealed axis.	Erin bought these concealed axis.	-83.0	-83.0	-10.375	-10.375	False	False	morphology	determiner_noun_agreement	Write a natural, coherent English sentence.
685	10	Dan examines this long analysis.	Dan examines these long analysis.	-72.5	-72.5	-10.375	-10.375	False	False	morphology	determiner_noun_agreement	Write a natural, coherent English sentence.
686	10	These drivers concealed these gray oxen.	These drivers concealed this gray oxen.	-93.0	-93.0	-10.375	-10.375	False	False	morphology	determiner_noun_agreement	Write a natural, coherent English sentence.
687	10	All children impresses this happy man.	All children impresses these happy man.	-83.0	-83.0	-10.375	-10.375	False	False	morphology	determiner_noun_agreement	Write a natural, coherent English sentence.
688	10	People will conceal that concealed man.	People will conceal those concealed man.	-93.5	-93.5	-10.375	-10.375	False	False	morphology	determiner_noun_agreement	Write a natural, coherent English sentence.
689	10	Some patient returns to this old man.	Some patient returns to these old man.	-83.0	-83.0	-10.375	-10.375	False	False	morphology	determiner_noun_agreement	Write a natural, coherent English sentence.
690	10	Many actresses discovered those big oases.	Many actresses discovered that big oases.	-93.0	-93.0	-10.375	-10.375	False	False	morphology	determiner_noun_agreement	Write a natural, coherent English sentence.
691	10	The school talks about those young alumni.	The school talks about that young alumni.	-103.5	-103.5	-10.375	-10.375	False	False	morphology	determiner_noun_agreement	Write a natural, coherent English sentence.
692	10	Omar admired these blue fungi.	Omar admired this blue fungi.	-93.5	-93.5	-10.375	-10.375	False	False	morphology	determiner_noun_agreement	Write a natural, coherent English sentence.
693	10	Some school can't hate these good people.	Some school can't hate this good people.	-104.0	-104.0	-10.375	-10.375	False	False	morphology	determiner_noun_agreement	Write a natural, coherent English sentence.
694	10	A lot of eggplants wouldn't disturb that determined woman.	A lot of eggplants wouldn't disturb those determined woman.	-145.0	-145.0	-10.375	-10.375	False	False	morphology	determiner_noun_agreement	Write a natural, coherent English sentence.
695	10	That cake could annoy these uncertain men.	That cake could annoy this uncertain men.	-83.0	-83.0	-10.375	-10.375	False	False	morphology	determiner_noun_agreement	Write a natural, coherent English sentence.
696	10	Lamps are worrying these hopeful alumni.	Lamps are worrying this hopeful alumni.	-114.0	-114.0	-10.375	-10.375	False	False	morphology	determiner_noun_agreement	Write a natural, coherent English sentence.
697	10	A lot of eggplants bore these excited alumni.	A lot of eggplants bore this excited alumni.	-135.0	-135.0	-10.375	-10.375	False	False	morphology	determiner_noun_agreement	Write a natural, coherent English sentence.
698	10	A lot of teachers arrived at these old oases.	A lot of teachers arrived at this old oases.	-114.0	-114.0	-10.375	-10.375	False	False	morphology	determiner_noun_agreement	Write a natural, coherent English sentence.
699	10	Most sweaters hurt those happy people.	Most sweaters hurt that happy people.	-83.0	-83.0	-10.375	-10.375	False	False	morphology	determiner_noun_agreement	Write a natural, coherent English sentence.
700	10	Tara scans those good analyses.	Tara scans that good analyses.	-93.5	-93.5	-10.375	-10.375	False	False	morphology	determiner_noun_agreement	Write a natural, coherent English sentence.
701	10	The man doesn't reference this out in the open woman.	The man doesn't reference these out in the open woman.	-135.0	-135.0	-10.375	-10.375	False	False	morphology	determiner_noun_agreement	Write a natural, coherent English sentence.
702	10	This cashier is leaving this employed person.	This cashier is leaving these employed person.	-93.0	-93.0	-10.375	-10.375	False	False	morphology	determiner_noun_agreement	Write a natural, coherent English sentence.
703	10	Bananas bother these clever alumni.	Bananas bother this clever alumni.	-93.5	-93.5	-10.375	-10.375	False	False	morphology	determiner_noun_agreement	Write a natural, coherent English sentence.
704	10	Some convertibles had worried those fast men.	Some convertibles had worried that fast men.	-93.0	-93.0	-10.375	-10.375	False	False	morphology	determiner_noun_agreement	Write a natural, coherent English sentence.
705	10	Carl bored those nice women.	Carl bored that nice women.	-62.25	-62.25	-10.375	-10.375	False	False	morphology	determiner_noun_agreement	Write a natural, coherent English sentence.
706	10	These teachers explore these old oases.	These teachers explore this old oases.	-83.0	-83.0	-10.375	-10.375	False	False	morphology	determiner_noun_agreement	Write a natural, coherent English sentence.
707	10	Many waiters work with this scared child.	Many waiters work with these scared child.	-93.5	-93.5	-10.375	-10.375	False	False	morphology	determiner_noun_agreement	Write a natural, coherent English sentence.
708	10	Committees admire that smart child.	Committees admire those smart child.	-93.5	-93.5	-10.375	-10.375	False	False	morphology	determiner_noun_agreement	Write a natural, coherent English sentence.
709	10	Matt approaches this exposed child.	Matt approaches these exposed child.	-62.25	-62.25	-10.375	-10.375	False	False	morphology	determiner_noun_agreement	Write a natural, coherent English sentence.
710	10	Brian talks to this lucky man.	Brian talks to these lucky man.	-72.5	-72.5	-10.375	-10.375	False	False	morphology	determiner_noun_agreement	Write a natural, coherent English sentence.
711	10	A boy isn't talking about that red oasis.	A boy isn't talking about those red oasis.	-124.5	-124.5	-10.375	-10.375	False	False	morphology	determiner_noun_agreement	Write a natural, coherent English sentence.
712	10	Phillip bought those black feet.	Phillip bought that black feet.	-72.5	-72.5	-10.375	-10.375	False	False	morphology	determiner_noun_agreement	Write a natural, coherent English sentence.
713	10	Eric isn't buying those brown geese.	Eric isn't buying that brown geese.	-104.0	-104.0	-10.375	-10.375	False	False	morphology	determiner_noun_agreement	Write a natural, coherent English sentence.
714	10	Elaine remembers this delighted woman.	Elaine remembers these delighted woman.	-83.0	-83.0	-10.375	-10.375	False	False	morphology	determiner_noun_agreement	Write a natural, coherent English sentence.
715	10	This pedestrian arrives at that smooth oasis.	This pedestrian arrives at those smooth oasis.	-103.5	-103.5	-10.375	-10.375	False	False	morphology	determiner_noun_agreement	Write a natural, coherent English sentence.
716	10	Those men forget these smart men.	Those men forget this smart men.	-72.5	-72.5	-10.375	-10.375	False	False	morphology	determiner_noun_agreement	Write a natural, coherent English sentence.
717	10	Tara might alarm this unsure person.	Tara might alarm these unsure person.	-93.5	-93.5	-10.375	-10.375	False	False	morphology	determiner_noun_agreement	Write a natural, coherent English sentence.
718	10	Vanessa was healing those purple geese.	Vanessa was healing that purple geese.	-93.5	-93.5	-10.375	-10.375	False	False	morphology	determiner_noun_agreement	Write a natural, coherent English sentence.
719	10	Steven hasn't questioned those troubled people.	Steven hasn't questioned that troubled people.	-103.5	-103.5	-10.375	-10.375	False	False	morphology	determiner_noun_agreement	Write a natural, coherent English sentence.
720	10	Thomas hides this clever woman.	Thomas hides these clever woman.	-72.5	-72.5	-10.375	-10.375	False	False	morphology	determiner_noun_agreement	Write a natural, coherent English sentence.
721	10	Most eyes confuse these content alumni.	Most eyes confuse this content alumni.	-103.5	-103.5	-10.375	-10.375	False	False	morphology	determiner_noun_agreement	Write a natural, coherent English sentence.
722	10	That dog aggravates this busy child.	That dog aggravates these busy child.	-93.5	-93.5	-10.375	-10.375	False	False	morphology	determiner_noun_agreement	Write a natural, coherent English sentence.
723	10	Karen has attacked this popular child.	Karen has attacked these popular child.	-72.5	-72.5	-10.375	-10.375	False	False	morphology	determiner_noun_agreement	Write a natural, coherent English sentence.
724	10	Heidi might confuse those displeased men.	Heidi might confuse that displeased men.	-114.0	-114.0	-10.375	-10.375	False	False	morphology	determiner_noun_agreement	Write a natural, coherent English sentence.
725	10	Maria kisses this bad person.	Maria kisses these bad person.	-72.5	-72.5	-10.375	-10.375	False	False	morphology	determiner_noun_agreement	Write a natural, coherent English sentence.
726	10	Tanya passes this purple oasis.	Tanya passes these purple oasis.	-83.0	-83.0	-10.375	-10.375	False	False	morphology	determiner_noun_agreement	Write a natural, coherent English sentence.
727	10	Marla has respected those delighted alumni.	Marla has respected that delighted alumni.	-104.0	-103.5	-10.375	-10.375	False	False	morphology	determiner_noun_agreement	Write a natural, coherent English sentence.
728	10	Paula is investigating this employed alumnus.	Paula is investigating these employed alumnus.	-114.0	-114.0	-10.375	-10.375	False	False	morphology	determiner_noun_agreement	Write a natural, coherent English sentence.
729	10	Most chairs aren't disgusting those serious women.	Most chairs aren't disgusting that serious women.	-114.0	-114.0	-10.375	-10.375	False	False	morphology	determiner_noun_agreement	Write a natural, coherent English sentence.
730	10	Men hadn't run around this purple oasis.	Men hadn't run around these purple oasis.	-114.0	-114.0	-10.375	-10.375	False	False	morphology	determiner_noun_agreement	Write a natural, coherent English sentence.
731	10	Tina hadn't arrived at those green oases.	Tina hadn't arrived at that green oases.	-124.5	-124.5	-10.375	-10.375	False	False	morphology	determiner_noun_agreement	Write a natural, coherent English sentence.
732	10	Karla knew this busy alumnus.	Karla knew these busy alumnus.	-93.0	-93.0	-10.375	-10.375	False	False	morphology	determiner_noun_agreement	Write a natural, coherent English sentence.
733	10	The actors care for these exposed people.	The actors care for this exposed people.	-83.0	-83.0	-10.375	-10.375	False	False	morphology	determiner_noun_agreement	Write a natural, coherent English sentence.
734	10	Michelle might alarm this employed man.	Michelle might alarm these employed man.	-72.5	-72.5	-10.375	-10.375	False	False	morphology	determiner_noun_agreement	Write a natural, coherent English sentence.
735	10	Maria hasn't walked through these hard oases.	Maria hasn't walked through this hard oases.	-114.0	-114.0	-10.375	-10.375	False	False	morphology	determiner_noun_agreement	Write a natural, coherent English sentence.
736	10	That report might disagree with those delighted men.	That report might disagree with that delighted men.	-93.5	-93.0	-10.375	-10.375	False	False	morphology	determiner_noun_agreement	Write a natural, coherent English sentence.
737	10	Actresses discuss this popular person.	Actresses discuss these popular person.	-83.0	-83.0	-10.375	-10.375	False	False	morphology	determiner_noun_agreement	Write a natural, coherent English sentence.
738	10	Holly won't watch these unlucky men.	Holly won't watch this unlucky men.	-114.0	-114.0	-10.375	-10.375	False	False	morphology	determiner_noun_agreement	Write a natural, coherent English sentence.
739	10	Carl was driving to those blue oases.	Carl was driving to that blue oases.	-93.5	-93.5	-10.375	-10.375	False	False	morphology	determiner_noun_agreement	Write a natural, coherent English sentence.
740	10	Bill passes that rough oasis.	Bill passes those rough oasis.	-72.5	-72.5	-10.375	-10.375	False	False	morphology	determiner_noun_agreement	Write a natural, coherent English sentence.
741	10	All men praise this good thesis.	All men praise these good thesis.	-72.5	-72.5	-10.375	-10.375	False	False	morphology	determiner_noun_agreement	Write a natural, coherent English sentence.
742	10	Many doctors should escape from these hopeful women.	Many doctors should escape from this hopeful women.	-103.5	-103.5	-10.375	-10.375	False	False	morphology	determiner_noun_agreement	Write a natural, coherent English sentence.
743	10	Many girls find these nice men.	Many girls find this nice men.	-72.5	-72.5	-10.375	-10.375	False	False	morphology	determiner_noun_agreement	Write a natural, coherent English sentence.
744	10	Every museum helps those concealed children.	Every museum helps that concealed children.	-83.0	-83.0	-10.375	-10.375	False	False	morphology	determiner_noun_agreement	Write a natural, coherent English sentence.
745	10	Marla was distracting these determined people.	Marla was distracting this determined people.	-93.5	-93.5	-10.375	-10.375	False	False	morphology	determiner_noun_agreement	Write a natural, coherent English sentence.
746	10	Those computers might confuse this nice child.	Those computers might confuse these nice child.	-93.5	-93.5	-10.375	-10.375	False	False	morphology	determiner_noun_agreement	Write a natural, coherent English sentence.
747	10	Tanya hasn't loved that content woman.	Tanya hasn't loved those content woman.	-104.0	-104.0	-10.375	-10.375	False	False	morphology	determiner_noun_agreement	Write a natural, coherent English sentence.
748	10	Theresa won't conceal those lost lice.	Theresa won't conceal that lost lice.	-124.5	-124.5	-10.375	-10.375	False	False	morphology	determiner_noun_agreement	Write a natural, coherent English sentence.
749	10	The Borgias do cure these out in the open octopi.	The Borgias do cure this out in the open octopi.	-156.0	-156.0	-10.375	-10.375	False	False	morphology	determiner_noun_agreement	Write a natural, coherent English sentence.
750	10	Kenneth messed up those lost teeth.	Kenneth messed up that lost teeth.	-93.0	-93.0	-10.375	-10.375	False	False	morphology	determiner_noun_agreement	Write a natural, coherent English sentence.
751	10	Jodi doesn't alarm these unsure people.	Jodi doesn't alarm this unsure people.	-114.0	-114.0	-10.375	-10.375	False	False	morphology	determiner_noun_agreement	Write a natural, coherent English sentence.
752	10	This customer scans those good analyses.	This customer scans that good analyses.	-93.5	-93.5	-10.375	-10.375	False	False	morphology	determiner_noun_agreement	Write a natural, coherent English sentence.
753	10	Vincent can't watch this hopeful alumnus.	Vincent can't watch these hopeful alumnus.	-124.5	-124.0	-10.375	-10.375	False	False	morphology	determiner_noun_agreement	Write a natural, coherent English sentence.
754	10	Jodi talked to this unconvinced child.	Jodi talked to these unconvinced child.	-114.0	-114.0	-10.375	-10.375	False	False	morphology	determiner_noun_agreement	Write a natural, coherent English sentence.
755	10	Katherine exited these exposed oases.	Katherine exited this exposed oases.	-93.5	-93.5	-10.375	-10.375	False	False	morphology	determiner_noun_agreement	Write a natural, coherent English sentence.
756	10	Beverly hasn't brought these rough fungi.	Beverly hasn't brought this rough fungi.	-114.0	-114.0	-10.375	-10.375	False	False	morphology	determiner_noun_agreement	Write a natural, coherent English sentence.
757	10	That unicycle is boring those standing children.	That unicycle is boring that standing children.	-103.5	-103.5	-10.375	-10.375	False	False	morphology	determiner_noun_agreement	Write a natural, coherent English sentence.
758	10	That boy can't escape from those unsure children.	That boy can't escape from that unsure children.	-124.5	-124.5	-10.375	-10.375	False	False	morphology	determiner_noun_agreement	Write a natural, coherent English sentence.
759	10	An adult bought these black axes.	An adult bought this black axes.	-83.0	-83.0	-10.375	-10.375	False	False	morphology	determiner_noun_agreement	Write a natural, coherent English sentence.
760	10	Sara isn't kissing this nice woman.	Sara isn't kissing these nice woman.	-103.5	-103.5	-10.375	-10.375	False	False	morphology	determiner_noun_agreement	Write a natural, coherent English sentence.
761	10	Robert couldn't embarrass those scared people.	Robert couldn't embarrass that scared people.	-93.5	-93.5	-10.375	-10.375	False	False	morphology	determiner_noun_agreement	Write a natural, coherent English sentence.
762	10	Deborah had fled from that important woman.	Deborah had fled from those important woman.	-103.5	-103.5	-10.375	-10.375	False	False	morphology	determiner_noun_agreement	Write a natural, coherent English sentence.
763	10	Brenda discussed that serious woman.	Brenda discussed those serious woman.	-72.5	-72.5	-10.375	-10.375	False	False	morphology	determiner_noun_agreement	Write a natural, coherent English sentence.
764	10	Some women questioned that big woman.	Some women questioned those big woman.	-72.5	-72.5	-10.375	-10.375	False	False	morphology	determiner_noun_agreement	Write a natural, coherent English sentence.
765	10	Rodney didn't kiss those displeased women.	Rodney didn't kiss that displeased women.	-124.5	-124.5	-10.375	-10.375	False	False	morphology	determiner_noun_agreement	Write a natural, coherent English sentence.
766	10	Carrie can help those lost alumni.	Carrie can help that lost alumni.	-104.0	-103.5	-10.375	-10.375	False	False	morphology	determiner_noun_agreement	Write a natural, coherent English sentence.
767	10	Many guests approach this lucky man.	Many guests approach these lucky man.	-72.5	-72.5	-10.375	-10.375	False	False	morphology	determiner_noun_agreement	Write a natural, coherent English sentence.
768	10	Some student messes up that hard foot.	Some student messes up those hard foot.	-93.0	-93.0	-10.375	-10.375	False	False	morphology	determiner_noun_agreement	Write a natural, coherent English sentence.
769	10	Some men had skated around these hard oases.	Some men had skated around this hard oases.	-114.0	-114.0	-10.375	-10.375	False	False	morphology	determiner_noun_agreement	Write a natural, coherent English sentence.
770	10	Some light would annoy those happy alumni.	Some light would annoy that happy alumni.	-103.5	-104.0	-10.375	-10.375	True	False	morphology	determiner_noun_agreement	Write a natural, coherent English sentence.
771	10	Many casseroles shock these unconvinced men.	Many casseroles shock this unconvinced men.	-124.5	-124.5	-10.375	-10.375	False	False	morphology	determiner_noun_agreement	Write a natural, coherent English sentence.
772	10	Carl talks about those confident children.	Carl talks about that confident children.	-72.5	-72.5	-10.375	-10.375	False	False	morphology	determiner_noun_agreement	Write a natural, coherent English sentence.
773	10	Timothy was dropping by those new oases.	Timothy was dropping by that new oases.	-104.0	-103.5	-10.375	-10.375	False	False	morphology	determiner_noun_agreement	Write a natural, coherent English sentence.
774	10	Lori has approached these scared people.	Lori has approached this scared people.	-83.0	-83.0	-10.375	-10.375	False	False	morphology	determiner_noun_agreement	Write a natural, coherent English sentence.
775	10	Jodi wouldn't mess up those orange feet.	Jodi wouldn't mess up that orange feet.	-114.0	-114.0	-10.375	-10.375	False	False	morphology	determiner_noun_agreement	Write a natural, coherent English sentence.
776	10	This newspaper article will embarrass this determined child.	This newspaper article will embarrass these determined child.	-93.5	-93.5	-10.375	-10.375	False	False	morphology	determiner_noun_agreement	Write a natural, coherent English sentence.
777	10	A lot of guys conceal this long analysis.	A lot of guys conceal these long analysis.	-103.5	-103.5	-10.375	-10.375	False	False	morphology	determiner_noun_agreement	Write a natural, coherent English sentence.
778	10	Lawrence fired that serious woman.	Lawrence fired those serious woman.	-62.25	-62.25	-10.375	-10.375	False	False	morphology	determiner_noun_agreement	Write a natural, coherent English sentence.
779	10	This story didn't bore this serious man.	This story didn't bore these serious man.	-104.0	-104.0	-10.375	-10.375	False	False	morphology	determiner_noun_agreement	Write a natural, coherent English sentence.
780	10	Mary can't remember that clever person.	Mary can't remember those clever person.	-93.5	-93.5	-10.375	-10.375	False	False	morphology	determiner_noun_agreement	Write a natural, coherent English sentence.
781	10	Marie could listen to that big woman.	Marie could listen to those big woman.	-83.0	-83.0	-10.375	-10.375	False	False	morphology	determiner_noun_agreement	Write a natural, coherent English sentence.
782	10	Clyde had those exposed axes.	Clyde had that exposed axes.	-93.5	-93.5	-10.375	-10.375	False	False	morphology	determiner_noun_agreement	Write a natural, coherent English sentence.
783	10	Victoria has left these delighted men.	Victoria has left this delighted men.	-72.5	-72.5	-10.375	-10.375	False	False	morphology	determiner_noun_agreement	Write a natural, coherent English sentence.
784	10	The Impressionists disagree with those bad analyses.	The Impressionists disagree with that bad analyses.	-114.0	-114.0	-10.375	-10.375	False	False	morphology	determiner_noun_agreement	Write a natural, coherent English sentence.
785	10	Amy took that hidden fungus.	Amy took those hidden fungus.	-83.0	-83.0	-10.375	-10.375	False	False	morphology	determiner_noun_agreement	Write a natural, coherent English sentence.
786	10	Rose was fixing this hard foot.	Rose was fixing these hard foot.	-72.5	-72.5	-10.375	-10.375	False	False	morphology	determiner_noun_agreement	Write a natural, coherent English sentence.
787	10	Most dishes weren't astounding these scared men.	Most dishes weren't astounding this scared men.	-124.5	-124.5	-10.375	-10.375	False	False	morphology	determiner_noun_agreement	Write a natural, coherent English sentence.
788	10	The doctor sees those smooth cacti.	The doctor sees that smooth cacti.	-93.5	-93.5	-10.375	-10.375	False	False	morphology	determiner_noun_agreement	Write a natural, coherent English sentence.
789	10	Rodney hadn't cured these white octopi.	Rodney hadn't cured this white octopi.	-135.0	-135.0	-10.375	-10.375	False	False	morphology	determiner_noun_agreement	Write a natural, coherent English sentence.
790	10	This museum hadn't disgusted these troubled men.	This museum hadn't disgusted this troubled men.	-124.5	-124.5	-10.375	-10.375	False	False	morphology	determiner_noun_agreement	Write a natural, coherent English sentence.
791	10	Patrick complained about those scared men.	Patrick complained about that scared men.	-72.5	-72.5	-10.375	-10.375	False	False	morphology	determiner_noun_agreement	Write a natural, coherent English sentence.
792	10	Jacqueline should stun these determined alumni.	Jacqueline should stun this determined alumni.	-124.5	-124.5	-10.375	-10.375	False	False	morphology	determiner_noun_agreement	Write a natural, coherent English sentence.
793	10	All apples worry this serious man.	All apples worry these serious man.	-83.0	-83.0	-10.375	-10.375	False	False	morphology	determiner_noun_agreement	Write a natural, coherent English sentence.
794	10	The drawing isn't scaring that old child.	The drawing isn't scaring those old child.	-114.0	-114.0	-10.375	-10.375	False	False	morphology	determiner_noun_agreement	Write a natural, coherent English sentence.
795	10	Veronica questioned this uncertain woman.	Veronica questioned these uncertain woman.	-83.0	-83.0	-10.375	-10.375	False	False	morphology	determiner_noun_agreement	Write a natural, coherent English sentence.
796	10	Vanessa hadn't known this determined alumnus.	Vanessa hadn't known these determined alumnus.	-124.5	-124.5	-10.375	-10.375	False	False	morphology	determiner_noun_agreement	Write a natural, coherent English sentence.
797	10	Cynthia hadn't kissed this unemployed man.	Cynthia hadn't kissed these unemployed man.	-135.0	-135.0	-10.375	-10.375	False	False	morphology	determiner_noun_agreement	Write a natural, coherent English sentence.
798	10	These companies irritate that exposed woman.	These companies irritate those exposed woman.	-83.0	-83.0	-10.375	-10.375	False	False	morphology	determiner_noun_agreement	Write a natural, coherent English sentence.
799	10	This dancer wasn't biking to this orange oasis.	This dancer wasn't biking to these orange oasis.	-145.0	-145.0	-10.375	-10.375	False	False	morphology	determiner_noun_agreement	Write a natural, coherent English sentence.
800	10	Those legislatures could disturb this upset alumnus.	Those legislatures could disturb these upset alumnus.	-114.0	-114.0	-10.375	-10.375	False	False	morphology	determiner_noun_agreement	Write a natural, coherent English sentence.
801	10	Some adult hasn't hidden these ill men.	Some adult hasn't hidden this ill men.	-103.5	-103.5	-10.375	-10.375	False	False	morphology	determiner_noun_agreement	Write a natural, coherent English sentence.
802	10	A cashier should insult these hidden children.	A cashier should insult this hidden children.	-93.5	-93.5	-10.375	-10.375	False	False	morphology	determiner_noun_agreement	Write a natural, coherent English sentence.
803	10	Danielle could annoy that confident man.	Danielle could annoy those confident man.	-83.0	-83.0	-10.375	-10.375	False	False	morphology	determiner_noun_agreement	Write a natural, coherent English sentence.
804	10	These teachers lift this exposed goose.	These teachers lift these exposed goose.	-83.0	-83.0	-10.375	-10.375	False	False	morphology	determiner_noun_agreement	Write a natural, coherent English sentence.
805	10	Christina drove to that exposed oasis.	Christina drove to those exposed oasis.	-93.0	-93.0	-10.375	-10.375	False	False	morphology	determiner_noun_agreement	Write a natural, coherent English sentence.
806	10	Jesus hadn't sounded like these hidden people.	Jesus hadn't sounded like this hidden people.	-103.5	-103.5	-10.375	-10.375	False	False	morphology	determiner_noun_agreement	Write a natural, coherent English sentence.
807	10	Many mushrooms irritate that upset man.	Many mushrooms irritate those upset man.	-93.5	-93.5	-10.375	-10.375	False	False	morphology	determiner_noun_agreement	Write a natural, coherent English sentence.
808	10	Some committee bought those white lice.	Some committee bought that white lice.	-83.0	-83.0	-10.375	-10.375	False	False	morphology	determiner_noun_agreement	Write a natural, coherent English sentence.
809	10	Daniel hasn't known this determined man.	Daniel hasn't known these determined man.	-93.5	-93.5	-10.375	-10.375	False	False	morphology	determiner_noun_agreement	Write a natural, coherent English sentence.
810	10	Art hadn't scared these serious alumni.	Art hadn't scared this serious alumni.	-114.0	-114.0	-10.375	-10.375	False	False	morphology	determiner_noun_agreement	Write a natural, coherent English sentence.
811	10	Alice fires this unconvinced child.	Alice fires these unconvinced child.	-93.5	-93.5	-10.375	-10.375	False	False	morphology	determiner_noun_agreement	Write a natural, coherent English sentence.
812	10	Melanie hid that exposed tooth.	Melanie hid those exposed tooth.	-72.5	-72.5	-10.375	-10.375	False	False	morphology	determiner_noun_agreement	Write a natural, coherent English sentence.
813	10	Most hamsters find that red tooth.	Most hamsters find those red tooth.	-83.0	-83.0	-10.375	-10.375	False	False	morphology	determiner_noun_agreement	Write a natural, coherent English sentence.
814	10	Those children explore those small oases.	Those children explore that small oases.	-83.0	-83.0	-10.375	-10.375	False	False	morphology	determiner_noun_agreement	Write a natural, coherent English sentence.
815	10	Most museums listen to this troubled man.	Most museums listen to these troubled man.	-103.5	-103.5	-10.375	-10.375	False	False	morphology	determiner_noun_agreement	Write a natural, coherent English sentence.
816	10	Patrick embarrassed this unemployed person.	Patrick embarrassed these unemployed person.	-72.5	-72.5	-10.375	-10.375	False	False	morphology	determiner_noun_agreement	Write a natural, coherent English sentence.
817	10	A lot of icicles had alarmed that hidden woman.	A lot of icicles had alarmed those hidden woman.	-124.5	-124.5	-10.375	-10.375	False	False	morphology	determiner_noun_agreement	Write a natural, coherent English sentence.
818	10	Matt hadn't impressed this exposed child.	Matt hadn't impressed these exposed child.	-93.5	-93.5	-10.375	-10.375	False	False	morphology	determiner_noun_agreement	Write a natural, coherent English sentence.
819	10	Eric might see those new feet.	Eric might see that new feet.	-72.5	-72.5	-10.375	-10.375	False	False	morphology	determiner_noun_agreement	Write a natural, coherent English sentence.
820	10	Some turtle can confuse this old alumnus.	Some turtle can confuse these old alumnus.	-135.0	-135.0	-10.375	-10.375	False	False	morphology	determiner_noun_agreement	Write a natural, coherent English sentence.
821	10	Most guests explore these smooth oases.	Most guests explore this smooth oases.	-83.0	-83.0	-10.375	-10.375	False	False	morphology	determiner_noun_agreement	Write a natural, coherent English sentence.
822	10	Brian has praised that happy alumnus.	Brian has praised those happy alumnus.	-93.5	-93.0	-10.375	-10.375	False	False	morphology	determiner_noun_agreement	Write a natural, coherent English sentence.
823	10	Karen sees these ill lice.	Karen sees this ill lice.	-72.5	-72.5	-10.375	-10.375	False	False	morphology	determiner_noun_agreement	Write a natural, coherent English sentence.
824	10	Alicia doesn't observe this confident alumnus.	Alicia doesn't observe these confident alumnus.	-135.0	-135.0	-10.375	-10.375	False	False	morphology	determiner_noun_agreement	Write a natural, coherent English sentence.
825	10	That horse does find this lost octopus.	That horse does find these lost octopus.	-103.5	-103.5	-10.375	-10.375	False	False	morphology	determiner_noun_agreement	Write a natural, coherent English sentence.
826	10	Those customers haven't annoyed those delighted children.	Those customers haven't annoyed that delighted children.	-114.0	-114.0	-10.375	-10.375	False	False	morphology	determiner_noun_agreement	Write a natural, coherent English sentence.
827	10	The Great Lakes confused these hidden women.	The Great Lakes confused this hidden women.	-93.5	-93.5	-10.375	-10.375	False	False	morphology	determiner_noun_agreement	Write a natural, coherent English sentence.
828	10	Russell watches these unsure women.	Russell watches this unsure women.	-72.5	-72.5	-10.375	-10.375	False	False	morphology	determiner_noun_agreement	Write a natural, coherent English sentence.
829	10	Jacqueline has concealed these long synopses.	Jacqueline has concealed this long synopses.	-124.5	-124.5	-10.375	-10.375	False	False	morphology	determiner_noun_agreement	Write a natural, coherent English sentence.
830	10	Carrie isn't hiring this small woman.	Carrie isn't hiring these small woman.	-104.0	-104.0	-10.375	-10.375	False	False	morphology	determiner_noun_agreement	Write a natural, coherent English sentence.
831	10	Charles doesn't admire these big mice.	Charles doesn't admire this big mice.	-114.0	-114.0	-10.375	-10.375	False	False	morphology	determiner_noun_agreement	Write a natural, coherent English sentence.
832	10	The Impressionists might think about that white thesis.	The Impressionists might think about those white thesis.	-114.0	-114.0	-10.375	-10.375	False	False	morphology	determiner_noun_agreement	Write a natural, coherent English sentence.
833	10	Most men question those bad people.	Most men question that bad people.	-72.5	-72.5	-10.375	-10.375	False	False	morphology	determiner_noun_agreement	Write a natural, coherent English sentence.
834	10	Lissa hasn't left this upset woman.	Lissa hasn't left these upset woman.	-104.0	-104.0	-10.375	-10.375	False	False	morphology	determiner_noun_agreement	Write a natural, coherent English sentence.
835	10	Janice won't fire that determined child.	Janice won't fire those determined child.	-104.0	-104.0	-10.375	-10.375	False	False	morphology	determiner_noun_agreement	Write a natural, coherent English sentence.
836	10	This company criticized this lucky man.	This company criticized these lucky man.	-83.0	-83.0	-10.375	-10.375	False	False	morphology	determiner_noun_agreement	Write a natural, coherent English sentence.
837	10	The banks hurt that excited woman.	The banks hurt those excited woman.	-72.5	-72.5	-10.375	-10.375	False	False	morphology	determiner_noun_agreement	Write a natural, coherent English sentence.
838	10	Peter wasn't walking through those red oases.	Peter wasn't walking through that red oases.	-114.0	-114.0	-10.375	-10.375	False	False	morphology	determiner_noun_agreement	Write a natural, coherent English sentence.
839	10	Rebecca wasn't referencing this long synopsis.	Rebecca wasn't referencing these long synopsis.	-114.0	-114.0	-10.375	-10.375	False	False	morphology	determiner_noun_agreement	Write a natural, coherent English sentence.
840	10	Naomi notices this smooth octopus.	Naomi notices these smooth octopus.	-103.5	-103.5	-10.375	-10.375	False	False	morphology	determiner_noun_agreement	Write a natural, coherent English sentence.
841	10	Patrick conceals this hard stimulus.	Patrick conceals these hard stimulus.	-83.0	-83.0	-10.375	-10.375	False	False	morphology	determiner_noun_agreement	Write a natural, coherent English sentence.
842	10	Candice shouldn't bring those smooth feet.	Candice shouldn't bring that smooth feet.	-104.0	-103.5	-10.375	-10.375	False	False	morphology	determiner_noun_agreement	Write a natural, coherent English sentence.
843	10	All books sound like those content women.	All books sound like that content women.	-83.0	-83.0	-10.375	-10.375	False	False	morphology	determiner_noun_agreement	Write a natural, coherent English sentence.
844	10	Bethany hasn't arrived at this white oasis.	Bethany hasn't arrived at these white oasis.	-124.5	-124.5	-10.375	-10.375	False	False	morphology	determiner_noun_agreement	Write a natural, coherent English sentence.
845	10	Steve reveals these unemployed alumni.	Steve reveals this unemployed alumni.	-93.5	-93.5	-10.375	-10.375	False	False	morphology	determiner_noun_agreement	Write a natural, coherent English sentence.
846	10	Sonia was upsetting that ill woman.	Sonia was upsetting those ill woman.	-93.0	-93.0	-10.375	-10.375	False	False	morphology	determiner_noun_agreement	Write a natural, coherent English sentence.
847	10	Keith wasn't boring these delighted men.	Keith wasn't boring this delighted men.	-93.5	-93.5	-10.375	-10.375	False	False	morphology	determiner_noun_agreement	Write a natural, coherent English sentence.
848	10	The Borgias admire these hard mice.	The Borgias admire this hard mice.	-114.0	-114.0	-10.375	-10.375	False	False	morphology	determiner_noun_agreement	Write a natural, coherent English sentence.
849	10	These drivers had forgotten this good analysis.	These drivers had forgotten these good analysis.	-83.0	-83.0	-10.375	-10.375	False	False	morphology	determiner_noun_agreement	Write a natural, coherent English sentence.
850	10	Helen skates around this blue oasis.	Helen skates around these blue oasis.	-93.0	-93.0	-10.375	-10.375	False	False	morphology	determiner_noun_agreement	Write a natural, coherent English sentence.
851	10	Galileo found that smooth stimulus.	Galileo found those smooth stimulus.	-93.0	-93.0	-10.375	-10.375	False	False	morphology	determiner_noun_agreement	Write a natural, coherent English sentence.
852	10	Kimberley isn't curing these small octopi.	Kimberley isn't curing this small octopi.	-145.0	-145.0	-10.375	-10.375	False	False	morphology	determiner_noun_agreement	Write a natural, coherent English sentence.
853	10	Debra didn't conceal these popular men.	Debra didn't conceal this popular men.	-114.0	-114.0	-10.375	-10.375	False	False	morphology	determiner_noun_agreement	Write a natural, coherent English sentence.
854	10	A lot of doctors hug these scared children.	A lot of doctors hug this scared children.	-93.0	-93.0	-10.375	-10.375	False	False	morphology	determiner_noun_agreement	Write a natural, coherent English sentence.
855	10	Those pedestrians weren't fleeing from these concealed men.	Those pedestrians weren't fleeing from this concealed men.	-156.0	-156.0	-10.375	-10.375	False	False	morphology	determiner_noun_agreement	Write a natural, coherent English sentence.
856	10	Those children find that exposed thesis.	Those children find those exposed thesis.	-72.5	-72.5	-10.375	-10.375	False	False	morphology	determiner_noun_agreement	Write a natural, coherent English sentence.
857	10	Debra admires these blue octopi.	Debra admires this blue octopi.	-103.5	-103.5	-10.375	-10.375	False	False	morphology	determiner_noun_agreement	Write a natural, coherent English sentence.
858	10	Bruce wasn't approaching that clever alumnus.	Bruce wasn't approaching those clever alumnus.	-114.0	-114.0	-10.375	-10.375	False	False	morphology	determiner_noun_agreement	Write a natural, coherent English sentence.
859	10	Lawrence isn't questioning that nice woman.	Lawrence isn't questioning those nice woman.	-93.5	-93.5	-10.375	-10.375	False	False	morphology	determiner_noun_agreement	Write a natural, coherent English sentence.
860	10	Some waitresses have this big octopus.	Some waitresses have these big octopus.	-114.0	-114.0	-10.375	-10.375	False	False	morphology	determiner_noun_agreement	Write a natural, coherent English sentence.
861	10	Carolyn had embarrassed that busy alumnus.	Carolyn had embarrassed those busy alumnus.	-103.5	-103.5	-10.375	-10.375	False	False	morphology	determiner_noun_agreement	Write a natural, coherent English sentence.
862	10	Jeffrey aggravated that smart man.	Jeffrey aggravated those smart man.	-93.5	-93.5	-10.375	-10.375	False	False	morphology	determiner_noun_agreement	Write a natural, coherent English sentence.
863	10	Guy messed up this yellow foot.	Guy messed up these yellow foot.	-83.0	-83.0	-10.375	-10.375	False	False	morphology	determiner_noun_agreement	Write a natural, coherent English sentence.
864	10	Every book is embarrassing this small woman.	Every book is embarrassing these small woman.	-93.5	-93.5	-10.375	-10.375	False	False	morphology	determiner_noun_agreement	Write a natural, coherent English sentence.
865	10	These associations were talking about these scared women.	These associations were talking about this scared women.	-93.5	-93.5	-10.375	-10.375	False	False	morphology	determiner_noun_agreement	Write a natural, coherent English sentence.
866	10	Todd disturbs this upset child.	Todd disturbs these upset child.	-83.0	-83.0	-10.375	-10.375	False	False	morphology	determiner_noun_agreement	Write a natural, coherent English sentence.
867	10	That window alarms these exposed women.	That window alarms this exposed women.	-83.0	-83.0	-10.375	-10.375	False	False	morphology	determiner_noun_agreement	Write a natural, coherent English sentence.
868	10	A window upsets these upset men.	A window upsets this upset men.	-83.0	-83.0	-10.375	-10.375	False	False	morphology	determiner_noun_agreement	Write a natural, coherent English sentence.
869	10	Monet is fixing that brown foot.	Monet is fixing those brown foot.	-83.0	-83.0	-10.375	-10.375	False	False	morphology	determiner_noun_agreement	Write a natural, coherent English sentence.
870	10	Adam left these big alumni.	Adam left this big alumni.	-83.0	-83.0	-10.375	-10.375	False	False	morphology	determiner_noun_agreement	Write a natural, coherent English sentence.
871	10	Stacy can exit that big oasis.	Stacy can exit those big oasis.	-93.5	-93.5	-10.375	-10.375	False	False	morphology	determiner_noun_agreement	Write a natural, coherent English sentence.
872	10	Roger was returning to those happy alumni.	Roger was returning to that happy alumni.	-103.5	-103.5	-10.375	-10.375	False	False	morphology	determiner_noun_agreement	Write a natural, coherent English sentence.
873	10	Dana isn't investigating this ill woman.	Dana isn't investigating these ill woman.	-114.0	-114.0	-10.375	-10.375	False	False	morphology	determiner_noun_agreement	Write a natural, coherent English sentence.
874	10	Tammy has those yellow axes.	Tammy has that yellow axes.	-83.0	-83.0	-10.375	-10.375	False	False	morphology	determiner_noun_agreement	Write a natural, coherent English sentence.
875	10	Marla leaves those employed children.	Marla leaves that employed children.	-72.5	-72.5	-10.375	-10.375	False	False	morphology	determiner_noun_agreement	Write a natural, coherent English sentence.
876	10	Sarah referenced that ill child.	Sarah referenced those ill child.	-72.5	-72.5	-10.375	-10.375	False	False	morphology	determiner_noun_agreement	Write a natural, coherent English sentence.
877	10	Edward complained about this serious child.	Edward complained about these serious child.	-72.5	-72.5	-10.375	-10.375	False	False	morphology	determiner_noun_agreement	Write a natural, coherent English sentence.
878	10	Carolyn healed those bad women.	Carolyn healed that bad women.	-83.0	-83.0	-10.375	-10.375	False	False	morphology	determiner_noun_agreement	Write a natural, coherent English sentence.
879	10	The waitresses fired those upset alumni.	The waitresses fired that upset alumni.	-114.0	-114.0	-10.375	-10.375	False	False	morphology	determiner_noun_agreement	Write a natural, coherent English sentence.
880	10	Every driver dropped by that old oasis.	Every driver dropped by those old oasis.	-93.5	-93.5	-10.375	-10.375	False	False	morphology	determiner_noun_agreement	Write a natural, coherent English sentence.
881	10	William hadn't hugged these hopeful alumni.	William hadn't hugged this hopeful alumni.	-135.0	-135.0	-10.375	-10.375	False	False	morphology	determiner_noun_agreement	Write a natural, coherent English sentence.
882	10	The Lutherans had messed up those lost feet.	The Lutherans had messed up that lost feet.	-114.0	-114.0	-10.375	-10.375	False	False	morphology	determiner_noun_agreement	Write a natural, coherent English sentence.
883	10	Florence hasn't confused those standing men.	Florence hasn't confused that standing men.	-93.5	-93.5	-10.375	-10.375	False	False	morphology	determiner_noun_agreement	Write a natural, coherent English sentence.
884	10	Some convertible upset this upset woman.	Some convertible upset these upset woman.	-83.0	-83.0	-10.375	-10.375	False	False	morphology	determiner_noun_agreement	Write a natural, coherent English sentence.
885	10	Rebecca saw this hidden foot.	Rebecca saw these hidden foot.	-62.25	-62.25	-10.375	-10.375	False	False	morphology	determiner_noun_agreement	Write a natural, coherent English sentence.
886	10	Derek returned to these content men.	Derek returned to this content men.	-83.0	-83.0	-10.375	-10.375	False	False	morphology	determiner_noun_agreement	Write a natural, coherent English sentence.
887	10	Those teachers love those hidden women.	Those teachers love that hidden women.	-72.5	-72.5	-10.375	-10.375	False	False	morphology	determiner_noun_agreement	Write a natural, coherent English sentence.
888	10	Jennifer worried those ill men.	Jennifer worried that ill men.	-62.25	-62.25	-10.375	-10.375	False	False	morphology	determiner_noun_agreement	Write a natural, coherent English sentence.
889	10	A chair was stunning this big man.	A chair was stunning these big man.	-83.0	-83.0	-10.375	-10.375	False	False	morphology	determiner_noun_agreement	Write a natural, coherent English sentence.
890	10	Paintings looked like that gray thesis.	Paintings looked like those gray thesis.	-93.0	-93.0	-10.375	-10.375	False	False	morphology	determiner_noun_agreement	Write a natural, coherent English sentence.
891	10	Karla toured this rough oasis.	Karla toured these rough oasis.	-93.5	-93.5	-10.375	-10.375	False	False	morphology	determiner_noun_agreement	Write a natural, coherent English sentence.
892	10	Walter couldn't boycott those hidden oases.	Walter couldn't boycott that hidden oases.	-114.0	-114.0	-10.375	-10.375	False	False	morphology	determiner_noun_agreement	Write a natural, coherent English sentence.
893	10	Donald has worried this smart man.	Donald has worried these smart man.	-72.5	-72.5	-10.375	-10.375	False	False	morphology	determiner_noun_agreement	Write a natural, coherent English sentence.
894	10	Catherine has boycotted those gray oases.	Catherine has boycotted that gray oases.	-104.0	-104.0	-10.375	-10.375	False	False	morphology	determiner_noun_agreement	Write a natural, coherent English sentence.
895	10	Nicole toured those yellow oases.	Nicole toured that yellow oases.	-83.0	-83.0	-10.375	-10.375	False	False	morphology	determiner_noun_agreement	Write a natural, coherent English sentence.
896	10	Barbara praises that young woman.	Barbara praises those young woman.	-72.5	-72.5	-10.375	-10.375	False	False	morphology	determiner_noun_agreement	Write a natural, coherent English sentence.
897	10	The apple aggravates those hopeful children.	The apple aggravates that hopeful children.	-103.5	-103.5	-10.375	-10.375	False	False	morphology	determiner_noun_agreement	Write a natural, coherent English sentence.
898	10	All photographs could look like this big fungus.	All photographs could look like these big fungus.	-114.0	-114.0	-10.375	-10.375	False	False	morphology	determiner_noun_agreement	Write a natural, coherent English sentence.
899	10	Guys should talk about that good synopsis.	Guys should talk about those good synopsis.	-103.5	-103.5	-10.375	-10.375	False	False	morphology	determiner_noun_agreement	Write a natural, coherent English sentence.
900	10	Tracy discovered this concealed alumnus.	Tracy discovered these concealed alumnus.	-103.5	-103.5	-10.375	-10.375	False	False	morphology	determiner_noun_agreement	Write a natural, coherent English sentence.
901	10	All actresses are helping this troubled man.	All actresses are helping these troubled man.	-103.5	-103.5	-10.3125	-10.3125	False	False	morphology	determiner_noun_agreement	Write a natural, coherent English sentence.
902	10	Douglas isn't revealing this dirty foot.	Douglas isn't revealing these dirty foot.	-93.5	-93.5	-10.375	-10.375	False	False	morphology	determiner_noun_agreement	Write a natural, coherent English sentence.
903	10	Most senators confuse that standing child.	Most senators confuse those standing child.	-93.5	-93.5	-10.375	-10.375	False	False	morphology	determiner_noun_agreement	Write a natural, coherent English sentence.
904	10	Those doctors embarrass that upset woman.	Those doctors embarrass those upset woman.	-72.5	-72.5	-10.375	-10.375	False	False	morphology	determiner_noun_agreement	Write a natural, coherent English sentence.
905	10	A lot of customers were healing those sick men.	A lot of customers were healing that sick men.	-103.5	-103.5	-10.375	-10.375	False	False	morphology	determiner_noun_agreement	Write a natural, coherent English sentence.
906	10	Sabrina does conceal these old alumni.	Sabrina does conceal this old alumni.	-124.5	-124.5	-10.375	-10.375	False	False	morphology	determiner_noun_agreement	Write a natural, coherent English sentence.
907	10	Many girls can't observe those young alumni.	Many girls can't observe that young alumni.	-124.5	-124.5	-10.375	-10.375	False	False	morphology	determiner_noun_agreement	Write a natural, coherent English sentence.
908	10	The actresses hire that lucky man.	The actresses hire those lucky man.	-83.0	-83.0	-10.375	-10.375	False	False	morphology	determiner_noun_agreement	Write a natural, coherent English sentence.
909	10	Andrea is firing that scared child.	Andrea is firing those scared child.	-72.5	-72.5	-10.375	-10.375	False	False	morphology	determiner_noun_agreement	Write a natural, coherent English sentence.
910	10	That dancer scanned that bad synopsis.	That dancer scanned those bad synopsis.	-103.5	-103.5	-10.375	-10.375	False	False	morphology	determiner_noun_agreement	Write a natural, coherent English sentence.
911	10	Daniel breaks these dirty teeth.	Daniel breaks this dirty teeth.	-62.25	-62.25	-10.375	-10.375	False	False	morphology	determiner_noun_agreement	Write a natural, coherent English sentence.
912	10	Students had messed up those purple teeth.	Students had messed up that purple teeth.	-93.0	-93.0	-10.375	-10.375	False	False	morphology	determiner_noun_agreement	Write a natural, coherent English sentence.
913	10	Becky boycotted those old oases.	Becky boycotted that old oases.	-103.5	-103.5	-10.375	-10.375	False	False	morphology	determiner_noun_agreement	Write a natural, coherent English sentence.
914	10	Florence talks to those good women.	Florence talks to that good women.	-72.5	-72.5	-10.375	-10.375	False	False	morphology	determiner_noun_agreement	Write a natural, coherent English sentence.
915	10	Carmen won't break this big foot.	Carmen won't break these big foot.	-104.0	-104.0	-10.375	-10.375	False	False	morphology	determiner_noun_agreement	Write a natural, coherent English sentence.
916	10	Stephen fired those employed men.	Stephen fired that employed men.	-62.25	-62.25	-10.375	-10.375	False	False	morphology	determiner_noun_agreement	Write a natural, coherent English sentence.
917	10	Many governments confuse this sick woman.	Many governments confuse these sick woman.	-83.0	-83.0	-10.375	-10.375	False	False	morphology	determiner_noun_agreement	Write a natural, coherent English sentence.
918	10	Heidi healed this troubled child.	Heidi healed these troubled child.	-93.0	-93.0	-10.375	-10.375	False	False	morphology	determiner_noun_agreement	Write a natural, coherent English sentence.
919	10	Daniel questions these employed alumni.	Daniel questions this employed alumni.	-83.0	-83.0	-10.375	-10.375	False	False	morphology	determiner_noun_agreement	Write a natural, coherent English sentence.
920	10	People admire these yellow oxen.	People admire this yellow oxen.	-83.0	-83.0	-10.375	-10.375	False	False	morphology	determiner_noun_agreement	Write a natural, coherent English sentence.
921	10	Those adults embarrasses this displeased woman.	Those adults embarrasses these displeased woman.	-103.5	-103.5	-10.375	-10.375	False	False	morphology	determiner_noun_agreement	Write a natural, coherent English sentence.
922	10	Winston Churchill notices these big nuclei.	Winston Churchill notices this big nuclei.	-114.0	-114.0	-10.375	-10.375	False	False	morphology	determiner_noun_agreement	Write a natural, coherent English sentence.
923	10	All women hide those concealed nuclei.	All women hide that concealed nuclei.	-93.0	-93.0	-10.375	-10.375	False	False	morphology	determiner_noun_agreement	Write a natural, coherent English sentence.
924	10	Charles was escaping from those lucky men.	Charles was escaping from that lucky men.	-93.5	-93.5	-10.375	-10.375	False	False	morphology	determiner_noun_agreement	Write a natural, coherent English sentence.
925	10	Paul doesn't insult this happy woman.	Paul doesn't insult these happy woman.	-93.5	-93.5	-10.375	-10.375	False	False	morphology	determiner_noun_agreement	Write a natural, coherent English sentence.
926	10	Galileo isn't scanning this brown thesis.	Galileo isn't scanning these brown thesis.	-124.5	-124.5	-10.375	-10.375	False	False	morphology	determiner_noun_agreement	Write a natural, coherent English sentence.
927	10	The newspaper article doesn't annoy that exposed man.	The newspaper article doesn't annoy those exposed man.	-114.0	-114.0	-10.375	-10.375	False	False	morphology	determiner_noun_agreement	Write a natural, coherent English sentence.
928	10	Carmen noticed these gray cacti.	Carmen noticed this gray cacti.	-93.5	-93.5	-10.375	-10.375	False	False	morphology	determiner_noun_agreement	Write a natural, coherent English sentence.
929	10	Teresa approaches this upset man.	Teresa approaches these upset man.	-72.5	-72.5	-10.375	-10.375	False	False	morphology	determiner_noun_agreement	Write a natural, coherent English sentence.
930	10	April was revealing this hidden woman.	April was revealing these hidden woman.	-72.5	-72.5	-10.375	-10.375	False	False	morphology	determiner_noun_agreement	Write a natural, coherent English sentence.
931	10	Michael has loved these scared men.	Michael has loved this scared men.	-72.5	-72.5	-10.375	-10.375	False	False	morphology	determiner_noun_agreement	Write a natural, coherent English sentence.
932	10	Joseph hadn't bought those hard lice.	Joseph hadn't bought that hard lice.	-104.0	-104.0	-10.375	-10.375	False	False	morphology	determiner_noun_agreement	Write a natural, coherent English sentence.
933	10	Larry did drive to this out in the open oasis.	Larry did drive to these out in the open oasis.	-124.5	-124.5	-10.375	-10.375	False	False	morphology	determiner_noun_agreement	Write a natural, coherent English sentence.
934	10	Lisa hasn't driven to that new oasis.	Lisa hasn't driven to those new oasis.	-114.0	-114.0	-10.375	-10.375	False	False	morphology	determiner_noun_agreement	Write a natural, coherent English sentence.
935	10	Steve scanned this good synopsis.	Steve scanned these good synopsis.	-83.0	-83.0	-10.375	-10.375	False	False	morphology	determiner_noun_agreement	Write a natural, coherent English sentence.
936	10	The Lutherans care for those hopeful men.	The Lutherans care for that hopeful men.	-103.5	-103.5	-10.375	-10.375	False	False	morphology	determiner_noun_agreement	Write a natural, coherent English sentence.
937	10	Christine bikes to these orange oases.	Christine bikes to this orange oases.	-103.5	-103.5	-10.375	-10.375	False	False	morphology	determiner_noun_agreement	Write a natural, coherent English sentence.
938	10	Most actors distracted this popular woman.	Most actors distracted these popular woman.	-83.0	-83.0	-10.375	-10.375	False	False	morphology	determiner_noun_agreement	Write a natural, coherent English sentence.
939	10	Emily should observe those displeased men.	Emily should observe that displeased men.	-93.5	-93.5	-10.375	-10.375	False	False	morphology	determiner_noun_agreement	Write a natural, coherent English sentence.
940	10	The drivers do sell this green thesis.	The drivers do sell these green thesis.	-83.0	-83.0	-10.375	-10.375	False	False	morphology	determiner_noun_agreement	Write a natural, coherent English sentence.
941	10	Most drivers love these unemployed men.	Most drivers love this unemployed men.	-83.0	-83.0	-10.375	-10.375	False	False	morphology	determiner_noun_agreement	Write a natural, coherent English sentence.
942	10	Those doctors care for this hopeful man.	Those doctors care for these hopeful man.	-93.0	-93.0	-10.375	-10.375	False	False	morphology	determiner_noun_agreement	Write a natural, coherent English sentence.
943	10	Brad kisses that displeased man.	Brad kisses those displeased man.	-93.0	-93.0	-10.375	-10.375	False	False	morphology	determiner_noun_agreement	Write a natural, coherent English sentence.
944	10	Danielle had argued about those troubled men.	Danielle had argued about that troubled men.	-103.5	-103.5	-10.375	-10.375	False	False	morphology	determiner_noun_agreement	Write a natural, coherent English sentence.
945	10	An actor is disgusting those unsure men.	An actor is disgusting that unsure men.	-103.5	-103.5	-10.375	-10.375	False	False	morphology	determiner_noun_agreement	Write a natural, coherent English sentence.
946	10	Galileo didn't hurt those displeased children.	Galileo didn't hurt that displeased children.	-135.0	-135.0	-10.375	-10.375	False	False	morphology	determiner_noun_agreement	Write a natural, coherent English sentence.
947	10	Omar messed up these small teeth.	Omar messed up this small teeth.	-93.0	-93.0	-10.375	-10.375	False	False	morphology	determiner_noun_agreement	Write a natural, coherent English sentence.
948	10	Carmen will watch this smart person.	Carmen will watch these smart person.	-83.0	-83.0	-10.375	-10.375	False	False	morphology	determiner_noun_agreement	Write a natural, coherent English sentence.
949	10	Jeffrey hid that unlucky child.	Jeffrey hid those unlucky child.	-93.5	-93.5	-10.375	-10.375	False	False	morphology	determiner_noun_agreement	Write a natural, coherent English sentence.
950	10	Every plane bothers this upset child.	Every plane bothers these upset child.	-83.0	-83.0	-10.375	-10.375	False	False	morphology	determiner_noun_agreement	Write a natural, coherent English sentence.
951	10	A lot of hospitals have those blue teeth.	A lot of hospitals have that blue teeth.	-93.0	-93.0	-10.375	-10.375	False	False	morphology	determiner_noun_agreement	Write a natural, coherent English sentence.
952	10	Nancy wasn't disturbing that clever man.	Nancy wasn't disturbing those clever man.	-103.5	-103.5	-10.375	-10.375	False	False	morphology	determiner_noun_agreement	Write a natural, coherent English sentence.
953	10	These ladies bought that white tooth.	These ladies bought those white tooth.	-72.5	-72.5	-10.375	-10.375	False	False	morphology	determiner_noun_agreement	Write a natural, coherent English sentence.
954	10	Every skirt annoys that confident person.	Every skirt annoys those confident person.	-93.5	-93.5	-10.375	-10.375	False	False	morphology	determiner_noun_agreement	Write a natural, coherent English sentence.
955	10	These actors weren't biking to these red oases.	These actors weren't biking to this red oases.	-135.0	-135.0	-10.375	-10.375	False	False	morphology	determiner_noun_agreement	Write a natural, coherent English sentence.
956	10	Carmen has described those confident people.	Carmen has described that confident people.	-83.0	-83.0	-10.375	-10.375	False	False	morphology	determiner_noun_agreement	Write a natural, coherent English sentence.
957	10	All legislatures criticize that brown oasis.	All legislatures criticize those brown oasis.	-103.5	-103.5	-10.375	-10.375	False	False	morphology	determiner_noun_agreement	Write a natural, coherent English sentence.
958	10	Paula works with that clever person.	Paula works with those clever person.	-83.0	-83.0	-10.375	-10.375	False	False	morphology	determiner_noun_agreement	Write a natural, coherent English sentence.
959	10	Benjamin respects those confident children.	Benjamin respects that confident children.	-72.5	-72.5	-10.375	-10.375	False	False	morphology	determiner_noun_agreement	Write a natural, coherent English sentence.
960	10	Mitchell attacked these unsure alumni.	Mitchell attacked this unsure alumni.	-93.5	-93.5	-10.375	-10.375	False	False	morphology	determiner_noun_agreement	Write a natural, coherent English sentence.
961	10	The Lutherans hadn't cleaned these broken teeth.	The Lutherans hadn't cleaned this broken teeth.	-114.0	-114.0	-10.375	-10.375	False	False	morphology	determiner_noun_agreement	Write a natural, coherent English sentence.
962	10	A lot of children observe that young child.	A lot of children observe those young child.	-93.5	-93.0	-10.375	-10.375	False	False	morphology	determiner_noun_agreement	Write a natural, coherent English sentence.
963	10	Gary hadn't sounded like this out in the open oasis.	Gary hadn't sounded like these out in the open oasis.	-145.0	-145.0	-10.375	-10.375	False	False	morphology	determiner_noun_agreement	Write a natural, coherent English sentence.
964	10	That fish annoyed this serious alumnus.	That fish annoyed these serious alumnus.	-103.5	-103.5	-10.375	-10.375	False	False	morphology	determiner_noun_agreement	Write a natural, coherent English sentence.
965	10	Spotlights worry those standing people.	Spotlights worry that standing people.	-72.5	-72.5	-10.375	-10.375	False	False	morphology	determiner_noun_agreement	Write a natural, coherent English sentence.
966	10	Rodney returned to these content alumni.	Rodney returned to this content alumni.	-103.5	-103.5	-10.375	-10.375	False	False	morphology	determiner_noun_agreement	Write a natural, coherent English sentence.
967	10	Bruce references this unemployed child.	Bruce references these unemployed child.	-72.5	-72.5	-10.375	-10.375	False	False	morphology	determiner_noun_agreement	Write a natural, coherent English sentence.
968	10	Many museums criticize this bad analysis.	Many museums criticize these bad analysis.	-93.0	-93.0	-10.375	-10.375	False	False	morphology	determiner_noun_agreement	Write a natural, coherent English sentence.
969	10	Danielle knows that concealed man.	Danielle knows those concealed man.	-83.0	-83.0	-10.375	-10.375	False	False	morphology	determiner_noun_agreement	Write a natural, coherent English sentence.
970	10	Katherine sells that smooth oasis.	Katherine sells those smooth oasis.	-93.0	-93.0	-10.375	-10.375	False	False	morphology	determiner_noun_agreement	Write a natural, coherent English sentence.
971	10	Meredith hadn't scared these clever people.	Meredith hadn't scared this clever people.	-114.0	-114.0	-10.375	-10.375	False	False	morphology	determiner_noun_agreement	Write a natural, coherent English sentence.
972	10	Walter biked to these gray oases.	Walter biked to this gray oases.	-104.0	-104.0	-10.375	-10.375	False	False	morphology	determiner_noun_agreement	Write a natural, coherent English sentence.
973	10	Phillip has investigated this unemployed man.	Phillip has investigated these unemployed man.	-93.0	-93.0	-10.375	-10.375	False	False	morphology	determiner_noun_agreement	Write a natural, coherent English sentence.
974	10	Alice knows that ill woman.	Alice knows those ill woman.	-62.25	-62.25	-10.375	-10.375	False	False	morphology	determiner_noun_agreement	Write a natural, coherent English sentence.
975	10	Daniel bothered that unemployed alumnus.	Daniel bothered those unemployed alumnus.	-93.0	-93.0	-10.375	-10.375	False	False	morphology	determiner_noun_agreement	Write a natural, coherent English sentence.
976	10	Some children notice this black thesis.	Some children notice these black thesis.	-72.5	-72.5	-10.375	-10.375	False	False	morphology	determiner_noun_agreement	Write a natural, coherent English sentence.
977	10	George has alarmed these unemployed children.	George has alarmed this unemployed children.	-93.5	-93.5	-10.375	-10.375	False	False	morphology	determiner_noun_agreement	Write a natural, coherent English sentence.
978	10	Sarah won't drive to this concealed oasis.	Sarah won't drive to these concealed oasis.	-124.5	-124.5	-10.375	-10.375	False	False	morphology	determiner_noun_agreement	Write a natural, coherent English sentence.
979	10	Grace arrived at those small oases.	Grace arrived at that small oases.	-83.0	-83.0	-10.375	-10.375	False	False	morphology	determiner_noun_agreement	Write a natural, coherent English sentence.
980	10	David kisses that lucky man.	David kisses those lucky man.	-72.5	-72.5	-10.375	-10.375	False	False	morphology	determiner_noun_agreement	Write a natural, coherent English sentence.
981	10	Laura isn't lifting this smooth axis.	Laura isn't lifting these smooth axis.	-93.5	-93.5	-10.375	-10.375	False	False	morphology	determiner_noun_agreement	Write a natural, coherent English sentence.
982	10	Mark embarrassed these confident children.	Mark embarrassed this confident children.	-62.25	-62.25	-10.375	-10.375	False	False	morphology	determiner_noun_agreement	Write a natural, coherent English sentence.
983	10	Patients bothers this employed man.	Patients bothers these employed man.	-83.0	-83.0	-10.375	-10.375	False	False	morphology	determiner_noun_agreement	Write a natural, coherent English sentence.
984	10	Christopher has criticized this bad synopsis.	Christopher has criticized these bad synopsis.	-93.0	-93.0	-10.375	-10.375	False	False	morphology	determiner_noun_agreement	Write a natural, coherent English sentence.
985	10	Todd hadn't gone to this cheap oasis.	Todd hadn't gone to these cheap oasis.	-114.0	-114.0	-10.375	-10.375	False	False	morphology	determiner_noun_agreement	Write a natural, coherent English sentence.
986	10	Becca does investigate this lucky alumnus.	Becca does investigate these lucky alumnus.	-103.5	-103.5	-10.375	-10.375	False	False	morphology	determiner_noun_agreement	Write a natural, coherent English sentence.
987	10	Sabrina visits those fast women.	Sabrina visits that fast women.	-83.0	-83.0	-10.375	-10.375	False	False	morphology	determiner_noun_agreement	Write a natural, coherent English sentence.
988	10	Janet knew those unconvinced children.	Janet knew that unconvinced children.	-104.0	-104.0	-10.375	-10.375	False	False	morphology	determiner_noun_agreement	Write a natural, coherent English sentence.
989	10	Christine hated this young man.	Christine hated these young man.	-72.5	-72.5	-10.375	-10.375	False	False	morphology	determiner_noun_agreement	Write a natural, coherent English sentence.
990	10	Chad hadn't complained about these big oases.	Chad hadn't complained about this big oases.	-124.5	-124.5	-10.375	-10.375	False	False	morphology	determiner_noun_agreement	Write a natural, coherent English sentence.
991	10	Many bikes stun that nice man.	Many bikes stun those nice man.	-93.5	-93.5	-10.375	-10.375	False	False	morphology	determiner_noun_agreement	Write a natural, coherent English sentence.
992	10	William hasn't investigated these fast men.	William hasn't investigated this fast men.	-93.5	-93.5	-10.375	-10.375	False	False	morphology	determiner_noun_agreement	Write a natural, coherent English sentence.
993	10	Kristin couldn't research these smooth oases.	Kristin couldn't research this smooth oases.	-114.0	-114.0	-10.375	-10.375	False	False	morphology	determiner_noun_agreement	Write a natural, coherent English sentence.
994	10	Travis arrives at these old oases.	Travis arrives at this old oases.	-93.5	-93.5	-10.375	-10.375	False	False	morphology	determiner_noun_agreement	Write a natural, coherent English sentence.
995	10	Many boys drive to this yellow oasis.	Many boys drive to these yellow oasis.	-93.0	-93.5	-10.375	-10.375	True	False	morphology	determiner_noun_agreement	Write a natural, coherent English sentence.
996	10	Danielle won't heal those unlucky people.	Danielle won't heal that unlucky people.	-124.5	-124.5	-10.375	-10.375	False	False	morphology	determiner_noun_agreement	Write a natural, coherent English sentence.
997	10	Sabrina wouldn't go to that new oasis.	Sabrina wouldn't go to those new oasis.	-135.0	-135.0	-10.375	-10.375	False	False	morphology	determiner_noun_agreement	Write a natural, coherent English sentence.
998	10	This movie theater annoys these lucky alumni.	This movie theater annoys this lucky alumni.	-124.5	-124.5	-10.375	-10.375	False	False	morphology	determiner_noun_agreement	Write a natural, coherent English sentence.
999	10	Stacy doesn't appreciate that out in the open woman.	Stacy doesn't appreciate those out in the open woman.	-135.0	-135.0	-10.375	-10.375	False	False	morphology	determiner_noun_agreement	Write a natural, coherent English sentence.
0	11	Alexander didn't walk through that new oasis.	Alexander didn't walk through those new oasis.	-114.0	-114.0	-10.375	-10.375	False	False	morphology	determiner_noun_agreement	Write a natural, coherent English sentence.
1	11	This hair irritates these old alumni.	This hair irritates this old alumni.	-103.5	-103.5	-10.375	-10.375	False	False	morphology	determiner_noun_agreement	Write a natural, coherent English sentence.
2	11	Winston Churchill was escaping from this serious person.	Winston Churchill was escaping from these serious person.	-124.5	-124.5	-10.375	-10.375	False	False	morphology	determiner_noun_agreement	Write a natural, coherent English sentence.
3	11	Anna walks through these purple oases.	Anna walks through this purple oases.	-83.0	-82.5	-10.375	-10.3125	False	False	morphology	determiner_noun_agreement	Write a natural, coherent English sentence.
4	11	Alicia sounded like this good analysis.	Alicia sounded like these good analysis.	-93.5	-93.5	-10.375	-10.375	False	False	morphology	determiner_noun_agreement	Write a natural, coherent English sentence.
5	11	Jeffrey might complain about this gray thesis.	Jeffrey might complain about these gray thesis.	-93.0	-93.0	-10.375	-10.375	False	False	morphology	determiner_noun_agreement	Write a natural, coherent English sentence.
6	11	Meredith approaches these concealed women.	Meredith approaches this concealed women.	-93.5	-93.5	-10.375	-10.375	False	False	morphology	determiner_noun_agreement	Write a natural, coherent English sentence.
7	11	Julia questioned those small children.	Julia questioned that small children.	-62.25	-62.25	-10.375	-10.375	False	False	morphology	determiner_noun_agreement	Write a natural, coherent English sentence.
8	11	That adult has brought that purple octopus.	That adult has brought those purple octopus.	-103.5	-103.5	-10.375	-10.375	False	False	morphology	determiner_noun_agreement	Write a natural, coherent English sentence.
9	11	The people hug this displeased woman.	The people hug these displeased woman.	-93.5	-93.5	-10.375	-10.375	False	False	morphology	determiner_noun_agreement	Write a natural, coherent English sentence.
10	11	That beef did bore these displeased people.	That beef did bore this displeased people.	-103.5	-103.5	-10.375	-10.375	False	False	morphology	determiner_noun_agreement	Write a natural, coherent English sentence.
11	11	These libraries talk about these long synopses.	These libraries talk about this long synopses.	-103.5	-103.5	-10.375	-10.375	False	False	morphology	determiner_noun_agreement	Write a natural, coherent English sentence.
12	11	Lori wasn't hiring those delighted men.	Lori wasn't hiring that delighted men.	-104.0	-104.0	-10.375	-10.375	False	False	morphology	determiner_noun_agreement	Write a natural, coherent English sentence.
13	11	The teachers are running around this concealed oasis.	The teachers are running around these concealed oasis.	-114.0	-114.0	-10.375	-10.375	False	False	morphology	determiner_noun_agreement	Write a natural, coherent English sentence.
14	11	Those bananas embarrass these delighted people.	Those bananas embarrass this delighted people.	-83.0	-83.0	-10.375	-10.375	False	False	morphology	determiner_noun_agreement	Write a natural, coherent English sentence.
15	11	Mitchell brought those green oases.	Mitchell brought that green oases.	-72.5	-72.5	-10.375	-10.375	False	False	morphology	determiner_noun_agreement	Write a natural, coherent English sentence.
16	11	The actresses complain about this rough thesis.	The actresses complain about these rough thesis.	-93.0	-93.0	-10.375	-10.375	False	False	morphology	determiner_noun_agreement	Write a natural, coherent English sentence.
17	11	Russell investigates these fast women.	Russell investigates this fast women.	-72.5	-72.5	-10.375	-10.375	False	False	morphology	determiner_noun_agreement	Write a natural, coherent English sentence.
18	11	Irene praised those bad synopses.	Irene praised that bad synopses.	-93.0	-93.0	-10.375	-10.375	False	False	morphology	determiner_noun_agreement	Write a natural, coherent English sentence.
19	11	Denise did confuse that important woman.	Denise did confuse those important woman.	-93.5	-93.5	-10.375	-10.375	False	False	morphology	determiner_noun_agreement	Write a natural, coherent English sentence.
20	11	Some patients dislike those nice women.	Some patients dislike that nice women.	-83.0	-83.0	-10.375	-10.375	False	False	morphology	determiner_noun_agreement	Write a natural, coherent English sentence.
21	11	Amelia wasn't observing this hopeful man.	Amelia wasn't observing these hopeful man.	-124.5	-124.5	-10.375	-10.375	False	False	morphology	determiner_noun_agreement	Write a natural, coherent English sentence.
22	11	Grace is hugging these popular women.	Grace is hugging this popular women.	-83.0	-83.0	-10.375	-10.375	False	False	morphology	determiner_noun_agreement	Write a natural, coherent English sentence.
23	11	Julia might describe this long synopsis.	Julia might describe these long synopsis.	-83.0	-83.0	-10.375	-10.375	False	False	morphology	determiner_noun_agreement	Write a natural, coherent English sentence.
24	11	Many pedestrians do return to these happy men.	Many pedestrians do return to this happy men.	-114.0	-114.0	-10.375	-10.375	False	False	morphology	determiner_noun_agreement	Write a natural, coherent English sentence.
25	11	Laura noticed that determined man.	Laura noticed those determined man.	-62.25	-62.25	-10.375	-10.375	False	False	morphology	determiner_noun_agreement	Write a natural, coherent English sentence.
26	11	Julie would pass those red oases.	Julie would pass that red oases.	-83.0	-83.0	-10.375	-10.375	False	False	morphology	determiner_noun_agreement	Write a natural, coherent English sentence.
27	11	These doctors boast about this out in the open child.	These doctors boast about these out in the open child.	-124.5	-124.5	-10.375	-10.375	False	False	morphology	determiner_noun_agreement	Write a natural, coherent English sentence.
28	11	Stephen isn't revealing this brown nucleus.	Stephen isn't revealing these brown nucleus.	-103.5	-103.5	-10.375	-10.375	False	False	morphology	determiner_noun_agreement	Write a natural, coherent English sentence.
29	11	Travel stuns that sick child.	Travel stuns those sick child.	-72.5	-72.5	-10.375	-10.375	False	False	morphology	determiner_noun_agreement	Write a natural, coherent English sentence.
30	11	Amelia healed that unemployed woman.	Amelia healed those unemployed woman.	-93.5	-93.5	-10.375	-10.375	False	False	morphology	determiner_noun_agreement	Write a natural, coherent English sentence.
31	11	Noah attacks that ill child.	Noah attacks those ill child.	-62.25	-62.25	-10.375	-10.375	False	False	morphology	determiner_noun_agreement	Write a natural, coherent English sentence.
32	11	Randolf buys those gray fungi.	Randolf buys that gray fungi.	-93.5	-93.5	-10.375	-10.375	False	False	morphology	determiner_noun_agreement	Write a natural, coherent English sentence.
33	11	Some pedestrians disagreed with this big woman.	Some pedestrians disagreed with these big woman.	-114.0	-114.0	-10.375	-10.375	False	False	morphology	determiner_noun_agreement	Write a natural, coherent English sentence.
34	11	Adam might sound like these determined children.	Adam might sound like this determined children.	-83.0	-83.0	-10.375	-10.375	False	False	morphology	determiner_noun_agreement	Write a natural, coherent English sentence.
35	11	Bill has stunned this confident man.	Bill has stunned these confident man.	-83.0	-83.0	-10.375	-10.375	False	False	morphology	determiner_noun_agreement	Write a natural, coherent English sentence.
36	11	Rhonda should see these blue oases.	Rhonda should see this blue oases.	-93.5	-93.5	-10.375	-10.375	False	False	morphology	determiner_noun_agreement	Write a natural, coherent English sentence.
37	11	Stephen cares for that out in the open alumnus.	Stephen cares for those out in the open alumnus.	-124.0	-124.5	-10.375	-10.375	True	False	morphology	determiner_noun_agreement	Write a natural, coherent English sentence.
38	11	Cheryl has bought this green oasis.	Cheryl has bought these green oasis.	-93.0	-93.0	-10.375	-10.375	False	False	morphology	determiner_noun_agreement	Write a natural, coherent English sentence.
39	11	Every door annoyed this lucky child.	Every door annoyed these lucky child.	-83.0	-83.0	-10.375	-10.375	False	False	morphology	determiner_noun_agreement	Write a natural, coherent English sentence.
40	11	Gerald cures that unlucky child.	Gerald cures those unlucky child.	-103.5	-103.5	-10.375	-10.375	False	False	morphology	determiner_noun_agreement	Write a natural, coherent English sentence.
41	11	Eyes weren't worrying this troubled child.	Eyes weren't worrying these troubled child.	-114.0	-114.0	-10.375	-10.375	False	False	morphology	determiner_noun_agreement	Write a natural, coherent English sentence.
42	11	Michael isn't referencing this long synopsis.	Michael isn't referencing these long synopsis.	-114.0	-114.0	-10.375	-10.375	False	False	morphology	determiner_noun_agreement	Write a natural, coherent English sentence.
43	11	Robert insults this serious man.	Robert insults these serious man.	-72.5	-72.5	-10.375	-10.375	False	False	morphology	determiner_noun_agreement	Write a natural, coherent English sentence.
44	11	Waitresses describe that smart alumnus.	Waitresses describe those smart alumnus.	-103.5	-103.5	-10.375	-10.375	False	False	morphology	determiner_noun_agreement	Write a natural, coherent English sentence.
45	11	Dan doesn't respect this unemployed alumnus.	Dan doesn't respect these unemployed alumnus.	-124.0	-124.0	-10.375	-10.375	False	False	morphology	determiner_noun_agreement	Write a natural, coherent English sentence.
46	11	Eric has upset those scared people.	Eric has upset that scared people.	-72.5	-72.5	-10.375	-10.375	False	False	morphology	determiner_noun_agreement	Write a natural, coherent English sentence.
47	11	Sabrina was biking to this exposed oasis.	Sabrina was biking to these exposed oasis.	-124.0	-124.0	-10.375	-10.375	False	False	morphology	determiner_noun_agreement	Write a natural, coherent English sentence.
48	11	Edward can't think about these exposed mice.	Edward can't think about this exposed mice.	-114.0	-114.0	-10.375	-10.375	False	False	morphology	determiner_noun_agreement	Write a natural, coherent English sentence.
49	11	Phillip listened to this standing alumnus.	Phillip listened to these standing alumnus.	-103.5	-103.5	-10.375	-10.375	False	False	morphology	determiner_noun_agreement	Write a natural, coherent English sentence.
50	11	Those men skate around this small oasis.	Those men skate around these small oasis.	-103.5	-103.5	-10.375	-10.375	False	False	morphology	determiner_noun_agreement	Write a natural, coherent English sentence.
51	11	Rhonda could think about those content children.	Rhonda could think about that content children.	-93.5	-93.5	-10.375	-10.375	False	False	morphology	determiner_noun_agreement	Write a natural, coherent English sentence.
52	11	Melissa had remembered that unsure person.	Melissa had remembered those unsure person.	-93.5	-93.5	-10.375	-10.375	False	False	morphology	determiner_noun_agreement	Write a natural, coherent English sentence.
53	11	The students talk about this upset person.	The students talk about these upset person.	-83.0	-83.0	-10.375	-10.375	False	False	morphology	determiner_noun_agreement	Write a natural, coherent English sentence.
54	11	Leslie insults those upset alumni.	Leslie insults that upset alumni.	-103.5	-103.5	-10.375	-10.375	False	False	morphology	determiner_noun_agreement	Write a natural, coherent English sentence.
55	11	Hats distract this ill man.	Hats distract these ill man.	-72.5	-72.5	-10.375	-10.375	False	False	morphology	determiner_noun_agreement	Write a natural, coherent English sentence.
56	11	Dawn sounded like this determined child.	Dawn sounded like these determined child.	-83.0	-83.0	-10.375	-10.375	False	False	morphology	determiner_noun_agreement	Write a natural, coherent English sentence.
57	11	Carl had run around that brown oasis.	Carl had run around those brown oasis.	-93.5	-93.5	-10.375	-10.375	False	False	morphology	determiner_noun_agreement	Write a natural, coherent English sentence.
58	11	Anna criticizes these concealed children.	Anna criticizes this concealed children.	-83.0	-83.0	-10.375	-10.375	False	False	morphology	determiner_noun_agreement	Write a natural, coherent English sentence.
59	11	The waiter might criticize that unemployed man.	The waiter might criticize those unemployed man.	-114.0	-114.0	-10.375	-10.375	False	False	morphology	determiner_noun_agreement	Write a natural, coherent English sentence.
60	11	Tracy was investigating this troubled alumnus.	Tracy was investigating these troubled alumnus.	-124.5	-124.5	-10.375	-10.375	False	False	morphology	determiner_noun_agreement	Write a natural, coherent English sentence.
61	11	These newspaper articles astound this clever child.	These newspaper articles astound these clever child.	-93.5	-93.5	-10.375	-10.375	False	False	morphology	determiner_noun_agreement	Write a natural, coherent English sentence.
62	11	Dana hadn't attacked this small man.	Dana hadn't attacked these small man.	-104.0	-104.0	-10.375	-10.375	False	False	morphology	determiner_noun_agreement	Write a natural, coherent English sentence.
63	11	Curtis wasn't breaking those hard teeth.	Curtis wasn't breaking that hard teeth.	-104.0	-104.0	-10.375	-10.375	False	False	morphology	determiner_noun_agreement	Write a natural, coherent English sentence.
64	11	All customers attack this employed alumnus.	All customers attack these employed alumnus.	-93.0	-93.0	-10.375	-10.375	False	False	morphology	determiner_noun_agreement	Write a natural, coherent English sentence.
65	11	Most ladies go to those purple oases.	Most ladies go to that purple oases.	-93.0	-93.0	-10.375	-10.375	False	False	morphology	determiner_noun_agreement	Write a natural, coherent English sentence.
66	11	A dancer tours that blue oasis.	A dancer tours those blue oasis.	-93.0	-93.0	-10.375	-10.375	False	False	morphology	determiner_noun_agreement	Write a natural, coherent English sentence.
67	11	Steven irritated this unconvinced woman.	Steven irritated these unconvinced woman.	-103.5	-103.5	-10.375	-10.375	False	False	morphology	determiner_noun_agreement	Write a natural, coherent English sentence.
68	11	Tara wasn't helping that sick man.	Tara wasn't helping those sick man.	-104.0	-104.0	-10.375	-10.375	False	False	morphology	determiner_noun_agreement	Write a natural, coherent English sentence.
69	11	The dancers aren't cleaning that smooth fungus.	The dancers aren't cleaning those smooth fungus.	-135.0	-135.0	-10.375	-10.375	False	False	morphology	determiner_noun_agreement	Write a natural, coherent English sentence.
70	11	Melissa had talked about these white theses.	Melissa had talked about this white theses.	-103.5	-103.5	-10.375	-10.375	False	False	morphology	determiner_noun_agreement	Write a natural, coherent English sentence.
71	11	The man isn't watching those upset men.	The man isn't watching that upset men.	-103.5	-103.5	-10.375	-10.375	False	False	morphology	determiner_noun_agreement	Write a natural, coherent English sentence.
72	11	Sabrina won't worry this out in the open person.	Sabrina won't worry these out in the open person.	-145.0	-145.0	-10.375	-10.375	False	False	morphology	determiner_noun_agreement	Write a natural, coherent English sentence.
73	11	Every bird embarrassed these unemployed men.	Every bird embarrassed this unemployed men.	-83.0	-83.0	-10.375	-10.375	False	False	morphology	determiner_noun_agreement	Write a natural, coherent English sentence.
74	11	The Borgias drive to that small oasis.	The Borgias drive to those small oasis.	-114.0	-114.0	-10.375	-10.375	False	False	morphology	determiner_noun_agreement	Write a natural, coherent English sentence.
75	11	Bradley likes these brown fungi.	Bradley likes this brown fungi.	-83.0	-83.0	-10.375	-10.375	False	False	morphology	determiner_noun_agreement	Write a natural, coherent English sentence.
76	11	Most guys go to that black oasis.	Most guys go to those black oasis.	-93.0	-93.0	-10.375	-10.375	False	False	morphology	determiner_noun_agreement	Write a natural, coherent English sentence.
77	11	A pedestrian hadn't approached these hopeful women.	A pedestrian hadn't approached this hopeful women.	-124.5	-124.0	-10.375	-10.375	False	False	morphology	determiner_noun_agreement	Write a natural, coherent English sentence.
78	11	Some senators aren't healing this unemployed alumnus.	Some senators aren't healing these unemployed alumnus.	-145.0	-145.0	-10.375	-10.375	False	False	morphology	determiner_noun_agreement	Write a natural, coherent English sentence.
79	11	That cart wasn't stunning these exposed men.	That cart wasn't stunning this exposed men.	-104.0	-103.5	-10.375	-10.375	False	False	morphology	determiner_noun_agreement	Write a natural, coherent English sentence.
80	11	Joel can think about this smart man.	Joel can think about these smart man.	-83.0	-83.0	-10.375	-10.375	False	False	morphology	determiner_noun_agreement	Write a natural, coherent English sentence.
81	11	Those prints disgust those good people.	Those prints disgust that good people.	-72.5	-72.5	-10.375	-10.375	False	False	morphology	determiner_noun_agreement	Write a natural, coherent English sentence.
82	11	Beverly hadn't passed these yellow oases.	Beverly hadn't passed this yellow oases.	-114.0	-114.0	-10.375	-10.375	False	False	morphology	determiner_noun_agreement	Write a natural, coherent English sentence.
83	11	A lot of prints irritate this unconvinced woman.	A lot of prints irritate these unconvinced woman.	-135.0	-135.0	-10.375	-10.375	False	False	morphology	determiner_noun_agreement	Write a natural, coherent English sentence.
84	11	Many customers hire those standing alumni.	Many customers hire that standing alumni.	-93.5	-93.5	-10.375	-10.375	False	False	morphology	determiner_noun_agreement	Write a natural, coherent English sentence.
85	11	Some rug isn't irritating that nice woman.	Some rug isn't irritating those nice woman.	-114.0	-114.0	-10.375	-10.375	False	False	morphology	determiner_noun_agreement	Write a natural, coherent English sentence.
86	11	Jill embarrassed those busy men.	Jill embarrassed that busy men.	-72.5	-72.5	-10.375	-10.375	False	False	morphology	determiner_noun_agreement	Write a natural, coherent English sentence.
87	11	Most sketches could hurt this uncertain person.	Most sketches could hurt these uncertain person.	-104.0	-104.0	-10.375	-10.375	False	False	morphology	determiner_noun_agreement	Write a natural, coherent English sentence.
88	11	Patricia lifted those purple feet.	Patricia lifted that purple feet.	-83.0	-83.0	-10.375	-10.375	False	False	morphology	determiner_noun_agreement	Write a natural, coherent English sentence.
89	11	The girls sell this hard fungus.	The girls sell these hard fungus.	-93.5	-93.5	-10.375	-10.375	False	False	morphology	determiner_noun_agreement	Write a natural, coherent English sentence.
90	11	Nicole has seen this yellow cactus.	Nicole has seen these yellow cactus.	-93.0	-93.0	-10.375	-10.375	False	False	morphology	determiner_noun_agreement	Write a natural, coherent English sentence.
91	11	Sharon could arrive at those big oases.	Sharon could arrive at that big oases.	-103.5	-103.5	-10.375	-10.375	False	False	morphology	determiner_noun_agreement	Write a natural, coherent English sentence.
92	11	This cashier can fire that good woman.	This cashier can fire those good woman.	-93.5	-93.5	-10.375	-10.375	False	False	morphology	determiner_noun_agreement	Write a natural, coherent English sentence.
93	11	Raymond left those scared children.	Raymond left that scared children.	-62.25	-62.25	-10.375	-10.375	False	False	morphology	determiner_noun_agreement	Write a natural, coherent English sentence.
94	11	Noah could discuss that clever person.	Noah could discuss those clever person.	-72.5	-72.5	-10.375	-10.375	False	False	morphology	determiner_noun_agreement	Write a natural, coherent English sentence.
95	11	Rachelle knew that concealed woman.	Rachelle knew those concealed woman.	-83.0	-83.0	-10.375	-10.375	False	False	morphology	determiner_noun_agreement	Write a natural, coherent English sentence.
96	11	Dawn hasn't cured those gray oxen.	Dawn hasn't cured that gray oxen.	-124.0	-124.0	-10.375	-10.375	False	False	morphology	determiner_noun_agreement	Write a natural, coherent English sentence.
97	11	The Great Lakes haven't disgusted those out in the open people.	The Great Lakes haven't disgusted that out in the open people.	-166.0	-166.0	-10.375	-10.375	False	False	morphology	determiner_noun_agreement	Write a natural, coherent English sentence.
98	11	Wayne doesn't exit those cheap oases.	Wayne doesn't exit that cheap oases.	-103.5	-103.5	-10.375	-10.375	False	False	morphology	determiner_noun_agreement	Write a natural, coherent English sentence.
99	11	These waitresses haven't astounded this fast woman.	These waitresses haven't astounded these fast woman.	-145.0	-145.0	-10.375	-10.375	False	False	morphology	determiner_noun_agreement	Write a natural, coherent English sentence.
100	11	Patrick hasn't lifted this out in the open cactus.	Patrick hasn't lifted these out in the open cactus.	-145.0	-145.0	-10.375	-10.375	False	False	morphology	determiner_noun_agreement	Write a natural, coherent English sentence.
101	11	Angela isn't embarrassing those excited children.	Angela isn't embarrassing that excited children.	-103.5	-103.5	-10.375	-10.375	False	False	morphology	determiner_noun_agreement	Write a natural, coherent English sentence.
102	11	Jennifer hasn't criticized this smart man.	Jennifer hasn't criticized these smart man.	-103.5	-103.5	-10.375	-10.375	False	False	morphology	determiner_noun_agreement	Write a natural, coherent English sentence.
103	11	April watched this big person.	April watched these big person.	-62.25	-62.25	-10.375	-10.375	False	False	morphology	determiner_noun_agreement	Write a natural, coherent English sentence.
104	11	Candice hadn't bothered that serious alumnus.	Candice hadn't bothered those serious alumnus.	-124.5	-124.5	-10.375	-10.375	False	False	morphology	determiner_noun_agreement	Write a natural, coherent English sentence.
105	11	The Clintons observe those happy women.	The Clintons observe that happy women.	-93.5	-93.5	-10.375	-10.375	False	False	morphology	determiner_noun_agreement	Write a natural, coherent English sentence.
106	11	The Clintons observe this excited man.	The Clintons observe these excited man.	-93.5	-93.5	-10.375	-10.375	False	False	morphology	determiner_noun_agreement	Write a natural, coherent English sentence.
107	11	Associations were listening to that unlucky child.	Associations were listening to those unlucky child.	-114.0	-114.0	-10.375	-10.375	False	False	morphology	determiner_noun_agreement	Write a natural, coherent English sentence.
108	11	Those committees discussed that busy woman.	Those committees discussed those busy woman.	-93.0	-93.5	-10.375	-10.375	True	False	morphology	determiner_noun_agreement	Write a natural, coherent English sentence.
109	11	Debra isn't discussing that good analysis.	Debra isn't discussing those good analysis.	-103.5	-103.5	-10.375	-10.375	False	False	morphology	determiner_noun_agreement	Write a natural, coherent English sentence.
110	11	The drawing distracts this lucky woman.	The drawing distracts these lucky woman.	-83.0	-83.0	-10.375	-10.375	False	False	morphology	determiner_noun_agreement	Write a natural, coherent English sentence.
111	11	Holly couldn't dislike this exposed child.	Holly couldn't dislike these exposed child.	-104.0	-104.0	-10.375	-10.375	False	False	morphology	determiner_noun_agreement	Write a natural, coherent English sentence.
112	11	Angela examines that good synopsis.	Angela examines those good synopsis.	-83.0	-83.0	-10.375	-10.375	False	False	morphology	determiner_noun_agreement	Write a natural, coherent English sentence.
113	11	These skateboards aggravate that lucky woman.	These skateboards aggravate those lucky woman.	-114.0	-114.0	-10.375	-10.375	False	False	morphology	determiner_noun_agreement	Write a natural, coherent English sentence.
114	11	Some play alarms those small women.	Some play alarms that small women.	-83.0	-83.0	-10.375	-10.375	False	False	morphology	determiner_noun_agreement	Write a natural, coherent English sentence.
115	11	Students investigate these nice men.	Students investigate this nice men.	-62.25	-62.25	-10.375	-10.375	False	False	morphology	determiner_noun_agreement	Write a natural, coherent English sentence.
116	11	Tanya wasn't shocking that busy child.	Tanya wasn't shocking those busy child.	-114.0	-114.0	-10.375	-10.375	False	False	morphology	determiner_noun_agreement	Write a natural, coherent English sentence.
117	11	Brett has boasted about this nice person.	Brett has boasted about these nice person.	-103.5	-103.5	-10.375	-10.375	False	False	morphology	determiner_noun_agreement	Write a natural, coherent English sentence.
118	11	Jennifer described that hidden woman.	Jennifer described those hidden woman.	-62.25	-62.25	-10.375	-10.375	False	False	morphology	determiner_noun_agreement	Write a natural, coherent English sentence.
119	11	Winston Churchill passed these red oases.	Winston Churchill passed this red oases.	-103.5	-103.5	-10.375	-10.375	False	False	morphology	determiner_noun_agreement	Write a natural, coherent English sentence.
120	11	Some mirror could scare this nice woman.	Some mirror could scare these nice woman.	-93.5	-93.5	-10.375	-10.375	False	False	morphology	determiner_noun_agreement	Write a natural, coherent English sentence.
121	11	Caroline hadn't fired that scared alumnus.	Caroline hadn't fired those scared alumnus.	-114.0	-114.0	-10.375	-10.375	False	False	morphology	determiner_noun_agreement	Write a natural, coherent English sentence.
122	11	Edward wasn't referencing that displeased woman.	Edward wasn't referencing those displeased woman.	-124.5	-124.5	-10.375	-10.375	False	False	morphology	determiner_noun_agreement	Write a natural, coherent English sentence.
123	11	Many teachers clean these cheap teeth.	Many teachers clean this cheap teeth.	-72.5	-72.5	-10.375	-10.375	False	False	morphology	determiner_noun_agreement	Write a natural, coherent English sentence.
124	11	Wayne might remember these new oases.	Wayne might remember this new oases.	-83.0	-83.0	-10.375	-10.375	False	False	morphology	determiner_noun_agreement	Write a natural, coherent English sentence.
125	11	Some high school alarms this determined man.	Some high school alarms these determined man.	-93.5	-93.5	-10.375	-10.375	False	False	morphology	determiner_noun_agreement	Write a natural, coherent English sentence.
126	11	Vincent had returned to these out in the open oases.	Vincent had returned to this out in the open oases.	-124.0	-124.0	-10.375	-10.375	False	False	morphology	determiner_noun_agreement	Write a natural, coherent English sentence.
127	11	Marla hired this standing child.	Marla hired these standing child.	-72.5	-72.5	-10.375	-10.375	False	False	morphology	determiner_noun_agreement	Write a natural, coherent English sentence.
128	11	Some cucumber has upset those ill men.	Some cucumber has upset that ill men.	-103.5	-103.5	-10.375	-10.375	False	False	morphology	determiner_noun_agreement	Write a natural, coherent English sentence.
129	11	Russell hasn't kissed this content man.	Russell hasn't kissed these content man.	-93.5	-93.5	-10.375	-10.375	False	False	morphology	determiner_noun_agreement	Write a natural, coherent English sentence.
130	11	Guy has left this determined man.	Guy has left these determined man.	-72.5	-72.5	-10.375	-10.375	False	False	morphology	determiner_noun_agreement	Write a natural, coherent English sentence.
131	11	The Lutherans listen to these employed women.	The Lutherans listen to this employed women.	-93.5	-93.5	-10.375	-10.375	False	False	morphology	determiner_noun_agreement	Write a natural, coherent English sentence.
132	11	Candice disliked these bad analyses.	Candice disliked this bad analyses.	-103.5	-103.5	-10.375	-10.375	False	False	morphology	determiner_noun_agreement	Write a natural, coherent English sentence.
133	11	Many women heal these lost geese.	Many women heal this lost geese.	-83.0	-83.0	-10.375	-10.375	False	False	morphology	determiner_noun_agreement	Write a natural, coherent English sentence.
134	11	Wayne has remembered these smart people.	Wayne has remembered this smart people.	-72.5	-72.5	-10.375	-10.375	False	False	morphology	determiner_noun_agreement	Write a natural, coherent English sentence.
135	11	This teenager had dropped by these white oases.	This teenager had dropped by this white oases.	-103.5	-103.5	-10.375	-10.375	False	False	morphology	determiner_noun_agreement	Write a natural, coherent English sentence.
136	11	Eva has exited those smooth oases.	Eva has exited that smooth oases.	-93.5	-93.5	-10.375	-10.375	False	False	morphology	determiner_noun_agreement	Write a natural, coherent English sentence.
137	11	Cheryl wouldn't aggravate that bad person.	Cheryl wouldn't aggravate those bad person.	-124.5	-124.5	-10.375	-10.375	False	False	morphology	determiner_noun_agreement	Write a natural, coherent English sentence.
138	11	Katherine hadn't shocked those young children.	Katherine hadn't shocked that young children.	-104.0	-104.0	-10.375	-10.375	False	False	morphology	determiner_noun_agreement	Write a natural, coherent English sentence.
139	11	The student loves these troubled people.	The student loves this troubled people.	-83.0	-83.0	-10.375	-10.375	False	False	morphology	determiner_noun_agreement	Write a natural, coherent English sentence.
140	11	Tracy cared for those smart alumni.	Tracy cared for that smart alumni.	-103.5	-103.5	-10.375	-10.375	False	False	morphology	determiner_noun_agreement	Write a natural, coherent English sentence.
141	11	Guys return to these small oases.	Guys return to this small oases.	-93.0	-93.0	-10.375	-10.375	False	False	morphology	determiner_noun_agreement	Write a natural, coherent English sentence.
142	11	Marcus won't bike to this white oasis.	Marcus won't bike to these white oasis.	-114.0	-114.0	-10.375	-10.375	False	False	morphology	determiner_noun_agreement	Write a natural, coherent English sentence.
143	11	Eggplants impressed these unconvinced alumni.	Eggplants impressed this unconvinced alumni.	-145.0	-145.0	-10.375	-10.375	False	False	morphology	determiner_noun_agreement	Write a natural, coherent English sentence.
144	11	A turtle has bored those troubled children.	A turtle has bored that troubled children.	-114.0	-114.0	-10.375	-10.375	False	False	morphology	determiner_noun_agreement	Write a natural, coherent English sentence.
145	11	The adults were taking those old teeth.	The adults were taking that old teeth.	-83.0	-83.0	-10.375	-10.375	False	False	morphology	determiner_noun_agreement	Write a natural, coherent English sentence.
146	11	Alan wasn't returning to those blue oases.	Alan wasn't returning to that blue oases.	-114.0	-114.0	-10.375	-10.375	False	False	morphology	determiner_noun_agreement	Write a natural, coherent English sentence.
147	11	Theodore had lifted this rough cactus.	Theodore had lifted these rough cactus.	-103.5	-103.5	-10.375	-10.375	False	False	morphology	determiner_noun_agreement	Write a natural, coherent English sentence.
148	11	Joel isn't praising those good synopses.	Joel isn't praising that good synopses.	-124.5	-124.5	-10.375	-10.375	False	False	morphology	determiner_noun_agreement	Write a natural, coherent English sentence.
149	11	The pedestrian knows these standing women.	The pedestrian knows this standing women.	-83.0	-83.0	-10.375	-10.375	False	False	morphology	determiner_noun_agreement	Write a natural, coherent English sentence.
150	11	Some museums forget that good analysis.	Some museums forget those good analysis.	-83.0	-83.0	-10.375	-10.375	False	False	morphology	determiner_noun_agreement	Write a natural, coherent English sentence.
151	11	The Clintons might clean that lost fungus.	The Clintons might clean those lost fungus.	-124.5	-124.5	-10.375	-10.375	False	False	morphology	determiner_noun_agreement	Write a natural, coherent English sentence.
152	11	Mary is bothering these out in the open children.	Mary is bothering this out in the open children.	-114.0	-114.0	-10.375	-10.375	False	False	morphology	determiner_noun_agreement	Write a natural, coherent English sentence.
153	11	Many customers sell that lost ox.	Many customers sell those lost ox.	-72.5	-72.5	-10.375	-10.375	False	False	morphology	determiner_noun_agreement	Write a natural, coherent English sentence.
154	11	These waitresses praise these troubled men.	These waitresses praise this troubled men.	-103.5	-103.5	-10.375	-10.375	False	False	morphology	determiner_noun_agreement	Write a natural, coherent English sentence.
155	11	Many men didn't admire that nice person.	Many men didn't admire those nice person.	-114.0	-114.0	-10.375	-10.375	False	False	morphology	determiner_noun_agreement	Write a natural, coherent English sentence.
156	11	Jesus ran around this exposed oasis.	Jesus ran around these exposed oasis.	-83.0	-83.0	-10.375	-10.375	False	False	morphology	determiner_noun_agreement	Write a natural, coherent English sentence.
157	11	Many customers talk about that delighted child.	Many customers talk about those delighted child.	-83.0	-83.0	-10.375	-10.375	False	False	morphology	determiner_noun_agreement	Write a natural, coherent English sentence.
158	11	Drawings had disgusted this small woman.	Drawings had disgusted these small woman.	-93.5	-93.5	-10.375	-10.375	False	False	morphology	determiner_noun_agreement	Write a natural, coherent English sentence.
159	11	Colleen did care for that good man.	Colleen did care for those good man.	-93.5	-93.5	-10.375	-10.375	False	False	morphology	determiner_noun_agreement	Write a natural, coherent English sentence.
160	11	Marcus admired those exposed geese.	Marcus admired that exposed geese.	-83.0	-83.0	-10.375	-10.375	False	False	morphology	determiner_noun_agreement	Write a natural, coherent English sentence.
161	11	Randolf has noticed this clean foot.	Randolf has noticed these clean foot.	-83.0	-83.0	-10.375	-10.375	False	False	morphology	determiner_noun_agreement	Write a natural, coherent English sentence.
162	11	Craig could listen to that determined man.	Craig could listen to those determined man.	-83.0	-83.0	-10.375	-10.375	False	False	morphology	determiner_noun_agreement	Write a natural, coherent English sentence.
163	11	Movies stunned this small man.	Movies stunned these small man.	-83.0	-83.0	-10.375	-10.375	False	False	morphology	determiner_noun_agreement	Write a natural, coherent English sentence.
164	11	Timothy buys this rough ox.	Timothy buys these rough ox.	-83.0	-83.0	-10.375	-10.375	False	False	morphology	determiner_noun_agreement	Write a natural, coherent English sentence.
165	11	Some women go to those red oases.	Some women go to that red oases.	-93.0	-93.0	-10.375	-10.375	False	False	morphology	determiner_noun_agreement	Write a natural, coherent English sentence.
166	11	Ruth fixed this clean tooth.	Ruth fixed these clean tooth.	-62.25	-62.25	-10.375	-10.375	False	False	morphology	determiner_noun_agreement	Write a natural, coherent English sentence.
167	11	Monica is boring those clever men.	Monica is boring that clever men.	-83.0	-83.0	-10.375	-10.375	False	False	morphology	determiner_noun_agreement	Write a natural, coherent English sentence.
168	11	Janice knows these hidden alumni.	Janice knows this hidden alumni.	-93.5	-93.5	-10.375	-10.375	False	False	morphology	determiner_noun_agreement	Write a natural, coherent English sentence.
169	11	Spain insults this delighted alumnus.	Spain insults these delighted alumnus.	-93.0	-93.0	-10.375	-10.375	False	False	morphology	determiner_noun_agreement	Write a natural, coherent English sentence.
170	11	Some planes bore that displeased child.	Some planes bore those displeased child.	-93.5	-93.5	-10.375	-10.375	False	False	morphology	determiner_noun_agreement	Write a natural, coherent English sentence.
171	11	Dishes should upset these happy men.	Dishes should upset this happy men.	-83.0	-83.0	-10.375	-10.375	False	False	morphology	determiner_noun_agreement	Write a natural, coherent English sentence.
172	11	That painting looked like these yellow stimuli.	That painting looked like this yellow stimuli.	-93.5	-93.5	-10.375	-10.375	False	False	morphology	determiner_noun_agreement	Write a natural, coherent English sentence.
173	11	Amy shocked that content man.	Amy shocked those content man.	-62.25	-62.25	-10.375	-10.375	False	False	morphology	determiner_noun_agreement	Write a natural, coherent English sentence.
174	11	Melinda hasn't hidden this determined woman.	Melinda hasn't hidden these determined woman.	-104.0	-104.0	-10.375	-10.375	False	False	morphology	determiner_noun_agreement	Write a natural, coherent English sentence.
175	11	Caroline did drive to this brown oasis.	Caroline did drive to these brown oasis.	-93.0	-93.0	-10.375	-10.375	False	False	morphology	determiner_noun_agreement	Write a natural, coherent English sentence.
176	11	That rice disturbed those smart alumni.	That rice disturbed that smart alumni.	-103.5	-103.5	-10.375	-10.375	False	False	morphology	determiner_noun_agreement	Write a natural, coherent English sentence.
177	11	Brian will examine these long analyses.	Brian will examine this long analyses.	-83.0	-83.0	-10.375	-10.375	False	False	morphology	determiner_noun_agreement	Write a natural, coherent English sentence.
178	11	Mark dislikes this uncertain child.	Mark dislikes these uncertain child.	-83.0	-83.0	-10.375	-10.375	False	False	morphology	determiner_noun_agreement	Write a natural, coherent English sentence.
179	11	Rose was returning to these out in the open children.	Rose was returning to this out in the open children.	-114.0	-114.0	-10.375	-10.375	False	False	morphology	determiner_noun_agreement	Write a natural, coherent English sentence.
180	11	The guest has fixed this red tooth.	The guest has fixed these red tooth.	-83.0	-83.0	-10.375	-10.375	False	False	morphology	determiner_noun_agreement	Write a natural, coherent English sentence.
181	11	Jennifer is breaking this big tooth.	Jennifer is breaking these big tooth.	-72.5	-72.5	-10.375	-10.375	False	False	morphology	determiner_noun_agreement	Write a natural, coherent English sentence.
182	11	Sabrina isn't referencing these red theses.	Sabrina isn't referencing this red theses.	-135.0	-135.0	-10.375	-10.375	False	False	morphology	determiner_noun_agreement	Write a natural, coherent English sentence.
183	11	Valerie hadn't exited that exposed oasis.	Valerie hadn't exited those exposed oasis.	-124.5	-124.5	-10.375	-10.375	False	False	morphology	determiner_noun_agreement	Write a natural, coherent English sentence.
184	11	Every restaurant had worried this hidden child.	Every restaurant had worried these hidden child.	-83.0	-83.0	-10.375	-10.375	False	False	morphology	determiner_noun_agreement	Write a natural, coherent English sentence.
185	11	A woman was examining those long synopses.	A woman was examining that long synopses.	-114.0	-114.0	-10.375	-10.375	False	False	morphology	determiner_noun_agreement	Write a natural, coherent English sentence.
186	11	All actresses approach that content man.	All actresses approach those content man.	-83.0	-83.0	-10.375	-10.375	False	False	morphology	determiner_noun_agreement	Write a natural, coherent English sentence.
187	11	Sarah cleaned those yellow feet.	Sarah cleaned that yellow feet.	-62.25	-62.25	-10.375	-10.375	False	False	morphology	determiner_noun_agreement	Write a natural, coherent English sentence.
188	11	Margaret tours those black oases.	Margaret tours that black oases.	-72.5	-72.5	-10.375	-10.375	False	False	morphology	determiner_noun_agreement	Write a natural, coherent English sentence.
189	11	Rachel wasn't messing up this clean foot.	Rachel wasn't messing up these clean foot.	-114.0	-114.0	-10.375	-10.375	False	False	morphology	determiner_noun_agreement	Write a natural, coherent English sentence.
190	11	The Lutherans go to that old oasis.	The Lutherans go to those old oasis.	-103.5	-103.5	-10.375	-10.375	False	False	morphology	determiner_noun_agreement	Write a natural, coherent English sentence.
191	11	The lamps shock those hidden alumni.	The lamps shock that hidden alumni.	-103.5	-103.5	-10.375	-10.375	False	False	morphology	determiner_noun_agreement	Write a natural, coherent English sentence.
192	11	Claire conceals those small stimuli.	Claire conceals that small stimuli.	-83.0	-83.0	-10.375	-10.375	False	False	morphology	determiner_noun_agreement	Write a natural, coherent English sentence.
193	11	Most documentaries annoy that busy person.	Most documentaries annoy those busy person.	-83.0	-83.0	-10.375	-10.375	False	False	morphology	determiner_noun_agreement	Write a natural, coherent English sentence.
194	11	Pamela shouldn't return to those exposed men.	Pamela shouldn't return to that exposed men.	-114.0	-114.0	-10.375	-10.375	False	False	morphology	determiner_noun_agreement	Write a natural, coherent English sentence.
195	11	That person couldn't arrive at that purple oasis.	That person couldn't arrive at those purple oasis.	-124.5	-124.0	-10.375	-10.375	False	False	morphology	determiner_noun_agreement	Write a natural, coherent English sentence.
196	11	Alicia won't admire those big nuclei.	Alicia won't admire that big nuclei.	-135.0	-135.0	-10.375	-10.375	False	False	morphology	determiner_noun_agreement	Write a natural, coherent English sentence.
197	11	Curtis arrived at that red oasis.	Curtis arrived at those red oasis.	-93.0	-93.5	-10.375	-10.375	True	False	morphology	determiner_noun_agreement	Write a natural, coherent English sentence.
198	11	People investigate that smart man.	People investigate those smart man.	-62.25	-62.25	-10.375	-10.375	False	False	morphology	determiner_noun_agreement	Write a natural, coherent English sentence.
199	11	Some boys hire these content alumni.	Some boys hire this content alumni.	-93.0	-93.5	-10.375	-10.375	True	False	morphology	determiner_noun_agreement	Write a natural, coherent English sentence.
200	11	Leslie found these brown feet.	Leslie found this brown feet.	-72.5	-72.5	-10.375	-10.375	False	False	morphology	determiner_noun_agreement	Write a natural, coherent English sentence.
201	11	Alexander was firing that displeased woman.	Alexander was firing those displeased woman.	-93.5	-93.5	-10.375	-10.375	False	False	morphology	determiner_noun_agreement	Write a natural, coherent English sentence.
202	11	Florence hasn't argued about those confident children.	Florence hasn't argued about that confident children.	-104.0	-104.0	-10.375	-10.375	False	False	morphology	determiner_noun_agreement	Write a natural, coherent English sentence.
203	11	That adult hadn't complained about that exposed man.	That adult hadn't complained about those exposed man.	-114.0	-114.0	-10.375	-10.375	False	False	morphology	determiner_noun_agreement	Write a natural, coherent English sentence.
204	11	Larry works with these scared women.	Larry works with this scared women.	-72.5	-72.5	-10.375	-10.375	False	False	morphology	determiner_noun_agreement	Write a natural, coherent English sentence.
205	11	Kathleen leaves this old child.	Kathleen leaves these old child.	-72.5	-72.5	-10.375	-10.375	False	False	morphology	determiner_noun_agreement	Write a natural, coherent English sentence.
206	11	The actresses weren't watching these scared people.	The actresses weren't watching this scared people.	-114.0	-114.0	-10.375	-10.375	False	False	morphology	determiner_noun_agreement	Write a natural, coherent English sentence.
207	11	Derek isn't escaping from these blue oases.	Derek isn't escaping from this blue oases.	-135.0	-135.0	-10.375	-10.375	False	False	morphology	determiner_noun_agreement	Write a natural, coherent English sentence.
208	11	Naomi isn't talking about that cheap oasis.	Naomi isn't talking about those cheap oasis.	-124.5	-124.5	-10.375	-10.375	False	False	morphology	determiner_noun_agreement	Write a natural, coherent English sentence.
209	11	These guests hate these troubled men.	These guests hate this troubled men.	-83.0	-83.0	-10.375	-10.375	False	False	morphology	determiner_noun_agreement	Write a natural, coherent English sentence.
210	11	Patricia wasn't hiring those small children.	Patricia wasn't hiring that small children.	-114.0	-114.0	-10.375	-10.375	False	False	morphology	determiner_noun_agreement	Write a natural, coherent English sentence.
211	11	All stairs weren't alarming that lucky woman.	All stairs weren't alarming those lucky woman.	-114.0	-114.0	-10.375	-10.375	False	False	morphology	determiner_noun_agreement	Write a natural, coherent English sentence.
212	11	Many drivers left that confident alumnus.	Many drivers left those confident alumnus.	-93.5	-93.5	-10.375	-10.375	False	False	morphology	determiner_noun_agreement	Write a natural, coherent English sentence.
213	11	Every skirt disgusts these smart children.	Every skirt disgusts this smart children.	-83.0	-83.0	-10.375	-10.375	False	False	morphology	determiner_noun_agreement	Write a natural, coherent English sentence.
214	11	Valerie has astounded that lost alumnus.	Valerie has astounded those lost alumnus.	-124.0	-124.0	-10.375	-10.375	False	False	morphology	determiner_noun_agreement	Write a natural, coherent English sentence.
215	11	Sonia should describe this determined child.	Sonia should describe these determined child.	-83.0	-83.0	-10.375	-10.375	False	False	morphology	determiner_noun_agreement	Write a natural, coherent English sentence.
216	11	A lot of lakes weren't disgusting that old person.	A lot of lakes weren't disgusting those old person.	-145.0	-145.0	-10.375	-10.375	False	False	morphology	determiner_noun_agreement	Write a natural, coherent English sentence.
217	11	Some pants hadn't aggravated that good woman.	Some pants hadn't aggravated those good woman.	-124.5	-124.5	-10.375	-10.375	False	False	morphology	determiner_noun_agreement	Write a natural, coherent English sentence.
218	11	Anne does return to that old woman.	Anne does return to those old woman.	-83.0	-83.0	-10.375	-10.375	False	False	morphology	determiner_noun_agreement	Write a natural, coherent English sentence.
219	11	Alan wasn't listening to that delighted person.	Alan wasn't listening to those delighted person.	-104.0	-104.0	-10.375	-10.375	False	False	morphology	determiner_noun_agreement	Write a natural, coherent English sentence.
220	11	Some icicles annoy those serious alumni.	Some icicles annoy that serious alumni.	-103.5	-104.0	-10.375	-10.375	True	False	morphology	determiner_noun_agreement	Write a natural, coherent English sentence.
221	11	Many women won't scare those uncertain men.	Many women won't scare that uncertain men.	-114.0	-114.0	-10.375	-10.375	False	False	morphology	determiner_noun_agreement	Write a natural, coherent English sentence.
222	11	Science disgusts this unconvinced alumnus.	Science disgusts these unconvinced alumnus.	-124.0	-124.5	-10.375	-10.375	True	False	morphology	determiner_noun_agreement	Write a natural, coherent English sentence.
223	11	Connie tours these rough oases.	Connie tours this rough oases.	-83.0	-83.0	-10.375	-10.375	False	False	morphology	determiner_noun_agreement	Write a natural, coherent English sentence.
224	11	Those banks were talking about this lost thesis.	Those banks were talking about these lost thesis.	-93.5	-93.5	-10.375	-10.375	False	False	morphology	determiner_noun_agreement	Write a natural, coherent English sentence.
225	11	Some prints didn't look like this rough louse.	Some prints didn't look like these rough louse.	-124.5	-124.5	-10.375	-10.375	False	False	morphology	determiner_noun_agreement	Write a natural, coherent English sentence.
226	11	All pedestrians like those rough theses.	All pedestrians like that rough theses.	-103.5	-104.0	-10.375	-10.375	True	False	morphology	determiner_noun_agreement	Write a natural, coherent English sentence.
227	11	Douglas saw that black fungus.	Douglas saw those black fungus.	-83.0	-83.0	-10.375	-10.375	False	False	morphology	determiner_noun_agreement	Write a natural, coherent English sentence.
228	11	Sarah examined that bad analysis.	Sarah examined those bad analysis.	-62.25	-62.25	-10.375	-10.375	False	False	morphology	determiner_noun_agreement	Write a natural, coherent English sentence.
229	11	An actress researches this long thesis.	An actress researches these long thesis.	-103.5	-103.5	-10.375	-10.375	False	False	morphology	determiner_noun_agreement	Write a natural, coherent English sentence.
230	11	Those waitresses criticize this hidden child.	Those waitresses criticize these hidden child.	-103.5	-103.5	-10.375	-10.375	False	False	morphology	determiner_noun_agreement	Write a natural, coherent English sentence.
231	11	Most drivers question these upset alumni.	Most drivers question this upset alumni.	-93.0	-93.0	-10.375	-10.375	False	False	morphology	determiner_noun_agreement	Write a natural, coherent English sentence.
232	11	Phillip isn't working with these small women.	Phillip isn't working with this small women.	-114.0	-114.0	-10.375	-10.375	False	False	morphology	determiner_noun_agreement	Write a natural, coherent English sentence.
233	11	Jennifer can't aggravate that unlucky man.	Jennifer can't aggravate those unlucky man.	-135.0	-135.0	-10.375	-10.375	False	False	morphology	determiner_noun_agreement	Write a natural, coherent English sentence.
234	11	Essays confuse this good woman.	Essays confuse these good woman.	-83.0	-83.0	-10.375	-10.375	False	False	morphology	determiner_noun_agreement	Write a natural, coherent English sentence.
235	11	Amelia has forgotten those bad analyses.	Amelia has forgotten that bad analyses.	-93.5	-93.5	-10.375	-10.375	False	False	morphology	determiner_noun_agreement	Write a natural, coherent English sentence.
236	11	Michael had explored this brown oasis.	Michael had explored these brown oasis.	-83.0	-83.0	-10.375	-10.375	False	False	morphology	determiner_noun_agreement	Write a natural, coherent English sentence.
237	11	Natalie can aggravate those smart men.	Natalie can aggravate that smart men.	-103.5	-103.5	-10.375	-10.375	False	False	morphology	determiner_noun_agreement	Write a natural, coherent English sentence.
238	11	That patient won't go to these cheap oases.	That patient won't go to this cheap oases.	-124.5	-124.5	-10.375	-10.375	False	False	morphology	determiner_noun_agreement	Write a natural, coherent English sentence.
239	11	Heidi had discovered those black feet.	Heidi had discovered that black feet.	-83.0	-83.0	-10.375	-10.375	False	False	morphology	determiner_noun_agreement	Write a natural, coherent English sentence.
240	11	David hadn't watched those determined men.	David hadn't watched that determined men.	-93.5	-93.5	-10.375	-10.375	False	False	morphology	determiner_noun_agreement	Write a natural, coherent English sentence.
241	11	Some teenager couldn't walk through these green oases.	Some teenager couldn't walk through this green oases.	-124.0	-124.0	-10.375	-10.375	False	False	morphology	determiner_noun_agreement	Write a natural, coherent English sentence.
242	11	Christina shouldn't sell this hard oasis.	Christina shouldn't sell these hard oasis.	-114.0	-114.0	-10.375	-10.375	False	False	morphology	determiner_noun_agreement	Write a natural, coherent English sentence.
243	11	Christopher isn't firing those sick men.	Christopher isn't firing that sick men.	-93.5	-93.5	-10.375	-10.375	False	False	morphology	determiner_noun_agreement	Write a natural, coherent English sentence.
244	11	Most students hide that yellow mouse.	Most students hide those yellow mouse.	-72.5	-72.5	-10.375	-10.375	False	False	morphology	determiner_noun_agreement	Write a natural, coherent English sentence.
245	11	Holly did buy those clean feet.	Holly did buy that clean feet.	-72.5	-72.5	-10.375	-10.375	False	False	morphology	determiner_noun_agreement	Write a natural, coherent English sentence.
246	11	Many actors clean these brown theses.	Many actors clean this brown theses.	-83.0	-83.0	-10.375	-10.375	False	False	morphology	determiner_noun_agreement	Write a natural, coherent English sentence.
247	11	Stacy would hide those lost lice.	Stacy would hide that lost lice.	-93.5	-93.5	-10.375	-10.375	False	False	morphology	determiner_noun_agreement	Write a natural, coherent English sentence.
248	11	Alan drove to that new oasis.	Alan drove to those new oasis.	-83.0	-83.0	-10.375	-10.375	False	False	morphology	determiner_noun_agreement	Write a natural, coherent English sentence.
249	11	The Impressionists tour this purple oasis.	The Impressionists tour these purple oasis.	-103.5	-103.5	-10.375	-10.375	False	False	morphology	determiner_noun_agreement	Write a natural, coherent English sentence.
250	11	Wayne is talking to this hidden woman.	Wayne is talking to these hidden woman.	-83.0	-83.0	-10.375	-10.375	False	False	morphology	determiner_noun_agreement	Write a natural, coherent English sentence.
251	11	Christopher forgets this happy child.	Christopher forgets these happy child.	-72.5	-72.5	-10.375	-10.375	False	False	morphology	determiner_noun_agreement	Write a natural, coherent English sentence.
252	11	Julie can boycott those cheap oases.	Julie can boycott that cheap oases.	-93.0	-93.0	-10.375	-10.375	False	False	morphology	determiner_noun_agreement	Write a natural, coherent English sentence.
253	11	Most senators dislike these bad theses.	Most senators dislike this bad theses.	-104.0	-104.0	-10.375	-10.375	False	False	morphology	determiner_noun_agreement	Write a natural, coherent English sentence.
254	11	Denise concealed this content person.	Denise concealed these content person.	-83.0	-83.0	-10.375	-10.375	False	False	morphology	determiner_noun_agreement	Write a natural, coherent English sentence.
255	11	Some bike shocks these nice women.	Some bike shocks this nice women.	-83.0	-83.0	-10.375	-10.375	False	False	morphology	determiner_noun_agreement	Write a natural, coherent English sentence.
256	11	These teenagers fix those hidden feet.	These teenagers fix that hidden feet.	-83.0	-83.0	-10.375	-10.375	False	False	morphology	determiner_noun_agreement	Write a natural, coherent English sentence.
257	11	Ella praised that ill woman.	Ella praised those ill woman.	-72.5	-72.5	-10.375	-10.375	False	False	morphology	determiner_noun_agreement	Write a natural, coherent English sentence.
258	11	Current events stun these lost people.	Current events stun this lost people.	-83.0	-83.0	-10.375	-10.375	False	False	morphology	determiner_noun_agreement	Write a natural, coherent English sentence.
259	11	Mary tours this gray oasis.	Mary tours these gray oasis.	-72.5	-72.5	-10.375	-10.375	False	False	morphology	determiner_noun_agreement	Write a natural, coherent English sentence.
260	11	Linda visited those unsure men.	Linda visited that unsure men.	-72.5	-72.5	-10.375	-10.375	False	False	morphology	determiner_noun_agreement	Write a natural, coherent English sentence.
261	11	Dan wouldn't boycott that smooth oasis.	Dan wouldn't boycott those smooth oasis.	-114.0	-114.0	-10.375	-10.375	False	False	morphology	determiner_noun_agreement	Write a natural, coherent English sentence.
262	11	Those men leave that brown oasis.	Those men leave those brown oasis.	-83.0	-83.0	-10.375	-10.375	False	False	morphology	determiner_noun_agreement	Write a natural, coherent English sentence.
263	11	Lissa does pass these black oases.	Lissa does pass this black oases.	-93.0	-93.0	-10.375	-10.375	False	False	morphology	determiner_noun_agreement	Write a natural, coherent English sentence.
264	11	Alice had embarrassed this happy man.	Alice had embarrassed these happy man.	-72.5	-72.5	-10.375	-10.375	False	False	morphology	determiner_noun_agreement	Write a natural, coherent English sentence.
265	11	Wayne is worrying that hopeful child.	Wayne is worrying those hopeful child.	-83.0	-83.0	-10.375	-10.375	False	False	morphology	determiner_noun_agreement	Write a natural, coherent English sentence.
266	11	Lucille is biking to that green oasis.	Lucille is biking to those green oasis.	-114.0	-114.0	-10.375	-10.375	False	False	morphology	determiner_noun_agreement	Write a natural, coherent English sentence.
267	11	Katherine hadn't skated around this white oasis.	Katherine hadn't skated around these white oasis.	-135.0	-135.0	-10.375	-10.375	False	False	morphology	determiner_noun_agreement	Write a natural, coherent English sentence.
268	11	James observed this hopeful child.	James observed these hopeful child.	-72.5	-72.5	-10.375	-10.375	False	False	morphology	determiner_noun_agreement	Write a natural, coherent English sentence.
269	11	Gerald liked this big child.	Gerald liked these big child.	-72.5	-72.5	-10.375	-10.375	False	False	morphology	determiner_noun_agreement	Write a natural, coherent English sentence.
270	11	That committee wasn't hiring this displeased alumnus.	That committee wasn't hiring these displeased alumnus.	-145.0	-145.0	-10.375	-10.375	False	False	morphology	determiner_noun_agreement	Write a natural, coherent English sentence.
271	11	Gary isn't breaking that white tooth.	Gary isn't breaking those white tooth.	-93.5	-93.5	-10.375	-10.375	False	False	morphology	determiner_noun_agreement	Write a natural, coherent English sentence.
272	11	Walter hasn't seen those content children.	Walter hasn't seen that content children.	-93.5	-93.5	-10.375	-10.375	False	False	morphology	determiner_noun_agreement	Write a natural, coherent English sentence.
273	11	Martha didn't clean these hidden teeth.	Martha didn't clean this hidden teeth.	-93.5	-93.5	-10.375	-10.375	False	False	morphology	determiner_noun_agreement	Write a natural, coherent English sentence.
274	11	These teachers are returning to those lost men.	These teachers are returning to that lost men.	-93.0	-93.0	-10.375	-10.375	False	False	morphology	determiner_noun_agreement	Write a natural, coherent English sentence.
275	11	Ellen hadn't boycotted that hidden oasis.	Ellen hadn't boycotted those hidden oasis.	-124.5	-124.5	-10.375	-10.375	False	False	morphology	determiner_noun_agreement	Write a natural, coherent English sentence.
276	11	Some patients drive to these brown oases.	Some patients drive to this brown oases.	-93.0	-93.0	-10.375	-10.375	False	False	morphology	determiner_noun_agreement	Write a natural, coherent English sentence.
277	11	Nina wasn't referencing this ill person.	Nina wasn't referencing these ill person.	-104.0	-103.5	-10.375	-10.375	False	False	morphology	determiner_noun_agreement	Write a natural, coherent English sentence.
278	11	Denise praises these fast children.	Denise praises this fast children.	-83.0	-83.0	-10.375	-10.375	False	False	morphology	determiner_noun_agreement	Write a natural, coherent English sentence.
279	11	Most customers attack that clever man.	Most customers attack those clever man.	-72.5	-72.5	-10.375	-10.375	False	False	morphology	determiner_noun_agreement	Write a natural, coherent English sentence.
280	11	Every photograph looks like those exposed people.	Every photograph looks like that exposed people.	-83.0	-83.0	-10.375	-10.375	False	False	morphology	determiner_noun_agreement	Write a natural, coherent English sentence.
281	11	Cindy shouldn't cure that confident alumnus.	Cindy shouldn't cure those confident alumnus.	-135.0	-135.0	-10.375	-10.375	False	False	morphology	determiner_noun_agreement	Write a natural, coherent English sentence.
282	11	The Borgias reveal these blue feet.	The Borgias reveal this blue feet.	-93.5	-93.5	-10.375	-10.375	False	False	morphology	determiner_noun_agreement	Write a natural, coherent English sentence.
283	11	Ella lifts these exposed fungi.	Ella lifts this exposed fungi.	-93.5	-93.5	-10.375	-10.375	False	False	morphology	determiner_noun_agreement	Write a natural, coherent English sentence.
284	11	The Lutherans astound that unsure person.	The Lutherans astound those unsure person.	-104.0	-104.0	-10.375	-10.375	False	False	morphology	determiner_noun_agreement	Write a natural, coherent English sentence.
285	11	These cakes bore that determined woman.	These cakes bore those determined woman.	-83.0	-83.0	-10.375	-10.375	False	False	morphology	determiner_noun_agreement	Write a natural, coherent English sentence.
286	11	Nina lifts this orange cactus.	Nina lifts these orange cactus.	-93.5	-93.5	-10.375	-10.375	False	False	morphology	determiner_noun_agreement	Write a natural, coherent English sentence.
287	11	The actors kiss these unconvinced children.	The actors kiss this unconvinced children.	-104.0	-104.0	-10.375	-10.375	False	False	morphology	determiner_noun_agreement	Write a natural, coherent English sentence.
288	11	Sharon dislikes that brown thesis.	Sharon dislikes those brown thesis.	-93.5	-93.5	-10.375	-10.375	False	False	morphology	determiner_noun_agreement	Write a natural, coherent English sentence.
289	11	The customers sell these rough fungi.	The customers sell this rough fungi.	-83.0	-83.0	-10.375	-10.375	False	False	morphology	determiner_noun_agreement	Write a natural, coherent English sentence.
290	11	Janice didn't cure those employed men.	Janice didn't cure that employed men.	-103.5	-103.5	-10.375	-10.375	False	False	morphology	determiner_noun_agreement	Write a natural, coherent English sentence.
291	11	Paula left this uncertain person.	Paula left these uncertain person.	-72.5	-72.5	-10.375	-10.375	False	False	morphology	determiner_noun_agreement	Write a natural, coherent English sentence.
292	11	Those guys had escaped from those employed children.	Those guys had escaped from that employed children.	-93.0	-93.0	-10.375	-10.375	False	False	morphology	determiner_noun_agreement	Write a natural, coherent English sentence.
293	11	Christine wasn't touring that old oasis.	Christine wasn't touring those old oasis.	-124.0	-124.0	-10.375	-10.375	False	False	morphology	determiner_noun_agreement	Write a natural, coherent English sentence.
294	11	These waitresses praise this rough thesis.	These waitresses praise these rough thesis.	-93.0	-93.0	-10.375	-10.375	False	False	morphology	determiner_noun_agreement	Write a natural, coherent English sentence.
295	11	Some girls hadn't passed this concealed oasis.	Some girls hadn't passed these concealed oasis.	-124.5	-124.5	-10.375	-10.375	False	False	morphology	determiner_noun_agreement	Write a natural, coherent English sentence.
296	11	Andrea lifts these small cacti.	Andrea lifts this small cacti.	-93.5	-93.5	-10.375	-10.375	False	False	morphology	determiner_noun_agreement	Write a natural, coherent English sentence.
297	11	Kristen is scanning those bad synopses.	Kristen is scanning that bad synopses.	-114.0	-114.0	-10.375	-10.375	False	False	morphology	determiner_noun_agreement	Write a natural, coherent English sentence.
298	11	Alan is skated around these cheap oases.	Alan is skated around this cheap oases.	-103.5	-103.5	-10.375	-10.375	False	False	morphology	determiner_noun_agreement	Write a natural, coherent English sentence.
299	11	Kayla has investigated these busy people.	Kayla has investigated this busy people.	-83.0	-83.0	-10.375	-10.375	False	False	morphology	determiner_noun_agreement	Write a natural, coherent English sentence.
300	11	Timothy observes that good woman.	Timothy observes those good woman.	-83.0	-83.0	-10.375	-10.375	False	False	morphology	determiner_noun_agreement	Write a natural, coherent English sentence.
301	11	Every museum hadn't discussed those hidden theses.	Every museum hadn't discussed that hidden theses.	-114.0	-114.0	-10.375	-10.375	False	False	morphology	determiner_noun_agreement	Write a natural, coherent English sentence.
302	11	Some cashiers help this troubled person.	Some cashiers help these troubled person.	-93.0	-93.0	-10.375	-10.375	False	False	morphology	determiner_noun_agreement	Write a natural, coherent English sentence.
303	11	Amanda was attacking that displeased woman.	Amanda was attacking those displeased woman.	-93.5	-93.5	-10.375	-10.375	False	False	morphology	determiner_noun_agreement	Write a natural, coherent English sentence.
304	11	This window upsets these lost people.	This window upsets this lost people.	-83.0	-83.0	-10.375	-10.375	False	False	morphology	determiner_noun_agreement	Write a natural, coherent English sentence.
305	11	Cindy wasn't bringing those gray cacti.	Cindy wasn't bringing that gray cacti.	-135.0	-135.0	-10.375	-10.375	False	False	morphology	determiner_noun_agreement	Write a natural, coherent English sentence.
306	11	Peter complained about these good synopses.	Peter complained about this good synopses.	-93.0	-93.0	-10.375	-10.375	False	False	morphology	determiner_noun_agreement	Write a natural, coherent English sentence.
307	11	Danielle was touring those new oases.	Danielle was touring that new oases.	-103.5	-103.5	-10.375	-10.375	False	False	morphology	determiner_noun_agreement	Write a natural, coherent English sentence.
308	11	Elaine discusses that standing person.	Elaine discusses those standing person.	-83.0	-83.0	-10.375	-10.375	False	False	morphology	determiner_noun_agreement	Write a natural, coherent English sentence.
309	11	Jacqueline had healed those rough geese.	Jacqueline had healed that rough geese.	-114.0	-114.0	-10.375	-10.375	False	False	morphology	determiner_noun_agreement	Write a natural, coherent English sentence.
310	11	All rivers were distracting those standing men.	All rivers were distracting that standing men.	-93.5	-93.5	-10.375	-10.375	False	False	morphology	determiner_noun_agreement	Write a natural, coherent English sentence.
311	11	Some people exit those yellow oases.	Some people exit that yellow oases.	-83.0	-83.0	-10.375	-10.375	False	False	morphology	determiner_noun_agreement	Write a natural, coherent English sentence.
312	11	Becca isn't exploring these hard oases.	Becca isn't exploring this hard oases.	-114.0	-114.0	-10.375	-10.375	False	False	morphology	determiner_noun_agreement	Write a natural, coherent English sentence.
313	11	Timothy revealed that big foot.	Timothy revealed those big foot.	-72.5	-72.5	-10.375	-10.375	False	False	morphology	determiner_noun_agreement	Write a natural, coherent English sentence.
314	11	Adam fires these determined men.	Adam fires this determined men.	-62.25	-62.25	-10.375	-10.375	False	False	morphology	determiner_noun_agreement	Write a natural, coherent English sentence.
315	11	The teenagers clean this purple foot.	The teenagers clean these purple foot.	-83.0	-83.0	-10.375	-10.375	False	False	morphology	determiner_noun_agreement	Write a natural, coherent English sentence.
316	11	The Great Lakes could annoy that troubled man.	The Great Lakes could annoy those troubled man.	-114.0	-114.0	-10.375	-10.375	False	False	morphology	determiner_noun_agreement	Write a natural, coherent English sentence.
317	11	Karen discusses those bad men.	Karen discusses that bad men.	-72.5	-72.5	-10.375	-10.375	False	False	morphology	determiner_noun_agreement	Write a natural, coherent English sentence.
318	11	Phillip didn't find those ill alumni.	Phillip didn't find that ill alumni.	-124.5	-124.5	-10.375	-10.375	False	False	morphology	determiner_noun_agreement	Write a natural, coherent English sentence.
319	11	A lot of men reference these good analyses.	A lot of men reference this good analyses.	-103.5	-103.5	-10.375	-10.375	False	False	morphology	determiner_noun_agreement	Write a natural, coherent English sentence.
320	11	Larry had insulted these lucky children.	Larry had insulted this lucky children.	-83.0	-83.0	-10.375	-10.375	False	False	morphology	determiner_noun_agreement	Write a natural, coherent English sentence.
321	11	Debra is firing that determined child.	Debra is firing those determined child.	-83.0	-83.0	-10.375	-10.375	False	False	morphology	determiner_noun_agreement	Write a natural, coherent English sentence.
322	11	Noah was watching that fast woman.	Noah was watching those fast woman.	-72.5	-72.5	-10.375	-10.375	False	False	morphology	determiner_noun_agreement	Write a natural, coherent English sentence.
323	11	Gina works with that displeased person.	Gina works with those displeased person.	-103.5	-103.5	-10.375	-10.375	False	False	morphology	determiner_noun_agreement	Write a natural, coherent English sentence.
324	11	Most doctors would bring these big nuclei.	Most doctors would bring this big nuclei.	-93.5	-93.5	-10.375	-10.375	False	False	morphology	determiner_noun_agreement	Write a natural, coherent English sentence.
325	11	All drawings alarm that unconvinced child.	All drawings alarm those unconvinced child.	-104.0	-104.0	-10.375	-10.375	False	False	morphology	determiner_noun_agreement	Write a natural, coherent English sentence.
326	11	Some libraries hate that busy man.	Some libraries hate those busy man.	-72.5	-72.5	-10.375	-10.375	False	False	morphology	determiner_noun_agreement	Write a natural, coherent English sentence.
327	11	Derek disgusted that unemployed child.	Derek disgusted those unemployed child.	-93.0	-93.0	-10.375	-10.375	False	False	morphology	determiner_noun_agreement	Write a natural, coherent English sentence.
328	11	Marla hadn't fired these good men.	Marla hadn't fired this good men.	-104.0	-104.0	-10.375	-10.375	False	False	morphology	determiner_noun_agreement	Write a natural, coherent English sentence.
329	11	Carmen examined that red thesis.	Carmen examined those red thesis.	-72.5	-72.5	-10.375	-10.375	False	False	morphology	determiner_noun_agreement	Write a natural, coherent English sentence.
330	11	Amelia investigates this smart woman.	Amelia investigates these smart woman.	-83.0	-83.0	-10.375	-10.375	False	False	morphology	determiner_noun_agreement	Write a natural, coherent English sentence.
331	11	The Borgias hire that displeased alumnus.	The Borgias hire those displeased alumnus.	-135.0	-135.0	-10.375	-10.375	False	False	morphology	determiner_noun_agreement	Write a natural, coherent English sentence.
332	11	Stacey would arrive at these orange oases.	Stacey would arrive at this orange oases.	-114.0	-114.0	-10.375	-10.375	False	False	morphology	determiner_noun_agreement	Write a natural, coherent English sentence.
333	11	Anna works with this lucky man.	Anna works with these lucky man.	-72.5	-72.5	-10.375	-10.375	False	False	morphology	determiner_noun_agreement	Write a natural, coherent English sentence.
334	11	Walter has scanned this rough thesis.	Walter has scanned these rough thesis.	-83.0	-83.0	-10.375	-10.375	False	False	morphology	determiner_noun_agreement	Write a natural, coherent English sentence.
335	11	Some mushroom bothered that lucky woman.	Some mushroom bothered those lucky woman.	-83.0	-83.0	-10.375	-10.375	False	False	morphology	determiner_noun_agreement	Write a natural, coherent English sentence.
336	11	Cynthia walked through this hard oasis.	Cynthia walked through these hard oasis.	-114.0	-114.0	-10.375	-10.375	False	False	morphology	determiner_noun_agreement	Write a natural, coherent English sentence.
337	11	Liam has healed these black oxen.	Liam has healed this black oxen.	-103.5	-103.5	-10.375	-10.375	False	False	morphology	determiner_noun_agreement	Write a natural, coherent English sentence.
338	11	Andrew did notice these white axes.	Andrew did notice this white axes.	-83.0	-83.0	-10.375	-10.375	False	False	morphology	determiner_noun_agreement	Write a natural, coherent English sentence.
339	11	Bethany kisses these serious alumni.	Bethany kisses this serious alumni.	-103.5	-103.5	-10.375	-10.375	False	False	morphology	determiner_noun_agreement	Write a natural, coherent English sentence.
340	11	Vanessa watches this nice person.	Vanessa watches these nice person.	-72.5	-72.5	-10.375	-10.375	False	False	morphology	determiner_noun_agreement	Write a natural, coherent English sentence.
341	11	Every window astounded that big man.	Every window astounded those big man.	-93.0	-93.0	-10.375	-10.375	False	False	morphology	determiner_noun_agreement	Write a natural, coherent English sentence.
342	11	Donna leaves that upset man.	Donna leaves those upset man.	-72.5	-72.5	-10.375	-10.375	False	False	morphology	determiner_noun_agreement	Write a natural, coherent English sentence.
343	11	Many students drop by that orange oasis.	Many students drop by those orange oasis.	-93.5	-93.0	-10.375	-10.375	False	False	morphology	determiner_noun_agreement	Write a natural, coherent English sentence.
344	11	The sketches looked like this unsure man.	The sketches looked like these unsure man.	-114.0	-114.0	-10.375	-10.375	False	False	morphology	determiner_noun_agreement	Write a natural, coherent English sentence.
345	11	Helen fixes that broken tooth.	Helen fixes those broken tooth.	-72.5	-72.5	-10.375	-10.375	False	False	morphology	determiner_noun_agreement	Write a natural, coherent English sentence.
346	11	Robert wasn't annoying that old person.	Robert wasn't annoying those old person.	-93.5	-93.5	-10.375	-10.375	False	False	morphology	determiner_noun_agreement	Write a natural, coherent English sentence.
347	11	Amy isn't talking to that young woman.	Amy isn't talking to those young woman.	-103.5	-104.0	-10.375	-10.375	True	False	morphology	determiner_noun_agreement	Write a natural, coherent English sentence.
348	11	Alan hadn't remembered these long analyses.	Alan hadn't remembered this long analyses.	-103.5	-103.5	-10.375	-10.375	False	False	morphology	determiner_noun_agreement	Write a natural, coherent English sentence.
349	11	Stephen is working with these out in the open women.	Stephen is working with this out in the open women.	-114.0	-114.0	-10.375	-10.375	False	False	morphology	determiner_noun_agreement	Write a natural, coherent English sentence.
350	11	This library had discussed these employed men.	This library had discussed this employed men.	-83.0	-83.0	-10.375	-10.375	False	False	morphology	determiner_noun_agreement	Write a natural, coherent English sentence.
351	11	This teenager can't worry those delighted men.	This teenager can't worry that delighted men.	-103.5	-103.5	-10.375	-10.375	False	False	morphology	determiner_noun_agreement	Write a natural, coherent English sentence.
352	11	Wendy revealed that sick octopus.	Wendy revealed those sick octopus.	-93.5	-93.5	-10.375	-10.375	False	False	morphology	determiner_noun_agreement	Write a natural, coherent English sentence.
353	11	The Clintons haven't worked with that young person.	The Clintons haven't worked with those young person.	-135.0	-135.0	-10.375	-10.375	False	False	morphology	determiner_noun_agreement	Write a natural, coherent English sentence.
354	11	Some committee aggravates this unconvinced woman.	Some committee aggravates these unconvinced woman.	-124.5	-124.5	-10.375	-10.375	False	False	morphology	determiner_noun_agreement	Write a natural, coherent English sentence.
355	11	Guy bored that troubled man.	Guy bored those troubled man.	-72.5	-72.5	-10.375	-10.375	False	False	morphology	determiner_noun_agreement	Write a natural, coherent English sentence.
356	11	Every actress scanned those bad analyses.	Every actress scanned that bad analyses.	-93.5	-93.5	-10.375	-10.375	False	False	morphology	determiner_noun_agreement	Write a natural, coherent English sentence.
357	11	A library alarms that determined child.	A library alarms those determined child.	-83.0	-83.0	-10.375	-10.375	False	False	morphology	determiner_noun_agreement	Write a natural, coherent English sentence.
358	11	Sheila can't notice this clever man.	Sheila can't notice these clever man.	-103.5	-103.5	-10.375	-10.375	False	False	morphology	determiner_noun_agreement	Write a natural, coherent English sentence.
359	11	James forgets this fast alumnus.	James forgets these fast alumnus.	-93.0	-93.0	-10.375	-10.375	False	False	morphology	determiner_noun_agreement	Write a natural, coherent English sentence.
360	11	Noah hasn't thought about these smooth lice.	Noah hasn't thought about this smooth lice.	-114.0	-114.0	-10.375	-10.375	False	False	morphology	determiner_noun_agreement	Write a natural, coherent English sentence.
361	11	Aaron sees these gray oases.	Aaron sees this gray oases.	-72.5	-72.5	-10.375	-10.375	False	False	morphology	determiner_noun_agreement	Write a natural, coherent English sentence.
362	11	Sherry has taken this standing goose.	Sherry has taken these standing goose.	-93.5	-93.5	-10.375	-10.375	False	False	morphology	determiner_noun_agreement	Write a natural, coherent English sentence.
363	11	Marie hasn't found those ill geese.	Marie hasn't found that ill geese.	-103.5	-104.0	-10.375	-10.375	True	False	morphology	determiner_noun_agreement	Write a natural, coherent English sentence.
364	11	Peter isn't arriving at that red oasis.	Peter isn't arriving at those red oasis.	-114.0	-114.0	-10.375	-10.375	False	False	morphology	determiner_noun_agreement	Write a natural, coherent English sentence.
365	11	Jill isn't boycotting those orange oases.	Jill isn't boycotting that orange oases.	-145.0	-145.0	-10.375	-10.375	False	False	morphology	determiner_noun_agreement	Write a natural, coherent English sentence.
366	11	Julia messes up that orange foot.	Julia messes up those orange foot.	-83.0	-83.0	-10.375	-10.375	False	False	morphology	determiner_noun_agreement	Write a natural, coherent English sentence.
367	11	That hill didn't disturb that content woman.	That hill didn't disturb those content woman.	-104.0	-104.0	-10.375	-10.375	False	False	morphology	determiner_noun_agreement	Write a natural, coherent English sentence.
368	11	Suzanne has concealed that concealed man.	Suzanne has concealed those concealed man.	-103.5	-103.5	-10.375	-10.375	False	False	morphology	determiner_noun_agreement	Write a natural, coherent English sentence.
369	11	Alicia sells that orange octopus.	Alicia sells those orange octopus.	-114.0	-114.0	-10.375	-10.375	False	False	morphology	determiner_noun_agreement	Write a natural, coherent English sentence.
370	11	Leslie has discussed that delighted child.	Leslie has discussed those delighted child.	-83.0	-83.0	-10.375	-10.375	False	False	morphology	determiner_noun_agreement	Write a natural, coherent English sentence.
371	11	Andrea could like these white lice.	Andrea could like this white lice.	-83.0	-83.0	-10.375	-10.375	False	False	morphology	determiner_noun_agreement	Write a natural, coherent English sentence.
372	11	Most children break those rough teeth.	Most children break that rough teeth.	-72.5	-72.5	-10.375	-10.375	False	False	morphology	determiner_noun_agreement	Write a natural, coherent English sentence.
373	11	Richard did work with this clever child.	Richard did work with these clever child.	-83.0	-83.0	-10.375	-10.375	False	False	morphology	determiner_noun_agreement	Write a natural, coherent English sentence.
374	11	Anne hugs this unemployed woman.	Anne hugs these unemployed woman.	-83.0	-83.0	-10.375	-10.375	False	False	morphology	determiner_noun_agreement	Write a natural, coherent English sentence.
375	11	Those actors attack that excited child.	Those actors attack those excited child.	-72.5	-72.5	-10.375	-10.375	False	False	morphology	determiner_noun_agreement	Write a natural, coherent English sentence.
376	11	Bruce was hugging that unconvinced man.	Bruce was hugging those unconvinced man.	-114.0	-114.0	-10.375	-10.375	False	False	morphology	determiner_noun_agreement	Write a natural, coherent English sentence.
377	11	Patrick hasn't hidden this orange oasis.	Patrick hasn't hidden these orange oasis.	-103.5	-103.5	-10.375	-10.375	False	False	morphology	determiner_noun_agreement	Write a natural, coherent English sentence.
378	11	Alicia hadn't discussed that uncertain person.	Alicia hadn't discussed those uncertain person.	-114.0	-114.0	-10.375	-10.375	False	False	morphology	determiner_noun_agreement	Write a natural, coherent English sentence.
379	11	Susan wasn't talking to those confident men.	Susan wasn't talking to that confident men.	-104.0	-104.0	-10.375	-10.375	False	False	morphology	determiner_noun_agreement	Write a natural, coherent English sentence.
380	11	Cheryl will scan that good synopsis.	Cheryl will scan those good synopsis.	-93.0	-93.0	-10.375	-10.375	False	False	morphology	determiner_noun_agreement	Write a natural, coherent English sentence.
381	11	Tamara kissed that unsure man.	Tamara kissed those unsure man.	-83.0	-83.0	-10.375	-10.375	False	False	morphology	determiner_noun_agreement	Write a natural, coherent English sentence.
382	11	Craig boasts about those bad analyses.	Craig boasts about that bad analyses.	-93.5	-93.5	-10.375	-10.375	False	False	morphology	determiner_noun_agreement	Write a natural, coherent English sentence.
383	11	Randolf hadn't hugged those serious people.	Randolf hadn't hugged that serious people.	-114.0	-114.0	-10.375	-10.375	False	False	morphology	determiner_noun_agreement	Write a natural, coherent English sentence.
384	11	Many doctors cure these exposed men.	Many doctors cure this exposed men.	-72.5	-72.5	-10.375	-10.375	False	False	morphology	determiner_noun_agreement	Write a natural, coherent English sentence.
385	11	Women criticized those smooth theses.	Women criticized that smooth theses.	-83.0	-83.0	-10.375	-10.375	False	False	morphology	determiner_noun_agreement	Write a natural, coherent English sentence.
386	11	Some light disturbs that old person.	Some light disturbs those old person.	-93.5	-93.5	-10.375	-10.375	False	False	morphology	determiner_noun_agreement	Write a natural, coherent English sentence.
387	11	Carol was questioning this big man.	Carol was questioning these big man.	-72.5	-72.5	-10.375	-10.375	False	False	morphology	determiner_noun_agreement	Write a natural, coherent English sentence.
388	11	Sara has gone to that old oasis.	Sara has gone to those old oasis.	-93.0	-93.0	-10.3125	-10.375	False	True	morphology	determiner_noun_agreement	Write a natural, coherent English sentence.
389	11	Steven brought these red oases.	Steven brought this red oases.	-72.5	-72.5	-10.375	-10.375	False	False	morphology	determiner_noun_agreement	Write a natural, coherent English sentence.
390	11	Diana will disgust these ill children.	Diana will disgust this ill children.	-72.5	-72.5	-10.375	-10.375	False	False	morphology	determiner_noun_agreement	Write a natural, coherent English sentence.
391	11	Steven disturbs these sick alumni.	Steven disturbs this sick alumni.	-104.0	-103.5	-10.375	-10.375	False	False	morphology	determiner_noun_agreement	Write a natural, coherent English sentence.
392	11	Angela wasn't lifting these blue feet.	Angela wasn't lifting this blue feet.	-93.5	-93.5	-10.375	-10.375	False	False	morphology	determiner_noun_agreement	Write a natural, coherent English sentence.
393	11	Sharon hasn't stunned that unsure child.	Sharon hasn't stunned those unsure child.	-124.5	-124.5	-10.375	-10.375	False	False	morphology	determiner_noun_agreement	Write a natural, coherent English sentence.
394	11	These girls question that concealed man.	These girls question those concealed man.	-83.0	-83.0	-10.375	-10.375	False	False	morphology	determiner_noun_agreement	Write a natural, coherent English sentence.
395	11	Martha wasn't kissing this unemployed man.	Martha wasn't kissing these unemployed man.	-114.0	-114.0	-10.375	-10.375	False	False	morphology	determiner_noun_agreement	Write a natural, coherent English sentence.
396	11	Kendra isn't working with this excited child.	Kendra isn't working with these excited child.	-124.5	-124.5	-10.375	-10.375	False	False	morphology	determiner_noun_agreement	Write a natural, coherent English sentence.
397	11	All actresses praise this hard thesis.	All actresses praise these hard thesis.	-83.0	-83.0	-10.375	-10.375	False	False	morphology	determiner_noun_agreement	Write a natural, coherent English sentence.
398	11	David cleans that hard tooth.	David cleans those hard tooth.	-72.5	-72.5	-10.375	-10.375	False	False	morphology	determiner_noun_agreement	Write a natural, coherent English sentence.
399	11	Julia sounded like this uncertain person.	Julia sounded like these uncertain person.	-72.5	-72.5	-10.375	-10.375	False	False	morphology	determiner_noun_agreement	Write a natural, coherent English sentence.
400	11	Those actors attacked that happy alumnus.	Those actors attacked those happy alumnus.	-93.5	-93.0	-10.375	-10.375	False	False	morphology	determiner_noun_agreement	Write a natural, coherent English sentence.
401	11	Eva hadn't admired these black fungi.	Eva hadn't admired this black fungi.	-114.0	-114.0	-10.375	-10.375	False	False	morphology	determiner_noun_agreement	Write a natural, coherent English sentence.
402	11	Many chairs aren't disgusting this unlucky child.	Many chairs aren't disgusting these unlucky child.	-135.0	-135.0	-10.375	-10.375	False	False	morphology	determiner_noun_agreement	Write a natural, coherent English sentence.
403	11	Those waiters break these rough teeth.	Those waiters break this rough teeth.	-83.0	-83.0	-10.375	-10.375	False	False	morphology	determiner_noun_agreement	Write a natural, coherent English sentence.
404	11	Becca leaves this uncertain child.	Becca leaves these uncertain child.	-72.5	-72.5	-10.375	-10.375	False	False	morphology	determiner_noun_agreement	Write a natural, coherent English sentence.
405	11	Some steak disturbs these displeased children.	Some steak disturbs this displeased children.	-124.5	-124.5	-10.375	-10.375	False	False	morphology	determiner_noun_agreement	Write a natural, coherent English sentence.
406	11	Christine wouldn't conceal this lost stimulus.	Christine wouldn't conceal these lost stimulus.	-124.5	-124.5	-10.375	-10.375	False	False	morphology	determiner_noun_agreement	Write a natural, coherent English sentence.
407	11	Every face irritates those unemployed alumni.	Every face irritates that unemployed alumni.	-114.0	-114.0	-10.375	-10.375	False	False	morphology	determiner_noun_agreement	Write a natural, coherent English sentence.
408	11	Susan noticed that unlucky person.	Susan noticed those unlucky person.	-83.0	-83.0	-10.375	-10.375	False	False	morphology	determiner_noun_agreement	Write a natural, coherent English sentence.
409	11	Some women drop by those concealed oases.	Some women drop by that concealed oases.	-103.5	-103.5	-10.375	-10.375	False	False	morphology	determiner_noun_agreement	Write a natural, coherent English sentence.
410	11	The Clintons disagree with these serious men.	The Clintons disagree with this serious men.	-104.0	-104.0	-10.375	-10.375	False	False	morphology	determiner_noun_agreement	Write a natural, coherent English sentence.
411	11	Phillip discovers these busy women.	Phillip discovers this busy women.	-83.0	-83.0	-10.375	-10.375	False	False	morphology	determiner_noun_agreement	Write a natural, coherent English sentence.
412	11	Waiters investigate that hopeful woman.	Waiters investigate those hopeful woman.	-83.0	-83.0	-10.375	-10.375	False	False	morphology	determiner_noun_agreement	Write a natural, coherent English sentence.
413	11	Regina hasn't found these white nuclei.	Regina hasn't found this white nuclei.	-124.5	-124.5	-10.375	-10.375	False	False	morphology	determiner_noun_agreement	Write a natural, coherent English sentence.
414	11	Irene scanned those purple theses.	Irene scanned that purple theses.	-93.0	-93.5	-10.375	-10.375	True	False	morphology	determiner_noun_agreement	Write a natural, coherent English sentence.
415	11	A bank references those popular people.	A bank references that popular people.	-72.5	-72.5	-10.375	-10.375	False	False	morphology	determiner_noun_agreement	Write a natural, coherent English sentence.
416	11	Vincent tours this old oasis.	Vincent tours these old oasis.	-72.5	-72.5	-10.375	-10.375	False	False	morphology	determiner_noun_agreement	Write a natural, coherent English sentence.
417	11	Alicia kisses that standing woman.	Alicia kisses those standing woman.	-93.0	-93.0	-10.375	-10.375	False	False	morphology	determiner_noun_agreement	Write a natural, coherent English sentence.
418	11	Some candles aren't boring those displeased men.	Some candles aren't boring that displeased men.	-135.0	-135.0	-10.375	-10.375	False	False	morphology	determiner_noun_agreement	Write a natural, coherent English sentence.
419	11	That teenager does care for this old alumnus.	That teenager does care for these old alumnus.	-114.0	-114.0	-10.3125	-10.375	False	True	morphology	determiner_noun_agreement	Write a natural, coherent English sentence.
420	11	A lot of drawings weren't alarming that displeased man.	A lot of drawings weren't alarming those displeased man.	-155.0	-155.0	-10.375	-10.375	False	False	morphology	determiner_noun_agreement	Write a natural, coherent English sentence.
421	11	That face astounded that important woman.	That face astounded those important woman.	-93.0	-93.0	-10.375	-10.375	False	False	morphology	determiner_noun_agreement	Write a natural, coherent English sentence.
422	11	Tiffany had approached these unemployed people.	Tiffany had approached this unemployed people.	-104.0	-104.0	-10.375	-10.375	False	False	morphology	determiner_noun_agreement	Write a natural, coherent English sentence.
423	11	Christina is passing these rough oases.	Christina is passing this rough oases.	-93.5	-93.0	-10.375	-10.375	False	False	morphology	determiner_noun_agreement	Write a natural, coherent English sentence.
424	11	Debra was praising those busy people.	Debra was praising that busy people.	-93.5	-93.5	-10.375	-10.375	False	False	morphology	determiner_noun_agreement	Write a natural, coherent English sentence.
425	11	The doctors didn't care for these scared children.	The doctors didn't care for this scared children.	-114.0	-114.0	-10.375	-10.375	False	False	morphology	determiner_noun_agreement	Write a natural, coherent English sentence.
426	11	Those ladders stun these small people.	Those ladders stun this small people.	-104.0	-104.0	-10.375	-10.375	False	False	morphology	determiner_noun_agreement	Write a natural, coherent English sentence.
427	11	Samuel isn't distracting these clever women.	Samuel isn't distracting this clever women.	-103.5	-103.5	-10.375	-10.375	False	False	morphology	determiner_noun_agreement	Write a natural, coherent English sentence.
428	11	Lucille dropped by those new oases.	Lucille dropped by that new oases.	-93.0	-93.0	-10.375	-10.375	False	False	morphology	determiner_noun_agreement	Write a natural, coherent English sentence.
429	11	A legislature should aggravate that busy child.	A legislature should aggravate those busy child.	-114.0	-114.0	-10.375	-10.375	False	False	morphology	determiner_noun_agreement	Write a natural, coherent English sentence.
430	11	Larry observed that lucky child.	Larry observed those lucky child.	-62.25	-62.25	-10.375	-10.375	False	False	morphology	determiner_noun_agreement	Write a natural, coherent English sentence.
431	11	Lawrence wasn't approaching those troubled children.	Lawrence wasn't approaching that troubled children.	-103.5	-103.5	-10.375	-10.375	False	False	morphology	determiner_noun_agreement	Write a natural, coherent English sentence.
432	11	Most libraries describe those delighted men.	Most libraries describe that delighted men.	-72.5	-72.5	-10.375	-10.375	False	False	morphology	determiner_noun_agreement	Write a natural, coherent English sentence.
433	11	The Impressionists alarms that sick child.	The Impressionists alarms those sick child.	-104.0	-104.0	-10.375	-10.375	False	False	morphology	determiner_noun_agreement	Write a natural, coherent English sentence.
434	11	A lot of children have this exposed axis.	A lot of children have these exposed axis.	-93.0	-93.0	-10.375	-10.375	False	False	morphology	determiner_noun_agreement	Write a natural, coherent English sentence.
435	11	Melissa couldn't reveal that small man.	Melissa couldn't reveal those small man.	-103.5	-104.0	-10.375	-10.375	True	False	morphology	determiner_noun_agreement	Write a natural, coherent English sentence.
436	11	These carriages won't impress those bad men.	These carriages won't impress that bad men.	-114.0	-114.0	-10.375	-10.375	False	False	morphology	determiner_noun_agreement	Write a natural, coherent English sentence.
437	11	Many girls drop by that red oasis.	Many girls drop by those red oasis.	-93.5	-93.0	-10.375	-10.375	False	False	morphology	determiner_noun_agreement	Write a natural, coherent English sentence.
438	11	The Impressionists fled from this small woman.	The Impressionists fled from these small woman.	-103.5	-103.5	-10.375	-10.375	False	False	morphology	determiner_noun_agreement	Write a natural, coherent English sentence.
439	11	Ann arrived at that blue oasis.	Ann arrived at those blue oasis.	-83.0	-83.0	-10.375	-10.375	False	False	morphology	determiner_noun_agreement	Write a natural, coherent English sentence.
440	11	The sock isn't disturbing those lucky children.	The sock isn't disturbing that lucky children.	-114.0	-114.0	-10.375	-10.375	False	False	morphology	determiner_noun_agreement	Write a natural, coherent English sentence.
441	11	Those socks were shocking those unlucky men.	Those socks were shocking that unlucky men.	-114.0	-114.0	-10.375	-10.375	False	False	morphology	determiner_noun_agreement	Write a natural, coherent English sentence.
442	11	Christine wasn't walking through those cheap oases.	Christine wasn't walking through that cheap oases.	-124.5	-124.5	-10.375	-10.375	False	False	morphology	determiner_noun_agreement	Write a natural, coherent English sentence.
443	11	Mary appreciates those content women.	Mary appreciates that content women.	-72.5	-72.5	-10.375	-10.375	False	False	morphology	determiner_noun_agreement	Write a natural, coherent English sentence.
444	11	That lady didn't question this ill person.	That lady didn't question these ill person.	-104.0	-104.0	-10.375	-10.375	False	False	morphology	determiner_noun_agreement	Write a natural, coherent English sentence.
445	11	Most birds annoy this young woman.	Most birds annoy these young woman.	-72.5	-72.5	-10.375	-10.375	False	False	morphology	determiner_noun_agreement	Write a natural, coherent English sentence.
446	11	Amelia is kissing these content men.	Amelia is kissing this content men.	-93.5	-93.5	-10.375	-10.375	False	False	morphology	determiner_noun_agreement	Write a natural, coherent English sentence.
447	11	Judy isn't taking those standing oxen.	Judy isn't taking that standing oxen.	-114.0	-114.0	-10.375	-10.375	False	False	morphology	determiner_noun_agreement	Write a natural, coherent English sentence.
448	11	Irene is discussing those clever alumni.	Irene is discussing that clever alumni.	-104.0	-104.0	-10.375	-10.375	False	False	morphology	determiner_noun_agreement	Write a natural, coherent English sentence.
449	11	Danielle could describe these long analyses.	Danielle could describe this long analyses.	-93.0	-93.0	-10.375	-10.375	False	False	morphology	determiner_noun_agreement	Write a natural, coherent English sentence.
450	11	Eva hasn't praised that lucky woman.	Eva hasn't praised those lucky woman.	-93.5	-93.5	-10.375	-10.375	False	False	morphology	determiner_noun_agreement	Write a natural, coherent English sentence.
451	11	Grace might observe that unlucky woman.	Grace might observe those unlucky woman.	-93.0	-93.5	-10.375	-10.375	True	False	morphology	determiner_noun_agreement	Write a natural, coherent English sentence.
452	11	The Clintons bothered these clever people.	The Clintons bothered this clever people.	-93.5	-93.5	-10.375	-10.375	False	False	morphology	determiner_noun_agreement	Write a natural, coherent English sentence.
453	11	April hadn't embarrassed those employed alumni.	April hadn't embarrassed that employed alumni.	-114.0	-114.0	-10.375	-10.375	False	False	morphology	determiner_noun_agreement	Write a natural, coherent English sentence.
454	11	Marie shouldn't forget that happy man.	Marie shouldn't forget those happy man.	-93.5	-93.5	-10.375	-10.375	False	False	morphology	determiner_noun_agreement	Write a natural, coherent English sentence.
455	11	Renee isn't breaking that cheap foot.	Renee isn't breaking those cheap foot.	-114.0	-114.0	-10.375	-10.375	False	False	morphology	determiner_noun_agreement	Write a natural, coherent English sentence.
456	11	Monica shouldn't sell those new oases.	Monica shouldn't sell that new oases.	-114.0	-114.0	-10.375	-10.375	False	False	morphology	determiner_noun_agreement	Write a natural, coherent English sentence.
457	11	Every dancer has returned to that troubled man.	Every dancer has returned to those troubled man.	-114.0	-114.0	-10.375	-10.375	False	False	morphology	determiner_noun_agreement	Write a natural, coherent English sentence.
458	11	Those dancers break those green teeth.	Those dancers break that green teeth.	-83.0	-83.0	-10.375	-10.375	False	False	morphology	determiner_noun_agreement	Write a natural, coherent English sentence.
459	11	These teachers talk about these fast women.	These teachers talk about this fast women.	-83.0	-83.0	-10.375	-10.375	False	False	morphology	determiner_noun_agreement	Write a natural, coherent English sentence.
460	11	Spain hasn't praised that happy man.	Spain hasn't praised those happy man.	-93.5	-93.5	-10.375	-10.375	False	False	morphology	determiner_noun_agreement	Write a natural, coherent English sentence.
461	11	Monica does kiss those good people.	Monica does kiss that good people.	-83.0	-83.0	-10.375	-10.375	False	False	morphology	determiner_noun_agreement	Write a natural, coherent English sentence.
462	11	Benjamin can boast about those busy men.	Benjamin can boast about that busy men.	-93.5	-93.5	-10.375	-10.375	False	False	morphology	determiner_noun_agreement	Write a natural, coherent English sentence.
463	11	Donald conceals this lost nucleus.	Donald conceals these lost nucleus.	-83.0	-83.0	-10.375	-10.375	False	False	morphology	determiner_noun_agreement	Write a natural, coherent English sentence.
464	11	Gregory was embarrassing this big woman.	Gregory was embarrassing these big woman.	-83.0	-83.0	-10.375	-10.375	False	False	morphology	determiner_noun_agreement	Write a natural, coherent English sentence.
465	11	The waiter wasn't stunning that hidden child.	The waiter wasn't stunning those hidden child.	-114.0	-114.0	-10.375	-10.375	False	False	morphology	determiner_noun_agreement	Write a natural, coherent English sentence.
466	11	A lot of photographs haven't looked like this red stimulus.	A lot of photographs haven't looked like these red stimulus.	-145.0	-145.0	-10.375	-10.375	False	False	morphology	determiner_noun_agreement	Write a natural, coherent English sentence.
467	11	A patient fixed those cheap feet.	A patient fixed that cheap feet.	-72.5	-72.5	-10.375	-10.375	False	False	morphology	determiner_noun_agreement	Write a natural, coherent English sentence.
468	11	Many gates shouldn't astound these unsure alumni.	Many gates shouldn't astound this unsure alumni.	-145.0	-145.0	-10.375	-10.375	False	False	morphology	determiner_noun_agreement	Write a natural, coherent English sentence.
469	11	That picture hasn't looked like these big men.	That picture hasn't looked like this big men.	-114.0	-114.0	-10.375	-10.375	False	False	morphology	determiner_noun_agreement	Write a natural, coherent English sentence.
470	11	These waitresses talk about this hidden thesis.	These waitresses talk about these hidden thesis.	-103.5	-103.5	-10.375	-10.375	False	False	morphology	determiner_noun_agreement	Write a natural, coherent English sentence.
471	11	Stacy concealed those gray axes.	Stacy concealed that gray axes.	-93.5	-93.5	-10.375	-10.375	False	False	morphology	determiner_noun_agreement	Write a natural, coherent English sentence.
472	11	Nicole remembers those serious alumni.	Nicole remembers that serious alumni.	-93.5	-93.5	-10.375	-10.375	False	False	morphology	determiner_noun_agreement	Write a natural, coherent English sentence.
473	11	Leslie hadn't gone to that small oasis.	Leslie hadn't gone to those small oasis.	-124.5	-124.5	-10.375	-10.375	False	False	morphology	determiner_noun_agreement	Write a natural, coherent English sentence.
474	11	Joel wasn't praising this ill person.	Joel wasn't praising these ill person.	-104.0	-104.0	-10.375	-10.375	False	False	morphology	determiner_noun_agreement	Write a natural, coherent English sentence.
475	11	These drivers embarrasses this young alumnus.	These drivers embarrasses these young alumnus.	-103.5	-103.5	-10.375	-10.375	False	False	morphology	determiner_noun_agreement	Write a natural, coherent English sentence.
476	11	Beef bores that delighted woman.	Beef bores those delighted woman.	-83.0	-83.0	-10.375	-10.375	False	False	morphology	determiner_noun_agreement	Write a natural, coherent English sentence.
477	11	Mitchell goes to this gray oasis.	Mitchell goes to these gray oasis.	-83.0	-83.0	-10.375	-10.375	False	False	morphology	determiner_noun_agreement	Write a natural, coherent English sentence.
478	11	The mouth bores these upset men.	The mouth bores this upset men.	-83.0	-83.0	-10.375	-10.375	False	False	morphology	determiner_noun_agreement	Write a natural, coherent English sentence.
479	11	Most legislatures discuss those good people.	Most legislatures discuss that good people.	-83.0	-83.0	-10.375	-10.375	False	False	morphology	determiner_noun_agreement	Write a natural, coherent English sentence.
480	11	The boys mess up those purple feet.	The boys mess up that purple feet.	-83.0	-83.0	-10.375	-10.375	False	False	morphology	determiner_noun_agreement	Write a natural, coherent English sentence.
481	11	Cashiers describe these fast children.	Cashiers describe this fast children.	-72.5	-72.5	-10.375	-10.375	False	False	morphology	determiner_noun_agreement	Write a natural, coherent English sentence.
482	11	Roger has fired those unconvinced men.	Roger has fired that unconvinced men.	-104.0	-104.0	-10.375	-10.375	False	False	morphology	determiner_noun_agreement	Write a natural, coherent English sentence.
483	11	Amy wasn't kissing this content man.	Amy wasn't kissing these content man.	-103.5	-103.5	-10.375	-10.375	False	False	morphology	determiner_noun_agreement	Write a natural, coherent English sentence.
484	11	Every dancer hadn't praised those good analyses.	Every dancer hadn't praised that good analyses.	-124.5	-124.5	-10.375	-10.375	False	False	morphology	determiner_noun_agreement	Write a natural, coherent English sentence.
485	11	Rhonda wasn't hiding those red mice.	Rhonda wasn't hiding that red mice.	-114.0	-114.0	-10.375	-10.375	False	False	morphology	determiner_noun_agreement	Write a natural, coherent English sentence.
486	11	Every pedestrian talks about that bad synopsis.	Every pedestrian talks about those bad synopsis.	-103.5	-103.5	-10.375	-10.375	False	False	morphology	determiner_noun_agreement	Write a natural, coherent English sentence.
487	11	The fish shocks these old alumni.	The fish shocks this old alumni.	-103.5	-103.5	-10.375	-10.375	False	False	morphology	determiner_noun_agreement	Write a natural, coherent English sentence.
488	11	Those waitresses visited those scared alumni.	Those waitresses visited that scared alumni.	-114.0	-114.0	-10.375	-10.375	False	False	morphology	determiner_noun_agreement	Write a natural, coherent English sentence.
489	11	That library was listening to this nice man.	That library was listening to these nice man.	-93.5	-93.5	-10.375	-10.375	False	False	morphology	determiner_noun_agreement	Write a natural, coherent English sentence.
490	11	Steve wasn't bringing that blue stimulus.	Steve wasn't bringing those blue stimulus.	-103.5	-103.5	-10.375	-10.375	False	False	morphology	determiner_noun_agreement	Write a natural, coherent English sentence.
491	11	Some guest was hiring that scared woman.	Some guest was hiring those scared woman.	-83.0	-83.0	-10.375	-10.375	False	False	morphology	determiner_noun_agreement	Write a natural, coherent English sentence.
492	11	The spotlights upset this unconvinced alumnus.	The spotlights upset these unconvinced alumnus.	-135.0	-135.0	-10.375	-10.375	False	False	morphology	determiner_noun_agreement	Write a natural, coherent English sentence.
493	11	Todd might observe this lost man.	Todd might observe these lost man.	-72.5	-72.5	-10.375	-10.375	False	False	morphology	determiner_noun_agreement	Write a natural, coherent English sentence.
494	11	People could describe that unconvinced person.	People could describe those unconvinced person.	-104.0	-104.0	-10.375	-10.375	False	False	morphology	determiner_noun_agreement	Write a natural, coherent English sentence.
495	11	That waiter had astounded these lucky people.	That waiter had astounded this lucky people.	-114.0	-114.0	-10.375	-10.375	False	False	morphology	determiner_noun_agreement	Write a natural, coherent English sentence.
496	11	Kendra disgusted these confident women.	Kendra disgusted this confident women.	-93.0	-93.0	-10.375	-10.375	False	False	morphology	determiner_noun_agreement	Write a natural, coherent English sentence.
497	11	Spain hasn't annoyed those old people.	Spain hasn't annoyed that old people.	-103.5	-103.5	-10.375	-10.375	False	False	morphology	determiner_noun_agreement	Write a natural, coherent English sentence.
498	11	Steve kisses these out in the open people.	Steve kisses this out in the open people.	-103.5	-103.5	-10.375	-10.375	False	False	morphology	determiner_noun_agreement	Write a natural, coherent English sentence.
499	11	Wayne kissed those unconvinced men.	Wayne kissed that unconvinced men.	-93.5	-93.5	-10.375	-10.375	False	False	morphology	determiner_noun_agreement	Write a natural, coherent English sentence.
500	11	Douglas has brought those lost cacti.	Douglas has brought that lost cacti.	-93.5	-93.5	-10.375	-10.375	False	False	morphology	determiner_noun_agreement	Write a natural, coherent English sentence.
501	11	Tammy can't reveal that big alumnus.	Tammy can't reveal those big alumnus.	-124.5	-124.5	-10.375	-10.375	False	False	morphology	determiner_noun_agreement	Write a natural, coherent English sentence.
502	11	Deborah fled from those standing children.	Deborah fled from that standing children.	-93.5	-93.5	-10.375	-10.375	False	False	morphology	determiner_noun_agreement	Write a natural, coherent English sentence.
503	11	A man wasn't cleaning that hard fungus.	A man wasn't cleaning those hard fungus.	-124.5	-124.5	-10.375	-10.375	False	False	morphology	determiner_noun_agreement	Write a natural, coherent English sentence.
504	11	Danielle has broken those gray teeth.	Danielle has broken that gray teeth.	-83.0	-83.0	-10.375	-10.375	False	False	morphology	determiner_noun_agreement	Write a natural, coherent English sentence.
505	11	Derek praised this big thesis.	Derek praised these big thesis.	-72.5	-72.5	-10.375	-10.375	False	False	morphology	determiner_noun_agreement	Write a natural, coherent English sentence.
506	11	Gary has disgusted those unsure people.	Gary has disgusted that unsure people.	-93.0	-93.5	-10.375	-10.375	True	False	morphology	determiner_noun_agreement	Write a natural, coherent English sentence.
507	11	A senator insulted this bad synopsis.	A senator insulted these bad synopsis.	-103.5	-103.5	-10.375	-10.375	False	False	morphology	determiner_noun_agreement	Write a natural, coherent English sentence.
508	11	A lot of drivers visit these purple oases.	A lot of drivers visit this purple oases.	-103.5	-103.5	-10.375	-10.375	False	False	morphology	determiner_noun_agreement	Write a natural, coherent English sentence.
509	11	Richard isn't attacking this fast child.	Richard isn't attacking these fast child.	-93.5	-93.5	-10.375	-10.375	False	False	morphology	determiner_noun_agreement	Write a natural, coherent English sentence.
510	11	Frank shocked that unsure man.	Frank shocked those unsure man.	-72.5	-72.5	-10.375	-10.375	False	False	morphology	determiner_noun_agreement	Write a natural, coherent English sentence.
511	11	Brett returned to that confident man.	Brett returned to those confident man.	-83.0	-83.0	-10.375	-10.375	False	False	morphology	determiner_noun_agreement	Write a natural, coherent English sentence.
512	11	Many ladies weren't passing these old oases.	Many ladies weren't passing this old oases.	-114.0	-114.0	-10.375	-10.375	False	False	morphology	determiner_noun_agreement	Write a natural, coherent English sentence.
513	11	A waiter brought those purple teeth.	A waiter brought that purple teeth.	-83.0	-83.0	-10.375	-10.375	False	False	morphology	determiner_noun_agreement	Write a natural, coherent English sentence.
514	11	Beverly has fired this fast alumnus.	Beverly has fired these fast alumnus.	-103.5	-103.5	-10.375	-10.375	False	False	morphology	determiner_noun_agreement	Write a natural, coherent English sentence.
515	11	Men haven't observed that standing man.	Men haven't observed those standing man.	-93.5	-93.5	-10.375	-10.375	False	False	morphology	determiner_noun_agreement	Write a natural, coherent English sentence.
516	11	Tiffany admired this ill child.	Tiffany admired these ill child.	-93.5	-93.5	-10.375	-10.375	False	False	morphology	determiner_noun_agreement	Write a natural, coherent English sentence.
517	11	That patient didn't love that unemployed alumnus.	That patient didn't love those unemployed alumnus.	-135.0	-135.0	-10.375	-10.375	False	False	morphology	determiner_noun_agreement	Write a natural, coherent English sentence.
518	11	Aaron reveals that red tooth.	Aaron reveals those red tooth.	-62.25	-62.25	-10.375	-10.375	False	False	morphology	determiner_noun_agreement	Write a natural, coherent English sentence.
519	11	Monica was insulting those bad people.	Monica was insulting that bad people.	-93.0	-93.0	-10.375	-10.375	False	False	morphology	determiner_noun_agreement	Write a natural, coherent English sentence.
520	11	These teenagers watch that old alumnus.	These teenagers watch those old alumnus.	-103.5	-103.5	-10.375	-10.375	False	False	morphology	determiner_noun_agreement	Write a natural, coherent English sentence.
521	11	Tina might confuse this exposed child.	Tina might confuse these exposed child.	-93.5	-93.5	-10.375	-10.375	False	False	morphology	determiner_noun_agreement	Write a natural, coherent English sentence.
522	11	A face was confusing that nice woman.	A face was confusing those nice woman.	-83.0	-83.0	-10.375	-10.375	False	False	morphology	determiner_noun_agreement	Write a natural, coherent English sentence.
523	11	An adult researches that good analysis.	An adult researches those good analysis.	-103.5	-103.5	-10.375	-10.375	False	False	morphology	determiner_noun_agreement	Write a natural, coherent English sentence.
524	11	Some broccoli isn't annoying these unconvinced women.	Some broccoli isn't annoying this unconvinced women.	-156.0	-156.0	-10.375	-10.375	False	False	morphology	determiner_noun_agreement	Write a natural, coherent English sentence.
525	11	Nancy talks about these content children.	Nancy talks about this content children.	-72.5	-72.5	-10.375	-10.375	False	False	morphology	determiner_noun_agreement	Write a natural, coherent English sentence.
526	11	Regina found this lost ox.	Regina found these lost ox.	-83.0	-83.0	-10.375	-10.375	False	False	morphology	determiner_noun_agreement	Write a natural, coherent English sentence.
527	11	Emily had respected that clever man.	Emily had respected those clever man.	-72.5	-72.5	-10.375	-10.375	False	False	morphology	determiner_noun_agreement	Write a natural, coherent English sentence.
528	11	Kathleen has worked with this confident man.	Kathleen has worked with these confident man.	-93.5	-93.5	-10.375	-10.375	False	False	morphology	determiner_noun_agreement	Write a natural, coherent English sentence.
529	11	Most customers are distracting these determined children.	Most customers are distracting this determined children.	-93.0	-93.0	-10.375	-10.375	False	False	morphology	determiner_noun_agreement	Write a natural, coherent English sentence.
530	11	Rachelle didn't cure this black octopus.	Rachelle didn't cure these black octopus.	-124.5	-124.5	-10.375	-10.375	False	False	morphology	determiner_noun_agreement	Write a natural, coherent English sentence.
531	11	Steven hugs these standing men.	Steven hugs this standing men.	-72.5	-72.5	-10.375	-10.375	False	False	morphology	determiner_noun_agreement	Write a natural, coherent English sentence.
532	11	Every popsicle shocked those excited men.	Every popsicle shocked that excited men.	-93.5	-93.5	-10.375	-10.375	False	False	morphology	determiner_noun_agreement	Write a natural, coherent English sentence.
533	11	Sonia lifts that new oasis.	Sonia lifts those new oasis.	-93.0	-93.0	-10.3125	-10.3125	False	False	morphology	determiner_noun_agreement	Write a natural, coherent English sentence.
534	11	Cheryl might tour that purple oasis.	Cheryl might tour those purple oasis.	-93.0	-93.0	-10.375	-10.375	False	False	morphology	determiner_noun_agreement	Write a natural, coherent English sentence.
535	11	This doctor appreciates this bad child.	This doctor appreciates these bad child.	-83.0	-83.0	-10.375	-10.375	False	False	morphology	determiner_noun_agreement	Write a natural, coherent English sentence.
536	11	Leslie breaks those red feet.	Leslie breaks that red feet.	-72.5	-72.5	-10.375	-10.375	False	False	morphology	determiner_noun_agreement	Write a natural, coherent English sentence.
537	11	Bethany hasn't hidden that yellow louse.	Bethany hasn't hidden those yellow louse.	-114.0	-114.0	-10.375	-10.375	False	False	morphology	determiner_noun_agreement	Write a natural, coherent English sentence.
538	11	Some people have criticized this brown thesis.	Some people have criticized these brown thesis.	-93.0	-93.0	-10.375	-10.375	False	False	morphology	determiner_noun_agreement	Write a natural, coherent English sentence.
539	11	Noah heals this determined child.	Noah heals these determined child.	-72.5	-72.5	-10.375	-10.375	False	False	morphology	determiner_noun_agreement	Write a natural, coherent English sentence.
540	11	Kevin biked to those big oases.	Kevin biked to that big oases.	-103.5	-103.5	-10.375	-10.375	False	False	morphology	determiner_noun_agreement	Write a natural, coherent English sentence.
541	11	Wayne hadn't bored these sick men.	Wayne hadn't bored this sick men.	-93.5	-93.5	-10.375	-10.375	False	False	morphology	determiner_noun_agreement	Write a natural, coherent English sentence.
542	11	Amy returns to those young alumni.	Amy returns to that young alumni.	-93.0	-93.0	-10.375	-10.375	False	False	morphology	determiner_noun_agreement	Write a natural, coherent English sentence.
543	11	That gate did aggravate this excited woman.	That gate did aggravate these excited woman.	-104.0	-104.0	-10.375	-10.375	False	False	morphology	determiner_noun_agreement	Write a natural, coherent English sentence.
544	11	Melissa observes that bad child.	Melissa observes those bad child.	-83.0	-83.0	-10.375	-10.375	False	False	morphology	determiner_noun_agreement	Write a natural, coherent English sentence.
545	11	Kathleen wasn't scanning those long synopses.	Kathleen wasn't scanning that long synopses.	-135.0	-135.0	-10.375	-10.375	False	False	morphology	determiner_noun_agreement	Write a natural, coherent English sentence.
546	11	That guy dropped by these white oases.	That guy dropped by this white oases.	-93.0	-93.0	-10.375	-10.375	False	False	morphology	determiner_noun_agreement	Write a natural, coherent English sentence.
547	11	Every child might fire this serious child.	Every child might fire these serious child.	-83.0	-83.0	-10.375	-10.375	False	False	morphology	determiner_noun_agreement	Write a natural, coherent English sentence.
548	11	Meredith had concealed that black thesis.	Meredith had concealed those black thesis.	-104.0	-104.0	-10.375	-10.375	False	False	morphology	determiner_noun_agreement	Write a natural, coherent English sentence.
549	11	Randolf didn't see these blue teeth.	Randolf didn't see this blue teeth.	-104.0	-104.0	-10.375	-10.375	False	False	morphology	determiner_noun_agreement	Write a natural, coherent English sentence.
550	11	Some guy passes that rough oasis.	Some guy passes those rough oasis.	-83.0	-83.0	-10.375	-10.375	False	False	morphology	determiner_noun_agreement	Write a natural, coherent English sentence.
551	11	Guys hurts that smart man.	Guys hurts those smart man.	-83.0	-83.0	-10.375	-10.375	False	False	morphology	determiner_noun_agreement	Write a natural, coherent English sentence.
552	11	Many museums should describe this fast man.	Many museums should describe these fast man.	-93.0	-93.5	-10.375	-10.375	True	False	morphology	determiner_noun_agreement	Write a natural, coherent English sentence.
553	11	A lot of chairs haven't embarrassed this serious man.	A lot of chairs haven't embarrassed these serious man.	-124.5	-124.5	-10.375	-10.375	False	False	morphology	determiner_noun_agreement	Write a natural, coherent English sentence.
554	11	Emily talked about that ill alumnus.	Emily talked about those ill alumnus.	-93.0	-93.0	-10.375	-10.375	False	False	morphology	determiner_noun_agreement	Write a natural, coherent English sentence.
555	11	A lot of girls notice these black lice.	A lot of girls notice this black lice.	-103.5	-103.5	-10.375	-10.375	False	False	morphology	determiner_noun_agreement	Write a natural, coherent English sentence.
556	11	Those schools reference that green thesis.	Those schools reference those green thesis.	-72.5	-72.5	-10.375	-10.375	False	False	morphology	determiner_noun_agreement	Write a natural, coherent English sentence.
557	11	Bradley had bored this delighted alumnus.	Bradley had bored these delighted alumnus.	-103.5	-103.5	-10.375	-10.375	False	False	morphology	determiner_noun_agreement	Write a natural, coherent English sentence.
558	11	Melinda scares this good woman.	Melinda scares these good woman.	-83.0	-83.0	-10.375	-10.375	False	False	morphology	determiner_noun_agreement	Write a natural, coherent English sentence.
559	11	Those pedestrians go to those big oases.	Those pedestrians go to that big oases.	-114.0	-114.0	-10.375	-10.375	False	False	morphology	determiner_noun_agreement	Write a natural, coherent English sentence.
560	11	Many doctors escaped from that lost child.	Many doctors escaped from those lost child.	-83.0	-83.0	-10.375	-10.375	False	False	morphology	determiner_noun_agreement	Write a natural, coherent English sentence.
561	11	Tamara isn't revealing that orange ox.	Tamara isn't revealing those orange ox.	-103.5	-103.5	-10.375	-10.375	False	False	morphology	determiner_noun_agreement	Write a natural, coherent English sentence.
562	11	Many patients arrive at that hidden oasis.	Many patients arrive at those hidden oasis.	-93.0	-93.0	-10.375	-10.375	False	False	morphology	determiner_noun_agreement	Write a natural, coherent English sentence.
563	11	Beth leaves these happy children.	Beth leaves this happy children.	-62.25	-62.25	-10.375	-10.375	False	False	morphology	determiner_noun_agreement	Write a natural, coherent English sentence.
564	11	Deanna broke that yellow foot.	Deanna broke those yellow foot.	-72.5	-72.5	-10.375	-10.375	False	False	morphology	determiner_noun_agreement	Write a natural, coherent English sentence.
565	11	Jessica had talked to that concealed man.	Jessica had talked to those concealed man.	-93.5	-93.5	-10.375	-10.375	False	False	morphology	determiner_noun_agreement	Write a natural, coherent English sentence.
566	11	Those actors praise those long synopses.	Those actors praise that long synopses.	-93.5	-93.5	-10.375	-10.375	False	False	morphology	determiner_noun_agreement	Write a natural, coherent English sentence.
567	11	This coat hasn't astounded these popular men.	This coat hasn't astounded this popular men.	-124.5	-124.5	-10.375	-10.375	False	False	morphology	determiner_noun_agreement	Write a natural, coherent English sentence.
568	11	Wendy does talk to this scared alumnus.	Wendy does talk to these scared alumnus.	-114.0	-114.0	-10.375	-10.375	False	False	morphology	determiner_noun_agreement	Write a natural, coherent English sentence.
569	11	Christine is questioning these happy men.	Christine is questioning this happy men.	-83.0	-83.0	-10.375	-10.375	False	False	morphology	determiner_noun_agreement	Write a natural, coherent English sentence.
570	11	All doctors loved that displeased man.	All doctors loved those displeased man.	-93.5	-93.5	-10.375	-10.375	False	False	morphology	determiner_noun_agreement	Write a natural, coherent English sentence.
571	11	Waitresses researched these long synopses.	Waitresses researched this long synopses.	-135.0	-135.0	-10.375	-10.375	False	False	morphology	determiner_noun_agreement	Write a natural, coherent English sentence.
572	11	Alexander can flee from this nice woman.	Alexander can flee from these nice woman.	-93.5	-93.5	-10.375	-10.375	False	False	morphology	determiner_noun_agreement	Write a natural, coherent English sentence.
573	11	Walter hadn't hated this fast man.	Walter hadn't hated these fast man.	-93.5	-93.5	-10.375	-10.375	False	False	morphology	determiner_noun_agreement	Write a natural, coherent English sentence.
574	11	Those cashiers buy those smooth lice.	Those cashiers buy that smooth lice.	-93.0	-93.0	-10.375	-10.375	False	False	morphology	determiner_noun_agreement	Write a natural, coherent English sentence.
575	11	Sonia hid that determined child.	Sonia hid those determined child.	-72.5	-72.5	-10.375	-10.375	False	False	morphology	determiner_noun_agreement	Write a natural, coherent English sentence.
576	11	Barbara is observing that excited person.	Barbara is observing those excited person.	-83.0	-83.0	-10.375	-10.375	False	False	morphology	determiner_noun_agreement	Write a natural, coherent English sentence.
577	11	That company stuns these unconvinced women.	That company stuns this unconvinced women.	-114.0	-114.0	-10.375	-10.375	False	False	morphology	determiner_noun_agreement	Write a natural, coherent English sentence.
578	11	Paul thought about those bad theses.	Paul thought about that bad theses.	-83.0	-83.0	-10.375	-10.375	False	False	morphology	determiner_noun_agreement	Write a natural, coherent English sentence.
579	11	Victoria escaped from these displeased children.	Victoria escaped from this displeased children.	-93.0	-93.0	-10.375	-10.375	False	False	morphology	determiner_noun_agreement	Write a natural, coherent English sentence.
580	11	Brad notices this big octopus.	Brad notices these big octopus.	-93.0	-93.0	-10.375	-10.375	False	False	morphology	determiner_noun_agreement	Write a natural, coherent English sentence.
581	11	Adam is praising those yellow theses.	Adam is praising that yellow theses.	-93.5	-93.5	-10.375	-10.375	False	False	morphology	determiner_noun_agreement	Write a natural, coherent English sentence.
582	11	Douglas did tour those hidden oases.	Douglas did tour that hidden oases.	-83.0	-83.0	-10.375	-10.375	False	False	morphology	determiner_noun_agreement	Write a natural, coherent English sentence.
583	11	Gerald couldn't know these happy men.	Gerald couldn't know this happy men.	-103.5	-103.5	-10.375	-10.375	False	False	morphology	determiner_noun_agreement	Write a natural, coherent English sentence.
584	11	Those women hug that smart man.	Those women hug those smart man.	-72.5	-73.0	-10.375	-10.375	True	False	morphology	determiner_noun_agreement	Write a natural, coherent English sentence.
585	11	These senators wouldn't forget that long synopsis.	These senators wouldn't forget those long synopsis.	-124.5	-124.5	-10.375	-10.375	False	False	morphology	determiner_noun_agreement	Write a natural, coherent English sentence.
586	11	Edward took those lost stimuli.	Edward took that lost stimuli.	-72.5	-72.5	-10.375	-10.375	False	False	morphology	determiner_noun_agreement	Write a natural, coherent English sentence.
587	11	The waitresses did know this lucky person.	The waitresses did know these lucky person.	-103.5	-103.5	-10.375	-10.375	False	False	morphology	determiner_noun_agreement	Write a natural, coherent English sentence.
588	11	That library might love this important person.	That library might love these important person.	-83.0	-83.0	-10.375	-10.375	False	False	morphology	determiner_noun_agreement	Write a natural, coherent English sentence.
589	11	Carrie was healing this gray octopus.	Carrie was healing these gray octopus.	-104.0	-104.0	-10.375	-10.375	False	False	morphology	determiner_noun_agreement	Write a natural, coherent English sentence.
590	11	Sonia hadn't cleaned those gray teeth.	Sonia hadn't cleaned that gray teeth.	-103.5	-103.5	-10.375	-10.375	False	False	morphology	determiner_noun_agreement	Write a natural, coherent English sentence.
591	11	The Lutherans alarmed this confident woman.	The Lutherans alarmed these confident woman.	-93.5	-93.5	-10.375	-10.375	False	False	morphology	determiner_noun_agreement	Write a natural, coherent English sentence.
592	11	This shirt impressed those popular people.	This shirt impressed that popular people.	-72.5	-72.5	-10.375	-10.375	False	False	morphology	determiner_noun_agreement	Write a natural, coherent English sentence.
593	11	Some schools love that employed person.	Some schools love those employed person.	-72.5	-72.5	-10.375	-10.375	False	False	morphology	determiner_noun_agreement	Write a natural, coherent English sentence.
594	11	Valerie hasn't known this young child.	Valerie hasn't known these young child.	-104.0	-104.0	-10.375	-10.375	False	False	morphology	determiner_noun_agreement	Write a natural, coherent English sentence.
595	11	Scott respected those displeased men.	Scott respected that displeased men.	-83.0	-83.0	-10.375	-10.375	False	False	morphology	determiner_noun_agreement	Write a natural, coherent English sentence.
596	11	The ladies work with those lost children.	The ladies work with that lost children.	-83.0	-83.0	-10.375	-10.375	False	False	morphology	determiner_noun_agreement	Write a natural, coherent English sentence.
597	11	Dawn had biked to this small oasis.	Dawn had biked to these small oasis.	-124.5	-124.5	-10.375	-10.375	False	False	morphology	determiner_noun_agreement	Write a natural, coherent English sentence.
598	11	Samantha would explore that gray oasis.	Samantha would explore those gray oasis.	-103.5	-103.5	-10.375	-10.375	False	False	morphology	determiner_noun_agreement	Write a natural, coherent English sentence.
599	11	All steps upset those unemployed men.	All steps upset that unemployed men.	-83.0	-83.0	-10.375	-10.375	False	False	morphology	determiner_noun_agreement	Write a natural, coherent English sentence.
600	11	Marla has described that unemployed woman.	Marla has described those unemployed woman.	-93.0	-93.5	-10.375	-10.375	True	False	morphology	determiner_noun_agreement	Write a natural, coherent English sentence.
601	11	Most universities bore those excited children.	Most universities bore that excited children.	-72.5	-72.5	-10.375	-10.375	False	False	morphology	determiner_noun_agreement	Write a natural, coherent English sentence.
602	11	These banks should reference that purple thesis.	These banks should reference those purple thesis.	-83.0	-83.0	-10.375	-10.375	False	False	morphology	determiner_noun_agreement	Write a natural, coherent English sentence.
603	11	Sherry brought those concealed geese.	Sherry brought that concealed geese.	-93.5	-93.5	-10.375	-10.375	False	False	morphology	determiner_noun_agreement	Write a natural, coherent English sentence.
604	11	Many pedestrians complain about these long analyses.	Many pedestrians complain about this long analyses.	-114.0	-114.0	-10.375	-10.375	False	False	morphology	determiner_noun_agreement	Write a natural, coherent English sentence.
605	11	Theresa fixed these small teeth.	Theresa fixed this small teeth.	-72.5	-72.5	-10.375	-10.375	False	False	morphology	determiner_noun_agreement	Write a natural, coherent English sentence.
606	11	This lake disturbed those unconvinced men.	This lake disturbed that unconvinced men.	-114.0	-114.0	-10.375	-10.375	False	False	morphology	determiner_noun_agreement	Write a natural, coherent English sentence.
607	11	Catherine was talking about those bad synopses.	Catherine was talking about that bad synopses.	-103.5	-103.5	-10.375	-10.375	False	False	morphology	determiner_noun_agreement	Write a natural, coherent English sentence.
608	11	Alicia had escaped from these hidden men.	Alicia had escaped from this hidden men.	-103.5	-103.5	-10.375	-10.375	False	False	morphology	determiner_noun_agreement	Write a natural, coherent English sentence.
609	11	Natalie hasn't worked with this confident woman.	Natalie hasn't worked with these confident woman.	-114.0	-114.0	-10.375	-10.375	False	False	morphology	determiner_noun_agreement	Write a natural, coherent English sentence.
610	11	Amelia annoyed this smart man.	Amelia annoyed these smart man.	-83.0	-83.0	-10.375	-10.375	False	False	morphology	determiner_noun_agreement	Write a natural, coherent English sentence.
611	11	Every guest is irritating this serious child.	Every guest is irritating these serious child.	-93.5	-93.5	-10.375	-10.375	False	False	morphology	determiner_noun_agreement	Write a natural, coherent English sentence.
612	11	All reports annoyed this hopeful person.	All reports annoyed these hopeful person.	-93.0	-93.0	-10.375	-10.375	False	False	morphology	determiner_noun_agreement	Write a natural, coherent English sentence.
613	11	These women break those orange teeth.	These women break that orange teeth.	-72.5	-72.5	-10.375	-10.375	False	False	morphology	determiner_noun_agreement	Write a natural, coherent English sentence.
614	11	Christopher could shock this excited child.	Christopher could shock these excited child.	-72.5	-72.5	-10.375	-10.375	False	False	morphology	determiner_noun_agreement	Write a natural, coherent English sentence.
615	11	This spotlight hasn't disgusted that employed child.	This spotlight hasn't disgusted those employed child.	-124.5	-124.5	-10.375	-10.375	False	False	morphology	determiner_noun_agreement	Write a natural, coherent English sentence.
616	11	Samantha fled from that busy child.	Samantha fled from those busy child.	-93.0	-93.0	-10.375	-10.375	False	False	morphology	determiner_noun_agreement	Write a natural, coherent English sentence.
617	11	Lucille arrived at that hard oasis.	Lucille arrived at those hard oasis.	-93.0	-93.0	-10.375	-10.375	False	False	morphology	determiner_noun_agreement	Write a natural, coherent English sentence.
618	11	All teachers see those yellow lice.	All teachers see that yellow lice.	-83.0	-83.0	-10.375	-10.375	False	False	morphology	determiner_noun_agreement	Write a natural, coherent English sentence.
619	11	Some photographs haven't looked like these small octopi.	Some photographs haven't looked like this small octopi.	-135.0	-135.0	-10.375	-10.375	False	False	morphology	determiner_noun_agreement	Write a natural, coherent English sentence.
620	11	Danielle brought those blue feet.	Danielle brought that blue feet.	-72.5	-72.5	-10.375	-10.375	False	False	morphology	determiner_noun_agreement	Write a natural, coherent English sentence.
621	11	Todd hadn't left those exposed men.	Todd hadn't left that exposed men.	-93.5	-93.5	-10.375	-10.375	False	False	morphology	determiner_noun_agreement	Write a natural, coherent English sentence.
622	11	Some doctors embarrasses those delighted alumni.	Some doctors embarrasses that delighted alumni.	-103.5	-103.5	-10.375	-10.375	False	False	morphology	determiner_noun_agreement	Write a natural, coherent English sentence.
623	11	The actresses forget that unemployed alumnus.	The actresses forget those unemployed alumnus.	-114.0	-114.0	-10.375	-10.375	False	False	morphology	determiner_noun_agreement	Write a natural, coherent English sentence.
624	11	A lot of socks alarm this unsure alumnus.	A lot of socks alarm these unsure alumnus.	-124.0	-124.0	-10.375	-10.375	False	False	morphology	determiner_noun_agreement	Write a natural, coherent English sentence.
625	11	The customers are thinking about that busy child.	The customers are thinking about those busy child.	-93.5	-93.5	-10.375	-10.375	False	False	morphology	determiner_noun_agreement	Write a natural, coherent English sentence.
626	11	Kristin wasn't kissing those small men.	Kristin wasn't kissing that small men.	-114.0	-114.0	-10.375	-10.375	False	False	morphology	determiner_noun_agreement	Write a natural, coherent English sentence.
627	11	Omar hasn't broken this broken foot.	Omar hasn't broken these broken foot.	-103.5	-103.5	-10.375	-10.375	False	False	morphology	determiner_noun_agreement	Write a natural, coherent English sentence.
628	11	The actress worked with this nice woman.	The actress worked with these nice woman.	-83.0	-83.0	-10.375	-10.375	False	False	morphology	determiner_noun_agreement	Write a natural, coherent English sentence.
629	11	Patients insult these happy people.	Patients insult this happy people.	-72.5	-72.5	-10.375	-10.375	False	False	morphology	determiner_noun_agreement	Write a natural, coherent English sentence.
630	11	Spain bought those orange lice.	Spain bought that orange lice.	-72.5	-72.5	-10.375	-10.375	False	False	morphology	determiner_noun_agreement	Write a natural, coherent English sentence.
631	11	Those waiters didn't kiss this unlucky child.	Those waiters didn't kiss these unlucky child.	-135.0	-135.0	-10.375	-10.375	False	False	morphology	determiner_noun_agreement	Write a natural, coherent English sentence.
632	11	Jennifer isn't touring these old oases.	Jennifer isn't touring this old oases.	-114.0	-114.0	-10.375	-10.375	False	False	morphology	determiner_noun_agreement	Write a natural, coherent English sentence.
633	11	Glaciers upset this small child.	Glaciers upset these small child.	-83.0	-83.0	-10.375	-10.375	False	False	morphology	determiner_noun_agreement	Write a natural, coherent English sentence.
634	11	John investigated these old men.	John investigated this old men.	-62.25	-62.25	-10.375	-10.375	False	False	morphology	determiner_noun_agreement	Write a natural, coherent English sentence.
635	11	Some doctors hated these yellow theses.	Some doctors hated this yellow theses.	-83.0	-83.0	-10.375	-10.375	False	False	morphology	determiner_noun_agreement	Write a natural, coherent English sentence.
636	11	Linda described that clever man.	Linda described those clever man.	-62.25	-62.25	-10.375	-10.375	False	False	morphology	determiner_noun_agreement	Write a natural, coherent English sentence.
637	11	Many drawings are looking like these excited women.	Many drawings are looking like this excited women.	-93.5	-93.5	-10.375	-10.375	False	False	morphology	determiner_noun_agreement	Write a natural, coherent English sentence.
638	11	Mitchell had concealed that small tooth.	Mitchell had concealed those small tooth.	-83.0	-83.0	-10.375	-10.375	False	False	morphology	determiner_noun_agreement	Write a natural, coherent English sentence.
639	11	Every dog had irritated this young child.	Every dog had irritated these young child.	-93.0	-93.0	-10.375	-10.375	False	False	morphology	determiner_noun_agreement	Write a natural, coherent English sentence.
640	11	Some doctors lift this exposed ox.	Some doctors lift these exposed ox.	-72.5	-72.5	-10.375	-10.375	False	False	morphology	determiner_noun_agreement	Write a natural, coherent English sentence.
641	11	Valerie was disgusting that happy woman.	Valerie was disgusting those happy woman.	-93.5	-93.5	-10.375	-10.375	False	False	morphology	determiner_noun_agreement	Write a natural, coherent English sentence.
642	11	Claire hugs those clever men.	Claire hugs that clever men.	-72.5	-72.5	-10.375	-10.375	False	False	morphology	determiner_noun_agreement	Write a natural, coherent English sentence.
643	11	All adults go to these white oases.	All adults go to this white oases.	-93.0	-93.0	-10.375	-10.375	False	False	morphology	determiner_noun_agreement	Write a natural, coherent English sentence.
644	11	Bill observed this nice child.	Bill observed these nice child.	-62.25	-62.25	-10.375	-10.375	False	False	morphology	determiner_noun_agreement	Write a natural, coherent English sentence.
645	11	Diana kissed these delighted alumni.	Diana kissed this delighted alumni.	-83.0	-83.0	-10.375	-10.375	False	False	morphology	determiner_noun_agreement	Write a natural, coherent English sentence.
646	11	Governments are describing those sick people.	Governments are describing that sick people.	-83.0	-83.0	-10.375	-10.375	False	False	morphology	determiner_noun_agreement	Write a natural, coherent English sentence.
647	11	The doctors cure that young woman.	The doctors cure those young woman.	-72.5	-72.5	-10.375	-10.375	False	False	morphology	determiner_noun_agreement	Write a natural, coherent English sentence.
648	11	Dancers did disagree with this ill child.	Dancers did disagree with these ill child.	-93.5	-93.5	-10.375	-10.375	False	False	morphology	determiner_noun_agreement	Write a natural, coherent English sentence.
649	11	Veronica couldn't embarrass these exposed men.	Veronica couldn't embarrass this exposed men.	-114.0	-114.0	-10.375	-10.375	False	False	morphology	determiner_noun_agreement	Write a natural, coherent English sentence.
650	11	The students cared for that delighted man.	The students cared for those delighted man.	-83.0	-83.0	-10.375	-10.375	False	False	morphology	determiner_noun_agreement	Write a natural, coherent English sentence.
651	11	Steve conceals these important men.	Steve conceals this important men.	-72.5	-72.5	-10.375	-10.375	False	False	morphology	determiner_noun_agreement	Write a natural, coherent English sentence.
652	11	These actresses will talk to these content men.	These actresses will talk to this content men.	-103.5	-103.5	-10.375	-10.375	False	False	morphology	determiner_noun_agreement	Write a natural, coherent English sentence.
653	11	That teenager wouldn't buy these rough oxen.	That teenager wouldn't buy this rough oxen.	-114.0	-114.0	-10.375	-10.375	False	False	morphology	determiner_noun_agreement	Write a natural, coherent English sentence.
654	11	Sheila wouldn't kiss that happy child.	Sheila wouldn't kiss those happy child.	-103.5	-103.5	-10.375	-10.375	False	False	morphology	determiner_noun_agreement	Write a natural, coherent English sentence.
655	11	Erin drove to these out in the open oases.	Erin drove to this out in the open oases.	-124.0	-124.0	-10.375	-10.375	False	False	morphology	determiner_noun_agreement	Write a natural, coherent English sentence.
656	11	Every hat has embarrassed those hopeful people.	Every hat has embarrassed that hopeful people.	-93.0	-93.0	-10.375	-10.375	False	False	morphology	determiner_noun_agreement	Write a natural, coherent English sentence.
657	11	Every man is fleeing from that exposed oasis.	Every man is fleeing from those exposed oasis.	-114.0	-114.0	-10.375	-10.375	False	False	morphology	determiner_noun_agreement	Write a natural, coherent English sentence.
658	11	Some adults visit this ill man.	Some adults visit these ill man.	-72.5	-72.5	-10.375	-10.375	False	False	morphology	determiner_noun_agreement	Write a natural, coherent English sentence.
659	11	Janet did lift that good thesis.	Janet did lift those good thesis.	-83.0	-83.0	-10.375	-10.375	False	False	morphology	determiner_noun_agreement	Write a natural, coherent English sentence.
660	11	Katherine was cleaning this orange tooth.	Katherine was cleaning these orange tooth.	-83.0	-83.0	-10.375	-10.375	False	False	morphology	determiner_noun_agreement	Write a natural, coherent English sentence.
661	11	A lot of tomatoes can't confuse these ill alumni.	A lot of tomatoes can't confuse this ill alumni.	-166.0	-166.0	-10.375	-10.375	False	False	morphology	determiner_noun_agreement	Write a natural, coherent English sentence.
662	11	Rose goes to those out in the open oases.	Rose goes to that out in the open oases.	-114.0	-114.0	-10.375	-10.375	False	False	morphology	determiner_noun_agreement	Write a natural, coherent English sentence.
663	11	These governments criticize those gray oases.	These governments criticize that gray oases.	-93.5	-93.5	-10.375	-10.375	False	False	morphology	determiner_noun_agreement	Write a natural, coherent English sentence.
664	11	Kevin forgot those delighted men.	Kevin forgot that delighted men.	-62.25	-62.25	-10.375	-10.375	False	False	morphology	determiner_noun_agreement	Write a natural, coherent English sentence.
665	11	Most companies describe that long analysis.	Most companies describe those long analysis.	-72.5	-72.5	-10.375	-10.375	False	False	morphology	determiner_noun_agreement	Write a natural, coherent English sentence.
666	11	Vincent was skated around this small oasis.	Vincent was skated around these small oasis.	-103.5	-103.5	-10.375	-10.375	False	False	morphology	determiner_noun_agreement	Write a natural, coherent English sentence.
667	11	Many guys arrive at these out in the open oases.	Many guys arrive at this out in the open oases.	-124.0	-124.0	-10.375	-10.375	False	False	morphology	determiner_noun_agreement	Write a natural, coherent English sentence.
668	11	Gregory hadn't revealed these lost fungi.	Gregory hadn't revealed this lost fungi.	-104.0	-104.0	-10.375	-10.375	False	False	morphology	determiner_noun_agreement	Write a natural, coherent English sentence.
669	11	The cake stuns this standing man.	The cake stuns these standing man.	-83.0	-83.0	-10.375	-10.375	False	False	morphology	determiner_noun_agreement	Write a natural, coherent English sentence.
670	11	Cheryl isn't irritating that clever man.	Cheryl isn't irritating those clever man.	-114.0	-114.0	-10.375	-10.375	False	False	morphology	determiner_noun_agreement	Write a natural, coherent English sentence.
671	11	Some cat bores those old children.	Some cat bores that old children.	-83.0	-83.0	-10.375	-10.375	False	False	morphology	determiner_noun_agreement	Write a natural, coherent English sentence.
672	11	The actress knows that delighted child.	The actress knows those delighted child.	-72.5	-72.5	-10.375	-10.375	False	False	morphology	determiner_noun_agreement	Write a natural, coherent English sentence.
673	11	That actress had driven to these hidden oases.	That actress had driven to this hidden oases.	-103.5	-103.5	-10.375	-10.375	False	False	morphology	determiner_noun_agreement	Write a natural, coherent English sentence.
674	11	The Lutherans arrive at this cheap oasis.	The Lutherans arrive at these cheap oasis.	-103.5	-103.5	-10.375	-10.375	False	False	morphology	determiner_noun_agreement	Write a natural, coherent English sentence.
675	11	Diane was kissing those lost women.	Diane was kissing that lost women.	-93.5	-93.5	-10.375	-10.375	False	False	morphology	determiner_noun_agreement	Write a natural, coherent English sentence.
676	11	Larry disturbs this employed woman.	Larry disturbs these employed woman.	-83.0	-83.0	-10.375	-10.375	False	False	morphology	determiner_noun_agreement	Write a natural, coherent English sentence.
677	11	Pies shock this upset woman.	Pies shock these upset woman.	-72.5	-72.5	-10.375	-10.375	False	False	morphology	determiner_noun_agreement	Write a natural, coherent English sentence.
678	11	Some waiters hug this content alumnus.	Some waiters hug these content alumnus.	-103.5	-103.5	-10.375	-10.375	False	False	morphology	determiner_noun_agreement	Write a natural, coherent English sentence.
679	11	Anna talked to those unsure men.	Anna talked to that unsure men.	-83.0	-83.0	-10.375	-10.375	False	False	morphology	determiner_noun_agreement	Write a natural, coherent English sentence.
680	11	This school bores this determined man.	This school bores these determined man.	-83.0	-83.0	-10.375	-10.375	False	False	morphology	determiner_noun_agreement	Write a natural, coherent English sentence.
681	11	Omar had thought about these unemployed men.	Omar had thought about this unemployed men.	-103.5	-103.5	-10.375	-10.375	False	False	morphology	determiner_noun_agreement	Write a natural, coherent English sentence.
682	11	Winston Churchill cleaned these big nuclei.	Winston Churchill cleaned this big nuclei.	-103.5	-103.5	-10.375	-10.375	False	False	morphology	determiner_noun_agreement	Write a natural, coherent English sentence.
683	11	These organizations aren't concealing that exposed child.	These organizations aren't concealing those exposed child.	-114.0	-114.0	-10.375	-10.375	False	False	morphology	determiner_noun_agreement	Write a natural, coherent English sentence.
684	11	Erin bought this concealed axis.	Erin bought these concealed axis.	-83.0	-83.0	-10.375	-10.375	False	False	morphology	determiner_noun_agreement	Write a natural, coherent English sentence.
685	11	Dan examines this long analysis.	Dan examines these long analysis.	-72.5	-72.5	-10.375	-10.375	False	False	morphology	determiner_noun_agreement	Write a natural, coherent English sentence.
686	11	These drivers concealed these gray oxen.	These drivers concealed this gray oxen.	-93.5	-93.5	-10.375	-10.375	False	False	morphology	determiner_noun_agreement	Write a natural, coherent English sentence.
687	11	All children impresses this happy man.	All children impresses these happy man.	-83.0	-83.0	-10.375	-10.375	False	False	morphology	determiner_noun_agreement	Write a natural, coherent English sentence.
688	11	People will conceal that concealed man.	People will conceal those concealed man.	-93.5	-93.5	-10.375	-10.375	False	False	morphology	determiner_noun_agreement	Write a natural, coherent English sentence.
689	11	Some patient returns to this old man.	Some patient returns to these old man.	-83.0	-83.0	-10.375	-10.375	False	False	morphology	determiner_noun_agreement	Write a natural, coherent English sentence.
690	11	Many actresses discovered those big oases.	Many actresses discovered that big oases.	-93.0	-93.0	-10.375	-10.375	False	False	morphology	determiner_noun_agreement	Write a natural, coherent English sentence.
691	11	The school talks about those young alumni.	The school talks about that young alumni.	-103.5	-103.5	-10.375	-10.375	False	False	morphology	determiner_noun_agreement	Write a natural, coherent English sentence.
692	11	Omar admired these blue fungi.	Omar admired this blue fungi.	-93.5	-93.5	-10.375	-10.375	False	False	morphology	determiner_noun_agreement	Write a natural, coherent English sentence.
693	11	Some school can't hate these good people.	Some school can't hate this good people.	-103.5	-103.5	-10.375	-10.375	False	False	morphology	determiner_noun_agreement	Write a natural, coherent English sentence.
694	11	A lot of eggplants wouldn't disturb that determined woman.	A lot of eggplants wouldn't disturb those determined woman.	-145.0	-145.0	-10.375	-10.375	False	False	morphology	determiner_noun_agreement	Write a natural, coherent English sentence.
695	11	That cake could annoy these uncertain men.	That cake could annoy this uncertain men.	-83.0	-83.0	-10.375	-10.375	False	False	morphology	determiner_noun_agreement	Write a natural, coherent English sentence.
696	11	Lamps are worrying these hopeful alumni.	Lamps are worrying this hopeful alumni.	-114.0	-114.0	-10.375	-10.375	False	False	morphology	determiner_noun_agreement	Write a natural, coherent English sentence.
697	11	A lot of eggplants bore these excited alumni.	A lot of eggplants bore this excited alumni.	-135.0	-135.0	-10.375	-10.375	False	False	morphology	determiner_noun_agreement	Write a natural, coherent English sentence.
698	11	A lot of teachers arrived at these old oases.	A lot of teachers arrived at this old oases.	-114.0	-114.0	-10.375	-10.375	False	False	morphology	determiner_noun_agreement	Write a natural, coherent English sentence.
699	11	Most sweaters hurt those happy people.	Most sweaters hurt that happy people.	-83.0	-83.0	-10.375	-10.375	False	False	morphology	determiner_noun_agreement	Write a natural, coherent English sentence.
700	11	Tara scans those good analyses.	Tara scans that good analyses.	-93.5	-93.5	-10.375	-10.375	False	False	morphology	determiner_noun_agreement	Write a natural, coherent English sentence.
701	11	The man doesn't reference this out in the open woman.	The man doesn't reference these out in the open woman.	-135.0	-135.0	-10.375	-10.375	False	False	morphology	determiner_noun_agreement	Write a natural, coherent English sentence.
702	11	This cashier is leaving this employed person.	This cashier is leaving these employed person.	-93.5	-93.5	-10.375	-10.375	False	False	morphology	determiner_noun_agreement	Write a natural, coherent English sentence.
703	11	Bananas bother these clever alumni.	Bananas bother this clever alumni.	-93.0	-93.0	-10.375	-10.375	False	False	morphology	determiner_noun_agreement	Write a natural, coherent English sentence.
704	11	Some convertibles had worried those fast men.	Some convertibles had worried that fast men.	-93.0	-93.0	-10.375	-10.375	False	False	morphology	determiner_noun_agreement	Write a natural, coherent English sentence.
705	11	Carl bored those nice women.	Carl bored that nice women.	-62.25	-62.25	-10.375	-10.375	False	False	morphology	determiner_noun_agreement	Write a natural, coherent English sentence.
706	11	These teachers explore these old oases.	These teachers explore this old oases.	-83.0	-83.0	-10.375	-10.375	False	False	morphology	determiner_noun_agreement	Write a natural, coherent English sentence.
707	11	Many waiters work with this scared child.	Many waiters work with these scared child.	-93.5	-93.5	-10.375	-10.375	False	False	morphology	determiner_noun_agreement	Write a natural, coherent English sentence.
708	11	Committees admire that smart child.	Committees admire those smart child.	-93.5	-93.5	-10.375	-10.375	False	False	morphology	determiner_noun_agreement	Write a natural, coherent English sentence.
709	11	Matt approaches this exposed child.	Matt approaches these exposed child.	-62.25	-62.25	-10.375	-10.375	False	False	morphology	determiner_noun_agreement	Write a natural, coherent English sentence.
710	11	Brian talks to this lucky man.	Brian talks to these lucky man.	-72.5	-72.5	-10.375	-10.375	False	False	morphology	determiner_noun_agreement	Write a natural, coherent English sentence.
711	11	A boy isn't talking about that red oasis.	A boy isn't talking about those red oasis.	-124.0	-124.0	-10.375	-10.375	False	False	morphology	determiner_noun_agreement	Write a natural, coherent English sentence.
712	11	Phillip bought those black feet.	Phillip bought that black feet.	-72.5	-72.5	-10.375	-10.375	False	False	morphology	determiner_noun_agreement	Write a natural, coherent English sentence.
713	11	Eric isn't buying those brown geese.	Eric isn't buying that brown geese.	-104.0	-104.0	-10.375	-10.375	False	False	morphology	determiner_noun_agreement	Write a natural, coherent English sentence.
714	11	Elaine remembers this delighted woman.	Elaine remembers these delighted woman.	-83.0	-83.0	-10.375	-10.375	False	False	morphology	determiner_noun_agreement	Write a natural, coherent English sentence.
715	11	This pedestrian arrives at that smooth oasis.	This pedestrian arrives at those smooth oasis.	-103.5	-103.5	-10.375	-10.375	False	False	morphology	determiner_noun_agreement	Write a natural, coherent English sentence.
716	11	Those men forget these smart men.	Those men forget this smart men.	-72.5	-72.5	-10.375	-10.375	False	False	morphology	determiner_noun_agreement	Write a natural, coherent English sentence.
717	11	Tara might alarm this unsure person.	Tara might alarm these unsure person.	-93.5	-93.5	-10.375	-10.375	False	False	morphology	determiner_noun_agreement	Write a natural, coherent English sentence.
718	11	Vanessa was healing those purple geese.	Vanessa was healing that purple geese.	-93.5	-93.5	-10.375	-10.375	False	False	morphology	determiner_noun_agreement	Write a natural, coherent English sentence.
719	11	Steven hasn't questioned those troubled people.	Steven hasn't questioned that troubled people.	-103.5	-103.5	-10.375	-10.375	False	False	morphology	determiner_noun_agreement	Write a natural, coherent English sentence.
720	11	Thomas hides this clever woman.	Thomas hides these clever woman.	-72.5	-72.5	-10.375	-10.375	False	False	morphology	determiner_noun_agreement	Write a natural, coherent English sentence.
721	11	Most eyes confuse these content alumni.	Most eyes confuse this content alumni.	-104.0	-103.5	-10.375	-10.375	False	False	morphology	determiner_noun_agreement	Write a natural, coherent English sentence.
722	11	That dog aggravates this busy child.	That dog aggravates these busy child.	-93.5	-93.5	-10.375	-10.375	False	False	morphology	determiner_noun_agreement	Write a natural, coherent English sentence.
723	11	Karen has attacked this popular child.	Karen has attacked these popular child.	-72.5	-72.5	-10.375	-10.375	False	False	morphology	determiner_noun_agreement	Write a natural, coherent English sentence.
724	11	Heidi might confuse those displeased men.	Heidi might confuse that displeased men.	-114.0	-114.0	-10.375	-10.375	False	False	morphology	determiner_noun_agreement	Write a natural, coherent English sentence.
725	11	Maria kisses this bad person.	Maria kisses these bad person.	-72.5	-72.5	-10.375	-10.375	False	False	morphology	determiner_noun_agreement	Write a natural, coherent English sentence.
726	11	Tanya passes this purple oasis.	Tanya passes these purple oasis.	-83.0	-83.0	-10.375	-10.375	False	False	morphology	determiner_noun_agreement	Write a natural, coherent English sentence.
727	11	Marla has respected those delighted alumni.	Marla has respected that delighted alumni.	-104.0	-104.0	-10.375	-10.375	False	False	morphology	determiner_noun_agreement	Write a natural, coherent English sentence.
728	11	Paula is investigating this employed alumnus.	Paula is investigating these employed alumnus.	-114.0	-114.0	-10.375	-10.375	False	False	morphology	determiner_noun_agreement	Write a natural, coherent English sentence.
729	11	Most chairs aren't disgusting those serious women.	Most chairs aren't disgusting that serious women.	-114.0	-114.0	-10.375	-10.375	False	False	morphology	determiner_noun_agreement	Write a natural, coherent English sentence.
730	11	Men hadn't run around this purple oasis.	Men hadn't run around these purple oasis.	-114.0	-114.0	-10.375	-10.375	False	False	morphology	determiner_noun_agreement	Write a natural, coherent English sentence.
731	11	Tina hadn't arrived at those green oases.	Tina hadn't arrived at that green oases.	-124.5	-124.5	-10.375	-10.375	False	False	morphology	determiner_noun_agreement	Write a natural, coherent English sentence.
732	11	Karla knew this busy alumnus.	Karla knew these busy alumnus.	-93.0	-93.0	-10.375	-10.375	False	False	morphology	determiner_noun_agreement	Write a natural, coherent English sentence.
733	11	The actors care for these exposed people.	The actors care for this exposed people.	-83.0	-83.0	-10.375	-10.375	False	False	morphology	determiner_noun_agreement	Write a natural, coherent English sentence.
734	11	Michelle might alarm this employed man.	Michelle might alarm these employed man.	-72.5	-72.5	-10.375	-10.375	False	False	morphology	determiner_noun_agreement	Write a natural, coherent English sentence.
735	11	Maria hasn't walked through these hard oases.	Maria hasn't walked through this hard oases.	-114.0	-114.0	-10.375	-10.375	False	False	morphology	determiner_noun_agreement	Write a natural, coherent English sentence.
736	11	That report might disagree with those delighted men.	That report might disagree with that delighted men.	-93.5	-93.0	-10.375	-10.375	False	False	morphology	determiner_noun_agreement	Write a natural, coherent English sentence.
737	11	Actresses discuss this popular person.	Actresses discuss these popular person.	-83.0	-83.0	-10.375	-10.375	False	False	morphology	determiner_noun_agreement	Write a natural, coherent English sentence.
738	11	Holly won't watch these unlucky men.	Holly won't watch this unlucky men.	-114.0	-114.0	-10.375	-10.375	False	False	morphology	determiner_noun_agreement	Write a natural, coherent English sentence.
739	11	Carl was driving to those blue oases.	Carl was driving to that blue oases.	-93.5	-93.0	-10.375	-10.375	False	False	morphology	determiner_noun_agreement	Write a natural, coherent English sentence.
740	11	Bill passes that rough oasis.	Bill passes those rough oasis.	-72.5	-72.5	-10.375	-10.375	False	False	morphology	determiner_noun_agreement	Write a natural, coherent English sentence.
741	11	All men praise this good thesis.	All men praise these good thesis.	-72.5	-72.5	-10.375	-10.375	False	False	morphology	determiner_noun_agreement	Write a natural, coherent English sentence.
742	11	Many doctors should escape from these hopeful women.	Many doctors should escape from this hopeful women.	-103.5	-103.5	-10.375	-10.375	False	False	morphology	determiner_noun_agreement	Write a natural, coherent English sentence.
743	11	Many girls find these nice men.	Many girls find this nice men.	-72.5	-72.5	-10.375	-10.375	False	False	morphology	determiner_noun_agreement	Write a natural, coherent English sentence.
744	11	Every museum helps those concealed children.	Every museum helps that concealed children.	-83.0	-83.0	-10.375	-10.375	False	False	morphology	determiner_noun_agreement	Write a natural, coherent English sentence.
745	11	Marla was distracting these determined people.	Marla was distracting this determined people.	-93.5	-93.5	-10.375	-10.375	False	False	morphology	determiner_noun_agreement	Write a natural, coherent English sentence.
746	11	Those computers might confuse this nice child.	Those computers might confuse these nice child.	-93.5	-93.5	-10.375	-10.375	False	False	morphology	determiner_noun_agreement	Write a natural, coherent English sentence.
747	11	Tanya hasn't loved that content woman.	Tanya hasn't loved those content woman.	-104.0	-104.0	-10.375	-10.375	False	False	morphology	determiner_noun_agreement	Write a natural, coherent English sentence.
748	11	Theresa won't conceal those lost lice.	Theresa won't conceal that lost lice.	-124.5	-124.5	-10.375	-10.375	False	False	morphology	determiner_noun_agreement	Write a natural, coherent English sentence.
749	11	The Borgias do cure these out in the open octopi.	The Borgias do cure this out in the open octopi.	-156.0	-156.0	-10.375	-10.375	False	False	morphology	determiner_noun_agreement	Write a natural, coherent English sentence.
750	11	Kenneth messed up those lost teeth.	Kenneth messed up that lost teeth.	-93.0	-93.0	-10.375	-10.375	False	False	morphology	determiner_noun_agreement	Write a natural, coherent English sentence.
751	11	Jodi doesn't alarm these unsure people.	Jodi doesn't alarm this unsure people.	-114.0	-114.0	-10.375	-10.375	False	False	morphology	determiner_noun_agreement	Write a natural, coherent English sentence.
752	11	This customer scans those good analyses.	This customer scans that good analyses.	-93.5	-93.5	-10.375	-10.375	False	False	morphology	determiner_noun_agreement	Write a natural, coherent English sentence.
753	11	Vincent can't watch this hopeful alumnus.	Vincent can't watch these hopeful alumnus.	-124.5	-124.5	-10.375	-10.375	False	False	morphology	determiner_noun_agreement	Write a natural, coherent English sentence.
754	11	Jodi talked to this unconvinced child.	Jodi talked to these unconvinced child.	-114.0	-114.0	-10.375	-10.375	False	False	morphology	determiner_noun_agreement	Write a natural, coherent English sentence.
755	11	Katherine exited these exposed oases.	Katherine exited this exposed oases.	-93.0	-93.0	-10.375	-10.375	False	False	morphology	determiner_noun_agreement	Write a natural, coherent English sentence.
756	11	Beverly hasn't brought these rough fungi.	Beverly hasn't brought this rough fungi.	-114.0	-114.0	-10.375	-10.375	False	False	morphology	determiner_noun_agreement	Write a natural, coherent English sentence.
757	11	That unicycle is boring those standing children.	That unicycle is boring that standing children.	-104.0	-104.0	-10.375	-10.375	False	False	morphology	determiner_noun_agreement	Write a natural, coherent English sentence.
758	11	That boy can't escape from those unsure children.	That boy can't escape from that unsure children.	-124.0	-124.5	-10.375	-10.375	True	False	morphology	determiner_noun_agreement	Write a natural, coherent English sentence.
759	11	An adult bought these black axes.	An adult bought this black axes.	-83.0	-83.0	-10.375	-10.375	False	False	morphology	determiner_noun_agreement	Write a natural, coherent English sentence.
760	11	Sara isn't kissing this nice woman.	Sara isn't kissing these nice woman.	-103.5	-103.5	-10.375	-10.375	False	False	morphology	determiner_noun_agreement	Write a natural, coherent English sentence.
761	11	Robert couldn't embarrass those scared people.	Robert couldn't embarrass that scared people.	-93.5	-93.5	-10.375	-10.375	False	False	morphology	determiner_noun_agreement	Write a natural, coherent English sentence.
762	11	Deborah had fled from that important woman.	Deborah had fled from those important woman.	-103.5	-103.5	-10.375	-10.375	False	False	morphology	determiner_noun_agreement	Write a natural, coherent English sentence.
763	11	Brenda discussed that serious woman.	Brenda discussed those serious woman.	-72.5	-72.5	-10.375	-10.375	False	False	morphology	determiner_noun_agreement	Write a natural, coherent English sentence.
764	11	Some women questioned that big woman.	Some women questioned those big woman.	-72.5	-72.5	-10.375	-10.375	False	False	morphology	determiner_noun_agreement	Write a natural, coherent English sentence.
765	11	Rodney didn't kiss those displeased women.	Rodney didn't kiss that displeased women.	-124.5	-124.5	-10.375	-10.375	False	False	morphology	determiner_noun_agreement	Write a natural, coherent English sentence.
766	11	Carrie can help those lost alumni.	Carrie can help that lost alumni.	-103.5	-103.5	-10.375	-10.375	False	False	morphology	determiner_noun_agreement	Write a natural, coherent English sentence.
767	11	Many guests approach this lucky man.	Many guests approach these lucky man.	-72.5	-72.5	-10.375	-10.375	False	False	morphology	determiner_noun_agreement	Write a natural, coherent English sentence.
768	11	Some student messes up that hard foot.	Some student messes up those hard foot.	-93.0	-93.0	-10.375	-10.375	False	False	morphology	determiner_noun_agreement	Write a natural, coherent English sentence.
769	11	Some men had skated around these hard oases.	Some men had skated around this hard oases.	-114.0	-114.0	-10.375	-10.375	False	False	morphology	determiner_noun_agreement	Write a natural, coherent English sentence.
770	11	Some light would annoy those happy alumni.	Some light would annoy that happy alumni.	-103.5	-104.0	-10.375	-10.375	True	False	morphology	determiner_noun_agreement	Write a natural, coherent English sentence.
771	11	Many casseroles shock these unconvinced men.	Many casseroles shock this unconvinced men.	-124.5	-124.5	-10.375	-10.375	False	False	morphology	determiner_noun_agreement	Write a natural, coherent English sentence.
772	11	Carl talks about those confident children.	Carl talks about that confident children.	-72.5	-72.5	-10.375	-10.375	False	False	morphology	determiner_noun_agreement	Write a natural, coherent English sentence.
773	11	Timothy was dropping by those new oases.	Timothy was dropping by that new oases.	-104.0	-103.5	-10.375	-10.375	False	False	morphology	determiner_noun_agreement	Write a natural, coherent English sentence.
774	11	Lori has approached these scared people.	Lori has approached this scared people.	-83.0	-83.0	-10.375	-10.375	False	False	morphology	determiner_noun_agreement	Write a natural, coherent English sentence.
775	11	Jodi wouldn't mess up those orange feet.	Jodi wouldn't mess up that orange feet.	-114.0	-114.0	-10.375	-10.375	False	False	morphology	determiner_noun_agreement	Write a natural, coherent English sentence.
776	11	This newspaper article will embarrass this determined child.	This newspaper article will embarrass these determined child.	-93.5	-93.5	-10.375	-10.375	False	False	morphology	determiner_noun_agreement	Write a natural, coherent English sentence.
777	11	A lot of guys conceal this long analysis.	A lot of guys conceal these long analysis.	-103.5	-103.5	-10.375	-10.375	False	False	morphology	determiner_noun_agreement	Write a natural, coherent English sentence.
778	11	Lawrence fired that serious woman.	Lawrence fired those serious woman.	-62.25	-62.25	-10.375	-10.375	False	False	morphology	determiner_noun_agreement	Write a natural, coherent English sentence.
779	11	This story didn't bore this serious man.	This story didn't bore these serious man.	-104.0	-104.0	-10.375	-10.375	False	False	morphology	determiner_noun_agreement	Write a natural, coherent English sentence.
780	11	Mary can't remember that clever person.	Mary can't remember those clever person.	-93.5	-93.5	-10.375	-10.375	False	False	morphology	determiner_noun_agreement	Write a natural, coherent English sentence.
781	11	Marie could listen to that big woman.	Marie could listen to those big woman.	-83.0	-83.0	-10.375	-10.375	False	False	morphology	determiner_noun_agreement	Write a natural, coherent English sentence.
782	11	Clyde had those exposed axes.	Clyde had that exposed axes.	-93.0	-93.5	-10.375	-10.375	True	False	morphology	determiner_noun_agreement	Write a natural, coherent English sentence.
783	11	Victoria has left these delighted men.	Victoria has left this delighted men.	-72.5	-72.5	-10.375	-10.375	False	False	morphology	determiner_noun_agreement	Write a natural, coherent English sentence.
784	11	The Impressionists disagree with those bad analyses.	The Impressionists disagree with that bad analyses.	-114.0	-114.0	-10.375	-10.375	False	False	morphology	determiner_noun_agreement	Write a natural, coherent English sentence.
785	11	Amy took that hidden fungus.	Amy took those hidden fungus.	-83.0	-83.0	-10.375	-10.375	False	False	morphology	determiner_noun_agreement	Write a natural, coherent English sentence.
786	11	Rose was fixing this hard foot.	Rose was fixing these hard foot.	-72.5	-72.5	-10.375	-10.375	False	False	morphology	determiner_noun_agreement	Write a natural, coherent English sentence.
787	11	Most dishes weren't astounding these scared men.	Most dishes weren't astounding this scared men.	-124.5	-124.5	-10.375	-10.375	False	False	morphology	determiner_noun_agreement	Write a natural, coherent English sentence.
788	11	The doctor sees those smooth cacti.	The doctor sees that smooth cacti.	-93.5	-93.5	-10.375	-10.375	False	False	morphology	determiner_noun_agreement	Write a natural, coherent English sentence.
789	11	Rodney hadn't cured these white octopi.	Rodney hadn't cured this white octopi.	-135.0	-135.0	-10.375	-10.375	False	False	morphology	determiner_noun_agreement	Write a natural, coherent English sentence.
790	11	This museum hadn't disgusted these troubled men.	This museum hadn't disgusted this troubled men.	-124.5	-124.5	-10.375	-10.375	False	False	morphology	determiner_noun_agreement	Write a natural, coherent English sentence.
791	11	Patrick complained about those scared men.	Patrick complained about that scared men.	-72.5	-72.5	-10.375	-10.375	False	False	morphology	determiner_noun_agreement	Write a natural, coherent English sentence.
792	11	Jacqueline should stun these determined alumni.	Jacqueline should stun this determined alumni.	-124.5	-124.5	-10.375	-10.375	False	False	morphology	determiner_noun_agreement	Write a natural, coherent English sentence.
793	11	All apples worry this serious man.	All apples worry these serious man.	-83.0	-83.0	-10.375	-10.375	False	False	morphology	determiner_noun_agreement	Write a natural, coherent English sentence.
794	11	The drawing isn't scaring that old child.	The drawing isn't scaring those old child.	-114.0	-114.0	-10.375	-10.375	False	False	morphology	determiner_noun_agreement	Write a natural, coherent English sentence.
795	11	Veronica questioned this uncertain woman.	Veronica questioned these uncertain woman.	-83.0	-83.0	-10.375	-10.375	False	False	morphology	determiner_noun_agreement	Write a natural, coherent English sentence.
796	11	Vanessa hadn't known this determined alumnus.	Vanessa hadn't known these determined alumnus.	-124.5	-124.5	-10.375	-10.375	False	False	morphology	determiner_noun_agreement	Write a natural, coherent English sentence.
797	11	Cynthia hadn't kissed this unemployed man.	Cynthia hadn't kissed these unemployed man.	-135.0	-135.0	-10.375	-10.375	False	False	morphology	determiner_noun_agreement	Write a natural, coherent English sentence.
798	11	These companies irritate that exposed woman.	These companies irritate those exposed woman.	-83.0	-83.0	-10.375	-10.375	False	False	morphology	determiner_noun_agreement	Write a natural, coherent English sentence.
799	11	This dancer wasn't biking to this orange oasis.	This dancer wasn't biking to these orange oasis.	-145.0	-145.0	-10.375	-10.375	False	False	morphology	determiner_noun_agreement	Write a natural, coherent English sentence.
800	11	Those legislatures could disturb this upset alumnus.	Those legislatures could disturb these upset alumnus.	-114.0	-114.0	-10.375	-10.375	False	False	morphology	determiner_noun_agreement	Write a natural, coherent English sentence.
801	11	Some adult hasn't hidden these ill men.	Some adult hasn't hidden this ill men.	-103.5	-103.5	-10.375	-10.375	False	False	morphology	determiner_noun_agreement	Write a natural, coherent English sentence.
802	11	A cashier should insult these hidden children.	A cashier should insult this hidden children.	-93.0	-93.0	-10.375	-10.375	False	False	morphology	determiner_noun_agreement	Write a natural, coherent English sentence.
803	11	Danielle could annoy that confident man.	Danielle could annoy those confident man.	-83.0	-83.0	-10.375	-10.375	False	False	morphology	determiner_noun_agreement	Write a natural, coherent English sentence.
804	11	These teachers lift this exposed goose.	These teachers lift these exposed goose.	-83.0	-83.0	-10.375	-10.375	False	False	morphology	determiner_noun_agreement	Write a natural, coherent English sentence.
805	11	Christina drove to that exposed oasis.	Christina drove to those exposed oasis.	-93.0	-93.0	-10.375	-10.375	False	False	morphology	determiner_noun_agreement	Write a natural, coherent English sentence.
806	11	Jesus hadn't sounded like these hidden people.	Jesus hadn't sounded like this hidden people.	-103.5	-103.5	-10.375	-10.375	False	False	morphology	determiner_noun_agreement	Write a natural, coherent English sentence.
807	11	Many mushrooms irritate that upset man.	Many mushrooms irritate those upset man.	-93.5	-93.5	-10.375	-10.375	False	False	morphology	determiner_noun_agreement	Write a natural, coherent English sentence.
808	11	Some committee bought those white lice.	Some committee bought that white lice.	-83.0	-83.0	-10.375	-10.375	False	False	morphology	determiner_noun_agreement	Write a natural, coherent English sentence.
809	11	Daniel hasn't known this determined man.	Daniel hasn't known these determined man.	-93.5	-93.5	-10.375	-10.375	False	False	morphology	determiner_noun_agreement	Write a natural, coherent English sentence.
810	11	Art hadn't scared these serious alumni.	Art hadn't scared this serious alumni.	-114.0	-114.0	-10.375	-10.375	False	False	morphology	determiner_noun_agreement	Write a natural, coherent English sentence.
811	11	Alice fires this unconvinced child.	Alice fires these unconvinced child.	-93.5	-93.5	-10.375	-10.375	False	False	morphology	determiner_noun_agreement	Write a natural, coherent English sentence.
812	11	Melanie hid that exposed tooth.	Melanie hid those exposed tooth.	-72.5	-72.5	-10.375	-10.375	False	False	morphology	determiner_noun_agreement	Write a natural, coherent English sentence.
813	11	Most hamsters find that red tooth.	Most hamsters find those red tooth.	-83.0	-83.0	-10.375	-10.375	False	False	morphology	determiner_noun_agreement	Write a natural, coherent English sentence.
814	11	Those children explore those small oases.	Those children explore that small oases.	-83.0	-83.0	-10.375	-10.375	False	False	morphology	determiner_noun_agreement	Write a natural, coherent English sentence.
815	11	Most museums listen to this troubled man.	Most museums listen to these troubled man.	-103.5	-103.5	-10.375	-10.375	False	False	morphology	determiner_noun_agreement	Write a natural, coherent English sentence.
816	11	Patrick embarrassed this unemployed person.	Patrick embarrassed these unemployed person.	-72.5	-72.5	-10.375	-10.375	False	False	morphology	determiner_noun_agreement	Write a natural, coherent English sentence.
817	11	A lot of icicles had alarmed that hidden woman.	A lot of icicles had alarmed those hidden woman.	-124.5	-124.5	-10.375	-10.375	False	False	morphology	determiner_noun_agreement	Write a natural, coherent English sentence.
818	11	Matt hadn't impressed this exposed child.	Matt hadn't impressed these exposed child.	-93.5	-93.5	-10.375	-10.375	False	False	morphology	determiner_noun_agreement	Write a natural, coherent English sentence.
819	11	Eric might see those new feet.	Eric might see that new feet.	-72.5	-72.5	-10.375	-10.375	False	False	morphology	determiner_noun_agreement	Write a natural, coherent English sentence.
820	11	Some turtle can confuse this old alumnus.	Some turtle can confuse these old alumnus.	-135.0	-135.0	-10.375	-10.375	False	False	morphology	determiner_noun_agreement	Write a natural, coherent English sentence.
821	11	Most guests explore these smooth oases.	Most guests explore this smooth oases.	-83.0	-83.0	-10.375	-10.375	False	False	morphology	determiner_noun_agreement	Write a natural, coherent English sentence.
822	11	Brian has praised that happy alumnus.	Brian has praised those happy alumnus.	-93.5	-93.0	-10.375	-10.375	False	False	morphology	determiner_noun_agreement	Write a natural, coherent English sentence.
823	11	Karen sees these ill lice.	Karen sees this ill lice.	-72.5	-72.5	-10.375	-10.375	False	False	morphology	determiner_noun_agreement	Write a natural, coherent English sentence.
824	11	Alicia doesn't observe this confident alumnus.	Alicia doesn't observe these confident alumnus.	-135.0	-135.0	-10.375	-10.375	False	False	morphology	determiner_noun_agreement	Write a natural, coherent English sentence.
825	11	That horse does find this lost octopus.	That horse does find these lost octopus.	-103.5	-103.5	-10.375	-10.375	False	False	morphology	determiner_noun_agreement	Write a natural, coherent English sentence.
826	11	Those customers haven't annoyed those delighted children.	Those customers haven't annoyed that delighted children.	-114.0	-114.0	-10.375	-10.375	False	False	morphology	determiner_noun_agreement	Write a natural, coherent English sentence.
827	11	The Great Lakes confused these hidden women.	The Great Lakes confused this hidden women.	-93.5	-93.5	-10.375	-10.375	False	False	morphology	determiner_noun_agreement	Write a natural, coherent English sentence.
828	11	Russell watches these unsure women.	Russell watches this unsure women.	-72.5	-72.5	-10.375	-10.375	False	False	morphology	determiner_noun_agreement	Write a natural, coherent English sentence.
829	11	Jacqueline has concealed these long synopses.	Jacqueline has concealed this long synopses.	-124.5	-124.5	-10.375	-10.375	False	False	morphology	determiner_noun_agreement	Write a natural, coherent English sentence.
830	11	Carrie isn't hiring this small woman.	Carrie isn't hiring these small woman.	-104.0	-104.0	-10.375	-10.375	False	False	morphology	determiner_noun_agreement	Write a natural, coherent English sentence.
831	11	Charles doesn't admire these big mice.	Charles doesn't admire this big mice.	-114.0	-114.0	-10.375	-10.375	False	False	morphology	determiner_noun_agreement	Write a natural, coherent English sentence.
832	11	The Impressionists might think about that white thesis.	The Impressionists might think about those white thesis.	-114.0	-114.0	-10.375	-10.375	False	False	morphology	determiner_noun_agreement	Write a natural, coherent English sentence.
833	11	Most men question those bad people.	Most men question that bad people.	-72.5	-72.5	-10.375	-10.375	False	False	morphology	determiner_noun_agreement	Write a natural, coherent English sentence.
834	11	Lissa hasn't left this upset woman.	Lissa hasn't left these upset woman.	-104.0	-104.0	-10.375	-10.375	False	False	morphology	determiner_noun_agreement	Write a natural, coherent English sentence.
835	11	Janice won't fire that determined child.	Janice won't fire those determined child.	-103.5	-103.5	-10.375	-10.375	False	False	morphology	determiner_noun_agreement	Write a natural, coherent English sentence.
836	11	This company criticized this lucky man.	This company criticized these lucky man.	-83.0	-83.0	-10.375	-10.375	False	False	morphology	determiner_noun_agreement	Write a natural, coherent English sentence.
837	11	The banks hurt that excited woman.	The banks hurt those excited woman.	-72.5	-72.5	-10.375	-10.375	False	False	morphology	determiner_noun_agreement	Write a natural, coherent English sentence.
838	11	Peter wasn't walking through those red oases.	Peter wasn't walking through that red oases.	-114.0	-114.0	-10.375	-10.375	False	False	morphology	determiner_noun_agreement	Write a natural, coherent English sentence.
839	11	Rebecca wasn't referencing this long synopsis.	Rebecca wasn't referencing these long synopsis.	-114.0	-114.0	-10.375	-10.375	False	False	morphology	determiner_noun_agreement	Write a natural, coherent English sentence.
840	11	Naomi notices this smooth octopus.	Naomi notices these smooth octopus.	-103.5	-103.5	-10.375	-10.375	False	False	morphology	determiner_noun_agreement	Write a natural, coherent English sentence.
841	11	Patrick conceals this hard stimulus.	Patrick conceals these hard stimulus.	-83.0	-83.0	-10.375	-10.375	False	False	morphology	determiner_noun_agreement	Write a natural, coherent English sentence.
842	11	Candice shouldn't bring those smooth feet.	Candice shouldn't bring that smooth feet.	-103.5	-103.5	-10.375	-10.375	False	False	morphology	determiner_noun_agreement	Write a natural, coherent English sentence.
843	11	All books sound like those content women.	All books sound like that content women.	-83.0	-83.0	-10.375	-10.375	False	False	morphology	determiner_noun_agreement	Write a natural, coherent English sentence.
844	11	Bethany hasn't arrived at this white oasis.	Bethany hasn't arrived at these white oasis.	-124.5	-124.5	-10.375	-10.375	False	False	morphology	determiner_noun_agreement	Write a natural, coherent English sentence.
845	11	Steve reveals these unemployed alumni.	Steve reveals this unemployed alumni.	-93.0	-93.0	-10.375	-10.375	False	False	morphology	determiner_noun_agreement	Write a natural, coherent English sentence.
846	11	Sonia was upsetting that ill woman.	Sonia was upsetting those ill woman.	-93.0	-93.0	-10.375	-10.375	False	False	morphology	determiner_noun_agreement	Write a natural, coherent English sentence.
847	11	Keith wasn't boring these delighted men.	Keith wasn't boring this delighted men.	-93.5	-93.5	-10.375	-10.375	False	False	morphology	determiner_noun_agreement	Write a natural, coherent English sentence.
848	11	The Borgias admire these hard mice.	The Borgias admire this hard mice.	-114.0	-114.0	-10.375	-10.375	False	False	morphology	determiner_noun_agreement	Write a natural, coherent English sentence.
849	11	These drivers had forgotten this good analysis.	These drivers had forgotten these good analysis.	-83.0	-83.0	-10.375	-10.375	False	False	morphology	determiner_noun_agreement	Write a natural, coherent English sentence.
850	11	Helen skates around this blue oasis.	Helen skates around these blue oasis.	-93.0	-93.5	-10.375	-10.375	True	False	morphology	determiner_noun_agreement	Write a natural, coherent English sentence.
851	11	Galileo found that smooth stimulus.	Galileo found those smooth stimulus.	-93.0	-93.0	-10.375	-10.375	False	False	morphology	determiner_noun_agreement	Write a natural, coherent English sentence.
852	11	Kimberley isn't curing these small octopi.	Kimberley isn't curing this small octopi.	-145.0	-145.0	-10.375	-10.375	False	False	morphology	determiner_noun_agreement	Write a natural, coherent English sentence.
853	11	Debra didn't conceal these popular men.	Debra didn't conceal this popular men.	-114.0	-114.0	-10.375	-10.375	False	False	morphology	determiner_noun_agreement	Write a natural, coherent English sentence.
854	11	A lot of doctors hug these scared children.	A lot of doctors hug this scared children.	-93.0	-93.0	-10.375	-10.375	False	False	morphology	determiner_noun_agreement	Write a natural, coherent English sentence.
855	11	Those pedestrians weren't fleeing from these concealed men.	Those pedestrians weren't fleeing from this concealed men.	-156.0	-156.0	-10.375	-10.375	False	False	morphology	determiner_noun_agreement	Write a natural, coherent English sentence.
856	11	Those children find that exposed thesis.	Those children find those exposed thesis.	-72.5	-72.5	-10.375	-10.375	False	False	morphology	determiner_noun_agreement	Write a natural, coherent English sentence.
857	11	Debra admires these blue octopi.	Debra admires this blue octopi.	-103.5	-103.5	-10.375	-10.375	False	False	morphology	determiner_noun_agreement	Write a natural, coherent English sentence.
858	11	Bruce wasn't approaching that clever alumnus.	Bruce wasn't approaching those clever alumnus.	-114.0	-114.0	-10.375	-10.375	False	False	morphology	determiner_noun_agreement	Write a natural, coherent English sentence.
859	11	Lawrence isn't questioning that nice woman.	Lawrence isn't questioning those nice woman.	-93.5	-93.5	-10.375	-10.375	False	False	morphology	determiner_noun_agreement	Write a natural, coherent English sentence.
860	11	Some waitresses have this big octopus.	Some waitresses have these big octopus.	-114.0	-114.0	-10.375	-10.375	False	False	morphology	determiner_noun_agreement	Write a natural, coherent English sentence.
861	11	Carolyn had embarrassed that busy alumnus.	Carolyn had embarrassed those busy alumnus.	-103.5	-103.5	-10.375	-10.375	False	False	morphology	determiner_noun_agreement	Write a natural, coherent English sentence.
862	11	Jeffrey aggravated that smart man.	Jeffrey aggravated those smart man.	-93.0	-93.0	-10.375	-10.375	False	False	morphology	determiner_noun_agreement	Write a natural, coherent English sentence.
863	11	Guy messed up this yellow foot.	Guy messed up these yellow foot.	-83.0	-83.0	-10.375	-10.375	False	False	morphology	determiner_noun_agreement	Write a natural, coherent English sentence.
864	11	Every book is embarrassing this small woman.	Every book is embarrassing these small woman.	-93.0	-93.0	-10.375	-10.375	False	False	morphology	determiner_noun_agreement	Write a natural, coherent English sentence.
865	11	These associations were talking about these scared women.	These associations were talking about this scared women.	-93.5	-93.5	-10.375	-10.375	False	False	morphology	determiner_noun_agreement	Write a natural, coherent English sentence.
866	11	Todd disturbs this upset child.	Todd disturbs these upset child.	-83.0	-83.0	-10.375	-10.375	False	False	morphology	determiner_noun_agreement	Write a natural, coherent English sentence.
867	11	That window alarms these exposed women.	That window alarms this exposed women.	-83.0	-83.0	-10.375	-10.375	False	False	morphology	determiner_noun_agreement	Write a natural, coherent English sentence.
868	11	A window upsets these upset men.	A window upsets this upset men.	-83.0	-83.0	-10.375	-10.375	False	False	morphology	determiner_noun_agreement	Write a natural, coherent English sentence.
869	11	Monet is fixing that brown foot.	Monet is fixing those brown foot.	-83.0	-83.0	-10.375	-10.375	False	False	morphology	determiner_noun_agreement	Write a natural, coherent English sentence.
870	11	Adam left these big alumni.	Adam left this big alumni.	-83.0	-83.0	-10.375	-10.375	False	False	morphology	determiner_noun_agreement	Write a natural, coherent English sentence.
871	11	Stacy can exit that big oasis.	Stacy can exit those big oasis.	-93.5	-93.5	-10.375	-10.375	False	False	morphology	determiner_noun_agreement	Write a natural, coherent English sentence.
872	11	Roger was returning to those happy alumni.	Roger was returning to that happy alumni.	-104.0	-103.5	-10.375	-10.375	False	False	morphology	determiner_noun_agreement	Write a natural, coherent English sentence.
873	11	Dana isn't investigating this ill woman.	Dana isn't investigating these ill woman.	-114.0	-114.0	-10.375	-10.375	False	False	morphology	determiner_noun_agreement	Write a natural, coherent English sentence.
874	11	Tammy has those yellow axes.	Tammy has that yellow axes.	-83.0	-83.0	-10.375	-10.375	False	False	morphology	determiner_noun_agreement	Write a natural, coherent English sentence.
875	11	Marla leaves those employed children.	Marla leaves that employed children.	-72.5	-72.5	-10.375	-10.375	False	False	morphology	determiner_noun_agreement	Write a natural, coherent English sentence.
876	11	Sarah referenced that ill child.	Sarah referenced those ill child.	-72.5	-72.5	-10.375	-10.375	False	False	morphology	determiner_noun_agreement	Write a natural, coherent English sentence.
877	11	Edward complained about this serious child.	Edward complained about these serious child.	-72.5	-72.5	-10.375	-10.375	False	False	morphology	determiner_noun_agreement	Write a natural, coherent English sentence.
878	11	Carolyn healed those bad women.	Carolyn healed that bad women.	-83.0	-83.0	-10.375	-10.375	False	False	morphology	determiner_noun_agreement	Write a natural, coherent English sentence.
879	11	The waitresses fired those upset alumni.	The waitresses fired that upset alumni.	-114.0	-114.0	-10.375	-10.375	False	False	morphology	determiner_noun_agreement	Write a natural, coherent English sentence.
880	11	Every driver dropped by that old oasis.	Every driver dropped by those old oasis.	-93.5	-93.0	-10.375	-10.375	False	False	morphology	determiner_noun_agreement	Write a natural, coherent English sentence.
881	11	William hadn't hugged these hopeful alumni.	William hadn't hugged this hopeful alumni.	-135.0	-135.0	-10.375	-10.375	False	False	morphology	determiner_noun_agreement	Write a natural, coherent English sentence.
882	11	The Lutherans had messed up those lost feet.	The Lutherans had messed up that lost feet.	-114.0	-114.0	-10.375	-10.375	False	False	morphology	determiner_noun_agreement	Write a natural, coherent English sentence.
883	11	Florence hasn't confused those standing men.	Florence hasn't confused that standing men.	-93.5	-93.5	-10.375	-10.375	False	False	morphology	determiner_noun_agreement	Write a natural, coherent English sentence.
884	11	Some convertible upset this upset woman.	Some convertible upset these upset woman.	-83.0	-83.0	-10.375	-10.375	False	False	morphology	determiner_noun_agreement	Write a natural, coherent English sentence.
885	11	Rebecca saw this hidden foot.	Rebecca saw these hidden foot.	-62.25	-62.25	-10.375	-10.375	False	False	morphology	determiner_noun_agreement	Write a natural, coherent English sentence.
886	11	Derek returned to these content men.	Derek returned to this content men.	-83.0	-83.0	-10.375	-10.375	False	False	morphology	determiner_noun_agreement	Write a natural, coherent English sentence.
887	11	Those teachers love those hidden women.	Those teachers love that hidden women.	-72.5	-72.5	-10.375	-10.375	False	False	morphology	determiner_noun_agreement	Write a natural, coherent English sentence.
888	11	Jennifer worried those ill men.	Jennifer worried that ill men.	-62.25	-62.25	-10.375	-10.375	False	False	morphology	determiner_noun_agreement	Write a natural, coherent English sentence.
889	11	A chair was stunning this big man.	A chair was stunning these big man.	-83.0	-83.0	-10.375	-10.375	False	False	morphology	determiner_noun_agreement	Write a natural, coherent English sentence.
890	11	Paintings looked like that gray thesis.	Paintings looked like those gray thesis.	-93.5	-93.5	-10.375	-10.375	False	False	morphology	determiner_noun_agreement	Write a natural, coherent English sentence.
891	11	Karla toured this rough oasis.	Karla toured these rough oasis.	-93.0	-93.0	-10.375	-10.375	False	False	morphology	determiner_noun_agreement	Write a natural, coherent English sentence.
892	11	Walter couldn't boycott those hidden oases.	Walter couldn't boycott that hidden oases.	-114.0	-114.0	-10.375	-10.375	False	False	morphology	determiner_noun_agreement	Write a natural, coherent English sentence.
893	11	Donald has worried this smart man.	Donald has worried these smart man.	-72.5	-72.5	-10.375	-10.375	False	False	morphology	determiner_noun_agreement	Write a natural, coherent English sentence.
894	11	Catherine has boycotted those gray oases.	Catherine has boycotted that gray oases.	-104.0	-104.0	-10.375	-10.375	False	False	morphology	determiner_noun_agreement	Write a natural, coherent English sentence.
895	11	Nicole toured those yellow oases.	Nicole toured that yellow oases.	-83.0	-83.0	-10.375	-10.375	False	False	morphology	determiner_noun_agreement	Write a natural, coherent English sentence.
896	11	Barbara praises that young woman.	Barbara praises those young woman.	-72.5	-72.5	-10.375	-10.375	False	False	morphology	determiner_noun_agreement	Write a natural, coherent English sentence.
897	11	The apple aggravates those hopeful children.	The apple aggravates that hopeful children.	-103.5	-103.5	-10.375	-10.375	False	False	morphology	determiner_noun_agreement	Write a natural, coherent English sentence.
898	11	All photographs could look like this big fungus.	All photographs could look like these big fungus.	-114.0	-114.0	-10.375	-10.375	False	False	morphology	determiner_noun_agreement	Write a natural, coherent English sentence.
899	11	Guys should talk about that good synopsis.	Guys should talk about those good synopsis.	-103.5	-103.5	-10.375	-10.375	False	False	morphology	determiner_noun_agreement	Write a natural, coherent English sentence.
900	11	Tracy discovered this concealed alumnus.	Tracy discovered these concealed alumnus.	-103.5	-103.5	-10.375	-10.375	False	False	morphology	determiner_noun_agreement	Write a natural, coherent English sentence.
901	11	All actresses are helping this troubled man.	All actresses are helping these troubled man.	-103.5	-103.5	-10.3125	-10.3125	False	False	morphology	determiner_noun_agreement	Write a natural, coherent English sentence.
902	11	Douglas isn't revealing this dirty foot.	Douglas isn't revealing these dirty foot.	-93.5	-93.5	-10.375	-10.375	False	False	morphology	determiner_noun_agreement	Write a natural, coherent English sentence.
903	11	Most senators confuse that standing child.	Most senators confuse those standing child.	-93.5	-93.5	-10.375	-10.375	False	False	morphology	determiner_noun_agreement	Write a natural, coherent English sentence.
904	11	Those doctors embarrass that upset woman.	Those doctors embarrass those upset woman.	-72.5	-72.5	-10.375	-10.375	False	False	morphology	determiner_noun_agreement	Write a natural, coherent English sentence.
905	11	A lot of customers were healing those sick men.	A lot of customers were healing that sick men.	-103.5	-103.5	-10.375	-10.375	False	False	morphology	determiner_noun_agreement	Write a natural, coherent English sentence.
906	11	Sabrina does conceal these old alumni.	Sabrina does conceal this old alumni.	-124.5	-124.5	-10.375	-10.375	False	False	morphology	determiner_noun_agreement	Write a natural, coherent English sentence.
907	11	Many girls can't observe those young alumni.	Many girls can't observe that young alumni.	-124.5	-124.5	-10.375	-10.375	False	False	morphology	determiner_noun_agreement	Write a natural, coherent English sentence.
908	11	The actresses hire that lucky man.	The actresses hire those lucky man.	-83.0	-83.0	-10.375	-10.375	False	False	morphology	determiner_noun_agreement	Write a natural, coherent English sentence.
909	11	Andrea is firing that scared child.	Andrea is firing those scared child.	-72.5	-72.5	-10.375	-10.375	False	False	morphology	determiner_noun_agreement	Write a natural, coherent English sentence.
910	11	That dancer scanned that bad synopsis.	That dancer scanned those bad synopsis.	-103.5	-103.5	-10.375	-10.375	False	False	morphology	determiner_noun_agreement	Write a natural, coherent English sentence.
911	11	Daniel breaks these dirty teeth.	Daniel breaks this dirty teeth.	-62.25	-62.25	-10.375	-10.375	False	False	morphology	determiner_noun_agreement	Write a natural, coherent English sentence.
912	11	Students had messed up those purple teeth.	Students had messed up that purple teeth.	-93.0	-93.0	-10.375	-10.375	False	False	morphology	determiner_noun_agreement	Write a natural, coherent English sentence.
913	11	Becky boycotted those old oases.	Becky boycotted that old oases.	-103.5	-103.5	-10.375	-10.375	False	False	morphology	determiner_noun_agreement	Write a natural, coherent English sentence.
914	11	Florence talks to those good women.	Florence talks to that good women.	-72.5	-72.5	-10.375	-10.375	False	False	morphology	determiner_noun_agreement	Write a natural, coherent English sentence.
915	11	Carmen won't break this big foot.	Carmen won't break these big foot.	-104.0	-104.0	-10.375	-10.375	False	False	morphology	determiner_noun_agreement	Write a natural, coherent English sentence.
916	11	Stephen fired those employed men.	Stephen fired that employed men.	-62.25	-62.25	-10.375	-10.375	False	False	morphology	determiner_noun_agreement	Write a natural, coherent English sentence.
917	11	Many governments confuse this sick woman.	Many governments confuse these sick woman.	-83.0	-83.0	-10.375	-10.375	False	False	morphology	determiner_noun_agreement	Write a natural, coherent English sentence.
918	11	Heidi healed this troubled child.	Heidi healed these troubled child.	-93.0	-93.0	-10.375	-10.3125	False	False	morphology	determiner_noun_agreement	Write a natural, coherent English sentence.
919	11	Daniel questions these employed alumni.	Daniel questions this employed alumni.	-83.0	-83.0	-10.375	-10.375	False	False	morphology	determiner_noun_agreement	Write a natural, coherent English sentence.
920	11	People admire these yellow oxen.	People admire this yellow oxen.	-83.0	-83.0	-10.375	-10.375	False	False	morphology	determiner_noun_agreement	Write a natural, coherent English sentence.
921	11	Those adults embarrasses this displeased woman.	Those adults embarrasses these displeased woman.	-103.5	-103.5	-10.375	-10.375	False	False	morphology	determiner_noun_agreement	Write a natural, coherent English sentence.
922	11	Winston Churchill notices these big nuclei.	Winston Churchill notices this big nuclei.	-114.0	-114.0	-10.375	-10.375	False	False	morphology	determiner_noun_agreement	Write a natural, coherent English sentence.
923	11	All women hide those concealed nuclei.	All women hide that concealed nuclei.	-93.0	-93.0	-10.375	-10.375	False	False	morphology	determiner_noun_agreement	Write a natural, coherent English sentence.
924	11	Charles was escaping from those lucky men.	Charles was escaping from that lucky men.	-93.5	-93.5	-10.375	-10.375	False	False	morphology	determiner_noun_agreement	Write a natural, coherent English sentence.
925	11	Paul doesn't insult this happy woman.	Paul doesn't insult these happy woman.	-93.5	-93.5	-10.375	-10.375	False	False	morphology	determiner_noun_agreement	Write a natural, coherent English sentence.
926	11	Galileo isn't scanning this brown thesis.	Galileo isn't scanning these brown thesis.	-124.5	-124.5	-10.375	-10.375	False	False	morphology	determiner_noun_agreement	Write a natural, coherent English sentence.
927	11	The newspaper article doesn't annoy that exposed man.	The newspaper article doesn't annoy those exposed man.	-114.0	-114.0	-10.375	-10.375	False	False	morphology	determiner_noun_agreement	Write a natural, coherent English sentence.
928	11	Carmen noticed these gray cacti.	Carmen noticed this gray cacti.	-93.5	-93.5	-10.375	-10.375	False	False	morphology	determiner_noun_agreement	Write a natural, coherent English sentence.
929	11	Teresa approaches this upset man.	Teresa approaches these upset man.	-72.5	-72.5	-10.375	-10.375	False	False	morphology	determiner_noun_agreement	Write a natural, coherent English sentence.
930	11	April was revealing this hidden woman.	April was revealing these hidden woman.	-72.5	-72.5	-10.375	-10.375	False	False	morphology	determiner_noun_agreement	Write a natural, coherent English sentence.
931	11	Michael has loved these scared men.	Michael has loved this scared men.	-72.5	-72.5	-10.375	-10.375	False	False	morphology	determiner_noun_agreement	Write a natural, coherent English sentence.
932	11	Joseph hadn't bought those hard lice.	Joseph hadn't bought that hard lice.	-104.0	-104.0	-10.375	-10.375	False	False	morphology	determiner_noun_agreement	Write a natural, coherent English sentence.
933	11	Larry did drive to this out in the open oasis.	Larry did drive to these out in the open oasis.	-124.0	-124.5	-10.375	-10.375	True	False	morphology	determiner_noun_agreement	Write a natural, coherent English sentence.
934	11	Lisa hasn't driven to that new oasis.	Lisa hasn't driven to those new oasis.	-114.0	-114.0	-10.375	-10.375	False	False	morphology	determiner_noun_agreement	Write a natural, coherent English sentence.
935	11	Steve scanned this good synopsis.	Steve scanned these good synopsis.	-83.0	-83.0	-10.375	-10.375	False	False	morphology	determiner_noun_agreement	Write a natural, coherent English sentence.
936	11	The Lutherans care for those hopeful men.	The Lutherans care for that hopeful men.	-103.5	-103.5	-10.375	-10.375	False	False	morphology	determiner_noun_agreement	Write a natural, coherent English sentence.
937	11	Christine bikes to these orange oases.	Christine bikes to this orange oases.	-103.5	-103.5	-10.375	-10.375	False	False	morphology	determiner_noun_agreement	Write a natural, coherent English sentence.
938	11	Most actors distracted this popular woman.	Most actors distracted these popular woman.	-83.0	-83.0	-10.375	-10.375	False	False	morphology	determiner_noun_agreement	Write a natural, coherent English sentence.
939	11	Emily should observe those displeased men.	Emily should observe that displeased men.	-93.5	-93.5	-10.375	-10.375	False	False	morphology	determiner_noun_agreement	Write a natural, coherent English sentence.
940	11	The drivers do sell this green thesis.	The drivers do sell these green thesis.	-83.0	-83.0	-10.375	-10.375	False	False	morphology	determiner_noun_agreement	Write a natural, coherent English sentence.
941	11	Most drivers love these unemployed men.	Most drivers love this unemployed men.	-83.0	-83.0	-10.375	-10.375	False	False	morphology	determiner_noun_agreement	Write a natural, coherent English sentence.
942	11	Those doctors care for this hopeful man.	Those doctors care for these hopeful man.	-93.0	-93.0	-10.375	-10.375	False	False	morphology	determiner_noun_agreement	Write a natural, coherent English sentence.
943	11	Brad kisses that displeased man.	Brad kisses those displeased man.	-93.0	-93.0	-10.375	-10.375	False	False	morphology	determiner_noun_agreement	Write a natural, coherent English sentence.
944	11	Danielle had argued about those troubled men.	Danielle had argued about that troubled men.	-103.5	-103.5	-10.375	-10.375	False	False	morphology	determiner_noun_agreement	Write a natural, coherent English sentence.
945	11	An actor is disgusting those unsure men.	An actor is disgusting that unsure men.	-103.5	-103.5	-10.375	-10.375	False	False	morphology	determiner_noun_agreement	Write a natural, coherent English sentence.
946	11	Galileo didn't hurt those displeased children.	Galileo didn't hurt that displeased children.	-135.0	-135.0	-10.375	-10.375	False	False	morphology	determiner_noun_agreement	Write a natural, coherent English sentence.
947	11	Omar messed up these small teeth.	Omar messed up this small teeth.	-93.0	-93.0	-10.375	-10.375	False	False	morphology	determiner_noun_agreement	Write a natural, coherent English sentence.
948	11	Carmen will watch this smart person.	Carmen will watch these smart person.	-83.0	-83.0	-10.375	-10.375	False	False	morphology	determiner_noun_agreement	Write a natural, coherent English sentence.
949	11	Jeffrey hid that unlucky child.	Jeffrey hid those unlucky child.	-93.0	-93.0	-10.375	-10.375	False	False	morphology	determiner_noun_agreement	Write a natural, coherent English sentence.
950	11	Every plane bothers this upset child.	Every plane bothers these upset child.	-83.0	-83.0	-10.375	-10.375	False	False	morphology	determiner_noun_agreement	Write a natural, coherent English sentence.
951	11	A lot of hospitals have those blue teeth.	A lot of hospitals have that blue teeth.	-93.0	-93.0	-10.375	-10.375	False	False	morphology	determiner_noun_agreement	Write a natural, coherent English sentence.
952	11	Nancy wasn't disturbing that clever man.	Nancy wasn't disturbing those clever man.	-103.5	-103.5	-10.375	-10.375	False	False	morphology	determiner_noun_agreement	Write a natural, coherent English sentence.
953	11	These ladies bought that white tooth.	These ladies bought those white tooth.	-72.5	-72.5	-10.375	-10.375	False	False	morphology	determiner_noun_agreement	Write a natural, coherent English sentence.
954	11	Every skirt annoys that confident person.	Every skirt annoys those confident person.	-93.5	-93.5	-10.375	-10.375	False	False	morphology	determiner_noun_agreement	Write a natural, coherent English sentence.
955	11	These actors weren't biking to these red oases.	These actors weren't biking to this red oases.	-135.0	-135.0	-10.375	-10.375	False	False	morphology	determiner_noun_agreement	Write a natural, coherent English sentence.
956	11	Carmen has described those confident people.	Carmen has described that confident people.	-83.0	-83.0	-10.375	-10.375	False	False	morphology	determiner_noun_agreement	Write a natural, coherent English sentence.
957	11	All legislatures criticize that brown oasis.	All legislatures criticize those brown oasis.	-103.5	-103.5	-10.375	-10.375	False	False	morphology	determiner_noun_agreement	Write a natural, coherent English sentence.
958	11	Paula works with that clever person.	Paula works with those clever person.	-83.0	-83.0	-10.375	-10.375	False	False	morphology	determiner_noun_agreement	Write a natural, coherent English sentence.
959	11	Benjamin respects those confident children.	Benjamin respects that confident children.	-72.5	-72.5	-10.375	-10.375	False	False	morphology	determiner_noun_agreement	Write a natural, coherent English sentence.
960	11	Mitchell attacked these unsure alumni.	Mitchell attacked this unsure alumni.	-93.5	-93.5	-10.375	-10.375	False	False	morphology	determiner_noun_agreement	Write a natural, coherent English sentence.
961	11	The Lutherans hadn't cleaned these broken teeth.	The Lutherans hadn't cleaned this broken teeth.	-114.0	-114.0	-10.375	-10.375	False	False	morphology	determiner_noun_agreement	Write a natural, coherent English sentence.
962	11	A lot of children observe that young child.	A lot of children observe those young child.	-93.0	-93.0	-10.375	-10.375	False	False	morphology	determiner_noun_agreement	Write a natural, coherent English sentence.
963	11	Gary hadn't sounded like this out in the open oasis.	Gary hadn't sounded like these out in the open oasis.	-145.0	-145.0	-10.375	-10.375	False	False	morphology	determiner_noun_agreement	Write a natural, coherent English sentence.
964	11	That fish annoyed this serious alumnus.	That fish annoyed these serious alumnus.	-103.5	-103.5	-10.375	-10.375	False	False	morphology	determiner_noun_agreement	Write a natural, coherent English sentence.
965	11	Spotlights worry those standing people.	Spotlights worry that standing people.	-72.5	-72.5	-10.375	-10.375	False	False	morphology	determiner_noun_agreement	Write a natural, coherent English sentence.
966	11	Rodney returned to these content alumni.	Rodney returned to this content alumni.	-103.5	-103.5	-10.375	-10.375	False	False	morphology	determiner_noun_agreement	Write a natural, coherent English sentence.
967	11	Bruce references this unemployed child.	Bruce references these unemployed child.	-72.5	-72.5	-10.375	-10.375	False	False	morphology	determiner_noun_agreement	Write a natural, coherent English sentence.
968	11	Many museums criticize this bad analysis.	Many museums criticize these bad analysis.	-93.0	-93.0	-10.375	-10.375	False	False	morphology	determiner_noun_agreement	Write a natural, coherent English sentence.
969	11	Danielle knows that concealed man.	Danielle knows those concealed man.	-83.0	-83.0	-10.375	-10.375	False	False	morphology	determiner_noun_agreement	Write a natural, coherent English sentence.
970	11	Katherine sells that smooth oasis.	Katherine sells those smooth oasis.	-93.0	-93.0	-10.375	-10.375	False	False	morphology	determiner_noun_agreement	Write a natural, coherent English sentence.
971	11	Meredith hadn't scared these clever people.	Meredith hadn't scared this clever people.	-114.0	-114.0	-10.375	-10.375	False	False	morphology	determiner_noun_agreement	Write a natural, coherent English sentence.
972	11	Walter biked to these gray oases.	Walter biked to this gray oases.	-103.5	-103.5	-10.375	-10.375	False	False	morphology	determiner_noun_agreement	Write a natural, coherent English sentence.
973	11	Phillip has investigated this unemployed man.	Phillip has investigated these unemployed man.	-93.0	-93.5	-10.375	-10.375	True	False	morphology	determiner_noun_agreement	Write a natural, coherent English sentence.
974	11	Alice knows that ill woman.	Alice knows those ill woman.	-62.25	-62.25	-10.375	-10.375	False	False	morphology	determiner_noun_agreement	Write a natural, coherent English sentence.
975	11	Daniel bothered that unemployed alumnus.	Daniel bothered those unemployed alumnus.	-93.0	-93.0	-10.375	-10.375	False	False	morphology	determiner_noun_agreement	Write a natural, coherent English sentence.
976	11	Some children notice this black thesis.	Some children notice these black thesis.	-72.5	-72.5	-10.375	-10.375	False	False	morphology	determiner_noun_agreement	Write a natural, coherent English sentence.
977	11	George has alarmed these unemployed children.	George has alarmed this unemployed children.	-93.5	-93.5	-10.375	-10.375	False	False	morphology	determiner_noun_agreement	Write a natural, coherent English sentence.
978	11	Sarah won't drive to this concealed oasis.	Sarah won't drive to these concealed oasis.	-124.5	-124.5	-10.375	-10.375	False	False	morphology	determiner_noun_agreement	Write a natural, coherent English sentence.
979	11	Grace arrived at those small oases.	Grace arrived at that small oases.	-83.0	-83.0	-10.375	-10.375	False	False	morphology	determiner_noun_agreement	Write a natural, coherent English sentence.
980	11	David kisses that lucky man.	David kisses those lucky man.	-72.5	-72.5	-10.375	-10.375	False	False	morphology	determiner_noun_agreement	Write a natural, coherent English sentence.
981	11	Laura isn't lifting this smooth axis.	Laura isn't lifting these smooth axis.	-93.5	-93.5	-10.375	-10.375	False	False	morphology	determiner_noun_agreement	Write a natural, coherent English sentence.
982	11	Mark embarrassed these confident children.	Mark embarrassed this confident children.	-62.25	-62.25	-10.375	-10.375	False	False	morphology	determiner_noun_agreement	Write a natural, coherent English sentence.
983	11	Patients bothers this employed man.	Patients bothers these employed man.	-83.0	-83.0	-10.375	-10.375	False	False	morphology	determiner_noun_agreement	Write a natural, coherent English sentence.
984	11	Christopher has criticized this bad synopsis.	Christopher has criticized these bad synopsis.	-93.0	-93.0	-10.375	-10.3125	False	False	morphology	determiner_noun_agreement	Write a natural, coherent English sentence.
985	11	Todd hadn't gone to this cheap oasis.	Todd hadn't gone to these cheap oasis.	-114.0	-114.0	-10.375	-10.375	False	False	morphology	determiner_noun_agreement	Write a natural, coherent English sentence.
986	11	Becca does investigate this lucky alumnus.	Becca does investigate these lucky alumnus.	-103.5	-103.5	-10.375	-10.375	False	False	morphology	determiner_noun_agreement	Write a natural, coherent English sentence.
987	11	Sabrina visits those fast women.	Sabrina visits that fast women.	-83.0	-83.0	-10.375	-10.375	False	False	morphology	determiner_noun_agreement	Write a natural, coherent English sentence.
988	11	Janet knew those unconvinced children.	Janet knew that unconvinced children.	-104.0	-104.0	-10.375	-10.375	False	False	morphology	determiner_noun_agreement	Write a natural, coherent English sentence.
989	11	Christine hated this young man.	Christine hated these young man.	-72.5	-72.5	-10.375	-10.375	False	False	morphology	determiner_noun_agreement	Write a natural, coherent English sentence.
990	11	Chad hadn't complained about these big oases.	Chad hadn't complained about this big oases.	-124.5	-124.5	-10.375	-10.375	False	False	morphology	determiner_noun_agreement	Write a natural, coherent English sentence.
991	11	Many bikes stun that nice man.	Many bikes stun those nice man.	-93.5	-93.5	-10.375	-10.375	False	False	morphology	determiner_noun_agreement	Write a natural, coherent English sentence.
992	11	William hasn't investigated these fast men.	William hasn't investigated this fast men.	-93.5	-93.5	-10.375	-10.375	False	False	morphology	determiner_noun_agreement	Write a natural, coherent English sentence.
993	11	Kristin couldn't research these smooth oases.	Kristin couldn't research this smooth oases.	-114.0	-114.0	-10.375	-10.375	False	False	morphology	determiner_noun_agreement	Write a natural, coherent English sentence.
994	11	Travis arrives at these old oases.	Travis arrives at this old oases.	-93.0	-93.0	-10.375	-10.375	False	False	morphology	determiner_noun_agreement	Write a natural, coherent English sentence.
995	11	Many boys drive to this yellow oasis.	Many boys drive to these yellow oasis.	-93.0	-93.0	-10.375	-10.375	False	False	morphology	determiner_noun_agreement	Write a natural, coherent English sentence.
996	11	Danielle won't heal those unlucky people.	Danielle won't heal that unlucky people.	-124.5	-124.5	-10.375	-10.375	False	False	morphology	determiner_noun_agreement	Write a natural, coherent English sentence.
997	11	Sabrina wouldn't go to that new oasis.	Sabrina wouldn't go to those new oasis.	-135.0	-135.0	-10.375	-10.375	False	False	morphology	determiner_noun_agreement	Write a natural, coherent English sentence.
998	11	This movie theater annoys these lucky alumni.	This movie theater annoys this lucky alumni.	-124.5	-124.5	-10.375	-10.375	False	False	morphology	determiner_noun_agreement	Write a natural, coherent English sentence.
999	11	Stacy doesn't appreciate that out in the open woman.	Stacy doesn't appreciate those out in the open woman.	-135.0	-135.0	-10.375	-10.375	False	False	morphology	determiner_noun_agreement	Write a natural, coherent English sentence.
0	12	Alexander didn't walk through that new oasis.	Alexander didn't walk through those new oasis.	-114.0	-114.0	-10.375	-10.375	False	False	morphology	determiner_noun_agreement	Write a natural, coherent English sentence.
1	12	This hair irritates these old alumni.	This hair irritates this old alumni.	-103.5	-103.5	-10.375	-10.375	False	False	morphology	determiner_noun_agreement	Write a natural, coherent English sentence.
2	12	Winston Churchill was escaping from this serious person.	Winston Churchill was escaping from these serious person.	-124.5	-124.5	-10.375	-10.375	False	False	morphology	determiner_noun_agreement	Write a natural, coherent English sentence.
3	12	Anna walks through these purple oases.	Anna walks through this purple oases.	-83.0	-83.0	-10.375	-10.375	False	False	morphology	determiner_noun_agreement	Write a natural, coherent English sentence.
4	12	Alicia sounded like this good analysis.	Alicia sounded like these good analysis.	-93.5	-93.5	-10.375	-10.375	False	False	morphology	determiner_noun_agreement	Write a natural, coherent English sentence.
5	12	Jeffrey might complain about this gray thesis.	Jeffrey might complain about these gray thesis.	-93.0	-93.0	-10.375	-10.375	False	False	morphology	determiner_noun_agreement	Write a natural, coherent English sentence.
6	12	Meredith approaches these concealed women.	Meredith approaches this concealed women.	-93.5	-93.5	-10.375	-10.375	False	False	morphology	determiner_noun_agreement	Write a natural, coherent English sentence.
7	12	Julia questioned those small children.	Julia questioned that small children.	-62.25	-62.25	-10.375	-10.375	False	False	morphology	determiner_noun_agreement	Write a natural, coherent English sentence.
8	12	That adult has brought that purple octopus.	That adult has brought those purple octopus.	-103.5	-103.5	-10.375	-10.375	False	False	morphology	determiner_noun_agreement	Write a natural, coherent English sentence.
9	12	The people hug this displeased woman.	The people hug these displeased woman.	-93.5	-93.5	-10.375	-10.375	False	False	morphology	determiner_noun_agreement	Write a natural, coherent English sentence.
10	12	That beef did bore these displeased people.	That beef did bore this displeased people.	-103.5	-103.5	-10.375	-10.375	False	False	morphology	determiner_noun_agreement	Write a natural, coherent English sentence.
11	12	These libraries talk about these long synopses.	These libraries talk about this long synopses.	-103.5	-103.5	-10.375	-10.375	False	False	morphology	determiner_noun_agreement	Write a natural, coherent English sentence.
12	12	Lori wasn't hiring those delighted men.	Lori wasn't hiring that delighted men.	-104.0	-104.0	-10.375	-10.375	False	False	morphology	determiner_noun_agreement	Write a natural, coherent English sentence.
13	12	The teachers are running around this concealed oasis.	The teachers are running around these concealed oasis.	-114.0	-114.0	-10.375	-10.375	False	False	morphology	determiner_noun_agreement	Write a natural, coherent English sentence.
14	12	Those bananas embarrass these delighted people.	Those bananas embarrass this delighted people.	-83.0	-83.0	-10.375	-10.375	False	False	morphology	determiner_noun_agreement	Write a natural, coherent English sentence.
15	12	Mitchell brought those green oases.	Mitchell brought that green oases.	-72.5	-72.5	-10.375	-10.375	False	False	morphology	determiner_noun_agreement	Write a natural, coherent English sentence.
16	12	The actresses complain about this rough thesis.	The actresses complain about these rough thesis.	-93.0	-93.0	-10.375	-10.375	False	False	morphology	determiner_noun_agreement	Write a natural, coherent English sentence.
17	12	Russell investigates these fast women.	Russell investigates this fast women.	-72.5	-72.5	-10.375	-10.375	False	False	morphology	determiner_noun_agreement	Write a natural, coherent English sentence.
18	12	Irene praised those bad synopses.	Irene praised that bad synopses.	-93.0	-93.5	-10.375	-10.375	True	False	morphology	determiner_noun_agreement	Write a natural, coherent English sentence.
19	12	Denise did confuse that important woman.	Denise did confuse those important woman.	-93.5	-93.5	-10.375	-10.375	False	False	morphology	determiner_noun_agreement	Write a natural, coherent English sentence.
20	12	Some patients dislike those nice women.	Some patients dislike that nice women.	-83.0	-83.0	-10.375	-10.375	False	False	morphology	determiner_noun_agreement	Write a natural, coherent English sentence.
21	12	Amelia wasn't observing this hopeful man.	Amelia wasn't observing these hopeful man.	-124.5	-124.0	-10.375	-10.375	False	False	morphology	determiner_noun_agreement	Write a natural, coherent English sentence.
22	12	Grace is hugging these popular women.	Grace is hugging this popular women.	-83.0	-83.0	-10.375	-10.375	False	False	morphology	determiner_noun_agreement	Write a natural, coherent English sentence.
23	12	Julia might describe this long synopsis.	Julia might describe these long synopsis.	-83.0	-83.0	-10.375	-10.375	False	False	morphology	determiner_noun_agreement	Write a natural, coherent English sentence.
24	12	Many pedestrians do return to these happy men.	Many pedestrians do return to this happy men.	-114.0	-114.0	-10.375	-10.375	False	False	morphology	determiner_noun_agreement	Write a natural, coherent English sentence.
25	12	Laura noticed that determined man.	Laura noticed those determined man.	-62.25	-62.25	-10.375	-10.375	False	False	morphology	determiner_noun_agreement	Write a natural, coherent English sentence.
26	12	Julie would pass those red oases.	Julie would pass that red oases.	-83.0	-83.0	-10.375	-10.375	False	False	morphology	determiner_noun_agreement	Write a natural, coherent English sentence.
27	12	These doctors boast about this out in the open child.	These doctors boast about these out in the open child.	-124.5	-124.5	-10.375	-10.375	False	False	morphology	determiner_noun_agreement	Write a natural, coherent English sentence.
28	12	Stephen isn't revealing this brown nucleus.	Stephen isn't revealing these brown nucleus.	-103.5	-103.5	-10.375	-10.375	False	False	morphology	determiner_noun_agreement	Write a natural, coherent English sentence.
29	12	Travel stuns that sick child.	Travel stuns those sick child.	-72.5	-72.5	-10.375	-10.375	False	False	morphology	determiner_noun_agreement	Write a natural, coherent English sentence.
30	12	Amelia healed that unemployed woman.	Amelia healed those unemployed woman.	-93.5	-93.5	-10.375	-10.375	False	False	morphology	determiner_noun_agreement	Write a natural, coherent English sentence.
31	12	Noah attacks that ill child.	Noah attacks those ill child.	-62.25	-62.25	-10.375	-10.375	False	False	morphology	determiner_noun_agreement	Write a natural, coherent English sentence.
32	12	Randolf buys those gray fungi.	Randolf buys that gray fungi.	-93.5	-93.5	-10.375	-10.375	False	False	morphology	determiner_noun_agreement	Write a natural, coherent English sentence.
33	12	Some pedestrians disagreed with this big woman.	Some pedestrians disagreed with these big woman.	-114.0	-114.0	-10.375	-10.375	False	False	morphology	determiner_noun_agreement	Write a natural, coherent English sentence.
34	12	Adam might sound like these determined children.	Adam might sound like this determined children.	-83.0	-83.0	-10.375	-10.375	False	False	morphology	determiner_noun_agreement	Write a natural, coherent English sentence.
35	12	Bill has stunned this confident man.	Bill has stunned these confident man.	-83.0	-83.0	-10.375	-10.375	False	False	morphology	determiner_noun_agreement	Write a natural, coherent English sentence.
36	12	Rhonda should see these blue oases.	Rhonda should see this blue oases.	-93.5	-93.5	-10.375	-10.375	False	False	morphology	determiner_noun_agreement	Write a natural, coherent English sentence.
37	12	Stephen cares for that out in the open alumnus.	Stephen cares for those out in the open alumnus.	-124.5	-124.5	-10.375	-10.375	False	False	morphology	determiner_noun_agreement	Write a natural, coherent English sentence.
38	12	Cheryl has bought this green oasis.	Cheryl has bought these green oasis.	-93.0	-93.0	-10.375	-10.375	False	False	morphology	determiner_noun_agreement	Write a natural, coherent English sentence.
39	12	Every door annoyed this lucky child.	Every door annoyed these lucky child.	-83.0	-83.0	-10.375	-10.375	False	False	morphology	determiner_noun_agreement	Write a natural, coherent English sentence.
40	12	Gerald cures that unlucky child.	Gerald cures those unlucky child.	-103.5	-103.5	-10.375	-10.375	False	False	morphology	determiner_noun_agreement	Write a natural, coherent English sentence.
41	12	Eyes weren't worrying this troubled child.	Eyes weren't worrying these troubled child.	-114.0	-114.0	-10.375	-10.375	False	False	morphology	determiner_noun_agreement	Write a natural, coherent English sentence.
42	12	Michael isn't referencing this long synopsis.	Michael isn't referencing these long synopsis.	-114.0	-114.0	-10.375	-10.375	False	False	morphology	determiner_noun_agreement	Write a natural, coherent English sentence.
43	12	Robert insults this serious man.	Robert insults these serious man.	-72.5	-72.5	-10.375	-10.375	False	False	morphology	determiner_noun_agreement	Write a natural, coherent English sentence.
44	12	Waitresses describe that smart alumnus.	Waitresses describe those smart alumnus.	-103.5	-103.5	-10.375	-10.375	False	False	morphology	determiner_noun_agreement	Write a natural, coherent English sentence.
45	12	Dan doesn't respect this unemployed alumnus.	Dan doesn't respect these unemployed alumnus.	-124.5	-124.5	-10.375	-10.375	False	False	morphology	determiner_noun_agreement	Write a natural, coherent English sentence.
46	12	Eric has upset those scared people.	Eric has upset that scared people.	-72.5	-72.5	-10.375	-10.375	False	False	morphology	determiner_noun_agreement	Write a natural, coherent English sentence.
47	12	Sabrina was biking to this exposed oasis.	Sabrina was biking to these exposed oasis.	-124.0	-124.0	-10.375	-10.375	False	False	morphology	determiner_noun_agreement	Write a natural, coherent English sentence.
48	12	Edward can't think about these exposed mice.	Edward can't think about this exposed mice.	-114.0	-114.0	-10.375	-10.375	False	False	morphology	determiner_noun_agreement	Write a natural, coherent English sentence.
49	12	Phillip listened to this standing alumnus.	Phillip listened to these standing alumnus.	-103.5	-103.5	-10.375	-10.375	False	False	morphology	determiner_noun_agreement	Write a natural, coherent English sentence.
50	12	Those men skate around this small oasis.	Those men skate around these small oasis.	-103.5	-103.5	-10.375	-10.375	False	False	morphology	determiner_noun_agreement	Write a natural, coherent English sentence.
51	12	Rhonda could think about those content children.	Rhonda could think about that content children.	-93.5	-93.5	-10.375	-10.375	False	False	morphology	determiner_noun_agreement	Write a natural, coherent English sentence.
52	12	Melissa had remembered that unsure person.	Melissa had remembered those unsure person.	-93.5	-93.5	-10.375	-10.375	False	False	morphology	determiner_noun_agreement	Write a natural, coherent English sentence.
53	12	The students talk about this upset person.	The students talk about these upset person.	-83.0	-83.0	-10.375	-10.375	False	False	morphology	determiner_noun_agreement	Write a natural, coherent English sentence.
54	12	Leslie insults those upset alumni.	Leslie insults that upset alumni.	-103.5	-103.5	-10.375	-10.375	False	False	morphology	determiner_noun_agreement	Write a natural, coherent English sentence.
55	12	Hats distract this ill man.	Hats distract these ill man.	-72.5	-72.5	-10.375	-10.375	False	False	morphology	determiner_noun_agreement	Write a natural, coherent English sentence.
56	12	Dawn sounded like this determined child.	Dawn sounded like these determined child.	-83.0	-83.0	-10.375	-10.375	False	False	morphology	determiner_noun_agreement	Write a natural, coherent English sentence.
57	12	Carl had run around that brown oasis.	Carl had run around those brown oasis.	-93.5	-93.5	-10.375	-10.375	False	False	morphology	determiner_noun_agreement	Write a natural, coherent English sentence.
58	12	Anna criticizes these concealed children.	Anna criticizes this concealed children.	-83.0	-83.0	-10.375	-10.375	False	False	morphology	determiner_noun_agreement	Write a natural, coherent English sentence.
59	12	The waiter might criticize that unemployed man.	The waiter might criticize those unemployed man.	-114.0	-114.0	-10.375	-10.375	False	False	morphology	determiner_noun_agreement	Write a natural, coherent English sentence.
60	12	Tracy was investigating this troubled alumnus.	Tracy was investigating these troubled alumnus.	-124.5	-124.5	-10.375	-10.375	False	False	morphology	determiner_noun_agreement	Write a natural, coherent English sentence.
61	12	These newspaper articles astound this clever child.	These newspaper articles astound these clever child.	-93.5	-93.5	-10.375	-10.375	False	False	morphology	determiner_noun_agreement	Write a natural, coherent English sentence.
62	12	Dana hadn't attacked this small man.	Dana hadn't attacked these small man.	-103.5	-103.5	-10.375	-10.375	False	False	morphology	determiner_noun_agreement	Write a natural, coherent English sentence.
63	12	Curtis wasn't breaking those hard teeth.	Curtis wasn't breaking that hard teeth.	-103.5	-104.0	-10.375	-10.375	True	False	morphology	determiner_noun_agreement	Write a natural, coherent English sentence.
64	12	All customers attack this employed alumnus.	All customers attack these employed alumnus.	-93.0	-93.0	-10.375	-10.375	False	False	morphology	determiner_noun_agreement	Write a natural, coherent English sentence.
65	12	Most ladies go to those purple oases.	Most ladies go to that purple oases.	-93.0	-93.0	-10.375	-10.375	False	False	morphology	determiner_noun_agreement	Write a natural, coherent English sentence.
66	12	A dancer tours that blue oasis.	A dancer tours those blue oasis.	-93.0	-93.0	-10.375	-10.375	False	False	morphology	determiner_noun_agreement	Write a natural, coherent English sentence.
67	12	Steven irritated this unconvinced woman.	Steven irritated these unconvinced woman.	-103.5	-103.5	-10.375	-10.375	False	False	morphology	determiner_noun_agreement	Write a natural, coherent English sentence.
68	12	Tara wasn't helping that sick man.	Tara wasn't helping those sick man.	-104.0	-104.0	-10.375	-10.375	False	False	morphology	determiner_noun_agreement	Write a natural, coherent English sentence.
69	12	The dancers aren't cleaning that smooth fungus.	The dancers aren't cleaning those smooth fungus.	-135.0	-135.0	-10.375	-10.375	False	False	morphology	determiner_noun_agreement	Write a natural, coherent English sentence.
70	12	Melissa had talked about these white theses.	Melissa had talked about this white theses.	-103.5	-103.5	-10.375	-10.375	False	False	morphology	determiner_noun_agreement	Write a natural, coherent English sentence.
71	12	The man isn't watching those upset men.	The man isn't watching that upset men.	-103.5	-103.5	-10.375	-10.375	False	False	morphology	determiner_noun_agreement	Write a natural, coherent English sentence.
72	12	Sabrina won't worry this out in the open person.	Sabrina won't worry these out in the open person.	-145.0	-145.0	-10.375	-10.375	False	False	morphology	determiner_noun_agreement	Write a natural, coherent English sentence.
73	12	Every bird embarrassed these unemployed men.	Every bird embarrassed this unemployed men.	-83.0	-83.0	-10.375	-10.375	False	False	morphology	determiner_noun_agreement	Write a natural, coherent English sentence.
74	12	The Borgias drive to that small oasis.	The Borgias drive to those small oasis.	-114.0	-114.0	-10.375	-10.375	False	False	morphology	determiner_noun_agreement	Write a natural, coherent English sentence.
75	12	Bradley likes these brown fungi.	Bradley likes this brown fungi.	-83.0	-83.0	-10.375	-10.375	False	False	morphology	determiner_noun_agreement	Write a natural, coherent English sentence.
76	12	Most guys go to that black oasis.	Most guys go to those black oasis.	-93.0	-93.0	-10.375	-10.375	False	False	morphology	determiner_noun_agreement	Write a natural, coherent English sentence.
77	12	A pedestrian hadn't approached these hopeful women.	A pedestrian hadn't approached this hopeful women.	-124.5	-124.5	-10.375	-10.375	False	False	morphology	determiner_noun_agreement	Write a natural, coherent English sentence.
78	12	Some senators aren't healing this unemployed alumnus.	Some senators aren't healing these unemployed alumnus.	-145.0	-145.0	-10.375	-10.375	False	False	morphology	determiner_noun_agreement	Write a natural, coherent English sentence.
79	12	That cart wasn't stunning these exposed men.	That cart wasn't stunning this exposed men.	-104.0	-103.5	-10.375	-10.375	False	False	morphology	determiner_noun_agreement	Write a natural, coherent English sentence.
80	12	Joel can think about this smart man.	Joel can think about these smart man.	-83.0	-83.0	-10.375	-10.375	False	False	morphology	determiner_noun_agreement	Write a natural, coherent English sentence.
81	12	Those prints disgust those good people.	Those prints disgust that good people.	-72.5	-72.5	-10.375	-10.375	False	False	morphology	determiner_noun_agreement	Write a natural, coherent English sentence.
82	12	Beverly hadn't passed these yellow oases.	Beverly hadn't passed this yellow oases.	-114.0	-114.0	-10.375	-10.375	False	False	morphology	determiner_noun_agreement	Write a natural, coherent English sentence.
83	12	A lot of prints irritate this unconvinced woman.	A lot of prints irritate these unconvinced woman.	-135.0	-135.0	-10.375	-10.375	False	False	morphology	determiner_noun_agreement	Write a natural, coherent English sentence.
84	12	Many customers hire those standing alumni.	Many customers hire that standing alumni.	-93.5	-93.5	-10.375	-10.375	False	False	morphology	determiner_noun_agreement	Write a natural, coherent English sentence.
85	12	Some rug isn't irritating that nice woman.	Some rug isn't irritating those nice woman.	-114.0	-114.0	-10.375	-10.375	False	False	morphology	determiner_noun_agreement	Write a natural, coherent English sentence.
86	12	Jill embarrassed those busy men.	Jill embarrassed that busy men.	-72.5	-72.5	-10.375	-10.375	False	False	morphology	determiner_noun_agreement	Write a natural, coherent English sentence.
87	12	Most sketches could hurt this uncertain person.	Most sketches could hurt these uncertain person.	-104.0	-104.0	-10.375	-10.375	False	False	morphology	determiner_noun_agreement	Write a natural, coherent English sentence.
88	12	Patricia lifted those purple feet.	Patricia lifted that purple feet.	-83.0	-83.0	-10.375	-10.375	False	False	morphology	determiner_noun_agreement	Write a natural, coherent English sentence.
89	12	The girls sell this hard fungus.	The girls sell these hard fungus.	-93.5	-93.0	-10.375	-10.375	False	False	morphology	determiner_noun_agreement	Write a natural, coherent English sentence.
90	12	Nicole has seen this yellow cactus.	Nicole has seen these yellow cactus.	-93.0	-93.0	-10.375	-10.375	False	False	morphology	determiner_noun_agreement	Write a natural, coherent English sentence.
91	12	Sharon could arrive at those big oases.	Sharon could arrive at that big oases.	-103.5	-103.5	-10.375	-10.375	False	False	morphology	determiner_noun_agreement	Write a natural, coherent English sentence.
92	12	This cashier can fire that good woman.	This cashier can fire those good woman.	-93.5	-93.5	-10.375	-10.375	False	False	morphology	determiner_noun_agreement	Write a natural, coherent English sentence.
93	12	Raymond left those scared children.	Raymond left that scared children.	-62.25	-62.25	-10.375	-10.375	False	False	morphology	determiner_noun_agreement	Write a natural, coherent English sentence.
94	12	Noah could discuss that clever person.	Noah could discuss those clever person.	-72.5	-72.5	-10.375	-10.375	False	False	morphology	determiner_noun_agreement	Write a natural, coherent English sentence.
95	12	Rachelle knew that concealed woman.	Rachelle knew those concealed woman.	-83.0	-83.0	-10.375	-10.375	False	False	morphology	determiner_noun_agreement	Write a natural, coherent English sentence.
96	12	Dawn hasn't cured those gray oxen.	Dawn hasn't cured that gray oxen.	-124.5	-124.5	-10.375	-10.375	False	False	morphology	determiner_noun_agreement	Write a natural, coherent English sentence.
97	12	The Great Lakes haven't disgusted those out in the open people.	The Great Lakes haven't disgusted that out in the open people.	-166.0	-166.0	-10.375	-10.375	False	False	morphology	determiner_noun_agreement	Write a natural, coherent English sentence.
98	12	Wayne doesn't exit those cheap oases.	Wayne doesn't exit that cheap oases.	-103.5	-104.0	-10.375	-10.375	True	False	morphology	determiner_noun_agreement	Write a natural, coherent English sentence.
99	12	These waitresses haven't astounded this fast woman.	These waitresses haven't astounded these fast woman.	-145.0	-145.0	-10.375	-10.375	False	False	morphology	determiner_noun_agreement	Write a natural, coherent English sentence.
100	12	Patrick hasn't lifted this out in the open cactus.	Patrick hasn't lifted these out in the open cactus.	-145.0	-145.0	-10.375	-10.375	False	False	morphology	determiner_noun_agreement	Write a natural, coherent English sentence.
101	12	Angela isn't embarrassing those excited children.	Angela isn't embarrassing that excited children.	-103.5	-103.5	-10.375	-10.375	False	False	morphology	determiner_noun_agreement	Write a natural, coherent English sentence.
102	12	Jennifer hasn't criticized this smart man.	Jennifer hasn't criticized these smart man.	-103.5	-103.5	-10.375	-10.375	False	False	morphology	determiner_noun_agreement	Write a natural, coherent English sentence.
103	12	April watched this big person.	April watched these big person.	-62.25	-62.25	-10.375	-10.375	False	False	morphology	determiner_noun_agreement	Write a natural, coherent English sentence.
104	12	Candice hadn't bothered that serious alumnus.	Candice hadn't bothered those serious alumnus.	-124.5	-124.5	-10.375	-10.375	False	False	morphology	determiner_noun_agreement	Write a natural, coherent English sentence.
105	12	The Clintons observe those happy women.	The Clintons observe that happy women.	-93.5	-93.5	-10.375	-10.375	False	False	morphology	determiner_noun_agreement	Write a natural, coherent English sentence.
106	12	The Clintons observe this excited man.	The Clintons observe these excited man.	-93.5	-93.5	-10.375	-10.375	False	False	morphology	determiner_noun_agreement	Write a natural, coherent English sentence.
107	12	Associations were listening to that unlucky child.	Associations were listening to those unlucky child.	-114.0	-114.0	-10.375	-10.375	False	False	morphology	determiner_noun_agreement	Write a natural, coherent English sentence.
108	12	Those committees discussed that busy woman.	Those committees discussed those busy woman.	-93.0	-93.5	-10.375	-10.375	True	False	morphology	determiner_noun_agreement	Write a natural, coherent English sentence.
109	12	Debra isn't discussing that good analysis.	Debra isn't discussing those good analysis.	-104.0	-104.0	-10.375	-10.375	False	False	morphology	determiner_noun_agreement	Write a natural, coherent English sentence.
110	12	The drawing distracts this lucky woman.	The drawing distracts these lucky woman.	-83.0	-83.0	-10.375	-10.375	False	False	morphology	determiner_noun_agreement	Write a natural, coherent English sentence.
111	12	Holly couldn't dislike this exposed child.	Holly couldn't dislike these exposed child.	-104.0	-104.0	-10.375	-10.375	False	False	morphology	determiner_noun_agreement	Write a natural, coherent English sentence.
112	12	Angela examines that good synopsis.	Angela examines those good synopsis.	-83.0	-83.0	-10.375	-10.375	False	False	morphology	determiner_noun_agreement	Write a natural, coherent English sentence.
113	12	These skateboards aggravate that lucky woman.	These skateboards aggravate those lucky woman.	-114.0	-114.0	-10.375	-10.375	False	False	morphology	determiner_noun_agreement	Write a natural, coherent English sentence.
114	12	Some play alarms those small women.	Some play alarms that small women.	-83.0	-83.0	-10.375	-10.375	False	False	morphology	determiner_noun_agreement	Write a natural, coherent English sentence.
115	12	Students investigate these nice men.	Students investigate this nice men.	-62.25	-62.25	-10.375	-10.375	False	False	morphology	determiner_noun_agreement	Write a natural, coherent English sentence.
116	12	Tanya wasn't shocking that busy child.	Tanya wasn't shocking those busy child.	-114.0	-114.0	-10.375	-10.375	False	False	morphology	determiner_noun_agreement	Write a natural, coherent English sentence.
117	12	Brett has boasted about this nice person.	Brett has boasted about these nice person.	-104.0	-104.0	-10.375	-10.375	False	False	morphology	determiner_noun_agreement	Write a natural, coherent English sentence.
118	12	Jennifer described that hidden woman.	Jennifer described those hidden woman.	-62.25	-62.25	-10.375	-10.375	False	False	morphology	determiner_noun_agreement	Write a natural, coherent English sentence.
119	12	Winston Churchill passed these red oases.	Winston Churchill passed this red oases.	-103.5	-103.5	-10.375	-10.375	False	False	morphology	determiner_noun_agreement	Write a natural, coherent English sentence.
120	12	Some mirror could scare this nice woman.	Some mirror could scare these nice woman.	-93.5	-93.5	-10.375	-10.375	False	False	morphology	determiner_noun_agreement	Write a natural, coherent English sentence.
121	12	Caroline hadn't fired that scared alumnus.	Caroline hadn't fired those scared alumnus.	-114.0	-114.0	-10.375	-10.375	False	False	morphology	determiner_noun_agreement	Write a natural, coherent English sentence.
122	12	Edward wasn't referencing that displeased woman.	Edward wasn't referencing those displeased woman.	-124.5	-124.5	-10.375	-10.375	False	False	morphology	determiner_noun_agreement	Write a natural, coherent English sentence.
123	12	Many teachers clean these cheap teeth.	Many teachers clean this cheap teeth.	-72.5	-72.5	-10.375	-10.375	False	False	morphology	determiner_noun_agreement	Write a natural, coherent English sentence.
124	12	Wayne might remember these new oases.	Wayne might remember this new oases.	-83.0	-83.0	-10.375	-10.375	False	False	morphology	determiner_noun_agreement	Write a natural, coherent English sentence.
125	12	Some high school alarms this determined man.	Some high school alarms these determined man.	-93.5	-93.5	-10.375	-10.375	False	False	morphology	determiner_noun_agreement	Write a natural, coherent English sentence.
126	12	Vincent had returned to these out in the open oases.	Vincent had returned to this out in the open oases.	-124.5	-124.0	-10.375	-10.375	False	False	morphology	determiner_noun_agreement	Write a natural, coherent English sentence.
127	12	Marla hired this standing child.	Marla hired these standing child.	-72.5	-72.5	-10.375	-10.375	False	False	morphology	determiner_noun_agreement	Write a natural, coherent English sentence.
128	12	Some cucumber has upset those ill men.	Some cucumber has upset that ill men.	-103.5	-103.5	-10.375	-10.375	False	False	morphology	determiner_noun_agreement	Write a natural, coherent English sentence.
129	12	Russell hasn't kissed this content man.	Russell hasn't kissed these content man.	-93.5	-93.5	-10.375	-10.375	False	False	morphology	determiner_noun_agreement	Write a natural, coherent English sentence.
130	12	Guy has left this determined man.	Guy has left these determined man.	-72.5	-72.5	-10.375	-10.375	False	False	morphology	determiner_noun_agreement	Write a natural, coherent English sentence.
131	12	The Lutherans listen to these employed women.	The Lutherans listen to this employed women.	-93.5	-93.5	-10.375	-10.375	False	False	morphology	determiner_noun_agreement	Write a natural, coherent English sentence.
132	12	Candice disliked these bad analyses.	Candice disliked this bad analyses.	-103.5	-103.5	-10.375	-10.375	False	False	morphology	determiner_noun_agreement	Write a natural, coherent English sentence.
133	12	Many women heal these lost geese.	Many women heal this lost geese.	-83.0	-83.0	-10.375	-10.375	False	False	morphology	determiner_noun_agreement	Write a natural, coherent English sentence.
134	12	Wayne has remembered these smart people.	Wayne has remembered this smart people.	-73.0	-73.0	-10.375	-10.375	False	False	morphology	determiner_noun_agreement	Write a natural, coherent English sentence.
135	12	This teenager had dropped by these white oases.	This teenager had dropped by this white oases.	-103.5	-103.5	-10.375	-10.375	False	False	morphology	determiner_noun_agreement	Write a natural, coherent English sentence.
136	12	Eva has exited those smooth oases.	Eva has exited that smooth oases.	-93.5	-93.5	-10.375	-10.375	False	False	morphology	determiner_noun_agreement	Write a natural, coherent English sentence.
137	12	Cheryl wouldn't aggravate that bad person.	Cheryl wouldn't aggravate those bad person.	-124.5	-124.5	-10.375	-10.375	False	False	morphology	determiner_noun_agreement	Write a natural, coherent English sentence.
138	12	Katherine hadn't shocked those young children.	Katherine hadn't shocked that young children.	-103.5	-104.0	-10.375	-10.375	True	False	morphology	determiner_noun_agreement	Write a natural, coherent English sentence.
139	12	The student loves these troubled people.	The student loves this troubled people.	-83.0	-83.0	-10.375	-10.375	False	False	morphology	determiner_noun_agreement	Write a natural, coherent English sentence.
140	12	Tracy cared for those smart alumni.	Tracy cared for that smart alumni.	-103.5	-103.5	-10.375	-10.375	False	False	morphology	determiner_noun_agreement	Write a natural, coherent English sentence.
141	12	Guys return to these small oases.	Guys return to this small oases.	-93.0	-93.0	-10.375	-10.375	False	False	morphology	determiner_noun_agreement	Write a natural, coherent English sentence.
142	12	Marcus won't bike to this white oasis.	Marcus won't bike to these white oasis.	-114.0	-114.0	-10.375	-10.375	False	False	morphology	determiner_noun_agreement	Write a natural, coherent English sentence.
143	12	Eggplants impressed these unconvinced alumni.	Eggplants impressed this unconvinced alumni.	-145.0	-145.0	-10.375	-10.375	False	False	morphology	determiner_noun_agreement	Write a natural, coherent English sentence.
144	12	A turtle has bored those troubled children.	A turtle has bored that troubled children.	-114.0	-114.0	-10.375	-10.375	False	False	morphology	determiner_noun_agreement	Write a natural, coherent English sentence.
145	12	The adults were taking those old teeth.	The adults were taking that old teeth.	-83.0	-83.0	-10.375	-10.375	False	False	morphology	determiner_noun_agreement	Write a natural, coherent English sentence.
146	12	Alan wasn't returning to those blue oases.	Alan wasn't returning to that blue oases.	-114.0	-114.0	-10.375	-10.375	False	False	morphology	determiner_noun_agreement	Write a natural, coherent English sentence.
147	12	Theodore had lifted this rough cactus.	Theodore had lifted these rough cactus.	-103.5	-103.5	-10.375	-10.375	False	False	morphology	determiner_noun_agreement	Write a natural, coherent English sentence.
148	12	Joel isn't praising those good synopses.	Joel isn't praising that good synopses.	-124.5	-124.5	-10.375	-10.375	False	False	morphology	determiner_noun_agreement	Write a natural, coherent English sentence.
149	12	The pedestrian knows these standing women.	The pedestrian knows this standing women.	-83.0	-83.0	-10.375	-10.375	False	False	morphology	determiner_noun_agreement	Write a natural, coherent English sentence.
150	12	Some museums forget that good analysis.	Some museums forget those good analysis.	-83.0	-83.0	-10.375	-10.375	False	False	morphology	determiner_noun_agreement	Write a natural, coherent English sentence.
151	12	The Clintons might clean that lost fungus.	The Clintons might clean those lost fungus.	-124.5	-124.5	-10.375	-10.375	False	False	morphology	determiner_noun_agreement	Write a natural, coherent English sentence.
152	12	Mary is bothering these out in the open children.	Mary is bothering this out in the open children.	-114.0	-114.0	-10.375	-10.375	False	False	morphology	determiner_noun_agreement	Write a natural, coherent English sentence.
153	12	Many customers sell that lost ox.	Many customers sell those lost ox.	-72.5	-72.5	-10.375	-10.375	False	False	morphology	determiner_noun_agreement	Write a natural, coherent English sentence.
154	12	These waitresses praise these troubled men.	These waitresses praise this troubled men.	-103.5	-103.5	-10.375	-10.375	False	False	morphology	determiner_noun_agreement	Write a natural, coherent English sentence.
155	12	Many men didn't admire that nice person.	Many men didn't admire those nice person.	-114.0	-114.0	-10.375	-10.375	False	False	morphology	determiner_noun_agreement	Write a natural, coherent English sentence.
156	12	Jesus ran around this exposed oasis.	Jesus ran around these exposed oasis.	-83.0	-83.0	-10.375	-10.375	False	False	morphology	determiner_noun_agreement	Write a natural, coherent English sentence.
157	12	Many customers talk about that delighted child.	Many customers talk about those delighted child.	-83.0	-83.0	-10.375	-10.375	False	False	morphology	determiner_noun_agreement	Write a natural, coherent English sentence.
158	12	Drawings had disgusted this small woman.	Drawings had disgusted these small woman.	-93.5	-93.5	-10.375	-10.375	False	False	morphology	determiner_noun_agreement	Write a natural, coherent English sentence.
159	12	Colleen did care for that good man.	Colleen did care for those good man.	-93.5	-93.5	-10.375	-10.375	False	False	morphology	determiner_noun_agreement	Write a natural, coherent English sentence.
160	12	Marcus admired those exposed geese.	Marcus admired that exposed geese.	-83.0	-83.0	-10.375	-10.375	False	False	morphology	determiner_noun_agreement	Write a natural, coherent English sentence.
161	12	Randolf has noticed this clean foot.	Randolf has noticed these clean foot.	-83.0	-83.0	-10.375	-10.375	False	False	morphology	determiner_noun_agreement	Write a natural, coherent English sentence.
162	12	Craig could listen to that determined man.	Craig could listen to those determined man.	-83.0	-83.0	-10.375	-10.375	False	False	morphology	determiner_noun_agreement	Write a natural, coherent English sentence.
163	12	Movies stunned this small man.	Movies stunned these small man.	-83.0	-83.0	-10.375	-10.375	False	False	morphology	determiner_noun_agreement	Write a natural, coherent English sentence.
164	12	Timothy buys this rough ox.	Timothy buys these rough ox.	-83.0	-83.0	-10.375	-10.375	False	False	morphology	determiner_noun_agreement	Write a natural, coherent English sentence.
165	12	Some women go to those red oases.	Some women go to that red oases.	-93.0	-93.5	-10.375	-10.375	True	False	morphology	determiner_noun_agreement	Write a natural, coherent English sentence.
166	12	Ruth fixed this clean tooth.	Ruth fixed these clean tooth.	-62.25	-62.25	-10.375	-10.375	False	False	morphology	determiner_noun_agreement	Write a natural, coherent English sentence.
167	12	Monica is boring those clever men.	Monica is boring that clever men.	-83.0	-83.0	-10.375	-10.375	False	False	morphology	determiner_noun_agreement	Write a natural, coherent English sentence.
168	12	Janice knows these hidden alumni.	Janice knows this hidden alumni.	-93.5	-93.5	-10.375	-10.375	False	False	morphology	determiner_noun_agreement	Write a natural, coherent English sentence.
169	12	Spain insults this delighted alumnus.	Spain insults these delighted alumnus.	-93.0	-93.0	-10.375	-10.375	False	False	morphology	determiner_noun_agreement	Write a natural, coherent English sentence.
170	12	Some planes bore that displeased child.	Some planes bore those displeased child.	-93.5	-93.5	-10.375	-10.375	False	False	morphology	determiner_noun_agreement	Write a natural, coherent English sentence.
171	12	Dishes should upset these happy men.	Dishes should upset this happy men.	-83.0	-83.0	-10.375	-10.375	False	False	morphology	determiner_noun_agreement	Write a natural, coherent English sentence.
172	12	That painting looked like these yellow stimuli.	That painting looked like this yellow stimuli.	-93.5	-93.0	-10.375	-10.375	False	False	morphology	determiner_noun_agreement	Write a natural, coherent English sentence.
173	12	Amy shocked that content man.	Amy shocked those content man.	-62.25	-62.25	-10.375	-10.375	False	False	morphology	determiner_noun_agreement	Write a natural, coherent English sentence.
174	12	Melinda hasn't hidden this determined woman.	Melinda hasn't hidden these determined woman.	-103.5	-103.5	-10.375	-10.375	False	False	morphology	determiner_noun_agreement	Write a natural, coherent English sentence.
175	12	Caroline did drive to this brown oasis.	Caroline did drive to these brown oasis.	-93.0	-93.0	-10.375	-10.375	False	False	morphology	determiner_noun_agreement	Write a natural, coherent English sentence.
176	12	That rice disturbed those smart alumni.	That rice disturbed that smart alumni.	-103.5	-103.5	-10.375	-10.375	False	False	morphology	determiner_noun_agreement	Write a natural, coherent English sentence.
177	12	Brian will examine these long analyses.	Brian will examine this long analyses.	-83.0	-83.0	-10.375	-10.375	False	False	morphology	determiner_noun_agreement	Write a natural, coherent English sentence.
178	12	Mark dislikes this uncertain child.	Mark dislikes these uncertain child.	-83.0	-83.0	-10.375	-10.375	False	False	morphology	determiner_noun_agreement	Write a natural, coherent English sentence.
179	12	Rose was returning to these out in the open children.	Rose was returning to this out in the open children.	-114.0	-114.0	-10.375	-10.375	False	False	morphology	determiner_noun_agreement	Write a natural, coherent English sentence.
180	12	The guest has fixed this red tooth.	The guest has fixed these red tooth.	-83.0	-83.0	-10.375	-10.375	False	False	morphology	determiner_noun_agreement	Write a natural, coherent English sentence.
181	12	Jennifer is breaking this big tooth.	Jennifer is breaking these big tooth.	-72.5	-72.5	-10.375	-10.375	False	False	morphology	determiner_noun_agreement	Write a natural, coherent English sentence.
182	12	Sabrina isn't referencing these red theses.	Sabrina isn't referencing this red theses.	-135.0	-135.0	-10.375	-10.375	False	False	morphology	determiner_noun_agreement	Write a natural, coherent English sentence.
183	12	Valerie hadn't exited that exposed oasis.	Valerie hadn't exited those exposed oasis.	-124.5	-124.5	-10.375	-10.375	False	False	morphology	determiner_noun_agreement	Write a natural, coherent English sentence.
184	12	Every restaurant had worried this hidden child.	Every restaurant had worried these hidden child.	-83.0	-83.0	-10.375	-10.375	False	False	morphology	determiner_noun_agreement	Write a natural, coherent English sentence.
185	12	A woman was examining those long synopses.	A woman was examining that long synopses.	-114.0	-114.0	-10.375	-10.375	False	False	morphology	determiner_noun_agreement	Write a natural, coherent English sentence.
186	12	All actresses approach that content man.	All actresses approach those content man.	-83.0	-83.0	-10.375	-10.375	False	False	morphology	determiner_noun_agreement	Write a natural, coherent English sentence.
187	12	Sarah cleaned those yellow feet.	Sarah cleaned that yellow feet.	-62.25	-62.25	-10.375	-10.375	False	False	morphology	determiner_noun_agreement	Write a natural, coherent English sentence.
188	12	Margaret tours those black oases.	Margaret tours that black oases.	-72.5	-72.5	-10.375	-10.375	False	False	morphology	determiner_noun_agreement	Write a natural, coherent English sentence.
189	12	Rachel wasn't messing up this clean foot.	Rachel wasn't messing up these clean foot.	-114.0	-114.0	-10.375	-10.375	False	False	morphology	determiner_noun_agreement	Write a natural, coherent English sentence.
190	12	The Lutherans go to that old oasis.	The Lutherans go to those old oasis.	-103.5	-103.5	-10.375	-10.375	False	False	morphology	determiner_noun_agreement	Write a natural, coherent English sentence.
191	12	The lamps shock those hidden alumni.	The lamps shock that hidden alumni.	-103.5	-104.0	-10.375	-10.375	True	False	morphology	determiner_noun_agreement	Write a natural, coherent English sentence.
192	12	Claire conceals those small stimuli.	Claire conceals that small stimuli.	-83.0	-83.0	-10.375	-10.375	False	False	morphology	determiner_noun_agreement	Write a natural, coherent English sentence.
193	12	Most documentaries annoy that busy person.	Most documentaries annoy those busy person.	-83.0	-83.0	-10.375	-10.375	False	False	morphology	determiner_noun_agreement	Write a natural, coherent English sentence.
194	12	Pamela shouldn't return to those exposed men.	Pamela shouldn't return to that exposed men.	-114.0	-114.0	-10.375	-10.375	False	False	morphology	determiner_noun_agreement	Write a natural, coherent English sentence.
195	12	That person couldn't arrive at that purple oasis.	That person couldn't arrive at those purple oasis.	-124.5	-124.5	-10.375	-10.375	False	False	morphology	determiner_noun_agreement	Write a natural, coherent English sentence.
196	12	Alicia won't admire those big nuclei.	Alicia won't admire that big nuclei.	-135.0	-135.0	-10.375	-10.375	False	False	morphology	determiner_noun_agreement	Write a natural, coherent English sentence.
197	12	Curtis arrived at that red oasis.	Curtis arrived at those red oasis.	-93.0	-93.0	-10.375	-10.375	False	False	morphology	determiner_noun_agreement	Write a natural, coherent English sentence.
198	12	People investigate that smart man.	People investigate those smart man.	-62.25	-62.25	-10.375	-10.375	False	False	morphology	determiner_noun_agreement	Write a natural, coherent English sentence.
199	12	Some boys hire these content alumni.	Some boys hire this content alumni.	-93.5	-93.5	-10.375	-10.375	False	False	morphology	determiner_noun_agreement	Write a natural, coherent English sentence.
200	12	Leslie found these brown feet.	Leslie found this brown feet.	-72.5	-72.5	-10.375	-10.375	False	False	morphology	determiner_noun_agreement	Write a natural, coherent English sentence.
201	12	Alexander was firing that displeased woman.	Alexander was firing those displeased woman.	-93.5	-93.5	-10.375	-10.375	False	False	morphology	determiner_noun_agreement	Write a natural, coherent English sentence.
202	12	Florence hasn't argued about those confident children.	Florence hasn't argued about that confident children.	-104.0	-104.0	-10.375	-10.375	False	False	morphology	determiner_noun_agreement	Write a natural, coherent English sentence.
203	12	That adult hadn't complained about that exposed man.	That adult hadn't complained about those exposed man.	-114.0	-114.0	-10.375	-10.375	False	False	morphology	determiner_noun_agreement	Write a natural, coherent English sentence.
204	12	Larry works with these scared women.	Larry works with this scared women.	-72.5	-72.5	-10.375	-10.375	False	False	morphology	determiner_noun_agreement	Write a natural, coherent English sentence.
205	12	Kathleen leaves this old child.	Kathleen leaves these old child.	-72.5	-72.5	-10.375	-10.375	False	False	morphology	determiner_noun_agreement	Write a natural, coherent English sentence.
206	12	The actresses weren't watching these scared people.	The actresses weren't watching this scared people.	-114.0	-114.0	-10.375	-10.375	False	False	morphology	determiner_noun_agreement	Write a natural, coherent English sentence.
207	12	Derek isn't escaping from these blue oases.	Derek isn't escaping from this blue oases.	-135.0	-135.0	-10.375	-10.375	False	False	morphology	determiner_noun_agreement	Write a natural, coherent English sentence.
208	12	Naomi isn't talking about that cheap oasis.	Naomi isn't talking about those cheap oasis.	-124.5	-124.5	-10.375	-10.375	False	False	morphology	determiner_noun_agreement	Write a natural, coherent English sentence.
209	12	These guests hate these troubled men.	These guests hate this troubled men.	-83.0	-83.0	-10.375	-10.375	False	False	morphology	determiner_noun_agreement	Write a natural, coherent English sentence.
210	12	Patricia wasn't hiring those small children.	Patricia wasn't hiring that small children.	-114.0	-114.0	-10.375	-10.375	False	False	morphology	determiner_noun_agreement	Write a natural, coherent English sentence.
211	12	All stairs weren't alarming that lucky woman.	All stairs weren't alarming those lucky woman.	-114.0	-114.0	-10.375	-10.375	False	False	morphology	determiner_noun_agreement	Write a natural, coherent English sentence.
212	12	Many drivers left that confident alumnus.	Many drivers left those confident alumnus.	-93.5	-93.5	-10.375	-10.375	False	False	morphology	determiner_noun_agreement	Write a natural, coherent English sentence.
213	12	Every skirt disgusts these smart children.	Every skirt disgusts this smart children.	-83.0	-83.0	-10.375	-10.375	False	False	morphology	determiner_noun_agreement	Write a natural, coherent English sentence.
214	12	Valerie has astounded that lost alumnus.	Valerie has astounded those lost alumnus.	-124.0	-124.5	-10.375	-10.375	True	False	morphology	determiner_noun_agreement	Write a natural, coherent English sentence.
215	12	Sonia should describe this determined child.	Sonia should describe these determined child.	-83.0	-83.0	-10.375	-10.375	False	False	morphology	determiner_noun_agreement	Write a natural, coherent English sentence.
216	12	A lot of lakes weren't disgusting that old person.	A lot of lakes weren't disgusting those old person.	-145.0	-145.0	-10.375	-10.375	False	False	morphology	determiner_noun_agreement	Write a natural, coherent English sentence.
217	12	Some pants hadn't aggravated that good woman.	Some pants hadn't aggravated those good woman.	-124.5	-124.5	-10.375	-10.375	False	False	morphology	determiner_noun_agreement	Write a natural, coherent English sentence.
218	12	Anne does return to that old woman.	Anne does return to those old woman.	-83.0	-83.0	-10.375	-10.375	False	False	morphology	determiner_noun_agreement	Write a natural, coherent English sentence.
219	12	Alan wasn't listening to that delighted person.	Alan wasn't listening to those delighted person.	-103.5	-103.5	-10.375	-10.375	False	False	morphology	determiner_noun_agreement	Write a natural, coherent English sentence.
220	12	Some icicles annoy those serious alumni.	Some icicles annoy that serious alumni.	-103.5	-103.5	-10.375	-10.375	False	False	morphology	determiner_noun_agreement	Write a natural, coherent English sentence.
221	12	Many women won't scare those uncertain men.	Many women won't scare that uncertain men.	-114.0	-114.0	-10.375	-10.375	False	False	morphology	determiner_noun_agreement	Write a natural, coherent English sentence.
222	12	Science disgusts this unconvinced alumnus.	Science disgusts these unconvinced alumnus.	-124.0	-124.0	-10.375	-10.375	False	False	morphology	determiner_noun_agreement	Write a natural, coherent English sentence.
223	12	Connie tours these rough oases.	Connie tours this rough oases.	-83.0	-83.0	-10.375	-10.375	False	False	morphology	determiner_noun_agreement	Write a natural, coherent English sentence.
224	12	Those banks were talking about this lost thesis.	Those banks were talking about these lost thesis.	-93.5	-93.5	-10.375	-10.375	False	False	morphology	determiner_noun_agreement	Write a natural, coherent English sentence.
225	12	Some prints didn't look like this rough louse.	Some prints didn't look like these rough louse.	-124.5	-124.5	-10.375	-10.375	False	False	morphology	determiner_noun_agreement	Write a natural, coherent English sentence.
226	12	All pedestrians like those rough theses.	All pedestrians like that rough theses.	-103.5	-103.5	-10.375	-10.375	False	False	morphology	determiner_noun_agreement	Write a natural, coherent English sentence.
227	12	Douglas saw that black fungus.	Douglas saw those black fungus.	-83.0	-83.0	-10.375	-10.375	False	False	morphology	determiner_noun_agreement	Write a natural, coherent English sentence.
228	12	Sarah examined that bad analysis.	Sarah examined those bad analysis.	-62.25	-62.25	-10.375	-10.375	False	False	morphology	determiner_noun_agreement	Write a natural, coherent English sentence.
229	12	An actress researches this long thesis.	An actress researches these long thesis.	-103.5	-103.5	-10.375	-10.375	False	False	morphology	determiner_noun_agreement	Write a natural, coherent English sentence.
230	12	Those waitresses criticize this hidden child.	Those waitresses criticize these hidden child.	-103.5	-103.5	-10.375	-10.375	False	False	morphology	determiner_noun_agreement	Write a natural, coherent English sentence.
231	12	Most drivers question these upset alumni.	Most drivers question this upset alumni.	-93.0	-93.0	-10.375	-10.375	False	False	morphology	determiner_noun_agreement	Write a natural, coherent English sentence.
232	12	Phillip isn't working with these small women.	Phillip isn't working with this small women.	-114.0	-114.0	-10.375	-10.375	False	False	morphology	determiner_noun_agreement	Write a natural, coherent English sentence.
233	12	Jennifer can't aggravate that unlucky man.	Jennifer can't aggravate those unlucky man.	-135.0	-135.0	-10.375	-10.375	False	False	morphology	determiner_noun_agreement	Write a natural, coherent English sentence.
234	12	Essays confuse this good woman.	Essays confuse these good woman.	-83.0	-83.0	-10.375	-10.375	False	False	morphology	determiner_noun_agreement	Write a natural, coherent English sentence.
235	12	Amelia has forgotten those bad analyses.	Amelia has forgotten that bad analyses.	-93.5	-93.5	-10.375	-10.375	False	False	morphology	determiner_noun_agreement	Write a natural, coherent English sentence.
236	12	Michael had explored this brown oasis.	Michael had explored these brown oasis.	-83.0	-83.0	-10.375	-10.375	False	False	morphology	determiner_noun_agreement	Write a natural, coherent English sentence.
237	12	Natalie can aggravate those smart men.	Natalie can aggravate that smart men.	-103.5	-103.5	-10.375	-10.375	False	False	morphology	determiner_noun_agreement	Write a natural, coherent English sentence.
238	12	That patient won't go to these cheap oases.	That patient won't go to this cheap oases.	-124.5	-124.5	-10.375	-10.375	False	False	morphology	determiner_noun_agreement	Write a natural, coherent English sentence.
239	12	Heidi had discovered those black feet.	Heidi had discovered that black feet.	-83.0	-83.0	-10.375	-10.375	False	False	morphology	determiner_noun_agreement	Write a natural, coherent English sentence.
240	12	David hadn't watched those determined men.	David hadn't watched that determined men.	-93.5	-93.5	-10.375	-10.375	False	False	morphology	determiner_noun_agreement	Write a natural, coherent English sentence.
241	12	Some teenager couldn't walk through these green oases.	Some teenager couldn't walk through this green oases.	-124.0	-124.0	-10.375	-10.375	False	False	morphology	determiner_noun_agreement	Write a natural, coherent English sentence.
242	12	Christina shouldn't sell this hard oasis.	Christina shouldn't sell these hard oasis.	-114.0	-114.0	-10.375	-10.375	False	False	morphology	determiner_noun_agreement	Write a natural, coherent English sentence.
243	12	Christopher isn't firing those sick men.	Christopher isn't firing that sick men.	-93.5	-93.5	-10.375	-10.375	False	False	morphology	determiner_noun_agreement	Write a natural, coherent English sentence.
244	12	Most students hide that yellow mouse.	Most students hide those yellow mouse.	-72.5	-72.5	-10.375	-10.375	False	False	morphology	determiner_noun_agreement	Write a natural, coherent English sentence.
245	12	Holly did buy those clean feet.	Holly did buy that clean feet.	-72.5	-72.5	-10.375	-10.375	False	False	morphology	determiner_noun_agreement	Write a natural, coherent English sentence.
246	12	Many actors clean these brown theses.	Many actors clean this brown theses.	-83.0	-83.0	-10.375	-10.375	False	False	morphology	determiner_noun_agreement	Write a natural, coherent English sentence.
247	12	Stacy would hide those lost lice.	Stacy would hide that lost lice.	-93.5	-93.5	-10.375	-10.375	False	False	morphology	determiner_noun_agreement	Write a natural, coherent English sentence.
248	12	Alan drove to that new oasis.	Alan drove to those new oasis.	-83.0	-83.0	-10.375	-10.375	False	False	morphology	determiner_noun_agreement	Write a natural, coherent English sentence.
249	12	The Impressionists tour this purple oasis.	The Impressionists tour these purple oasis.	-103.5	-103.5	-10.375	-10.375	False	False	morphology	determiner_noun_agreement	Write a natural, coherent English sentence.
250	12	Wayne is talking to this hidden woman.	Wayne is talking to these hidden woman.	-83.0	-83.0	-10.375	-10.375	False	False	morphology	determiner_noun_agreement	Write a natural, coherent English sentence.
251	12	Christopher forgets this happy child.	Christopher forgets these happy child.	-72.5	-72.5	-10.375	-10.375	False	False	morphology	determiner_noun_agreement	Write a natural, coherent English sentence.
252	12	Julie can boycott those cheap oases.	Julie can boycott that cheap oases.	-93.0	-93.5	-10.375	-10.375	True	False	morphology	determiner_noun_agreement	Write a natural, coherent English sentence.
253	12	Most senators dislike these bad theses.	Most senators dislike this bad theses.	-104.0	-104.0	-10.375	-10.375	False	False	morphology	determiner_noun_agreement	Write a natural, coherent English sentence.
254	12	Denise concealed this content person.	Denise concealed these content person.	-83.0	-83.0	-10.375	-10.375	False	False	morphology	determiner_noun_agreement	Write a natural, coherent English sentence.
255	12	Some bike shocks these nice women.	Some bike shocks this nice women.	-83.0	-83.0	-10.375	-10.375	False	False	morphology	determiner_noun_agreement	Write a natural, coherent English sentence.
256	12	These teenagers fix those hidden feet.	These teenagers fix that hidden feet.	-83.0	-83.0	-10.375	-10.375	False	False	morphology	determiner_noun_agreement	Write a natural, coherent English sentence.
257	12	Ella praised that ill woman.	Ella praised those ill woman.	-72.5	-72.5	-10.375	-10.375	False	False	morphology	determiner_noun_agreement	Write a natural, coherent English sentence.
258	12	Current events stun these lost people.	Current events stun this lost people.	-83.0	-83.0	-10.375	-10.375	False	False	morphology	determiner_noun_agreement	Write a natural, coherent English sentence.
259	12	Mary tours this gray oasis.	Mary tours these gray oasis.	-72.5	-72.5	-10.375	-10.375	False	False	morphology	determiner_noun_agreement	Write a natural, coherent English sentence.
260	12	Linda visited those unsure men.	Linda visited that unsure men.	-72.5	-72.5	-10.375	-10.375	False	False	morphology	determiner_noun_agreement	Write a natural, coherent English sentence.
261	12	Dan wouldn't boycott that smooth oasis.	Dan wouldn't boycott those smooth oasis.	-114.0	-114.0	-10.375	-10.375	False	False	morphology	determiner_noun_agreement	Write a natural, coherent English sentence.
262	12	Those men leave that brown oasis.	Those men leave those brown oasis.	-83.0	-83.0	-10.375	-10.375	False	False	morphology	determiner_noun_agreement	Write a natural, coherent English sentence.
263	12	Lissa does pass these black oases.	Lissa does pass this black oases.	-93.5	-93.5	-10.375	-10.375	False	False	morphology	determiner_noun_agreement	Write a natural, coherent English sentence.
264	12	Alice had embarrassed this happy man.	Alice had embarrassed these happy man.	-72.5	-72.5	-10.375	-10.375	False	False	morphology	determiner_noun_agreement	Write a natural, coherent English sentence.
265	12	Wayne is worrying that hopeful child.	Wayne is worrying those hopeful child.	-83.0	-83.0	-10.375	-10.375	False	False	morphology	determiner_noun_agreement	Write a natural, coherent English sentence.
266	12	Lucille is biking to that green oasis.	Lucille is biking to those green oasis.	-114.0	-114.0	-10.375	-10.375	False	False	morphology	determiner_noun_agreement	Write a natural, coherent English sentence.
267	12	Katherine hadn't skated around this white oasis.	Katherine hadn't skated around these white oasis.	-135.0	-135.0	-10.375	-10.375	False	False	morphology	determiner_noun_agreement	Write a natural, coherent English sentence.
268	12	James observed this hopeful child.	James observed these hopeful child.	-72.5	-72.5	-10.375	-10.375	False	False	morphology	determiner_noun_agreement	Write a natural, coherent English sentence.
269	12	Gerald liked this big child.	Gerald liked these big child.	-72.5	-72.5	-10.375	-10.375	False	False	morphology	determiner_noun_agreement	Write a natural, coherent English sentence.
270	12	That committee wasn't hiring this displeased alumnus.	That committee wasn't hiring these displeased alumnus.	-145.0	-145.0	-10.375	-10.375	False	False	morphology	determiner_noun_agreement	Write a natural, coherent English sentence.
271	12	Gary isn't breaking that white tooth.	Gary isn't breaking those white tooth.	-93.5	-93.5	-10.375	-10.375	False	False	morphology	determiner_noun_agreement	Write a natural, coherent English sentence.
272	12	Walter hasn't seen those content children.	Walter hasn't seen that content children.	-93.5	-93.5	-10.375	-10.375	False	False	morphology	determiner_noun_agreement	Write a natural, coherent English sentence.
273	12	Martha didn't clean these hidden teeth.	Martha didn't clean this hidden teeth.	-93.5	-93.5	-10.375	-10.375	False	False	morphology	determiner_noun_agreement	Write a natural, coherent English sentence.
274	12	These teachers are returning to those lost men.	These teachers are returning to that lost men.	-93.5	-93.0	-10.375	-10.375	False	False	morphology	determiner_noun_agreement	Write a natural, coherent English sentence.
275	12	Ellen hadn't boycotted that hidden oasis.	Ellen hadn't boycotted those hidden oasis.	-124.5	-124.5	-10.375	-10.375	False	False	morphology	determiner_noun_agreement	Write a natural, coherent English sentence.
276	12	Some patients drive to these brown oases.	Some patients drive to this brown oases.	-93.5	-93.5	-10.375	-10.375	False	False	morphology	determiner_noun_agreement	Write a natural, coherent English sentence.
277	12	Nina wasn't referencing this ill person.	Nina wasn't referencing these ill person.	-103.5	-103.5	-10.375	-10.375	False	False	morphology	determiner_noun_agreement	Write a natural, coherent English sentence.
278	12	Denise praises these fast children.	Denise praises this fast children.	-83.0	-83.0	-10.375	-10.375	False	False	morphology	determiner_noun_agreement	Write a natural, coherent English sentence.
279	12	Most customers attack that clever man.	Most customers attack those clever man.	-72.5	-72.5	-10.375	-10.375	False	False	morphology	determiner_noun_agreement	Write a natural, coherent English sentence.
280	12	Every photograph looks like those exposed people.	Every photograph looks like that exposed people.	-83.0	-83.0	-10.375	-10.375	False	False	morphology	determiner_noun_agreement	Write a natural, coherent English sentence.
281	12	Cindy shouldn't cure that confident alumnus.	Cindy shouldn't cure those confident alumnus.	-135.0	-135.0	-10.375	-10.375	False	False	morphology	determiner_noun_agreement	Write a natural, coherent English sentence.
282	12	The Borgias reveal these blue feet.	The Borgias reveal this blue feet.	-93.5	-93.5	-10.375	-10.375	False	False	morphology	determiner_noun_agreement	Write a natural, coherent English sentence.
283	12	Ella lifts these exposed fungi.	Ella lifts this exposed fungi.	-93.5	-93.5	-10.375	-10.375	False	False	morphology	determiner_noun_agreement	Write a natural, coherent English sentence.
284	12	The Lutherans astound that unsure person.	The Lutherans astound those unsure person.	-103.5	-103.5	-10.375	-10.375	False	False	morphology	determiner_noun_agreement	Write a natural, coherent English sentence.
285	12	These cakes bore that determined woman.	These cakes bore those determined woman.	-83.0	-83.0	-10.375	-10.375	False	False	morphology	determiner_noun_agreement	Write a natural, coherent English sentence.
286	12	Nina lifts this orange cactus.	Nina lifts these orange cactus.	-93.0	-93.0	-10.375	-10.375	False	False	morphology	determiner_noun_agreement	Write a natural, coherent English sentence.
287	12	The actors kiss these unconvinced children.	The actors kiss this unconvinced children.	-104.0	-104.0	-10.375	-10.375	False	False	morphology	determiner_noun_agreement	Write a natural, coherent English sentence.
288	12	Sharon dislikes that brown thesis.	Sharon dislikes those brown thesis.	-93.5	-93.5	-10.375	-10.375	False	False	morphology	determiner_noun_agreement	Write a natural, coherent English sentence.
289	12	The customers sell these rough fungi.	The customers sell this rough fungi.	-83.0	-83.0	-10.375	-10.375	False	False	morphology	determiner_noun_agreement	Write a natural, coherent English sentence.
290	12	Janice didn't cure those employed men.	Janice didn't cure that employed men.	-104.0	-103.5	-10.375	-10.375	False	False	morphology	determiner_noun_agreement	Write a natural, coherent English sentence.
291	12	Paula left this uncertain person.	Paula left these uncertain person.	-72.5	-72.5	-10.375	-10.375	False	False	morphology	determiner_noun_agreement	Write a natural, coherent English sentence.
292	12	Those guys had escaped from those employed children.	Those guys had escaped from that employed children.	-93.5	-93.0	-10.375	-10.375	False	False	morphology	determiner_noun_agreement	Write a natural, coherent English sentence.
293	12	Christine wasn't touring that old oasis.	Christine wasn't touring those old oasis.	-124.0	-124.0	-10.375	-10.375	False	False	morphology	determiner_noun_agreement	Write a natural, coherent English sentence.
294	12	These waitresses praise this rough thesis.	These waitresses praise these rough thesis.	-93.0	-93.0	-10.375	-10.375	False	False	morphology	determiner_noun_agreement	Write a natural, coherent English sentence.
295	12	Some girls hadn't passed this concealed oasis.	Some girls hadn't passed these concealed oasis.	-124.5	-124.5	-10.375	-10.375	False	False	morphology	determiner_noun_agreement	Write a natural, coherent English sentence.
296	12	Andrea lifts these small cacti.	Andrea lifts this small cacti.	-93.5	-93.5	-10.375	-10.375	False	False	morphology	determiner_noun_agreement	Write a natural, coherent English sentence.
297	12	Kristen is scanning those bad synopses.	Kristen is scanning that bad synopses.	-114.0	-114.0	-10.375	-10.375	False	False	morphology	determiner_noun_agreement	Write a natural, coherent English sentence.
298	12	Alan is skated around these cheap oases.	Alan is skated around this cheap oases.	-103.5	-103.5	-10.375	-10.375	False	False	morphology	determiner_noun_agreement	Write a natural, coherent English sentence.
299	12	Kayla has investigated these busy people.	Kayla has investigated this busy people.	-83.0	-83.0	-10.375	-10.375	False	False	morphology	determiner_noun_agreement	Write a natural, coherent English sentence.
300	12	Timothy observes that good woman.	Timothy observes those good woman.	-83.0	-83.0	-10.375	-10.375	False	False	morphology	determiner_noun_agreement	Write a natural, coherent English sentence.
301	12	Every museum hadn't discussed those hidden theses.	Every museum hadn't discussed that hidden theses.	-114.0	-114.0	-10.375	-10.375	False	False	morphology	determiner_noun_agreement	Write a natural, coherent English sentence.
302	12	Some cashiers help this troubled person.	Some cashiers help these troubled person.	-93.0	-93.0	-10.375	-10.375	False	False	morphology	determiner_noun_agreement	Write a natural, coherent English sentence.
303	12	Amanda was attacking that displeased woman.	Amanda was attacking those displeased woman.	-93.5	-93.5	-10.375	-10.375	False	False	morphology	determiner_noun_agreement	Write a natural, coherent English sentence.
304	12	This window upsets these lost people.	This window upsets this lost people.	-83.0	-83.0	-10.375	-10.375	False	False	morphology	determiner_noun_agreement	Write a natural, coherent English sentence.
305	12	Cindy wasn't bringing those gray cacti.	Cindy wasn't bringing that gray cacti.	-135.0	-135.0	-10.375	-10.375	False	False	morphology	determiner_noun_agreement	Write a natural, coherent English sentence.
306	12	Peter complained about these good synopses.	Peter complained about this good synopses.	-93.0	-93.0	-10.375	-10.375	False	False	morphology	determiner_noun_agreement	Write a natural, coherent English sentence.
307	12	Danielle was touring those new oases.	Danielle was touring that new oases.	-103.5	-103.5	-10.375	-10.375	False	False	morphology	determiner_noun_agreement	Write a natural, coherent English sentence.
308	12	Elaine discusses that standing person.	Elaine discusses those standing person.	-83.0	-83.0	-10.375	-10.375	False	False	morphology	determiner_noun_agreement	Write a natural, coherent English sentence.
309	12	Jacqueline had healed those rough geese.	Jacqueline had healed that rough geese.	-114.0	-114.0	-10.375	-10.375	False	False	morphology	determiner_noun_agreement	Write a natural, coherent English sentence.
310	12	All rivers were distracting those standing men.	All rivers were distracting that standing men.	-93.0	-93.5	-10.375	-10.375	True	False	morphology	determiner_noun_agreement	Write a natural, coherent English sentence.
311	12	Some people exit those yellow oases.	Some people exit that yellow oases.	-83.0	-83.0	-10.375	-10.375	False	False	morphology	determiner_noun_agreement	Write a natural, coherent English sentence.
312	12	Becca isn't exploring these hard oases.	Becca isn't exploring this hard oases.	-114.0	-114.0	-10.375	-10.375	False	False	morphology	determiner_noun_agreement	Write a natural, coherent English sentence.
313	12	Timothy revealed that big foot.	Timothy revealed those big foot.	-72.5	-72.5	-10.375	-10.375	False	False	morphology	determiner_noun_agreement	Write a natural, coherent English sentence.
314	12	Adam fires these determined men.	Adam fires this determined men.	-62.25	-62.25	-10.375	-10.375	False	False	morphology	determiner_noun_agreement	Write a natural, coherent English sentence.
315	12	The teenagers clean this purple foot.	The teenagers clean these purple foot.	-83.0	-83.0	-10.375	-10.375	False	False	morphology	determiner_noun_agreement	Write a natural, coherent English sentence.
316	12	The Great Lakes could annoy that troubled man.	The Great Lakes could annoy those troubled man.	-114.0	-114.0	-10.375	-10.375	False	False	morphology	determiner_noun_agreement	Write a natural, coherent English sentence.
317	12	Karen discusses those bad men.	Karen discusses that bad men.	-72.5	-72.5	-10.375	-10.375	False	False	morphology	determiner_noun_agreement	Write a natural, coherent English sentence.
318	12	Phillip didn't find those ill alumni.	Phillip didn't find that ill alumni.	-124.5	-124.5	-10.375	-10.375	False	False	morphology	determiner_noun_agreement	Write a natural, coherent English sentence.
319	12	A lot of men reference these good analyses.	A lot of men reference this good analyses.	-103.5	-103.5	-10.375	-10.375	False	False	morphology	determiner_noun_agreement	Write a natural, coherent English sentence.
320	12	Larry had insulted these lucky children.	Larry had insulted this lucky children.	-83.0	-83.0	-10.375	-10.375	False	False	morphology	determiner_noun_agreement	Write a natural, coherent English sentence.
321	12	Debra is firing that determined child.	Debra is firing those determined child.	-83.0	-83.0	-10.375	-10.375	False	False	morphology	determiner_noun_agreement	Write a natural, coherent English sentence.
322	12	Noah was watching that fast woman.	Noah was watching those fast woman.	-72.5	-72.5	-10.375	-10.375	False	False	morphology	determiner_noun_agreement	Write a natural, coherent English sentence.
323	12	Gina works with that displeased person.	Gina works with those displeased person.	-103.5	-103.5	-10.375	-10.375	False	False	morphology	determiner_noun_agreement	Write a natural, coherent English sentence.
324	12	Most doctors would bring these big nuclei.	Most doctors would bring this big nuclei.	-93.5	-93.5	-10.375	-10.375	False	False	morphology	determiner_noun_agreement	Write a natural, coherent English sentence.
325	12	All drawings alarm that unconvinced child.	All drawings alarm those unconvinced child.	-104.0	-104.0	-10.375	-10.375	False	False	morphology	determiner_noun_agreement	Write a natural, coherent English sentence.
326	12	Some libraries hate that busy man.	Some libraries hate those busy man.	-72.5	-72.5	-10.375	-10.375	False	False	morphology	determiner_noun_agreement	Write a natural, coherent English sentence.
327	12	Derek disgusted that unemployed child.	Derek disgusted those unemployed child.	-93.0	-93.0	-10.3125	-10.375	False	True	morphology	determiner_noun_agreement	Write a natural, coherent English sentence.
328	12	Marla hadn't fired these good men.	Marla hadn't fired this good men.	-104.0	-104.0	-10.375	-10.375	False	False	morphology	determiner_noun_agreement	Write a natural, coherent English sentence.
329	12	Carmen examined that red thesis.	Carmen examined those red thesis.	-72.5	-72.5	-10.375	-10.375	False	False	morphology	determiner_noun_agreement	Write a natural, coherent English sentence.
330	12	Amelia investigates this smart woman.	Amelia investigates these smart woman.	-83.0	-83.0	-10.375	-10.375	False	False	morphology	determiner_noun_agreement	Write a natural, coherent English sentence.
331	12	The Borgias hire that displeased alumnus.	The Borgias hire those displeased alumnus.	-135.0	-135.0	-10.375	-10.375	False	False	morphology	determiner_noun_agreement	Write a natural, coherent English sentence.
332	12	Stacey would arrive at these orange oases.	Stacey would arrive at this orange oases.	-114.0	-114.0	-10.375	-10.375	False	False	morphology	determiner_noun_agreement	Write a natural, coherent English sentence.
333	12	Anna works with this lucky man.	Anna works with these lucky man.	-72.5	-72.5	-10.375	-10.375	False	False	morphology	determiner_noun_agreement	Write a natural, coherent English sentence.
334	12	Walter has scanned this rough thesis.	Walter has scanned these rough thesis.	-83.0	-83.0	-10.375	-10.375	False	False	morphology	determiner_noun_agreement	Write a natural, coherent English sentence.
335	12	Some mushroom bothered that lucky woman.	Some mushroom bothered those lucky woman.	-83.0	-83.0	-10.375	-10.375	False	False	morphology	determiner_noun_agreement	Write a natural, coherent English sentence.
336	12	Cynthia walked through this hard oasis.	Cynthia walked through these hard oasis.	-114.0	-114.0	-10.375	-10.375	False	False	morphology	determiner_noun_agreement	Write a natural, coherent English sentence.
337	12	Liam has healed these black oxen.	Liam has healed this black oxen.	-103.5	-103.5	-10.375	-10.375	False	False	morphology	determiner_noun_agreement	Write a natural, coherent English sentence.
338	12	Andrew did notice these white axes.	Andrew did notice this white axes.	-83.0	-83.0	-10.375	-10.375	False	False	morphology	determiner_noun_agreement	Write a natural, coherent English sentence.
339	12	Bethany kisses these serious alumni.	Bethany kisses this serious alumni.	-103.5	-103.5	-10.375	-10.375	False	False	morphology	determiner_noun_agreement	Write a natural, coherent English sentence.
340	12	Vanessa watches this nice person.	Vanessa watches these nice person.	-72.5	-72.5	-10.375	-10.375	False	False	morphology	determiner_noun_agreement	Write a natural, coherent English sentence.
341	12	Every window astounded that big man.	Every window astounded those big man.	-93.5	-93.0	-10.375	-10.375	False	False	morphology	determiner_noun_agreement	Write a natural, coherent English sentence.
342	12	Donna leaves that upset man.	Donna leaves those upset man.	-72.5	-72.5	-10.375	-10.375	False	False	morphology	determiner_noun_agreement	Write a natural, coherent English sentence.
343	12	Many students drop by that orange oasis.	Many students drop by those orange oasis.	-93.5	-93.0	-10.375	-10.375	False	False	morphology	determiner_noun_agreement	Write a natural, coherent English sentence.
344	12	The sketches looked like this unsure man.	The sketches looked like these unsure man.	-114.0	-114.0	-10.375	-10.375	False	False	morphology	determiner_noun_agreement	Write a natural, coherent English sentence.
345	12	Helen fixes that broken tooth.	Helen fixes those broken tooth.	-72.5	-72.5	-10.375	-10.375	False	False	morphology	determiner_noun_agreement	Write a natural, coherent English sentence.
346	12	Robert wasn't annoying that old person.	Robert wasn't annoying those old person.	-93.5	-93.5	-10.375	-10.375	False	False	morphology	determiner_noun_agreement	Write a natural, coherent English sentence.
347	12	Amy isn't talking to that young woman.	Amy isn't talking to those young woman.	-103.5	-104.0	-10.375	-10.375	True	False	morphology	determiner_noun_agreement	Write a natural, coherent English sentence.
348	12	Alan hadn't remembered these long analyses.	Alan hadn't remembered this long analyses.	-103.5	-103.5	-10.375	-10.375	False	False	morphology	determiner_noun_agreement	Write a natural, coherent English sentence.
349	12	Stephen is working with these out in the open women.	Stephen is working with this out in the open women.	-114.0	-114.0	-10.375	-10.375	False	False	morphology	determiner_noun_agreement	Write a natural, coherent English sentence.
350	12	This library had discussed these employed men.	This library had discussed this employed men.	-83.0	-83.0	-10.375	-10.375	False	False	morphology	determiner_noun_agreement	Write a natural, coherent English sentence.
351	12	This teenager can't worry those delighted men.	This teenager can't worry that delighted men.	-104.0	-103.5	-10.375	-10.375	False	False	morphology	determiner_noun_agreement	Write a natural, coherent English sentence.
352	12	Wendy revealed that sick octopus.	Wendy revealed those sick octopus.	-93.0	-93.5	-10.375	-10.375	True	False	morphology	determiner_noun_agreement	Write a natural, coherent English sentence.
353	12	The Clintons haven't worked with that young person.	The Clintons haven't worked with those young person.	-135.0	-135.0	-10.375	-10.375	False	False	morphology	determiner_noun_agreement	Write a natural, coherent English sentence.
354	12	Some committee aggravates this unconvinced woman.	Some committee aggravates these unconvinced woman.	-124.5	-124.5	-10.375	-10.375	False	False	morphology	determiner_noun_agreement	Write a natural, coherent English sentence.
355	12	Guy bored that troubled man.	Guy bored those troubled man.	-72.5	-72.5	-10.375	-10.375	False	False	morphology	determiner_noun_agreement	Write a natural, coherent English sentence.
356	12	Every actress scanned those bad analyses.	Every actress scanned that bad analyses.	-93.5	-93.0	-10.375	-10.375	False	False	morphology	determiner_noun_agreement	Write a natural, coherent English sentence.
357	12	A library alarms that determined child.	A library alarms those determined child.	-83.0	-83.0	-10.375	-10.375	False	False	morphology	determiner_noun_agreement	Write a natural, coherent English sentence.
358	12	Sheila can't notice this clever man.	Sheila can't notice these clever man.	-103.5	-103.5	-10.375	-10.375	False	False	morphology	determiner_noun_agreement	Write a natural, coherent English sentence.
359	12	James forgets this fast alumnus.	James forgets these fast alumnus.	-93.0	-93.0	-10.375	-10.375	False	False	morphology	determiner_noun_agreement	Write a natural, coherent English sentence.
360	12	Noah hasn't thought about these smooth lice.	Noah hasn't thought about this smooth lice.	-114.0	-114.0	-10.375	-10.375	False	False	morphology	determiner_noun_agreement	Write a natural, coherent English sentence.
361	12	Aaron sees these gray oases.	Aaron sees this gray oases.	-72.5	-72.5	-10.375	-10.375	False	False	morphology	determiner_noun_agreement	Write a natural, coherent English sentence.
362	12	Sherry has taken this standing goose.	Sherry has taken these standing goose.	-93.0	-93.0	-10.375	-10.375	False	False	morphology	determiner_noun_agreement	Write a natural, coherent English sentence.
363	12	Marie hasn't found those ill geese.	Marie hasn't found that ill geese.	-103.5	-104.0	-10.375	-10.375	True	False	morphology	determiner_noun_agreement	Write a natural, coherent English sentence.
364	12	Peter isn't arriving at that red oasis.	Peter isn't arriving at those red oasis.	-114.0	-114.0	-10.375	-10.375	False	False	morphology	determiner_noun_agreement	Write a natural, coherent English sentence.
365	12	Jill isn't boycotting those orange oases.	Jill isn't boycotting that orange oases.	-145.0	-145.0	-10.375	-10.375	False	False	morphology	determiner_noun_agreement	Write a natural, coherent English sentence.
366	12	Julia messes up that orange foot.	Julia messes up those orange foot.	-83.0	-83.0	-10.375	-10.375	False	False	morphology	determiner_noun_agreement	Write a natural, coherent English sentence.
367	12	That hill didn't disturb that content woman.	That hill didn't disturb those content woman.	-104.0	-104.0	-10.375	-10.375	False	False	morphology	determiner_noun_agreement	Write a natural, coherent English sentence.
368	12	Suzanne has concealed that concealed man.	Suzanne has concealed those concealed man.	-103.5	-103.5	-10.375	-10.375	False	False	morphology	determiner_noun_agreement	Write a natural, coherent English sentence.
369	12	Alicia sells that orange octopus.	Alicia sells those orange octopus.	-114.0	-113.5	-10.3125	-10.3125	False	False	morphology	determiner_noun_agreement	Write a natural, coherent English sentence.
370	12	Leslie has discussed that delighted child.	Leslie has discussed those delighted child.	-83.0	-83.0	-10.375	-10.375	False	False	morphology	determiner_noun_agreement	Write a natural, coherent English sentence.
371	12	Andrea could like these white lice.	Andrea could like this white lice.	-83.0	-83.0	-10.375	-10.375	False	False	morphology	determiner_noun_agreement	Write a natural, coherent English sentence.
372	12	Most children break those rough teeth.	Most children break that rough teeth.	-72.5	-72.5	-10.375	-10.375	False	False	morphology	determiner_noun_agreement	Write a natural, coherent English sentence.
373	12	Richard did work with this clever child.	Richard did work with these clever child.	-83.0	-83.0	-10.375	-10.375	False	False	morphology	determiner_noun_agreement	Write a natural, coherent English sentence.
374	12	Anne hugs this unemployed woman.	Anne hugs these unemployed woman.	-83.0	-83.0	-10.375	-10.375	False	False	morphology	determiner_noun_agreement	Write a natural, coherent English sentence.
375	12	Those actors attack that excited child.	Those actors attack those excited child.	-72.5	-72.5	-10.375	-10.375	False	False	morphology	determiner_noun_agreement	Write a natural, coherent English sentence.
376	12	Bruce was hugging that unconvinced man.	Bruce was hugging those unconvinced man.	-114.0	-114.0	-10.375	-10.375	False	False	morphology	determiner_noun_agreement	Write a natural, coherent English sentence.
377	12	Patrick hasn't hidden this orange oasis.	Patrick hasn't hidden these orange oasis.	-104.0	-103.5	-10.375	-10.375	False	False	morphology	determiner_noun_agreement	Write a natural, coherent English sentence.
378	12	Alicia hadn't discussed that uncertain person.	Alicia hadn't discussed those uncertain person.	-114.0	-114.0	-10.375	-10.375	False	False	morphology	determiner_noun_agreement	Write a natural, coherent English sentence.
379	12	Susan wasn't talking to those confident men.	Susan wasn't talking to that confident men.	-104.0	-104.0	-10.375	-10.375	False	False	morphology	determiner_noun_agreement	Write a natural, coherent English sentence.
380	12	Cheryl will scan that good synopsis.	Cheryl will scan those good synopsis.	-93.0	-93.0	-10.375	-10.375	False	False	morphology	determiner_noun_agreement	Write a natural, coherent English sentence.
381	12	Tamara kissed that unsure man.	Tamara kissed those unsure man.	-83.0	-83.0	-10.375	-10.375	False	False	morphology	determiner_noun_agreement	Write a natural, coherent English sentence.
382	12	Craig boasts about those bad analyses.	Craig boasts about that bad analyses.	-93.5	-93.5	-10.375	-10.375	False	False	morphology	determiner_noun_agreement	Write a natural, coherent English sentence.
383	12	Randolf hadn't hugged those serious people.	Randolf hadn't hugged that serious people.	-114.0	-114.0	-10.375	-10.375	False	False	morphology	determiner_noun_agreement	Write a natural, coherent English sentence.
384	12	Many doctors cure these exposed men.	Many doctors cure this exposed men.	-72.5	-72.5	-10.375	-10.375	False	False	morphology	determiner_noun_agreement	Write a natural, coherent English sentence.
385	12	Women criticized those smooth theses.	Women criticized that smooth theses.	-83.0	-83.0	-10.375	-10.375	False	False	morphology	determiner_noun_agreement	Write a natural, coherent English sentence.
386	12	Some light disturbs that old person.	Some light disturbs those old person.	-93.5	-93.5	-10.375	-10.375	False	False	morphology	determiner_noun_agreement	Write a natural, coherent English sentence.
387	12	Carol was questioning this big man.	Carol was questioning these big man.	-72.5	-72.5	-10.375	-10.375	False	False	morphology	determiner_noun_agreement	Write a natural, coherent English sentence.
388	12	Sara has gone to that old oasis.	Sara has gone to those old oasis.	-93.0	-93.0	-10.3125	-10.375	False	True	morphology	determiner_noun_agreement	Write a natural, coherent English sentence.
389	12	Steven brought these red oases.	Steven brought this red oases.	-72.5	-72.5	-10.375	-10.375	False	False	morphology	determiner_noun_agreement	Write a natural, coherent English sentence.
390	12	Diana will disgust these ill children.	Diana will disgust this ill children.	-72.5	-72.5	-10.375	-10.375	False	False	morphology	determiner_noun_agreement	Write a natural, coherent English sentence.
391	12	Steven disturbs these sick alumni.	Steven disturbs this sick alumni.	-104.0	-104.0	-10.375	-10.375	False	False	morphology	determiner_noun_agreement	Write a natural, coherent English sentence.
392	12	Angela wasn't lifting these blue feet.	Angela wasn't lifting this blue feet.	-93.5	-93.5	-10.375	-10.375	False	False	morphology	determiner_noun_agreement	Write a natural, coherent English sentence.
393	12	Sharon hasn't stunned that unsure child.	Sharon hasn't stunned those unsure child.	-124.5	-124.5	-10.375	-10.375	False	False	morphology	determiner_noun_agreement	Write a natural, coherent English sentence.
394	12	These girls question that concealed man.	These girls question those concealed man.	-83.0	-83.0	-10.375	-10.375	False	False	morphology	determiner_noun_agreement	Write a natural, coherent English sentence.
395	12	Martha wasn't kissing this unemployed man.	Martha wasn't kissing these unemployed man.	-114.0	-114.0	-10.375	-10.375	False	False	morphology	determiner_noun_agreement	Write a natural, coherent English sentence.
396	12	Kendra isn't working with this excited child.	Kendra isn't working with these excited child.	-124.5	-124.5	-10.375	-10.375	False	False	morphology	determiner_noun_agreement	Write a natural, coherent English sentence.
397	12	All actresses praise this hard thesis.	All actresses praise these hard thesis.	-83.0	-83.0	-10.375	-10.375	False	False	morphology	determiner_noun_agreement	Write a natural, coherent English sentence.
398	12	David cleans that hard tooth.	David cleans those hard tooth.	-72.5	-72.5	-10.375	-10.375	False	False	morphology	determiner_noun_agreement	Write a natural, coherent English sentence.
399	12	Julia sounded like this uncertain person.	Julia sounded like these uncertain person.	-72.5	-72.5	-10.375	-10.375	False	False	morphology	determiner_noun_agreement	Write a natural, coherent English sentence.
400	12	Those actors attacked that happy alumnus.	Those actors attacked those happy alumnus.	-93.5	-93.0	-10.375	-10.375	False	False	morphology	determiner_noun_agreement	Write a natural, coherent English sentence.
401	12	Eva hadn't admired these black fungi.	Eva hadn't admired this black fungi.	-114.0	-114.0	-10.375	-10.375	False	False	morphology	determiner_noun_agreement	Write a natural, coherent English sentence.
402	12	Many chairs aren't disgusting this unlucky child.	Many chairs aren't disgusting these unlucky child.	-135.0	-135.0	-10.375	-10.375	False	False	morphology	determiner_noun_agreement	Write a natural, coherent English sentence.
403	12	Those waiters break these rough teeth.	Those waiters break this rough teeth.	-83.0	-83.0	-10.375	-10.375	False	False	morphology	determiner_noun_agreement	Write a natural, coherent English sentence.
404	12	Becca leaves this uncertain child.	Becca leaves these uncertain child.	-72.5	-72.5	-10.375	-10.375	False	False	morphology	determiner_noun_agreement	Write a natural, coherent English sentence.
405	12	Some steak disturbs these displeased children.	Some steak disturbs this displeased children.	-124.5	-124.5	-10.375	-10.375	False	False	morphology	determiner_noun_agreement	Write a natural, coherent English sentence.
406	12	Christine wouldn't conceal this lost stimulus.	Christine wouldn't conceal these lost stimulus.	-124.5	-124.5	-10.375	-10.375	False	False	morphology	determiner_noun_agreement	Write a natural, coherent English sentence.
407	12	Every face irritates those unemployed alumni.	Every face irritates that unemployed alumni.	-114.0	-114.0	-10.375	-10.375	False	False	morphology	determiner_noun_agreement	Write a natural, coherent English sentence.
408	12	Susan noticed that unlucky person.	Susan noticed those unlucky person.	-83.0	-83.0	-10.375	-10.375	False	False	morphology	determiner_noun_agreement	Write a natural, coherent English sentence.
409	12	Some women drop by those concealed oases.	Some women drop by that concealed oases.	-103.5	-103.5	-10.375	-10.375	False	False	morphology	determiner_noun_agreement	Write a natural, coherent English sentence.
410	12	The Clintons disagree with these serious men.	The Clintons disagree with this serious men.	-104.0	-104.0	-10.375	-10.375	False	False	morphology	determiner_noun_agreement	Write a natural, coherent English sentence.
411	12	Phillip discovers these busy women.	Phillip discovers this busy women.	-83.0	-83.0	-10.375	-10.375	False	False	morphology	determiner_noun_agreement	Write a natural, coherent English sentence.
412	12	Waiters investigate that hopeful woman.	Waiters investigate those hopeful woman.	-83.0	-83.0	-10.375	-10.375	False	False	morphology	determiner_noun_agreement	Write a natural, coherent English sentence.
413	12	Regina hasn't found these white nuclei.	Regina hasn't found this white nuclei.	-124.5	-124.5	-10.375	-10.375	False	False	morphology	determiner_noun_agreement	Write a natural, coherent English sentence.
414	12	Irene scanned those purple theses.	Irene scanned that purple theses.	-93.0	-93.5	-10.375	-10.375	True	False	morphology	determiner_noun_agreement	Write a natural, coherent English sentence.
415	12	A bank references those popular people.	A bank references that popular people.	-72.5	-72.5	-10.375	-10.375	False	False	morphology	determiner_noun_agreement	Write a natural, coherent English sentence.
416	12	Vincent tours this old oasis.	Vincent tours these old oasis.	-72.5	-72.5	-10.375	-10.375	False	False	morphology	determiner_noun_agreement	Write a natural, coherent English sentence.
417	12	Alicia kisses that standing woman.	Alicia kisses those standing woman.	-93.0	-93.0	-10.375	-10.375	False	False	morphology	determiner_noun_agreement	Write a natural, coherent English sentence.
418	12	Some candles aren't boring those displeased men.	Some candles aren't boring that displeased men.	-135.0	-135.0	-10.375	-10.375	False	False	morphology	determiner_noun_agreement	Write a natural, coherent English sentence.
419	12	That teenager does care for this old alumnus.	That teenager does care for these old alumnus.	-114.0	-114.0	-10.375	-10.375	False	False	morphology	determiner_noun_agreement	Write a natural, coherent English sentence.
420	12	A lot of drawings weren't alarming that displeased man.	A lot of drawings weren't alarming those displeased man.	-155.0	-155.0	-10.375	-10.375	False	False	morphology	determiner_noun_agreement	Write a natural, coherent English sentence.
421	12	That face astounded that important woman.	That face astounded those important woman.	-93.0	-93.0	-10.375	-10.375	False	False	morphology	determiner_noun_agreement	Write a natural, coherent English sentence.
422	12	Tiffany had approached these unemployed people.	Tiffany had approached this unemployed people.	-103.5	-103.5	-10.375	-10.375	False	False	morphology	determiner_noun_agreement	Write a natural, coherent English sentence.
423	12	Christina is passing these rough oases.	Christina is passing this rough oases.	-93.5	-93.0	-10.375	-10.375	False	False	morphology	determiner_noun_agreement	Write a natural, coherent English sentence.
424	12	Debra was praising those busy people.	Debra was praising that busy people.	-93.5	-93.5	-10.375	-10.375	False	False	morphology	determiner_noun_agreement	Write a natural, coherent English sentence.
425	12	The doctors didn't care for these scared children.	The doctors didn't care for this scared children.	-114.0	-114.0	-10.375	-10.375	False	False	morphology	determiner_noun_agreement	Write a natural, coherent English sentence.
426	12	Those ladders stun these small people.	Those ladders stun this small people.	-104.0	-104.0	-10.375	-10.375	False	False	morphology	determiner_noun_agreement	Write a natural, coherent English sentence.
427	12	Samuel isn't distracting these clever women.	Samuel isn't distracting this clever women.	-103.5	-103.5	-10.375	-10.375	False	False	morphology	determiner_noun_agreement	Write a natural, coherent English sentence.
428	12	Lucille dropped by those new oases.	Lucille dropped by that new oases.	-93.0	-93.0	-10.375	-10.375	False	False	morphology	determiner_noun_agreement	Write a natural, coherent English sentence.
429	12	A legislature should aggravate that busy child.	A legislature should aggravate those busy child.	-114.0	-114.0	-10.375	-10.375	False	False	morphology	determiner_noun_agreement	Write a natural, coherent English sentence.
430	12	Larry observed that lucky child.	Larry observed those lucky child.	-62.25	-62.25	-10.375	-10.375	False	False	morphology	determiner_noun_agreement	Write a natural, coherent English sentence.
431	12	Lawrence wasn't approaching those troubled children.	Lawrence wasn't approaching that troubled children.	-103.5	-103.5	-10.375	-10.375	False	False	morphology	determiner_noun_agreement	Write a natural, coherent English sentence.
432	12	Most libraries describe those delighted men.	Most libraries describe that delighted men.	-72.5	-72.5	-10.375	-10.375	False	False	morphology	determiner_noun_agreement	Write a natural, coherent English sentence.
433	12	The Impressionists alarms that sick child.	The Impressionists alarms those sick child.	-104.0	-104.0	-10.375	-10.375	False	False	morphology	determiner_noun_agreement	Write a natural, coherent English sentence.
434	12	A lot of children have this exposed axis.	A lot of children have these exposed axis.	-93.0	-93.0	-10.375	-10.375	False	False	morphology	determiner_noun_agreement	Write a natural, coherent English sentence.
435	12	Melissa couldn't reveal that small man.	Melissa couldn't reveal those small man.	-104.0	-104.0	-10.375	-10.375	False	False	morphology	determiner_noun_agreement	Write a natural, coherent English sentence.
436	12	These carriages won't impress those bad men.	These carriages won't impress that bad men.	-114.0	-114.0	-10.375	-10.375	False	False	morphology	determiner_noun_agreement	Write a natural, coherent English sentence.
437	12	Many girls drop by that red oasis.	Many girls drop by those red oasis.	-93.5	-93.0	-10.375	-10.375	False	False	morphology	determiner_noun_agreement	Write a natural, coherent English sentence.
438	12	The Impressionists fled from this small woman.	The Impressionists fled from these small woman.	-103.5	-103.5	-10.375	-10.375	False	False	morphology	determiner_noun_agreement	Write a natural, coherent English sentence.
439	12	Ann arrived at that blue oasis.	Ann arrived at those blue oasis.	-83.0	-83.0	-10.375	-10.375	False	False	morphology	determiner_noun_agreement	Write a natural, coherent English sentence.
440	12	The sock isn't disturbing those lucky children.	The sock isn't disturbing that lucky children.	-114.0	-114.0	-10.375	-10.375	False	False	morphology	determiner_noun_agreement	Write a natural, coherent English sentence.
441	12	Those socks were shocking those unlucky men.	Those socks were shocking that unlucky men.	-114.0	-114.0	-10.375	-10.375	False	False	morphology	determiner_noun_agreement	Write a natural, coherent English sentence.
442	12	Christine wasn't walking through those cheap oases.	Christine wasn't walking through that cheap oases.	-124.5	-124.5	-10.375	-10.375	False	False	morphology	determiner_noun_agreement	Write a natural, coherent English sentence.
443	12	Mary appreciates those content women.	Mary appreciates that content women.	-72.5	-72.5	-10.375	-10.375	False	False	morphology	determiner_noun_agreement	Write a natural, coherent English sentence.
444	12	That lady didn't question this ill person.	That lady didn't question these ill person.	-103.5	-103.5	-10.375	-10.375	False	False	morphology	determiner_noun_agreement	Write a natural, coherent English sentence.
445	12	Most birds annoy this young woman.	Most birds annoy these young woman.	-72.5	-72.5	-10.375	-10.375	False	False	morphology	determiner_noun_agreement	Write a natural, coherent English sentence.
446	12	Amelia is kissing these content men.	Amelia is kissing this content men.	-93.0	-93.0	-10.375	-10.375	False	False	morphology	determiner_noun_agreement	Write a natural, coherent English sentence.
447	12	Judy isn't taking those standing oxen.	Judy isn't taking that standing oxen.	-114.0	-114.0	-10.375	-10.375	False	False	morphology	determiner_noun_agreement	Write a natural, coherent English sentence.
448	12	Irene is discussing those clever alumni.	Irene is discussing that clever alumni.	-104.0	-104.0	-10.375	-10.375	False	False	morphology	determiner_noun_agreement	Write a natural, coherent English sentence.
449	12	Danielle could describe these long analyses.	Danielle could describe this long analyses.	-93.5	-93.5	-10.375	-10.375	False	False	morphology	determiner_noun_agreement	Write a natural, coherent English sentence.
450	12	Eva hasn't praised that lucky woman.	Eva hasn't praised those lucky woman.	-93.5	-93.5	-10.375	-10.375	False	False	morphology	determiner_noun_agreement	Write a natural, coherent English sentence.
451	12	Grace might observe that unlucky woman.	Grace might observe those unlucky woman.	-93.0	-93.0	-10.375	-10.375	False	False	morphology	determiner_noun_agreement	Write a natural, coherent English sentence.
452	12	The Clintons bothered these clever people.	The Clintons bothered this clever people.	-93.5	-93.5	-10.375	-10.375	False	False	morphology	determiner_noun_agreement	Write a natural, coherent English sentence.
453	12	April hadn't embarrassed those employed alumni.	April hadn't embarrassed that employed alumni.	-114.0	-114.0	-10.375	-10.375	False	False	morphology	determiner_noun_agreement	Write a natural, coherent English sentence.
454	12	Marie shouldn't forget that happy man.	Marie shouldn't forget those happy man.	-93.5	-93.5	-10.375	-10.375	False	False	morphology	determiner_noun_agreement	Write a natural, coherent English sentence.
455	12	Renee isn't breaking that cheap foot.	Renee isn't breaking those cheap foot.	-114.0	-114.0	-10.375	-10.375	False	False	morphology	determiner_noun_agreement	Write a natural, coherent English sentence.
456	12	Monica shouldn't sell those new oases.	Monica shouldn't sell that new oases.	-114.0	-114.0	-10.375	-10.375	False	False	morphology	determiner_noun_agreement	Write a natural, coherent English sentence.
457	12	Every dancer has returned to that troubled man.	Every dancer has returned to those troubled man.	-114.0	-114.0	-10.375	-10.375	False	False	morphology	determiner_noun_agreement	Write a natural, coherent English sentence.
458	12	Those dancers break those green teeth.	Those dancers break that green teeth.	-83.0	-83.0	-10.375	-10.375	False	False	morphology	determiner_noun_agreement	Write a natural, coherent English sentence.
459	12	These teachers talk about these fast women.	These teachers talk about this fast women.	-83.0	-83.0	-10.375	-10.375	False	False	morphology	determiner_noun_agreement	Write a natural, coherent English sentence.
460	12	Spain hasn't praised that happy man.	Spain hasn't praised those happy man.	-93.5	-93.5	-10.375	-10.375	False	False	morphology	determiner_noun_agreement	Write a natural, coherent English sentence.
461	12	Monica does kiss those good people.	Monica does kiss that good people.	-83.0	-83.0	-10.375	-10.375	False	False	morphology	determiner_noun_agreement	Write a natural, coherent English sentence.
462	12	Benjamin can boast about those busy men.	Benjamin can boast about that busy men.	-93.5	-93.5	-10.375	-10.375	False	False	morphology	determiner_noun_agreement	Write a natural, coherent English sentence.
463	12	Donald conceals this lost nucleus.	Donald conceals these lost nucleus.	-83.0	-83.0	-10.375	-10.375	False	False	morphology	determiner_noun_agreement	Write a natural, coherent English sentence.
464	12	Gregory was embarrassing this big woman.	Gregory was embarrassing these big woman.	-83.0	-83.0	-10.375	-10.375	False	False	morphology	determiner_noun_agreement	Write a natural, coherent English sentence.
465	12	The waiter wasn't stunning that hidden child.	The waiter wasn't stunning those hidden child.	-114.0	-114.0	-10.375	-10.375	False	False	morphology	determiner_noun_agreement	Write a natural, coherent English sentence.
466	12	A lot of photographs haven't looked like this red stimulus.	A lot of photographs haven't looked like these red stimulus.	-145.0	-145.0	-10.375	-10.375	False	False	morphology	determiner_noun_agreement	Write a natural, coherent English sentence.
467	12	A patient fixed those cheap feet.	A patient fixed that cheap feet.	-72.5	-72.5	-10.375	-10.375	False	False	morphology	determiner_noun_agreement	Write a natural, coherent English sentence.
468	12	Many gates shouldn't astound these unsure alumni.	Many gates shouldn't astound this unsure alumni.	-145.0	-145.0	-10.375	-10.375	False	False	morphology	determiner_noun_agreement	Write a natural, coherent English sentence.
469	12	That picture hasn't looked like these big men.	That picture hasn't looked like this big men.	-114.0	-114.0	-10.375	-10.375	False	False	morphology	determiner_noun_agreement	Write a natural, coherent English sentence.
470	12	These waitresses talk about this hidden thesis.	These waitresses talk about these hidden thesis.	-103.5	-103.5	-10.375	-10.375	False	False	morphology	determiner_noun_agreement	Write a natural, coherent English sentence.
471	12	Stacy concealed those gray axes.	Stacy concealed that gray axes.	-93.5	-93.5	-10.375	-10.375	False	False	morphology	determiner_noun_agreement	Write a natural, coherent English sentence.
472	12	Nicole remembers those serious alumni.	Nicole remembers that serious alumni.	-93.5	-93.5	-10.375	-10.375	False	False	morphology	determiner_noun_agreement	Write a natural, coherent English sentence.
473	12	Leslie hadn't gone to that small oasis.	Leslie hadn't gone to those small oasis.	-124.0	-124.0	-10.375	-10.375	False	False	morphology	determiner_noun_agreement	Write a natural, coherent English sentence.
474	12	Joel wasn't praising this ill person.	Joel wasn't praising these ill person.	-104.0	-103.5	-10.375	-10.375	False	False	morphology	determiner_noun_agreement	Write a natural, coherent English sentence.
475	12	These drivers embarrasses this young alumnus.	These drivers embarrasses these young alumnus.	-103.5	-103.5	-10.375	-10.375	False	False	morphology	determiner_noun_agreement	Write a natural, coherent English sentence.
476	12	Beef bores that delighted woman.	Beef bores those delighted woman.	-83.0	-83.0	-10.375	-10.375	False	False	morphology	determiner_noun_agreement	Write a natural, coherent English sentence.
477	12	Mitchell goes to this gray oasis.	Mitchell goes to these gray oasis.	-83.0	-83.0	-10.375	-10.375	False	False	morphology	determiner_noun_agreement	Write a natural, coherent English sentence.
478	12	The mouth bores these upset men.	The mouth bores this upset men.	-83.0	-83.0	-10.375	-10.375	False	False	morphology	determiner_noun_agreement	Write a natural, coherent English sentence.
479	12	Most legislatures discuss those good people.	Most legislatures discuss that good people.	-83.0	-83.0	-10.375	-10.375	False	False	morphology	determiner_noun_agreement	Write a natural, coherent English sentence.
480	12	The boys mess up those purple feet.	The boys mess up that purple feet.	-83.0	-83.0	-10.375	-10.375	False	False	morphology	determiner_noun_agreement	Write a natural, coherent English sentence.
481	12	Cashiers describe these fast children.	Cashiers describe this fast children.	-72.5	-72.5	-10.375	-10.375	False	False	morphology	determiner_noun_agreement	Write a natural, coherent English sentence.
482	12	Roger has fired those unconvinced men.	Roger has fired that unconvinced men.	-104.0	-104.0	-10.375	-10.375	False	False	morphology	determiner_noun_agreement	Write a natural, coherent English sentence.
483	12	Amy wasn't kissing this content man.	Amy wasn't kissing these content man.	-103.5	-103.5	-10.375	-10.375	False	False	morphology	determiner_noun_agreement	Write a natural, coherent English sentence.
484	12	Every dancer hadn't praised those good analyses.	Every dancer hadn't praised that good analyses.	-124.5	-124.5	-10.375	-10.375	False	False	morphology	determiner_noun_agreement	Write a natural, coherent English sentence.
485	12	Rhonda wasn't hiding those red mice.	Rhonda wasn't hiding that red mice.	-114.0	-114.0	-10.375	-10.375	False	False	morphology	determiner_noun_agreement	Write a natural, coherent English sentence.
486	12	Every pedestrian talks about that bad synopsis.	Every pedestrian talks about those bad synopsis.	-103.5	-103.5	-10.375	-10.375	False	False	morphology	determiner_noun_agreement	Write a natural, coherent English sentence.
487	12	The fish shocks these old alumni.	The fish shocks this old alumni.	-103.5	-103.5	-10.375	-10.375	False	False	morphology	determiner_noun_agreement	Write a natural, coherent English sentence.
488	12	Those waitresses visited those scared alumni.	Those waitresses visited that scared alumni.	-114.0	-114.0	-10.375	-10.375	False	False	morphology	determiner_noun_agreement	Write a natural, coherent English sentence.
489	12	That library was listening to this nice man.	That library was listening to these nice man.	-93.0	-93.0	-10.375	-10.375	False	False	morphology	determiner_noun_agreement	Write a natural, coherent English sentence.
490	12	Steve wasn't bringing that blue stimulus.	Steve wasn't bringing those blue stimulus.	-103.5	-103.5	-10.375	-10.375	False	False	morphology	determiner_noun_agreement	Write a natural, coherent English sentence.
491	12	Some guest was hiring that scared woman.	Some guest was hiring those scared woman.	-83.0	-83.0	-10.375	-10.375	False	False	morphology	determiner_noun_agreement	Write a natural, coherent English sentence.
492	12	The spotlights upset this unconvinced alumnus.	The spotlights upset these unconvinced alumnus.	-135.0	-135.0	-10.375	-10.375	False	False	morphology	determiner_noun_agreement	Write a natural, coherent English sentence.
493	12	Todd might observe this lost man.	Todd might observe these lost man.	-72.5	-72.5	-10.375	-10.375	False	False	morphology	determiner_noun_agreement	Write a natural, coherent English sentence.
494	12	People could describe that unconvinced person.	People could describe those unconvinced person.	-104.0	-104.0	-10.375	-10.375	False	False	morphology	determiner_noun_agreement	Write a natural, coherent English sentence.
495	12	That waiter had astounded these lucky people.	That waiter had astounded this lucky people.	-114.0	-114.0	-10.375	-10.375	False	False	morphology	determiner_noun_agreement	Write a natural, coherent English sentence.
496	12	Kendra disgusted these confident women.	Kendra disgusted this confident women.	-93.5	-93.0	-10.375	-10.375	False	False	morphology	determiner_noun_agreement	Write a natural, coherent English sentence.
497	12	Spain hasn't annoyed those old people.	Spain hasn't annoyed that old people.	-103.5	-103.5	-10.375	-10.375	False	False	morphology	determiner_noun_agreement	Write a natural, coherent English sentence.
498	12	Steve kisses these out in the open people.	Steve kisses this out in the open people.	-103.5	-103.5	-10.375	-10.375	False	False	morphology	determiner_noun_agreement	Write a natural, coherent English sentence.
499	12	Wayne kissed those unconvinced men.	Wayne kissed that unconvinced men.	-93.5	-93.5	-10.375	-10.375	False	False	morphology	determiner_noun_agreement	Write a natural, coherent English sentence.
500	12	Douglas has brought those lost cacti.	Douglas has brought that lost cacti.	-93.5	-93.5	-10.375	-10.375	False	False	morphology	determiner_noun_agreement	Write a natural, coherent English sentence.
501	12	Tammy can't reveal that big alumnus.	Tammy can't reveal those big alumnus.	-124.5	-124.0	-10.375	-10.375	False	False	morphology	determiner_noun_agreement	Write a natural, coherent English sentence.
502	12	Deborah fled from those standing children.	Deborah fled from that standing children.	-93.5	-93.5	-10.375	-10.375	False	False	morphology	determiner_noun_agreement	Write a natural, coherent English sentence.
503	12	A man wasn't cleaning that hard fungus.	A man wasn't cleaning those hard fungus.	-124.5	-124.5	-10.375	-10.375	False	False	morphology	determiner_noun_agreement	Write a natural, coherent English sentence.
504	12	Danielle has broken those gray teeth.	Danielle has broken that gray teeth.	-83.0	-83.0	-10.375	-10.375	False	False	morphology	determiner_noun_agreement	Write a natural, coherent English sentence.
505	12	Derek praised this big thesis.	Derek praised these big thesis.	-72.5	-72.5	-10.375	-10.375	False	False	morphology	determiner_noun_agreement	Write a natural, coherent English sentence.
506	12	Gary has disgusted those unsure people.	Gary has disgusted that unsure people.	-93.0	-93.5	-10.375	-10.375	True	False	morphology	determiner_noun_agreement	Write a natural, coherent English sentence.
507	12	A senator insulted this bad synopsis.	A senator insulted these bad synopsis.	-103.5	-103.5	-10.375	-10.375	False	False	morphology	determiner_noun_agreement	Write a natural, coherent English sentence.
508	12	A lot of drivers visit these purple oases.	A lot of drivers visit this purple oases.	-103.5	-103.5	-10.375	-10.375	False	False	morphology	determiner_noun_agreement	Write a natural, coherent English sentence.
509	12	Richard isn't attacking this fast child.	Richard isn't attacking these fast child.	-93.5	-93.5	-10.375	-10.375	False	False	morphology	determiner_noun_agreement	Write a natural, coherent English sentence.
510	12	Frank shocked that unsure man.	Frank shocked those unsure man.	-72.5	-72.5	-10.375	-10.375	False	False	morphology	determiner_noun_agreement	Write a natural, coherent English sentence.
511	12	Brett returned to that confident man.	Brett returned to those confident man.	-83.0	-83.0	-10.375	-10.375	False	False	morphology	determiner_noun_agreement	Write a natural, coherent English sentence.
512	12	Many ladies weren't passing these old oases.	Many ladies weren't passing this old oases.	-114.0	-114.0	-10.375	-10.375	False	False	morphology	determiner_noun_agreement	Write a natural, coherent English sentence.
513	12	A waiter brought those purple teeth.	A waiter brought that purple teeth.	-83.0	-83.0	-10.375	-10.375	False	False	morphology	determiner_noun_agreement	Write a natural, coherent English sentence.
514	12	Beverly has fired this fast alumnus.	Beverly has fired these fast alumnus.	-103.5	-103.5	-10.375	-10.375	False	False	morphology	determiner_noun_agreement	Write a natural, coherent English sentence.
515	12	Men haven't observed that standing man.	Men haven't observed those standing man.	-93.5	-93.5	-10.375	-10.375	False	False	morphology	determiner_noun_agreement	Write a natural, coherent English sentence.
516	12	Tiffany admired this ill child.	Tiffany admired these ill child.	-93.5	-93.5	-10.375	-10.375	False	False	morphology	determiner_noun_agreement	Write a natural, coherent English sentence.
517	12	That patient didn't love that unemployed alumnus.	That patient didn't love those unemployed alumnus.	-135.0	-135.0	-10.375	-10.375	False	False	morphology	determiner_noun_agreement	Write a natural, coherent English sentence.
518	12	Aaron reveals that red tooth.	Aaron reveals those red tooth.	-62.25	-62.25	-10.375	-10.375	False	False	morphology	determiner_noun_agreement	Write a natural, coherent English sentence.
519	12	Monica was insulting those bad people.	Monica was insulting that bad people.	-93.0	-93.5	-10.375	-10.375	True	False	morphology	determiner_noun_agreement	Write a natural, coherent English sentence.
520	12	These teenagers watch that old alumnus.	These teenagers watch those old alumnus.	-103.5	-103.5	-10.375	-10.375	False	False	morphology	determiner_noun_agreement	Write a natural, coherent English sentence.
521	12	Tina might confuse this exposed child.	Tina might confuse these exposed child.	-93.5	-93.5	-10.375	-10.375	False	False	morphology	determiner_noun_agreement	Write a natural, coherent English sentence.
522	12	A face was confusing that nice woman.	A face was confusing those nice woman.	-83.0	-83.0	-10.375	-10.375	False	False	morphology	determiner_noun_agreement	Write a natural, coherent English sentence.
523	12	An adult researches that good analysis.	An adult researches those good analysis.	-103.5	-104.0	-10.375	-10.375	True	False	morphology	determiner_noun_agreement	Write a natural, coherent English sentence.
524	12	Some broccoli isn't annoying these unconvinced women.	Some broccoli isn't annoying this unconvinced women.	-156.0	-156.0	-10.375	-10.375	False	False	morphology	determiner_noun_agreement	Write a natural, coherent English sentence.
525	12	Nancy talks about these content children.	Nancy talks about this content children.	-72.5	-72.5	-10.375	-10.375	False	False	morphology	determiner_noun_agreement	Write a natural, coherent English sentence.
526	12	Regina found this lost ox.	Regina found these lost ox.	-83.0	-83.0	-10.375	-10.375	False	False	morphology	determiner_noun_agreement	Write a natural, coherent English sentence.
527	12	Emily had respected that clever man.	Emily had respected those clever man.	-72.5	-72.5	-10.375	-10.375	False	False	morphology	determiner_noun_agreement	Write a natural, coherent English sentence.
528	12	Kathleen has worked with this confident man.	Kathleen has worked with these confident man.	-93.5	-93.5	-10.375	-10.375	False	False	morphology	determiner_noun_agreement	Write a natural, coherent English sentence.
529	12	Most customers are distracting these determined children.	Most customers are distracting this determined children.	-93.0	-93.0	-10.375	-10.375	False	False	morphology	determiner_noun_agreement	Write a natural, coherent English sentence.
530	12	Rachelle didn't cure this black octopus.	Rachelle didn't cure these black octopus.	-124.0	-124.5	-10.375	-10.375	True	False	morphology	determiner_noun_agreement	Write a natural, coherent English sentence.
531	12	Steven hugs these standing men.	Steven hugs this standing men.	-72.5	-72.5	-10.375	-10.375	False	False	morphology	determiner_noun_agreement	Write a natural, coherent English sentence.
532	12	Every popsicle shocked those excited men.	Every popsicle shocked that excited men.	-93.5	-93.5	-10.375	-10.375	False	False	morphology	determiner_noun_agreement	Write a natural, coherent English sentence.
533	12	Sonia lifts that new oasis.	Sonia lifts those new oasis.	-93.0	-93.0	-10.375	-10.375	False	False	morphology	determiner_noun_agreement	Write a natural, coherent English sentence.
534	12	Cheryl might tour that purple oasis.	Cheryl might tour those purple oasis.	-93.0	-93.0	-10.375	-10.3125	False	False	morphology	determiner_noun_agreement	Write a natural, coherent English sentence.
535	12	This doctor appreciates this bad child.	This doctor appreciates these bad child.	-83.0	-83.0	-10.375	-10.375	False	False	morphology	determiner_noun_agreement	Write a natural, coherent English sentence.
536	12	Leslie breaks those red feet.	Leslie breaks that red feet.	-72.5	-72.5	-10.375	-10.375	False	False	morphology	determiner_noun_agreement	Write a natural, coherent English sentence.
537	12	Bethany hasn't hidden that yellow louse.	Bethany hasn't hidden those yellow louse.	-114.0	-114.0	-10.375	-10.375	False	False	morphology	determiner_noun_agreement	Write a natural, coherent English sentence.
538	12	Some people have criticized this brown thesis.	Some people have criticized these brown thesis.	-93.0	-93.0	-10.3125	-10.3125	False	False	morphology	determiner_noun_agreement	Write a natural, coherent English sentence.
539	12	Noah heals this determined child.	Noah heals these determined child.	-72.5	-72.5	-10.375	-10.375	False	False	morphology	determiner_noun_agreement	Write a natural, coherent English sentence.
540	12	Kevin biked to those big oases.	Kevin biked to that big oases.	-103.5	-103.5	-10.375	-10.375	False	False	morphology	determiner_noun_agreement	Write a natural, coherent English sentence.
541	12	Wayne hadn't bored these sick men.	Wayne hadn't bored this sick men.	-93.5	-93.5	-10.375	-10.375	False	False	morphology	determiner_noun_agreement	Write a natural, coherent English sentence.
542	12	Amy returns to those young alumni.	Amy returns to that young alumni.	-93.0	-93.0	-10.375	-10.375	False	False	morphology	determiner_noun_agreement	Write a natural, coherent English sentence.
543	12	That gate did aggravate this excited woman.	That gate did aggravate these excited woman.	-104.0	-104.0	-10.375	-10.375	False	False	morphology	determiner_noun_agreement	Write a natural, coherent English sentence.
544	12	Melissa observes that bad child.	Melissa observes those bad child.	-83.0	-83.0	-10.375	-10.375	False	False	morphology	determiner_noun_agreement	Write a natural, coherent English sentence.
545	12	Kathleen wasn't scanning those long synopses.	Kathleen wasn't scanning that long synopses.	-135.0	-135.0	-10.375	-10.375	False	False	morphology	determiner_noun_agreement	Write a natural, coherent English sentence.
546	12	That guy dropped by these white oases.	That guy dropped by this white oases.	-93.0	-93.0	-10.375	-10.375	False	False	morphology	determiner_noun_agreement	Write a natural, coherent English sentence.
547	12	Every child might fire this serious child.	Every child might fire these serious child.	-83.0	-83.0	-10.375	-10.375	False	False	morphology	determiner_noun_agreement	Write a natural, coherent English sentence.
548	12	Meredith had concealed that black thesis.	Meredith had concealed those black thesis.	-104.0	-104.0	-10.375	-10.375	False	False	morphology	determiner_noun_agreement	Write a natural, coherent English sentence.
549	12	Randolf didn't see these blue teeth.	Randolf didn't see this blue teeth.	-104.0	-104.0	-10.375	-10.375	False	False	morphology	determiner_noun_agreement	Write a natural, coherent English sentence.
550	12	Some guy passes that rough oasis.	Some guy passes those rough oasis.	-83.0	-83.0	-10.375	-10.375	False	False	morphology	determiner_noun_agreement	Write a natural, coherent English sentence.
551	12	Guys hurts that smart man.	Guys hurts those smart man.	-83.0	-83.0	-10.375	-10.375	False	False	morphology	determiner_noun_agreement	Write a natural, coherent English sentence.
552	12	Many museums should describe this fast man.	Many museums should describe these fast man.	-93.0	-93.5	-10.375	-10.375	True	False	morphology	determiner_noun_agreement	Write a natural, coherent English sentence.
553	12	A lot of chairs haven't embarrassed this serious man.	A lot of chairs haven't embarrassed these serious man.	-124.5	-124.5	-10.375	-10.375	False	False	morphology	determiner_noun_agreement	Write a natural, coherent English sentence.
554	12	Emily talked about that ill alumnus.	Emily talked about those ill alumnus.	-93.0	-93.0	-10.375	-10.375	False	False	morphology	determiner_noun_agreement	Write a natural, coherent English sentence.
555	12	A lot of girls notice these black lice.	A lot of girls notice this black lice.	-103.5	-103.5	-10.375	-10.375	False	False	morphology	determiner_noun_agreement	Write a natural, coherent English sentence.
556	12	Those schools reference that green thesis.	Those schools reference those green thesis.	-72.5	-72.5	-10.375	-10.375	False	False	morphology	determiner_noun_agreement	Write a natural, coherent English sentence.
557	12	Bradley had bored this delighted alumnus.	Bradley had bored these delighted alumnus.	-103.5	-103.5	-10.375	-10.375	False	False	morphology	determiner_noun_agreement	Write a natural, coherent English sentence.
558	12	Melinda scares this good woman.	Melinda scares these good woman.	-83.0	-83.0	-10.375	-10.375	False	False	morphology	determiner_noun_agreement	Write a natural, coherent English sentence.
559	12	Those pedestrians go to those big oases.	Those pedestrians go to that big oases.	-114.0	-114.0	-10.375	-10.375	False	False	morphology	determiner_noun_agreement	Write a natural, coherent English sentence.
560	12	Many doctors escaped from that lost child.	Many doctors escaped from those lost child.	-83.0	-83.0	-10.375	-10.375	False	False	morphology	determiner_noun_agreement	Write a natural, coherent English sentence.
561	12	Tamara isn't revealing that orange ox.	Tamara isn't revealing those orange ox.	-103.5	-103.5	-10.375	-10.375	False	False	morphology	determiner_noun_agreement	Write a natural, coherent English sentence.
562	12	Many patients arrive at that hidden oasis.	Many patients arrive at those hidden oasis.	-93.0	-93.0	-10.375	-10.375	False	False	morphology	determiner_noun_agreement	Write a natural, coherent English sentence.
563	12	Beth leaves these happy children.	Beth leaves this happy children.	-62.25	-62.25	-10.375	-10.375	False	False	morphology	determiner_noun_agreement	Write a natural, coherent English sentence.
564	12	Deanna broke that yellow foot.	Deanna broke those yellow foot.	-72.5	-72.5	-10.375	-10.375	False	False	morphology	determiner_noun_agreement	Write a natural, coherent English sentence.
565	12	Jessica had talked to that concealed man.	Jessica had talked to those concealed man.	-93.5	-93.5	-10.375	-10.375	False	False	morphology	determiner_noun_agreement	Write a natural, coherent English sentence.
566	12	Those actors praise those long synopses.	Those actors praise that long synopses.	-93.5	-93.5	-10.375	-10.375	False	False	morphology	determiner_noun_agreement	Write a natural, coherent English sentence.
567	12	This coat hasn't astounded these popular men.	This coat hasn't astounded this popular men.	-124.5	-124.5	-10.375	-10.375	False	False	morphology	determiner_noun_agreement	Write a natural, coherent English sentence.
568	12	Wendy does talk to this scared alumnus.	Wendy does talk to these scared alumnus.	-114.0	-114.0	-10.375	-10.375	False	False	morphology	determiner_noun_agreement	Write a natural, coherent English sentence.
569	12	Christine is questioning these happy men.	Christine is questioning this happy men.	-83.0	-83.0	-10.375	-10.375	False	False	morphology	determiner_noun_agreement	Write a natural, coherent English sentence.
570	12	All doctors loved that displeased man.	All doctors loved those displeased man.	-93.5	-93.5	-10.375	-10.375	False	False	morphology	determiner_noun_agreement	Write a natural, coherent English sentence.
571	12	Waitresses researched these long synopses.	Waitresses researched this long synopses.	-135.0	-135.0	-10.375	-10.375	False	False	morphology	determiner_noun_agreement	Write a natural, coherent English sentence.
572	12	Alexander can flee from this nice woman.	Alexander can flee from these nice woman.	-93.5	-93.5	-10.375	-10.375	False	False	morphology	determiner_noun_agreement	Write a natural, coherent English sentence.
573	12	Walter hadn't hated this fast man.	Walter hadn't hated these fast man.	-93.5	-93.5	-10.375	-10.375	False	False	morphology	determiner_noun_agreement	Write a natural, coherent English sentence.
574	12	Those cashiers buy those smooth lice.	Those cashiers buy that smooth lice.	-93.0	-93.0	-10.375	-10.375	False	False	morphology	determiner_noun_agreement	Write a natural, coherent English sentence.
575	12	Sonia hid that determined child.	Sonia hid those determined child.	-72.5	-72.5	-10.375	-10.375	False	False	morphology	determiner_noun_agreement	Write a natural, coherent English sentence.
576	12	Barbara is observing that excited person.	Barbara is observing those excited person.	-83.0	-83.0	-10.375	-10.375	False	False	morphology	determiner_noun_agreement	Write a natural, coherent English sentence.
577	12	That company stuns these unconvinced women.	That company stuns this unconvinced women.	-114.0	-114.0	-10.375	-10.375	False	False	morphology	determiner_noun_agreement	Write a natural, coherent English sentence.
578	12	Paul thought about those bad theses.	Paul thought about that bad theses.	-83.0	-83.0	-10.375	-10.375	False	False	morphology	determiner_noun_agreement	Write a natural, coherent English sentence.
579	12	Victoria escaped from these displeased children.	Victoria escaped from this displeased children.	-93.5	-93.0	-10.375	-10.375	False	False	morphology	determiner_noun_agreement	Write a natural, coherent English sentence.
580	12	Brad notices this big octopus.	Brad notices these big octopus.	-93.0	-93.0	-10.375	-10.375	False	False	morphology	determiner_noun_agreement	Write a natural, coherent English sentence.
581	12	Adam is praising those yellow theses.	Adam is praising that yellow theses.	-93.5	-93.5	-10.375	-10.375	False	False	morphology	determiner_noun_agreement	Write a natural, coherent English sentence.
582	12	Douglas did tour those hidden oases.	Douglas did tour that hidden oases.	-83.0	-83.0	-10.375	-10.375	False	False	morphology	determiner_noun_agreement	Write a natural, coherent English sentence.
583	12	Gerald couldn't know these happy men.	Gerald couldn't know this happy men.	-103.5	-103.5	-10.375	-10.375	False	False	morphology	determiner_noun_agreement	Write a natural, coherent English sentence.
584	12	Those women hug that smart man.	Those women hug those smart man.	-73.0	-73.0	-10.375	-10.375	False	False	morphology	determiner_noun_agreement	Write a natural, coherent English sentence.
585	12	These senators wouldn't forget that long synopsis.	These senators wouldn't forget those long synopsis.	-124.5	-124.5	-10.375	-10.375	False	False	morphology	determiner_noun_agreement	Write a natural, coherent English sentence.
586	12	Edward took those lost stimuli.	Edward took that lost stimuli.	-72.5	-72.5	-10.375	-10.375	False	False	morphology	determiner_noun_agreement	Write a natural, coherent English sentence.
587	12	The waitresses did know this lucky person.	The waitresses did know these lucky person.	-103.5	-103.5	-10.375	-10.375	False	False	morphology	determiner_noun_agreement	Write a natural, coherent English sentence.
588	12	That library might love this important person.	That library might love these important person.	-83.0	-83.0	-10.375	-10.375	False	False	morphology	determiner_noun_agreement	Write a natural, coherent English sentence.
589	12	Carrie was healing this gray octopus.	Carrie was healing these gray octopus.	-103.5	-103.5	-10.375	-10.375	False	False	morphology	determiner_noun_agreement	Write a natural, coherent English sentence.
590	12	Sonia hadn't cleaned those gray teeth.	Sonia hadn't cleaned that gray teeth.	-103.5	-103.5	-10.375	-10.375	False	False	morphology	determiner_noun_agreement	Write a natural, coherent English sentence.
591	12	The Lutherans alarmed this confident woman.	The Lutherans alarmed these confident woman.	-93.5	-93.5	-10.375	-10.375	False	False	morphology	determiner_noun_agreement	Write a natural, coherent English sentence.
592	12	This shirt impressed those popular people.	This shirt impressed that popular people.	-72.5	-72.5	-10.375	-10.375	False	False	morphology	determiner_noun_agreement	Write a natural, coherent English sentence.
593	12	Some schools love that employed person.	Some schools love those employed person.	-72.5	-72.5	-10.375	-10.375	False	False	morphology	determiner_noun_agreement	Write a natural, coherent English sentence.
594	12	Valerie hasn't known this young child.	Valerie hasn't known these young child.	-103.5	-103.5	-10.375	-10.375	False	False	morphology	determiner_noun_agreement	Write a natural, coherent English sentence.
595	12	Scott respected those displeased men.	Scott respected that displeased men.	-83.0	-83.0	-10.375	-10.375	False	False	morphology	determiner_noun_agreement	Write a natural, coherent English sentence.
596	12	The ladies work with those lost children.	The ladies work with that lost children.	-83.0	-83.0	-10.375	-10.375	False	False	morphology	determiner_noun_agreement	Write a natural, coherent English sentence.
597	12	Dawn had biked to this small oasis.	Dawn had biked to these small oasis.	-124.0	-124.0	-10.375	-10.375	False	False	morphology	determiner_noun_agreement	Write a natural, coherent English sentence.
598	12	Samantha would explore that gray oasis.	Samantha would explore those gray oasis.	-103.5	-103.5	-10.375	-10.375	False	False	morphology	determiner_noun_agreement	Write a natural, coherent English sentence.
599	12	All steps upset those unemployed men.	All steps upset that unemployed men.	-83.0	-83.0	-10.375	-10.375	False	False	morphology	determiner_noun_agreement	Write a natural, coherent English sentence.
600	12	Marla has described that unemployed woman.	Marla has described those unemployed woman.	-93.5	-93.0	-10.375	-10.375	False	False	morphology	determiner_noun_agreement	Write a natural, coherent English sentence.
601	12	Most universities bore those excited children.	Most universities bore that excited children.	-72.5	-72.5	-10.375	-10.375	False	False	morphology	determiner_noun_agreement	Write a natural, coherent English sentence.
602	12	These banks should reference that purple thesis.	These banks should reference those purple thesis.	-83.0	-83.0	-10.375	-10.375	False	False	morphology	determiner_noun_agreement	Write a natural, coherent English sentence.
603	12	Sherry brought those concealed geese.	Sherry brought that concealed geese.	-93.5	-93.5	-10.375	-10.375	False	False	morphology	determiner_noun_agreement	Write a natural, coherent English sentence.
604	12	Many pedestrians complain about these long analyses.	Many pedestrians complain about this long analyses.	-114.0	-114.0	-10.375	-10.375	False	False	morphology	determiner_noun_agreement	Write a natural, coherent English sentence.
605	12	Theresa fixed these small teeth.	Theresa fixed this small teeth.	-72.5	-72.5	-10.375	-10.375	False	False	morphology	determiner_noun_agreement	Write a natural, coherent English sentence.
606	12	This lake disturbed those unconvinced men.	This lake disturbed that unconvinced men.	-114.0	-114.0	-10.375	-10.375	False	False	morphology	determiner_noun_agreement	Write a natural, coherent English sentence.
607	12	Catherine was talking about those bad synopses.	Catherine was talking about that bad synopses.	-103.5	-103.5	-10.375	-10.375	False	False	morphology	determiner_noun_agreement	Write a natural, coherent English sentence.
608	12	Alicia had escaped from these hidden men.	Alicia had escaped from this hidden men.	-103.5	-103.5	-10.375	-10.375	False	False	morphology	determiner_noun_agreement	Write a natural, coherent English sentence.
609	12	Natalie hasn't worked with this confident woman.	Natalie hasn't worked with these confident woman.	-114.0	-114.0	-10.375	-10.375	False	False	morphology	determiner_noun_agreement	Write a natural, coherent English sentence.
610	12	Amelia annoyed this smart man.	Amelia annoyed these smart man.	-83.0	-83.0	-10.375	-10.375	False	False	morphology	determiner_noun_agreement	Write a natural, coherent English sentence.
611	12	Every guest is irritating this serious child.	Every guest is irritating these serious child.	-93.5	-93.5	-10.375	-10.375	False	False	morphology	determiner_noun_agreement	Write a natural, coherent English sentence.
612	12	All reports annoyed this hopeful person.	All reports annoyed these hopeful person.	-93.0	-93.0	-10.375	-10.375	False	False	morphology	determiner_noun_agreement	Write a natural, coherent English sentence.
613	12	These women break those orange teeth.	These women break that orange teeth.	-72.5	-72.5	-10.375	-10.375	False	False	morphology	determiner_noun_agreement	Write a natural, coherent English sentence.
614	12	Christopher could shock this excited child.	Christopher could shock these excited child.	-72.5	-72.5	-10.375	-10.375	False	False	morphology	determiner_noun_agreement	Write a natural, coherent English sentence.
615	12	This spotlight hasn't disgusted that employed child.	This spotlight hasn't disgusted those employed child.	-124.5	-124.5	-10.375	-10.375	False	False	morphology	determiner_noun_agreement	Write a natural, coherent English sentence.
616	12	Samantha fled from that busy child.	Samantha fled from those busy child.	-93.0	-93.0	-10.375	-10.375	False	False	morphology	determiner_noun_agreement	Write a natural, coherent English sentence.
617	12	Lucille arrived at that hard oasis.	Lucille arrived at those hard oasis.	-93.0	-93.0	-10.375	-10.375	False	False	morphology	determiner_noun_agreement	Write a natural, coherent English sentence.
618	12	All teachers see those yellow lice.	All teachers see that yellow lice.	-83.0	-83.0	-10.375	-10.375	False	False	morphology	determiner_noun_agreement	Write a natural, coherent English sentence.
619	12	Some photographs haven't looked like these small octopi.	Some photographs haven't looked like this small octopi.	-135.0	-135.0	-10.375	-10.375	False	False	morphology	determiner_noun_agreement	Write a natural, coherent English sentence.
620	12	Danielle brought those blue feet.	Danielle brought that blue feet.	-72.5	-72.5	-10.375	-10.375	False	False	morphology	determiner_noun_agreement	Write a natural, coherent English sentence.
621	12	Todd hadn't left those exposed men.	Todd hadn't left that exposed men.	-93.5	-93.5	-10.375	-10.375	False	False	morphology	determiner_noun_agreement	Write a natural, coherent English sentence.
622	12	Some doctors embarrasses those delighted alumni.	Some doctors embarrasses that delighted alumni.	-103.5	-103.5	-10.375	-10.375	False	False	morphology	determiner_noun_agreement	Write a natural, coherent English sentence.
623	12	The actresses forget that unemployed alumnus.	The actresses forget those unemployed alumnus.	-114.0	-114.0	-10.375	-10.375	False	False	morphology	determiner_noun_agreement	Write a natural, coherent English sentence.
624	12	A lot of socks alarm this unsure alumnus.	A lot of socks alarm these unsure alumnus.	-124.0	-124.0	-10.375	-10.375	False	False	morphology	determiner_noun_agreement	Write a natural, coherent English sentence.
625	12	The customers are thinking about that busy child.	The customers are thinking about those busy child.	-93.5	-93.5	-10.375	-10.375	False	False	morphology	determiner_noun_agreement	Write a natural, coherent English sentence.
626	12	Kristin wasn't kissing those small men.	Kristin wasn't kissing that small men.	-114.0	-114.0	-10.375	-10.375	False	False	morphology	determiner_noun_agreement	Write a natural, coherent English sentence.
627	12	Omar hasn't broken this broken foot.	Omar hasn't broken these broken foot.	-103.5	-103.5	-10.375	-10.375	False	False	morphology	determiner_noun_agreement	Write a natural, coherent English sentence.
628	12	The actress worked with this nice woman.	The actress worked with these nice woman.	-83.0	-83.0	-10.375	-10.375	False	False	morphology	determiner_noun_agreement	Write a natural, coherent English sentence.
629	12	Patients insult these happy people.	Patients insult this happy people.	-72.5	-72.5	-10.375	-10.375	False	False	morphology	determiner_noun_agreement	Write a natural, coherent English sentence.
630	12	Spain bought those orange lice.	Spain bought that orange lice.	-72.5	-72.5	-10.375	-10.375	False	False	morphology	determiner_noun_agreement	Write a natural, coherent English sentence.
631	12	Those waiters didn't kiss this unlucky child.	Those waiters didn't kiss these unlucky child.	-135.0	-135.0	-10.375	-10.375	False	False	morphology	determiner_noun_agreement	Write a natural, coherent English sentence.
632	12	Jennifer isn't touring these old oases.	Jennifer isn't touring this old oases.	-114.0	-114.0	-10.375	-10.375	False	False	morphology	determiner_noun_agreement	Write a natural, coherent English sentence.
633	12	Glaciers upset this small child.	Glaciers upset these small child.	-83.0	-83.0	-10.375	-10.375	False	False	morphology	determiner_noun_agreement	Write a natural, coherent English sentence.
634	12	John investigated these old men.	John investigated this old men.	-62.25	-62.25	-10.375	-10.375	False	False	morphology	determiner_noun_agreement	Write a natural, coherent English sentence.
635	12	Some doctors hated these yellow theses.	Some doctors hated this yellow theses.	-83.0	-83.0	-10.375	-10.375	False	False	morphology	determiner_noun_agreement	Write a natural, coherent English sentence.
636	12	Linda described that clever man.	Linda described those clever man.	-62.25	-62.25	-10.375	-10.375	False	False	morphology	determiner_noun_agreement	Write a natural, coherent English sentence.
637	12	Many drawings are looking like these excited women.	Many drawings are looking like this excited women.	-93.5	-93.5	-10.375	-10.375	False	False	morphology	determiner_noun_agreement	Write a natural, coherent English sentence.
638	12	Mitchell had concealed that small tooth.	Mitchell had concealed those small tooth.	-83.0	-83.0	-10.375	-10.375	False	False	morphology	determiner_noun_agreement	Write a natural, coherent English sentence.
639	12	Every dog had irritated this young child.	Every dog had irritated these young child.	-93.0	-93.0	-10.375	-10.375	False	False	morphology	determiner_noun_agreement	Write a natural, coherent English sentence.
640	12	Some doctors lift this exposed ox.	Some doctors lift these exposed ox.	-72.5	-72.5	-10.375	-10.375	False	False	morphology	determiner_noun_agreement	Write a natural, coherent English sentence.
641	12	Valerie was disgusting that happy woman.	Valerie was disgusting those happy woman.	-93.5	-93.5	-10.375	-10.375	False	False	morphology	determiner_noun_agreement	Write a natural, coherent English sentence.
642	12	Claire hugs those clever men.	Claire hugs that clever men.	-72.5	-72.5	-10.375	-10.375	False	False	morphology	determiner_noun_agreement	Write a natural, coherent English sentence.
643	12	All adults go to these white oases.	All adults go to this white oases.	-93.0	-93.0	-10.375	-10.375	False	False	morphology	determiner_noun_agreement	Write a natural, coherent English sentence.
644	12	Bill observed this nice child.	Bill observed these nice child.	-62.25	-62.25	-10.375	-10.375	False	False	morphology	determiner_noun_agreement	Write a natural, coherent English sentence.
645	12	Diana kissed these delighted alumni.	Diana kissed this delighted alumni.	-83.0	-83.0	-10.375	-10.375	False	False	morphology	determiner_noun_agreement	Write a natural, coherent English sentence.
646	12	Governments are describing those sick people.	Governments are describing that sick people.	-83.0	-83.0	-10.375	-10.375	False	False	morphology	determiner_noun_agreement	Write a natural, coherent English sentence.
647	12	The doctors cure that young woman.	The doctors cure those young woman.	-72.5	-72.5	-10.375	-10.375	False	False	morphology	determiner_noun_agreement	Write a natural, coherent English sentence.
648	12	Dancers did disagree with this ill child.	Dancers did disagree with these ill child.	-93.5	-93.5	-10.375	-10.375	False	False	morphology	determiner_noun_agreement	Write a natural, coherent English sentence.
649	12	Veronica couldn't embarrass these exposed men.	Veronica couldn't embarrass this exposed men.	-114.0	-114.0	-10.375	-10.375	False	False	morphology	determiner_noun_agreement	Write a natural, coherent English sentence.
650	12	The students cared for that delighted man.	The students cared for those delighted man.	-83.0	-83.0	-10.375	-10.375	False	False	morphology	determiner_noun_agreement	Write a natural, coherent English sentence.
651	12	Steve conceals these important men.	Steve conceals this important men.	-72.5	-72.5	-10.375	-10.375	False	False	morphology	determiner_noun_agreement	Write a natural, coherent English sentence.
652	12	These actresses will talk to these content men.	These actresses will talk to this content men.	-103.5	-103.5	-10.375	-10.375	False	False	morphology	determiner_noun_agreement	Write a natural, coherent English sentence.
653	12	That teenager wouldn't buy these rough oxen.	That teenager wouldn't buy this rough oxen.	-114.0	-114.0	-10.375	-10.375	False	False	morphology	determiner_noun_agreement	Write a natural, coherent English sentence.
654	12	Sheila wouldn't kiss that happy child.	Sheila wouldn't kiss those happy child.	-103.5	-103.5	-10.375	-10.375	False	False	morphology	determiner_noun_agreement	Write a natural, coherent English sentence.
655	12	Erin drove to these out in the open oases.	Erin drove to this out in the open oases.	-124.0	-124.0	-10.375	-10.375	False	False	morphology	determiner_noun_agreement	Write a natural, coherent English sentence.
656	12	Every hat has embarrassed those hopeful people.	Every hat has embarrassed that hopeful people.	-93.0	-93.0	-10.375	-10.375	False	False	morphology	determiner_noun_agreement	Write a natural, coherent English sentence.
657	12	Every man is fleeing from that exposed oasis.	Every man is fleeing from those exposed oasis.	-114.0	-114.0	-10.375	-10.375	False	False	morphology	determiner_noun_agreement	Write a natural, coherent English sentence.
658	12	Some adults visit this ill man.	Some adults visit these ill man.	-72.5	-72.5	-10.375	-10.375	False	False	morphology	determiner_noun_agreement	Write a natural, coherent English sentence.
659	12	Janet did lift that good thesis.	Janet did lift those good thesis.	-83.0	-83.0	-10.375	-10.375	False	False	morphology	determiner_noun_agreement	Write a natural, coherent English sentence.
660	12	Katherine was cleaning this orange tooth.	Katherine was cleaning these orange tooth.	-83.0	-83.0	-10.375	-10.375	False	False	morphology	determiner_noun_agreement	Write a natural, coherent English sentence.
661	12	A lot of tomatoes can't confuse these ill alumni.	A lot of tomatoes can't confuse this ill alumni.	-166.0	-166.0	-10.375	-10.375	False	False	morphology	determiner_noun_agreement	Write a natural, coherent English sentence.
662	12	Rose goes to those out in the open oases.	Rose goes to that out in the open oases.	-114.0	-114.0	-10.375	-10.375	False	False	morphology	determiner_noun_agreement	Write a natural, coherent English sentence.
663	12	These governments criticize those gray oases.	These governments criticize that gray oases.	-93.5	-93.5	-10.375	-10.375	False	False	morphology	determiner_noun_agreement	Write a natural, coherent English sentence.
664	12	Kevin forgot those delighted men.	Kevin forgot that delighted men.	-62.25	-62.25	-10.375	-10.375	False	False	morphology	determiner_noun_agreement	Write a natural, coherent English sentence.
665	12	Most companies describe that long analysis.	Most companies describe those long analysis.	-72.5	-72.5	-10.375	-10.375	False	False	morphology	determiner_noun_agreement	Write a natural, coherent English sentence.
666	12	Vincent was skated around this small oasis.	Vincent was skated around these small oasis.	-103.5	-103.5	-10.375	-10.375	False	False	morphology	determiner_noun_agreement	Write a natural, coherent English sentence.
667	12	Many guys arrive at these out in the open oases.	Many guys arrive at this out in the open oases.	-124.0	-124.0	-10.375	-10.375	False	False	morphology	determiner_noun_agreement	Write a natural, coherent English sentence.
668	12	Gregory hadn't revealed these lost fungi.	Gregory hadn't revealed this lost fungi.	-104.0	-104.0	-10.375	-10.375	False	False	morphology	determiner_noun_agreement	Write a natural, coherent English sentence.
669	12	The cake stuns this standing man.	The cake stuns these standing man.	-83.0	-83.0	-10.375	-10.375	False	False	morphology	determiner_noun_agreement	Write a natural, coherent English sentence.
670	12	Cheryl isn't irritating that clever man.	Cheryl isn't irritating those clever man.	-114.0	-114.0	-10.375	-10.375	False	False	morphology	determiner_noun_agreement	Write a natural, coherent English sentence.
671	12	Some cat bores those old children.	Some cat bores that old children.	-83.0	-83.0	-10.375	-10.375	False	False	morphology	determiner_noun_agreement	Write a natural, coherent English sentence.
672	12	The actress knows that delighted child.	The actress knows those delighted child.	-72.5	-72.5	-10.375	-10.375	False	False	morphology	determiner_noun_agreement	Write a natural, coherent English sentence.
673	12	That actress had driven to these hidden oases.	That actress had driven to this hidden oases.	-104.0	-103.5	-10.375	-10.375	False	False	morphology	determiner_noun_agreement	Write a natural, coherent English sentence.
674	12	The Lutherans arrive at this cheap oasis.	The Lutherans arrive at these cheap oasis.	-103.5	-103.5	-10.375	-10.375	False	False	morphology	determiner_noun_agreement	Write a natural, coherent English sentence.
675	12	Diane was kissing those lost women.	Diane was kissing that lost women.	-93.0	-93.0	-10.375	-10.375	False	False	morphology	determiner_noun_agreement	Write a natural, coherent English sentence.
676	12	Larry disturbs this employed woman.	Larry disturbs these employed woman.	-83.0	-83.0	-10.375	-10.375	False	False	morphology	determiner_noun_agreement	Write a natural, coherent English sentence.
677	12	Pies shock this upset woman.	Pies shock these upset woman.	-72.5	-72.5	-10.375	-10.375	False	False	morphology	determiner_noun_agreement	Write a natural, coherent English sentence.
678	12	Some waiters hug this content alumnus.	Some waiters hug these content alumnus.	-103.5	-103.5	-10.375	-10.375	False	False	morphology	determiner_noun_agreement	Write a natural, coherent English sentence.
679	12	Anna talked to those unsure men.	Anna talked to that unsure men.	-83.0	-83.0	-10.375	-10.375	False	False	morphology	determiner_noun_agreement	Write a natural, coherent English sentence.
680	12	This school bores this determined man.	This school bores these determined man.	-83.0	-83.0	-10.375	-10.375	False	False	morphology	determiner_noun_agreement	Write a natural, coherent English sentence.
681	12	Omar had thought about these unemployed men.	Omar had thought about this unemployed men.	-103.5	-103.5	-10.375	-10.375	False	False	morphology	determiner_noun_agreement	Write a natural, coherent English sentence.
682	12	Winston Churchill cleaned these big nuclei.	Winston Churchill cleaned this big nuclei.	-103.5	-103.5	-10.375	-10.375	False	False	morphology	determiner_noun_agreement	Write a natural, coherent English sentence.
683	12	These organizations aren't concealing that exposed child.	These organizations aren't concealing those exposed child.	-114.0	-114.0	-10.375	-10.375	False	False	morphology	determiner_noun_agreement	Write a natural, coherent English sentence.
684	12	Erin bought this concealed axis.	Erin bought these concealed axis.	-83.0	-83.0	-10.375	-10.375	False	False	morphology	determiner_noun_agreement	Write a natural, coherent English sentence.
685	12	Dan examines this long analysis.	Dan examines these long analysis.	-72.5	-72.5	-10.375	-10.375	False	False	morphology	determiner_noun_agreement	Write a natural, coherent English sentence.
686	12	These drivers concealed these gray oxen.	These drivers concealed this gray oxen.	-93.0	-93.0	-10.375	-10.375	False	False	morphology	determiner_noun_agreement	Write a natural, coherent English sentence.
687	12	All children impresses this happy man.	All children impresses these happy man.	-83.0	-83.0	-10.375	-10.375	False	False	morphology	determiner_noun_agreement	Write a natural, coherent English sentence.
688	12	People will conceal that concealed man.	People will conceal those concealed man.	-93.0	-93.0	-10.375	-10.375	False	False	morphology	determiner_noun_agreement	Write a natural, coherent English sentence.
689	12	Some patient returns to this old man.	Some patient returns to these old man.	-83.0	-83.0	-10.375	-10.375	False	False	morphology	determiner_noun_agreement	Write a natural, coherent English sentence.
690	12	Many actresses discovered those big oases.	Many actresses discovered that big oases.	-93.0	-93.0	-10.375	-10.375	False	False	morphology	determiner_noun_agreement	Write a natural, coherent English sentence.
691	12	The school talks about those young alumni.	The school talks about that young alumni.	-103.5	-103.5	-10.375	-10.375	False	False	morphology	determiner_noun_agreement	Write a natural, coherent English sentence.
692	12	Omar admired these blue fungi.	Omar admired this blue fungi.	-93.5	-93.5	-10.375	-10.375	False	False	morphology	determiner_noun_agreement	Write a natural, coherent English sentence.
693	12	Some school can't hate these good people.	Some school can't hate this good people.	-104.0	-104.0	-10.375	-10.375	False	False	morphology	determiner_noun_agreement	Write a natural, coherent English sentence.
694	12	A lot of eggplants wouldn't disturb that determined woman.	A lot of eggplants wouldn't disturb those determined woman.	-145.0	-145.0	-10.375	-10.375	False	False	morphology	determiner_noun_agreement	Write a natural, coherent English sentence.
695	12	That cake could annoy these uncertain men.	That cake could annoy this uncertain men.	-83.0	-83.0	-10.375	-10.375	False	False	morphology	determiner_noun_agreement	Write a natural, coherent English sentence.
696	12	Lamps are worrying these hopeful alumni.	Lamps are worrying this hopeful alumni.	-114.0	-114.0	-10.375	-10.375	False	False	morphology	determiner_noun_agreement	Write a natural, coherent English sentence.
697	12	A lot of eggplants bore these excited alumni.	A lot of eggplants bore this excited alumni.	-135.0	-135.0	-10.375	-10.375	False	False	morphology	determiner_noun_agreement	Write a natural, coherent English sentence.
698	12	A lot of teachers arrived at these old oases.	A lot of teachers arrived at this old oases.	-114.0	-114.0	-10.375	-10.3125	False	False	morphology	determiner_noun_agreement	Write a natural, coherent English sentence.
699	12	Most sweaters hurt those happy people.	Most sweaters hurt that happy people.	-83.0	-83.0	-10.375	-10.375	False	False	morphology	determiner_noun_agreement	Write a natural, coherent English sentence.
700	12	Tara scans those good analyses.	Tara scans that good analyses.	-93.5	-93.5	-10.375	-10.375	False	False	morphology	determiner_noun_agreement	Write a natural, coherent English sentence.
701	12	The man doesn't reference this out in the open woman.	The man doesn't reference these out in the open woman.	-135.0	-135.0	-10.375	-10.375	False	False	morphology	determiner_noun_agreement	Write a natural, coherent English sentence.
702	12	This cashier is leaving this employed person.	This cashier is leaving these employed person.	-93.5	-93.5	-10.375	-10.375	False	False	morphology	determiner_noun_agreement	Write a natural, coherent English sentence.
703	12	Bananas bother these clever alumni.	Bananas bother this clever alumni.	-93.0	-93.0	-10.375	-10.375	False	False	morphology	determiner_noun_agreement	Write a natural, coherent English sentence.
704	12	Some convertibles had worried those fast men.	Some convertibles had worried that fast men.	-93.5	-93.5	-10.375	-10.375	False	False	morphology	determiner_noun_agreement	Write a natural, coherent English sentence.
705	12	Carl bored those nice women.	Carl bored that nice women.	-62.25	-62.25	-10.375	-10.375	False	False	morphology	determiner_noun_agreement	Write a natural, coherent English sentence.
706	12	These teachers explore these old oases.	These teachers explore this old oases.	-83.0	-83.0	-10.375	-10.375	False	False	morphology	determiner_noun_agreement	Write a natural, coherent English sentence.
707	12	Many waiters work with this scared child.	Many waiters work with these scared child.	-93.5	-93.5	-10.375	-10.375	False	False	morphology	determiner_noun_agreement	Write a natural, coherent English sentence.
708	12	Committees admire that smart child.	Committees admire those smart child.	-93.5	-93.5	-10.375	-10.375	False	False	morphology	determiner_noun_agreement	Write a natural, coherent English sentence.
709	12	Matt approaches this exposed child.	Matt approaches these exposed child.	-62.25	-62.25	-10.375	-10.375	False	False	morphology	determiner_noun_agreement	Write a natural, coherent English sentence.
710	12	Brian talks to this lucky man.	Brian talks to these lucky man.	-72.5	-72.5	-10.375	-10.375	False	False	morphology	determiner_noun_agreement	Write a natural, coherent English sentence.
711	12	A boy isn't talking about that red oasis.	A boy isn't talking about those red oasis.	-124.0	-124.0	-10.375	-10.375	False	False	morphology	determiner_noun_agreement	Write a natural, coherent English sentence.
712	12	Phillip bought those black feet.	Phillip bought that black feet.	-72.5	-72.5	-10.375	-10.375	False	False	morphology	determiner_noun_agreement	Write a natural, coherent English sentence.
713	12	Eric isn't buying those brown geese.	Eric isn't buying that brown geese.	-104.0	-104.0	-10.375	-10.375	False	False	morphology	determiner_noun_agreement	Write a natural, coherent English sentence.
714	12	Elaine remembers this delighted woman.	Elaine remembers these delighted woman.	-83.0	-83.0	-10.375	-10.375	False	False	morphology	determiner_noun_agreement	Write a natural, coherent English sentence.
715	12	This pedestrian arrives at that smooth oasis.	This pedestrian arrives at those smooth oasis.	-103.5	-103.5	-10.375	-10.375	False	False	morphology	determiner_noun_agreement	Write a natural, coherent English sentence.
716	12	Those men forget these smart men.	Those men forget this smart men.	-72.5	-72.5	-10.375	-10.375	False	False	morphology	determiner_noun_agreement	Write a natural, coherent English sentence.
717	12	Tara might alarm this unsure person.	Tara might alarm these unsure person.	-93.5	-93.5	-10.375	-10.375	False	False	morphology	determiner_noun_agreement	Write a natural, coherent English sentence.
718	12	Vanessa was healing those purple geese.	Vanessa was healing that purple geese.	-93.5	-93.5	-10.375	-10.375	False	False	morphology	determiner_noun_agreement	Write a natural, coherent English sentence.
719	12	Steven hasn't questioned those troubled people.	Steven hasn't questioned that troubled people.	-103.5	-103.5	-10.375	-10.375	False	False	morphology	determiner_noun_agreement	Write a natural, coherent English sentence.
720	12	Thomas hides this clever woman.	Thomas hides these clever woman.	-72.5	-72.5	-10.375	-10.375	False	False	morphology	determiner_noun_agreement	Write a natural, coherent English sentence.
721	12	Most eyes confuse these content alumni.	Most eyes confuse this content alumni.	-103.5	-103.5	-10.375	-10.375	False	False	morphology	determiner_noun_agreement	Write a natural, coherent English sentence.
722	12	That dog aggravates this busy child.	That dog aggravates these busy child.	-93.5	-93.0	-10.375	-10.375	False	False	morphology	determiner_noun_agreement	Write a natural, coherent English sentence.
723	12	Karen has attacked this popular child.	Karen has attacked these popular child.	-72.5	-72.5	-10.375	-10.375	False	False	morphology	determiner_noun_agreement	Write a natural, coherent English sentence.
724	12	Heidi might confuse those displeased men.	Heidi might confuse that displeased men.	-114.0	-114.0	-10.375	-10.375	False	False	morphology	determiner_noun_agreement	Write a natural, coherent English sentence.
725	12	Maria kisses this bad person.	Maria kisses these bad person.	-72.5	-72.5	-10.375	-10.375	False	False	morphology	determiner_noun_agreement	Write a natural, coherent English sentence.
726	12	Tanya passes this purple oasis.	Tanya passes these purple oasis.	-83.0	-83.0	-10.375	-10.375	False	False	morphology	determiner_noun_agreement	Write a natural, coherent English sentence.
727	12	Marla has respected those delighted alumni.	Marla has respected that delighted alumni.	-104.0	-104.0	-10.375	-10.375	False	False	morphology	determiner_noun_agreement	Write a natural, coherent English sentence.
728	12	Paula is investigating this employed alumnus.	Paula is investigating these employed alumnus.	-114.0	-114.0	-10.375	-10.375	False	False	morphology	determiner_noun_agreement	Write a natural, coherent English sentence.
729	12	Most chairs aren't disgusting those serious women.	Most chairs aren't disgusting that serious women.	-114.0	-114.0	-10.375	-10.375	False	False	morphology	determiner_noun_agreement	Write a natural, coherent English sentence.
730	12	Men hadn't run around this purple oasis.	Men hadn't run around these purple oasis.	-114.0	-114.0	-10.375	-10.375	False	False	morphology	determiner_noun_agreement	Write a natural, coherent English sentence.
731	12	Tina hadn't arrived at those green oases.	Tina hadn't arrived at that green oases.	-124.5	-124.5	-10.375	-10.375	False	False	morphology	determiner_noun_agreement	Write a natural, coherent English sentence.
732	12	Karla knew this busy alumnus.	Karla knew these busy alumnus.	-93.0	-93.0	-10.375	-10.375	False	False	morphology	determiner_noun_agreement	Write a natural, coherent English sentence.
733	12	The actors care for these exposed people.	The actors care for this exposed people.	-83.0	-83.0	-10.375	-10.375	False	False	morphology	determiner_noun_agreement	Write a natural, coherent English sentence.
734	12	Michelle might alarm this employed man.	Michelle might alarm these employed man.	-72.5	-72.5	-10.375	-10.375	False	False	morphology	determiner_noun_agreement	Write a natural, coherent English sentence.
735	12	Maria hasn't walked through these hard oases.	Maria hasn't walked through this hard oases.	-114.0	-114.0	-10.375	-10.375	False	False	morphology	determiner_noun_agreement	Write a natural, coherent English sentence.
736	12	That report might disagree with those delighted men.	That report might disagree with that delighted men.	-93.5	-93.5	-10.375	-10.375	False	False	morphology	determiner_noun_agreement	Write a natural, coherent English sentence.
737	12	Actresses discuss this popular person.	Actresses discuss these popular person.	-83.0	-83.0	-10.375	-10.375	False	False	morphology	determiner_noun_agreement	Write a natural, coherent English sentence.
738	12	Holly won't watch these unlucky men.	Holly won't watch this unlucky men.	-114.0	-114.0	-10.375	-10.375	False	False	morphology	determiner_noun_agreement	Write a natural, coherent English sentence.
739	12	Carl was driving to those blue oases.	Carl was driving to that blue oases.	-93.5	-93.5	-10.375	-10.375	False	False	morphology	determiner_noun_agreement	Write a natural, coherent English sentence.
740	12	Bill passes that rough oasis.	Bill passes those rough oasis.	-72.5	-72.5	-10.375	-10.375	False	False	morphology	determiner_noun_agreement	Write a natural, coherent English sentence.
741	12	All men praise this good thesis.	All men praise these good thesis.	-72.5	-72.5	-10.375	-10.375	False	False	morphology	determiner_noun_agreement	Write a natural, coherent English sentence.
742	12	Many doctors should escape from these hopeful women.	Many doctors should escape from this hopeful women.	-103.5	-103.5	-10.375	-10.375	False	False	morphology	determiner_noun_agreement	Write a natural, coherent English sentence.
743	12	Many girls find these nice men.	Many girls find this nice men.	-72.5	-72.5	-10.375	-10.375	False	False	morphology	determiner_noun_agreement	Write a natural, coherent English sentence.
744	12	Every museum helps those concealed children.	Every museum helps that concealed children.	-83.0	-83.0	-10.375	-10.375	False	False	morphology	determiner_noun_agreement	Write a natural, coherent English sentence.
745	12	Marla was distracting these determined people.	Marla was distracting this determined people.	-93.5	-93.5	-10.375	-10.375	False	False	morphology	determiner_noun_agreement	Write a natural, coherent English sentence.
746	12	Those computers might confuse this nice child.	Those computers might confuse these nice child.	-93.5	-93.5	-10.375	-10.375	False	False	morphology	determiner_noun_agreement	Write a natural, coherent English sentence.
747	12	Tanya hasn't loved that content woman.	Tanya hasn't loved those content woman.	-104.0	-104.0	-10.375	-10.375	False	False	morphology	determiner_noun_agreement	Write a natural, coherent English sentence.
748	12	Theresa won't conceal those lost lice.	Theresa won't conceal that lost lice.	-124.5	-124.5	-10.375	-10.375	False	False	morphology	determiner_noun_agreement	Write a natural, coherent English sentence.
749	12	The Borgias do cure these out in the open octopi.	The Borgias do cure this out in the open octopi.	-156.0	-156.0	-10.375	-10.375	False	False	morphology	determiner_noun_agreement	Write a natural, coherent English sentence.
750	12	Kenneth messed up those lost teeth.	Kenneth messed up that lost teeth.	-93.0	-93.0	-10.375	-10.375	False	False	morphology	determiner_noun_agreement	Write a natural, coherent English sentence.
751	12	Jodi doesn't alarm these unsure people.	Jodi doesn't alarm this unsure people.	-114.0	-114.0	-10.375	-10.375	False	False	morphology	determiner_noun_agreement	Write a natural, coherent English sentence.
752	12	This customer scans those good analyses.	This customer scans that good analyses.	-93.5	-93.5	-10.375	-10.375	False	False	morphology	determiner_noun_agreement	Write a natural, coherent English sentence.
753	12	Vincent can't watch this hopeful alumnus.	Vincent can't watch these hopeful alumnus.	-124.5	-124.5	-10.375	-10.375	False	False	morphology	determiner_noun_agreement	Write a natural, coherent English sentence.
754	12	Jodi talked to this unconvinced child.	Jodi talked to these unconvinced child.	-114.0	-114.0	-10.375	-10.375	False	False	morphology	determiner_noun_agreement	Write a natural, coherent English sentence.
755	12	Katherine exited these exposed oases.	Katherine exited this exposed oases.	-93.0	-93.0	-10.375	-10.375	False	False	morphology	determiner_noun_agreement	Write a natural, coherent English sentence.
756	12	Beverly hasn't brought these rough fungi.	Beverly hasn't brought this rough fungi.	-114.0	-114.0	-10.375	-10.375	False	False	morphology	determiner_noun_agreement	Write a natural, coherent English sentence.
757	12	That unicycle is boring those standing children.	That unicycle is boring that standing children.	-103.5	-103.5	-10.375	-10.375	False	False	morphology	determiner_noun_agreement	Write a natural, coherent English sentence.
758	12	That boy can't escape from those unsure children.	That boy can't escape from that unsure children.	-124.0	-124.5	-10.375	-10.375	True	False	morphology	determiner_noun_agreement	Write a natural, coherent English sentence.
759	12	An adult bought these black axes.	An adult bought this black axes.	-83.0	-83.0	-10.375	-10.375	False	False	morphology	determiner_noun_agreement	Write a natural, coherent English sentence.
760	12	Sara isn't kissing this nice woman.	Sara isn't kissing these nice woman.	-103.5	-103.5	-10.375	-10.375	False	False	morphology	determiner_noun_agreement	Write a natural, coherent English sentence.
761	12	Robert couldn't embarrass those scared people.	Robert couldn't embarrass that scared people.	-93.5	-93.5	-10.375	-10.375	False	False	morphology	determiner_noun_agreement	Write a natural, coherent English sentence.
762	12	Deborah had fled from that important woman.	Deborah had fled from those important woman.	-103.5	-103.5	-10.375	-10.375	False	False	morphology	determiner_noun_agreement	Write a natural, coherent English sentence.
763	12	Brenda discussed that serious woman.	Brenda discussed those serious woman.	-72.5	-72.5	-10.375	-10.375	False	False	morphology	determiner_noun_agreement	Write a natural, coherent English sentence.
764	12	Some women questioned that big woman.	Some women questioned those big woman.	-72.5	-72.5	-10.375	-10.375	False	False	morphology	determiner_noun_agreement	Write a natural, coherent English sentence.
765	12	Rodney didn't kiss those displeased women.	Rodney didn't kiss that displeased women.	-124.5	-124.5	-10.375	-10.375	False	False	morphology	determiner_noun_agreement	Write a natural, coherent English sentence.
766	12	Carrie can help those lost alumni.	Carrie can help that lost alumni.	-103.5	-103.5	-10.375	-10.375	False	False	morphology	determiner_noun_agreement	Write a natural, coherent English sentence.
767	12	Many guests approach this lucky man.	Many guests approach these lucky man.	-72.5	-72.5	-10.375	-10.375	False	False	morphology	determiner_noun_agreement	Write a natural, coherent English sentence.
768	12	Some student messes up that hard foot.	Some student messes up those hard foot.	-93.0	-93.0	-10.375	-10.375	False	False	morphology	determiner_noun_agreement	Write a natural, coherent English sentence.
769	12	Some men had skated around these hard oases.	Some men had skated around this hard oases.	-114.0	-114.0	-10.375	-10.375	False	False	morphology	determiner_noun_agreement	Write a natural, coherent English sentence.
770	12	Some light would annoy those happy alumni.	Some light would annoy that happy alumni.	-103.5	-103.5	-10.375	-10.375	False	False	morphology	determiner_noun_agreement	Write a natural, coherent English sentence.
771	12	Many casseroles shock these unconvinced men.	Many casseroles shock this unconvinced men.	-124.5	-124.5	-10.375	-10.375	False	False	morphology	determiner_noun_agreement	Write a natural, coherent English sentence.
772	12	Carl talks about those confident children.	Carl talks about that confident children.	-72.5	-72.5	-10.375	-10.375	False	False	morphology	determiner_noun_agreement	Write a natural, coherent English sentence.
773	12	Timothy was dropping by those new oases.	Timothy was dropping by that new oases.	-103.5	-103.5	-10.375	-10.375	False	False	morphology	determiner_noun_agreement	Write a natural, coherent English sentence.
774	12	Lori has approached these scared people.	Lori has approached this scared people.	-83.0	-83.0	-10.375	-10.375	False	False	morphology	determiner_noun_agreement	Write a natural, coherent English sentence.
775	12	Jodi wouldn't mess up those orange feet.	Jodi wouldn't mess up that orange feet.	-114.0	-114.0	-10.375	-10.375	False	False	morphology	determiner_noun_agreement	Write a natural, coherent English sentence.
776	12	This newspaper article will embarrass this determined child.	This newspaper article will embarrass these determined child.	-93.5	-93.5	-10.375	-10.375	False	False	morphology	determiner_noun_agreement	Write a natural, coherent English sentence.
777	12	A lot of guys conceal this long analysis.	A lot of guys conceal these long analysis.	-103.5	-103.5	-10.375	-10.375	False	False	morphology	determiner_noun_agreement	Write a natural, coherent English sentence.
778	12	Lawrence fired that serious woman.	Lawrence fired those serious woman.	-62.25	-62.25	-10.375	-10.375	False	False	morphology	determiner_noun_agreement	Write a natural, coherent English sentence.
779	12	This story didn't bore this serious man.	This story didn't bore these serious man.	-104.0	-104.0	-10.375	-10.375	False	False	morphology	determiner_noun_agreement	Write a natural, coherent English sentence.
780	12	Mary can't remember that clever person.	Mary can't remember those clever person.	-93.5	-93.5	-10.375	-10.375	False	False	morphology	determiner_noun_agreement	Write a natural, coherent English sentence.
781	12	Marie could listen to that big woman.	Marie could listen to those big woman.	-83.0	-83.0	-10.375	-10.375	False	False	morphology	determiner_noun_agreement	Write a natural, coherent English sentence.
782	12	Clyde had those exposed axes.	Clyde had that exposed axes.	-93.0	-93.0	-10.375	-10.375	False	False	morphology	determiner_noun_agreement	Write a natural, coherent English sentence.
783	12	Victoria has left these delighted men.	Victoria has left this delighted men.	-72.5	-72.5	-10.375	-10.375	False	False	morphology	determiner_noun_agreement	Write a natural, coherent English sentence.
784	12	The Impressionists disagree with those bad analyses.	The Impressionists disagree with that bad analyses.	-114.0	-114.0	-10.375	-10.375	False	False	morphology	determiner_noun_agreement	Write a natural, coherent English sentence.
785	12	Amy took that hidden fungus.	Amy took those hidden fungus.	-83.0	-83.0	-10.375	-10.375	False	False	morphology	determiner_noun_agreement	Write a natural, coherent English sentence.
786	12	Rose was fixing this hard foot.	Rose was fixing these hard foot.	-72.5	-72.5	-10.375	-10.375	False	False	morphology	determiner_noun_agreement	Write a natural, coherent English sentence.
787	12	Most dishes weren't astounding these scared men.	Most dishes weren't astounding this scared men.	-124.0	-124.0	-10.375	-10.375	False	False	morphology	determiner_noun_agreement	Write a natural, coherent English sentence.
788	12	The doctor sees those smooth cacti.	The doctor sees that smooth cacti.	-93.5	-93.5	-10.375	-10.375	False	False	morphology	determiner_noun_agreement	Write a natural, coherent English sentence.
789	12	Rodney hadn't cured these white octopi.	Rodney hadn't cured this white octopi.	-135.0	-135.0	-10.375	-10.375	False	False	morphology	determiner_noun_agreement	Write a natural, coherent English sentence.
790	12	This museum hadn't disgusted these troubled men.	This museum hadn't disgusted this troubled men.	-124.5	-124.5	-10.375	-10.375	False	False	morphology	determiner_noun_agreement	Write a natural, coherent English sentence.
791	12	Patrick complained about those scared men.	Patrick complained about that scared men.	-72.5	-72.5	-10.375	-10.375	False	False	morphology	determiner_noun_agreement	Write a natural, coherent English sentence.
792	12	Jacqueline should stun these determined alumni.	Jacqueline should stun this determined alumni.	-124.5	-124.5	-10.375	-10.375	False	False	morphology	determiner_noun_agreement	Write a natural, coherent English sentence.
793	12	All apples worry this serious man.	All apples worry these serious man.	-83.0	-83.0	-10.375	-10.375	False	False	morphology	determiner_noun_agreement	Write a natural, coherent English sentence.
794	12	The drawing isn't scaring that old child.	The drawing isn't scaring those old child.	-114.0	-114.0	-10.375	-10.375	False	False	morphology	determiner_noun_agreement	Write a natural, coherent English sentence.
795	12	Veronica questioned this uncertain woman.	Veronica questioned these uncertain woman.	-83.0	-83.0	-10.375	-10.375	False	False	morphology	determiner_noun_agreement	Write a natural, coherent English sentence.
796	12	Vanessa hadn't known this determined alumnus.	Vanessa hadn't known these determined alumnus.	-124.5	-124.5	-10.375	-10.375	False	False	morphology	determiner_noun_agreement	Write a natural, coherent English sentence.
797	12	Cynthia hadn't kissed this unemployed man.	Cynthia hadn't kissed these unemployed man.	-135.0	-135.0	-10.375	-10.375	False	False	morphology	determiner_noun_agreement	Write a natural, coherent English sentence.
798	12	These companies irritate that exposed woman.	These companies irritate those exposed woman.	-83.0	-83.0	-10.375	-10.375	False	False	morphology	determiner_noun_agreement	Write a natural, coherent English sentence.
799	12	This dancer wasn't biking to this orange oasis.	This dancer wasn't biking to these orange oasis.	-145.0	-145.0	-10.375	-10.375	False	False	morphology	determiner_noun_agreement	Write a natural, coherent English sentence.
800	12	Those legislatures could disturb this upset alumnus.	Those legislatures could disturb these upset alumnus.	-114.0	-114.0	-10.375	-10.375	False	False	morphology	determiner_noun_agreement	Write a natural, coherent English sentence.
801	12	Some adult hasn't hidden these ill men.	Some adult hasn't hidden this ill men.	-103.5	-103.5	-10.375	-10.375	False	False	morphology	determiner_noun_agreement	Write a natural, coherent English sentence.
802	12	A cashier should insult these hidden children.	A cashier should insult this hidden children.	-93.0	-93.0	-10.375	-10.375	False	False	morphology	determiner_noun_agreement	Write a natural, coherent English sentence.
803	12	Danielle could annoy that confident man.	Danielle could annoy those confident man.	-83.0	-83.0	-10.375	-10.375	False	False	morphology	determiner_noun_agreement	Write a natural, coherent English sentence.
804	12	These teachers lift this exposed goose.	These teachers lift these exposed goose.	-83.0	-83.0	-10.375	-10.375	False	False	morphology	determiner_noun_agreement	Write a natural, coherent English sentence.
805	12	Christina drove to that exposed oasis.	Christina drove to those exposed oasis.	-93.0	-93.0	-10.375	-10.375	False	False	morphology	determiner_noun_agreement	Write a natural, coherent English sentence.
806	12	Jesus hadn't sounded like these hidden people.	Jesus hadn't sounded like this hidden people.	-104.0	-103.5	-10.375	-10.375	False	False	morphology	determiner_noun_agreement	Write a natural, coherent English sentence.
807	12	Many mushrooms irritate that upset man.	Many mushrooms irritate those upset man.	-93.5	-93.5	-10.375	-10.375	False	False	morphology	determiner_noun_agreement	Write a natural, coherent English sentence.
808	12	Some committee bought those white lice.	Some committee bought that white lice.	-83.0	-83.0	-10.375	-10.375	False	False	morphology	determiner_noun_agreement	Write a natural, coherent English sentence.
809	12	Daniel hasn't known this determined man.	Daniel hasn't known these determined man.	-93.5	-93.5	-10.375	-10.375	False	False	morphology	determiner_noun_agreement	Write a natural, coherent English sentence.
810	12	Art hadn't scared these serious alumni.	Art hadn't scared this serious alumni.	-114.0	-114.0	-10.375	-10.375	False	False	morphology	determiner_noun_agreement	Write a natural, coherent English sentence.
811	12	Alice fires this unconvinced child.	Alice fires these unconvinced child.	-93.5	-93.5	-10.375	-10.375	False	False	morphology	determiner_noun_agreement	Write a natural, coherent English sentence.
812	12	Melanie hid that exposed tooth.	Melanie hid those exposed tooth.	-72.5	-72.5	-10.375	-10.375	False	False	morphology	determiner_noun_agreement	Write a natural, coherent English sentence.
813	12	Most hamsters find that red tooth.	Most hamsters find those red tooth.	-83.0	-83.0	-10.375	-10.375	False	False	morphology	determiner_noun_agreement	Write a natural, coherent English sentence.
814	12	Those children explore those small oases.	Those children explore that small oases.	-83.0	-83.0	-10.375	-10.375	False	False	morphology	determiner_noun_agreement	Write a natural, coherent English sentence.
815	12	Most museums listen to this troubled man.	Most museums listen to these troubled man.	-103.5	-103.5	-10.3125	-10.3125	False	False	morphology	determiner_noun_agreement	Write a natural, coherent English sentence.
816	12	Patrick embarrassed this unemployed person.	Patrick embarrassed these unemployed person.	-72.5	-72.5	-10.375	-10.375	False	False	morphology	determiner_noun_agreement	Write a natural, coherent English sentence.
817	12	A lot of icicles had alarmed that hidden woman.	A lot of icicles had alarmed those hidden woman.	-124.5	-124.5	-10.375	-10.375	False	False	morphology	determiner_noun_agreement	Write a natural, coherent English sentence.
818	12	Matt hadn't impressed this exposed child.	Matt hadn't impressed these exposed child.	-93.5	-93.5	-10.375	-10.375	False	False	morphology	determiner_noun_agreement	Write a natural, coherent English sentence.
819	12	Eric might see those new feet.	Eric might see that new feet.	-72.5	-72.5	-10.375	-10.375	False	False	morphology	determiner_noun_agreement	Write a natural, coherent English sentence.
820	12	Some turtle can confuse this old alumnus.	Some turtle can confuse these old alumnus.	-135.0	-135.0	-10.375	-10.375	False	False	morphology	determiner_noun_agreement	Write a natural, coherent English sentence.
821	12	Most guests explore these smooth oases.	Most guests explore this smooth oases.	-83.0	-83.0	-10.375	-10.375	False	False	morphology	determiner_noun_agreement	Write a natural, coherent English sentence.
822	12	Brian has praised that happy alumnus.	Brian has praised those happy alumnus.	-93.0	-93.0	-10.375	-10.375	False	False	morphology	determiner_noun_agreement	Write a natural, coherent English sentence.
823	12	Karen sees these ill lice.	Karen sees this ill lice.	-72.5	-72.5	-10.375	-10.375	False	False	morphology	determiner_noun_agreement	Write a natural, coherent English sentence.
824	12	Alicia doesn't observe this confident alumnus.	Alicia doesn't observe these confident alumnus.	-135.0	-135.0	-10.375	-10.375	False	False	morphology	determiner_noun_agreement	Write a natural, coherent English sentence.
825	12	That horse does find this lost octopus.	That horse does find these lost octopus.	-103.5	-103.5	-10.375	-10.375	False	False	morphology	determiner_noun_agreement	Write a natural, coherent English sentence.
826	12	Those customers haven't annoyed those delighted children.	Those customers haven't annoyed that delighted children.	-114.0	-114.0	-10.375	-10.375	False	False	morphology	determiner_noun_agreement	Write a natural, coherent English sentence.
827	12	The Great Lakes confused these hidden women.	The Great Lakes confused this hidden women.	-93.5	-93.5	-10.375	-10.375	False	False	morphology	determiner_noun_agreement	Write a natural, coherent English sentence.
828	12	Russell watches these unsure women.	Russell watches this unsure women.	-72.5	-72.5	-10.375	-10.375	False	False	morphology	determiner_noun_agreement	Write a natural, coherent English sentence.
829	12	Jacqueline has concealed these long synopses.	Jacqueline has concealed this long synopses.	-124.5	-124.5	-10.375	-10.375	False	False	morphology	determiner_noun_agreement	Write a natural, coherent English sentence.
830	12	Carrie isn't hiring this small woman.	Carrie isn't hiring these small woman.	-103.5	-103.5	-10.375	-10.375	False	False	morphology	determiner_noun_agreement	Write a natural, coherent English sentence.
831	12	Charles doesn't admire these big mice.	Charles doesn't admire this big mice.	-114.0	-114.0	-10.375	-10.375	False	False	morphology	determiner_noun_agreement	Write a natural, coherent English sentence.
832	12	The Impressionists might think about that white thesis.	The Impressionists might think about those white thesis.	-114.0	-114.0	-10.375	-10.375	False	False	morphology	determiner_noun_agreement	Write a natural, coherent English sentence.
833	12	Most men question those bad people.	Most men question that bad people.	-72.5	-72.5	-10.375	-10.375	False	False	morphology	determiner_noun_agreement	Write a natural, coherent English sentence.
834	12	Lissa hasn't left this upset woman.	Lissa hasn't left these upset woman.	-104.0	-104.0	-10.375	-10.375	False	False	morphology	determiner_noun_agreement	Write a natural, coherent English sentence.
835	12	Janice won't fire that determined child.	Janice won't fire those determined child.	-104.0	-104.0	-10.375	-10.375	False	False	morphology	determiner_noun_agreement	Write a natural, coherent English sentence.
836	12	This company criticized this lucky man.	This company criticized these lucky man.	-83.0	-83.0	-10.375	-10.375	False	False	morphology	determiner_noun_agreement	Write a natural, coherent English sentence.
837	12	The banks hurt that excited woman.	The banks hurt those excited woman.	-72.5	-72.5	-10.375	-10.375	False	False	morphology	determiner_noun_agreement	Write a natural, coherent English sentence.
838	12	Peter wasn't walking through those red oases.	Peter wasn't walking through that red oases.	-114.0	-114.0	-10.375	-10.375	False	False	morphology	determiner_noun_agreement	Write a natural, coherent English sentence.
839	12	Rebecca wasn't referencing this long synopsis.	Rebecca wasn't referencing these long synopsis.	-114.0	-114.0	-10.375	-10.375	False	False	morphology	determiner_noun_agreement	Write a natural, coherent English sentence.
840	12	Naomi notices this smooth octopus.	Naomi notices these smooth octopus.	-103.5	-103.5	-10.375	-10.375	False	False	morphology	determiner_noun_agreement	Write a natural, coherent English sentence.
841	12	Patrick conceals this hard stimulus.	Patrick conceals these hard stimulus.	-83.0	-83.0	-10.375	-10.375	False	False	morphology	determiner_noun_agreement	Write a natural, coherent English sentence.
842	12	Candice shouldn't bring those smooth feet.	Candice shouldn't bring that smooth feet.	-103.5	-103.5	-10.375	-10.375	False	False	morphology	determiner_noun_agreement	Write a natural, coherent English sentence.
843	12	All books sound like those content women.	All books sound like that content women.	-83.0	-83.0	-10.375	-10.375	False	False	morphology	determiner_noun_agreement	Write a natural, coherent English sentence.
844	12	Bethany hasn't arrived at this white oasis.	Bethany hasn't arrived at these white oasis.	-124.5	-124.5	-10.375	-10.375	False	False	morphology	determiner_noun_agreement	Write a natural, coherent English sentence.
845	12	Steve reveals these unemployed alumni.	Steve reveals this unemployed alumni.	-93.5	-93.0	-10.375	-10.375	False	False	morphology	determiner_noun_agreement	Write a natural, coherent English sentence.
846	12	Sonia was upsetting that ill woman.	Sonia was upsetting those ill woman.	-93.0	-93.0	-10.375	-10.375	False	False	morphology	determiner_noun_agreement	Write a natural, coherent English sentence.
847	12	Keith wasn't boring these delighted men.	Keith wasn't boring this delighted men.	-93.5	-93.5	-10.375	-10.375	False	False	morphology	determiner_noun_agreement	Write a natural, coherent English sentence.
848	12	The Borgias admire these hard mice.	The Borgias admire this hard mice.	-114.0	-114.0	-10.375	-10.375	False	False	morphology	determiner_noun_agreement	Write a natural, coherent English sentence.
849	12	These drivers had forgotten this good analysis.	These drivers had forgotten these good analysis.	-83.0	-83.0	-10.375	-10.375	False	False	morphology	determiner_noun_agreement	Write a natural, coherent English sentence.
850	12	Helen skates around this blue oasis.	Helen skates around these blue oasis.	-93.0	-93.0	-10.375	-10.375	False	False	morphology	determiner_noun_agreement	Write a natural, coherent English sentence.
851	12	Galileo found that smooth stimulus.	Galileo found those smooth stimulus.	-93.0	-93.0	-10.375	-10.375	False	False	morphology	determiner_noun_agreement	Write a natural, coherent English sentence.
852	12	Kimberley isn't curing these small octopi.	Kimberley isn't curing this small octopi.	-145.0	-145.0	-10.375	-10.375	False	False	morphology	determiner_noun_agreement	Write a natural, coherent English sentence.
853	12	Debra didn't conceal these popular men.	Debra didn't conceal this popular men.	-114.0	-114.0	-10.375	-10.375	False	False	morphology	determiner_noun_agreement	Write a natural, coherent English sentence.
854	12	A lot of doctors hug these scared children.	A lot of doctors hug this scared children.	-93.0	-93.0	-10.375	-10.375	False	False	morphology	determiner_noun_agreement	Write a natural, coherent English sentence.
855	12	Those pedestrians weren't fleeing from these concealed men.	Those pedestrians weren't fleeing from this concealed men.	-156.0	-156.0	-10.375	-10.375	False	False	morphology	determiner_noun_agreement	Write a natural, coherent English sentence.
856	12	Those children find that exposed thesis.	Those children find those exposed thesis.	-72.5	-72.5	-10.375	-10.375	False	False	morphology	determiner_noun_agreement	Write a natural, coherent English sentence.
857	12	Debra admires these blue octopi.	Debra admires this blue octopi.	-103.5	-103.5	-10.375	-10.375	False	False	morphology	determiner_noun_agreement	Write a natural, coherent English sentence.
858	12	Bruce wasn't approaching that clever alumnus.	Bruce wasn't approaching those clever alumnus.	-114.0	-114.0	-10.375	-10.375	False	False	morphology	determiner_noun_agreement	Write a natural, coherent English sentence.
859	12	Lawrence isn't questioning that nice woman.	Lawrence isn't questioning those nice woman.	-93.5	-93.5	-10.375	-10.375	False	False	morphology	determiner_noun_agreement	Write a natural, coherent English sentence.
860	12	Some waitresses have this big octopus.	Some waitresses have these big octopus.	-114.0	-114.0	-10.375	-10.375	False	False	morphology	determiner_noun_agreement	Write a natural, coherent English sentence.
861	12	Carolyn had embarrassed that busy alumnus.	Carolyn had embarrassed those busy alumnus.	-103.5	-103.5	-10.375	-10.375	False	False	morphology	determiner_noun_agreement	Write a natural, coherent English sentence.
862	12	Jeffrey aggravated that smart man.	Jeffrey aggravated those smart man.	-93.0	-93.0	-10.375	-10.375	False	False	morphology	determiner_noun_agreement	Write a natural, coherent English sentence.
863	12	Guy messed up this yellow foot.	Guy messed up these yellow foot.	-83.0	-83.0	-10.375	-10.375	False	False	morphology	determiner_noun_agreement	Write a natural, coherent English sentence.
864	12	Every book is embarrassing this small woman.	Every book is embarrassing these small woman.	-93.0	-93.0	-10.375	-10.375	False	False	morphology	determiner_noun_agreement	Write a natural, coherent English sentence.
865	12	These associations were talking about these scared women.	These associations were talking about this scared women.	-93.5	-93.5	-10.375	-10.375	False	False	morphology	determiner_noun_agreement	Write a natural, coherent English sentence.
866	12	Todd disturbs this upset child.	Todd disturbs these upset child.	-83.0	-83.0	-10.375	-10.375	False	False	morphology	determiner_noun_agreement	Write a natural, coherent English sentence.
867	12	That window alarms these exposed women.	That window alarms this exposed women.	-83.0	-83.0	-10.375	-10.375	False	False	morphology	determiner_noun_agreement	Write a natural, coherent English sentence.
868	12	A window upsets these upset men.	A window upsets this upset men.	-83.0	-83.0	-10.375	-10.375	False	False	morphology	determiner_noun_agreement	Write a natural, coherent English sentence.
869	12	Monet is fixing that brown foot.	Monet is fixing those brown foot.	-83.0	-83.0	-10.375	-10.375	False	False	morphology	determiner_noun_agreement	Write a natural, coherent English sentence.
870	12	Adam left these big alumni.	Adam left this big alumni.	-83.0	-83.0	-10.375	-10.375	False	False	morphology	determiner_noun_agreement	Write a natural, coherent English sentence.
871	12	Stacy can exit that big oasis.	Stacy can exit those big oasis.	-93.5	-93.5	-10.375	-10.375	False	False	morphology	determiner_noun_agreement	Write a natural, coherent English sentence.
872	12	Roger was returning to those happy alumni.	Roger was returning to that happy alumni.	-103.5	-103.5	-10.375	-10.375	False	False	morphology	determiner_noun_agreement	Write a natural, coherent English sentence.
873	12	Dana isn't investigating this ill woman.	Dana isn't investigating these ill woman.	-114.0	-114.0	-10.375	-10.375	False	False	morphology	determiner_noun_agreement	Write a natural, coherent English sentence.
874	12	Tammy has those yellow axes.	Tammy has that yellow axes.	-83.0	-83.0	-10.375	-10.375	False	False	morphology	determiner_noun_agreement	Write a natural, coherent English sentence.
875	12	Marla leaves those employed children.	Marla leaves that employed children.	-72.5	-72.5	-10.375	-10.375	False	False	morphology	determiner_noun_agreement	Write a natural, coherent English sentence.
876	12	Sarah referenced that ill child.	Sarah referenced those ill child.	-72.5	-72.5	-10.375	-10.375	False	False	morphology	determiner_noun_agreement	Write a natural, coherent English sentence.
877	12	Edward complained about this serious child.	Edward complained about these serious child.	-72.5	-72.5	-10.375	-10.375	False	False	morphology	determiner_noun_agreement	Write a natural, coherent English sentence.
878	12	Carolyn healed those bad women.	Carolyn healed that bad women.	-83.0	-83.0	-10.375	-10.375	False	False	morphology	determiner_noun_agreement	Write a natural, coherent English sentence.
879	12	The waitresses fired those upset alumni.	The waitresses fired that upset alumni.	-114.0	-114.0	-10.375	-10.375	False	False	morphology	determiner_noun_agreement	Write a natural, coherent English sentence.
880	12	Every driver dropped by that old oasis.	Every driver dropped by those old oasis.	-93.0	-93.0	-10.375	-10.375	False	False	morphology	determiner_noun_agreement	Write a natural, coherent English sentence.
881	12	William hadn't hugged these hopeful alumni.	William hadn't hugged this hopeful alumni.	-135.0	-135.0	-10.375	-10.375	False	False	morphology	determiner_noun_agreement	Write a natural, coherent English sentence.
882	12	The Lutherans had messed up those lost feet.	The Lutherans had messed up that lost feet.	-114.0	-114.0	-10.375	-10.375	False	False	morphology	determiner_noun_agreement	Write a natural, coherent English sentence.
883	12	Florence hasn't confused those standing men.	Florence hasn't confused that standing men.	-93.5	-93.5	-10.375	-10.375	False	False	morphology	determiner_noun_agreement	Write a natural, coherent English sentence.
884	12	Some convertible upset this upset woman.	Some convertible upset these upset woman.	-83.0	-83.0	-10.375	-10.375	False	False	morphology	determiner_noun_agreement	Write a natural, coherent English sentence.
885	12	Rebecca saw this hidden foot.	Rebecca saw these hidden foot.	-62.25	-62.25	-10.375	-10.375	False	False	morphology	determiner_noun_agreement	Write a natural, coherent English sentence.
886	12	Derek returned to these content men.	Derek returned to this content men.	-83.0	-83.0	-10.375	-10.375	False	False	morphology	determiner_noun_agreement	Write a natural, coherent English sentence.
887	12	Those teachers love those hidden women.	Those teachers love that hidden women.	-72.5	-72.5	-10.375	-10.375	False	False	morphology	determiner_noun_agreement	Write a natural, coherent English sentence.
888	12	Jennifer worried those ill men.	Jennifer worried that ill men.	-62.25	-62.25	-10.375	-10.375	False	False	morphology	determiner_noun_agreement	Write a natural, coherent English sentence.
889	12	A chair was stunning this big man.	A chair was stunning these big man.	-83.0	-83.0	-10.375	-10.375	False	False	morphology	determiner_noun_agreement	Write a natural, coherent English sentence.
890	12	Paintings looked like that gray thesis.	Paintings looked like those gray thesis.	-93.5	-93.5	-10.375	-10.375	False	False	morphology	determiner_noun_agreement	Write a natural, coherent English sentence.
891	12	Karla toured this rough oasis.	Karla toured these rough oasis.	-93.0	-93.5	-10.375	-10.375	True	False	morphology	determiner_noun_agreement	Write a natural, coherent English sentence.
892	12	Walter couldn't boycott those hidden oases.	Walter couldn't boycott that hidden oases.	-114.0	-114.0	-10.375	-10.375	False	False	morphology	determiner_noun_agreement	Write a natural, coherent English sentence.
893	12	Donald has worried this smart man.	Donald has worried these smart man.	-72.5	-72.5	-10.375	-10.375	False	False	morphology	determiner_noun_agreement	Write a natural, coherent English sentence.
894	12	Catherine has boycotted those gray oases.	Catherine has boycotted that gray oases.	-104.0	-104.0	-10.375	-10.375	False	False	morphology	determiner_noun_agreement	Write a natural, coherent English sentence.
895	12	Nicole toured those yellow oases.	Nicole toured that yellow oases.	-83.0	-83.0	-10.375	-10.375	False	False	morphology	determiner_noun_agreement	Write a natural, coherent English sentence.
896	12	Barbara praises that young woman.	Barbara praises those young woman.	-72.5	-72.5	-10.375	-10.375	False	False	morphology	determiner_noun_agreement	Write a natural, coherent English sentence.
897	12	The apple aggravates those hopeful children.	The apple aggravates that hopeful children.	-103.5	-103.5	-10.375	-10.375	False	False	morphology	determiner_noun_agreement	Write a natural, coherent English sentence.
898	12	All photographs could look like this big fungus.	All photographs could look like these big fungus.	-114.0	-114.0	-10.375	-10.375	False	False	morphology	determiner_noun_agreement	Write a natural, coherent English sentence.
899	12	Guys should talk about that good synopsis.	Guys should talk about those good synopsis.	-103.5	-103.5	-10.375	-10.375	False	False	morphology	determiner_noun_agreement	Write a natural, coherent English sentence.
900	12	Tracy discovered this concealed alumnus.	Tracy discovered these concealed alumnus.	-103.5	-103.5	-10.375	-10.375	False	False	morphology	determiner_noun_agreement	Write a natural, coherent English sentence.
901	12	All actresses are helping this troubled man.	All actresses are helping these troubled man.	-103.5	-103.5	-10.3125	-10.3125	False	False	morphology	determiner_noun_agreement	Write a natural, coherent English sentence.
902	12	Douglas isn't revealing this dirty foot.	Douglas isn't revealing these dirty foot.	-93.5	-93.5	-10.375	-10.375	False	False	morphology	determiner_noun_agreement	Write a natural, coherent English sentence.
903	12	Most senators confuse that standing child.	Most senators confuse those standing child.	-93.5	-93.5	-10.375	-10.375	False	False	morphology	determiner_noun_agreement	Write a natural, coherent English sentence.
904	12	Those doctors embarrass that upset woman.	Those doctors embarrass those upset woman.	-72.5	-72.5	-10.375	-10.375	False	False	morphology	determiner_noun_agreement	Write a natural, coherent English sentence.
905	12	A lot of customers were healing those sick men.	A lot of customers were healing that sick men.	-103.5	-103.5	-10.375	-10.375	False	False	morphology	determiner_noun_agreement	Write a natural, coherent English sentence.
906	12	Sabrina does conceal these old alumni.	Sabrina does conceal this old alumni.	-124.5	-124.5	-10.375	-10.375	False	False	morphology	determiner_noun_agreement	Write a natural, coherent English sentence.
907	12	Many girls can't observe those young alumni.	Many girls can't observe that young alumni.	-124.5	-124.5	-10.375	-10.375	False	False	morphology	determiner_noun_agreement	Write a natural, coherent English sentence.
908	12	The actresses hire that lucky man.	The actresses hire those lucky man.	-83.0	-83.0	-10.375	-10.375	False	False	morphology	determiner_noun_agreement	Write a natural, coherent English sentence.
909	12	Andrea is firing that scared child.	Andrea is firing those scared child.	-72.5	-72.5	-10.375	-10.375	False	False	morphology	determiner_noun_agreement	Write a natural, coherent English sentence.
910	12	That dancer scanned that bad synopsis.	That dancer scanned those bad synopsis.	-103.5	-103.5	-10.375	-10.375	False	False	morphology	determiner_noun_agreement	Write a natural, coherent English sentence.
911	12	Daniel breaks these dirty teeth.	Daniel breaks this dirty teeth.	-62.25	-62.25	-10.375	-10.375	False	False	morphology	determiner_noun_agreement	Write a natural, coherent English sentence.
912	12	Students had messed up those purple teeth.	Students had messed up that purple teeth.	-93.5	-93.0	-10.375	-10.375	False	False	morphology	determiner_noun_agreement	Write a natural, coherent English sentence.
913	12	Becky boycotted those old oases.	Becky boycotted that old oases.	-103.5	-103.5	-10.375	-10.375	False	False	morphology	determiner_noun_agreement	Write a natural, coherent English sentence.
914	12	Florence talks to those good women.	Florence talks to that good women.	-72.5	-72.5	-10.375	-10.375	False	False	morphology	determiner_noun_agreement	Write a natural, coherent English sentence.
915	12	Carmen won't break this big foot.	Carmen won't break these big foot.	-104.0	-104.0	-10.375	-10.375	False	False	morphology	determiner_noun_agreement	Write a natural, coherent English sentence.
916	12	Stephen fired those employed men.	Stephen fired that employed men.	-62.25	-62.25	-10.375	-10.375	False	False	morphology	determiner_noun_agreement	Write a natural, coherent English sentence.
917	12	Many governments confuse this sick woman.	Many governments confuse these sick woman.	-83.0	-83.0	-10.375	-10.375	False	False	morphology	determiner_noun_agreement	Write a natural, coherent English sentence.
918	12	Heidi healed this troubled child.	Heidi healed these troubled child.	-93.0	-93.0	-10.3125	-10.3125	False	False	morphology	determiner_noun_agreement	Write a natural, coherent English sentence.
919	12	Daniel questions these employed alumni.	Daniel questions this employed alumni.	-83.0	-83.0	-10.375	-10.375	False	False	morphology	determiner_noun_agreement	Write a natural, coherent English sentence.
920	12	People admire these yellow oxen.	People admire this yellow oxen.	-83.0	-83.0	-10.375	-10.375	False	False	morphology	determiner_noun_agreement	Write a natural, coherent English sentence.
921	12	Those adults embarrasses this displeased woman.	Those adults embarrasses these displeased woman.	-103.5	-103.5	-10.375	-10.375	False	False	morphology	determiner_noun_agreement	Write a natural, coherent English sentence.
922	12	Winston Churchill notices these big nuclei.	Winston Churchill notices this big nuclei.	-114.0	-114.0	-10.375	-10.375	False	False	morphology	determiner_noun_agreement	Write a natural, coherent English sentence.
923	12	All women hide those concealed nuclei.	All women hide that concealed nuclei.	-93.0	-93.0	-10.375	-10.375	False	False	morphology	determiner_noun_agreement	Write a natural, coherent English sentence.
924	12	Charles was escaping from those lucky men.	Charles was escaping from that lucky men.	-93.5	-93.5	-10.375	-10.375	False	False	morphology	determiner_noun_agreement	Write a natural, coherent English sentence.
925	12	Paul doesn't insult this happy woman.	Paul doesn't insult these happy woman.	-93.5	-93.5	-10.375	-10.375	False	False	morphology	determiner_noun_agreement	Write a natural, coherent English sentence.
926	12	Galileo isn't scanning this brown thesis.	Galileo isn't scanning these brown thesis.	-124.5	-124.5	-10.375	-10.375	False	False	morphology	determiner_noun_agreement	Write a natural, coherent English sentence.
927	12	The newspaper article doesn't annoy that exposed man.	The newspaper article doesn't annoy those exposed man.	-114.0	-114.0	-10.375	-10.375	False	False	morphology	determiner_noun_agreement	Write a natural, coherent English sentence.
928	12	Carmen noticed these gray cacti.	Carmen noticed this gray cacti.	-93.0	-93.5	-10.375	-10.375	True	False	morphology	determiner_noun_agreement	Write a natural, coherent English sentence.
929	12	Teresa approaches this upset man.	Teresa approaches these upset man.	-72.5	-72.5	-10.375	-10.375	False	False	morphology	determiner_noun_agreement	Write a natural, coherent English sentence.
930	12	April was revealing this hidden woman.	April was revealing these hidden woman.	-72.5	-72.5	-10.375	-10.375	False	False	morphology	determiner_noun_agreement	Write a natural, coherent English sentence.
931	12	Michael has loved these scared men.	Michael has loved this scared men.	-72.5	-72.5	-10.375	-10.375	False	False	morphology	determiner_noun_agreement	Write a natural, coherent English sentence.
932	12	Joseph hadn't bought those hard lice.	Joseph hadn't bought that hard lice.	-103.5	-103.5	-10.375	-10.375	False	False	morphology	determiner_noun_agreement	Write a natural, coherent English sentence.
933	12	Larry did drive to this out in the open oasis.	Larry did drive to these out in the open oasis.	-124.5	-124.5	-10.375	-10.375	False	False	morphology	determiner_noun_agreement	Write a natural, coherent English sentence.
934	12	Lisa hasn't driven to that new oasis.	Lisa hasn't driven to those new oasis.	-114.0	-114.0	-10.375	-10.375	False	False	morphology	determiner_noun_agreement	Write a natural, coherent English sentence.
935	12	Steve scanned this good synopsis.	Steve scanned these good synopsis.	-83.0	-83.0	-10.375	-10.375	False	False	morphology	determiner_noun_agreement	Write a natural, coherent English sentence.
936	12	The Lutherans care for those hopeful men.	The Lutherans care for that hopeful men.	-103.5	-103.5	-10.375	-10.375	False	False	morphology	determiner_noun_agreement	Write a natural, coherent English sentence.
937	12	Christine bikes to these orange oases.	Christine bikes to this orange oases.	-103.5	-103.5	-10.375	-10.375	False	False	morphology	determiner_noun_agreement	Write a natural, coherent English sentence.
938	12	Most actors distracted this popular woman.	Most actors distracted these popular woman.	-83.0	-83.0	-10.375	-10.375	False	False	morphology	determiner_noun_agreement	Write a natural, coherent English sentence.
939	12	Emily should observe those displeased men.	Emily should observe that displeased men.	-93.5	-93.5	-10.375	-10.375	False	False	morphology	determiner_noun_agreement	Write a natural, coherent English sentence.
940	12	The drivers do sell this green thesis.	The drivers do sell these green thesis.	-83.0	-83.0	-10.375	-10.375	False	False	morphology	determiner_noun_agreement	Write a natural, coherent English sentence.
941	12	Most drivers love these unemployed men.	Most drivers love this unemployed men.	-83.0	-83.0	-10.375	-10.375	False	False	morphology	determiner_noun_agreement	Write a natural, coherent English sentence.
942	12	Those doctors care for this hopeful man.	Those doctors care for these hopeful man.	-93.0	-93.0	-10.375	-10.375	False	False	morphology	determiner_noun_agreement	Write a natural, coherent English sentence.
943	12	Brad kisses that displeased man.	Brad kisses those displeased man.	-93.0	-93.0	-10.375	-10.375	False	False	morphology	determiner_noun_agreement	Write a natural, coherent English sentence.
944	12	Danielle had argued about those troubled men.	Danielle had argued about that troubled men.	-103.5	-103.5	-10.375	-10.375	False	False	morphology	determiner_noun_agreement	Write a natural, coherent English sentence.
945	12	An actor is disgusting those unsure men.	An actor is disgusting that unsure men.	-103.5	-103.5	-10.375	-10.375	False	False	morphology	determiner_noun_agreement	Write a natural, coherent English sentence.
946	12	Galileo didn't hurt those displeased children.	Galileo didn't hurt that displeased children.	-135.0	-135.0	-10.375	-10.375	False	False	morphology	determiner_noun_agreement	Write a natural, coherent English sentence.
947	12	Omar messed up these small teeth.	Omar messed up this small teeth.	-93.0	-93.0	-10.375	-10.375	False	False	morphology	determiner_noun_agreement	Write a natural, coherent English sentence.
948	12	Carmen will watch this smart person.	Carmen will watch these smart person.	-83.0	-83.0	-10.375	-10.375	False	False	morphology	determiner_noun_agreement	Write a natural, coherent English sentence.
949	12	Jeffrey hid that unlucky child.	Jeffrey hid those unlucky child.	-93.0	-93.0	-10.375	-10.375	False	False	morphology	determiner_noun_agreement	Write a natural, coherent English sentence.
950	12	Every plane bothers this upset child.	Every plane bothers these upset child.	-83.0	-83.0	-10.375	-10.375	False	False	morphology	determiner_noun_agreement	Write a natural, coherent English sentence.
951	12	A lot of hospitals have those blue teeth.	A lot of hospitals have that blue teeth.	-93.0	-93.0	-10.375	-10.375	False	False	morphology	determiner_noun_agreement	Write a natural, coherent English sentence.
952	12	Nancy wasn't disturbing that clever man.	Nancy wasn't disturbing those clever man.	-103.5	-103.5	-10.375	-10.375	False	False	morphology	determiner_noun_agreement	Write a natural, coherent English sentence.
953	12	These ladies bought that white tooth.	These ladies bought those white tooth.	-72.5	-72.5	-10.375	-10.375	False	False	morphology	determiner_noun_agreement	Write a natural, coherent English sentence.
954	12	Every skirt annoys that confident person.	Every skirt annoys those confident person.	-93.5	-93.5	-10.375	-10.375	False	False	morphology	determiner_noun_agreement	Write a natural, coherent English sentence.
955	12	These actors weren't biking to these red oases.	These actors weren't biking to this red oases.	-135.0	-135.0	-10.375	-10.375	False	False	morphology	determiner_noun_agreement	Write a natural, coherent English sentence.
956	12	Carmen has described those confident people.	Carmen has described that confident people.	-83.0	-83.0	-10.375	-10.375	False	False	morphology	determiner_noun_agreement	Write a natural, coherent English sentence.
957	12	All legislatures criticize that brown oasis.	All legislatures criticize those brown oasis.	-103.5	-103.5	-10.375	-10.375	False	False	morphology	determiner_noun_agreement	Write a natural, coherent English sentence.
958	12	Paula works with that clever person.	Paula works with those clever person.	-83.0	-83.0	-10.375	-10.375	False	False	morphology	determiner_noun_agreement	Write a natural, coherent English sentence.
959	12	Benjamin respects those confident children.	Benjamin respects that confident children.	-72.5	-72.5	-10.375	-10.375	False	False	morphology	determiner_noun_agreement	Write a natural, coherent English sentence.
960	12	Mitchell attacked these unsure alumni.	Mitchell attacked this unsure alumni.	-93.5	-93.5	-10.375	-10.375	False	False	morphology	determiner_noun_agreement	Write a natural, coherent English sentence.
961	12	The Lutherans hadn't cleaned these broken teeth.	The Lutherans hadn't cleaned this broken teeth.	-114.0	-114.0	-10.375	-10.375	False	False	morphology	determiner_noun_agreement	Write a natural, coherent English sentence.
962	12	A lot of children observe that young child.	A lot of children observe those young child.	-93.0	-93.0	-10.375	-10.375	False	False	morphology	determiner_noun_agreement	Write a natural, coherent English sentence.
963	12	Gary hadn't sounded like this out in the open oasis.	Gary hadn't sounded like these out in the open oasis.	-145.0	-145.0	-10.375	-10.375	False	False	morphology	determiner_noun_agreement	Write a natural, coherent English sentence.
964	12	That fish annoyed this serious alumnus.	That fish annoyed these serious alumnus.	-103.5	-103.5	-10.375	-10.375	False	False	morphology	determiner_noun_agreement	Write a natural, coherent English sentence.
965	12	Spotlights worry those standing people.	Spotlights worry that standing people.	-72.5	-72.5	-10.375	-10.375	False	False	morphology	determiner_noun_agreement	Write a natural, coherent English sentence.
966	12	Rodney returned to these content alumni.	Rodney returned to this content alumni.	-103.5	-103.5	-10.375	-10.375	False	False	morphology	determiner_noun_agreement	Write a natural, coherent English sentence.
967	12	Bruce references this unemployed child.	Bruce references these unemployed child.	-72.5	-72.5	-10.375	-10.375	False	False	morphology	determiner_noun_agreement	Write a natural, coherent English sentence.
968	12	Many museums criticize this bad analysis.	Many museums criticize these bad analysis.	-93.0	-93.0	-10.375	-10.375	False	False	morphology	determiner_noun_agreement	Write a natural, coherent English sentence.
969	12	Danielle knows that concealed man.	Danielle knows those concealed man.	-83.0	-83.0	-10.375	-10.375	False	False	morphology	determiner_noun_agreement	Write a natural, coherent English sentence.
970	12	Katherine sells that smooth oasis.	Katherine sells those smooth oasis.	-93.0	-93.0	-10.375	-10.375	False	False	morphology	determiner_noun_agreement	Write a natural, coherent English sentence.
971	12	Meredith hadn't scared these clever people.	Meredith hadn't scared this clever people.	-114.0	-114.0	-10.375	-10.375	False	False	morphology	determiner_noun_agreement	Write a natural, coherent English sentence.
972	12	Walter biked to these gray oases.	Walter biked to this gray oases.	-103.5	-103.5	-10.375	-10.375	False	False	morphology	determiner_noun_agreement	Write a natural, coherent English sentence.
973	12	Phillip has investigated this unemployed man.	Phillip has investigated these unemployed man.	-93.5	-93.5	-10.375	-10.375	False	False	morphology	determiner_noun_agreement	Write a natural, coherent English sentence.
974	12	Alice knows that ill woman.	Alice knows those ill woman.	-62.25	-62.25	-10.375	-10.375	False	False	morphology	determiner_noun_agreement	Write a natural, coherent English sentence.
975	12	Daniel bothered that unemployed alumnus.	Daniel bothered those unemployed alumnus.	-93.0	-93.0	-10.375	-10.375	False	False	morphology	determiner_noun_agreement	Write a natural, coherent English sentence.
976	12	Some children notice this black thesis.	Some children notice these black thesis.	-72.5	-72.5	-10.375	-10.375	False	False	morphology	determiner_noun_agreement	Write a natural, coherent English sentence.
977	12	George has alarmed these unemployed children.	George has alarmed this unemployed children.	-93.5	-93.5	-10.375	-10.375	False	False	morphology	determiner_noun_agreement	Write a natural, coherent English sentence.
978	12	Sarah won't drive to this concealed oasis.	Sarah won't drive to these concealed oasis.	-124.5	-124.5	-10.375	-10.375	False	False	morphology	determiner_noun_agreement	Write a natural, coherent English sentence.
979	12	Grace arrived at those small oases.	Grace arrived at that small oases.	-83.0	-83.0	-10.375	-10.375	False	False	morphology	determiner_noun_agreement	Write a natural, coherent English sentence.
980	12	David kisses that lucky man.	David kisses those lucky man.	-72.5	-72.5	-10.375	-10.375	False	False	morphology	determiner_noun_agreement	Write a natural, coherent English sentence.
981	12	Laura isn't lifting this smooth axis.	Laura isn't lifting these smooth axis.	-93.5	-93.5	-10.375	-10.375	False	False	morphology	determiner_noun_agreement	Write a natural, coherent English sentence.
982	12	Mark embarrassed these confident children.	Mark embarrassed this confident children.	-62.25	-62.25	-10.375	-10.375	False	False	morphology	determiner_noun_agreement	Write a natural, coherent English sentence.
983	12	Patients bothers this employed man.	Patients bothers these employed man.	-83.0	-83.0	-10.375	-10.375	False	False	morphology	determiner_noun_agreement	Write a natural, coherent English sentence.
984	12	Christopher has criticized this bad synopsis.	Christopher has criticized these bad synopsis.	-93.0	-93.0	-10.375	-10.375	False	False	morphology	determiner_noun_agreement	Write a natural, coherent English sentence.
985	12	Todd hadn't gone to this cheap oasis.	Todd hadn't gone to these cheap oasis.	-114.0	-114.0	-10.375	-10.375	False	False	morphology	determiner_noun_agreement	Write a natural, coherent English sentence.
986	12	Becca does investigate this lucky alumnus.	Becca does investigate these lucky alumnus.	-103.5	-103.5	-10.375	-10.375	False	False	morphology	determiner_noun_agreement	Write a natural, coherent English sentence.
987	12	Sabrina visits those fast women.	Sabrina visits that fast women.	-83.0	-83.0	-10.375	-10.375	False	False	morphology	determiner_noun_agreement	Write a natural, coherent English sentence.
988	12	Janet knew those unconvinced children.	Janet knew that unconvinced children.	-104.0	-104.0	-10.375	-10.375	False	False	morphology	determiner_noun_agreement	Write a natural, coherent English sentence.
989	12	Christine hated this young man.	Christine hated these young man.	-72.5	-72.5	-10.375	-10.375	False	False	morphology	determiner_noun_agreement	Write a natural, coherent English sentence.
990	12	Chad hadn't complained about these big oases.	Chad hadn't complained about this big oases.	-124.5	-124.5	-10.375	-10.375	False	False	morphology	determiner_noun_agreement	Write a natural, coherent English sentence.
991	12	Many bikes stun that nice man.	Many bikes stun those nice man.	-93.5	-93.5	-10.375	-10.375	False	False	morphology	determiner_noun_agreement	Write a natural, coherent English sentence.
992	12	William hasn't investigated these fast men.	William hasn't investigated this fast men.	-93.5	-93.5	-10.375	-10.375	False	False	morphology	determiner_noun_agreement	Write a natural, coherent English sentence.
993	12	Kristin couldn't research these smooth oases.	Kristin couldn't research this smooth oases.	-114.0	-114.0	-10.375	-10.375	False	False	morphology	determiner_noun_agreement	Write a natural, coherent English sentence.
994	12	Travis arrives at these old oases.	Travis arrives at this old oases.	-93.5	-93.0	-10.375	-10.375	False	False	morphology	determiner_noun_agreement	Write a natural, coherent English sentence.
995	12	Many boys drive to this yellow oasis.	Many boys drive to these yellow oasis.	-93.5	-93.5	-10.375	-10.375	False	False	morphology	determiner_noun_agreement	Write a natural, coherent English sentence.
996	12	Danielle won't heal those unlucky people.	Danielle won't heal that unlucky people.	-124.5	-124.5	-10.375	-10.375	False	False	morphology	determiner_noun_agreement	Write a natural, coherent English sentence.
997	12	Sabrina wouldn't go to that new oasis.	Sabrina wouldn't go to those new oasis.	-135.0	-135.0	-10.375	-10.375	False	False	morphology	determiner_noun_agreement	Write a natural, coherent English sentence.
998	12	This movie theater annoys these lucky alumni.	This movie theater annoys this lucky alumni.	-124.5	-124.5	-10.375	-10.375	False	False	morphology	determiner_noun_agreement	Write a natural, coherent English sentence.
999	12	Stacy doesn't appreciate that out in the open woman.	Stacy doesn't appreciate those out in the open woman.	-135.0	-135.0	-10.375	-10.375	False	False	morphology	determiner_noun_agreement	Write a natural, coherent English sentence.
0	13	Alexander didn't walk through that new oasis.	Alexander didn't walk through those new oasis.	-114.0	-114.0	-10.375	-10.375	False	False	morphology	determiner_noun_agreement	Write a natural, coherent English sentence.
1	13	This hair irritates these old alumni.	This hair irritates this old alumni.	-103.5	-104.0	-10.375	-10.375	True	False	morphology	determiner_noun_agreement	Write a natural, coherent English sentence.
2	13	Winston Churchill was escaping from this serious person.	Winston Churchill was escaping from these serious person.	-124.5	-124.5	-10.375	-10.375	False	False	morphology	determiner_noun_agreement	Write a natural, coherent English sentence.
3	13	Anna walks through these purple oases.	Anna walks through this purple oases.	-83.0	-83.0	-10.375	-10.375	False	False	morphology	determiner_noun_agreement	Write a natural, coherent English sentence.
4	13	Alicia sounded like this good analysis.	Alicia sounded like these good analysis.	-93.0	-93.0	-10.375	-10.375	False	False	morphology	determiner_noun_agreement	Write a natural, coherent English sentence.
5	13	Jeffrey might complain about this gray thesis.	Jeffrey might complain about these gray thesis.	-93.0	-93.0	-10.375	-10.375	False	False	morphology	determiner_noun_agreement	Write a natural, coherent English sentence.
6	13	Meredith approaches these concealed women.	Meredith approaches this concealed women.	-93.5	-93.5	-10.375	-10.375	False	False	morphology	determiner_noun_agreement	Write a natural, coherent English sentence.
7	13	Julia questioned those small children.	Julia questioned that small children.	-62.25	-62.25	-10.375	-10.375	False	False	morphology	determiner_noun_agreement	Write a natural, coherent English sentence.
8	13	That adult has brought that purple octopus.	That adult has brought those purple octopus.	-103.5	-103.5	-10.375	-10.375	False	False	morphology	determiner_noun_agreement	Write a natural, coherent English sentence.
9	13	The people hug this displeased woman.	The people hug these displeased woman.	-93.5	-93.5	-10.375	-10.375	False	False	morphology	determiner_noun_agreement	Write a natural, coherent English sentence.
10	13	That beef did bore these displeased people.	That beef did bore this displeased people.	-103.5	-104.0	-10.375	-10.375	True	False	morphology	determiner_noun_agreement	Write a natural, coherent English sentence.
11	13	These libraries talk about these long synopses.	These libraries talk about this long synopses.	-103.5	-103.5	-10.375	-10.375	False	False	morphology	determiner_noun_agreement	Write a natural, coherent English sentence.
12	13	Lori wasn't hiring those delighted men.	Lori wasn't hiring that delighted men.	-104.0	-104.0	-10.375	-10.375	False	False	morphology	determiner_noun_agreement	Write a natural, coherent English sentence.
13	13	The teachers are running around this concealed oasis.	The teachers are running around these concealed oasis.	-114.0	-114.0	-10.375	-10.375	False	False	morphology	determiner_noun_agreement	Write a natural, coherent English sentence.
14	13	Those bananas embarrass these delighted people.	Those bananas embarrass this delighted people.	-83.0	-83.0	-10.375	-10.375	False	False	morphology	determiner_noun_agreement	Write a natural, coherent English sentence.
15	13	Mitchell brought those green oases.	Mitchell brought that green oases.	-72.5	-72.5	-10.375	-10.375	False	False	morphology	determiner_noun_agreement	Write a natural, coherent English sentence.
16	13	The actresses complain about this rough thesis.	The actresses complain about these rough thesis.	-93.0	-93.0	-10.375	-10.375	False	False	morphology	determiner_noun_agreement	Write a natural, coherent English sentence.
17	13	Russell investigates these fast women.	Russell investigates this fast women.	-72.5	-72.5	-10.375	-10.375	False	False	morphology	determiner_noun_agreement	Write a natural, coherent English sentence.
18	13	Irene praised those bad synopses.	Irene praised that bad synopses.	-93.0	-93.5	-10.375	-10.375	True	False	morphology	determiner_noun_agreement	Write a natural, coherent English sentence.
19	13	Denise did confuse that important woman.	Denise did confuse those important woman.	-93.5	-93.5	-10.375	-10.375	False	False	morphology	determiner_noun_agreement	Write a natural, coherent English sentence.
20	13	Some patients dislike those nice women.	Some patients dislike that nice women.	-83.0	-83.0	-10.375	-10.375	False	False	morphology	determiner_noun_agreement	Write a natural, coherent English sentence.
21	13	Amelia wasn't observing this hopeful man.	Amelia wasn't observing these hopeful man.	-124.5	-124.0	-10.375	-10.375	False	False	morphology	determiner_noun_agreement	Write a natural, coherent English sentence.
22	13	Grace is hugging these popular women.	Grace is hugging this popular women.	-83.0	-83.0	-10.375	-10.375	False	False	morphology	determiner_noun_agreement	Write a natural, coherent English sentence.
23	13	Julia might describe this long synopsis.	Julia might describe these long synopsis.	-83.0	-83.0	-10.375	-10.375	False	False	morphology	determiner_noun_agreement	Write a natural, coherent English sentence.
24	13	Many pedestrians do return to these happy men.	Many pedestrians do return to this happy men.	-114.0	-114.0	-10.375	-10.375	False	False	morphology	determiner_noun_agreement	Write a natural, coherent English sentence.
25	13	Laura noticed that determined man.	Laura noticed those determined man.	-62.25	-62.25	-10.375	-10.375	False	False	morphology	determiner_noun_agreement	Write a natural, coherent English sentence.
26	13	Julie would pass those red oases.	Julie would pass that red oases.	-83.0	-83.0	-10.375	-10.375	False	False	morphology	determiner_noun_agreement	Write a natural, coherent English sentence.
27	13	These doctors boast about this out in the open child.	These doctors boast about these out in the open child.	-124.5	-124.5	-10.375	-10.375	False	False	morphology	determiner_noun_agreement	Write a natural, coherent English sentence.
28	13	Stephen isn't revealing this brown nucleus.	Stephen isn't revealing these brown nucleus.	-103.5	-103.5	-10.375	-10.375	False	False	morphology	determiner_noun_agreement	Write a natural, coherent English sentence.
29	13	Travel stuns that sick child.	Travel stuns those sick child.	-72.5	-72.5	-10.375	-10.375	False	False	morphology	determiner_noun_agreement	Write a natural, coherent English sentence.
30	13	Amelia healed that unemployed woman.	Amelia healed those unemployed woman.	-93.5	-93.5	-10.375	-10.375	False	False	morphology	determiner_noun_agreement	Write a natural, coherent English sentence.
31	13	Noah attacks that ill child.	Noah attacks those ill child.	-62.25	-62.25	-10.375	-10.375	False	False	morphology	determiner_noun_agreement	Write a natural, coherent English sentence.
32	13	Randolf buys those gray fungi.	Randolf buys that gray fungi.	-93.5	-93.5	-10.375	-10.375	False	False	morphology	determiner_noun_agreement	Write a natural, coherent English sentence.
33	13	Some pedestrians disagreed with this big woman.	Some pedestrians disagreed with these big woman.	-114.0	-114.0	-10.375	-10.375	False	False	morphology	determiner_noun_agreement	Write a natural, coherent English sentence.
34	13	Adam might sound like these determined children.	Adam might sound like this determined children.	-83.0	-83.0	-10.375	-10.375	False	False	morphology	determiner_noun_agreement	Write a natural, coherent English sentence.
35	13	Bill has stunned this confident man.	Bill has stunned these confident man.	-83.0	-83.0	-10.375	-10.375	False	False	morphology	determiner_noun_agreement	Write a natural, coherent English sentence.
36	13	Rhonda should see these blue oases.	Rhonda should see this blue oases.	-93.5	-93.5	-10.375	-10.375	False	False	morphology	determiner_noun_agreement	Write a natural, coherent English sentence.
37	13	Stephen cares for that out in the open alumnus.	Stephen cares for those out in the open alumnus.	-124.5	-124.5	-10.375	-10.375	False	False	morphology	determiner_noun_agreement	Write a natural, coherent English sentence.
38	13	Cheryl has bought this green oasis.	Cheryl has bought these green oasis.	-93.0	-93.0	-10.375	-10.375	False	False	morphology	determiner_noun_agreement	Write a natural, coherent English sentence.
39	13	Every door annoyed this lucky child.	Every door annoyed these lucky child.	-83.0	-83.0	-10.375	-10.375	False	False	morphology	determiner_noun_agreement	Write a natural, coherent English sentence.
40	13	Gerald cures that unlucky child.	Gerald cures those unlucky child.	-104.0	-104.0	-10.375	-10.375	False	False	morphology	determiner_noun_agreement	Write a natural, coherent English sentence.
41	13	Eyes weren't worrying this troubled child.	Eyes weren't worrying these troubled child.	-114.0	-114.0	-10.375	-10.375	False	False	morphology	determiner_noun_agreement	Write a natural, coherent English sentence.
42	13	Michael isn't referencing this long synopsis.	Michael isn't referencing these long synopsis.	-114.0	-114.0	-10.375	-10.375	False	False	morphology	determiner_noun_agreement	Write a natural, coherent English sentence.
43	13	Robert insults this serious man.	Robert insults these serious man.	-72.5	-72.5	-10.375	-10.375	False	False	morphology	determiner_noun_agreement	Write a natural, coherent English sentence.
44	13	Waitresses describe that smart alumnus.	Waitresses describe those smart alumnus.	-103.5	-103.5	-10.375	-10.375	False	False	morphology	determiner_noun_agreement	Write a natural, coherent English sentence.
45	13	Dan doesn't respect this unemployed alumnus.	Dan doesn't respect these unemployed alumnus.	-124.5	-124.5	-10.375	-10.375	False	False	morphology	determiner_noun_agreement	Write a natural, coherent English sentence.
46	13	Eric has upset those scared people.	Eric has upset that scared people.	-72.5	-72.5	-10.375	-10.375	False	False	morphology	determiner_noun_agreement	Write a natural, coherent English sentence.
47	13	Sabrina was biking to this exposed oasis.	Sabrina was biking to these exposed oasis.	-124.5	-124.0	-10.375	-10.375	False	False	morphology	determiner_noun_agreement	Write a natural, coherent English sentence.
48	13	Edward can't think about these exposed mice.	Edward can't think about this exposed mice.	-114.0	-114.0	-10.375	-10.375	False	False	morphology	determiner_noun_agreement	Write a natural, coherent English sentence.
49	13	Phillip listened to this standing alumnus.	Phillip listened to these standing alumnus.	-103.5	-103.5	-10.375	-10.375	False	False	morphology	determiner_noun_agreement	Write a natural, coherent English sentence.
50	13	Those men skate around this small oasis.	Those men skate around these small oasis.	-103.5	-103.5	-10.375	-10.375	False	False	morphology	determiner_noun_agreement	Write a natural, coherent English sentence.
51	13	Rhonda could think about those content children.	Rhonda could think about that content children.	-93.5	-93.5	-10.375	-10.375	False	False	morphology	determiner_noun_agreement	Write a natural, coherent English sentence.
52	13	Melissa had remembered that unsure person.	Melissa had remembered those unsure person.	-93.5	-93.5	-10.375	-10.375	False	False	morphology	determiner_noun_agreement	Write a natural, coherent English sentence.
53	13	The students talk about this upset person.	The students talk about these upset person.	-83.0	-83.0	-10.375	-10.375	False	False	morphology	determiner_noun_agreement	Write a natural, coherent English sentence.
54	13	Leslie insults those upset alumni.	Leslie insults that upset alumni.	-103.5	-103.5	-10.375	-10.375	False	False	morphology	determiner_noun_agreement	Write a natural, coherent English sentence.
55	13	Hats distract this ill man.	Hats distract these ill man.	-72.5	-72.5	-10.375	-10.375	False	False	morphology	determiner_noun_agreement	Write a natural, coherent English sentence.
56	13	Dawn sounded like this determined child.	Dawn sounded like these determined child.	-83.0	-83.0	-10.375	-10.375	False	False	morphology	determiner_noun_agreement	Write a natural, coherent English sentence.
57	13	Carl had run around that brown oasis.	Carl had run around those brown oasis.	-93.5	-93.5	-10.375	-10.375	False	False	morphology	determiner_noun_agreement	Write a natural, coherent English sentence.
58	13	Anna criticizes these concealed children.	Anna criticizes this concealed children.	-83.0	-83.0	-10.375	-10.375	False	False	morphology	determiner_noun_agreement	Write a natural, coherent English sentence.
59	13	The waiter might criticize that unemployed man.	The waiter might criticize those unemployed man.	-114.0	-114.0	-10.375	-10.3125	False	False	morphology	determiner_noun_agreement	Write a natural, coherent English sentence.
60	13	Tracy was investigating this troubled alumnus.	Tracy was investigating these troubled alumnus.	-124.0	-124.0	-10.375	-10.375	False	False	morphology	determiner_noun_agreement	Write a natural, coherent English sentence.
61	13	These newspaper articles astound this clever child.	These newspaper articles astound these clever child.	-93.0	-93.0	-10.375	-10.375	False	False	morphology	determiner_noun_agreement	Write a natural, coherent English sentence.
62	13	Dana hadn't attacked this small man.	Dana hadn't attacked these small man.	-104.0	-104.0	-10.375	-10.375	False	False	morphology	determiner_noun_agreement	Write a natural, coherent English sentence.
63	13	Curtis wasn't breaking those hard teeth.	Curtis wasn't breaking that hard teeth.	-103.5	-103.5	-10.375	-10.375	False	False	morphology	determiner_noun_agreement	Write a natural, coherent English sentence.
64	13	All customers attack this employed alumnus.	All customers attack these employed alumnus.	-93.0	-93.0	-10.375	-10.375	False	False	morphology	determiner_noun_agreement	Write a natural, coherent English sentence.
65	13	Most ladies go to those purple oases.	Most ladies go to that purple oases.	-93.0	-93.0	-10.375	-10.375	False	False	morphology	determiner_noun_agreement	Write a natural, coherent English sentence.
66	13	A dancer tours that blue oasis.	A dancer tours those blue oasis.	-93.5	-93.5	-10.375	-10.375	False	False	morphology	determiner_noun_agreement	Write a natural, coherent English sentence.
67	13	Steven irritated this unconvinced woman.	Steven irritated these unconvinced woman.	-103.5	-103.5	-10.375	-10.375	False	False	morphology	determiner_noun_agreement	Write a natural, coherent English sentence.
68	13	Tara wasn't helping that sick man.	Tara wasn't helping those sick man.	-104.0	-104.0	-10.375	-10.375	False	False	morphology	determiner_noun_agreement	Write a natural, coherent English sentence.
69	13	The dancers aren't cleaning that smooth fungus.	The dancers aren't cleaning those smooth fungus.	-135.0	-135.0	-10.375	-10.375	False	False	morphology	determiner_noun_agreement	Write a natural, coherent English sentence.
70	13	Melissa had talked about these white theses.	Melissa had talked about this white theses.	-103.5	-103.5	-10.375	-10.375	False	False	morphology	determiner_noun_agreement	Write a natural, coherent English sentence.
71	13	The man isn't watching those upset men.	The man isn't watching that upset men.	-103.5	-104.0	-10.375	-10.375	True	False	morphology	determiner_noun_agreement	Write a natural, coherent English sentence.
72	13	Sabrina won't worry this out in the open person.	Sabrina won't worry these out in the open person.	-145.0	-145.0	-10.375	-10.375	False	False	morphology	determiner_noun_agreement	Write a natural, coherent English sentence.
73	13	Every bird embarrassed these unemployed men.	Every bird embarrassed this unemployed men.	-83.0	-83.0	-10.375	-10.375	False	False	morphology	determiner_noun_agreement	Write a natural, coherent English sentence.
74	13	The Borgias drive to that small oasis.	The Borgias drive to those small oasis.	-114.0	-114.0	-10.375	-10.375	False	False	morphology	determiner_noun_agreement	Write a natural, coherent English sentence.
75	13	Bradley likes these brown fungi.	Bradley likes this brown fungi.	-83.0	-83.0	-10.375	-10.375	False	False	morphology	determiner_noun_agreement	Write a natural, coherent English sentence.
76	13	Most guys go to that black oasis.	Most guys go to those black oasis.	-93.0	-93.0	-10.375	-10.3125	False	False	morphology	determiner_noun_agreement	Write a natural, coherent English sentence.
77	13	A pedestrian hadn't approached these hopeful women.	A pedestrian hadn't approached this hopeful women.	-124.5	-124.5	-10.375	-10.375	False	False	morphology	determiner_noun_agreement	Write a natural, coherent English sentence.
78	13	Some senators aren't healing this unemployed alumnus.	Some senators aren't healing these unemployed alumnus.	-145.0	-145.0	-10.375	-10.375	False	False	morphology	determiner_noun_agreement	Write a natural, coherent English sentence.
79	13	That cart wasn't stunning these exposed men.	That cart wasn't stunning this exposed men.	-104.0	-103.5	-10.375	-10.375	False	False	morphology	determiner_noun_agreement	Write a natural, coherent English sentence.
80	13	Joel can think about this smart man.	Joel can think about these smart man.	-83.0	-83.0	-10.375	-10.375	False	False	morphology	determiner_noun_agreement	Write a natural, coherent English sentence.
81	13	Those prints disgust those good people.	Those prints disgust that good people.	-72.5	-72.5	-10.375	-10.375	False	False	morphology	determiner_noun_agreement	Write a natural, coherent English sentence.
82	13	Beverly hadn't passed these yellow oases.	Beverly hadn't passed this yellow oases.	-114.0	-114.0	-10.375	-10.375	False	False	morphology	determiner_noun_agreement	Write a natural, coherent English sentence.
83	13	A lot of prints irritate this unconvinced woman.	A lot of prints irritate these unconvinced woman.	-135.0	-135.0	-10.375	-10.375	False	False	morphology	determiner_noun_agreement	Write a natural, coherent English sentence.
84	13	Many customers hire those standing alumni.	Many customers hire that standing alumni.	-93.5	-93.5	-10.375	-10.375	False	False	morphology	determiner_noun_agreement	Write a natural, coherent English sentence.
85	13	Some rug isn't irritating that nice woman.	Some rug isn't irritating those nice woman.	-114.0	-114.0	-10.375	-10.375	False	False	morphology	determiner_noun_agreement	Write a natural, coherent English sentence.
86	13	Jill embarrassed those busy men.	Jill embarrassed that busy men.	-72.5	-72.5	-10.375	-10.375	False	False	morphology	determiner_noun_agreement	Write a natural, coherent English sentence.
87	13	Most sketches could hurt this uncertain person.	Most sketches could hurt these uncertain person.	-104.0	-104.0	-10.375	-10.375	False	False	morphology	determiner_noun_agreement	Write a natural, coherent English sentence.
88	13	Patricia lifted those purple feet.	Patricia lifted that purple feet.	-83.0	-83.0	-10.375	-10.375	False	False	morphology	determiner_noun_agreement	Write a natural, coherent English sentence.
89	13	The girls sell this hard fungus.	The girls sell these hard fungus.	-93.5	-93.0	-10.375	-10.375	False	False	morphology	determiner_noun_agreement	Write a natural, coherent English sentence.
90	13	Nicole has seen this yellow cactus.	Nicole has seen these yellow cactus.	-93.0	-93.0	-10.375	-10.375	False	False	morphology	determiner_noun_agreement	Write a natural, coherent English sentence.
91	13	Sharon could arrive at those big oases.	Sharon could arrive at that big oases.	-103.5	-103.5	-10.375	-10.375	False	False	morphology	determiner_noun_agreement	Write a natural, coherent English sentence.
92	13	This cashier can fire that good woman.	This cashier can fire those good woman.	-93.5	-93.5	-10.375	-10.375	False	False	morphology	determiner_noun_agreement	Write a natural, coherent English sentence.
93	13	Raymond left those scared children.	Raymond left that scared children.	-62.5	-62.25	-10.375	-10.375	False	False	morphology	determiner_noun_agreement	Write a natural, coherent English sentence.
94	13	Noah could discuss that clever person.	Noah could discuss those clever person.	-72.5	-72.5	-10.375	-10.375	False	False	morphology	determiner_noun_agreement	Write a natural, coherent English sentence.
95	13	Rachelle knew that concealed woman.	Rachelle knew those concealed woman.	-83.0	-83.0	-10.375	-10.375	False	False	morphology	determiner_noun_agreement	Write a natural, coherent English sentence.
96	13	Dawn hasn't cured those gray oxen.	Dawn hasn't cured that gray oxen.	-124.5	-124.5	-10.375	-10.375	False	False	morphology	determiner_noun_agreement	Write a natural, coherent English sentence.
97	13	The Great Lakes haven't disgusted those out in the open people.	The Great Lakes haven't disgusted that out in the open people.	-166.0	-166.0	-10.375	-10.375	False	False	morphology	determiner_noun_agreement	Write a natural, coherent English sentence.
98	13	Wayne doesn't exit those cheap oases.	Wayne doesn't exit that cheap oases.	-104.0	-104.0	-10.375	-10.375	False	False	morphology	determiner_noun_agreement	Write a natural, coherent English sentence.
99	13	These waitresses haven't astounded this fast woman.	These waitresses haven't astounded these fast woman.	-145.0	-145.0	-10.375	-10.375	False	False	morphology	determiner_noun_agreement	Write a natural, coherent English sentence.
100	13	Patrick hasn't lifted this out in the open cactus.	Patrick hasn't lifted these out in the open cactus.	-145.0	-145.0	-10.375	-10.375	False	False	morphology	determiner_noun_agreement	Write a natural, coherent English sentence.
101	13	Angela isn't embarrassing those excited children.	Angela isn't embarrassing that excited children.	-103.5	-103.5	-10.375	-10.375	False	False	morphology	determiner_noun_agreement	Write a natural, coherent English sentence.
102	13	Jennifer hasn't criticized this smart man.	Jennifer hasn't criticized these smart man.	-103.5	-103.5	-10.375	-10.375	False	False	morphology	determiner_noun_agreement	Write a natural, coherent English sentence.
103	13	April watched this big person.	April watched these big person.	-62.25	-62.25	-10.375	-10.375	False	False	morphology	determiner_noun_agreement	Write a natural, coherent English sentence.
104	13	Candice hadn't bothered that serious alumnus.	Candice hadn't bothered those serious alumnus.	-124.5	-124.5	-10.375	-10.375	False	False	morphology	determiner_noun_agreement	Write a natural, coherent English sentence.
105	13	The Clintons observe those happy women.	The Clintons observe that happy women.	-93.5	-93.5	-10.375	-10.375	False	False	morphology	determiner_noun_agreement	Write a natural, coherent English sentence.
106	13	The Clintons observe this excited man.	The Clintons observe these excited man.	-93.5	-93.5	-10.375	-10.375	False	False	morphology	determiner_noun_agreement	Write a natural, coherent English sentence.
107	13	Associations were listening to that unlucky child.	Associations were listening to those unlucky child.	-114.0	-114.0	-10.375	-10.375	False	False	morphology	determiner_noun_agreement	Write a natural, coherent English sentence.
108	13	Those committees discussed that busy woman.	Those committees discussed those busy woman.	-93.0	-93.5	-10.375	-10.375	True	False	morphology	determiner_noun_agreement	Write a natural, coherent English sentence.
109	13	Debra isn't discussing that good analysis.	Debra isn't discussing those good analysis.	-104.0	-104.0	-10.375	-10.375	False	False	morphology	determiner_noun_agreement	Write a natural, coherent English sentence.
110	13	The drawing distracts this lucky woman.	The drawing distracts these lucky woman.	-83.0	-83.0	-10.375	-10.375	False	False	morphology	determiner_noun_agreement	Write a natural, coherent English sentence.
111	13	Holly couldn't dislike this exposed child.	Holly couldn't dislike these exposed child.	-103.5	-104.0	-10.375	-10.375	True	False	morphology	determiner_noun_agreement	Write a natural, coherent English sentence.
112	13	Angela examines that good synopsis.	Angela examines those good synopsis.	-83.0	-83.0	-10.375	-10.375	False	False	morphology	determiner_noun_agreement	Write a natural, coherent English sentence.
113	13	These skateboards aggravate that lucky woman.	These skateboards aggravate those lucky woman.	-114.0	-114.0	-10.375	-10.375	False	False	morphology	determiner_noun_agreement	Write a natural, coherent English sentence.
114	13	Some play alarms those small women.	Some play alarms that small women.	-83.0	-83.0	-10.375	-10.375	False	False	morphology	determiner_noun_agreement	Write a natural, coherent English sentence.
115	13	Students investigate these nice men.	Students investigate this nice men.	-62.25	-62.25	-10.375	-10.375	False	False	morphology	determiner_noun_agreement	Write a natural, coherent English sentence.
116	13	Tanya wasn't shocking that busy child.	Tanya wasn't shocking those busy child.	-114.0	-114.0	-10.375	-10.375	False	False	morphology	determiner_noun_agreement	Write a natural, coherent English sentence.
117	13	Brett has boasted about this nice person.	Brett has boasted about these nice person.	-103.5	-104.0	-10.375	-10.375	True	False	morphology	determiner_noun_agreement	Write a natural, coherent English sentence.
118	13	Jennifer described that hidden woman.	Jennifer described those hidden woman.	-62.25	-62.25	-10.375	-10.375	False	False	morphology	determiner_noun_agreement	Write a natural, coherent English sentence.
119	13	Winston Churchill passed these red oases.	Winston Churchill passed this red oases.	-103.5	-103.5	-10.375	-10.375	False	False	morphology	determiner_noun_agreement	Write a natural, coherent English sentence.
120	13	Some mirror could scare this nice woman.	Some mirror could scare these nice woman.	-93.5	-93.5	-10.375	-10.375	False	False	morphology	determiner_noun_agreement	Write a natural, coherent English sentence.
121	13	Caroline hadn't fired that scared alumnus.	Caroline hadn't fired those scared alumnus.	-114.0	-114.0	-10.375	-10.375	False	False	morphology	determiner_noun_agreement	Write a natural, coherent English sentence.
122	13	Edward wasn't referencing that displeased woman.	Edward wasn't referencing those displeased woman.	-124.5	-124.5	-10.375	-10.375	False	False	morphology	determiner_noun_agreement	Write a natural, coherent English sentence.
123	13	Many teachers clean these cheap teeth.	Many teachers clean this cheap teeth.	-72.5	-72.5	-10.375	-10.375	False	False	morphology	determiner_noun_agreement	Write a natural, coherent English sentence.
124	13	Wayne might remember these new oases.	Wayne might remember this new oases.	-83.0	-83.0	-10.375	-10.375	False	False	morphology	determiner_noun_agreement	Write a natural, coherent English sentence.
125	13	Some high school alarms this determined man.	Some high school alarms these determined man.	-93.5	-93.5	-10.375	-10.375	False	False	morphology	determiner_noun_agreement	Write a natural, coherent English sentence.
126	13	Vincent had returned to these out in the open oases.	Vincent had returned to this out in the open oases.	-124.0	-124.0	-10.375	-10.375	False	False	morphology	determiner_noun_agreement	Write a natural, coherent English sentence.
127	13	Marla hired this standing child.	Marla hired these standing child.	-72.5	-72.5	-10.375	-10.375	False	False	morphology	determiner_noun_agreement	Write a natural, coherent English sentence.
128	13	Some cucumber has upset those ill men.	Some cucumber has upset that ill men.	-103.5	-103.5	-10.375	-10.375	False	False	morphology	determiner_noun_agreement	Write a natural, coherent English sentence.
129	13	Russell hasn't kissed this content man.	Russell hasn't kissed these content man.	-93.5	-93.5	-10.375	-10.375	False	False	morphology	determiner_noun_agreement	Write a natural, coherent English sentence.
130	13	Guy has left this determined man.	Guy has left these determined man.	-72.5	-72.5	-10.375	-10.375	False	False	morphology	determiner_noun_agreement	Write a natural, coherent English sentence.
131	13	The Lutherans listen to these employed women.	The Lutherans listen to this employed women.	-93.5	-93.5	-10.375	-10.375	False	False	morphology	determiner_noun_agreement	Write a natural, coherent English sentence.
132	13	Candice disliked these bad analyses.	Candice disliked this bad analyses.	-103.5	-103.5	-10.375	-10.375	False	False	morphology	determiner_noun_agreement	Write a natural, coherent English sentence.
133	13	Many women heal these lost geese.	Many women heal this lost geese.	-83.0	-83.0	-10.375	-10.375	False	False	morphology	determiner_noun_agreement	Write a natural, coherent English sentence.
134	13	Wayne has remembered these smart people.	Wayne has remembered this smart people.	-73.0	-73.0	-10.375	-10.375	False	False	morphology	determiner_noun_agreement	Write a natural, coherent English sentence.
135	13	This teenager had dropped by these white oases.	This teenager had dropped by this white oases.	-103.5	-103.5	-10.375	-10.375	False	False	morphology	determiner_noun_agreement	Write a natural, coherent English sentence.
136	13	Eva has exited those smooth oases.	Eva has exited that smooth oases.	-93.5	-93.5	-10.375	-10.375	False	False	morphology	determiner_noun_agreement	Write a natural, coherent English sentence.
137	13	Cheryl wouldn't aggravate that bad person.	Cheryl wouldn't aggravate those bad person.	-124.5	-124.5	-10.375	-10.375	False	False	morphology	determiner_noun_agreement	Write a natural, coherent English sentence.
138	13	Katherine hadn't shocked those young children.	Katherine hadn't shocked that young children.	-103.5	-103.5	-10.375	-10.375	False	False	morphology	determiner_noun_agreement	Write a natural, coherent English sentence.
139	13	The student loves these troubled people.	The student loves this troubled people.	-83.0	-83.0	-10.375	-10.375	False	False	morphology	determiner_noun_agreement	Write a natural, coherent English sentence.
140	13	Tracy cared for those smart alumni.	Tracy cared for that smart alumni.	-103.5	-103.5	-10.375	-10.375	False	False	morphology	determiner_noun_agreement	Write a natural, coherent English sentence.
141	13	Guys return to these small oases.	Guys return to this small oases.	-93.0	-93.0	-10.375	-10.375	False	False	morphology	determiner_noun_agreement	Write a natural, coherent English sentence.
142	13	Marcus won't bike to this white oasis.	Marcus won't bike to these white oasis.	-114.0	-114.0	-10.375	-10.375	False	False	morphology	determiner_noun_agreement	Write a natural, coherent English sentence.
143	13	Eggplants impressed these unconvinced alumni.	Eggplants impressed this unconvinced alumni.	-145.0	-145.0	-10.375	-10.375	False	False	morphology	determiner_noun_agreement	Write a natural, coherent English sentence.
144	13	A turtle has bored those troubled children.	A turtle has bored that troubled children.	-114.0	-114.0	-10.375	-10.375	False	False	morphology	determiner_noun_agreement	Write a natural, coherent English sentence.
145	13	The adults were taking those old teeth.	The adults were taking that old teeth.	-83.0	-83.0	-10.375	-10.375	False	False	morphology	determiner_noun_agreement	Write a natural, coherent English sentence.
146	13	Alan wasn't returning to those blue oases.	Alan wasn't returning to that blue oases.	-114.0	-114.0	-10.375	-10.375	False	False	morphology	determiner_noun_agreement	Write a natural, coherent English sentence.
147	13	Theodore had lifted this rough cactus.	Theodore had lifted these rough cactus.	-103.5	-103.5	-10.375	-10.375	False	False	morphology	determiner_noun_agreement	Write a natural, coherent English sentence.
148	13	Joel isn't praising those good synopses.	Joel isn't praising that good synopses.	-124.5	-124.5	-10.375	-10.375	False	False	morphology	determiner_noun_agreement	Write a natural, coherent English sentence.
149	13	The pedestrian knows these standing women.	The pedestrian knows this standing women.	-83.0	-83.0	-10.375	-10.375	False	False	morphology	determiner_noun_agreement	Write a natural, coherent English sentence.
150	13	Some museums forget that good analysis.	Some museums forget those good analysis.	-83.0	-83.0	-10.375	-10.375	False	False	morphology	determiner_noun_agreement	Write a natural, coherent English sentence.
151	13	The Clintons might clean that lost fungus.	The Clintons might clean those lost fungus.	-124.5	-124.5	-10.375	-10.375	False	False	morphology	determiner_noun_agreement	Write a natural, coherent English sentence.
152	13	Mary is bothering these out in the open children.	Mary is bothering this out in the open children.	-114.0	-114.0	-10.375	-10.375	False	False	morphology	determiner_noun_agreement	Write a natural, coherent English sentence.
153	13	Many customers sell that lost ox.	Many customers sell those lost ox.	-72.5	-72.5	-10.375	-10.375	False	False	morphology	determiner_noun_agreement	Write a natural, coherent English sentence.
154	13	These waitresses praise these troubled men.	These waitresses praise this troubled men.	-103.5	-103.5	-10.375	-10.375	False	False	morphology	determiner_noun_agreement	Write a natural, coherent English sentence.
155	13	Many men didn't admire that nice person.	Many men didn't admire those nice person.	-114.0	-114.0	-10.375	-10.375	False	False	morphology	determiner_noun_agreement	Write a natural, coherent English sentence.
156	13	Jesus ran around this exposed oasis.	Jesus ran around these exposed oasis.	-83.0	-83.0	-10.375	-10.375	False	False	morphology	determiner_noun_agreement	Write a natural, coherent English sentence.
157	13	Many customers talk about that delighted child.	Many customers talk about those delighted child.	-83.0	-83.0	-10.375	-10.375	False	False	morphology	determiner_noun_agreement	Write a natural, coherent English sentence.
158	13	Drawings had disgusted this small woman.	Drawings had disgusted these small woman.	-93.5	-93.5	-10.375	-10.375	False	False	morphology	determiner_noun_agreement	Write a natural, coherent English sentence.
159	13	Colleen did care for that good man.	Colleen did care for those good man.	-93.5	-93.5	-10.375	-10.375	False	False	morphology	determiner_noun_agreement	Write a natural, coherent English sentence.
160	13	Marcus admired those exposed geese.	Marcus admired that exposed geese.	-83.0	-83.0	-10.375	-10.375	False	False	morphology	determiner_noun_agreement	Write a natural, coherent English sentence.
161	13	Randolf has noticed this clean foot.	Randolf has noticed these clean foot.	-83.0	-83.0	-10.375	-10.375	False	False	morphology	determiner_noun_agreement	Write a natural, coherent English sentence.
162	13	Craig could listen to that determined man.	Craig could listen to those determined man.	-83.0	-83.0	-10.375	-10.375	False	False	morphology	determiner_noun_agreement	Write a natural, coherent English sentence.
163	13	Movies stunned this small man.	Movies stunned these small man.	-83.0	-83.0	-10.375	-10.375	False	False	morphology	determiner_noun_agreement	Write a natural, coherent English sentence.
164	13	Timothy buys this rough ox.	Timothy buys these rough ox.	-83.0	-83.0	-10.375	-10.375	False	False	morphology	determiner_noun_agreement	Write a natural, coherent English sentence.
165	13	Some women go to those red oases.	Some women go to that red oases.	-93.0	-93.0	-10.375	-10.375	False	False	morphology	determiner_noun_agreement	Write a natural, coherent English sentence.
166	13	Ruth fixed this clean tooth.	Ruth fixed these clean tooth.	-62.25	-62.25	-10.375	-10.375	False	False	morphology	determiner_noun_agreement	Write a natural, coherent English sentence.
167	13	Monica is boring those clever men.	Monica is boring that clever men.	-83.0	-83.0	-10.375	-10.375	False	False	morphology	determiner_noun_agreement	Write a natural, coherent English sentence.
168	13	Janice knows these hidden alumni.	Janice knows this hidden alumni.	-93.5	-93.5	-10.375	-10.375	False	False	morphology	determiner_noun_agreement	Write a natural, coherent English sentence.
169	13	Spain insults this delighted alumnus.	Spain insults these delighted alumnus.	-93.0	-93.0	-10.375	-10.375	False	False	morphology	determiner_noun_agreement	Write a natural, coherent English sentence.
170	13	Some planes bore that displeased child.	Some planes bore those displeased child.	-93.5	-93.5	-10.375	-10.375	False	False	morphology	determiner_noun_agreement	Write a natural, coherent English sentence.
171	13	Dishes should upset these happy men.	Dishes should upset this happy men.	-83.0	-83.0	-10.375	-10.375	False	False	morphology	determiner_noun_agreement	Write a natural, coherent English sentence.
172	13	That painting looked like these yellow stimuli.	That painting looked like this yellow stimuli.	-93.0	-93.0	-10.375	-10.375	False	False	morphology	determiner_noun_agreement	Write a natural, coherent English sentence.
173	13	Amy shocked that content man.	Amy shocked those content man.	-62.25	-62.25	-10.375	-10.375	False	False	morphology	determiner_noun_agreement	Write a natural, coherent English sentence.
174	13	Melinda hasn't hidden this determined woman.	Melinda hasn't hidden these determined woman.	-103.5	-103.5	-10.375	-10.375	False	False	morphology	determiner_noun_agreement	Write a natural, coherent English sentence.
175	13	Caroline did drive to this brown oasis.	Caroline did drive to these brown oasis.	-93.0	-93.0	-10.375	-10.375	False	False	morphology	determiner_noun_agreement	Write a natural, coherent English sentence.
176	13	That rice disturbed those smart alumni.	That rice disturbed that smart alumni.	-103.5	-103.5	-10.375	-10.375	False	False	morphology	determiner_noun_agreement	Write a natural, coherent English sentence.
177	13	Brian will examine these long analyses.	Brian will examine this long analyses.	-83.0	-83.0	-10.375	-10.375	False	False	morphology	determiner_noun_agreement	Write a natural, coherent English sentence.
178	13	Mark dislikes this uncertain child.	Mark dislikes these uncertain child.	-83.0	-83.0	-10.375	-10.375	False	False	morphology	determiner_noun_agreement	Write a natural, coherent English sentence.
179	13	Rose was returning to these out in the open children.	Rose was returning to this out in the open children.	-114.0	-114.0	-10.375	-10.375	False	False	morphology	determiner_noun_agreement	Write a natural, coherent English sentence.
180	13	The guest has fixed this red tooth.	The guest has fixed these red tooth.	-83.0	-83.0	-10.375	-10.375	False	False	morphology	determiner_noun_agreement	Write a natural, coherent English sentence.
181	13	Jennifer is breaking this big tooth.	Jennifer is breaking these big tooth.	-72.5	-72.5	-10.375	-10.375	False	False	morphology	determiner_noun_agreement	Write a natural, coherent English sentence.
182	13	Sabrina isn't referencing these red theses.	Sabrina isn't referencing this red theses.	-135.0	-135.0	-10.375	-10.375	False	False	morphology	determiner_noun_agreement	Write a natural, coherent English sentence.
183	13	Valerie hadn't exited that exposed oasis.	Valerie hadn't exited those exposed oasis.	-124.5	-124.5	-10.375	-10.375	False	False	morphology	determiner_noun_agreement	Write a natural, coherent English sentence.
184	13	Every restaurant had worried this hidden child.	Every restaurant had worried these hidden child.	-83.0	-83.0	-10.375	-10.375	False	False	morphology	determiner_noun_agreement	Write a natural, coherent English sentence.
185	13	A woman was examining those long synopses.	A woman was examining that long synopses.	-114.0	-114.0	-10.375	-10.375	False	False	morphology	determiner_noun_agreement	Write a natural, coherent English sentence.
186	13	All actresses approach that content man.	All actresses approach those content man.	-83.0	-83.0	-10.375	-10.375	False	False	morphology	determiner_noun_agreement	Write a natural, coherent English sentence.
187	13	Sarah cleaned those yellow feet.	Sarah cleaned that yellow feet.	-62.25	-62.25	-10.375	-10.375	False	False	morphology	determiner_noun_agreement	Write a natural, coherent English sentence.
188	13	Margaret tours those black oases.	Margaret tours that black oases.	-72.5	-72.5	-10.375	-10.375	False	False	morphology	determiner_noun_agreement	Write a natural, coherent English sentence.
189	13	Rachel wasn't messing up this clean foot.	Rachel wasn't messing up these clean foot.	-114.0	-114.0	-10.375	-10.375	False	False	morphology	determiner_noun_agreement	Write a natural, coherent English sentence.
190	13	The Lutherans go to that old oasis.	The Lutherans go to those old oasis.	-103.5	-103.5	-10.375	-10.375	False	False	morphology	determiner_noun_agreement	Write a natural, coherent English sentence.
191	13	The lamps shock those hidden alumni.	The lamps shock that hidden alumni.	-104.0	-104.0	-10.375	-10.375	False	False	morphology	determiner_noun_agreement	Write a natural, coherent English sentence.
192	13	Claire conceals those small stimuli.	Claire conceals that small stimuli.	-83.0	-83.0	-10.375	-10.375	False	False	morphology	determiner_noun_agreement	Write a natural, coherent English sentence.
193	13	Most documentaries annoy that busy person.	Most documentaries annoy those busy person.	-83.0	-83.0	-10.375	-10.375	False	False	morphology	determiner_noun_agreement	Write a natural, coherent English sentence.
194	13	Pamela shouldn't return to those exposed men.	Pamela shouldn't return to that exposed men.	-114.0	-114.0	-10.375	-10.375	False	False	morphology	determiner_noun_agreement	Write a natural, coherent English sentence.
195	13	That person couldn't arrive at that purple oasis.	That person couldn't arrive at those purple oasis.	-124.0	-124.0	-10.375	-10.375	False	False	morphology	determiner_noun_agreement	Write a natural, coherent English sentence.
196	13	Alicia won't admire those big nuclei.	Alicia won't admire that big nuclei.	-135.0	-135.0	-10.375	-10.375	False	False	morphology	determiner_noun_agreement	Write a natural, coherent English sentence.
197	13	Curtis arrived at that red oasis.	Curtis arrived at those red oasis.	-93.0	-93.0	-10.375	-10.375	False	False	morphology	determiner_noun_agreement	Write a natural, coherent English sentence.
198	13	People investigate that smart man.	People investigate those smart man.	-62.25	-62.25	-10.375	-10.375	False	False	morphology	determiner_noun_agreement	Write a natural, coherent English sentence.
199	13	Some boys hire these content alumni.	Some boys hire this content alumni.	-93.0	-93.5	-10.375	-10.375	True	False	morphology	determiner_noun_agreement	Write a natural, coherent English sentence.
200	13	Leslie found these brown feet.	Leslie found this brown feet.	-72.5	-72.5	-10.375	-10.375	False	False	morphology	determiner_noun_agreement	Write a natural, coherent English sentence.
201	13	Alexander was firing that displeased woman.	Alexander was firing those displeased woman.	-93.5	-93.5	-10.375	-10.375	False	False	morphology	determiner_noun_agreement	Write a natural, coherent English sentence.
202	13	Florence hasn't argued about those confident children.	Florence hasn't argued about that confident children.	-104.0	-103.5	-10.375	-10.375	False	False	morphology	determiner_noun_agreement	Write a natural, coherent English sentence.
203	13	That adult hadn't complained about that exposed man.	That adult hadn't complained about those exposed man.	-114.0	-114.0	-10.375	-10.375	False	False	morphology	determiner_noun_agreement	Write a natural, coherent English sentence.
204	13	Larry works with these scared women.	Larry works with this scared women.	-72.5	-72.5	-10.375	-10.375	False	False	morphology	determiner_noun_agreement	Write a natural, coherent English sentence.
205	13	Kathleen leaves this old child.	Kathleen leaves these old child.	-72.5	-72.5	-10.375	-10.375	False	False	morphology	determiner_noun_agreement	Write a natural, coherent English sentence.
206	13	The actresses weren't watching these scared people.	The actresses weren't watching this scared people.	-114.0	-114.0	-10.375	-10.375	False	False	morphology	determiner_noun_agreement	Write a natural, coherent English sentence.
207	13	Derek isn't escaping from these blue oases.	Derek isn't escaping from this blue oases.	-135.0	-135.0	-10.375	-10.375	False	False	morphology	determiner_noun_agreement	Write a natural, coherent English sentence.
208	13	Naomi isn't talking about that cheap oasis.	Naomi isn't talking about those cheap oasis.	-124.5	-124.5	-10.375	-10.375	False	False	morphology	determiner_noun_agreement	Write a natural, coherent English sentence.
209	13	These guests hate these troubled men.	These guests hate this troubled men.	-83.0	-83.0	-10.375	-10.375	False	False	morphology	determiner_noun_agreement	Write a natural, coherent English sentence.
210	13	Patricia wasn't hiring those small children.	Patricia wasn't hiring that small children.	-114.0	-114.0	-10.375	-10.375	False	False	morphology	determiner_noun_agreement	Write a natural, coherent English sentence.
211	13	All stairs weren't alarming that lucky woman.	All stairs weren't alarming those lucky woman.	-114.0	-114.0	-10.375	-10.375	False	False	morphology	determiner_noun_agreement	Write a natural, coherent English sentence.
212	13	Many drivers left that confident alumnus.	Many drivers left those confident alumnus.	-93.5	-93.5	-10.375	-10.375	False	False	morphology	determiner_noun_agreement	Write a natural, coherent English sentence.
213	13	Every skirt disgusts these smart children.	Every skirt disgusts this smart children.	-83.0	-83.0	-10.375	-10.375	False	False	morphology	determiner_noun_agreement	Write a natural, coherent English sentence.
214	13	Valerie has astounded that lost alumnus.	Valerie has astounded those lost alumnus.	-124.0	-124.5	-10.375	-10.375	True	False	morphology	determiner_noun_agreement	Write a natural, coherent English sentence.
215	13	Sonia should describe this determined child.	Sonia should describe these determined child.	-83.0	-83.0	-10.375	-10.375	False	False	morphology	determiner_noun_agreement	Write a natural, coherent English sentence.
216	13	A lot of lakes weren't disgusting that old person.	A lot of lakes weren't disgusting those old person.	-145.0	-145.0	-10.375	-10.375	False	False	morphology	determiner_noun_agreement	Write a natural, coherent English sentence.
217	13	Some pants hadn't aggravated that good woman.	Some pants hadn't aggravated those good woman.	-124.5	-124.5	-10.375	-10.375	False	False	morphology	determiner_noun_agreement	Write a natural, coherent English sentence.
218	13	Anne does return to that old woman.	Anne does return to those old woman.	-83.0	-83.0	-10.375	-10.375	False	False	morphology	determiner_noun_agreement	Write a natural, coherent English sentence.
219	13	Alan wasn't listening to that delighted person.	Alan wasn't listening to those delighted person.	-103.5	-103.5	-10.375	-10.375	False	False	morphology	determiner_noun_agreement	Write a natural, coherent English sentence.
220	13	Some icicles annoy those serious alumni.	Some icicles annoy that serious alumni.	-103.5	-103.5	-10.375	-10.375	False	False	morphology	determiner_noun_agreement	Write a natural, coherent English sentence.
221	13	Many women won't scare those uncertain men.	Many women won't scare that uncertain men.	-114.0	-114.0	-10.375	-10.375	False	False	morphology	determiner_noun_agreement	Write a natural, coherent English sentence.
222	13	Science disgusts this unconvinced alumnus.	Science disgusts these unconvinced alumnus.	-124.0	-124.5	-10.375	-10.375	True	False	morphology	determiner_noun_agreement	Write a natural, coherent English sentence.
223	13	Connie tours these rough oases.	Connie tours this rough oases.	-83.0	-83.0	-10.375	-10.375	False	False	morphology	determiner_noun_agreement	Write a natural, coherent English sentence.
224	13	Those banks were talking about this lost thesis.	Those banks were talking about these lost thesis.	-93.5	-93.5	-10.375	-10.375	False	False	morphology	determiner_noun_agreement	Write a natural, coherent English sentence.
225	13	Some prints didn't look like this rough louse.	Some prints didn't look like these rough louse.	-124.5	-124.5	-10.375	-10.375	False	False	morphology	determiner_noun_agreement	Write a natural, coherent English sentence.
226	13	All pedestrians like those rough theses.	All pedestrians like that rough theses.	-103.5	-103.5	-10.375	-10.375	False	False	morphology	determiner_noun_agreement	Write a natural, coherent English sentence.
227	13	Douglas saw that black fungus.	Douglas saw those black fungus.	-83.0	-83.0	-10.375	-10.375	False	False	morphology	determiner_noun_agreement	Write a natural, coherent English sentence.
228	13	Sarah examined that bad analysis.	Sarah examined those bad analysis.	-62.25	-62.25	-10.375	-10.375	False	False	morphology	determiner_noun_agreement	Write a natural, coherent English sentence.
229	13	An actress researches this long thesis.	An actress researches these long thesis.	-104.0	-104.0	-10.375	-10.375	False	False	morphology	determiner_noun_agreement	Write a natural, coherent English sentence.
230	13	Those waitresses criticize this hidden child.	Those waitresses criticize these hidden child.	-103.5	-103.5	-10.375	-10.375	False	False	morphology	determiner_noun_agreement	Write a natural, coherent English sentence.
231	13	Most drivers question these upset alumni.	Most drivers question this upset alumni.	-93.0	-93.0	-10.375	-10.375	False	False	morphology	determiner_noun_agreement	Write a natural, coherent English sentence.
232	13	Phillip isn't working with these small women.	Phillip isn't working with this small women.	-114.0	-114.0	-10.375	-10.375	False	False	morphology	determiner_noun_agreement	Write a natural, coherent English sentence.
233	13	Jennifer can't aggravate that unlucky man.	Jennifer can't aggravate those unlucky man.	-135.0	-135.0	-10.375	-10.375	False	False	morphology	determiner_noun_agreement	Write a natural, coherent English sentence.
234	13	Essays confuse this good woman.	Essays confuse these good woman.	-83.0	-83.0	-10.375	-10.375	False	False	morphology	determiner_noun_agreement	Write a natural, coherent English sentence.
235	13	Amelia has forgotten those bad analyses.	Amelia has forgotten that bad analyses.	-93.5	-93.5	-10.375	-10.375	False	False	morphology	determiner_noun_agreement	Write a natural, coherent English sentence.
236	13	Michael had explored this brown oasis.	Michael had explored these brown oasis.	-83.0	-83.0	-10.375	-10.375	False	False	morphology	determiner_noun_agreement	Write a natural, coherent English sentence.
237	13	Natalie can aggravate those smart men.	Natalie can aggravate that smart men.	-103.5	-103.5	-10.375	-10.375	False	False	morphology	determiner_noun_agreement	Write a natural, coherent English sentence.
238	13	That patient won't go to these cheap oases.	That patient won't go to this cheap oases.	-124.5	-124.5	-10.375	-10.375	False	False	morphology	determiner_noun_agreement	Write a natural, coherent English sentence.
239	13	Heidi had discovered those black feet.	Heidi had discovered that black feet.	-83.0	-83.0	-10.375	-10.375	False	False	morphology	determiner_noun_agreement	Write a natural, coherent English sentence.
240	13	David hadn't watched those determined men.	David hadn't watched that determined men.	-93.5	-93.5	-10.375	-10.375	False	False	morphology	determiner_noun_agreement	Write a natural, coherent English sentence.
241	13	Some teenager couldn't walk through these green oases.	Some teenager couldn't walk through this green oases.	-124.5	-124.0	-10.375	-10.375	False	False	morphology	determiner_noun_agreement	Write a natural, coherent English sentence.
242	13	Christina shouldn't sell this hard oasis.	Christina shouldn't sell these hard oasis.	-114.0	-114.0	-10.375	-10.375	False	False	morphology	determiner_noun_agreement	Write a natural, coherent English sentence.
243	13	Christopher isn't firing those sick men.	Christopher isn't firing that sick men.	-93.5	-93.5	-10.375	-10.375	False	False	morphology	determiner_noun_agreement	Write a natural, coherent English sentence.
244	13	Most students hide that yellow mouse.	Most students hide those yellow mouse.	-72.5	-72.5	-10.375	-10.375	False	False	morphology	determiner_noun_agreement	Write a natural, coherent English sentence.
245	13	Holly did buy those clean feet.	Holly did buy that clean feet.	-72.5	-72.5	-10.375	-10.375	False	False	morphology	determiner_noun_agreement	Write a natural, coherent English sentence.
246	13	Many actors clean these brown theses.	Many actors clean this brown theses.	-83.0	-83.0	-10.375	-10.375	False	False	morphology	determiner_noun_agreement	Write a natural, coherent English sentence.
247	13	Stacy would hide those lost lice.	Stacy would hide that lost lice.	-93.5	-93.5	-10.375	-10.375	False	False	morphology	determiner_noun_agreement	Write a natural, coherent English sentence.
248	13	Alan drove to that new oasis.	Alan drove to those new oasis.	-83.0	-83.0	-10.375	-10.375	False	False	morphology	determiner_noun_agreement	Write a natural, coherent English sentence.
249	13	The Impressionists tour this purple oasis.	The Impressionists tour these purple oasis.	-103.5	-103.5	-10.375	-10.375	False	False	morphology	determiner_noun_agreement	Write a natural, coherent English sentence.
250	13	Wayne is talking to this hidden woman.	Wayne is talking to these hidden woman.	-83.0	-83.0	-10.375	-10.375	False	False	morphology	determiner_noun_agreement	Write a natural, coherent English sentence.
251	13	Christopher forgets this happy child.	Christopher forgets these happy child.	-72.5	-72.5	-10.375	-10.375	False	False	morphology	determiner_noun_agreement	Write a natural, coherent English sentence.
252	13	Julie can boycott those cheap oases.	Julie can boycott that cheap oases.	-93.0	-93.0	-10.375	-10.375	False	False	morphology	determiner_noun_agreement	Write a natural, coherent English sentence.
253	13	Most senators dislike these bad theses.	Most senators dislike this bad theses.	-103.5	-103.5	-10.375	-10.375	False	False	morphology	determiner_noun_agreement	Write a natural, coherent English sentence.
254	13	Denise concealed this content person.	Denise concealed these content person.	-83.0	-83.0	-10.375	-10.375	False	False	morphology	determiner_noun_agreement	Write a natural, coherent English sentence.
255	13	Some bike shocks these nice women.	Some bike shocks this nice women.	-83.0	-83.0	-10.375	-10.375	False	False	morphology	determiner_noun_agreement	Write a natural, coherent English sentence.
256	13	These teenagers fix those hidden feet.	These teenagers fix that hidden feet.	-83.0	-83.0	-10.375	-10.375	False	False	morphology	determiner_noun_agreement	Write a natural, coherent English sentence.
257	13	Ella praised that ill woman.	Ella praised those ill woman.	-72.5	-72.5	-10.375	-10.375	False	False	morphology	determiner_noun_agreement	Write a natural, coherent English sentence.
258	13	Current events stun these lost people.	Current events stun this lost people.	-83.0	-83.0	-10.375	-10.375	False	False	morphology	determiner_noun_agreement	Write a natural, coherent English sentence.
259	13	Mary tours this gray oasis.	Mary tours these gray oasis.	-72.5	-72.5	-10.375	-10.375	False	False	morphology	determiner_noun_agreement	Write a natural, coherent English sentence.
260	13	Linda visited those unsure men.	Linda visited that unsure men.	-72.5	-72.5	-10.375	-10.375	False	False	morphology	determiner_noun_agreement	Write a natural, coherent English sentence.
261	13	Dan wouldn't boycott that smooth oasis.	Dan wouldn't boycott those smooth oasis.	-114.0	-114.0	-10.375	-10.375	False	False	morphology	determiner_noun_agreement	Write a natural, coherent English sentence.
262	13	Those men leave that brown oasis.	Those men leave those brown oasis.	-83.0	-83.0	-10.375	-10.375	False	False	morphology	determiner_noun_agreement	Write a natural, coherent English sentence.
263	13	Lissa does pass these black oases.	Lissa does pass this black oases.	-93.0	-93.0	-10.375	-10.375	False	False	morphology	determiner_noun_agreement	Write a natural, coherent English sentence.
264	13	Alice had embarrassed this happy man.	Alice had embarrassed these happy man.	-72.5	-72.5	-10.375	-10.375	False	False	morphology	determiner_noun_agreement	Write a natural, coherent English sentence.
265	13	Wayne is worrying that hopeful child.	Wayne is worrying those hopeful child.	-83.0	-83.0	-10.375	-10.375	False	False	morphology	determiner_noun_agreement	Write a natural, coherent English sentence.
266	13	Lucille is biking to that green oasis.	Lucille is biking to those green oasis.	-114.0	-114.0	-10.375	-10.375	False	False	morphology	determiner_noun_agreement	Write a natural, coherent English sentence.
267	13	Katherine hadn't skated around this white oasis.	Katherine hadn't skated around these white oasis.	-135.0	-135.0	-10.375	-10.375	False	False	morphology	determiner_noun_agreement	Write a natural, coherent English sentence.
268	13	James observed this hopeful child.	James observed these hopeful child.	-72.5	-72.5	-10.375	-10.375	False	False	morphology	determiner_noun_agreement	Write a natural, coherent English sentence.
269	13	Gerald liked this big child.	Gerald liked these big child.	-72.5	-72.5	-10.375	-10.375	False	False	morphology	determiner_noun_agreement	Write a natural, coherent English sentence.
270	13	That committee wasn't hiring this displeased alumnus.	That committee wasn't hiring these displeased alumnus.	-145.0	-145.0	-10.375	-10.375	False	False	morphology	determiner_noun_agreement	Write a natural, coherent English sentence.
271	13	Gary isn't breaking that white tooth.	Gary isn't breaking those white tooth.	-93.5	-93.5	-10.375	-10.375	False	False	morphology	determiner_noun_agreement	Write a natural, coherent English sentence.
272	13	Walter hasn't seen those content children.	Walter hasn't seen that content children.	-93.5	-93.0	-10.375	-10.375	False	False	morphology	determiner_noun_agreement	Write a natural, coherent English sentence.
273	13	Martha didn't clean these hidden teeth.	Martha didn't clean this hidden teeth.	-93.5	-93.5	-10.375	-10.375	False	False	morphology	determiner_noun_agreement	Write a natural, coherent English sentence.
274	13	These teachers are returning to those lost men.	These teachers are returning to that lost men.	-93.0	-93.0	-10.375	-10.375	False	False	morphology	determiner_noun_agreement	Write a natural, coherent English sentence.
275	13	Ellen hadn't boycotted that hidden oasis.	Ellen hadn't boycotted those hidden oasis.	-124.0	-124.5	-10.375	-10.375	True	False	morphology	determiner_noun_agreement	Write a natural, coherent English sentence.
276	13	Some patients drive to these brown oases.	Some patients drive to this brown oases.	-93.5	-93.5	-10.375	-10.375	False	False	morphology	determiner_noun_agreement	Write a natural, coherent English sentence.
277	13	Nina wasn't referencing this ill person.	Nina wasn't referencing these ill person.	-103.5	-103.5	-10.375	-10.375	False	False	morphology	determiner_noun_agreement	Write a natural, coherent English sentence.
278	13	Denise praises these fast children.	Denise praises this fast children.	-83.0	-83.0	-10.375	-10.375	False	False	morphology	determiner_noun_agreement	Write a natural, coherent English sentence.
279	13	Most customers attack that clever man.	Most customers attack those clever man.	-72.5	-72.5	-10.375	-10.375	False	False	morphology	determiner_noun_agreement	Write a natural, coherent English sentence.
280	13	Every photograph looks like those exposed people.	Every photograph looks like that exposed people.	-83.0	-83.0	-10.375	-10.375	False	False	morphology	determiner_noun_agreement	Write a natural, coherent English sentence.
281	13	Cindy shouldn't cure that confident alumnus.	Cindy shouldn't cure those confident alumnus.	-135.0	-135.0	-10.375	-10.375	False	False	morphology	determiner_noun_agreement	Write a natural, coherent English sentence.
282	13	The Borgias reveal these blue feet.	The Borgias reveal this blue feet.	-93.5	-93.5	-10.375	-10.375	False	False	morphology	determiner_noun_agreement	Write a natural, coherent English sentence.
283	13	Ella lifts these exposed fungi.	Ella lifts this exposed fungi.	-93.5	-93.5	-10.375	-10.375	False	False	morphology	determiner_noun_agreement	Write a natural, coherent English sentence.
284	13	The Lutherans astound that unsure person.	The Lutherans astound those unsure person.	-103.5	-103.5	-10.375	-10.375	False	False	morphology	determiner_noun_agreement	Write a natural, coherent English sentence.
285	13	These cakes bore that determined woman.	These cakes bore those determined woman.	-83.0	-83.0	-10.375	-10.375	False	False	morphology	determiner_noun_agreement	Write a natural, coherent English sentence.
286	13	Nina lifts this orange cactus.	Nina lifts these orange cactus.	-93.0	-93.0	-10.375	-10.375	False	False	morphology	determiner_noun_agreement	Write a natural, coherent English sentence.
287	13	The actors kiss these unconvinced children.	The actors kiss this unconvinced children.	-104.0	-104.0	-10.375	-10.375	False	False	morphology	determiner_noun_agreement	Write a natural, coherent English sentence.
288	13	Sharon dislikes that brown thesis.	Sharon dislikes those brown thesis.	-93.5	-93.5	-10.375	-10.375	False	False	morphology	determiner_noun_agreement	Write a natural, coherent English sentence.
289	13	The customers sell these rough fungi.	The customers sell this rough fungi.	-83.0	-83.0	-10.375	-10.375	False	False	morphology	determiner_noun_agreement	Write a natural, coherent English sentence.
290	13	Janice didn't cure those employed men.	Janice didn't cure that employed men.	-103.5	-103.5	-10.375	-10.375	False	False	morphology	determiner_noun_agreement	Write a natural, coherent English sentence.
291	13	Paula left this uncertain person.	Paula left these uncertain person.	-72.5	-72.5	-10.375	-10.375	False	False	morphology	determiner_noun_agreement	Write a natural, coherent English sentence.
292	13	Those guys had escaped from those employed children.	Those guys had escaped from that employed children.	-93.5	-93.0	-10.375	-10.375	False	False	morphology	determiner_noun_agreement	Write a natural, coherent English sentence.
293	13	Christine wasn't touring that old oasis.	Christine wasn't touring those old oasis.	-124.0	-124.0	-10.375	-10.375	False	False	morphology	determiner_noun_agreement	Write a natural, coherent English sentence.
294	13	These waitresses praise this rough thesis.	These waitresses praise these rough thesis.	-93.0	-93.0	-10.375	-10.375	False	False	morphology	determiner_noun_agreement	Write a natural, coherent English sentence.
295	13	Some girls hadn't passed this concealed oasis.	Some girls hadn't passed these concealed oasis.	-124.5	-124.5	-10.375	-10.375	False	False	morphology	determiner_noun_agreement	Write a natural, coherent English sentence.
296	13	Andrea lifts these small cacti.	Andrea lifts this small cacti.	-93.5	-93.5	-10.375	-10.375	False	False	morphology	determiner_noun_agreement	Write a natural, coherent English sentence.
297	13	Kristen is scanning those bad synopses.	Kristen is scanning that bad synopses.	-114.0	-114.0	-10.375	-10.375	False	False	morphology	determiner_noun_agreement	Write a natural, coherent English sentence.
298	13	Alan is skated around these cheap oases.	Alan is skated around this cheap oases.	-103.5	-103.5	-10.375	-10.375	False	False	morphology	determiner_noun_agreement	Write a natural, coherent English sentence.
299	13	Kayla has investigated these busy people.	Kayla has investigated this busy people.	-83.0	-83.0	-10.375	-10.375	False	False	morphology	determiner_noun_agreement	Write a natural, coherent English sentence.
300	13	Timothy observes that good woman.	Timothy observes those good woman.	-83.0	-83.0	-10.375	-10.375	False	False	morphology	determiner_noun_agreement	Write a natural, coherent English sentence.
301	13	Every museum hadn't discussed those hidden theses.	Every museum hadn't discussed that hidden theses.	-114.0	-114.0	-10.375	-10.375	False	False	morphology	determiner_noun_agreement	Write a natural, coherent English sentence.
302	13	Some cashiers help this troubled person.	Some cashiers help these troubled person.	-93.0	-93.0	-10.375	-10.375	False	False	morphology	determiner_noun_agreement	Write a natural, coherent English sentence.
303	13	Amanda was attacking that displeased woman.	Amanda was attacking those displeased woman.	-93.5	-93.5	-10.375	-10.375	False	False	morphology	determiner_noun_agreement	Write a natural, coherent English sentence.
304	13	This window upsets these lost people.	This window upsets this lost people.	-83.0	-83.0	-10.375	-10.375	False	False	morphology	determiner_noun_agreement	Write a natural, coherent English sentence.
305	13	Cindy wasn't bringing those gray cacti.	Cindy wasn't bringing that gray cacti.	-135.0	-135.0	-10.375	-10.375	False	False	morphology	determiner_noun_agreement	Write a natural, coherent English sentence.
306	13	Peter complained about these good synopses.	Peter complained about this good synopses.	-93.0	-93.0	-10.375	-10.375	False	False	morphology	determiner_noun_agreement	Write a natural, coherent English sentence.
307	13	Danielle was touring those new oases.	Danielle was touring that new oases.	-103.5	-103.5	-10.375	-10.3125	False	False	morphology	determiner_noun_agreement	Write a natural, coherent English sentence.
308	13	Elaine discusses that standing person.	Elaine discusses those standing person.	-83.0	-83.0	-10.375	-10.375	False	False	morphology	determiner_noun_agreement	Write a natural, coherent English sentence.
309	13	Jacqueline had healed those rough geese.	Jacqueline had healed that rough geese.	-114.0	-114.0	-10.375	-10.375	False	False	morphology	determiner_noun_agreement	Write a natural, coherent English sentence.
310	13	All rivers were distracting those standing men.	All rivers were distracting that standing men.	-93.5	-93.5	-10.375	-10.375	False	False	morphology	determiner_noun_agreement	Write a natural, coherent English sentence.
311	13	Some people exit those yellow oases.	Some people exit that yellow oases.	-82.5	-83.0	-10.3125	-10.375	True	True	morphology	determiner_noun_agreement	Write a natural, coherent English sentence.
312	13	Becca isn't exploring these hard oases.	Becca isn't exploring this hard oases.	-114.0	-114.0	-10.375	-10.375	False	False	morphology	determiner_noun_agreement	Write a natural, coherent English sentence.
313	13	Timothy revealed that big foot.	Timothy revealed those big foot.	-72.5	-72.5	-10.375	-10.375	False	False	morphology	determiner_noun_agreement	Write a natural, coherent English sentence.
314	13	Adam fires these determined men.	Adam fires this determined men.	-62.25	-62.25	-10.375	-10.375	False	False	morphology	determiner_noun_agreement	Write a natural, coherent English sentence.
315	13	The teenagers clean this purple foot.	The teenagers clean these purple foot.	-83.0	-83.0	-10.375	-10.375	False	False	morphology	determiner_noun_agreement	Write a natural, coherent English sentence.
316	13	The Great Lakes could annoy that troubled man.	The Great Lakes could annoy those troubled man.	-114.0	-114.0	-10.375	-10.375	False	False	morphology	determiner_noun_agreement	Write a natural, coherent English sentence.
317	13	Karen discusses those bad men.	Karen discusses that bad men.	-72.5	-72.5	-10.375	-10.375	False	False	morphology	determiner_noun_agreement	Write a natural, coherent English sentence.
318	13	Phillip didn't find those ill alumni.	Phillip didn't find that ill alumni.	-124.5	-124.5	-10.375	-10.375	False	False	morphology	determiner_noun_agreement	Write a natural, coherent English sentence.
319	13	A lot of men reference these good analyses.	A lot of men reference this good analyses.	-104.0	-103.5	-10.375	-10.375	False	False	morphology	determiner_noun_agreement	Write a natural, coherent English sentence.
320	13	Larry had insulted these lucky children.	Larry had insulted this lucky children.	-83.0	-83.0	-10.375	-10.375	False	False	morphology	determiner_noun_agreement	Write a natural, coherent English sentence.
321	13	Debra is firing that determined child.	Debra is firing those determined child.	-83.0	-83.0	-10.375	-10.375	False	False	morphology	determiner_noun_agreement	Write a natural, coherent English sentence.
322	13	Noah was watching that fast woman.	Noah was watching those fast woman.	-72.5	-72.5	-10.375	-10.375	False	False	morphology	determiner_noun_agreement	Write a natural, coherent English sentence.
323	13	Gina works with that displeased person.	Gina works with those displeased person.	-103.5	-103.5	-10.375	-10.375	False	False	morphology	determiner_noun_agreement	Write a natural, coherent English sentence.
324	13	Most doctors would bring these big nuclei.	Most doctors would bring this big nuclei.	-93.0	-93.0	-10.375	-10.375	False	False	morphology	determiner_noun_agreement	Write a natural, coherent English sentence.
325	13	All drawings alarm that unconvinced child.	All drawings alarm those unconvinced child.	-104.0	-104.0	-10.375	-10.375	False	False	morphology	determiner_noun_agreement	Write a natural, coherent English sentence.
326	13	Some libraries hate that busy man.	Some libraries hate those busy man.	-72.5	-72.5	-10.375	-10.375	False	False	morphology	determiner_noun_agreement	Write a natural, coherent English sentence.
327	13	Derek disgusted that unemployed child.	Derek disgusted those unemployed child.	-93.0	-93.0	-10.375	-10.3125	False	False	morphology	determiner_noun_agreement	Write a natural, coherent English sentence.
328	13	Marla hadn't fired these good men.	Marla hadn't fired this good men.	-104.0	-104.0	-10.375	-10.375	False	False	morphology	determiner_noun_agreement	Write a natural, coherent English sentence.
329	13	Carmen examined that red thesis.	Carmen examined those red thesis.	-72.5	-72.5	-10.375	-10.375	False	False	morphology	determiner_noun_agreement	Write a natural, coherent English sentence.
330	13	Amelia investigates this smart woman.	Amelia investigates these smart woman.	-83.0	-83.0	-10.375	-10.375	False	False	morphology	determiner_noun_agreement	Write a natural, coherent English sentence.
331	13	The Borgias hire that displeased alumnus.	The Borgias hire those displeased alumnus.	-135.0	-135.0	-10.375	-10.375	False	False	morphology	determiner_noun_agreement	Write a natural, coherent English sentence.
332	13	Stacey would arrive at these orange oases.	Stacey would arrive at this orange oases.	-114.0	-114.0	-10.375	-10.375	False	False	morphology	determiner_noun_agreement	Write a natural, coherent English sentence.
333	13	Anna works with this lucky man.	Anna works with these lucky man.	-72.5	-72.5	-10.375	-10.375	False	False	morphology	determiner_noun_agreement	Write a natural, coherent English sentence.
334	13	Walter has scanned this rough thesis.	Walter has scanned these rough thesis.	-83.0	-83.0	-10.375	-10.375	False	False	morphology	determiner_noun_agreement	Write a natural, coherent English sentence.
335	13	Some mushroom bothered that lucky woman.	Some mushroom bothered those lucky woman.	-83.0	-83.0	-10.375	-10.375	False	False	morphology	determiner_noun_agreement	Write a natural, coherent English sentence.
336	13	Cynthia walked through this hard oasis.	Cynthia walked through these hard oasis.	-114.0	-114.0	-10.375	-10.375	False	False	morphology	determiner_noun_agreement	Write a natural, coherent English sentence.
337	13	Liam has healed these black oxen.	Liam has healed this black oxen.	-103.5	-103.5	-10.375	-10.375	False	False	morphology	determiner_noun_agreement	Write a natural, coherent English sentence.
338	13	Andrew did notice these white axes.	Andrew did notice this white axes.	-83.0	-83.0	-10.375	-10.375	False	False	morphology	determiner_noun_agreement	Write a natural, coherent English sentence.
339	13	Bethany kisses these serious alumni.	Bethany kisses this serious alumni.	-103.5	-103.5	-10.375	-10.375	False	False	morphology	determiner_noun_agreement	Write a natural, coherent English sentence.
340	13	Vanessa watches this nice person.	Vanessa watches these nice person.	-72.5	-72.5	-10.375	-10.375	False	False	morphology	determiner_noun_agreement	Write a natural, coherent English sentence.
341	13	Every window astounded that big man.	Every window astounded those big man.	-93.0	-93.0	-10.375	-10.375	False	False	morphology	determiner_noun_agreement	Write a natural, coherent English sentence.
342	13	Donna leaves that upset man.	Donna leaves those upset man.	-72.5	-72.5	-10.375	-10.375	False	False	morphology	determiner_noun_agreement	Write a natural, coherent English sentence.
343	13	Many students drop by that orange oasis.	Many students drop by those orange oasis.	-93.5	-93.0	-10.375	-10.375	False	False	morphology	determiner_noun_agreement	Write a natural, coherent English sentence.
344	13	The sketches looked like this unsure man.	The sketches looked like these unsure man.	-114.0	-114.0	-10.375	-10.375	False	False	morphology	determiner_noun_agreement	Write a natural, coherent English sentence.
345	13	Helen fixes that broken tooth.	Helen fixes those broken tooth.	-72.5	-72.5	-10.375	-10.375	False	False	morphology	determiner_noun_agreement	Write a natural, coherent English sentence.
346	13	Robert wasn't annoying that old person.	Robert wasn't annoying those old person.	-93.5	-93.5	-10.375	-10.375	False	False	morphology	determiner_noun_agreement	Write a natural, coherent English sentence.
347	13	Amy isn't talking to that young woman.	Amy isn't talking to those young woman.	-103.5	-104.0	-10.375	-10.375	True	False	morphology	determiner_noun_agreement	Write a natural, coherent English sentence.
348	13	Alan hadn't remembered these long analyses.	Alan hadn't remembered this long analyses.	-103.5	-103.5	-10.375	-10.375	False	False	morphology	determiner_noun_agreement	Write a natural, coherent English sentence.
349	13	Stephen is working with these out in the open women.	Stephen is working with this out in the open women.	-114.0	-114.0	-10.375	-10.375	False	False	morphology	determiner_noun_agreement	Write a natural, coherent English sentence.
350	13	This library had discussed these employed men.	This library had discussed this employed men.	-83.0	-83.0	-10.375	-10.375	False	False	morphology	determiner_noun_agreement	Write a natural, coherent English sentence.
351	13	This teenager can't worry those delighted men.	This teenager can't worry that delighted men.	-103.5	-103.5	-10.375	-10.375	False	False	morphology	determiner_noun_agreement	Write a natural, coherent English sentence.
352	13	Wendy revealed that sick octopus.	Wendy revealed those sick octopus.	-93.0	-93.0	-10.375	-10.375	False	False	morphology	determiner_noun_agreement	Write a natural, coherent English sentence.
353	13	The Clintons haven't worked with that young person.	The Clintons haven't worked with those young person.	-135.0	-135.0	-10.375	-10.375	False	False	morphology	determiner_noun_agreement	Write a natural, coherent English sentence.
354	13	Some committee aggravates this unconvinced woman.	Some committee aggravates these unconvinced woman.	-124.5	-124.5	-10.375	-10.375	False	False	morphology	determiner_noun_agreement	Write a natural, coherent English sentence.
355	13	Guy bored that troubled man.	Guy bored those troubled man.	-72.5	-72.5	-10.375	-10.375	False	False	morphology	determiner_noun_agreement	Write a natural, coherent English sentence.
356	13	Every actress scanned those bad analyses.	Every actress scanned that bad analyses.	-93.5	-93.5	-10.375	-10.375	False	False	morphology	determiner_noun_agreement	Write a natural, coherent English sentence.
357	13	A library alarms that determined child.	A library alarms those determined child.	-83.0	-83.0	-10.375	-10.375	False	False	morphology	determiner_noun_agreement	Write a natural, coherent English sentence.
358	13	Sheila can't notice this clever man.	Sheila can't notice these clever man.	-103.5	-103.5	-10.375	-10.375	False	False	morphology	determiner_noun_agreement	Write a natural, coherent English sentence.
359	13	James forgets this fast alumnus.	James forgets these fast alumnus.	-93.0	-93.0	-10.375	-10.375	False	False	morphology	determiner_noun_agreement	Write a natural, coherent English sentence.
360	13	Noah hasn't thought about these smooth lice.	Noah hasn't thought about this smooth lice.	-114.0	-114.0	-10.375	-10.375	False	False	morphology	determiner_noun_agreement	Write a natural, coherent English sentence.
361	13	Aaron sees these gray oases.	Aaron sees this gray oases.	-72.5	-72.5	-10.375	-10.375	False	False	morphology	determiner_noun_agreement	Write a natural, coherent English sentence.
362	13	Sherry has taken this standing goose.	Sherry has taken these standing goose.	-93.5	-93.5	-10.375	-10.375	False	False	morphology	determiner_noun_agreement	Write a natural, coherent English sentence.
363	13	Marie hasn't found those ill geese.	Marie hasn't found that ill geese.	-103.5	-104.0	-10.375	-10.375	True	False	morphology	determiner_noun_agreement	Write a natural, coherent English sentence.
364	13	Peter isn't arriving at that red oasis.	Peter isn't arriving at those red oasis.	-114.0	-114.0	-10.375	-10.375	False	False	morphology	determiner_noun_agreement	Write a natural, coherent English sentence.
365	13	Jill isn't boycotting those orange oases.	Jill isn't boycotting that orange oases.	-145.0	-145.0	-10.375	-10.375	False	False	morphology	determiner_noun_agreement	Write a natural, coherent English sentence.
366	13	Julia messes up that orange foot.	Julia messes up those orange foot.	-83.0	-83.0	-10.375	-10.375	False	False	morphology	determiner_noun_agreement	Write a natural, coherent English sentence.
367	13	That hill didn't disturb that content woman.	That hill didn't disturb those content woman.	-104.0	-104.0	-10.375	-10.375	False	False	morphology	determiner_noun_agreement	Write a natural, coherent English sentence.
368	13	Suzanne has concealed that concealed man.	Suzanne has concealed those concealed man.	-103.5	-103.5	-10.375	-10.375	False	False	morphology	determiner_noun_agreement	Write a natural, coherent English sentence.
369	13	Alicia sells that orange octopus.	Alicia sells those orange octopus.	-114.0	-114.0	-10.375	-10.3125	False	False	morphology	determiner_noun_agreement	Write a natural, coherent English sentence.
370	13	Leslie has discussed that delighted child.	Leslie has discussed those delighted child.	-83.0	-83.0	-10.375	-10.375	False	False	morphology	determiner_noun_agreement	Write a natural, coherent English sentence.
371	13	Andrea could like these white lice.	Andrea could like this white lice.	-83.0	-83.0	-10.375	-10.375	False	False	morphology	determiner_noun_agreement	Write a natural, coherent English sentence.
372	13	Most children break those rough teeth.	Most children break that rough teeth.	-72.5	-72.5	-10.375	-10.375	False	False	morphology	determiner_noun_agreement	Write a natural, coherent English sentence.
373	13	Richard did work with this clever child.	Richard did work with these clever child.	-83.0	-83.0	-10.375	-10.375	False	False	morphology	determiner_noun_agreement	Write a natural, coherent English sentence.
374	13	Anne hugs this unemployed woman.	Anne hugs these unemployed woman.	-83.0	-83.0	-10.375	-10.375	False	False	morphology	determiner_noun_agreement	Write a natural, coherent English sentence.
375	13	Those actors attack that excited child.	Those actors attack those excited child.	-72.5	-72.5	-10.375	-10.375	False	False	morphology	determiner_noun_agreement	Write a natural, coherent English sentence.
376	13	Bruce was hugging that unconvinced man.	Bruce was hugging those unconvinced man.	-114.0	-114.0	-10.375	-10.375	False	False	morphology	determiner_noun_agreement	Write a natural, coherent English sentence.
377	13	Patrick hasn't hidden this orange oasis.	Patrick hasn't hidden these orange oasis.	-104.0	-103.5	-10.375	-10.375	False	False	morphology	determiner_noun_agreement	Write a natural, coherent English sentence.
378	13	Alicia hadn't discussed that uncertain person.	Alicia hadn't discussed those uncertain person.	-114.0	-114.0	-10.375	-10.375	False	False	morphology	determiner_noun_agreement	Write a natural, coherent English sentence.
379	13	Susan wasn't talking to those confident men.	Susan wasn't talking to that confident men.	-104.0	-104.0	-10.375	-10.375	False	False	morphology	determiner_noun_agreement	Write a natural, coherent English sentence.
380	13	Cheryl will scan that good synopsis.	Cheryl will scan those good synopsis.	-93.0	-93.0	-10.375	-10.375	False	False	morphology	determiner_noun_agreement	Write a natural, coherent English sentence.
381	13	Tamara kissed that unsure man.	Tamara kissed those unsure man.	-83.0	-83.0	-10.375	-10.375	False	False	morphology	determiner_noun_agreement	Write a natural, coherent English sentence.
382	13	Craig boasts about those bad analyses.	Craig boasts about that bad analyses.	-93.5	-93.5	-10.375	-10.375	False	False	morphology	determiner_noun_agreement	Write a natural, coherent English sentence.
383	13	Randolf hadn't hugged those serious people.	Randolf hadn't hugged that serious people.	-114.0	-114.0	-10.375	-10.375	False	False	morphology	determiner_noun_agreement	Write a natural, coherent English sentence.
384	13	Many doctors cure these exposed men.	Many doctors cure this exposed men.	-72.5	-72.5	-10.375	-10.375	False	False	morphology	determiner_noun_agreement	Write a natural, coherent English sentence.
385	13	Women criticized those smooth theses.	Women criticized that smooth theses.	-83.0	-83.0	-10.375	-10.375	False	False	morphology	determiner_noun_agreement	Write a natural, coherent English sentence.
386	13	Some light disturbs that old person.	Some light disturbs those old person.	-93.5	-93.5	-10.375	-10.375	False	False	morphology	determiner_noun_agreement	Write a natural, coherent English sentence.
387	13	Carol was questioning this big man.	Carol was questioning these big man.	-72.5	-72.5	-10.375	-10.375	False	False	morphology	determiner_noun_agreement	Write a natural, coherent English sentence.
388	13	Sara has gone to that old oasis.	Sara has gone to those old oasis.	-93.0	-93.0	-10.3125	-10.375	False	True	morphology	determiner_noun_agreement	Write a natural, coherent English sentence.
389	13	Steven brought these red oases.	Steven brought this red oases.	-72.5	-72.5	-10.375	-10.375	False	False	morphology	determiner_noun_agreement	Write a natural, coherent English sentence.
390	13	Diana will disgust these ill children.	Diana will disgust this ill children.	-72.5	-72.5	-10.375	-10.375	False	False	morphology	determiner_noun_agreement	Write a natural, coherent English sentence.
391	13	Steven disturbs these sick alumni.	Steven disturbs this sick alumni.	-104.0	-104.0	-10.375	-10.375	False	False	morphology	determiner_noun_agreement	Write a natural, coherent English sentence.
392	13	Angela wasn't lifting these blue feet.	Angela wasn't lifting this blue feet.	-93.5	-93.5	-10.375	-10.375	False	False	morphology	determiner_noun_agreement	Write a natural, coherent English sentence.
393	13	Sharon hasn't stunned that unsure child.	Sharon hasn't stunned those unsure child.	-124.5	-124.5	-10.375	-10.375	False	False	morphology	determiner_noun_agreement	Write a natural, coherent English sentence.
394	13	These girls question that concealed man.	These girls question those concealed man.	-83.0	-83.0	-10.375	-10.375	False	False	morphology	determiner_noun_agreement	Write a natural, coherent English sentence.
395	13	Martha wasn't kissing this unemployed man.	Martha wasn't kissing these unemployed man.	-114.0	-114.0	-10.375	-10.375	False	False	morphology	determiner_noun_agreement	Write a natural, coherent English sentence.
396	13	Kendra isn't working with this excited child.	Kendra isn't working with these excited child.	-124.5	-124.5	-10.375	-10.375	False	False	morphology	determiner_noun_agreement	Write a natural, coherent English sentence.
397	13	All actresses praise this hard thesis.	All actresses praise these hard thesis.	-82.5	-83.0	-10.3125	-10.375	True	True	morphology	determiner_noun_agreement	Write a natural, coherent English sentence.
398	13	David cleans that hard tooth.	David cleans those hard tooth.	-72.5	-72.5	-10.375	-10.375	False	False	morphology	determiner_noun_agreement	Write a natural, coherent English sentence.
399	13	Julia sounded like this uncertain person.	Julia sounded like these uncertain person.	-72.5	-72.5	-10.375	-10.375	False	False	morphology	determiner_noun_agreement	Write a natural, coherent English sentence.
400	13	Those actors attacked that happy alumnus.	Those actors attacked those happy alumnus.	-93.5	-93.5	-10.375	-10.375	False	False	morphology	determiner_noun_agreement	Write a natural, coherent English sentence.
401	13	Eva hadn't admired these black fungi.	Eva hadn't admired this black fungi.	-114.0	-114.0	-10.375	-10.375	False	False	morphology	determiner_noun_agreement	Write a natural, coherent English sentence.
402	13	Many chairs aren't disgusting this unlucky child.	Many chairs aren't disgusting these unlucky child.	-135.0	-135.0	-10.375	-10.375	False	False	morphology	determiner_noun_agreement	Write a natural, coherent English sentence.
403	13	Those waiters break these rough teeth.	Those waiters break this rough teeth.	-83.0	-83.0	-10.375	-10.375	False	False	morphology	determiner_noun_agreement	Write a natural, coherent English sentence.
404	13	Becca leaves this uncertain child.	Becca leaves these uncertain child.	-72.5	-72.5	-10.375	-10.375	False	False	morphology	determiner_noun_agreement	Write a natural, coherent English sentence.
405	13	Some steak disturbs these displeased children.	Some steak disturbs this displeased children.	-124.5	-124.5	-10.375	-10.375	False	False	morphology	determiner_noun_agreement	Write a natural, coherent English sentence.
406	13	Christine wouldn't conceal this lost stimulus.	Christine wouldn't conceal these lost stimulus.	-124.5	-124.5	-10.375	-10.375	False	False	morphology	determiner_noun_agreement	Write a natural, coherent English sentence.
407	13	Every face irritates those unemployed alumni.	Every face irritates that unemployed alumni.	-114.0	-114.0	-10.375	-10.375	False	False	morphology	determiner_noun_agreement	Write a natural, coherent English sentence.
408	13	Susan noticed that unlucky person.	Susan noticed those unlucky person.	-83.0	-83.0	-10.375	-10.375	False	False	morphology	determiner_noun_agreement	Write a natural, coherent English sentence.
409	13	Some women drop by those concealed oases.	Some women drop by that concealed oases.	-104.0	-104.0	-10.375	-10.375	False	False	morphology	determiner_noun_agreement	Write a natural, coherent English sentence.
410	13	The Clintons disagree with these serious men.	The Clintons disagree with this serious men.	-104.0	-104.0	-10.375	-10.375	False	False	morphology	determiner_noun_agreement	Write a natural, coherent English sentence.
411	13	Phillip discovers these busy women.	Phillip discovers this busy women.	-83.0	-83.0	-10.375	-10.375	False	False	morphology	determiner_noun_agreement	Write a natural, coherent English sentence.
412	13	Waiters investigate that hopeful woman.	Waiters investigate those hopeful woman.	-83.0	-83.0	-10.375	-10.375	False	False	morphology	determiner_noun_agreement	Write a natural, coherent English sentence.
413	13	Regina hasn't found these white nuclei.	Regina hasn't found this white nuclei.	-124.5	-124.5	-10.375	-10.375	False	False	morphology	determiner_noun_agreement	Write a natural, coherent English sentence.
414	13	Irene scanned those purple theses.	Irene scanned that purple theses.	-93.0	-93.5	-10.375	-10.375	True	False	morphology	determiner_noun_agreement	Write a natural, coherent English sentence.
415	13	A bank references those popular people.	A bank references that popular people.	-72.5	-72.5	-10.375	-10.375	False	False	morphology	determiner_noun_agreement	Write a natural, coherent English sentence.
416	13	Vincent tours this old oasis.	Vincent tours these old oasis.	-72.5	-72.5	-10.3125	-10.3125	False	False	morphology	determiner_noun_agreement	Write a natural, coherent English sentence.
417	13	Alicia kisses that standing woman.	Alicia kisses those standing woman.	-93.0	-93.0	-10.375	-10.375	False	False	morphology	determiner_noun_agreement	Write a natural, coherent English sentence.
418	13	Some candles aren't boring those displeased men.	Some candles aren't boring that displeased men.	-135.0	-135.0	-10.375	-10.375	False	False	morphology	determiner_noun_agreement	Write a natural, coherent English sentence.
419	13	That teenager does care for this old alumnus.	That teenager does care for these old alumnus.	-114.0	-114.0	-10.375	-10.375	False	False	morphology	determiner_noun_agreement	Write a natural, coherent English sentence.
420	13	A lot of drawings weren't alarming that displeased man.	A lot of drawings weren't alarming those displeased man.	-155.0	-155.0	-10.375	-10.375	False	False	morphology	determiner_noun_agreement	Write a natural, coherent English sentence.
421	13	That face astounded that important woman.	That face astounded those important woman.	-93.0	-93.0	-10.375	-10.375	False	False	morphology	determiner_noun_agreement	Write a natural, coherent English sentence.
422	13	Tiffany had approached these unemployed people.	Tiffany had approached this unemployed people.	-103.5	-103.5	-10.375	-10.375	False	False	morphology	determiner_noun_agreement	Write a natural, coherent English sentence.
423	13	Christina is passing these rough oases.	Christina is passing this rough oases.	-93.0	-93.0	-10.375	-10.375	False	False	morphology	determiner_noun_agreement	Write a natural, coherent English sentence.
424	13	Debra was praising those busy people.	Debra was praising that busy people.	-93.5	-93.5	-10.375	-10.375	False	False	morphology	determiner_noun_agreement	Write a natural, coherent English sentence.
425	13	The doctors didn't care for these scared children.	The doctors didn't care for this scared children.	-114.0	-114.0	-10.375	-10.375	False	False	morphology	determiner_noun_agreement	Write a natural, coherent English sentence.
426	13	Those ladders stun these small people.	Those ladders stun this small people.	-104.0	-103.5	-10.375	-10.375	False	False	morphology	determiner_noun_agreement	Write a natural, coherent English sentence.
427	13	Samuel isn't distracting these clever women.	Samuel isn't distracting this clever women.	-103.5	-103.5	-10.375	-10.375	False	False	morphology	determiner_noun_agreement	Write a natural, coherent English sentence.
428	13	Lucille dropped by those new oases.	Lucille dropped by that new oases.	-93.0	-93.0	-10.375	-10.375	False	False	morphology	determiner_noun_agreement	Write a natural, coherent English sentence.
429	13	A legislature should aggravate that busy child.	A legislature should aggravate those busy child.	-114.0	-114.0	-10.375	-10.375	False	False	morphology	determiner_noun_agreement	Write a natural, coherent English sentence.
430	13	Larry observed that lucky child.	Larry observed those lucky child.	-62.25	-62.25	-10.375	-10.375	False	False	morphology	determiner_noun_agreement	Write a natural, coherent English sentence.
431	13	Lawrence wasn't approaching those troubled children.	Lawrence wasn't approaching that troubled children.	-103.5	-103.5	-10.375	-10.375	False	False	morphology	determiner_noun_agreement	Write a natural, coherent English sentence.
432	13	Most libraries describe those delighted men.	Most libraries describe that delighted men.	-72.5	-72.5	-10.375	-10.375	False	False	morphology	determiner_noun_agreement	Write a natural, coherent English sentence.
433	13	The Impressionists alarms that sick child.	The Impressionists alarms those sick child.	-103.5	-103.5	-10.375	-10.375	False	False	morphology	determiner_noun_agreement	Write a natural, coherent English sentence.
434	13	A lot of children have this exposed axis.	A lot of children have these exposed axis.	-93.0	-93.0	-10.3125	-10.375	False	True	morphology	determiner_noun_agreement	Write a natural, coherent English sentence.
435	13	Melissa couldn't reveal that small man.	Melissa couldn't reveal those small man.	-104.0	-104.0	-10.375	-10.375	False	False	morphology	determiner_noun_agreement	Write a natural, coherent English sentence.
436	13	These carriages won't impress those bad men.	These carriages won't impress that bad men.	-114.0	-114.0	-10.375	-10.375	False	False	morphology	determiner_noun_agreement	Write a natural, coherent English sentence.
437	13	Many girls drop by that red oasis.	Many girls drop by those red oasis.	-93.0	-93.0	-10.375	-10.375	False	False	morphology	determiner_noun_agreement	Write a natural, coherent English sentence.
438	13	The Impressionists fled from this small woman.	The Impressionists fled from these small woman.	-103.5	-103.5	-10.375	-10.375	False	False	morphology	determiner_noun_agreement	Write a natural, coherent English sentence.
439	13	Ann arrived at that blue oasis.	Ann arrived at those blue oasis.	-83.0	-83.0	-10.375	-10.375	False	False	morphology	determiner_noun_agreement	Write a natural, coherent English sentence.
440	13	The sock isn't disturbing those lucky children.	The sock isn't disturbing that lucky children.	-114.0	-114.0	-10.375	-10.375	False	False	morphology	determiner_noun_agreement	Write a natural, coherent English sentence.
441	13	Those socks were shocking those unlucky men.	Those socks were shocking that unlucky men.	-114.0	-114.0	-10.375	-10.375	False	False	morphology	determiner_noun_agreement	Write a natural, coherent English sentence.
442	13	Christine wasn't walking through those cheap oases.	Christine wasn't walking through that cheap oases.	-124.5	-124.5	-10.375	-10.375	False	False	morphology	determiner_noun_agreement	Write a natural, coherent English sentence.
443	13	Mary appreciates those content women.	Mary appreciates that content women.	-72.5	-72.5	-10.375	-10.375	False	False	morphology	determiner_noun_agreement	Write a natural, coherent English sentence.
444	13	That lady didn't question this ill person.	That lady didn't question these ill person.	-103.5	-103.5	-10.375	-10.375	False	False	morphology	determiner_noun_agreement	Write a natural, coherent English sentence.
445	13	Most birds annoy this young woman.	Most birds annoy these young woman.	-72.5	-72.5	-10.375	-10.375	False	False	morphology	determiner_noun_agreement	Write a natural, coherent English sentence.
446	13	Amelia is kissing these content men.	Amelia is kissing this content men.	-93.5	-93.5	-10.375	-10.375	False	False	morphology	determiner_noun_agreement	Write a natural, coherent English sentence.
447	13	Judy isn't taking those standing oxen.	Judy isn't taking that standing oxen.	-114.0	-114.0	-10.375	-10.375	False	False	morphology	determiner_noun_agreement	Write a natural, coherent English sentence.
448	13	Irene is discussing those clever alumni.	Irene is discussing that clever alumni.	-104.0	-104.0	-10.375	-10.375	False	False	morphology	determiner_noun_agreement	Write a natural, coherent English sentence.
449	13	Danielle could describe these long analyses.	Danielle could describe this long analyses.	-93.0	-93.0	-10.375	-10.375	False	False	morphology	determiner_noun_agreement	Write a natural, coherent English sentence.
450	13	Eva hasn't praised that lucky woman.	Eva hasn't praised those lucky woman.	-93.5	-93.5	-10.375	-10.375	False	False	morphology	determiner_noun_agreement	Write a natural, coherent English sentence.
451	13	Grace might observe that unlucky woman.	Grace might observe those unlucky woman.	-93.0	-93.0	-10.3125	-10.375	False	True	morphology	determiner_noun_agreement	Write a natural, coherent English sentence.
452	13	The Clintons bothered these clever people.	The Clintons bothered this clever people.	-93.5	-93.5	-10.375	-10.375	False	False	morphology	determiner_noun_agreement	Write a natural, coherent English sentence.
453	13	April hadn't embarrassed those employed alumni.	April hadn't embarrassed that employed alumni.	-114.0	-114.0	-10.375	-10.375	False	False	morphology	determiner_noun_agreement	Write a natural, coherent English sentence.
454	13	Marie shouldn't forget that happy man.	Marie shouldn't forget those happy man.	-93.5	-93.5	-10.375	-10.375	False	False	morphology	determiner_noun_agreement	Write a natural, coherent English sentence.
455	13	Renee isn't breaking that cheap foot.	Renee isn't breaking those cheap foot.	-114.0	-114.0	-10.375	-10.375	False	False	morphology	determiner_noun_agreement	Write a natural, coherent English sentence.
456	13	Monica shouldn't sell those new oases.	Monica shouldn't sell that new oases.	-114.0	-114.0	-10.375	-10.375	False	False	morphology	determiner_noun_agreement	Write a natural, coherent English sentence.
457	13	Every dancer has returned to that troubled man.	Every dancer has returned to those troubled man.	-114.0	-114.0	-10.375	-10.375	False	False	morphology	determiner_noun_agreement	Write a natural, coherent English sentence.
458	13	Those dancers break those green teeth.	Those dancers break that green teeth.	-83.0	-83.0	-10.375	-10.375	False	False	morphology	determiner_noun_agreement	Write a natural, coherent English sentence.
459	13	These teachers talk about these fast women.	These teachers talk about this fast women.	-83.0	-83.0	-10.375	-10.375	False	False	morphology	determiner_noun_agreement	Write a natural, coherent English sentence.
460	13	Spain hasn't praised that happy man.	Spain hasn't praised those happy man.	-93.5	-93.5	-10.375	-10.375	False	False	morphology	determiner_noun_agreement	Write a natural, coherent English sentence.
461	13	Monica does kiss those good people.	Monica does kiss that good people.	-83.0	-83.0	-10.375	-10.375	False	False	morphology	determiner_noun_agreement	Write a natural, coherent English sentence.
462	13	Benjamin can boast about those busy men.	Benjamin can boast about that busy men.	-93.5	-93.5	-10.375	-10.375	False	False	morphology	determiner_noun_agreement	Write a natural, coherent English sentence.
463	13	Donald conceals this lost nucleus.	Donald conceals these lost nucleus.	-83.0	-83.0	-10.375	-10.375	False	False	morphology	determiner_noun_agreement	Write a natural, coherent English sentence.
464	13	Gregory was embarrassing this big woman.	Gregory was embarrassing these big woman.	-83.0	-83.0	-10.375	-10.375	False	False	morphology	determiner_noun_agreement	Write a natural, coherent English sentence.
465	13	The waiter wasn't stunning that hidden child.	The waiter wasn't stunning those hidden child.	-114.0	-114.0	-10.375	-10.375	False	False	morphology	determiner_noun_agreement	Write a natural, coherent English sentence.
466	13	A lot of photographs haven't looked like this red stimulus.	A lot of photographs haven't looked like these red stimulus.	-145.0	-145.0	-10.375	-10.375	False	False	morphology	determiner_noun_agreement	Write a natural, coherent English sentence.
467	13	A patient fixed those cheap feet.	A patient fixed that cheap feet.	-72.5	-72.5	-10.375	-10.375	False	False	morphology	determiner_noun_agreement	Write a natural, coherent English sentence.
468	13	Many gates shouldn't astound these unsure alumni.	Many gates shouldn't astound this unsure alumni.	-145.0	-145.0	-10.375	-10.375	False	False	morphology	determiner_noun_agreement	Write a natural, coherent English sentence.
469	13	That picture hasn't looked like these big men.	That picture hasn't looked like this big men.	-114.0	-114.0	-10.375	-10.375	False	False	morphology	determiner_noun_agreement	Write a natural, coherent English sentence.
470	13	These waitresses talk about this hidden thesis.	These waitresses talk about these hidden thesis.	-103.5	-103.5	-10.375	-10.375	False	False	morphology	determiner_noun_agreement	Write a natural, coherent English sentence.
471	13	Stacy concealed those gray axes.	Stacy concealed that gray axes.	-93.5	-93.5	-10.375	-10.375	False	False	morphology	determiner_noun_agreement	Write a natural, coherent English sentence.
472	13	Nicole remembers those serious alumni.	Nicole remembers that serious alumni.	-93.5	-93.5	-10.375	-10.375	False	False	morphology	determiner_noun_agreement	Write a natural, coherent English sentence.
473	13	Leslie hadn't gone to that small oasis.	Leslie hadn't gone to those small oasis.	-124.5	-124.5	-10.375	-10.375	False	False	morphology	determiner_noun_agreement	Write a natural, coherent English sentence.
474	13	Joel wasn't praising this ill person.	Joel wasn't praising these ill person.	-104.0	-103.5	-10.375	-10.375	False	False	morphology	determiner_noun_agreement	Write a natural, coherent English sentence.
475	13	These drivers embarrasses this young alumnus.	These drivers embarrasses these young alumnus.	-103.5	-103.5	-10.375	-10.375	False	False	morphology	determiner_noun_agreement	Write a natural, coherent English sentence.
476	13	Beef bores that delighted woman.	Beef bores those delighted woman.	-83.0	-83.0	-10.375	-10.375	False	False	morphology	determiner_noun_agreement	Write a natural, coherent English sentence.
477	13	Mitchell goes to this gray oasis.	Mitchell goes to these gray oasis.	-83.0	-83.0	-10.375	-10.375	False	False	morphology	determiner_noun_agreement	Write a natural, coherent English sentence.
478	13	The mouth bores these upset men.	The mouth bores this upset men.	-83.0	-83.0	-10.375	-10.375	False	False	morphology	determiner_noun_agreement	Write a natural, coherent English sentence.
479	13	Most legislatures discuss those good people.	Most legislatures discuss that good people.	-83.0	-83.0	-10.375	-10.375	False	False	morphology	determiner_noun_agreement	Write a natural, coherent English sentence.
480	13	The boys mess up those purple feet.	The boys mess up that purple feet.	-83.0	-83.0	-10.375	-10.375	False	False	morphology	determiner_noun_agreement	Write a natural, coherent English sentence.
481	13	Cashiers describe these fast children.	Cashiers describe this fast children.	-72.5	-72.5	-10.375	-10.375	False	False	morphology	determiner_noun_agreement	Write a natural, coherent English sentence.
482	13	Roger has fired those unconvinced men.	Roger has fired that unconvinced men.	-104.0	-104.0	-10.375	-10.375	False	False	morphology	determiner_noun_agreement	Write a natural, coherent English sentence.
483	13	Amy wasn't kissing this content man.	Amy wasn't kissing these content man.	-103.5	-103.5	-10.375	-10.375	False	False	morphology	determiner_noun_agreement	Write a natural, coherent English sentence.
484	13	Every dancer hadn't praised those good analyses.	Every dancer hadn't praised that good analyses.	-124.5	-124.5	-10.375	-10.375	False	False	morphology	determiner_noun_agreement	Write a natural, coherent English sentence.
485	13	Rhonda wasn't hiding those red mice.	Rhonda wasn't hiding that red mice.	-114.0	-114.0	-10.375	-10.375	False	False	morphology	determiner_noun_agreement	Write a natural, coherent English sentence.
486	13	Every pedestrian talks about that bad synopsis.	Every pedestrian talks about those bad synopsis.	-103.5	-103.5	-10.375	-10.375	False	False	morphology	determiner_noun_agreement	Write a natural, coherent English sentence.
487	13	The fish shocks these old alumni.	The fish shocks this old alumni.	-103.5	-104.0	-10.375	-10.375	True	False	morphology	determiner_noun_agreement	Write a natural, coherent English sentence.
488	13	Those waitresses visited those scared alumni.	Those waitresses visited that scared alumni.	-114.0	-114.0	-10.375	-10.375	False	False	morphology	determiner_noun_agreement	Write a natural, coherent English sentence.
489	13	That library was listening to this nice man.	That library was listening to these nice man.	-93.0	-93.0	-10.375	-10.375	False	False	morphology	determiner_noun_agreement	Write a natural, coherent English sentence.
490	13	Steve wasn't bringing that blue stimulus.	Steve wasn't bringing those blue stimulus.	-103.5	-103.5	-10.375	-10.375	False	False	morphology	determiner_noun_agreement	Write a natural, coherent English sentence.
491	13	Some guest was hiring that scared woman.	Some guest was hiring those scared woman.	-83.0	-83.0	-10.375	-10.375	False	False	morphology	determiner_noun_agreement	Write a natural, coherent English sentence.
492	13	The spotlights upset this unconvinced alumnus.	The spotlights upset these unconvinced alumnus.	-135.0	-135.0	-10.375	-10.375	False	False	morphology	determiner_noun_agreement	Write a natural, coherent English sentence.
493	13	Todd might observe this lost man.	Todd might observe these lost man.	-72.5	-72.5	-10.375	-10.375	False	False	morphology	determiner_noun_agreement	Write a natural, coherent English sentence.
494	13	People could describe that unconvinced person.	People could describe those unconvinced person.	-103.5	-103.5	-10.375	-10.375	False	False	morphology	determiner_noun_agreement	Write a natural, coherent English sentence.
495	13	That waiter had astounded these lucky people.	That waiter had astounded this lucky people.	-114.0	-114.0	-10.375	-10.375	False	False	morphology	determiner_noun_agreement	Write a natural, coherent English sentence.
496	13	Kendra disgusted these confident women.	Kendra disgusted this confident women.	-93.5	-93.0	-10.375	-10.375	False	False	morphology	determiner_noun_agreement	Write a natural, coherent English sentence.
497	13	Spain hasn't annoyed those old people.	Spain hasn't annoyed that old people.	-103.5	-103.5	-10.375	-10.375	False	False	morphology	determiner_noun_agreement	Write a natural, coherent English sentence.
498	13	Steve kisses these out in the open people.	Steve kisses this out in the open people.	-103.5	-103.5	-10.375	-10.375	False	False	morphology	determiner_noun_agreement	Write a natural, coherent English sentence.
499	13	Wayne kissed those unconvinced men.	Wayne kissed that unconvinced men.	-93.5	-93.5	-10.375	-10.375	False	False	morphology	determiner_noun_agreement	Write a natural, coherent English sentence.
500	13	Douglas has brought those lost cacti.	Douglas has brought that lost cacti.	-93.5	-93.5	-10.375	-10.375	False	False	morphology	determiner_noun_agreement	Write a natural, coherent English sentence.
501	13	Tammy can't reveal that big alumnus.	Tammy can't reveal those big alumnus.	-124.5	-124.0	-10.375	-10.375	False	False	morphology	determiner_noun_agreement	Write a natural, coherent English sentence.
502	13	Deborah fled from those standing children.	Deborah fled from that standing children.	-93.5	-93.5	-10.375	-10.375	False	False	morphology	determiner_noun_agreement	Write a natural, coherent English sentence.
503	13	A man wasn't cleaning that hard fungus.	A man wasn't cleaning those hard fungus.	-124.5	-124.5	-10.375	-10.375	False	False	morphology	determiner_noun_agreement	Write a natural, coherent English sentence.
504	13	Danielle has broken those gray teeth.	Danielle has broken that gray teeth.	-83.0	-83.0	-10.375	-10.375	False	False	morphology	determiner_noun_agreement	Write a natural, coherent English sentence.
505	13	Derek praised this big thesis.	Derek praised these big thesis.	-72.5	-72.5	-10.375	-10.375	False	False	morphology	determiner_noun_agreement	Write a natural, coherent English sentence.
506	13	Gary has disgusted those unsure people.	Gary has disgusted that unsure people.	-93.0	-93.5	-10.375	-10.375	True	False	morphology	determiner_noun_agreement	Write a natural, coherent English sentence.
507	13	A senator insulted this bad synopsis.	A senator insulted these bad synopsis.	-103.5	-103.5	-10.375	-10.375	False	False	morphology	determiner_noun_agreement	Write a natural, coherent English sentence.
508	13	A lot of drivers visit these purple oases.	A lot of drivers visit this purple oases.	-103.5	-103.5	-10.375	-10.375	False	False	morphology	determiner_noun_agreement	Write a natural, coherent English sentence.
509	13	Richard isn't attacking this fast child.	Richard isn't attacking these fast child.	-93.5	-93.5	-10.375	-10.375	False	False	morphology	determiner_noun_agreement	Write a natural, coherent English sentence.
510	13	Frank shocked that unsure man.	Frank shocked those unsure man.	-72.5	-72.5	-10.375	-10.375	False	False	morphology	determiner_noun_agreement	Write a natural, coherent English sentence.
511	13	Brett returned to that confident man.	Brett returned to those confident man.	-83.0	-83.0	-10.375	-10.375	False	False	morphology	determiner_noun_agreement	Write a natural, coherent English sentence.
512	13	Many ladies weren't passing these old oases.	Many ladies weren't passing this old oases.	-114.0	-114.0	-10.375	-10.375	False	False	morphology	determiner_noun_agreement	Write a natural, coherent English sentence.
513	13	A waiter brought those purple teeth.	A waiter brought that purple teeth.	-83.0	-83.0	-10.375	-10.375	False	False	morphology	determiner_noun_agreement	Write a natural, coherent English sentence.
514	13	Beverly has fired this fast alumnus.	Beverly has fired these fast alumnus.	-103.5	-103.5	-10.375	-10.375	False	False	morphology	determiner_noun_agreement	Write a natural, coherent English sentence.
515	13	Men haven't observed that standing man.	Men haven't observed those standing man.	-93.5	-93.5	-10.375	-10.375	False	False	morphology	determiner_noun_agreement	Write a natural, coherent English sentence.
516	13	Tiffany admired this ill child.	Tiffany admired these ill child.	-93.5	-93.5	-10.375	-10.375	False	False	morphology	determiner_noun_agreement	Write a natural, coherent English sentence.
517	13	That patient didn't love that unemployed alumnus.	That patient didn't love those unemployed alumnus.	-135.0	-135.0	-10.375	-10.375	False	False	morphology	determiner_noun_agreement	Write a natural, coherent English sentence.
518	13	Aaron reveals that red tooth.	Aaron reveals those red tooth.	-62.25	-62.25	-10.375	-10.375	False	False	morphology	determiner_noun_agreement	Write a natural, coherent English sentence.
519	13	Monica was insulting those bad people.	Monica was insulting that bad people.	-93.5	-93.5	-10.375	-10.375	False	False	morphology	determiner_noun_agreement	Write a natural, coherent English sentence.
520	13	These teenagers watch that old alumnus.	These teenagers watch those old alumnus.	-103.5	-103.5	-10.375	-10.375	False	False	morphology	determiner_noun_agreement	Write a natural, coherent English sentence.
521	13	Tina might confuse this exposed child.	Tina might confuse these exposed child.	-93.5	-93.5	-10.375	-10.375	False	False	morphology	determiner_noun_agreement	Write a natural, coherent English sentence.
522	13	A face was confusing that nice woman.	A face was confusing those nice woman.	-83.0	-83.0	-10.375	-10.375	False	False	morphology	determiner_noun_agreement	Write a natural, coherent English sentence.
523	13	An adult researches that good analysis.	An adult researches those good analysis.	-104.0	-104.0	-10.375	-10.375	False	False	morphology	determiner_noun_agreement	Write a natural, coherent English sentence.
524	13	Some broccoli isn't annoying these unconvinced women.	Some broccoli isn't annoying this unconvinced women.	-156.0	-156.0	-10.375	-10.375	False	False	morphology	determiner_noun_agreement	Write a natural, coherent English sentence.
525	13	Nancy talks about these content children.	Nancy talks about this content children.	-72.5	-72.5	-10.375	-10.375	False	False	morphology	determiner_noun_agreement	Write a natural, coherent English sentence.
526	13	Regina found this lost ox.	Regina found these lost ox.	-83.0	-83.0	-10.375	-10.375	False	False	morphology	determiner_noun_agreement	Write a natural, coherent English sentence.
527	13	Emily had respected that clever man.	Emily had respected those clever man.	-72.5	-72.5	-10.375	-10.375	False	False	morphology	determiner_noun_agreement	Write a natural, coherent English sentence.
528	13	Kathleen has worked with this confident man.	Kathleen has worked with these confident man.	-93.5	-93.5	-10.375	-10.375	False	False	morphology	determiner_noun_agreement	Write a natural, coherent English sentence.
529	13	Most customers are distracting these determined children.	Most customers are distracting this determined children.	-93.0	-93.0	-10.375	-10.375	False	False	morphology	determiner_noun_agreement	Write a natural, coherent English sentence.
530	13	Rachelle didn't cure this black octopus.	Rachelle didn't cure these black octopus.	-124.0	-124.0	-10.375	-10.375	False	False	morphology	determiner_noun_agreement	Write a natural, coherent English sentence.
531	13	Steven hugs these standing men.	Steven hugs this standing men.	-72.5	-72.5	-10.375	-10.375	False	False	morphology	determiner_noun_agreement	Write a natural, coherent English sentence.
532	13	Every popsicle shocked those excited men.	Every popsicle shocked that excited men.	-93.5	-93.5	-10.375	-10.375	False	False	morphology	determiner_noun_agreement	Write a natural, coherent English sentence.
533	13	Sonia lifts that new oasis.	Sonia lifts those new oasis.	-93.0	-93.0	-10.375	-10.375	False	False	morphology	determiner_noun_agreement	Write a natural, coherent English sentence.
534	13	Cheryl might tour that purple oasis.	Cheryl might tour those purple oasis.	-93.0	-93.0	-10.375	-10.375	False	False	morphology	determiner_noun_agreement	Write a natural, coherent English sentence.
535	13	This doctor appreciates this bad child.	This doctor appreciates these bad child.	-83.0	-83.0	-10.375	-10.375	False	False	morphology	determiner_noun_agreement	Write a natural, coherent English sentence.
536	13	Leslie breaks those red feet.	Leslie breaks that red feet.	-72.5	-72.5	-10.375	-10.375	False	False	morphology	determiner_noun_agreement	Write a natural, coherent English sentence.
537	13	Bethany hasn't hidden that yellow louse.	Bethany hasn't hidden those yellow louse.	-114.0	-114.0	-10.375	-10.375	False	False	morphology	determiner_noun_agreement	Write a natural, coherent English sentence.
538	13	Some people have criticized this brown thesis.	Some people have criticized these brown thesis.	-93.0	-93.0	-10.3125	-10.3125	False	False	morphology	determiner_noun_agreement	Write a natural, coherent English sentence.
539	13	Noah heals this determined child.	Noah heals these determined child.	-72.5	-72.5	-10.375	-10.375	False	False	morphology	determiner_noun_agreement	Write a natural, coherent English sentence.
540	13	Kevin biked to those big oases.	Kevin biked to that big oases.	-103.5	-103.5	-10.375	-10.375	False	False	morphology	determiner_noun_agreement	Write a natural, coherent English sentence.
541	13	Wayne hadn't bored these sick men.	Wayne hadn't bored this sick men.	-93.5	-93.5	-10.375	-10.375	False	False	morphology	determiner_noun_agreement	Write a natural, coherent English sentence.
542	13	Amy returns to those young alumni.	Amy returns to that young alumni.	-93.5	-93.5	-10.375	-10.375	False	False	morphology	determiner_noun_agreement	Write a natural, coherent English sentence.
543	13	That gate did aggravate this excited woman.	That gate did aggravate these excited woman.	-103.5	-103.5	-10.375	-10.375	False	False	morphology	determiner_noun_agreement	Write a natural, coherent English sentence.
544	13	Melissa observes that bad child.	Melissa observes those bad child.	-83.0	-83.0	-10.375	-10.375	False	False	morphology	determiner_noun_agreement	Write a natural, coherent English sentence.
545	13	Kathleen wasn't scanning those long synopses.	Kathleen wasn't scanning that long synopses.	-135.0	-135.0	-10.375	-10.375	False	False	morphology	determiner_noun_agreement	Write a natural, coherent English sentence.
546	13	That guy dropped by these white oases.	That guy dropped by this white oases.	-93.0	-93.0	-10.375	-10.375	False	False	morphology	determiner_noun_agreement	Write a natural, coherent English sentence.
547	13	Every child might fire this serious child.	Every child might fire these serious child.	-83.0	-83.0	-10.375	-10.375	False	False	morphology	determiner_noun_agreement	Write a natural, coherent English sentence.
548	13	Meredith had concealed that black thesis.	Meredith had concealed those black thesis.	-104.0	-104.0	-10.375	-10.375	False	False	morphology	determiner_noun_agreement	Write a natural, coherent English sentence.
549	13	Randolf didn't see these blue teeth.	Randolf didn't see this blue teeth.	-104.0	-104.0	-10.375	-10.375	False	False	morphology	determiner_noun_agreement	Write a natural, coherent English sentence.
550	13	Some guy passes that rough oasis.	Some guy passes those rough oasis.	-83.0	-83.0	-10.375	-10.375	False	False	morphology	determiner_noun_agreement	Write a natural, coherent English sentence.
551	13	Guys hurts that smart man.	Guys hurts those smart man.	-83.0	-83.0	-10.375	-10.375	False	False	morphology	determiner_noun_agreement	Write a natural, coherent English sentence.
552	13	Many museums should describe this fast man.	Many museums should describe these fast man.	-93.0	-93.0	-10.375	-10.375	False	False	morphology	determiner_noun_agreement	Write a natural, coherent English sentence.
553	13	A lot of chairs haven't embarrassed this serious man.	A lot of chairs haven't embarrassed these serious man.	-124.0	-124.0	-10.375	-10.375	False	False	morphology	determiner_noun_agreement	Write a natural, coherent English sentence.
554	13	Emily talked about that ill alumnus.	Emily talked about those ill alumnus.	-93.0	-93.0	-10.375	-10.375	False	False	morphology	determiner_noun_agreement	Write a natural, coherent English sentence.
555	13	A lot of girls notice these black lice.	A lot of girls notice this black lice.	-103.5	-103.5	-10.375	-10.375	False	False	morphology	determiner_noun_agreement	Write a natural, coherent English sentence.
556	13	Those schools reference that green thesis.	Those schools reference those green thesis.	-72.5	-72.5	-10.375	-10.375	False	False	morphology	determiner_noun_agreement	Write a natural, coherent English sentence.
557	13	Bradley had bored this delighted alumnus.	Bradley had bored these delighted alumnus.	-103.5	-103.5	-10.375	-10.375	False	False	morphology	determiner_noun_agreement	Write a natural, coherent English sentence.
558	13	Melinda scares this good woman.	Melinda scares these good woman.	-83.0	-83.0	-10.375	-10.375	False	False	morphology	determiner_noun_agreement	Write a natural, coherent English sentence.
559	13	Those pedestrians go to those big oases.	Those pedestrians go to that big oases.	-114.0	-114.0	-10.375	-10.375	False	False	morphology	determiner_noun_agreement	Write a natural, coherent English sentence.
560	13	Many doctors escaped from that lost child.	Many doctors escaped from those lost child.	-83.0	-83.0	-10.375	-10.375	False	False	morphology	determiner_noun_agreement	Write a natural, coherent English sentence.
561	13	Tamara isn't revealing that orange ox.	Tamara isn't revealing those orange ox.	-103.5	-103.5	-10.375	-10.375	False	False	morphology	determiner_noun_agreement	Write a natural, coherent English sentence.
562	13	Many patients arrive at that hidden oasis.	Many patients arrive at those hidden oasis.	-93.0	-93.0	-10.375	-10.375	False	False	morphology	determiner_noun_agreement	Write a natural, coherent English sentence.
563	13	Beth leaves these happy children.	Beth leaves this happy children.	-62.25	-62.25	-10.375	-10.375	False	False	morphology	determiner_noun_agreement	Write a natural, coherent English sentence.
564	13	Deanna broke that yellow foot.	Deanna broke those yellow foot.	-72.5	-72.5	-10.375	-10.375	False	False	morphology	determiner_noun_agreement	Write a natural, coherent English sentence.
565	13	Jessica had talked to that concealed man.	Jessica had talked to those concealed man.	-93.5	-93.5	-10.375	-10.375	False	False	morphology	determiner_noun_agreement	Write a natural, coherent English sentence.
566	13	Those actors praise those long synopses.	Those actors praise that long synopses.	-93.5	-93.5	-10.375	-10.375	False	False	morphology	determiner_noun_agreement	Write a natural, coherent English sentence.
567	13	This coat hasn't astounded these popular men.	This coat hasn't astounded this popular men.	-124.5	-124.5	-10.375	-10.375	False	False	morphology	determiner_noun_agreement	Write a natural, coherent English sentence.
568	13	Wendy does talk to this scared alumnus.	Wendy does talk to these scared alumnus.	-114.0	-114.0	-10.375	-10.375	False	False	morphology	determiner_noun_agreement	Write a natural, coherent English sentence.
569	13	Christine is questioning these happy men.	Christine is questioning this happy men.	-83.0	-83.0	-10.375	-10.375	False	False	morphology	determiner_noun_agreement	Write a natural, coherent English sentence.
570	13	All doctors loved that displeased man.	All doctors loved those displeased man.	-93.5	-93.5	-10.375	-10.375	False	False	morphology	determiner_noun_agreement	Write a natural, coherent English sentence.
571	13	Waitresses researched these long synopses.	Waitresses researched this long synopses.	-135.0	-135.0	-10.375	-10.375	False	False	morphology	determiner_noun_agreement	Write a natural, coherent English sentence.
572	13	Alexander can flee from this nice woman.	Alexander can flee from these nice woman.	-93.5	-93.5	-10.375	-10.375	False	False	morphology	determiner_noun_agreement	Write a natural, coherent English sentence.
573	13	Walter hadn't hated this fast man.	Walter hadn't hated these fast man.	-93.5	-93.5	-10.375	-10.375	False	False	morphology	determiner_noun_agreement	Write a natural, coherent English sentence.
574	13	Those cashiers buy those smooth lice.	Those cashiers buy that smooth lice.	-93.0	-93.0	-10.375	-10.375	False	False	morphology	determiner_noun_agreement	Write a natural, coherent English sentence.
575	13	Sonia hid that determined child.	Sonia hid those determined child.	-72.5	-72.5	-10.375	-10.375	False	False	morphology	determiner_noun_agreement	Write a natural, coherent English sentence.
576	13	Barbara is observing that excited person.	Barbara is observing those excited person.	-83.0	-83.0	-10.375	-10.375	False	False	morphology	determiner_noun_agreement	Write a natural, coherent English sentence.
577	13	That company stuns these unconvinced women.	That company stuns this unconvinced women.	-114.0	-114.0	-10.375	-10.375	False	False	morphology	determiner_noun_agreement	Write a natural, coherent English sentence.
578	13	Paul thought about those bad theses.	Paul thought about that bad theses.	-83.0	-83.0	-10.375	-10.375	False	False	morphology	determiner_noun_agreement	Write a natural, coherent English sentence.
579	13	Victoria escaped from these displeased children.	Victoria escaped from this displeased children.	-93.0	-93.0	-10.375	-10.375	False	False	morphology	determiner_noun_agreement	Write a natural, coherent English sentence.
580	13	Brad notices this big octopus.	Brad notices these big octopus.	-93.0	-93.0	-10.375	-10.375	False	False	morphology	determiner_noun_agreement	Write a natural, coherent English sentence.
581	13	Adam is praising those yellow theses.	Adam is praising that yellow theses.	-93.5	-93.5	-10.375	-10.375	False	False	morphology	determiner_noun_agreement	Write a natural, coherent English sentence.
582	13	Douglas did tour those hidden oases.	Douglas did tour that hidden oases.	-83.0	-83.0	-10.375	-10.375	False	False	morphology	determiner_noun_agreement	Write a natural, coherent English sentence.
583	13	Gerald couldn't know these happy men.	Gerald couldn't know this happy men.	-104.0	-104.0	-10.375	-10.375	False	False	morphology	determiner_noun_agreement	Write a natural, coherent English sentence.
584	13	Those women hug that smart man.	Those women hug those smart man.	-73.0	-73.0	-10.375	-10.375	False	False	morphology	determiner_noun_agreement	Write a natural, coherent English sentence.
585	13	These senators wouldn't forget that long synopsis.	These senators wouldn't forget those long synopsis.	-124.5	-124.5	-10.375	-10.375	False	False	morphology	determiner_noun_agreement	Write a natural, coherent English sentence.
586	13	Edward took those lost stimuli.	Edward took that lost stimuli.	-72.5	-72.5	-10.375	-10.375	False	False	morphology	determiner_noun_agreement	Write a natural, coherent English sentence.
587	13	The waitresses did know this lucky person.	The waitresses did know these lucky person.	-103.5	-103.5	-10.375	-10.375	False	False	morphology	determiner_noun_agreement	Write a natural, coherent English sentence.
588	13	That library might love this important person.	That library might love these important person.	-83.0	-83.0	-10.375	-10.375	False	False	morphology	determiner_noun_agreement	Write a natural, coherent English sentence.
589	13	Carrie was healing this gray octopus.	Carrie was healing these gray octopus.	-103.5	-103.5	-10.375	-10.375	False	False	morphology	determiner_noun_agreement	Write a natural, coherent English sentence.
590	13	Sonia hadn't cleaned those gray teeth.	Sonia hadn't cleaned that gray teeth.	-103.5	-103.5	-10.375	-10.375	False	False	morphology	determiner_noun_agreement	Write a natural, coherent English sentence.
591	13	The Lutherans alarmed this confident woman.	The Lutherans alarmed these confident woman.	-93.0	-93.5	-10.375	-10.375	True	False	morphology	determiner_noun_agreement	Write a natural, coherent English sentence.
592	13	This shirt impressed those popular people.	This shirt impressed that popular people.	-72.5	-72.5	-10.375	-10.375	False	False	morphology	determiner_noun_agreement	Write a natural, coherent English sentence.
593	13	Some schools love that employed person.	Some schools love those employed person.	-72.5	-72.5	-10.375	-10.375	False	False	morphology	determiner_noun_agreement	Write a natural, coherent English sentence.
594	13	Valerie hasn't known this young child.	Valerie hasn't known these young child.	-103.5	-103.5	-10.375	-10.375	False	False	morphology	determiner_noun_agreement	Write a natural, coherent English sentence.
595	13	Scott respected those displeased men.	Scott respected that displeased men.	-83.0	-83.0	-10.375	-10.375	False	False	morphology	determiner_noun_agreement	Write a natural, coherent English sentence.
596	13	The ladies work with those lost children.	The ladies work with that lost children.	-83.0	-83.0	-10.375	-10.375	False	False	morphology	determiner_noun_agreement	Write a natural, coherent English sentence.
597	13	Dawn had biked to this small oasis.	Dawn had biked to these small oasis.	-124.5	-124.0	-10.375	-10.375	False	False	morphology	determiner_noun_agreement	Write a natural, coherent English sentence.
598	13	Samantha would explore that gray oasis.	Samantha would explore those gray oasis.	-103.5	-103.5	-10.375	-10.375	False	False	morphology	determiner_noun_agreement	Write a natural, coherent English sentence.
599	13	All steps upset those unemployed men.	All steps upset that unemployed men.	-83.0	-83.0	-10.375	-10.375	False	False	morphology	determiner_noun_agreement	Write a natural, coherent English sentence.
600	13	Marla has described that unemployed woman.	Marla has described those unemployed woman.	-93.5	-93.0	-10.375	-10.375	False	False	morphology	determiner_noun_agreement	Write a natural, coherent English sentence.
601	13	Most universities bore those excited children.	Most universities bore that excited children.	-72.5	-72.5	-10.375	-10.375	False	False	morphology	determiner_noun_agreement	Write a natural, coherent English sentence.
602	13	These banks should reference that purple thesis.	These banks should reference those purple thesis.	-83.0	-83.0	-10.375	-10.375	False	False	morphology	determiner_noun_agreement	Write a natural, coherent English sentence.
603	13	Sherry brought those concealed geese.	Sherry brought that concealed geese.	-93.5	-93.5	-10.375	-10.375	False	False	morphology	determiner_noun_agreement	Write a natural, coherent English sentence.
604	13	Many pedestrians complain about these long analyses.	Many pedestrians complain about this long analyses.	-114.0	-114.0	-10.375	-10.375	False	False	morphology	determiner_noun_agreement	Write a natural, coherent English sentence.
605	13	Theresa fixed these small teeth.	Theresa fixed this small teeth.	-72.5	-72.5	-10.375	-10.375	False	False	morphology	determiner_noun_agreement	Write a natural, coherent English sentence.
606	13	This lake disturbed those unconvinced men.	This lake disturbed that unconvinced men.	-114.0	-114.0	-10.375	-10.375	False	False	morphology	determiner_noun_agreement	Write a natural, coherent English sentence.
607	13	Catherine was talking about those bad synopses.	Catherine was talking about that bad synopses.	-103.5	-103.5	-10.375	-10.375	False	False	morphology	determiner_noun_agreement	Write a natural, coherent English sentence.
608	13	Alicia had escaped from these hidden men.	Alicia had escaped from this hidden men.	-103.5	-103.5	-10.375	-10.375	False	False	morphology	determiner_noun_agreement	Write a natural, coherent English sentence.
609	13	Natalie hasn't worked with this confident woman.	Natalie hasn't worked with these confident woman.	-114.0	-114.0	-10.375	-10.375	False	False	morphology	determiner_noun_agreement	Write a natural, coherent English sentence.
610	13	Amelia annoyed this smart man.	Amelia annoyed these smart man.	-83.0	-83.0	-10.375	-10.375	False	False	morphology	determiner_noun_agreement	Write a natural, coherent English sentence.
611	13	Every guest is irritating this serious child.	Every guest is irritating these serious child.	-93.5	-93.5	-10.375	-10.375	False	False	morphology	determiner_noun_agreement	Write a natural, coherent English sentence.
612	13	All reports annoyed this hopeful person.	All reports annoyed these hopeful person.	-93.0	-93.0	-10.375	-10.375	False	False	morphology	determiner_noun_agreement	Write a natural, coherent English sentence.
613	13	These women break those orange teeth.	These women break that orange teeth.	-72.5	-72.5	-10.375	-10.375	False	False	morphology	determiner_noun_agreement	Write a natural, coherent English sentence.
614	13	Christopher could shock this excited child.	Christopher could shock these excited child.	-72.5	-72.5	-10.375	-10.375	False	False	morphology	determiner_noun_agreement	Write a natural, coherent English sentence.
615	13	This spotlight hasn't disgusted that employed child.	This spotlight hasn't disgusted those employed child.	-124.5	-124.5	-10.375	-10.375	False	False	morphology	determiner_noun_agreement	Write a natural, coherent English sentence.
616	13	Samantha fled from that busy child.	Samantha fled from those busy child.	-93.0	-93.0	-10.375	-10.375	False	False	morphology	determiner_noun_agreement	Write a natural, coherent English sentence.
617	13	Lucille arrived at that hard oasis.	Lucille arrived at those hard oasis.	-93.0	-93.0	-10.375	-10.375	False	False	morphology	determiner_noun_agreement	Write a natural, coherent English sentence.
618	13	All teachers see those yellow lice.	All teachers see that yellow lice.	-83.0	-83.0	-10.375	-10.375	False	False	morphology	determiner_noun_agreement	Write a natural, coherent English sentence.
619	13	Some photographs haven't looked like these small octopi.	Some photographs haven't looked like this small octopi.	-135.0	-135.0	-10.375	-10.375	False	False	morphology	determiner_noun_agreement	Write a natural, coherent English sentence.
620	13	Danielle brought those blue feet.	Danielle brought that blue feet.	-72.5	-72.5	-10.375	-10.375	False	False	morphology	determiner_noun_agreement	Write a natural, coherent English sentence.
621	13	Todd hadn't left those exposed men.	Todd hadn't left that exposed men.	-93.5	-93.5	-10.375	-10.375	False	False	morphology	determiner_noun_agreement	Write a natural, coherent English sentence.
622	13	Some doctors embarrasses those delighted alumni.	Some doctors embarrasses that delighted alumni.	-103.5	-103.5	-10.375	-10.375	False	False	morphology	determiner_noun_agreement	Write a natural, coherent English sentence.
623	13	The actresses forget that unemployed alumnus.	The actresses forget those unemployed alumnus.	-114.0	-114.0	-10.375	-10.375	False	False	morphology	determiner_noun_agreement	Write a natural, coherent English sentence.
624	13	A lot of socks alarm this unsure alumnus.	A lot of socks alarm these unsure alumnus.	-124.0	-124.0	-10.375	-10.375	False	False	morphology	determiner_noun_agreement	Write a natural, coherent English sentence.
625	13	The customers are thinking about that busy child.	The customers are thinking about those busy child.	-93.0	-93.0	-10.375	-10.375	False	False	morphology	determiner_noun_agreement	Write a natural, coherent English sentence.
626	13	Kristin wasn't kissing those small men.	Kristin wasn't kissing that small men.	-114.0	-114.0	-10.375	-10.375	False	False	morphology	determiner_noun_agreement	Write a natural, coherent English sentence.
627	13	Omar hasn't broken this broken foot.	Omar hasn't broken these broken foot.	-103.5	-103.5	-10.375	-10.375	False	False	morphology	determiner_noun_agreement	Write a natural, coherent English sentence.
628	13	The actress worked with this nice woman.	The actress worked with these nice woman.	-83.0	-83.0	-10.375	-10.375	False	False	morphology	determiner_noun_agreement	Write a natural, coherent English sentence.
629	13	Patients insult these happy people.	Patients insult this happy people.	-72.5	-72.5	-10.375	-10.375	False	False	morphology	determiner_noun_agreement	Write a natural, coherent English sentence.
630	13	Spain bought those orange lice.	Spain bought that orange lice.	-72.5	-72.5	-10.375	-10.375	False	False	morphology	determiner_noun_agreement	Write a natural, coherent English sentence.
631	13	Those waiters didn't kiss this unlucky child.	Those waiters didn't kiss these unlucky child.	-135.0	-135.0	-10.375	-10.375	False	False	morphology	determiner_noun_agreement	Write a natural, coherent English sentence.
632	13	Jennifer isn't touring these old oases.	Jennifer isn't touring this old oases.	-114.0	-114.0	-10.375	-10.375	False	False	morphology	determiner_noun_agreement	Write a natural, coherent English sentence.
633	13	Glaciers upset this small child.	Glaciers upset these small child.	-83.0	-83.0	-10.375	-10.375	False	False	morphology	determiner_noun_agreement	Write a natural, coherent English sentence.
634	13	John investigated these old men.	John investigated this old men.	-62.25	-62.25	-10.375	-10.375	False	False	morphology	determiner_noun_agreement	Write a natural, coherent English sentence.
635	13	Some doctors hated these yellow theses.	Some doctors hated this yellow theses.	-83.0	-83.0	-10.375	-10.375	False	False	morphology	determiner_noun_agreement	Write a natural, coherent English sentence.
636	13	Linda described that clever man.	Linda described those clever man.	-62.25	-62.25	-10.375	-10.375	False	False	morphology	determiner_noun_agreement	Write a natural, coherent English sentence.
637	13	Many drawings are looking like these excited women.	Many drawings are looking like this excited women.	-93.5	-93.5	-10.375	-10.375	False	False	morphology	determiner_noun_agreement	Write a natural, coherent English sentence.
638	13	Mitchell had concealed that small tooth.	Mitchell had concealed those small tooth.	-83.0	-83.0	-10.375	-10.375	False	False	morphology	determiner_noun_agreement	Write a natural, coherent English sentence.
639	13	Every dog had irritated this young child.	Every dog had irritated these young child.	-93.0	-93.0	-10.375	-10.375	False	False	morphology	determiner_noun_agreement	Write a natural, coherent English sentence.
640	13	Some doctors lift this exposed ox.	Some doctors lift these exposed ox.	-72.5	-72.5	-10.375	-10.375	False	False	morphology	determiner_noun_agreement	Write a natural, coherent English sentence.
641	13	Valerie was disgusting that happy woman.	Valerie was disgusting those happy woman.	-93.5	-93.5	-10.375	-10.375	False	False	morphology	determiner_noun_agreement	Write a natural, coherent English sentence.
642	13	Claire hugs those clever men.	Claire hugs that clever men.	-72.5	-72.5	-10.375	-10.375	False	False	morphology	determiner_noun_agreement	Write a natural, coherent English sentence.
643	13	All adults go to these white oases.	All adults go to this white oases.	-93.0	-93.0	-10.375	-10.375	False	False	morphology	determiner_noun_agreement	Write a natural, coherent English sentence.
644	13	Bill observed this nice child.	Bill observed these nice child.	-62.25	-62.25	-10.375	-10.375	False	False	morphology	determiner_noun_agreement	Write a natural, coherent English sentence.
645	13	Diana kissed these delighted alumni.	Diana kissed this delighted alumni.	-83.0	-83.0	-10.375	-10.375	False	False	morphology	determiner_noun_agreement	Write a natural, coherent English sentence.
646	13	Governments are describing those sick people.	Governments are describing that sick people.	-83.0	-83.0	-10.375	-10.375	False	False	morphology	determiner_noun_agreement	Write a natural, coherent English sentence.
647	13	The doctors cure that young woman.	The doctors cure those young woman.	-72.5	-72.5	-10.375	-10.375	False	False	morphology	determiner_noun_agreement	Write a natural, coherent English sentence.
648	13	Dancers did disagree with this ill child.	Dancers did disagree with these ill child.	-93.5	-93.5	-10.375	-10.375	False	False	morphology	determiner_noun_agreement	Write a natural, coherent English sentence.
649	13	Veronica couldn't embarrass these exposed men.	Veronica couldn't embarrass this exposed men.	-114.0	-114.0	-10.375	-10.375	False	False	morphology	determiner_noun_agreement	Write a natural, coherent English sentence.
650	13	The students cared for that delighted man.	The students cared for those delighted man.	-83.0	-83.0	-10.375	-10.375	False	False	morphology	determiner_noun_agreement	Write a natural, coherent English sentence.
651	13	Steve conceals these important men.	Steve conceals this important men.	-72.5	-72.5	-10.375	-10.375	False	False	morphology	determiner_noun_agreement	Write a natural, coherent English sentence.
652	13	These actresses will talk to these content men.	These actresses will talk to this content men.	-103.5	-103.5	-10.375	-10.375	False	False	morphology	determiner_noun_agreement	Write a natural, coherent English sentence.
653	13	That teenager wouldn't buy these rough oxen.	That teenager wouldn't buy this rough oxen.	-114.0	-114.0	-10.375	-10.375	False	False	morphology	determiner_noun_agreement	Write a natural, coherent English sentence.
654	13	Sheila wouldn't kiss that happy child.	Sheila wouldn't kiss those happy child.	-103.5	-103.5	-10.375	-10.375	False	False	morphology	determiner_noun_agreement	Write a natural, coherent English sentence.
655	13	Erin drove to these out in the open oases.	Erin drove to this out in the open oases.	-124.5	-124.0	-10.375	-10.375	False	False	morphology	determiner_noun_agreement	Write a natural, coherent English sentence.
656	13	Every hat has embarrassed those hopeful people.	Every hat has embarrassed that hopeful people.	-93.0	-93.0	-10.375	-10.375	False	False	morphology	determiner_noun_agreement	Write a natural, coherent English sentence.
657	13	Every man is fleeing from that exposed oasis.	Every man is fleeing from those exposed oasis.	-114.0	-114.0	-10.375	-10.375	False	False	morphology	determiner_noun_agreement	Write a natural, coherent English sentence.
658	13	Some adults visit this ill man.	Some adults visit these ill man.	-72.5	-72.5	-10.375	-10.375	False	False	morphology	determiner_noun_agreement	Write a natural, coherent English sentence.
659	13	Janet did lift that good thesis.	Janet did lift those good thesis.	-83.0	-83.0	-10.375	-10.375	False	False	morphology	determiner_noun_agreement	Write a natural, coherent English sentence.
660	13	Katherine was cleaning this orange tooth.	Katherine was cleaning these orange tooth.	-83.0	-83.0	-10.375	-10.375	False	False	morphology	determiner_noun_agreement	Write a natural, coherent English sentence.
661	13	A lot of tomatoes can't confuse these ill alumni.	A lot of tomatoes can't confuse this ill alumni.	-166.0	-166.0	-10.375	-10.375	False	False	morphology	determiner_noun_agreement	Write a natural, coherent English sentence.
662	13	Rose goes to those out in the open oases.	Rose goes to that out in the open oases.	-114.0	-114.0	-10.375	-10.375	False	False	morphology	determiner_noun_agreement	Write a natural, coherent English sentence.
663	13	These governments criticize those gray oases.	These governments criticize that gray oases.	-93.0	-93.5	-10.375	-10.375	True	False	morphology	determiner_noun_agreement	Write a natural, coherent English sentence.
664	13	Kevin forgot those delighted men.	Kevin forgot that delighted men.	-62.5	-62.25	-10.375	-10.375	False	False	morphology	determiner_noun_agreement	Write a natural, coherent English sentence.
665	13	Most companies describe that long analysis.	Most companies describe those long analysis.	-72.5	-72.5	-10.375	-10.375	False	False	morphology	determiner_noun_agreement	Write a natural, coherent English sentence.
666	13	Vincent was skated around this small oasis.	Vincent was skated around these small oasis.	-103.5	-103.5	-10.375	-10.375	False	False	morphology	determiner_noun_agreement	Write a natural, coherent English sentence.
667	13	Many guys arrive at these out in the open oases.	Many guys arrive at this out in the open oases.	-124.0	-124.0	-10.375	-10.375	False	False	morphology	determiner_noun_agreement	Write a natural, coherent English sentence.
668	13	Gregory hadn't revealed these lost fungi.	Gregory hadn't revealed this lost fungi.	-104.0	-104.0	-10.375	-10.375	False	False	morphology	determiner_noun_agreement	Write a natural, coherent English sentence.
669	13	The cake stuns this standing man.	The cake stuns these standing man.	-83.0	-83.0	-10.375	-10.375	False	False	morphology	determiner_noun_agreement	Write a natural, coherent English sentence.
670	13	Cheryl isn't irritating that clever man.	Cheryl isn't irritating those clever man.	-114.0	-114.0	-10.375	-10.375	False	False	morphology	determiner_noun_agreement	Write a natural, coherent English sentence.
671	13	Some cat bores those old children.	Some cat bores that old children.	-83.0	-83.0	-10.375	-10.375	False	False	morphology	determiner_noun_agreement	Write a natural, coherent English sentence.
672	13	The actress knows that delighted child.	The actress knows those delighted child.	-72.5	-72.5	-10.375	-10.375	False	False	morphology	determiner_noun_agreement	Write a natural, coherent English sentence.
673	13	That actress had driven to these hidden oases.	That actress had driven to this hidden oases.	-104.0	-104.0	-10.375	-10.375	False	False	morphology	determiner_noun_agreement	Write a natural, coherent English sentence.
674	13	The Lutherans arrive at this cheap oasis.	The Lutherans arrive at these cheap oasis.	-103.5	-103.5	-10.375	-10.375	False	False	morphology	determiner_noun_agreement	Write a natural, coherent English sentence.
675	13	Diane was kissing those lost women.	Diane was kissing that lost women.	-93.5	-93.0	-10.375	-10.375	False	False	morphology	determiner_noun_agreement	Write a natural, coherent English sentence.
676	13	Larry disturbs this employed woman.	Larry disturbs these employed woman.	-83.0	-83.0	-10.375	-10.375	False	False	morphology	determiner_noun_agreement	Write a natural, coherent English sentence.
677	13	Pies shock this upset woman.	Pies shock these upset woman.	-72.5	-72.5	-10.375	-10.375	False	False	morphology	determiner_noun_agreement	Write a natural, coherent English sentence.
678	13	Some waiters hug this content alumnus.	Some waiters hug these content alumnus.	-103.5	-103.5	-10.375	-10.375	False	False	morphology	determiner_noun_agreement	Write a natural, coherent English sentence.
679	13	Anna talked to those unsure men.	Anna talked to that unsure men.	-83.0	-83.0	-10.375	-10.375	False	False	morphology	determiner_noun_agreement	Write a natural, coherent English sentence.
680	13	This school bores this determined man.	This school bores these determined man.	-83.0	-83.0	-10.375	-10.375	False	False	morphology	determiner_noun_agreement	Write a natural, coherent English sentence.
681	13	Omar had thought about these unemployed men.	Omar had thought about this unemployed men.	-103.5	-103.5	-10.375	-10.375	False	False	morphology	determiner_noun_agreement	Write a natural, coherent English sentence.
682	13	Winston Churchill cleaned these big nuclei.	Winston Churchill cleaned this big nuclei.	-103.5	-103.5	-10.375	-10.375	False	False	morphology	determiner_noun_agreement	Write a natural, coherent English sentence.
683	13	These organizations aren't concealing that exposed child.	These organizations aren't concealing those exposed child.	-114.0	-114.0	-10.375	-10.375	False	False	morphology	determiner_noun_agreement	Write a natural, coherent English sentence.
684	13	Erin bought this concealed axis.	Erin bought these concealed axis.	-83.0	-83.0	-10.375	-10.375	False	False	morphology	determiner_noun_agreement	Write a natural, coherent English sentence.
685	13	Dan examines this long analysis.	Dan examines these long analysis.	-72.5	-72.5	-10.375	-10.375	False	False	morphology	determiner_noun_agreement	Write a natural, coherent English sentence.
686	13	These drivers concealed these gray oxen.	These drivers concealed this gray oxen.	-93.0	-93.0	-10.375	-10.375	False	False	morphology	determiner_noun_agreement	Write a natural, coherent English sentence.
687	13	All children impresses this happy man.	All children impresses these happy man.	-83.0	-83.0	-10.375	-10.375	False	False	morphology	determiner_noun_agreement	Write a natural, coherent English sentence.
688	13	People will conceal that concealed man.	People will conceal those concealed man.	-93.0	-93.0	-10.375	-10.375	False	False	morphology	determiner_noun_agreement	Write a natural, coherent English sentence.
689	13	Some patient returns to this old man.	Some patient returns to these old man.	-83.0	-83.0	-10.375	-10.375	False	False	morphology	determiner_noun_agreement	Write a natural, coherent English sentence.
690	13	Many actresses discovered those big oases.	Many actresses discovered that big oases.	-93.0	-93.0	-10.3125	-10.375	False	True	morphology	determiner_noun_agreement	Write a natural, coherent English sentence.
691	13	The school talks about those young alumni.	The school talks about that young alumni.	-103.5	-103.5	-10.375	-10.375	False	False	morphology	determiner_noun_agreement	Write a natural, coherent English sentence.
692	13	Omar admired these blue fungi.	Omar admired this blue fungi.	-93.5	-93.5	-10.375	-10.375	False	False	morphology	determiner_noun_agreement	Write a natural, coherent English sentence.
693	13	Some school can't hate these good people.	Some school can't hate this good people.	-104.0	-104.0	-10.375	-10.375	False	False	morphology	determiner_noun_agreement	Write a natural, coherent English sentence.
694	13	A lot of eggplants wouldn't disturb that determined woman.	A lot of eggplants wouldn't disturb those determined woman.	-145.0	-145.0	-10.375	-10.375	False	False	morphology	determiner_noun_agreement	Write a natural, coherent English sentence.
695	13	That cake could annoy these uncertain men.	That cake could annoy this uncertain men.	-83.0	-83.0	-10.375	-10.375	False	False	morphology	determiner_noun_agreement	Write a natural, coherent English sentence.
696	13	Lamps are worrying these hopeful alumni.	Lamps are worrying this hopeful alumni.	-114.0	-114.0	-10.375	-10.375	False	False	morphology	determiner_noun_agreement	Write a natural, coherent English sentence.
697	13	A lot of eggplants bore these excited alumni.	A lot of eggplants bore this excited alumni.	-135.0	-135.0	-10.375	-10.375	False	False	morphology	determiner_noun_agreement	Write a natural, coherent English sentence.
698	13	A lot of teachers arrived at these old oases.	A lot of teachers arrived at this old oases.	-114.0	-114.0	-10.375	-10.375	False	False	morphology	determiner_noun_agreement	Write a natural, coherent English sentence.
699	13	Most sweaters hurt those happy people.	Most sweaters hurt that happy people.	-83.0	-83.0	-10.375	-10.375	False	False	morphology	determiner_noun_agreement	Write a natural, coherent English sentence.
700	13	Tara scans those good analyses.	Tara scans that good analyses.	-93.5	-93.5	-10.375	-10.375	False	False	morphology	determiner_noun_agreement	Write a natural, coherent English sentence.
701	13	The man doesn't reference this out in the open woman.	The man doesn't reference these out in the open woman.	-135.0	-135.0	-10.375	-10.375	False	False	morphology	determiner_noun_agreement	Write a natural, coherent English sentence.
702	13	This cashier is leaving this employed person.	This cashier is leaving these employed person.	-93.5	-93.5	-10.375	-10.375	False	False	morphology	determiner_noun_agreement	Write a natural, coherent English sentence.
703	13	Bananas bother these clever alumni.	Bananas bother this clever alumni.	-93.0	-93.0	-10.375	-10.375	False	False	morphology	determiner_noun_agreement	Write a natural, coherent English sentence.
704	13	Some convertibles had worried those fast men.	Some convertibles had worried that fast men.	-93.0	-93.0	-10.375	-10.375	False	False	morphology	determiner_noun_agreement	Write a natural, coherent English sentence.
705	13	Carl bored those nice women.	Carl bored that nice women.	-62.25	-62.25	-10.375	-10.375	False	False	morphology	determiner_noun_agreement	Write a natural, coherent English sentence.
706	13	These teachers explore these old oases.	These teachers explore this old oases.	-83.0	-83.0	-10.375	-10.375	False	False	morphology	determiner_noun_agreement	Write a natural, coherent English sentence.
707	13	Many waiters work with this scared child.	Many waiters work with these scared child.	-93.5	-93.5	-10.375	-10.375	False	False	morphology	determiner_noun_agreement	Write a natural, coherent English sentence.
708	13	Committees admire that smart child.	Committees admire those smart child.	-93.5	-93.5	-10.375	-10.375	False	False	morphology	determiner_noun_agreement	Write a natural, coherent English sentence.
709	13	Matt approaches this exposed child.	Matt approaches these exposed child.	-62.25	-62.25	-10.375	-10.375	False	False	morphology	determiner_noun_agreement	Write a natural, coherent English sentence.
710	13	Brian talks to this lucky man.	Brian talks to these lucky man.	-72.5	-72.5	-10.375	-10.375	False	False	morphology	determiner_noun_agreement	Write a natural, coherent English sentence.
711	13	A boy isn't talking about that red oasis.	A boy isn't talking about those red oasis.	-124.0	-124.0	-10.375	-10.375	False	False	morphology	determiner_noun_agreement	Write a natural, coherent English sentence.
712	13	Phillip bought those black feet.	Phillip bought that black feet.	-72.5	-72.5	-10.375	-10.375	False	False	morphology	determiner_noun_agreement	Write a natural, coherent English sentence.
713	13	Eric isn't buying those brown geese.	Eric isn't buying that brown geese.	-104.0	-104.0	-10.375	-10.375	False	False	morphology	determiner_noun_agreement	Write a natural, coherent English sentence.
714	13	Elaine remembers this delighted woman.	Elaine remembers these delighted woman.	-83.0	-83.0	-10.375	-10.375	False	False	morphology	determiner_noun_agreement	Write a natural, coherent English sentence.
715	13	This pedestrian arrives at that smooth oasis.	This pedestrian arrives at those smooth oasis.	-103.5	-103.5	-10.375	-10.375	False	False	morphology	determiner_noun_agreement	Write a natural, coherent English sentence.
716	13	Those men forget these smart men.	Those men forget this smart men.	-72.5	-72.5	-10.375	-10.375	False	False	morphology	determiner_noun_agreement	Write a natural, coherent English sentence.
717	13	Tara might alarm this unsure person.	Tara might alarm these unsure person.	-93.5	-93.5	-10.375	-10.375	False	False	morphology	determiner_noun_agreement	Write a natural, coherent English sentence.
718	13	Vanessa was healing those purple geese.	Vanessa was healing that purple geese.	-93.5	-93.5	-10.375	-10.375	False	False	morphology	determiner_noun_agreement	Write a natural, coherent English sentence.
719	13	Steven hasn't questioned those troubled people.	Steven hasn't questioned that troubled people.	-103.5	-103.5	-10.375	-10.375	False	False	morphology	determiner_noun_agreement	Write a natural, coherent English sentence.
720	13	Thomas hides this clever woman.	Thomas hides these clever woman.	-72.5	-72.5	-10.375	-10.375	False	False	morphology	determiner_noun_agreement	Write a natural, coherent English sentence.
721	13	Most eyes confuse these content alumni.	Most eyes confuse this content alumni.	-103.5	-103.5	-10.375	-10.375	False	False	morphology	determiner_noun_agreement	Write a natural, coherent English sentence.
722	13	That dog aggravates this busy child.	That dog aggravates these busy child.	-93.0	-93.0	-10.375	-10.375	False	False	morphology	determiner_noun_agreement	Write a natural, coherent English sentence.
723	13	Karen has attacked this popular child.	Karen has attacked these popular child.	-72.5	-72.5	-10.375	-10.375	False	False	morphology	determiner_noun_agreement	Write a natural, coherent English sentence.
724	13	Heidi might confuse those displeased men.	Heidi might confuse that displeased men.	-114.0	-114.0	-10.375	-10.375	False	False	morphology	determiner_noun_agreement	Write a natural, coherent English sentence.
725	13	Maria kisses this bad person.	Maria kisses these bad person.	-72.5	-72.5	-10.375	-10.375	False	False	morphology	determiner_noun_agreement	Write a natural, coherent English sentence.
726	13	Tanya passes this purple oasis.	Tanya passes these purple oasis.	-83.0	-83.0	-10.375	-10.375	False	False	morphology	determiner_noun_agreement	Write a natural, coherent English sentence.
727	13	Marla has respected those delighted alumni.	Marla has respected that delighted alumni.	-104.0	-104.0	-10.375	-10.375	False	False	morphology	determiner_noun_agreement	Write a natural, coherent English sentence.
728	13	Paula is investigating this employed alumnus.	Paula is investigating these employed alumnus.	-114.0	-114.0	-10.375	-10.375	False	False	morphology	determiner_noun_agreement	Write a natural, coherent English sentence.
729	13	Most chairs aren't disgusting those serious women.	Most chairs aren't disgusting that serious women.	-114.0	-114.0	-10.375	-10.375	False	False	morphology	determiner_noun_agreement	Write a natural, coherent English sentence.
730	13	Men hadn't run around this purple oasis.	Men hadn't run around these purple oasis.	-114.0	-114.0	-10.375	-10.375	False	False	morphology	determiner_noun_agreement	Write a natural, coherent English sentence.
731	13	Tina hadn't arrived at those green oases.	Tina hadn't arrived at that green oases.	-124.5	-124.5	-10.375	-10.375	False	False	morphology	determiner_noun_agreement	Write a natural, coherent English sentence.
732	13	Karla knew this busy alumnus.	Karla knew these busy alumnus.	-93.0	-93.0	-10.375	-10.375	False	False	morphology	determiner_noun_agreement	Write a natural, coherent English sentence.
733	13	The actors care for these exposed people.	The actors care for this exposed people.	-83.0	-83.0	-10.375	-10.375	False	False	morphology	determiner_noun_agreement	Write a natural, coherent English sentence.
734	13	Michelle might alarm this employed man.	Michelle might alarm these employed man.	-72.5	-72.5	-10.375	-10.375	False	False	morphology	determiner_noun_agreement	Write a natural, coherent English sentence.
735	13	Maria hasn't walked through these hard oases.	Maria hasn't walked through this hard oases.	-114.0	-114.0	-10.375	-10.375	False	False	morphology	determiner_noun_agreement	Write a natural, coherent English sentence.
736	13	That report might disagree with those delighted men.	That report might disagree with that delighted men.	-93.5	-93.5	-10.375	-10.375	False	False	morphology	determiner_noun_agreement	Write a natural, coherent English sentence.
737	13	Actresses discuss this popular person.	Actresses discuss these popular person.	-82.5	-83.0	-10.3125	-10.375	True	True	morphology	determiner_noun_agreement	Write a natural, coherent English sentence.
738	13	Holly won't watch these unlucky men.	Holly won't watch this unlucky men.	-114.0	-114.0	-10.375	-10.375	False	False	morphology	determiner_noun_agreement	Write a natural, coherent English sentence.
739	13	Carl was driving to those blue oases.	Carl was driving to that blue oases.	-93.0	-93.0	-10.375	-10.375	False	False	morphology	determiner_noun_agreement	Write a natural, coherent English sentence.
740	13	Bill passes that rough oasis.	Bill passes those rough oasis.	-72.5	-72.5	-10.375	-10.375	False	False	morphology	determiner_noun_agreement	Write a natural, coherent English sentence.
741	13	All men praise this good thesis.	All men praise these good thesis.	-72.5	-72.5	-10.375	-10.375	False	False	morphology	determiner_noun_agreement	Write a natural, coherent English sentence.
742	13	Many doctors should escape from these hopeful women.	Many doctors should escape from this hopeful women.	-103.5	-103.5	-10.375	-10.375	False	False	morphology	determiner_noun_agreement	Write a natural, coherent English sentence.
743	13	Many girls find these nice men.	Many girls find this nice men.	-72.5	-72.5	-10.375	-10.375	False	False	morphology	determiner_noun_agreement	Write a natural, coherent English sentence.
744	13	Every museum helps those concealed children.	Every museum helps that concealed children.	-83.0	-83.0	-10.375	-10.375	False	False	morphology	determiner_noun_agreement	Write a natural, coherent English sentence.
745	13	Marla was distracting these determined people.	Marla was distracting this determined people.	-93.5	-93.5	-10.375	-10.375	False	False	morphology	determiner_noun_agreement	Write a natural, coherent English sentence.
746	13	Those computers might confuse this nice child.	Those computers might confuse these nice child.	-93.5	-93.5	-10.375	-10.375	False	False	morphology	determiner_noun_agreement	Write a natural, coherent English sentence.
747	13	Tanya hasn't loved that content woman.	Tanya hasn't loved those content woman.	-104.0	-104.0	-10.375	-10.375	False	False	morphology	determiner_noun_agreement	Write a natural, coherent English sentence.
748	13	Theresa won't conceal those lost lice.	Theresa won't conceal that lost lice.	-124.5	-124.5	-10.375	-10.375	False	False	morphology	determiner_noun_agreement	Write a natural, coherent English sentence.
749	13	The Borgias do cure these out in the open octopi.	The Borgias do cure this out in the open octopi.	-156.0	-156.0	-10.375	-10.375	False	False	morphology	determiner_noun_agreement	Write a natural, coherent English sentence.
750	13	Kenneth messed up those lost teeth.	Kenneth messed up that lost teeth.	-93.0	-93.0	-10.3125	-10.375	False	True	morphology	determiner_noun_agreement	Write a natural, coherent English sentence.
751	13	Jodi doesn't alarm these unsure people.	Jodi doesn't alarm this unsure people.	-114.0	-114.0	-10.375	-10.375	False	False	morphology	determiner_noun_agreement	Write a natural, coherent English sentence.
752	13	This customer scans those good analyses.	This customer scans that good analyses.	-93.5	-93.5	-10.375	-10.375	False	False	morphology	determiner_noun_agreement	Write a natural, coherent English sentence.
753	13	Vincent can't watch this hopeful alumnus.	Vincent can't watch these hopeful alumnus.	-124.5	-124.5	-10.375	-10.375	False	False	morphology	determiner_noun_agreement	Write a natural, coherent English sentence.
754	13	Jodi talked to this unconvinced child.	Jodi talked to these unconvinced child.	-114.0	-114.0	-10.375	-10.375	False	False	morphology	determiner_noun_agreement	Write a natural, coherent English sentence.
755	13	Katherine exited these exposed oases.	Katherine exited this exposed oases.	-93.0	-93.0	-10.375	-10.375	False	False	morphology	determiner_noun_agreement	Write a natural, coherent English sentence.
756	13	Beverly hasn't brought these rough fungi.	Beverly hasn't brought this rough fungi.	-114.0	-114.0	-10.375	-10.375	False	False	morphology	determiner_noun_agreement	Write a natural, coherent English sentence.
757	13	That unicycle is boring those standing children.	That unicycle is boring that standing children.	-103.5	-103.5	-10.375	-10.375	False	False	morphology	determiner_noun_agreement	Write a natural, coherent English sentence.
758	13	That boy can't escape from those unsure children.	That boy can't escape from that unsure children.	-124.0	-124.5	-10.375	-10.375	True	False	morphology	determiner_noun_agreement	Write a natural, coherent English sentence.
759	13	An adult bought these black axes.	An adult bought this black axes.	-83.0	-83.0	-10.375	-10.375	False	False	morphology	determiner_noun_agreement	Write a natural, coherent English sentence.
760	13	Sara isn't kissing this nice woman.	Sara isn't kissing these nice woman.	-103.5	-103.5	-10.375	-10.375	False	False	morphology	determiner_noun_agreement	Write a natural, coherent English sentence.
761	13	Robert couldn't embarrass those scared people.	Robert couldn't embarrass that scared people.	-93.5	-93.5	-10.375	-10.375	False	False	morphology	determiner_noun_agreement	Write a natural, coherent English sentence.
762	13	Deborah had fled from that important woman.	Deborah had fled from those important woman.	-103.5	-103.5	-10.375	-10.375	False	False	morphology	determiner_noun_agreement	Write a natural, coherent English sentence.
763	13	Brenda discussed that serious woman.	Brenda discussed those serious woman.	-72.5	-72.5	-10.375	-10.375	False	False	morphology	determiner_noun_agreement	Write a natural, coherent English sentence.
764	13	Some women questioned that big woman.	Some women questioned those big woman.	-72.5	-72.5	-10.375	-10.375	False	False	morphology	determiner_noun_agreement	Write a natural, coherent English sentence.
765	13	Rodney didn't kiss those displeased women.	Rodney didn't kiss that displeased women.	-124.5	-124.5	-10.375	-10.375	False	False	morphology	determiner_noun_agreement	Write a natural, coherent English sentence.
766	13	Carrie can help those lost alumni.	Carrie can help that lost alumni.	-103.5	-103.5	-10.375	-10.375	False	False	morphology	determiner_noun_agreement	Write a natural, coherent English sentence.
767	13	Many guests approach this lucky man.	Many guests approach these lucky man.	-72.5	-72.5	-10.375	-10.375	False	False	morphology	determiner_noun_agreement	Write a natural, coherent English sentence.
768	13	Some student messes up that hard foot.	Some student messes up those hard foot.	-93.0	-93.0	-10.375	-10.375	False	False	morphology	determiner_noun_agreement	Write a natural, coherent English sentence.
769	13	Some men had skated around these hard oases.	Some men had skated around this hard oases.	-114.0	-114.0	-10.375	-10.375	False	False	morphology	determiner_noun_agreement	Write a natural, coherent English sentence.
770	13	Some light would annoy those happy alumni.	Some light would annoy that happy alumni.	-104.0	-103.5	-10.375	-10.375	False	False	morphology	determiner_noun_agreement	Write a natural, coherent English sentence.
771	13	Many casseroles shock these unconvinced men.	Many casseroles shock this unconvinced men.	-124.5	-124.5	-10.375	-10.375	False	False	morphology	determiner_noun_agreement	Write a natural, coherent English sentence.
772	13	Carl talks about those confident children.	Carl talks about that confident children.	-72.5	-72.5	-10.375	-10.375	False	False	morphology	determiner_noun_agreement	Write a natural, coherent English sentence.
773	13	Timothy was dropping by those new oases.	Timothy was dropping by that new oases.	-103.5	-103.5	-10.375	-10.375	False	False	morphology	determiner_noun_agreement	Write a natural, coherent English sentence.
774	13	Lori has approached these scared people.	Lori has approached this scared people.	-83.0	-83.0	-10.375	-10.375	False	False	morphology	determiner_noun_agreement	Write a natural, coherent English sentence.
775	13	Jodi wouldn't mess up those orange feet.	Jodi wouldn't mess up that orange feet.	-114.0	-114.0	-10.375	-10.375	False	False	morphology	determiner_noun_agreement	Write a natural, coherent English sentence.
776	13	This newspaper article will embarrass this determined child.	This newspaper article will embarrass these determined child.	-93.0	-93.0	-10.375	-10.375	False	False	morphology	determiner_noun_agreement	Write a natural, coherent English sentence.
777	13	A lot of guys conceal this long analysis.	A lot of guys conceal these long analysis.	-103.5	-103.5	-10.375	-10.375	False	False	morphology	determiner_noun_agreement	Write a natural, coherent English sentence.
778	13	Lawrence fired that serious woman.	Lawrence fired those serious woman.	-62.5	-62.25	-10.375	-10.375	False	False	morphology	determiner_noun_agreement	Write a natural, coherent English sentence.
779	13	This story didn't bore this serious man.	This story didn't bore these serious man.	-103.5	-103.5	-10.375	-10.375	False	False	morphology	determiner_noun_agreement	Write a natural, coherent English sentence.
780	13	Mary can't remember that clever person.	Mary can't remember those clever person.	-93.5	-93.5	-10.375	-10.375	False	False	morphology	determiner_noun_agreement	Write a natural, coherent English sentence.
781	13	Marie could listen to that big woman.	Marie could listen to those big woman.	-83.0	-83.0	-10.375	-10.375	False	False	morphology	determiner_noun_agreement	Write a natural, coherent English sentence.
782	13	Clyde had those exposed axes.	Clyde had that exposed axes.	-93.5	-93.5	-10.375	-10.375	False	False	morphology	determiner_noun_agreement	Write a natural, coherent English sentence.
783	13	Victoria has left these delighted men.	Victoria has left this delighted men.	-72.5	-72.5	-10.375	-10.375	False	False	morphology	determiner_noun_agreement	Write a natural, coherent English sentence.
784	13	The Impressionists disagree with those bad analyses.	The Impressionists disagree with that bad analyses.	-114.0	-114.0	-10.375	-10.375	False	False	morphology	determiner_noun_agreement	Write a natural, coherent English sentence.
785	13	Amy took that hidden fungus.	Amy took those hidden fungus.	-83.0	-83.0	-10.375	-10.375	False	False	morphology	determiner_noun_agreement	Write a natural, coherent English sentence.
786	13	Rose was fixing this hard foot.	Rose was fixing these hard foot.	-72.5	-72.5	-10.375	-10.375	False	False	morphology	determiner_noun_agreement	Write a natural, coherent English sentence.
787	13	Most dishes weren't astounding these scared men.	Most dishes weren't astounding this scared men.	-124.0	-124.0	-10.375	-10.375	False	False	morphology	determiner_noun_agreement	Write a natural, coherent English sentence.
788	13	The doctor sees those smooth cacti.	The doctor sees that smooth cacti.	-93.5	-93.5	-10.375	-10.375	False	False	morphology	determiner_noun_agreement	Write a natural, coherent English sentence.
789	13	Rodney hadn't cured these white octopi.	Rodney hadn't cured this white octopi.	-135.0	-135.0	-10.375	-10.375	False	False	morphology	determiner_noun_agreement	Write a natural, coherent English sentence.
790	13	This museum hadn't disgusted these troubled men.	This museum hadn't disgusted this troubled men.	-124.5	-124.5	-10.375	-10.375	False	False	morphology	determiner_noun_agreement	Write a natural, coherent English sentence.
791	13	Patrick complained about those scared men.	Patrick complained about that scared men.	-72.5	-72.5	-10.375	-10.375	False	False	morphology	determiner_noun_agreement	Write a natural, coherent English sentence.
792	13	Jacqueline should stun these determined alumni.	Jacqueline should stun this determined alumni.	-124.5	-124.5	-10.375	-10.375	False	False	morphology	determiner_noun_agreement	Write a natural, coherent English sentence.
793	13	All apples worry this serious man.	All apples worry these serious man.	-83.0	-83.0	-10.375	-10.375	False	False	morphology	determiner_noun_agreement	Write a natural, coherent English sentence.
794	13	The drawing isn't scaring that old child.	The drawing isn't scaring those old child.	-114.0	-114.0	-10.375	-10.375	False	False	morphology	determiner_noun_agreement	Write a natural, coherent English sentence.
795	13	Veronica questioned this uncertain woman.	Veronica questioned these uncertain woman.	-83.0	-83.0	-10.375	-10.375	False	False	morphology	determiner_noun_agreement	Write a natural, coherent English sentence.
796	13	Vanessa hadn't known this determined alumnus.	Vanessa hadn't known these determined alumnus.	-124.5	-124.5	-10.375	-10.375	False	False	morphology	determiner_noun_agreement	Write a natural, coherent English sentence.
797	13	Cynthia hadn't kissed this unemployed man.	Cynthia hadn't kissed these unemployed man.	-135.0	-135.0	-10.375	-10.375	False	False	morphology	determiner_noun_agreement	Write a natural, coherent English sentence.
798	13	These companies irritate that exposed woman.	These companies irritate those exposed woman.	-83.0	-83.0	-10.375	-10.375	False	False	morphology	determiner_noun_agreement	Write a natural, coherent English sentence.
799	13	This dancer wasn't biking to this orange oasis.	This dancer wasn't biking to these orange oasis.	-145.0	-145.0	-10.375	-10.375	False	False	morphology	determiner_noun_agreement	Write a natural, coherent English sentence.
800	13	Those legislatures could disturb this upset alumnus.	Those legislatures could disturb these upset alumnus.	-114.0	-114.0	-10.375	-10.375	False	False	morphology	determiner_noun_agreement	Write a natural, coherent English sentence.
801	13	Some adult hasn't hidden these ill men.	Some adult hasn't hidden this ill men.	-103.5	-103.5	-10.375	-10.375	False	False	morphology	determiner_noun_agreement	Write a natural, coherent English sentence.
802	13	A cashier should insult these hidden children.	A cashier should insult this hidden children.	-93.0	-93.0	-10.375	-10.375	False	False	morphology	determiner_noun_agreement	Write a natural, coherent English sentence.
803	13	Danielle could annoy that confident man.	Danielle could annoy those confident man.	-83.0	-83.0	-10.375	-10.375	False	False	morphology	determiner_noun_agreement	Write a natural, coherent English sentence.
804	13	These teachers lift this exposed goose.	These teachers lift these exposed goose.	-83.0	-83.0	-10.375	-10.375	False	False	morphology	determiner_noun_agreement	Write a natural, coherent English sentence.
805	13	Christina drove to that exposed oasis.	Christina drove to those exposed oasis.	-93.0	-93.0	-10.3125	-10.3125	False	False	morphology	determiner_noun_agreement	Write a natural, coherent English sentence.
806	13	Jesus hadn't sounded like these hidden people.	Jesus hadn't sounded like this hidden people.	-104.0	-103.5	-10.375	-10.375	False	False	morphology	determiner_noun_agreement	Write a natural, coherent English sentence.
807	13	Many mushrooms irritate that upset man.	Many mushrooms irritate those upset man.	-93.5	-93.5	-10.375	-10.375	False	False	morphology	determiner_noun_agreement	Write a natural, coherent English sentence.
808	13	Some committee bought those white lice.	Some committee bought that white lice.	-83.0	-83.0	-10.375	-10.375	False	False	morphology	determiner_noun_agreement	Write a natural, coherent English sentence.
809	13	Daniel hasn't known this determined man.	Daniel hasn't known these determined man.	-93.5	-93.5	-10.375	-10.375	False	False	morphology	determiner_noun_agreement	Write a natural, coherent English sentence.
810	13	Art hadn't scared these serious alumni.	Art hadn't scared this serious alumni.	-114.0	-114.0	-10.375	-10.375	False	False	morphology	determiner_noun_agreement	Write a natural, coherent English sentence.
811	13	Alice fires this unconvinced child.	Alice fires these unconvinced child.	-93.5	-93.5	-10.375	-10.375	False	False	morphology	determiner_noun_agreement	Write a natural, coherent English sentence.
812	13	Melanie hid that exposed tooth.	Melanie hid those exposed tooth.	-72.5	-72.5	-10.375	-10.375	False	False	morphology	determiner_noun_agreement	Write a natural, coherent English sentence.
813	13	Most hamsters find that red tooth.	Most hamsters find those red tooth.	-83.0	-83.0	-10.375	-10.375	False	False	morphology	determiner_noun_agreement	Write a natural, coherent English sentence.
814	13	Those children explore those small oases.	Those children explore that small oases.	-83.0	-83.0	-10.375	-10.375	False	False	morphology	determiner_noun_agreement	Write a natural, coherent English sentence.
815	13	Most museums listen to this troubled man.	Most museums listen to these troubled man.	-103.5	-103.5	-10.3125	-10.3125	False	False	morphology	determiner_noun_agreement	Write a natural, coherent English sentence.
816	13	Patrick embarrassed this unemployed person.	Patrick embarrassed these unemployed person.	-72.5	-72.5	-10.375	-10.375	False	False	morphology	determiner_noun_agreement	Write a natural, coherent English sentence.
817	13	A lot of icicles had alarmed that hidden woman.	A lot of icicles had alarmed those hidden woman.	-124.5	-124.5	-10.375	-10.375	False	False	morphology	determiner_noun_agreement	Write a natural, coherent English sentence.
818	13	Matt hadn't impressed this exposed child.	Matt hadn't impressed these exposed child.	-93.5	-93.5	-10.375	-10.375	False	False	morphology	determiner_noun_agreement	Write a natural, coherent English sentence.
819	13	Eric might see those new feet.	Eric might see that new feet.	-72.5	-72.5	-10.375	-10.375	False	False	morphology	determiner_noun_agreement	Write a natural, coherent English sentence.
820	13	Some turtle can confuse this old alumnus.	Some turtle can confuse these old alumnus.	-135.0	-135.0	-10.375	-10.375	False	False	morphology	determiner_noun_agreement	Write a natural, coherent English sentence.
821	13	Most guests explore these smooth oases.	Most guests explore this smooth oases.	-83.0	-83.0	-10.375	-10.375	False	False	morphology	determiner_noun_agreement	Write a natural, coherent English sentence.
822	13	Brian has praised that happy alumnus.	Brian has praised those happy alumnus.	-93.0	-93.0	-10.375	-10.375	False	False	morphology	determiner_noun_agreement	Write a natural, coherent English sentence.
823	13	Karen sees these ill lice.	Karen sees this ill lice.	-72.5	-72.5	-10.375	-10.375	False	False	morphology	determiner_noun_agreement	Write a natural, coherent English sentence.
824	13	Alicia doesn't observe this confident alumnus.	Alicia doesn't observe these confident alumnus.	-135.0	-135.0	-10.375	-10.375	False	False	morphology	determiner_noun_agreement	Write a natural, coherent English sentence.
825	13	That horse does find this lost octopus.	That horse does find these lost octopus.	-103.5	-103.5	-10.375	-10.375	False	False	morphology	determiner_noun_agreement	Write a natural, coherent English sentence.
826	13	Those customers haven't annoyed those delighted children.	Those customers haven't annoyed that delighted children.	-114.0	-114.0	-10.375	-10.375	False	False	morphology	determiner_noun_agreement	Write a natural, coherent English sentence.
827	13	The Great Lakes confused these hidden women.	The Great Lakes confused this hidden women.	-93.5	-93.5	-10.375	-10.375	False	False	morphology	determiner_noun_agreement	Write a natural, coherent English sentence.
828	13	Russell watches these unsure women.	Russell watches this unsure women.	-72.5	-72.5	-10.375	-10.375	False	False	morphology	determiner_noun_agreement	Write a natural, coherent English sentence.
829	13	Jacqueline has concealed these long synopses.	Jacqueline has concealed this long synopses.	-124.5	-124.5	-10.375	-10.375	False	False	morphology	determiner_noun_agreement	Write a natural, coherent English sentence.
830	13	Carrie isn't hiring this small woman.	Carrie isn't hiring these small woman.	-103.5	-103.5	-10.375	-10.375	False	False	morphology	determiner_noun_agreement	Write a natural, coherent English sentence.
831	13	Charles doesn't admire these big mice.	Charles doesn't admire this big mice.	-114.0	-114.0	-10.375	-10.375	False	False	morphology	determiner_noun_agreement	Write a natural, coherent English sentence.
832	13	The Impressionists might think about that white thesis.	The Impressionists might think about those white thesis.	-114.0	-114.0	-10.375	-10.375	False	False	morphology	determiner_noun_agreement	Write a natural, coherent English sentence.
833	13	Most men question those bad people.	Most men question that bad people.	-72.5	-72.5	-10.375	-10.375	False	False	morphology	determiner_noun_agreement	Write a natural, coherent English sentence.
834	13	Lissa hasn't left this upset woman.	Lissa hasn't left these upset woman.	-103.5	-103.5	-10.375	-10.375	False	False	morphology	determiner_noun_agreement	Write a natural, coherent English sentence.
835	13	Janice won't fire that determined child.	Janice won't fire those determined child.	-104.0	-104.0	-10.375	-10.375	False	False	morphology	determiner_noun_agreement	Write a natural, coherent English sentence.
836	13	This company criticized this lucky man.	This company criticized these lucky man.	-83.0	-83.0	-10.375	-10.375	False	False	morphology	determiner_noun_agreement	Write a natural, coherent English sentence.
837	13	The banks hurt that excited woman.	The banks hurt those excited woman.	-72.5	-72.5	-10.375	-10.375	False	False	morphology	determiner_noun_agreement	Write a natural, coherent English sentence.
838	13	Peter wasn't walking through those red oases.	Peter wasn't walking through that red oases.	-114.0	-114.0	-10.375	-10.375	False	False	morphology	determiner_noun_agreement	Write a natural, coherent English sentence.
839	13	Rebecca wasn't referencing this long synopsis.	Rebecca wasn't referencing these long synopsis.	-114.0	-114.0	-10.375	-10.375	False	False	morphology	determiner_noun_agreement	Write a natural, coherent English sentence.
840	13	Naomi notices this smooth octopus.	Naomi notices these smooth octopus.	-103.5	-103.5	-10.375	-10.375	False	False	morphology	determiner_noun_agreement	Write a natural, coherent English sentence.
841	13	Patrick conceals this hard stimulus.	Patrick conceals these hard stimulus.	-83.0	-83.0	-10.375	-10.375	False	False	morphology	determiner_noun_agreement	Write a natural, coherent English sentence.
842	13	Candice shouldn't bring those smooth feet.	Candice shouldn't bring that smooth feet.	-103.5	-103.5	-10.375	-10.375	False	False	morphology	determiner_noun_agreement	Write a natural, coherent English sentence.
843	13	All books sound like those content women.	All books sound like that content women.	-83.0	-83.0	-10.375	-10.375	False	False	morphology	determiner_noun_agreement	Write a natural, coherent English sentence.
844	13	Bethany hasn't arrived at this white oasis.	Bethany hasn't arrived at these white oasis.	-124.0	-124.5	-10.375	-10.375	True	False	morphology	determiner_noun_agreement	Write a natural, coherent English sentence.
845	13	Steve reveals these unemployed alumni.	Steve reveals this unemployed alumni.	-93.0	-93.0	-10.375	-10.375	False	False	morphology	determiner_noun_agreement	Write a natural, coherent English sentence.
846	13	Sonia was upsetting that ill woman.	Sonia was upsetting those ill woman.	-93.0	-93.0	-10.375	-10.375	False	False	morphology	determiner_noun_agreement	Write a natural, coherent English sentence.
847	13	Keith wasn't boring these delighted men.	Keith wasn't boring this delighted men.	-93.5	-93.5	-10.375	-10.375	False	False	morphology	determiner_noun_agreement	Write a natural, coherent English sentence.
848	13	The Borgias admire these hard mice.	The Borgias admire this hard mice.	-114.0	-114.0	-10.375	-10.375	False	False	morphology	determiner_noun_agreement	Write a natural, coherent English sentence.
849	13	These drivers had forgotten this good analysis.	These drivers had forgotten these good analysis.	-83.0	-83.0	-10.375	-10.375	False	False	morphology	determiner_noun_agreement	Write a natural, coherent English sentence.
850	13	Helen skates around this blue oasis.	Helen skates around these blue oasis.	-93.0	-93.0	-10.3125	-10.375	False	True	morphology	determiner_noun_agreement	Write a natural, coherent English sentence.
851	13	Galileo found that smooth stimulus.	Galileo found those smooth stimulus.	-93.0	-93.0	-10.375	-10.375	False	False	morphology	determiner_noun_agreement	Write a natural, coherent English sentence.
852	13	Kimberley isn't curing these small octopi.	Kimberley isn't curing this small octopi.	-145.0	-145.0	-10.375	-10.375	False	False	morphology	determiner_noun_agreement	Write a natural, coherent English sentence.
853	13	Debra didn't conceal these popular men.	Debra didn't conceal this popular men.	-114.0	-114.0	-10.375	-10.375	False	False	morphology	determiner_noun_agreement	Write a natural, coherent English sentence.
854	13	A lot of doctors hug these scared children.	A lot of doctors hug this scared children.	-93.0	-93.0	-10.375	-10.375	False	False	morphology	determiner_noun_agreement	Write a natural, coherent English sentence.
855	13	Those pedestrians weren't fleeing from these concealed men.	Those pedestrians weren't fleeing from this concealed men.	-156.0	-156.0	-10.375	-10.375	False	False	morphology	determiner_noun_agreement	Write a natural, coherent English sentence.
856	13	Those children find that exposed thesis.	Those children find those exposed thesis.	-72.5	-72.5	-10.375	-10.375	False	False	morphology	determiner_noun_agreement	Write a natural, coherent English sentence.
857	13	Debra admires these blue octopi.	Debra admires this blue octopi.	-103.5	-103.5	-10.375	-10.375	False	False	morphology	determiner_noun_agreement	Write a natural, coherent English sentence.
858	13	Bruce wasn't approaching that clever alumnus.	Bruce wasn't approaching those clever alumnus.	-114.0	-114.0	-10.375	-10.375	False	False	morphology	determiner_noun_agreement	Write a natural, coherent English sentence.
859	13	Lawrence isn't questioning that nice woman.	Lawrence isn't questioning those nice woman.	-93.5	-93.5	-10.375	-10.375	False	False	morphology	determiner_noun_agreement	Write a natural, coherent English sentence.
860	13	Some waitresses have this big octopus.	Some waitresses have these big octopus.	-114.0	-114.0	-10.375	-10.375	False	False	morphology	determiner_noun_agreement	Write a natural, coherent English sentence.
861	13	Carolyn had embarrassed that busy alumnus.	Carolyn had embarrassed those busy alumnus.	-103.5	-104.0	-10.375	-10.375	True	False	morphology	determiner_noun_agreement	Write a natural, coherent English sentence.
862	13	Jeffrey aggravated that smart man.	Jeffrey aggravated those smart man.	-93.0	-93.0	-10.375	-10.375	False	False	morphology	determiner_noun_agreement	Write a natural, coherent English sentence.
863	13	Guy messed up this yellow foot.	Guy messed up these yellow foot.	-83.0	-83.0	-10.375	-10.375	False	False	morphology	determiner_noun_agreement	Write a natural, coherent English sentence.
864	13	Every book is embarrassing this small woman.	Every book is embarrassing these small woman.	-93.0	-93.0	-10.375	-10.375	False	False	morphology	determiner_noun_agreement	Write a natural, coherent English sentence.
865	13	These associations were talking about these scared women.	These associations were talking about this scared women.	-93.5	-93.5	-10.375	-10.375	False	False	morphology	determiner_noun_agreement	Write a natural, coherent English sentence.
866	13	Todd disturbs this upset child.	Todd disturbs these upset child.	-83.0	-83.0	-10.375	-10.375	False	False	morphology	determiner_noun_agreement	Write a natural, coherent English sentence.
867	13	That window alarms these exposed women.	That window alarms this exposed women.	-83.0	-83.0	-10.375	-10.375	False	False	morphology	determiner_noun_agreement	Write a natural, coherent English sentence.
868	13	A window upsets these upset men.	A window upsets this upset men.	-83.0	-83.0	-10.375	-10.375	False	False	morphology	determiner_noun_agreement	Write a natural, coherent English sentence.
869	13	Monet is fixing that brown foot.	Monet is fixing those brown foot.	-83.0	-83.0	-10.375	-10.375	False	False	morphology	determiner_noun_agreement	Write a natural, coherent English sentence.
870	13	Adam left these big alumni.	Adam left this big alumni.	-83.0	-83.0	-10.375	-10.375	False	False	morphology	determiner_noun_agreement	Write a natural, coherent English sentence.
871	13	Stacy can exit that big oasis.	Stacy can exit those big oasis.	-93.5	-93.5	-10.375	-10.375	False	False	morphology	determiner_noun_agreement	Write a natural, coherent English sentence.
872	13	Roger was returning to those happy alumni.	Roger was returning to that happy alumni.	-104.0	-103.5	-10.375	-10.375	False	False	morphology	determiner_noun_agreement	Write a natural, coherent English sentence.
873	13	Dana isn't investigating this ill woman.	Dana isn't investigating these ill woman.	-114.0	-114.0	-10.375	-10.375	False	False	morphology	determiner_noun_agreement	Write a natural, coherent English sentence.
874	13	Tammy has those yellow axes.	Tammy has that yellow axes.	-83.0	-83.0	-10.375	-10.375	False	False	morphology	determiner_noun_agreement	Write a natural, coherent English sentence.
875	13	Marla leaves those employed children.	Marla leaves that employed children.	-72.5	-72.5	-10.375	-10.375	False	False	morphology	determiner_noun_agreement	Write a natural, coherent English sentence.
876	13	Sarah referenced that ill child.	Sarah referenced those ill child.	-72.5	-72.5	-10.375	-10.375	False	False	morphology	determiner_noun_agreement	Write a natural, coherent English sentence.
877	13	Edward complained about this serious child.	Edward complained about these serious child.	-72.5	-72.5	-10.375	-10.375	False	False	morphology	determiner_noun_agreement	Write a natural, coherent English sentence.
878	13	Carolyn healed those bad women.	Carolyn healed that bad women.	-83.0	-83.0	-10.375	-10.375	False	False	morphology	determiner_noun_agreement	Write a natural, coherent English sentence.
879	13	The waitresses fired those upset alumni.	The waitresses fired that upset alumni.	-114.0	-114.0	-10.375	-10.375	False	False	morphology	determiner_noun_agreement	Write a natural, coherent English sentence.
880	13	Every driver dropped by that old oasis.	Every driver dropped by those old oasis.	-93.0	-93.5	-10.375	-10.375	True	False	morphology	determiner_noun_agreement	Write a natural, coherent English sentence.
881	13	William hadn't hugged these hopeful alumni.	William hadn't hugged this hopeful alumni.	-135.0	-135.0	-10.375	-10.375	False	False	morphology	determiner_noun_agreement	Write a natural, coherent English sentence.
882	13	The Lutherans had messed up those lost feet.	The Lutherans had messed up that lost feet.	-114.0	-114.0	-10.375	-10.375	False	False	morphology	determiner_noun_agreement	Write a natural, coherent English sentence.
883	13	Florence hasn't confused those standing men.	Florence hasn't confused that standing men.	-93.5	-93.5	-10.375	-10.375	False	False	morphology	determiner_noun_agreement	Write a natural, coherent English sentence.
884	13	Some convertible upset this upset woman.	Some convertible upset these upset woman.	-83.0	-83.0	-10.375	-10.375	False	False	morphology	determiner_noun_agreement	Write a natural, coherent English sentence.
885	13	Rebecca saw this hidden foot.	Rebecca saw these hidden foot.	-62.25	-62.25	-10.375	-10.375	False	False	morphology	determiner_noun_agreement	Write a natural, coherent English sentence.
886	13	Derek returned to these content men.	Derek returned to this content men.	-83.0	-83.0	-10.375	-10.375	False	False	morphology	determiner_noun_agreement	Write a natural, coherent English sentence.
887	13	Those teachers love those hidden women.	Those teachers love that hidden women.	-72.5	-72.5	-10.375	-10.375	False	False	morphology	determiner_noun_agreement	Write a natural, coherent English sentence.
888	13	Jennifer worried those ill men.	Jennifer worried that ill men.	-62.25	-62.25	-10.375	-10.375	False	False	morphology	determiner_noun_agreement	Write a natural, coherent English sentence.
889	13	A chair was stunning this big man.	A chair was stunning these big man.	-83.0	-83.0	-10.375	-10.375	False	False	morphology	determiner_noun_agreement	Write a natural, coherent English sentence.
890	13	Paintings looked like that gray thesis.	Paintings looked like those gray thesis.	-93.5	-93.5	-10.375	-10.375	False	False	morphology	determiner_noun_agreement	Write a natural, coherent English sentence.
891	13	Karla toured this rough oasis.	Karla toured these rough oasis.	-93.0	-93.0	-10.375	-10.375	False	False	morphology	determiner_noun_agreement	Write a natural, coherent English sentence.
892	13	Walter couldn't boycott those hidden oases.	Walter couldn't boycott that hidden oases.	-114.0	-114.0	-10.375	-10.375	False	False	morphology	determiner_noun_agreement	Write a natural, coherent English sentence.
893	13	Donald has worried this smart man.	Donald has worried these smart man.	-72.5	-72.5	-10.375	-10.375	False	False	morphology	determiner_noun_agreement	Write a natural, coherent English sentence.
894	13	Catherine has boycotted those gray oases.	Catherine has boycotted that gray oases.	-103.5	-104.0	-10.375	-10.375	True	False	morphology	determiner_noun_agreement	Write a natural, coherent English sentence.
895	13	Nicole toured those yellow oases.	Nicole toured that yellow oases.	-83.0	-83.0	-10.375	-10.375	False	False	morphology	determiner_noun_agreement	Write a natural, coherent English sentence.
896	13	Barbara praises that young woman.	Barbara praises those young woman.	-72.5	-72.5	-10.375	-10.375	False	False	morphology	determiner_noun_agreement	Write a natural, coherent English sentence.
897	13	The apple aggravates those hopeful children.	The apple aggravates that hopeful children.	-103.5	-103.5	-10.375	-10.375	False	False	morphology	determiner_noun_agreement	Write a natural, coherent English sentence.
898	13	All photographs could look like this big fungus.	All photographs could look like these big fungus.	-114.0	-114.0	-10.375	-10.375	False	False	morphology	determiner_noun_agreement	Write a natural, coherent English sentence.
899	13	Guys should talk about that good synopsis.	Guys should talk about those good synopsis.	-103.5	-103.5	-10.375	-10.375	False	False	morphology	determiner_noun_agreement	Write a natural, coherent English sentence.
900	13	Tracy discovered this concealed alumnus.	Tracy discovered these concealed alumnus.	-103.5	-103.5	-10.375	-10.375	False	False	morphology	determiner_noun_agreement	Write a natural, coherent English sentence.
901	13	All actresses are helping this troubled man.	All actresses are helping these troubled man.	-103.5	-103.5	-10.3125	-10.375	False	True	morphology	determiner_noun_agreement	Write a natural, coherent English sentence.
902	13	Douglas isn't revealing this dirty foot.	Douglas isn't revealing these dirty foot.	-93.5	-93.5	-10.375	-10.375	False	False	morphology	determiner_noun_agreement	Write a natural, coherent English sentence.
903	13	Most senators confuse that standing child.	Most senators confuse those standing child.	-93.5	-93.5	-10.375	-10.375	False	False	morphology	determiner_noun_agreement	Write a natural, coherent English sentence.
904	13	Those doctors embarrass that upset woman.	Those doctors embarrass those upset woman.	-72.5	-72.5	-10.375	-10.375	False	False	morphology	determiner_noun_agreement	Write a natural, coherent English sentence.
905	13	A lot of customers were healing those sick men.	A lot of customers were healing that sick men.	-103.5	-103.5	-10.375	-10.375	False	False	morphology	determiner_noun_agreement	Write a natural, coherent English sentence.
906	13	Sabrina does conceal these old alumni.	Sabrina does conceal this old alumni.	-124.5	-124.5	-10.375	-10.375	False	False	morphology	determiner_noun_agreement	Write a natural, coherent English sentence.
907	13	Many girls can't observe those young alumni.	Many girls can't observe that young alumni.	-124.5	-124.5	-10.375	-10.375	False	False	morphology	determiner_noun_agreement	Write a natural, coherent English sentence.
908	13	The actresses hire that lucky man.	The actresses hire those lucky man.	-83.0	-83.0	-10.375	-10.375	False	False	morphology	determiner_noun_agreement	Write a natural, coherent English sentence.
909	13	Andrea is firing that scared child.	Andrea is firing those scared child.	-72.5	-72.5	-10.375	-10.375	False	False	morphology	determiner_noun_agreement	Write a natural, coherent English sentence.
910	13	That dancer scanned that bad synopsis.	That dancer scanned those bad synopsis.	-104.0	-104.0	-10.375	-10.375	False	False	morphology	determiner_noun_agreement	Write a natural, coherent English sentence.
911	13	Daniel breaks these dirty teeth.	Daniel breaks this dirty teeth.	-62.25	-62.25	-10.375	-10.375	False	False	morphology	determiner_noun_agreement	Write a natural, coherent English sentence.
912	13	Students had messed up those purple teeth.	Students had messed up that purple teeth.	-93.0	-93.0	-10.375	-10.375	False	False	morphology	determiner_noun_agreement	Write a natural, coherent English sentence.
913	13	Becky boycotted those old oases.	Becky boycotted that old oases.	-103.5	-103.5	-10.375	-10.375	False	False	morphology	determiner_noun_agreement	Write a natural, coherent English sentence.
914	13	Florence talks to those good women.	Florence talks to that good women.	-72.5	-72.5	-10.375	-10.375	False	False	morphology	determiner_noun_agreement	Write a natural, coherent English sentence.
915	13	Carmen won't break this big foot.	Carmen won't break these big foot.	-104.0	-104.0	-10.375	-10.375	False	False	morphology	determiner_noun_agreement	Write a natural, coherent English sentence.
916	13	Stephen fired those employed men.	Stephen fired that employed men.	-62.25	-62.25	-10.375	-10.375	False	False	morphology	determiner_noun_agreement	Write a natural, coherent English sentence.
917	13	Many governments confuse this sick woman.	Many governments confuse these sick woman.	-83.0	-83.0	-10.375	-10.375	False	False	morphology	determiner_noun_agreement	Write a natural, coherent English sentence.
918	13	Heidi healed this troubled child.	Heidi healed these troubled child.	-93.0	-93.0	-10.3125	-10.3125	False	False	morphology	determiner_noun_agreement	Write a natural, coherent English sentence.
919	13	Daniel questions these employed alumni.	Daniel questions this employed alumni.	-83.0	-83.0	-10.375	-10.375	False	False	morphology	determiner_noun_agreement	Write a natural, coherent English sentence.
920	13	People admire these yellow oxen.	People admire this yellow oxen.	-83.0	-83.0	-10.375	-10.375	False	False	morphology	determiner_noun_agreement	Write a natural, coherent English sentence.
921	13	Those adults embarrasses this displeased woman.	Those adults embarrasses these displeased woman.	-103.5	-103.5	-10.375	-10.375	False	False	morphology	determiner_noun_agreement	Write a natural, coherent English sentence.
922	13	Winston Churchill notices these big nuclei.	Winston Churchill notices this big nuclei.	-114.0	-114.0	-10.375	-10.375	False	False	morphology	determiner_noun_agreement	Write a natural, coherent English sentence.
923	13	All women hide those concealed nuclei.	All women hide that concealed nuclei.	-93.0	-93.0	-10.375	-10.375	False	False	morphology	determiner_noun_agreement	Write a natural, coherent English sentence.
924	13	Charles was escaping from those lucky men.	Charles was escaping from that lucky men.	-93.0	-93.0	-10.375	-10.375	False	False	morphology	determiner_noun_agreement	Write a natural, coherent English sentence.
925	13	Paul doesn't insult this happy woman.	Paul doesn't insult these happy woman.	-93.5	-93.5	-10.375	-10.375	False	False	morphology	determiner_noun_agreement	Write a natural, coherent English sentence.
926	13	Galileo isn't scanning this brown thesis.	Galileo isn't scanning these brown thesis.	-124.5	-124.5	-10.375	-10.375	False	False	morphology	determiner_noun_agreement	Write a natural, coherent English sentence.
927	13	The newspaper article doesn't annoy that exposed man.	The newspaper article doesn't annoy those exposed man.	-114.0	-114.0	-10.375	-10.375	False	False	morphology	determiner_noun_agreement	Write a natural, coherent English sentence.
928	13	Carmen noticed these gray cacti.	Carmen noticed this gray cacti.	-93.5	-93.5	-10.375	-10.375	False	False	morphology	determiner_noun_agreement	Write a natural, coherent English sentence.
929	13	Teresa approaches this upset man.	Teresa approaches these upset man.	-72.5	-72.5	-10.375	-10.375	False	False	morphology	determiner_noun_agreement	Write a natural, coherent English sentence.
930	13	April was revealing this hidden woman.	April was revealing these hidden woman.	-72.5	-72.5	-10.375	-10.375	False	False	morphology	determiner_noun_agreement	Write a natural, coherent English sentence.
931	13	Michael has loved these scared men.	Michael has loved this scared men.	-72.5	-72.5	-10.375	-10.375	False	False	morphology	determiner_noun_agreement	Write a natural, coherent English sentence.
932	13	Joseph hadn't bought those hard lice.	Joseph hadn't bought that hard lice.	-103.5	-103.5	-10.375	-10.375	False	False	morphology	determiner_noun_agreement	Write a natural, coherent English sentence.
933	13	Larry did drive to this out in the open oasis.	Larry did drive to these out in the open oasis.	-124.0	-124.5	-10.375	-10.375	True	False	morphology	determiner_noun_agreement	Write a natural, coherent English sentence.
934	13	Lisa hasn't driven to that new oasis.	Lisa hasn't driven to those new oasis.	-114.0	-114.0	-10.375	-10.375	False	False	morphology	determiner_noun_agreement	Write a natural, coherent English sentence.
935	13	Steve scanned this good synopsis.	Steve scanned these good synopsis.	-83.0	-83.0	-10.375	-10.375	False	False	morphology	determiner_noun_agreement	Write a natural, coherent English sentence.
936	13	The Lutherans care for those hopeful men.	The Lutherans care for that hopeful men.	-103.5	-103.5	-10.375	-10.375	False	False	morphology	determiner_noun_agreement	Write a natural, coherent English sentence.
937	13	Christine bikes to these orange oases.	Christine bikes to this orange oases.	-103.5	-103.5	-10.375	-10.375	False	False	morphology	determiner_noun_agreement	Write a natural, coherent English sentence.
938	13	Most actors distracted this popular woman.	Most actors distracted these popular woman.	-83.0	-83.0	-10.375	-10.375	False	False	morphology	determiner_noun_agreement	Write a natural, coherent English sentence.
939	13	Emily should observe those displeased men.	Emily should observe that displeased men.	-93.5	-93.5	-10.375	-10.375	False	False	morphology	determiner_noun_agreement	Write a natural, coherent English sentence.
940	13	The drivers do sell this green thesis.	The drivers do sell these green thesis.	-83.0	-83.0	-10.375	-10.375	False	False	morphology	determiner_noun_agreement	Write a natural, coherent English sentence.
941	13	Most drivers love these unemployed men.	Most drivers love this unemployed men.	-83.0	-83.0	-10.375	-10.375	False	False	morphology	determiner_noun_agreement	Write a natural, coherent English sentence.
942	13	Those doctors care for this hopeful man.	Those doctors care for these hopeful man.	-93.0	-93.0	-10.375	-10.375	False	False	morphology	determiner_noun_agreement	Write a natural, coherent English sentence.
943	13	Brad kisses that displeased man.	Brad kisses those displeased man.	-93.0	-93.0	-10.375	-10.375	False	False	morphology	determiner_noun_agreement	Write a natural, coherent English sentence.
944	13	Danielle had argued about those troubled men.	Danielle had argued about that troubled men.	-103.5	-103.5	-10.375	-10.3125	False	False	morphology	determiner_noun_agreement	Write a natural, coherent English sentence.
945	13	An actor is disgusting those unsure men.	An actor is disgusting that unsure men.	-103.5	-103.5	-10.375	-10.375	False	False	morphology	determiner_noun_agreement	Write a natural, coherent English sentence.
946	13	Galileo didn't hurt those displeased children.	Galileo didn't hurt that displeased children.	-135.0	-135.0	-10.375	-10.375	False	False	morphology	determiner_noun_agreement	Write a natural, coherent English sentence.
947	13	Omar messed up these small teeth.	Omar messed up this small teeth.	-93.0	-93.0	-10.375	-10.375	False	False	morphology	determiner_noun_agreement	Write a natural, coherent English sentence.
948	13	Carmen will watch this smart person.	Carmen will watch these smart person.	-83.0	-83.0	-10.375	-10.375	False	False	morphology	determiner_noun_agreement	Write a natural, coherent English sentence.
949	13	Jeffrey hid that unlucky child.	Jeffrey hid those unlucky child.	-93.0	-93.0	-10.375	-10.375	False	False	morphology	determiner_noun_agreement	Write a natural, coherent English sentence.
950	13	Every plane bothers this upset child.	Every plane bothers these upset child.	-83.0	-83.0	-10.375	-10.375	False	False	morphology	determiner_noun_agreement	Write a natural, coherent English sentence.
951	13	A lot of hospitals have those blue teeth.	A lot of hospitals have that blue teeth.	-93.0	-93.0	-10.375	-10.375	False	False	morphology	determiner_noun_agreement	Write a natural, coherent English sentence.
952	13	Nancy wasn't disturbing that clever man.	Nancy wasn't disturbing those clever man.	-103.5	-103.5	-10.375	-10.375	False	False	morphology	determiner_noun_agreement	Write a natural, coherent English sentence.
953	13	These ladies bought that white tooth.	These ladies bought those white tooth.	-72.5	-72.5	-10.375	-10.375	False	False	morphology	determiner_noun_agreement	Write a natural, coherent English sentence.
954	13	Every skirt annoys that confident person.	Every skirt annoys those confident person.	-93.5	-93.5	-10.375	-10.375	False	False	morphology	determiner_noun_agreement	Write a natural, coherent English sentence.
955	13	These actors weren't biking to these red oases.	These actors weren't biking to this red oases.	-135.0	-135.0	-10.375	-10.375	False	False	morphology	determiner_noun_agreement	Write a natural, coherent English sentence.
956	13	Carmen has described those confident people.	Carmen has described that confident people.	-83.0	-83.0	-10.375	-10.375	False	False	morphology	determiner_noun_agreement	Write a natural, coherent English sentence.
957	13	All legislatures criticize that brown oasis.	All legislatures criticize those brown oasis.	-103.5	-103.5	-10.375	-10.375	False	False	morphology	determiner_noun_agreement	Write a natural, coherent English sentence.
958	13	Paula works with that clever person.	Paula works with those clever person.	-83.0	-83.0	-10.375	-10.375	False	False	morphology	determiner_noun_agreement	Write a natural, coherent English sentence.
959	13	Benjamin respects those confident children.	Benjamin respects that confident children.	-72.5	-72.5	-10.375	-10.375	False	False	morphology	determiner_noun_agreement	Write a natural, coherent English sentence.
960	13	Mitchell attacked these unsure alumni.	Mitchell attacked this unsure alumni.	-93.5	-93.0	-10.375	-10.375	False	False	morphology	determiner_noun_agreement	Write a natural, coherent English sentence.
961	13	The Lutherans hadn't cleaned these broken teeth.	The Lutherans hadn't cleaned this broken teeth.	-114.0	-114.0	-10.375	-10.375	False	False	morphology	determiner_noun_agreement	Write a natural, coherent English sentence.
962	13	A lot of children observe that young child.	A lot of children observe those young child.	-93.0	-93.0	-10.375	-10.375	False	False	morphology	determiner_noun_agreement	Write a natural, coherent English sentence.
963	13	Gary hadn't sounded like this out in the open oasis.	Gary hadn't sounded like these out in the open oasis.	-145.0	-145.0	-10.375	-10.375	False	False	morphology	determiner_noun_agreement	Write a natural, coherent English sentence.
964	13	That fish annoyed this serious alumnus.	That fish annoyed these serious alumnus.	-103.5	-103.5	-10.375	-10.375	False	False	morphology	determiner_noun_agreement	Write a natural, coherent English sentence.
965	13	Spotlights worry those standing people.	Spotlights worry that standing people.	-72.5	-72.5	-10.375	-10.375	False	False	morphology	determiner_noun_agreement	Write a natural, coherent English sentence.
966	13	Rodney returned to these content alumni.	Rodney returned to this content alumni.	-103.5	-103.5	-10.375	-10.375	False	False	morphology	determiner_noun_agreement	Write a natural, coherent English sentence.
967	13	Bruce references this unemployed child.	Bruce references these unemployed child.	-72.5	-72.5	-10.375	-10.375	False	False	morphology	determiner_noun_agreement	Write a natural, coherent English sentence.
968	13	Many museums criticize this bad analysis.	Many museums criticize these bad analysis.	-93.0	-93.0	-10.3125	-10.3125	False	False	morphology	determiner_noun_agreement	Write a natural, coherent English sentence.
969	13	Danielle knows that concealed man.	Danielle knows those concealed man.	-83.0	-83.0	-10.375	-10.375	False	False	morphology	determiner_noun_agreement	Write a natural, coherent English sentence.
970	13	Katherine sells that smooth oasis.	Katherine sells those smooth oasis.	-93.0	-93.0	-10.375	-10.375	False	False	morphology	determiner_noun_agreement	Write a natural, coherent English sentence.
971	13	Meredith hadn't scared these clever people.	Meredith hadn't scared this clever people.	-114.0	-114.0	-10.375	-10.375	False	False	morphology	determiner_noun_agreement	Write a natural, coherent English sentence.
972	13	Walter biked to these gray oases.	Walter biked to this gray oases.	-103.5	-103.5	-10.375	-10.375	False	False	morphology	determiner_noun_agreement	Write a natural, coherent English sentence.
973	13	Phillip has investigated this unemployed man.	Phillip has investigated these unemployed man.	-93.0	-93.5	-10.375	-10.375	True	False	morphology	determiner_noun_agreement	Write a natural, coherent English sentence.
974	13	Alice knows that ill woman.	Alice knows those ill woman.	-62.25	-62.25	-10.375	-10.375	False	False	morphology	determiner_noun_agreement	Write a natural, coherent English sentence.
975	13	Daniel bothered that unemployed alumnus.	Daniel bothered those unemployed alumnus.	-93.0	-93.0	-10.375	-10.375	False	False	morphology	determiner_noun_agreement	Write a natural, coherent English sentence.
976	13	Some children notice this black thesis.	Some children notice these black thesis.	-72.5	-72.5	-10.375	-10.375	False	False	morphology	determiner_noun_agreement	Write a natural, coherent English sentence.
977	13	George has alarmed these unemployed children.	George has alarmed this unemployed children.	-93.5	-93.5	-10.375	-10.375	False	False	morphology	determiner_noun_agreement	Write a natural, coherent English sentence.
978	13	Sarah won't drive to this concealed oasis.	Sarah won't drive to these concealed oasis.	-124.5	-124.5	-10.375	-10.375	False	False	morphology	determiner_noun_agreement	Write a natural, coherent English sentence.
979	13	Grace arrived at those small oases.	Grace arrived at that small oases.	-83.0	-83.0	-10.375	-10.375	False	False	morphology	determiner_noun_agreement	Write a natural, coherent English sentence.
980	13	David kisses that lucky man.	David kisses those lucky man.	-72.5	-72.5	-10.375	-10.375	False	False	morphology	determiner_noun_agreement	Write a natural, coherent English sentence.
981	13	Laura isn't lifting this smooth axis.	Laura isn't lifting these smooth axis.	-93.5	-93.5	-10.375	-10.375	False	False	morphology	determiner_noun_agreement	Write a natural, coherent English sentence.
982	13	Mark embarrassed these confident children.	Mark embarrassed this confident children.	-62.25	-62.25	-10.375	-10.375	False	False	morphology	determiner_noun_agreement	Write a natural, coherent English sentence.
983	13	Patients bothers this employed man.	Patients bothers these employed man.	-83.0	-83.0	-10.375	-10.375	False	False	morphology	determiner_noun_agreement	Write a natural, coherent English sentence.
984	13	Christopher has criticized this bad synopsis.	Christopher has criticized these bad synopsis.	-93.0	-93.0	-10.375	-10.375	False	False	morphology	determiner_noun_agreement	Write a natural, coherent English sentence.
985	13	Todd hadn't gone to this cheap oasis.	Todd hadn't gone to these cheap oasis.	-114.0	-114.0	-10.375	-10.375	False	False	morphology	determiner_noun_agreement	Write a natural, coherent English sentence.
986	13	Becca does investigate this lucky alumnus.	Becca does investigate these lucky alumnus.	-103.5	-103.5	-10.375	-10.375	False	False	morphology	determiner_noun_agreement	Write a natural, coherent English sentence.
987	13	Sabrina visits those fast women.	Sabrina visits that fast women.	-83.0	-83.0	-10.375	-10.375	False	False	morphology	determiner_noun_agreement	Write a natural, coherent English sentence.
988	13	Janet knew those unconvinced children.	Janet knew that unconvinced children.	-104.0	-104.0	-10.375	-10.375	False	False	morphology	determiner_noun_agreement	Write a natural, coherent English sentence.
989	13	Christine hated this young man.	Christine hated these young man.	-72.5	-72.5	-10.375	-10.375	False	False	morphology	determiner_noun_agreement	Write a natural, coherent English sentence.
990	13	Chad hadn't complained about these big oases.	Chad hadn't complained about this big oases.	-124.5	-124.5	-10.375	-10.375	False	False	morphology	determiner_noun_agreement	Write a natural, coherent English sentence.
991	13	Many bikes stun that nice man.	Many bikes stun those nice man.	-93.5	-93.5	-10.375	-10.375	False	False	morphology	determiner_noun_agreement	Write a natural, coherent English sentence.
992	13	William hasn't investigated these fast men.	William hasn't investigated this fast men.	-93.5	-93.5	-10.375	-10.375	False	False	morphology	determiner_noun_agreement	Write a natural, coherent English sentence.
993	13	Kristin couldn't research these smooth oases.	Kristin couldn't research this smooth oases.	-114.0	-114.0	-10.375	-10.375	False	False	morphology	determiner_noun_agreement	Write a natural, coherent English sentence.
994	13	Travis arrives at these old oases.	Travis arrives at this old oases.	-93.0	-93.0	-10.375	-10.375	False	False	morphology	determiner_noun_agreement	Write a natural, coherent English sentence.
995	13	Many boys drive to this yellow oasis.	Many boys drive to these yellow oasis.	-93.0	-93.5	-10.375	-10.375	True	False	morphology	determiner_noun_agreement	Write a natural, coherent English sentence.
996	13	Danielle won't heal those unlucky people.	Danielle won't heal that unlucky people.	-124.5	-124.5	-10.375	-10.375	False	False	morphology	determiner_noun_agreement	Write a natural, coherent English sentence.
997	13	Sabrina wouldn't go to that new oasis.	Sabrina wouldn't go to those new oasis.	-135.0	-135.0	-10.375	-10.375	False	False	morphology	determiner_noun_agreement	Write a natural, coherent English sentence.
998	13	This movie theater annoys these lucky alumni.	This movie theater annoys this lucky alumni.	-124.5	-124.5	-10.375	-10.375	False	False	morphology	determiner_noun_agreement	Write a natural, coherent English sentence.
999	13	Stacy doesn't appreciate that out in the open woman.	Stacy doesn't appreciate those out in the open woman.	-135.0	-135.0	-10.375	-10.375	False	False	morphology	determiner_noun_agreement	Write a natural, coherent English sentence.
0	14	Alexander didn't walk through that new oasis.	Alexander didn't walk through those new oasis.	-114.0	-114.0	-10.375	-10.3125	False	False	morphology	determiner_noun_agreement	Write a natural, coherent English sentence.
1	14	This hair irritates these old alumni.	This hair irritates this old alumni.	-103.5	-104.0	-10.375	-10.375	True	False	morphology	determiner_noun_agreement	Write a natural, coherent English sentence.
2	14	Winston Churchill was escaping from this serious person.	Winston Churchill was escaping from these serious person.	-124.5	-124.5	-10.375	-10.375	False	False	morphology	determiner_noun_agreement	Write a natural, coherent English sentence.
3	14	Anna walks through these purple oases.	Anna walks through this purple oases.	-83.0	-82.5	-10.375	-10.3125	False	False	morphology	determiner_noun_agreement	Write a natural, coherent English sentence.
4	14	Alicia sounded like this good analysis.	Alicia sounded like these good analysis.	-93.5	-93.5	-10.375	-10.375	False	False	morphology	determiner_noun_agreement	Write a natural, coherent English sentence.
5	14	Jeffrey might complain about this gray thesis.	Jeffrey might complain about these gray thesis.	-93.0	-93.0	-10.375	-10.375	False	False	morphology	determiner_noun_agreement	Write a natural, coherent English sentence.
6	14	Meredith approaches these concealed women.	Meredith approaches this concealed women.	-93.5	-93.0	-10.375	-10.375	False	False	morphology	determiner_noun_agreement	Write a natural, coherent English sentence.
7	14	Julia questioned those small children.	Julia questioned that small children.	-62.25	-62.25	-10.375	-10.375	False	False	morphology	determiner_noun_agreement	Write a natural, coherent English sentence.
8	14	That adult has brought that purple octopus.	That adult has brought those purple octopus.	-103.5	-103.5	-10.375	-10.375	False	False	morphology	determiner_noun_agreement	Write a natural, coherent English sentence.
9	14	The people hug this displeased woman.	The people hug these displeased woman.	-93.5	-93.5	-10.375	-10.375	False	False	morphology	determiner_noun_agreement	Write a natural, coherent English sentence.
10	14	That beef did bore these displeased people.	That beef did bore this displeased people.	-104.0	-104.0	-10.375	-10.375	False	False	morphology	determiner_noun_agreement	Write a natural, coherent English sentence.
11	14	These libraries talk about these long synopses.	These libraries talk about this long synopses.	-103.5	-103.5	-10.375	-10.375	False	False	morphology	determiner_noun_agreement	Write a natural, coherent English sentence.
12	14	Lori wasn't hiring those delighted men.	Lori wasn't hiring that delighted men.	-104.0	-104.0	-10.375	-10.375	False	False	morphology	determiner_noun_agreement	Write a natural, coherent English sentence.
13	14	The teachers are running around this concealed oasis.	The teachers are running around these concealed oasis.	-114.0	-114.0	-10.375	-10.375	False	False	morphology	determiner_noun_agreement	Write a natural, coherent English sentence.
14	14	Those bananas embarrass these delighted people.	Those bananas embarrass this delighted people.	-83.0	-83.0	-10.375	-10.375	False	False	morphology	determiner_noun_agreement	Write a natural, coherent English sentence.
15	14	Mitchell brought those green oases.	Mitchell brought that green oases.	-72.5	-72.5	-10.375	-10.375	False	False	morphology	determiner_noun_agreement	Write a natural, coherent English sentence.
16	14	The actresses complain about this rough thesis.	The actresses complain about these rough thesis.	-93.0	-93.0	-10.375	-10.375	False	False	morphology	determiner_noun_agreement	Write a natural, coherent English sentence.
17	14	Russell investigates these fast women.	Russell investigates this fast women.	-72.5	-72.5	-10.375	-10.375	False	False	morphology	determiner_noun_agreement	Write a natural, coherent English sentence.
18	14	Irene praised those bad synopses.	Irene praised that bad synopses.	-93.0	-93.5	-10.375	-10.375	True	False	morphology	determiner_noun_agreement	Write a natural, coherent English sentence.
19	14	Denise did confuse that important woman.	Denise did confuse those important woman.	-93.5	-93.5	-10.375	-10.375	False	False	morphology	determiner_noun_agreement	Write a natural, coherent English sentence.
20	14	Some patients dislike those nice women.	Some patients dislike that nice women.	-83.0	-83.0	-10.375	-10.375	False	False	morphology	determiner_noun_agreement	Write a natural, coherent English sentence.
21	14	Amelia wasn't observing this hopeful man.	Amelia wasn't observing these hopeful man.	-124.5	-124.5	-10.375	-10.375	False	False	morphology	determiner_noun_agreement	Write a natural, coherent English sentence.
22	14	Grace is hugging these popular women.	Grace is hugging this popular women.	-83.0	-83.0	-10.375	-10.375	False	False	morphology	determiner_noun_agreement	Write a natural, coherent English sentence.
23	14	Julia might describe this long synopsis.	Julia might describe these long synopsis.	-83.0	-83.0	-10.375	-10.375	False	False	morphology	determiner_noun_agreement	Write a natural, coherent English sentence.
24	14	Many pedestrians do return to these happy men.	Many pedestrians do return to this happy men.	-114.0	-114.0	-10.375	-10.375	False	False	morphology	determiner_noun_agreement	Write a natural, coherent English sentence.
25	14	Laura noticed that determined man.	Laura noticed those determined man.	-62.25	-62.25	-10.375	-10.375	False	False	morphology	determiner_noun_agreement	Write a natural, coherent English sentence.
26	14	Julie would pass those red oases.	Julie would pass that red oases.	-83.0	-83.0	-10.375	-10.375	False	False	morphology	determiner_noun_agreement	Write a natural, coherent English sentence.
27	14	These doctors boast about this out in the open child.	These doctors boast about these out in the open child.	-124.5	-124.5	-10.375	-10.375	False	False	morphology	determiner_noun_agreement	Write a natural, coherent English sentence.
28	14	Stephen isn't revealing this brown nucleus.	Stephen isn't revealing these brown nucleus.	-103.5	-103.5	-10.375	-10.375	False	False	morphology	determiner_noun_agreement	Write a natural, coherent English sentence.
29	14	Travel stuns that sick child.	Travel stuns those sick child.	-72.5	-72.5	-10.375	-10.375	False	False	morphology	determiner_noun_agreement	Write a natural, coherent English sentence.
30	14	Amelia healed that unemployed woman.	Amelia healed those unemployed woman.	-93.5	-93.5	-10.375	-10.375	False	False	morphology	determiner_noun_agreement	Write a natural, coherent English sentence.
31	14	Noah attacks that ill child.	Noah attacks those ill child.	-62.25	-62.25	-10.375	-10.375	False	False	morphology	determiner_noun_agreement	Write a natural, coherent English sentence.
32	14	Randolf buys those gray fungi.	Randolf buys that gray fungi.	-93.5	-93.5	-10.375	-10.375	False	False	morphology	determiner_noun_agreement	Write a natural, coherent English sentence.
33	14	Some pedestrians disagreed with this big woman.	Some pedestrians disagreed with these big woman.	-114.0	-114.0	-10.375	-10.375	False	False	morphology	determiner_noun_agreement	Write a natural, coherent English sentence.
34	14	Adam might sound like these determined children.	Adam might sound like this determined children.	-83.0	-83.0	-10.375	-10.375	False	False	morphology	determiner_noun_agreement	Write a natural, coherent English sentence.
35	14	Bill has stunned this confident man.	Bill has stunned these confident man.	-83.0	-83.0	-10.375	-10.375	False	False	morphology	determiner_noun_agreement	Write a natural, coherent English sentence.
36	14	Rhonda should see these blue oases.	Rhonda should see this blue oases.	-93.5	-93.5	-10.375	-10.375	False	False	morphology	determiner_noun_agreement	Write a natural, coherent English sentence.
37	14	Stephen cares for that out in the open alumnus.	Stephen cares for those out in the open alumnus.	-124.5	-124.5	-10.375	-10.375	False	False	morphology	determiner_noun_agreement	Write a natural, coherent English sentence.
38	14	Cheryl has bought this green oasis.	Cheryl has bought these green oasis.	-93.0	-93.0	-10.3125	-10.375	False	True	morphology	determiner_noun_agreement	Write a natural, coherent English sentence.
39	14	Every door annoyed this lucky child.	Every door annoyed these lucky child.	-83.0	-83.0	-10.375	-10.375	False	False	morphology	determiner_noun_agreement	Write a natural, coherent English sentence.
40	14	Gerald cures that unlucky child.	Gerald cures those unlucky child.	-104.0	-103.5	-10.375	-10.375	False	False	morphology	determiner_noun_agreement	Write a natural, coherent English sentence.
41	14	Eyes weren't worrying this troubled child.	Eyes weren't worrying these troubled child.	-114.0	-114.0	-10.375	-10.375	False	False	morphology	determiner_noun_agreement	Write a natural, coherent English sentence.
42	14	Michael isn't referencing this long synopsis.	Michael isn't referencing these long synopsis.	-114.0	-114.0	-10.375	-10.375	False	False	morphology	determiner_noun_agreement	Write a natural, coherent English sentence.
43	14	Robert insults this serious man.	Robert insults these serious man.	-72.5	-72.5	-10.375	-10.375	False	False	morphology	determiner_noun_agreement	Write a natural, coherent English sentence.
44	14	Waitresses describe that smart alumnus.	Waitresses describe those smart alumnus.	-103.5	-103.5	-10.375	-10.375	False	False	morphology	determiner_noun_agreement	Write a natural, coherent English sentence.
45	14	Dan doesn't respect this unemployed alumnus.	Dan doesn't respect these unemployed alumnus.	-124.5	-124.5	-10.375	-10.375	False	False	morphology	determiner_noun_agreement	Write a natural, coherent English sentence.
46	14	Eric has upset those scared people.	Eric has upset that scared people.	-72.5	-72.5	-10.375	-10.375	False	False	morphology	determiner_noun_agreement	Write a natural, coherent English sentence.
47	14	Sabrina was biking to this exposed oasis.	Sabrina was biking to these exposed oasis.	-124.5	-124.0	-10.375	-10.375	False	False	morphology	determiner_noun_agreement	Write a natural, coherent English sentence.
48	14	Edward can't think about these exposed mice.	Edward can't think about this exposed mice.	-114.0	-114.0	-10.375	-10.375	False	False	morphology	determiner_noun_agreement	Write a natural, coherent English sentence.
49	14	Phillip listened to this standing alumnus.	Phillip listened to these standing alumnus.	-103.5	-103.5	-10.375	-10.375	False	False	morphology	determiner_noun_agreement	Write a natural, coherent English sentence.
50	14	Those men skate around this small oasis.	Those men skate around these small oasis.	-103.5	-103.5	-10.375	-10.375	False	False	morphology	determiner_noun_agreement	Write a natural, coherent English sentence.
51	14	Rhonda could think about those content children.	Rhonda could think about that content children.	-93.5	-93.5	-10.375	-10.375	False	False	morphology	determiner_noun_agreement	Write a natural, coherent English sentence.
52	14	Melissa had remembered that unsure person.	Melissa had remembered those unsure person.	-93.5	-93.5	-10.375	-10.375	False	False	morphology	determiner_noun_agreement	Write a natural, coherent English sentence.
53	14	The students talk about this upset person.	The students talk about these upset person.	-83.0	-83.0	-10.375	-10.375	False	False	morphology	determiner_noun_agreement	Write a natural, coherent English sentence.
54	14	Leslie insults those upset alumni.	Leslie insults that upset alumni.	-103.5	-103.5	-10.375	-10.375	False	False	morphology	determiner_noun_agreement	Write a natural, coherent English sentence.
55	14	Hats distract this ill man.	Hats distract these ill man.	-72.5	-72.5	-10.375	-10.375	False	False	morphology	determiner_noun_agreement	Write a natural, coherent English sentence.
56	14	Dawn sounded like this determined child.	Dawn sounded like these determined child.	-83.0	-83.0	-10.375	-10.375	False	False	morphology	determiner_noun_agreement	Write a natural, coherent English sentence.
57	14	Carl had run around that brown oasis.	Carl had run around those brown oasis.	-93.0	-93.0	-10.375	-10.375	False	False	morphology	determiner_noun_agreement	Write a natural, coherent English sentence.
58	14	Anna criticizes these concealed children.	Anna criticizes this concealed children.	-83.0	-83.0	-10.375	-10.375	False	False	morphology	determiner_noun_agreement	Write a natural, coherent English sentence.
59	14	The waiter might criticize that unemployed man.	The waiter might criticize those unemployed man.	-114.0	-114.0	-10.375	-10.3125	False	False	morphology	determiner_noun_agreement	Write a natural, coherent English sentence.
60	14	Tracy was investigating this troubled alumnus.	Tracy was investigating these troubled alumnus.	-124.0	-124.0	-10.375	-10.375	False	False	morphology	determiner_noun_agreement	Write a natural, coherent English sentence.
61	14	These newspaper articles astound this clever child.	These newspaper articles astound these clever child.	-93.0	-93.0	-10.375	-10.375	False	False	morphology	determiner_noun_agreement	Write a natural, coherent English sentence.
62	14	Dana hadn't attacked this small man.	Dana hadn't attacked these small man.	-103.5	-103.5	-10.375	-10.375	False	False	morphology	determiner_noun_agreement	Write a natural, coherent English sentence.
63	14	Curtis wasn't breaking those hard teeth.	Curtis wasn't breaking that hard teeth.	-103.5	-103.5	-10.375	-10.375	False	False	morphology	determiner_noun_agreement	Write a natural, coherent English sentence.
64	14	All customers attack this employed alumnus.	All customers attack these employed alumnus.	-93.0	-93.0	-10.375	-10.375	False	False	morphology	determiner_noun_agreement	Write a natural, coherent English sentence.
65	14	Most ladies go to those purple oases.	Most ladies go to that purple oases.	-93.0	-93.0	-10.375	-10.375	False	False	morphology	determiner_noun_agreement	Write a natural, coherent English sentence.
66	14	A dancer tours that blue oasis.	A dancer tours those blue oasis.	-93.5	-93.0	-10.375	-10.375	False	False	morphology	determiner_noun_agreement	Write a natural, coherent English sentence.
67	14	Steven irritated this unconvinced woman.	Steven irritated these unconvinced woman.	-103.5	-104.0	-10.375	-10.375	True	False	morphology	determiner_noun_agreement	Write a natural, coherent English sentence.
68	14	Tara wasn't helping that sick man.	Tara wasn't helping those sick man.	-103.5	-104.0	-10.375	-10.375	True	False	morphology	determiner_noun_agreement	Write a natural, coherent English sentence.
69	14	The dancers aren't cleaning that smooth fungus.	The dancers aren't cleaning those smooth fungus.	-135.0	-135.0	-10.375	-10.375	False	False	morphology	determiner_noun_agreement	Write a natural, coherent English sentence.
70	14	Melissa had talked about these white theses.	Melissa had talked about this white theses.	-103.5	-103.5	-10.375	-10.375	False	False	morphology	determiner_noun_agreement	Write a natural, coherent English sentence.
71	14	The man isn't watching those upset men.	The man isn't watching that upset men.	-103.5	-103.5	-10.375	-10.375	False	False	morphology	determiner_noun_agreement	Write a natural, coherent English sentence.
72	14	Sabrina won't worry this out in the open person.	Sabrina won't worry these out in the open person.	-145.0	-145.0	-10.375	-10.375	False	False	morphology	determiner_noun_agreement	Write a natural, coherent English sentence.
73	14	Every bird embarrassed these unemployed men.	Every bird embarrassed this unemployed men.	-83.0	-83.0	-10.375	-10.375	False	False	morphology	determiner_noun_agreement	Write a natural, coherent English sentence.
74	14	The Borgias drive to that small oasis.	The Borgias drive to those small oasis.	-114.0	-114.0	-10.375	-10.375	False	False	morphology	determiner_noun_agreement	Write a natural, coherent English sentence.
75	14	Bradley likes these brown fungi.	Bradley likes this brown fungi.	-83.0	-83.0	-10.375	-10.375	False	False	morphology	determiner_noun_agreement	Write a natural, coherent English sentence.
76	14	Most guys go to that black oasis.	Most guys go to those black oasis.	-93.0	-93.0	-10.375	-10.375	False	False	morphology	determiner_noun_agreement	Write a natural, coherent English sentence.
77	14	A pedestrian hadn't approached these hopeful women.	A pedestrian hadn't approached this hopeful women.	-124.5	-124.0	-10.375	-10.375	False	False	morphology	determiner_noun_agreement	Write a natural, coherent English sentence.
78	14	Some senators aren't healing this unemployed alumnus.	Some senators aren't healing these unemployed alumnus.	-145.0	-145.0	-10.375	-10.375	False	False	morphology	determiner_noun_agreement	Write a natural, coherent English sentence.
79	14	That cart wasn't stunning these exposed men.	That cart wasn't stunning this exposed men.	-104.0	-103.5	-10.375	-10.375	False	False	morphology	determiner_noun_agreement	Write a natural, coherent English sentence.
80	14	Joel can think about this smart man.	Joel can think about these smart man.	-83.0	-83.0	-10.375	-10.375	False	False	morphology	determiner_noun_agreement	Write a natural, coherent English sentence.
81	14	Those prints disgust those good people.	Those prints disgust that good people.	-72.5	-72.5	-10.375	-10.375	False	False	morphology	determiner_noun_agreement	Write a natural, coherent English sentence.
82	14	Beverly hadn't passed these yellow oases.	Beverly hadn't passed this yellow oases.	-114.0	-114.0	-10.375	-10.375	False	False	morphology	determiner_noun_agreement	Write a natural, coherent English sentence.
83	14	A lot of prints irritate this unconvinced woman.	A lot of prints irritate these unconvinced woman.	-135.0	-135.0	-10.375	-10.375	False	False	morphology	determiner_noun_agreement	Write a natural, coherent English sentence.
84	14	Many customers hire those standing alumni.	Many customers hire that standing alumni.	-93.5	-93.5	-10.375	-10.375	False	False	morphology	determiner_noun_agreement	Write a natural, coherent English sentence.
85	14	Some rug isn't irritating that nice woman.	Some rug isn't irritating those nice woman.	-114.0	-114.0	-10.375	-10.375	False	False	morphology	determiner_noun_agreement	Write a natural, coherent English sentence.
86	14	Jill embarrassed those busy men.	Jill embarrassed that busy men.	-73.0	-73.0	-10.375	-10.375	False	False	morphology	determiner_noun_agreement	Write a natural, coherent English sentence.
87	14	Most sketches could hurt this uncertain person.	Most sketches could hurt these uncertain person.	-103.5	-104.0	-10.375	-10.375	True	False	morphology	determiner_noun_agreement	Write a natural, coherent English sentence.
88	14	Patricia lifted those purple feet.	Patricia lifted that purple feet.	-83.0	-83.0	-10.375	-10.375	False	False	morphology	determiner_noun_agreement	Write a natural, coherent English sentence.
89	14	The girls sell this hard fungus.	The girls sell these hard fungus.	-93.5	-93.0	-10.375	-10.375	False	False	morphology	determiner_noun_agreement	Write a natural, coherent English sentence.
90	14	Nicole has seen this yellow cactus.	Nicole has seen these yellow cactus.	-93.0	-93.0	-10.375	-10.375	False	False	morphology	determiner_noun_agreement	Write a natural, coherent English sentence.
91	14	Sharon could arrive at those big oases.	Sharon could arrive at that big oases.	-103.5	-103.5	-10.375	-10.375	False	False	morphology	determiner_noun_agreement	Write a natural, coherent English sentence.
92	14	This cashier can fire that good woman.	This cashier can fire those good woman.	-93.5	-93.5	-10.375	-10.375	False	False	morphology	determiner_noun_agreement	Write a natural, coherent English sentence.
93	14	Raymond left those scared children.	Raymond left that scared children.	-62.25	-62.25	-10.375	-10.375	False	False	morphology	determiner_noun_agreement	Write a natural, coherent English sentence.
94	14	Noah could discuss that clever person.	Noah could discuss those clever person.	-72.5	-72.5	-10.375	-10.375	False	False	morphology	determiner_noun_agreement	Write a natural, coherent English sentence.
95	14	Rachelle knew that concealed woman.	Rachelle knew those concealed woman.	-83.0	-83.0	-10.375	-10.375	False	False	morphology	determiner_noun_agreement	Write a natural, coherent English sentence.
96	14	Dawn hasn't cured those gray oxen.	Dawn hasn't cured that gray oxen.	-124.5	-124.5	-10.375	-10.375	False	False	morphology	determiner_noun_agreement	Write a natural, coherent English sentence.
97	14	The Great Lakes haven't disgusted those out in the open people.	The Great Lakes haven't disgusted that out in the open people.	-166.0	-166.0	-10.375	-10.375	False	False	morphology	determiner_noun_agreement	Write a natural, coherent English sentence.
98	14	Wayne doesn't exit those cheap oases.	Wayne doesn't exit that cheap oases.	-104.0	-104.0	-10.375	-10.375	False	False	morphology	determiner_noun_agreement	Write a natural, coherent English sentence.
99	14	These waitresses haven't astounded this fast woman.	These waitresses haven't astounded these fast woman.	-145.0	-145.0	-10.375	-10.375	False	False	morphology	determiner_noun_agreement	Write a natural, coherent English sentence.
100	14	Patrick hasn't lifted this out in the open cactus.	Patrick hasn't lifted these out in the open cactus.	-145.0	-145.0	-10.375	-10.375	False	False	morphology	determiner_noun_agreement	Write a natural, coherent English sentence.
101	14	Angela isn't embarrassing those excited children.	Angela isn't embarrassing that excited children.	-103.5	-103.5	-10.375	-10.375	False	False	morphology	determiner_noun_agreement	Write a natural, coherent English sentence.
102	14	Jennifer hasn't criticized this smart man.	Jennifer hasn't criticized these smart man.	-103.5	-103.5	-10.375	-10.375	False	False	morphology	determiner_noun_agreement	Write a natural, coherent English sentence.
103	14	April watched this big person.	April watched these big person.	-62.25	-62.25	-10.375	-10.375	False	False	morphology	determiner_noun_agreement	Write a natural, coherent English sentence.
104	14	Candice hadn't bothered that serious alumnus.	Candice hadn't bothered those serious alumnus.	-124.0	-124.0	-10.375	-10.375	False	False	morphology	determiner_noun_agreement	Write a natural, coherent English sentence.
105	14	The Clintons observe those happy women.	The Clintons observe that happy women.	-93.5	-93.5	-10.375	-10.375	False	False	morphology	determiner_noun_agreement	Write a natural, coherent English sentence.
106	14	The Clintons observe this excited man.	The Clintons observe these excited man.	-93.5	-93.5	-10.375	-10.375	False	False	morphology	determiner_noun_agreement	Write a natural, coherent English sentence.
107	14	Associations were listening to that unlucky child.	Associations were listening to those unlucky child.	-114.0	-114.0	-10.375	-10.375	False	False	morphology	determiner_noun_agreement	Write a natural, coherent English sentence.
108	14	Those committees discussed that busy woman.	Those committees discussed those busy woman.	-93.0	-93.5	-10.375	-10.375	True	False	morphology	determiner_noun_agreement	Write a natural, coherent English sentence.
109	14	Debra isn't discussing that good analysis.	Debra isn't discussing those good analysis.	-104.0	-104.0	-10.375	-10.375	False	False	morphology	determiner_noun_agreement	Write a natural, coherent English sentence.
110	14	The drawing distracts this lucky woman.	The drawing distracts these lucky woman.	-83.0	-83.0	-10.375	-10.375	False	False	morphology	determiner_noun_agreement	Write a natural, coherent English sentence.
111	14	Holly couldn't dislike this exposed child.	Holly couldn't dislike these exposed child.	-104.0	-104.0	-10.375	-10.375	False	False	morphology	determiner_noun_agreement	Write a natural, coherent English sentence.
112	14	Angela examines that good synopsis.	Angela examines those good synopsis.	-83.0	-83.0	-10.375	-10.375	False	False	morphology	determiner_noun_agreement	Write a natural, coherent English sentence.
113	14	These skateboards aggravate that lucky woman.	These skateboards aggravate those lucky woman.	-114.0	-114.0	-10.375	-10.375	False	False	morphology	determiner_noun_agreement	Write a natural, coherent English sentence.
114	14	Some play alarms those small women.	Some play alarms that small women.	-83.0	-83.0	-10.375	-10.375	False	False	morphology	determiner_noun_agreement	Write a natural, coherent English sentence.
115	14	Students investigate these nice men.	Students investigate this nice men.	-62.25	-62.25	-10.375	-10.375	False	False	morphology	determiner_noun_agreement	Write a natural, coherent English sentence.
116	14	Tanya wasn't shocking that busy child.	Tanya wasn't shocking those busy child.	-114.0	-114.0	-10.375	-10.375	False	False	morphology	determiner_noun_agreement	Write a natural, coherent English sentence.
117	14	Brett has boasted about this nice person.	Brett has boasted about these nice person.	-103.5	-103.5	-10.375	-10.375	False	False	morphology	determiner_noun_agreement	Write a natural, coherent English sentence.
118	14	Jennifer described that hidden woman.	Jennifer described those hidden woman.	-62.25	-62.5	-10.375	-10.375	True	False	morphology	determiner_noun_agreement	Write a natural, coherent English sentence.
119	14	Winston Churchill passed these red oases.	Winston Churchill passed this red oases.	-103.5	-103.5	-10.375	-10.375	False	False	morphology	determiner_noun_agreement	Write a natural, coherent English sentence.
120	14	Some mirror could scare this nice woman.	Some mirror could scare these nice woman.	-93.5	-93.5	-10.375	-10.375	False	False	morphology	determiner_noun_agreement	Write a natural, coherent English sentence.
121	14	Caroline hadn't fired that scared alumnus.	Caroline hadn't fired those scared alumnus.	-114.0	-114.0	-10.375	-10.375	False	False	morphology	determiner_noun_agreement	Write a natural, coherent English sentence.
122	14	Edward wasn't referencing that displeased woman.	Edward wasn't referencing those displeased woman.	-124.5	-124.5	-10.375	-10.375	False	False	morphology	determiner_noun_agreement	Write a natural, coherent English sentence.
123	14	Many teachers clean these cheap teeth.	Many teachers clean this cheap teeth.	-72.5	-72.5	-10.375	-10.375	False	False	morphology	determiner_noun_agreement	Write a natural, coherent English sentence.
124	14	Wayne might remember these new oases.	Wayne might remember this new oases.	-83.0	-83.0	-10.375	-10.375	False	False	morphology	determiner_noun_agreement	Write a natural, coherent English sentence.
125	14	Some high school alarms this determined man.	Some high school alarms these determined man.	-93.5	-93.5	-10.375	-10.375	False	False	morphology	determiner_noun_agreement	Write a natural, coherent English sentence.
126	14	Vincent had returned to these out in the open oases.	Vincent had returned to this out in the open oases.	-124.0	-124.0	-10.375	-10.375	False	False	morphology	determiner_noun_agreement	Write a natural, coherent English sentence.
127	14	Marla hired this standing child.	Marla hired these standing child.	-72.5	-72.5	-10.375	-10.375	False	False	morphology	determiner_noun_agreement	Write a natural, coherent English sentence.
128	14	Some cucumber has upset those ill men.	Some cucumber has upset that ill men.	-103.5	-103.5	-10.375	-10.375	False	False	morphology	determiner_noun_agreement	Write a natural, coherent English sentence.
129	14	Russell hasn't kissed this content man.	Russell hasn't kissed these content man.	-93.5	-93.5	-10.375	-10.375	False	False	morphology	determiner_noun_agreement	Write a natural, coherent English sentence.
130	14	Guy has left this determined man.	Guy has left these determined man.	-72.5	-72.5	-10.375	-10.375	False	False	morphology	determiner_noun_agreement	Write a natural, coherent English sentence.
131	14	The Lutherans listen to these employed women.	The Lutherans listen to this employed women.	-93.5	-93.5	-10.375	-10.375	False	False	morphology	determiner_noun_agreement	Write a natural, coherent English sentence.
132	14	Candice disliked these bad analyses.	Candice disliked this bad analyses.	-103.5	-103.5	-10.375	-10.375	False	False	morphology	determiner_noun_agreement	Write a natural, coherent English sentence.
133	14	Many women heal these lost geese.	Many women heal this lost geese.	-83.0	-83.0	-10.375	-10.375	False	False	morphology	determiner_noun_agreement	Write a natural, coherent English sentence.
134	14	Wayne has remembered these smart people.	Wayne has remembered this smart people.	-73.0	-73.0	-10.375	-10.375	False	False	morphology	determiner_noun_agreement	Write a natural, coherent English sentence.
135	14	This teenager had dropped by these white oases.	This teenager had dropped by this white oases.	-103.5	-103.5	-10.375	-10.375	False	False	morphology	determiner_noun_agreement	Write a natural, coherent English sentence.
136	14	Eva has exited those smooth oases.	Eva has exited that smooth oases.	-93.5	-93.0	-10.375	-10.375	False	False	morphology	determiner_noun_agreement	Write a natural, coherent English sentence.
137	14	Cheryl wouldn't aggravate that bad person.	Cheryl wouldn't aggravate those bad person.	-124.5	-124.0	-10.375	-10.375	False	False	morphology	determiner_noun_agreement	Write a natural, coherent English sentence.
138	14	Katherine hadn't shocked those young children.	Katherine hadn't shocked that young children.	-103.5	-103.5	-10.375	-10.375	False	False	morphology	determiner_noun_agreement	Write a natural, coherent English sentence.
139	14	The student loves these troubled people.	The student loves this troubled people.	-83.0	-83.0	-10.375	-10.375	False	False	morphology	determiner_noun_agreement	Write a natural, coherent English sentence.
140	14	Tracy cared for those smart alumni.	Tracy cared for that smart alumni.	-103.5	-103.5	-10.375	-10.375	False	False	morphology	determiner_noun_agreement	Write a natural, coherent English sentence.
141	14	Guys return to these small oases.	Guys return to this small oases.	-93.0	-93.0	-10.375	-10.375	False	False	morphology	determiner_noun_agreement	Write a natural, coherent English sentence.
142	14	Marcus won't bike to this white oasis.	Marcus won't bike to these white oasis.	-114.0	-114.0	-10.375	-10.375	False	False	morphology	determiner_noun_agreement	Write a natural, coherent English sentence.
143	14	Eggplants impressed these unconvinced alumni.	Eggplants impressed this unconvinced alumni.	-145.0	-145.0	-10.375	-10.375	False	False	morphology	determiner_noun_agreement	Write a natural, coherent English sentence.
144	14	A turtle has bored those troubled children.	A turtle has bored that troubled children.	-114.0	-114.0	-10.375	-10.375	False	False	morphology	determiner_noun_agreement	Write a natural, coherent English sentence.
145	14	The adults were taking those old teeth.	The adults were taking that old teeth.	-83.0	-83.0	-10.375	-10.375	False	False	morphology	determiner_noun_agreement	Write a natural, coherent English sentence.
146	14	Alan wasn't returning to those blue oases.	Alan wasn't returning to that blue oases.	-114.0	-114.0	-10.375	-10.375	False	False	morphology	determiner_noun_agreement	Write a natural, coherent English sentence.
147	14	Theodore had lifted this rough cactus.	Theodore had lifted these rough cactus.	-103.5	-103.5	-10.375	-10.375	False	False	morphology	determiner_noun_agreement	Write a natural, coherent English sentence.
148	14	Joel isn't praising those good synopses.	Joel isn't praising that good synopses.	-124.5	-124.5	-10.375	-10.375	False	False	morphology	determiner_noun_agreement	Write a natural, coherent English sentence.
149	14	The pedestrian knows these standing women.	The pedestrian knows this standing women.	-83.0	-83.0	-10.375	-10.375	False	False	morphology	determiner_noun_agreement	Write a natural, coherent English sentence.
150	14	Some museums forget that good analysis.	Some museums forget those good analysis.	-83.0	-83.0	-10.375	-10.375	False	False	morphology	determiner_noun_agreement	Write a natural, coherent English sentence.
151	14	The Clintons might clean that lost fungus.	The Clintons might clean those lost fungus.	-124.5	-124.5	-10.375	-10.375	False	False	morphology	determiner_noun_agreement	Write a natural, coherent English sentence.
152	14	Mary is bothering these out in the open children.	Mary is bothering this out in the open children.	-114.0	-114.0	-10.375	-10.375	False	False	morphology	determiner_noun_agreement	Write a natural, coherent English sentence.
153	14	Many customers sell that lost ox.	Many customers sell those lost ox.	-72.5	-72.5	-10.375	-10.375	False	False	morphology	determiner_noun_agreement	Write a natural, coherent English sentence.
154	14	These waitresses praise these troubled men.	These waitresses praise this troubled men.	-103.5	-103.5	-10.375	-10.3125	False	False	morphology	determiner_noun_agreement	Write a natural, coherent English sentence.
155	14	Many men didn't admire that nice person.	Many men didn't admire those nice person.	-114.0	-114.0	-10.375	-10.375	False	False	morphology	determiner_noun_agreement	Write a natural, coherent English sentence.
156	14	Jesus ran around this exposed oasis.	Jesus ran around these exposed oasis.	-83.0	-83.0	-10.375	-10.375	False	False	morphology	determiner_noun_agreement	Write a natural, coherent English sentence.
157	14	Many customers talk about that delighted child.	Many customers talk about those delighted child.	-83.0	-83.0	-10.375	-10.375	False	False	morphology	determiner_noun_agreement	Write a natural, coherent English sentence.
158	14	Drawings had disgusted this small woman.	Drawings had disgusted these small woman.	-93.0	-93.0	-10.375	-10.375	False	False	morphology	determiner_noun_agreement	Write a natural, coherent English sentence.
159	14	Colleen did care for that good man.	Colleen did care for those good man.	-93.5	-93.5	-10.375	-10.375	False	False	morphology	determiner_noun_agreement	Write a natural, coherent English sentence.
160	14	Marcus admired those exposed geese.	Marcus admired that exposed geese.	-83.0	-83.0	-10.375	-10.375	False	False	morphology	determiner_noun_agreement	Write a natural, coherent English sentence.
161	14	Randolf has noticed this clean foot.	Randolf has noticed these clean foot.	-83.0	-83.0	-10.375	-10.375	False	False	morphology	determiner_noun_agreement	Write a natural, coherent English sentence.
162	14	Craig could listen to that determined man.	Craig could listen to those determined man.	-83.0	-83.0	-10.375	-10.375	False	False	morphology	determiner_noun_agreement	Write a natural, coherent English sentence.
163	14	Movies stunned this small man.	Movies stunned these small man.	-83.0	-83.0	-10.375	-10.375	False	False	morphology	determiner_noun_agreement	Write a natural, coherent English sentence.
164	14	Timothy buys this rough ox.	Timothy buys these rough ox.	-83.0	-83.0	-10.375	-10.375	False	False	morphology	determiner_noun_agreement	Write a natural, coherent English sentence.
165	14	Some women go to those red oases.	Some women go to that red oases.	-93.0	-93.0	-10.375	-10.375	False	False	morphology	determiner_noun_agreement	Write a natural, coherent English sentence.
166	14	Ruth fixed this clean tooth.	Ruth fixed these clean tooth.	-62.25	-62.25	-10.375	-10.375	False	False	morphology	determiner_noun_agreement	Write a natural, coherent English sentence.
167	14	Monica is boring those clever men.	Monica is boring that clever men.	-83.0	-83.0	-10.375	-10.375	False	False	morphology	determiner_noun_agreement	Write a natural, coherent English sentence.
168	14	Janice knows these hidden alumni.	Janice knows this hidden alumni.	-93.5	-93.0	-10.375	-10.375	False	False	morphology	determiner_noun_agreement	Write a natural, coherent English sentence.
169	14	Spain insults this delighted alumnus.	Spain insults these delighted alumnus.	-93.5	-93.0	-10.375	-10.375	False	False	morphology	determiner_noun_agreement	Write a natural, coherent English sentence.
170	14	Some planes bore that displeased child.	Some planes bore those displeased child.	-93.5	-93.5	-10.375	-10.375	False	False	morphology	determiner_noun_agreement	Write a natural, coherent English sentence.
171	14	Dishes should upset these happy men.	Dishes should upset this happy men.	-83.0	-83.0	-10.375	-10.375	False	False	morphology	determiner_noun_agreement	Write a natural, coherent English sentence.
172	14	That painting looked like these yellow stimuli.	That painting looked like this yellow stimuli.	-93.5	-93.0	-10.375	-10.375	False	False	morphology	determiner_noun_agreement	Write a natural, coherent English sentence.
173	14	Amy shocked that content man.	Amy shocked those content man.	-62.5	-62.5	-10.375	-10.375	False	False	morphology	determiner_noun_agreement	Write a natural, coherent English sentence.
174	14	Melinda hasn't hidden this determined woman.	Melinda hasn't hidden these determined woman.	-103.5	-103.5	-10.375	-10.375	False	False	morphology	determiner_noun_agreement	Write a natural, coherent English sentence.
175	14	Caroline did drive to this brown oasis.	Caroline did drive to these brown oasis.	-93.0	-93.0	-10.375	-10.375	False	False	morphology	determiner_noun_agreement	Write a natural, coherent English sentence.
176	14	That rice disturbed those smart alumni.	That rice disturbed that smart alumni.	-103.5	-103.5	-10.375	-10.375	False	False	morphology	determiner_noun_agreement	Write a natural, coherent English sentence.
177	14	Brian will examine these long analyses.	Brian will examine this long analyses.	-83.0	-83.0	-10.375	-10.375	False	False	morphology	determiner_noun_agreement	Write a natural, coherent English sentence.
178	14	Mark dislikes this uncertain child.	Mark dislikes these uncertain child.	-83.0	-83.0	-10.375	-10.375	False	False	morphology	determiner_noun_agreement	Write a natural, coherent English sentence.
179	14	Rose was returning to these out in the open children.	Rose was returning to this out in the open children.	-114.0	-114.0	-10.375	-10.375	False	False	morphology	determiner_noun_agreement	Write a natural, coherent English sentence.
180	14	The guest has fixed this red tooth.	The guest has fixed these red tooth.	-83.0	-83.0	-10.375	-10.375	False	False	morphology	determiner_noun_agreement	Write a natural, coherent English sentence.
181	14	Jennifer is breaking this big tooth.	Jennifer is breaking these big tooth.	-72.5	-72.5	-10.375	-10.375	False	False	morphology	determiner_noun_agreement	Write a natural, coherent English sentence.
182	14	Sabrina isn't referencing these red theses.	Sabrina isn't referencing this red theses.	-135.0	-135.0	-10.375	-10.375	False	False	morphology	determiner_noun_agreement	Write a natural, coherent English sentence.
183	14	Valerie hadn't exited that exposed oasis.	Valerie hadn't exited those exposed oasis.	-124.0	-124.0	-10.375	-10.375	False	False	morphology	determiner_noun_agreement	Write a natural, coherent English sentence.
184	14	Every restaurant had worried this hidden child.	Every restaurant had worried these hidden child.	-83.0	-83.0	-10.375	-10.375	False	False	morphology	determiner_noun_agreement	Write a natural, coherent English sentence.
185	14	A woman was examining those long synopses.	A woman was examining that long synopses.	-114.0	-114.0	-10.375	-10.375	False	False	morphology	determiner_noun_agreement	Write a natural, coherent English sentence.
186	14	All actresses approach that content man.	All actresses approach those content man.	-83.0	-83.0	-10.375	-10.375	False	False	morphology	determiner_noun_agreement	Write a natural, coherent English sentence.
187	14	Sarah cleaned those yellow feet.	Sarah cleaned that yellow feet.	-62.25	-62.25	-10.375	-10.375	False	False	morphology	determiner_noun_agreement	Write a natural, coherent English sentence.
188	14	Margaret tours those black oases.	Margaret tours that black oases.	-72.5	-72.5	-10.375	-10.375	False	False	morphology	determiner_noun_agreement	Write a natural, coherent English sentence.
189	14	Rachel wasn't messing up this clean foot.	Rachel wasn't messing up these clean foot.	-114.0	-114.0	-10.375	-10.375	False	False	morphology	determiner_noun_agreement	Write a natural, coherent English sentence.
190	14	The Lutherans go to that old oasis.	The Lutherans go to those old oasis.	-103.5	-103.5	-10.375	-10.375	False	False	morphology	determiner_noun_agreement	Write a natural, coherent English sentence.
191	14	The lamps shock those hidden alumni.	The lamps shock that hidden alumni.	-104.0	-104.0	-10.375	-10.375	False	False	morphology	determiner_noun_agreement	Write a natural, coherent English sentence.
192	14	Claire conceals those small stimuli.	Claire conceals that small stimuli.	-83.0	-83.0	-10.375	-10.375	False	False	morphology	determiner_noun_agreement	Write a natural, coherent English sentence.
193	14	Most documentaries annoy that busy person.	Most documentaries annoy those busy person.	-83.0	-83.0	-10.375	-10.375	False	False	morphology	determiner_noun_agreement	Write a natural, coherent English sentence.
194	14	Pamela shouldn't return to those exposed men.	Pamela shouldn't return to that exposed men.	-114.0	-114.0	-10.375	-10.375	False	False	morphology	determiner_noun_agreement	Write a natural, coherent English sentence.
195	14	That person couldn't arrive at that purple oasis.	That person couldn't arrive at those purple oasis.	-124.0	-124.0	-10.375	-10.375	False	False	morphology	determiner_noun_agreement	Write a natural, coherent English sentence.
196	14	Alicia won't admire those big nuclei.	Alicia won't admire that big nuclei.	-135.0	-135.0	-10.375	-10.375	False	False	morphology	determiner_noun_agreement	Write a natural, coherent English sentence.
197	14	Curtis arrived at that red oasis.	Curtis arrived at those red oasis.	-93.0	-93.0	-10.375	-10.375	False	False	morphology	determiner_noun_agreement	Write a natural, coherent English sentence.
198	14	People investigate that smart man.	People investigate those smart man.	-62.25	-62.25	-10.375	-10.375	False	False	morphology	determiner_noun_agreement	Write a natural, coherent English sentence.
199	14	Some boys hire these content alumni.	Some boys hire this content alumni.	-93.0	-93.5	-10.375	-10.375	True	False	morphology	determiner_noun_agreement	Write a natural, coherent English sentence.
200	14	Leslie found these brown feet.	Leslie found this brown feet.	-72.5	-72.5	-10.375	-10.375	False	False	morphology	determiner_noun_agreement	Write a natural, coherent English sentence.
201	14	Alexander was firing that displeased woman.	Alexander was firing those displeased woman.	-93.5	-93.5	-10.375	-10.375	False	False	morphology	determiner_noun_agreement	Write a natural, coherent English sentence.
202	14	Florence hasn't argued about those confident children.	Florence hasn't argued about that confident children.	-104.0	-103.5	-10.375	-10.375	False	False	morphology	determiner_noun_agreement	Write a natural, coherent English sentence.
203	14	That adult hadn't complained about that exposed man.	That adult hadn't complained about those exposed man.	-114.0	-114.0	-10.375	-10.375	False	False	morphology	determiner_noun_agreement	Write a natural, coherent English sentence.
204	14	Larry works with these scared women.	Larry works with this scared women.	-72.5	-73.0	-10.375	-10.375	True	False	morphology	determiner_noun_agreement	Write a natural, coherent English sentence.
205	14	Kathleen leaves this old child.	Kathleen leaves these old child.	-72.5	-72.5	-10.375	-10.375	False	False	morphology	determiner_noun_agreement	Write a natural, coherent English sentence.
206	14	The actresses weren't watching these scared people.	The actresses weren't watching this scared people.	-114.0	-114.0	-10.375	-10.375	False	False	morphology	determiner_noun_agreement	Write a natural, coherent English sentence.
207	14	Derek isn't escaping from these blue oases.	Derek isn't escaping from this blue oases.	-135.0	-135.0	-10.375	-10.375	False	False	morphology	determiner_noun_agreement	Write a natural, coherent English sentence.
208	14	Naomi isn't talking about that cheap oasis.	Naomi isn't talking about those cheap oasis.	-124.5	-124.0	-10.375	-10.375	False	False	morphology	determiner_noun_agreement	Write a natural, coherent English sentence.
209	14	These guests hate these troubled men.	These guests hate this troubled men.	-83.0	-83.0	-10.375	-10.375	False	False	morphology	determiner_noun_agreement	Write a natural, coherent English sentence.
210	14	Patricia wasn't hiring those small children.	Patricia wasn't hiring that small children.	-114.0	-114.0	-10.375	-10.375	False	False	morphology	determiner_noun_agreement	Write a natural, coherent English sentence.
211	14	All stairs weren't alarming that lucky woman.	All stairs weren't alarming those lucky woman.	-114.0	-114.0	-10.375	-10.375	False	False	morphology	determiner_noun_agreement	Write a natural, coherent English sentence.
212	14	Many drivers left that confident alumnus.	Many drivers left those confident alumnus.	-93.0	-93.5	-10.375	-10.375	True	False	morphology	determiner_noun_agreement	Write a natural, coherent English sentence.
213	14	Every skirt disgusts these smart children.	Every skirt disgusts this smart children.	-83.0	-83.0	-10.375	-10.375	False	False	morphology	determiner_noun_agreement	Write a natural, coherent English sentence.
214	14	Valerie has astounded that lost alumnus.	Valerie has astounded those lost alumnus.	-124.0	-124.0	-10.375	-10.375	False	False	morphology	determiner_noun_agreement	Write a natural, coherent English sentence.
215	14	Sonia should describe this determined child.	Sonia should describe these determined child.	-83.0	-83.0	-10.375	-10.375	False	False	morphology	determiner_noun_agreement	Write a natural, coherent English sentence.
216	14	A lot of lakes weren't disgusting that old person.	A lot of lakes weren't disgusting those old person.	-145.0	-145.0	-10.375	-10.375	False	False	morphology	determiner_noun_agreement	Write a natural, coherent English sentence.
217	14	Some pants hadn't aggravated that good woman.	Some pants hadn't aggravated those good woman.	-124.5	-124.5	-10.375	-10.375	False	False	morphology	determiner_noun_agreement	Write a natural, coherent English sentence.
218	14	Anne does return to that old woman.	Anne does return to those old woman.	-83.0	-83.0	-10.375	-10.375	False	False	morphology	determiner_noun_agreement	Write a natural, coherent English sentence.
219	14	Alan wasn't listening to that delighted person.	Alan wasn't listening to those delighted person.	-103.5	-103.5	-10.375	-10.375	False	False	morphology	determiner_noun_agreement	Write a natural, coherent English sentence.
220	14	Some icicles annoy those serious alumni.	Some icicles annoy that serious alumni.	-103.5	-104.0	-10.375	-10.375	True	False	morphology	determiner_noun_agreement	Write a natural, coherent English sentence.
221	14	Many women won't scare those uncertain men.	Many women won't scare that uncertain men.	-114.0	-114.0	-10.375	-10.375	False	False	morphology	determiner_noun_agreement	Write a natural, coherent English sentence.
222	14	Science disgusts this unconvinced alumnus.	Science disgusts these unconvinced alumnus.	-124.0	-124.0	-10.375	-10.375	False	False	morphology	determiner_noun_agreement	Write a natural, coherent English sentence.
223	14	Connie tours these rough oases.	Connie tours this rough oases.	-83.0	-83.0	-10.375	-10.375	False	False	morphology	determiner_noun_agreement	Write a natural, coherent English sentence.
224	14	Those banks were talking about this lost thesis.	Those banks were talking about these lost thesis.	-93.5	-93.0	-10.375	-10.375	False	False	morphology	determiner_noun_agreement	Write a natural, coherent English sentence.
225	14	Some prints didn't look like this rough louse.	Some prints didn't look like these rough louse.	-124.5	-124.5	-10.375	-10.375	False	False	morphology	determiner_noun_agreement	Write a natural, coherent English sentence.
226	14	All pedestrians like those rough theses.	All pedestrians like that rough theses.	-103.5	-103.5	-10.375	-10.375	False	False	morphology	determiner_noun_agreement	Write a natural, coherent English sentence.
227	14	Douglas saw that black fungus.	Douglas saw those black fungus.	-83.0	-83.0	-10.375	-10.375	False	False	morphology	determiner_noun_agreement	Write a natural, coherent English sentence.
228	14	Sarah examined that bad analysis.	Sarah examined those bad analysis.	-62.25	-62.25	-10.375	-10.375	False	False	morphology	determiner_noun_agreement	Write a natural, coherent English sentence.
229	14	An actress researches this long thesis.	An actress researches these long thesis.	-103.5	-103.5	-10.375	-10.375	False	False	morphology	determiner_noun_agreement	Write a natural, coherent English sentence.
230	14	Those waitresses criticize this hidden child.	Those waitresses criticize these hidden child.	-103.5	-103.5	-10.375	-10.375	False	False	morphology	determiner_noun_agreement	Write a natural, coherent English sentence.
231	14	Most drivers question these upset alumni.	Most drivers question this upset alumni.	-93.0	-93.5	-10.375	-10.375	True	False	morphology	determiner_noun_agreement	Write a natural, coherent English sentence.
232	14	Phillip isn't working with these small women.	Phillip isn't working with this small women.	-114.0	-114.0	-10.375	-10.375	False	False	morphology	determiner_noun_agreement	Write a natural, coherent English sentence.
233	14	Jennifer can't aggravate that unlucky man.	Jennifer can't aggravate those unlucky man.	-135.0	-135.0	-10.375	-10.375	False	False	morphology	determiner_noun_agreement	Write a natural, coherent English sentence.
234	14	Essays confuse this good woman.	Essays confuse these good woman.	-83.0	-83.0	-10.375	-10.375	False	False	morphology	determiner_noun_agreement	Write a natural, coherent English sentence.
235	14	Amelia has forgotten those bad analyses.	Amelia has forgotten that bad analyses.	-93.5	-93.0	-10.375	-10.375	False	False	morphology	determiner_noun_agreement	Write a natural, coherent English sentence.
236	14	Michael had explored this brown oasis.	Michael had explored these brown oasis.	-83.0	-83.0	-10.375	-10.375	False	False	morphology	determiner_noun_agreement	Write a natural, coherent English sentence.
237	14	Natalie can aggravate those smart men.	Natalie can aggravate that smart men.	-103.5	-103.5	-10.375	-10.375	False	False	morphology	determiner_noun_agreement	Write a natural, coherent English sentence.
238	14	That patient won't go to these cheap oases.	That patient won't go to this cheap oases.	-124.5	-124.5	-10.375	-10.375	False	False	morphology	determiner_noun_agreement	Write a natural, coherent English sentence.
239	14	Heidi had discovered those black feet.	Heidi had discovered that black feet.	-83.0	-83.0	-10.375	-10.375	False	False	morphology	determiner_noun_agreement	Write a natural, coherent English sentence.
240	14	David hadn't watched those determined men.	David hadn't watched that determined men.	-93.5	-93.5	-10.375	-10.375	False	False	morphology	determiner_noun_agreement	Write a natural, coherent English sentence.
241	14	Some teenager couldn't walk through these green oases.	Some teenager couldn't walk through this green oases.	-124.0	-124.0	-10.375	-10.375	False	False	morphology	determiner_noun_agreement	Write a natural, coherent English sentence.
242	14	Christina shouldn't sell this hard oasis.	Christina shouldn't sell these hard oasis.	-114.0	-114.0	-10.375	-10.375	False	False	morphology	determiner_noun_agreement	Write a natural, coherent English sentence.
243	14	Christopher isn't firing those sick men.	Christopher isn't firing that sick men.	-93.5	-93.5	-10.375	-10.375	False	False	morphology	determiner_noun_agreement	Write a natural, coherent English sentence.
244	14	Most students hide that yellow mouse.	Most students hide those yellow mouse.	-72.5	-72.5	-10.375	-10.375	False	False	morphology	determiner_noun_agreement	Write a natural, coherent English sentence.
245	14	Holly did buy those clean feet.	Holly did buy that clean feet.	-72.5	-72.5	-10.375	-10.375	False	False	morphology	determiner_noun_agreement	Write a natural, coherent English sentence.
246	14	Many actors clean these brown theses.	Many actors clean this brown theses.	-83.0	-83.0	-10.375	-10.375	False	False	morphology	determiner_noun_agreement	Write a natural, coherent English sentence.
247	14	Stacy would hide those lost lice.	Stacy would hide that lost lice.	-93.5	-93.5	-10.375	-10.375	False	False	morphology	determiner_noun_agreement	Write a natural, coherent English sentence.
248	14	Alan drove to that new oasis.	Alan drove to those new oasis.	-82.5	-82.5	-10.3125	-10.3125	False	False	morphology	determiner_noun_agreement	Write a natural, coherent English sentence.
249	14	The Impressionists tour this purple oasis.	The Impressionists tour these purple oasis.	-103.5	-103.5	-10.375	-10.375	False	False	morphology	determiner_noun_agreement	Write a natural, coherent English sentence.
250	14	Wayne is talking to this hidden woman.	Wayne is talking to these hidden woman.	-83.0	-83.0	-10.375	-10.375	False	False	morphology	determiner_noun_agreement	Write a natural, coherent English sentence.
251	14	Christopher forgets this happy child.	Christopher forgets these happy child.	-72.5	-72.5	-10.375	-10.375	False	False	morphology	determiner_noun_agreement	Write a natural, coherent English sentence.
252	14	Julie can boycott those cheap oases.	Julie can boycott that cheap oases.	-93.0	-93.0	-10.375	-10.375	False	False	morphology	determiner_noun_agreement	Write a natural, coherent English sentence.
253	14	Most senators dislike these bad theses.	Most senators dislike this bad theses.	-104.0	-104.0	-10.375	-10.375	False	False	morphology	determiner_noun_agreement	Write a natural, coherent English sentence.
254	14	Denise concealed this content person.	Denise concealed these content person.	-83.0	-83.0	-10.375	-10.375	False	False	morphology	determiner_noun_agreement	Write a natural, coherent English sentence.
255	14	Some bike shocks these nice women.	Some bike shocks this nice women.	-83.0	-83.0	-10.375	-10.375	False	False	morphology	determiner_noun_agreement	Write a natural, coherent English sentence.
256	14	These teenagers fix those hidden feet.	These teenagers fix that hidden feet.	-82.5	-82.5	-10.3125	-10.3125	False	False	morphology	determiner_noun_agreement	Write a natural, coherent English sentence.
257	14	Ella praised that ill woman.	Ella praised those ill woman.	-72.5	-72.5	-10.375	-10.375	False	False	morphology	determiner_noun_agreement	Write a natural, coherent English sentence.
258	14	Current events stun these lost people.	Current events stun this lost people.	-83.0	-83.0	-10.375	-10.375	False	False	morphology	determiner_noun_agreement	Write a natural, coherent English sentence.
259	14	Mary tours this gray oasis.	Mary tours these gray oasis.	-72.5	-72.5	-10.375	-10.375	False	False	morphology	determiner_noun_agreement	Write a natural, coherent English sentence.
260	14	Linda visited those unsure men.	Linda visited that unsure men.	-73.0	-72.5	-10.375	-10.375	False	False	morphology	determiner_noun_agreement	Write a natural, coherent English sentence.
261	14	Dan wouldn't boycott that smooth oasis.	Dan wouldn't boycott those smooth oasis.	-114.0	-114.0	-10.375	-10.375	False	False	morphology	determiner_noun_agreement	Write a natural, coherent English sentence.
262	14	Those men leave that brown oasis.	Those men leave those brown oasis.	-83.0	-83.0	-10.375	-10.375	False	False	morphology	determiner_noun_agreement	Write a natural, coherent English sentence.
263	14	Lissa does pass these black oases.	Lissa does pass this black oases.	-93.0	-93.0	-10.375	-10.375	False	False	morphology	determiner_noun_agreement	Write a natural, coherent English sentence.
264	14	Alice had embarrassed this happy man.	Alice had embarrassed these happy man.	-72.5	-72.5	-10.375	-10.375	False	False	morphology	determiner_noun_agreement	Write a natural, coherent English sentence.
265	14	Wayne is worrying that hopeful child.	Wayne is worrying those hopeful child.	-83.0	-83.0	-10.375	-10.375	False	False	morphology	determiner_noun_agreement	Write a natural, coherent English sentence.
266	14	Lucille is biking to that green oasis.	Lucille is biking to those green oasis.	-114.0	-114.0	-10.375	-10.375	False	False	morphology	determiner_noun_agreement	Write a natural, coherent English sentence.
267	14	Katherine hadn't skated around this white oasis.	Katherine hadn't skated around these white oasis.	-135.0	-135.0	-10.375	-10.375	False	False	morphology	determiner_noun_agreement	Write a natural, coherent English sentence.
268	14	James observed this hopeful child.	James observed these hopeful child.	-72.5	-72.5	-10.375	-10.375	False	False	morphology	determiner_noun_agreement	Write a natural, coherent English sentence.
269	14	Gerald liked this big child.	Gerald liked these big child.	-72.5	-72.5	-10.375	-10.375	False	False	morphology	determiner_noun_agreement	Write a natural, coherent English sentence.
270	14	That committee wasn't hiring this displeased alumnus.	That committee wasn't hiring these displeased alumnus.	-145.0	-145.0	-10.375	-10.375	False	False	morphology	determiner_noun_agreement	Write a natural, coherent English sentence.
271	14	Gary isn't breaking that white tooth.	Gary isn't breaking those white tooth.	-93.5	-93.5	-10.375	-10.375	False	False	morphology	determiner_noun_agreement	Write a natural, coherent English sentence.
272	14	Walter hasn't seen those content children.	Walter hasn't seen that content children.	-93.5	-93.5	-10.375	-10.375	False	False	morphology	determiner_noun_agreement	Write a natural, coherent English sentence.
273	14	Martha didn't clean these hidden teeth.	Martha didn't clean this hidden teeth.	-93.0	-93.0	-10.375	-10.375	False	False	morphology	determiner_noun_agreement	Write a natural, coherent English sentence.
274	14	These teachers are returning to those lost men.	These teachers are returning to that lost men.	-93.5	-93.0	-10.375	-10.375	False	False	morphology	determiner_noun_agreement	Write a natural, coherent English sentence.
275	14	Ellen hadn't boycotted that hidden oasis.	Ellen hadn't boycotted those hidden oasis.	-124.5	-124.5	-10.375	-10.375	False	False	morphology	determiner_noun_agreement	Write a natural, coherent English sentence.
276	14	Some patients drive to these brown oases.	Some patients drive to this brown oases.	-93.0	-93.0	-10.375	-10.375	False	False	morphology	determiner_noun_agreement	Write a natural, coherent English sentence.
277	14	Nina wasn't referencing this ill person.	Nina wasn't referencing these ill person.	-103.5	-103.5	-10.375	-10.375	False	False	morphology	determiner_noun_agreement	Write a natural, coherent English sentence.
278	14	Denise praises these fast children.	Denise praises this fast children.	-83.0	-83.0	-10.375	-10.375	False	False	morphology	determiner_noun_agreement	Write a natural, coherent English sentence.
279	14	Most customers attack that clever man.	Most customers attack those clever man.	-72.5	-72.5	-10.375	-10.375	False	False	morphology	determiner_noun_agreement	Write a natural, coherent English sentence.
280	14	Every photograph looks like those exposed people.	Every photograph looks like that exposed people.	-83.0	-83.0	-10.375	-10.375	False	False	morphology	determiner_noun_agreement	Write a natural, coherent English sentence.
281	14	Cindy shouldn't cure that confident alumnus.	Cindy shouldn't cure those confident alumnus.	-135.0	-135.0	-10.375	-10.375	False	False	morphology	determiner_noun_agreement	Write a natural, coherent English sentence.
282	14	The Borgias reveal these blue feet.	The Borgias reveal this blue feet.	-93.5	-93.5	-10.375	-10.375	False	False	morphology	determiner_noun_agreement	Write a natural, coherent English sentence.
283	14	Ella lifts these exposed fungi.	Ella lifts this exposed fungi.	-93.0	-93.0	-10.375	-10.375	False	False	morphology	determiner_noun_agreement	Write a natural, coherent English sentence.
284	14	The Lutherans astound that unsure person.	The Lutherans astound those unsure person.	-103.5	-103.5	-10.375	-10.375	False	False	morphology	determiner_noun_agreement	Write a natural, coherent English sentence.
285	14	These cakes bore that determined woman.	These cakes bore those determined woman.	-83.0	-83.0	-10.375	-10.375	False	False	morphology	determiner_noun_agreement	Write a natural, coherent English sentence.
286	14	Nina lifts this orange cactus.	Nina lifts these orange cactus.	-93.0	-93.0	-10.375	-10.375	False	False	morphology	determiner_noun_agreement	Write a natural, coherent English sentence.
287	14	The actors kiss these unconvinced children.	The actors kiss this unconvinced children.	-103.5	-103.5	-10.375	-10.375	False	False	morphology	determiner_noun_agreement	Write a natural, coherent English sentence.
288	14	Sharon dislikes that brown thesis.	Sharon dislikes those brown thesis.	-93.5	-93.5	-10.375	-10.375	False	False	morphology	determiner_noun_agreement	Write a natural, coherent English sentence.
289	14	The customers sell these rough fungi.	The customers sell this rough fungi.	-83.0	-83.0	-10.375	-10.375	False	False	morphology	determiner_noun_agreement	Write a natural, coherent English sentence.
290	14	Janice didn't cure those employed men.	Janice didn't cure that employed men.	-104.0	-104.0	-10.375	-10.375	False	False	morphology	determiner_noun_agreement	Write a natural, coherent English sentence.
291	14	Paula left this uncertain person.	Paula left these uncertain person.	-72.5	-72.5	-10.375	-10.375	False	False	morphology	determiner_noun_agreement	Write a natural, coherent English sentence.
292	14	Those guys had escaped from those employed children.	Those guys had escaped from that employed children.	-93.5	-93.5	-10.375	-10.375	False	False	morphology	determiner_noun_agreement	Write a natural, coherent English sentence.
293	14	Christine wasn't touring that old oasis.	Christine wasn't touring those old oasis.	-124.5	-124.0	-10.375	-10.375	False	False	morphology	determiner_noun_agreement	Write a natural, coherent English sentence.
294	14	These waitresses praise this rough thesis.	These waitresses praise these rough thesis.	-93.0	-93.0	-10.375	-10.375	False	False	morphology	determiner_noun_agreement	Write a natural, coherent English sentence.
295	14	Some girls hadn't passed this concealed oasis.	Some girls hadn't passed these concealed oasis.	-124.5	-124.5	-10.375	-10.375	False	False	morphology	determiner_noun_agreement	Write a natural, coherent English sentence.
296	14	Andrea lifts these small cacti.	Andrea lifts this small cacti.	-93.5	-93.5	-10.375	-10.375	False	False	morphology	determiner_noun_agreement	Write a natural, coherent English sentence.
297	14	Kristen is scanning those bad synopses.	Kristen is scanning that bad synopses.	-114.0	-114.0	-10.375	-10.375	False	False	morphology	determiner_noun_agreement	Write a natural, coherent English sentence.
298	14	Alan is skated around these cheap oases.	Alan is skated around this cheap oases.	-103.5	-103.5	-10.375	-10.375	False	False	morphology	determiner_noun_agreement	Write a natural, coherent English sentence.
299	14	Kayla has investigated these busy people.	Kayla has investigated this busy people.	-83.0	-83.0	-10.375	-10.375	False	False	morphology	determiner_noun_agreement	Write a natural, coherent English sentence.
300	14	Timothy observes that good woman.	Timothy observes those good woman.	-83.0	-83.0	-10.375	-10.375	False	False	morphology	determiner_noun_agreement	Write a natural, coherent English sentence.
301	14	Every museum hadn't discussed those hidden theses.	Every museum hadn't discussed that hidden theses.	-114.0	-114.0	-10.375	-10.375	False	False	morphology	determiner_noun_agreement	Write a natural, coherent English sentence.
302	14	Some cashiers help this troubled person.	Some cashiers help these troubled person.	-93.0	-93.0	-10.375	-10.375	False	False	morphology	determiner_noun_agreement	Write a natural, coherent English sentence.
303	14	Amanda was attacking that displeased woman.	Amanda was attacking those displeased woman.	-93.5	-93.5	-10.375	-10.375	False	False	morphology	determiner_noun_agreement	Write a natural, coherent English sentence.
304	14	This window upsets these lost people.	This window upsets this lost people.	-83.0	-83.0	-10.375	-10.375	False	False	morphology	determiner_noun_agreement	Write a natural, coherent English sentence.
305	14	Cindy wasn't bringing those gray cacti.	Cindy wasn't bringing that gray cacti.	-135.0	-135.0	-10.375	-10.375	False	False	morphology	determiner_noun_agreement	Write a natural, coherent English sentence.
306	14	Peter complained about these good synopses.	Peter complained about this good synopses.	-93.0	-93.0	-10.375	-10.375	False	False	morphology	determiner_noun_agreement	Write a natural, coherent English sentence.
307	14	Danielle was touring those new oases.	Danielle was touring that new oases.	-103.5	-103.5	-10.375	-10.375	False	False	morphology	determiner_noun_agreement	Write a natural, coherent English sentence.
308	14	Elaine discusses that standing person.	Elaine discusses those standing person.	-83.0	-83.0	-10.375	-10.375	False	False	morphology	determiner_noun_agreement	Write a natural, coherent English sentence.
309	14	Jacqueline had healed those rough geese.	Jacqueline had healed that rough geese.	-114.0	-114.0	-10.375	-10.375	False	False	morphology	determiner_noun_agreement	Write a natural, coherent English sentence.
310	14	All rivers were distracting those standing men.	All rivers were distracting that standing men.	-93.5	-93.5	-10.375	-10.375	False	False	morphology	determiner_noun_agreement	Write a natural, coherent English sentence.
311	14	Some people exit those yellow oases.	Some people exit that yellow oases.	-83.0	-83.0	-10.375	-10.375	False	False	morphology	determiner_noun_agreement	Write a natural, coherent English sentence.
312	14	Becca isn't exploring these hard oases.	Becca isn't exploring this hard oases.	-114.0	-114.0	-10.375	-10.375	False	False	morphology	determiner_noun_agreement	Write a natural, coherent English sentence.
313	14	Timothy revealed that big foot.	Timothy revealed those big foot.	-72.5	-72.5	-10.375	-10.375	False	False	morphology	determiner_noun_agreement	Write a natural, coherent English sentence.
314	14	Adam fires these determined men.	Adam fires this determined men.	-62.25	-62.5	-10.375	-10.375	True	False	morphology	determiner_noun_agreement	Write a natural, coherent English sentence.
315	14	The teenagers clean this purple foot.	The teenagers clean these purple foot.	-83.0	-83.0	-10.375	-10.375	False	False	morphology	determiner_noun_agreement	Write a natural, coherent English sentence.
316	14	The Great Lakes could annoy that troubled man.	The Great Lakes could annoy those troubled man.	-114.0	-114.0	-10.375	-10.375	False	False	morphology	determiner_noun_agreement	Write a natural, coherent English sentence.
317	14	Karen discusses those bad men.	Karen discusses that bad men.	-72.5	-72.5	-10.375	-10.375	False	False	morphology	determiner_noun_agreement	Write a natural, coherent English sentence.
318	14	Phillip didn't find those ill alumni.	Phillip didn't find that ill alumni.	-124.5	-124.5	-10.375	-10.375	False	False	morphology	determiner_noun_agreement	Write a natural, coherent English sentence.
319	14	A lot of men reference these good analyses.	A lot of men reference this good analyses.	-103.5	-103.5	-10.375	-10.375	False	False	morphology	determiner_noun_agreement	Write a natural, coherent English sentence.
320	14	Larry had insulted these lucky children.	Larry had insulted this lucky children.	-83.0	-83.0	-10.375	-10.375	False	False	morphology	determiner_noun_agreement	Write a natural, coherent English sentence.
321	14	Debra is firing that determined child.	Debra is firing those determined child.	-83.0	-83.0	-10.375	-10.375	False	False	morphology	determiner_noun_agreement	Write a natural, coherent English sentence.
322	14	Noah was watching that fast woman.	Noah was watching those fast woman.	-72.5	-72.5	-10.375	-10.375	False	False	morphology	determiner_noun_agreement	Write a natural, coherent English sentence.
323	14	Gina works with that displeased person.	Gina works with those displeased person.	-103.5	-103.5	-10.375	-10.375	False	False	morphology	determiner_noun_agreement	Write a natural, coherent English sentence.
324	14	Most doctors would bring these big nuclei.	Most doctors would bring this big nuclei.	-93.5	-93.0	-10.375	-10.375	False	False	morphology	determiner_noun_agreement	Write a natural, coherent English sentence.
325	14	All drawings alarm that unconvinced child.	All drawings alarm those unconvinced child.	-104.0	-104.0	-10.375	-10.375	False	False	morphology	determiner_noun_agreement	Write a natural, coherent English sentence.
326	14	Some libraries hate that busy man.	Some libraries hate those busy man.	-72.5	-72.5	-10.375	-10.375	False	False	morphology	determiner_noun_agreement	Write a natural, coherent English sentence.
327	14	Derek disgusted that unemployed child.	Derek disgusted those unemployed child.	-93.0	-93.0	-10.375	-10.375	False	False	morphology	determiner_noun_agreement	Write a natural, coherent English sentence.
328	14	Marla hadn't fired these good men.	Marla hadn't fired this good men.	-104.0	-104.0	-10.375	-10.375	False	False	morphology	determiner_noun_agreement	Write a natural, coherent English sentence.
329	14	Carmen examined that red thesis.	Carmen examined those red thesis.	-72.5	-72.5	-10.375	-10.375	False	False	morphology	determiner_noun_agreement	Write a natural, coherent English sentence.
330	14	Amelia investigates this smart woman.	Amelia investigates these smart woman.	-83.0	-83.0	-10.375	-10.375	False	False	morphology	determiner_noun_agreement	Write a natural, coherent English sentence.
331	14	The Borgias hire that displeased alumnus.	The Borgias hire those displeased alumnus.	-135.0	-135.0	-10.375	-10.375	False	False	morphology	determiner_noun_agreement	Write a natural, coherent English sentence.
332	14	Stacey would arrive at these orange oases.	Stacey would arrive at this orange oases.	-114.0	-114.0	-10.375	-10.3125	False	False	morphology	determiner_noun_agreement	Write a natural, coherent English sentence.
333	14	Anna works with this lucky man.	Anna works with these lucky man.	-72.5	-72.5	-10.375	-10.375	False	False	morphology	determiner_noun_agreement	Write a natural, coherent English sentence.
334	14	Walter has scanned this rough thesis.	Walter has scanned these rough thesis.	-83.0	-83.0	-10.375	-10.375	False	False	morphology	determiner_noun_agreement	Write a natural, coherent English sentence.
335	14	Some mushroom bothered that lucky woman.	Some mushroom bothered those lucky woman.	-83.0	-83.0	-10.375	-10.375	False	False	morphology	determiner_noun_agreement	Write a natural, coherent English sentence.
336	14	Cynthia walked through this hard oasis.	Cynthia walked through these hard oasis.	-114.0	-114.0	-10.375	-10.375	False	False	morphology	determiner_noun_agreement	Write a natural, coherent English sentence.
337	14	Liam has healed these black oxen.	Liam has healed this black oxen.	-103.5	-103.5	-10.375	-10.375	False	False	morphology	determiner_noun_agreement	Write a natural, coherent English sentence.
338	14	Andrew did notice these white axes.	Andrew did notice this white axes.	-83.0	-83.0	-10.375	-10.375	False	False	morphology	determiner_noun_agreement	Write a natural, coherent English sentence.
339	14	Bethany kisses these serious alumni.	Bethany kisses this serious alumni.	-103.5	-104.0	-10.375	-10.375	True	False	morphology	determiner_noun_agreement	Write a natural, coherent English sentence.
340	14	Vanessa watches this nice person.	Vanessa watches these nice person.	-72.5	-72.5	-10.375	-10.375	False	False	morphology	determiner_noun_agreement	Write a natural, coherent English sentence.
341	14	Every window astounded that big man.	Every window astounded those big man.	-93.0	-93.0	-10.375	-10.375	False	False	morphology	determiner_noun_agreement	Write a natural, coherent English sentence.
342	14	Donna leaves that upset man.	Donna leaves those upset man.	-72.5	-72.5	-10.375	-10.375	False	False	morphology	determiner_noun_agreement	Write a natural, coherent English sentence.
343	14	Many students drop by that orange oasis.	Many students drop by those orange oasis.	-93.0	-93.0	-10.375	-10.375	False	False	morphology	determiner_noun_agreement	Write a natural, coherent English sentence.
344	14	The sketches looked like this unsure man.	The sketches looked like these unsure man.	-114.0	-114.0	-10.375	-10.375	False	False	morphology	determiner_noun_agreement	Write a natural, coherent English sentence.
345	14	Helen fixes that broken tooth.	Helen fixes those broken tooth.	-72.5	-72.5	-10.375	-10.375	False	False	morphology	determiner_noun_agreement	Write a natural, coherent English sentence.
346	14	Robert wasn't annoying that old person.	Robert wasn't annoying those old person.	-93.5	-93.5	-10.375	-10.375	False	False	morphology	determiner_noun_agreement	Write a natural, coherent English sentence.
347	14	Amy isn't talking to that young woman.	Amy isn't talking to those young woman.	-103.5	-104.0	-10.375	-10.375	True	False	morphology	determiner_noun_agreement	Write a natural, coherent English sentence.
348	14	Alan hadn't remembered these long analyses.	Alan hadn't remembered this long analyses.	-103.5	-103.5	-10.375	-10.375	False	False	morphology	determiner_noun_agreement	Write a natural, coherent English sentence.
349	14	Stephen is working with these out in the open women.	Stephen is working with this out in the open women.	-114.0	-114.0	-10.375	-10.375	False	False	morphology	determiner_noun_agreement	Write a natural, coherent English sentence.
350	14	This library had discussed these employed men.	This library had discussed this employed men.	-83.0	-83.0	-10.375	-10.375	False	False	morphology	determiner_noun_agreement	Write a natural, coherent English sentence.
351	14	This teenager can't worry those delighted men.	This teenager can't worry that delighted men.	-104.0	-104.0	-10.375	-10.375	False	False	morphology	determiner_noun_agreement	Write a natural, coherent English sentence.
352	14	Wendy revealed that sick octopus.	Wendy revealed those sick octopus.	-93.0	-93.5	-10.375	-10.375	True	False	morphology	determiner_noun_agreement	Write a natural, coherent English sentence.
353	14	The Clintons haven't worked with that young person.	The Clintons haven't worked with those young person.	-135.0	-135.0	-10.375	-10.375	False	False	morphology	determiner_noun_agreement	Write a natural, coherent English sentence.
354	14	Some committee aggravates this unconvinced woman.	Some committee aggravates these unconvinced woman.	-124.5	-124.5	-10.375	-10.375	False	False	morphology	determiner_noun_agreement	Write a natural, coherent English sentence.
355	14	Guy bored that troubled man.	Guy bored those troubled man.	-72.5	-72.5	-10.375	-10.375	False	False	morphology	determiner_noun_agreement	Write a natural, coherent English sentence.
356	14	Every actress scanned those bad analyses.	Every actress scanned that bad analyses.	-93.5	-93.0	-10.375	-10.375	False	False	morphology	determiner_noun_agreement	Write a natural, coherent English sentence.
357	14	A library alarms that determined child.	A library alarms those determined child.	-83.0	-83.0	-10.375	-10.375	False	False	morphology	determiner_noun_agreement	Write a natural, coherent English sentence.
358	14	Sheila can't notice this clever man.	Sheila can't notice these clever man.	-103.5	-104.0	-10.375	-10.375	True	False	morphology	determiner_noun_agreement	Write a natural, coherent English sentence.
359	14	James forgets this fast alumnus.	James forgets these fast alumnus.	-93.0	-93.0	-10.375	-10.375	False	False	morphology	determiner_noun_agreement	Write a natural, coherent English sentence.
360	14	Noah hasn't thought about these smooth lice.	Noah hasn't thought about this smooth lice.	-114.0	-114.0	-10.375	-10.375	False	False	morphology	determiner_noun_agreement	Write a natural, coherent English sentence.
361	14	Aaron sees these gray oases.	Aaron sees this gray oases.	-72.5	-72.5	-10.375	-10.375	False	False	morphology	determiner_noun_agreement	Write a natural, coherent English sentence.
362	14	Sherry has taken this standing goose.	Sherry has taken these standing goose.	-93.5	-93.5	-10.375	-10.375	False	False	morphology	determiner_noun_agreement	Write a natural, coherent English sentence.
363	14	Marie hasn't found those ill geese.	Marie hasn't found that ill geese.	-104.0	-104.0	-10.375	-10.375	False	False	morphology	determiner_noun_agreement	Write a natural, coherent English sentence.
364	14	Peter isn't arriving at that red oasis.	Peter isn't arriving at those red oasis.	-114.0	-114.0	-10.375	-10.375	False	False	morphology	determiner_noun_agreement	Write a natural, coherent English sentence.
365	14	Jill isn't boycotting those orange oases.	Jill isn't boycotting that orange oases.	-145.0	-145.0	-10.375	-10.375	False	False	morphology	determiner_noun_agreement	Write a natural, coherent English sentence.
366	14	Julia messes up that orange foot.	Julia messes up those orange foot.	-83.0	-83.0	-10.375	-10.375	False	False	morphology	determiner_noun_agreement	Write a natural, coherent English sentence.
367	14	That hill didn't disturb that content woman.	That hill didn't disturb those content woman.	-103.5	-103.5	-10.375	-10.375	False	False	morphology	determiner_noun_agreement	Write a natural, coherent English sentence.
368	14	Suzanne has concealed that concealed man.	Suzanne has concealed those concealed man.	-103.5	-103.5	-10.375	-10.375	False	False	morphology	determiner_noun_agreement	Write a natural, coherent English sentence.
369	14	Alicia sells that orange octopus.	Alicia sells those orange octopus.	-114.0	-114.0	-10.375	-10.375	False	False	morphology	determiner_noun_agreement	Write a natural, coherent English sentence.
370	14	Leslie has discussed that delighted child.	Leslie has discussed those delighted child.	-83.0	-83.0	-10.375	-10.375	False	False	morphology	determiner_noun_agreement	Write a natural, coherent English sentence.
371	14	Andrea could like these white lice.	Andrea could like this white lice.	-83.0	-83.0	-10.375	-10.375	False	False	morphology	determiner_noun_agreement	Write a natural, coherent English sentence.
372	14	Most children break those rough teeth.	Most children break that rough teeth.	-72.5	-72.5	-10.375	-10.375	False	False	morphology	determiner_noun_agreement	Write a natural, coherent English sentence.
373	14	Richard did work with this clever child.	Richard did work with these clever child.	-83.0	-83.0	-10.375	-10.375	False	False	morphology	determiner_noun_agreement	Write a natural, coherent English sentence.
374	14	Anne hugs this unemployed woman.	Anne hugs these unemployed woman.	-83.0	-83.0	-10.375	-10.375	False	False	morphology	determiner_noun_agreement	Write a natural, coherent English sentence.
375	14	Those actors attack that excited child.	Those actors attack those excited child.	-72.5	-72.5	-10.375	-10.375	False	False	morphology	determiner_noun_agreement	Write a natural, coherent English sentence.
376	14	Bruce was hugging that unconvinced man.	Bruce was hugging those unconvinced man.	-114.0	-114.0	-10.375	-10.375	False	False	morphology	determiner_noun_agreement	Write a natural, coherent English sentence.
377	14	Patrick hasn't hidden this orange oasis.	Patrick hasn't hidden these orange oasis.	-104.0	-103.5	-10.375	-10.375	False	False	morphology	determiner_noun_agreement	Write a natural, coherent English sentence.
378	14	Alicia hadn't discussed that uncertain person.	Alicia hadn't discussed those uncertain person.	-114.0	-114.0	-10.375	-10.375	False	False	morphology	determiner_noun_agreement	Write a natural, coherent English sentence.
379	14	Susan wasn't talking to those confident men.	Susan wasn't talking to that confident men.	-104.0	-103.5	-10.375	-10.375	False	False	morphology	determiner_noun_agreement	Write a natural, coherent English sentence.
380	14	Cheryl will scan that good synopsis.	Cheryl will scan those good synopsis.	-93.5	-93.0	-10.375	-10.375	False	False	morphology	determiner_noun_agreement	Write a natural, coherent English sentence.
381	14	Tamara kissed that unsure man.	Tamara kissed those unsure man.	-83.0	-83.0	-10.375	-10.375	False	False	morphology	determiner_noun_agreement	Write a natural, coherent English sentence.
382	14	Craig boasts about those bad analyses.	Craig boasts about that bad analyses.	-93.0	-93.0	-10.375	-10.375	False	False	morphology	determiner_noun_agreement	Write a natural, coherent English sentence.
383	14	Randolf hadn't hugged those serious people.	Randolf hadn't hugged that serious people.	-114.0	-114.0	-10.375	-10.375	False	False	morphology	determiner_noun_agreement	Write a natural, coherent English sentence.
384	14	Many doctors cure these exposed men.	Many doctors cure this exposed men.	-72.5	-72.5	-10.375	-10.375	False	False	morphology	determiner_noun_agreement	Write a natural, coherent English sentence.
385	14	Women criticized those smooth theses.	Women criticized that smooth theses.	-83.0	-83.0	-10.375	-10.375	False	False	morphology	determiner_noun_agreement	Write a natural, coherent English sentence.
386	14	Some light disturbs that old person.	Some light disturbs those old person.	-93.5	-93.5	-10.375	-10.375	False	False	morphology	determiner_noun_agreement	Write a natural, coherent English sentence.
387	14	Carol was questioning this big man.	Carol was questioning these big man.	-72.5	-72.5	-10.375	-10.375	False	False	morphology	determiner_noun_agreement	Write a natural, coherent English sentence.
388	14	Sara has gone to that old oasis.	Sara has gone to those old oasis.	-93.0	-93.0	-10.3125	-10.375	False	True	morphology	determiner_noun_agreement	Write a natural, coherent English sentence.
389	14	Steven brought these red oases.	Steven brought this red oases.	-72.5	-72.5	-10.375	-10.375	False	False	morphology	determiner_noun_agreement	Write a natural, coherent English sentence.
390	14	Diana will disgust these ill children.	Diana will disgust this ill children.	-72.5	-72.5	-10.375	-10.375	False	False	morphology	determiner_noun_agreement	Write a natural, coherent English sentence.
391	14	Steven disturbs these sick alumni.	Steven disturbs this sick alumni.	-104.0	-104.0	-10.375	-10.375	False	False	morphology	determiner_noun_agreement	Write a natural, coherent English sentence.
392	14	Angela wasn't lifting these blue feet.	Angela wasn't lifting this blue feet.	-93.5	-93.5	-10.375	-10.375	False	False	morphology	determiner_noun_agreement	Write a natural, coherent English sentence.
393	14	Sharon hasn't stunned that unsure child.	Sharon hasn't stunned those unsure child.	-124.5	-124.5	-10.375	-10.375	False	False	morphology	determiner_noun_agreement	Write a natural, coherent English sentence.
394	14	These girls question that concealed man.	These girls question those concealed man.	-83.0	-83.0	-10.375	-10.375	False	False	morphology	determiner_noun_agreement	Write a natural, coherent English sentence.
395	14	Martha wasn't kissing this unemployed man.	Martha wasn't kissing these unemployed man.	-114.0	-114.0	-10.375	-10.375	False	False	morphology	determiner_noun_agreement	Write a natural, coherent English sentence.
396	14	Kendra isn't working with this excited child.	Kendra isn't working with these excited child.	-124.5	-124.5	-10.375	-10.375	False	False	morphology	determiner_noun_agreement	Write a natural, coherent English sentence.
397	14	All actresses praise this hard thesis.	All actresses praise these hard thesis.	-83.0	-83.0	-10.375	-10.375	False	False	morphology	determiner_noun_agreement	Write a natural, coherent English sentence.
398	14	David cleans that hard tooth.	David cleans those hard tooth.	-72.5	-72.5	-10.375	-10.375	False	False	morphology	determiner_noun_agreement	Write a natural, coherent English sentence.
399	14	Julia sounded like this uncertain person.	Julia sounded like these uncertain person.	-72.5	-72.5	-10.375	-10.375	False	False	morphology	determiner_noun_agreement	Write a natural, coherent English sentence.
400	14	Those actors attacked that happy alumnus.	Those actors attacked those happy alumnus.	-93.5	-93.0	-10.375	-10.375	False	False	morphology	determiner_noun_agreement	Write a natural, coherent English sentence.
401	14	Eva hadn't admired these black fungi.	Eva hadn't admired this black fungi.	-114.0	-114.0	-10.375	-10.375	False	False	morphology	determiner_noun_agreement	Write a natural, coherent English sentence.
402	14	Many chairs aren't disgusting this unlucky child.	Many chairs aren't disgusting these unlucky child.	-135.0	-135.0	-10.375	-10.375	False	False	morphology	determiner_noun_agreement	Write a natural, coherent English sentence.
403	14	Those waiters break these rough teeth.	Those waiters break this rough teeth.	-83.0	-83.0	-10.375	-10.375	False	False	morphology	determiner_noun_agreement	Write a natural, coherent English sentence.
404	14	Becca leaves this uncertain child.	Becca leaves these uncertain child.	-72.5	-72.5	-10.375	-10.375	False	False	morphology	determiner_noun_agreement	Write a natural, coherent English sentence.
405	14	Some steak disturbs these displeased children.	Some steak disturbs this displeased children.	-124.5	-124.5	-10.375	-10.375	False	False	morphology	determiner_noun_agreement	Write a natural, coherent English sentence.
406	14	Christine wouldn't conceal this lost stimulus.	Christine wouldn't conceal these lost stimulus.	-124.5	-124.0	-10.375	-10.375	False	False	morphology	determiner_noun_agreement	Write a natural, coherent English sentence.
407	14	Every face irritates those unemployed alumni.	Every face irritates that unemployed alumni.	-114.0	-114.0	-10.375	-10.375	False	False	morphology	determiner_noun_agreement	Write a natural, coherent English sentence.
408	14	Susan noticed that unlucky person.	Susan noticed those unlucky person.	-83.0	-83.0	-10.375	-10.375	False	False	morphology	determiner_noun_agreement	Write a natural, coherent English sentence.
409	14	Some women drop by those concealed oases.	Some women drop by that concealed oases.	-104.0	-103.5	-10.375	-10.375	False	False	morphology	determiner_noun_agreement	Write a natural, coherent English sentence.
410	14	The Clintons disagree with these serious men.	The Clintons disagree with this serious men.	-104.0	-104.0	-10.375	-10.375	False	False	morphology	determiner_noun_agreement	Write a natural, coherent English sentence.
411	14	Phillip discovers these busy women.	Phillip discovers this busy women.	-83.0	-83.0	-10.375	-10.375	False	False	morphology	determiner_noun_agreement	Write a natural, coherent English sentence.
412	14	Waiters investigate that hopeful woman.	Waiters investigate those hopeful woman.	-83.0	-83.0	-10.375	-10.375	False	False	morphology	determiner_noun_agreement	Write a natural, coherent English sentence.
413	14	Regina hasn't found these white nuclei.	Regina hasn't found this white nuclei.	-124.5	-124.5	-10.375	-10.375	False	False	morphology	determiner_noun_agreement	Write a natural, coherent English sentence.
414	14	Irene scanned those purple theses.	Irene scanned that purple theses.	-93.0	-93.5	-10.375	-10.375	True	False	morphology	determiner_noun_agreement	Write a natural, coherent English sentence.
415	14	A bank references those popular people.	A bank references that popular people.	-72.5	-72.5	-10.375	-10.375	False	False	morphology	determiner_noun_agreement	Write a natural, coherent English sentence.
416	14	Vincent tours this old oasis.	Vincent tours these old oasis.	-72.5	-72.5	-10.375	-10.3125	False	False	morphology	determiner_noun_agreement	Write a natural, coherent English sentence.
417	14	Alicia kisses that standing woman.	Alicia kisses those standing woman.	-93.0	-93.0	-10.375	-10.375	False	False	morphology	determiner_noun_agreement	Write a natural, coherent English sentence.
418	14	Some candles aren't boring those displeased men.	Some candles aren't boring that displeased men.	-135.0	-135.0	-10.375	-10.375	False	False	morphology	determiner_noun_agreement	Write a natural, coherent English sentence.
419	14	That teenager does care for this old alumnus.	That teenager does care for these old alumnus.	-114.0	-114.0	-10.375	-10.375	False	False	morphology	determiner_noun_agreement	Write a natural, coherent English sentence.
420	14	A lot of drawings weren't alarming that displeased man.	A lot of drawings weren't alarming those displeased man.	-155.0	-155.0	-10.375	-10.375	False	False	morphology	determiner_noun_agreement	Write a natural, coherent English sentence.
421	14	That face astounded that important woman.	That face astounded those important woman.	-93.0	-93.0	-10.375	-10.375	False	False	morphology	determiner_noun_agreement	Write a natural, coherent English sentence.
422	14	Tiffany had approached these unemployed people.	Tiffany had approached this unemployed people.	-103.5	-103.5	-10.375	-10.375	False	False	morphology	determiner_noun_agreement	Write a natural, coherent English sentence.
423	14	Christina is passing these rough oases.	Christina is passing this rough oases.	-93.0	-93.0	-10.375	-10.375	False	False	morphology	determiner_noun_agreement	Write a natural, coherent English sentence.
424	14	Debra was praising those busy people.	Debra was praising that busy people.	-93.5	-93.5	-10.375	-10.375	False	False	morphology	determiner_noun_agreement	Write a natural, coherent English sentence.
425	14	The doctors didn't care for these scared children.	The doctors didn't care for this scared children.	-114.0	-114.0	-10.375	-10.375	False	False	morphology	determiner_noun_agreement	Write a natural, coherent English sentence.
426	14	Those ladders stun these small people.	Those ladders stun this small people.	-103.5	-103.5	-10.375	-10.375	False	False	morphology	determiner_noun_agreement	Write a natural, coherent English sentence.
427	14	Samuel isn't distracting these clever women.	Samuel isn't distracting this clever women.	-103.5	-103.5	-10.375	-10.375	False	False	morphology	determiner_noun_agreement	Write a natural, coherent English sentence.
428	14	Lucille dropped by those new oases.	Lucille dropped by that new oases.	-93.0	-93.0	-10.375	-10.375	False	False	morphology	determiner_noun_agreement	Write a natural, coherent English sentence.
429	14	A legislature should aggravate that busy child.	A legislature should aggravate those busy child.	-114.0	-114.0	-10.375	-10.375	False	False	morphology	determiner_noun_agreement	Write a natural, coherent English sentence.
430	14	Larry observed that lucky child.	Larry observed those lucky child.	-62.25	-62.25	-10.375	-10.375	False	False	morphology	determiner_noun_agreement	Write a natural, coherent English sentence.
431	14	Lawrence wasn't approaching those troubled children.	Lawrence wasn't approaching that troubled children.	-103.5	-103.5	-10.375	-10.375	False	False	morphology	determiner_noun_agreement	Write a natural, coherent English sentence.
432	14	Most libraries describe those delighted men.	Most libraries describe that delighted men.	-72.5	-72.5	-10.375	-10.375	False	False	morphology	determiner_noun_agreement	Write a natural, coherent English sentence.
433	14	The Impressionists alarms that sick child.	The Impressionists alarms those sick child.	-104.0	-104.0	-10.375	-10.375	False	False	morphology	determiner_noun_agreement	Write a natural, coherent English sentence.
434	14	A lot of children have this exposed axis.	A lot of children have these exposed axis.	-93.0	-93.0	-10.3125	-10.375	False	True	morphology	determiner_noun_agreement	Write a natural, coherent English sentence.
435	14	Melissa couldn't reveal that small man.	Melissa couldn't reveal those small man.	-103.5	-104.0	-10.375	-10.375	True	False	morphology	determiner_noun_agreement	Write a natural, coherent English sentence.
436	14	These carriages won't impress those bad men.	These carriages won't impress that bad men.	-114.0	-114.0	-10.375	-10.375	False	False	morphology	determiner_noun_agreement	Write a natural, coherent English sentence.
437	14	Many girls drop by that red oasis.	Many girls drop by those red oasis.	-93.0	-93.0	-10.375	-10.375	False	False	morphology	determiner_noun_agreement	Write a natural, coherent English sentence.
438	14	The Impressionists fled from this small woman.	The Impressionists fled from these small woman.	-103.5	-103.5	-10.375	-10.375	False	False	morphology	determiner_noun_agreement	Write a natural, coherent English sentence.
439	14	Ann arrived at that blue oasis.	Ann arrived at those blue oasis.	-83.0	-83.0	-10.375	-10.375	False	False	morphology	determiner_noun_agreement	Write a natural, coherent English sentence.
440	14	The sock isn't disturbing those lucky children.	The sock isn't disturbing that lucky children.	-114.0	-114.0	-10.375	-10.375	False	False	morphology	determiner_noun_agreement	Write a natural, coherent English sentence.
441	14	Those socks were shocking those unlucky men.	Those socks were shocking that unlucky men.	-114.0	-114.0	-10.375	-10.375	False	False	morphology	determiner_noun_agreement	Write a natural, coherent English sentence.
442	14	Christine wasn't walking through those cheap oases.	Christine wasn't walking through that cheap oases.	-124.0	-124.0	-10.375	-10.375	False	False	morphology	determiner_noun_agreement	Write a natural, coherent English sentence.
443	14	Mary appreciates those content women.	Mary appreciates that content women.	-72.5	-72.5	-10.375	-10.375	False	False	morphology	determiner_noun_agreement	Write a natural, coherent English sentence.
444	14	That lady didn't question this ill person.	That lady didn't question these ill person.	-103.5	-103.5	-10.375	-10.375	False	False	morphology	determiner_noun_agreement	Write a natural, coherent English sentence.
445	14	Most birds annoy this young woman.	Most birds annoy these young woman.	-72.5	-72.5	-10.375	-10.375	False	False	morphology	determiner_noun_agreement	Write a natural, coherent English sentence.
446	14	Amelia is kissing these content men.	Amelia is kissing this content men.	-93.5	-93.5	-10.375	-10.375	False	False	morphology	determiner_noun_agreement	Write a natural, coherent English sentence.
447	14	Judy isn't taking those standing oxen.	Judy isn't taking that standing oxen.	-114.0	-114.0	-10.375	-10.375	False	False	morphology	determiner_noun_agreement	Write a natural, coherent English sentence.
448	14	Irene is discussing those clever alumni.	Irene is discussing that clever alumni.	-104.0	-104.0	-10.375	-10.375	False	False	morphology	determiner_noun_agreement	Write a natural, coherent English sentence.
449	14	Danielle could describe these long analyses.	Danielle could describe this long analyses.	-93.0	-93.0	-10.375	-10.375	False	False	morphology	determiner_noun_agreement	Write a natural, coherent English sentence.
450	14	Eva hasn't praised that lucky woman.	Eva hasn't praised those lucky woman.	-93.5	-93.5	-10.375	-10.375	False	False	morphology	determiner_noun_agreement	Write a natural, coherent English sentence.
451	14	Grace might observe that unlucky woman.	Grace might observe those unlucky woman.	-93.0	-93.0	-10.375	-10.375	False	False	morphology	determiner_noun_agreement	Write a natural, coherent English sentence.
452	14	The Clintons bothered these clever people.	The Clintons bothered this clever people.	-93.5	-93.5	-10.375	-10.375	False	False	morphology	determiner_noun_agreement	Write a natural, coherent English sentence.
453	14	April hadn't embarrassed those employed alumni.	April hadn't embarrassed that employed alumni.	-114.0	-114.0	-10.375	-10.375	False	False	morphology	determiner_noun_agreement	Write a natural, coherent English sentence.
454	14	Marie shouldn't forget that happy man.	Marie shouldn't forget those happy man.	-93.5	-93.5	-10.375	-10.375	False	False	morphology	determiner_noun_agreement	Write a natural, coherent English sentence.
455	14	Renee isn't breaking that cheap foot.	Renee isn't breaking those cheap foot.	-114.0	-114.0	-10.375	-10.375	False	False	morphology	determiner_noun_agreement	Write a natural, coherent English sentence.
456	14	Monica shouldn't sell those new oases.	Monica shouldn't sell that new oases.	-114.0	-114.0	-10.375	-10.375	False	False	morphology	determiner_noun_agreement	Write a natural, coherent English sentence.
457	14	Every dancer has returned to that troubled man.	Every dancer has returned to those troubled man.	-114.0	-114.0	-10.375	-10.375	False	False	morphology	determiner_noun_agreement	Write a natural, coherent English sentence.
458	14	Those dancers break those green teeth.	Those dancers break that green teeth.	-83.0	-83.0	-10.375	-10.375	False	False	morphology	determiner_noun_agreement	Write a natural, coherent English sentence.
459	14	These teachers talk about these fast women.	These teachers talk about this fast women.	-83.0	-83.0	-10.375	-10.375	False	False	morphology	determiner_noun_agreement	Write a natural, coherent English sentence.
460	14	Spain hasn't praised that happy man.	Spain hasn't praised those happy man.	-93.0	-93.0	-10.375	-10.375	False	False	morphology	determiner_noun_agreement	Write a natural, coherent English sentence.
461	14	Monica does kiss those good people.	Monica does kiss that good people.	-83.0	-83.0	-10.375	-10.375	False	False	morphology	determiner_noun_agreement	Write a natural, coherent English sentence.
462	14	Benjamin can boast about those busy men.	Benjamin can boast about that busy men.	-93.5	-93.5	-10.375	-10.375	False	False	morphology	determiner_noun_agreement	Write a natural, coherent English sentence.
463	14	Donald conceals this lost nucleus.	Donald conceals these lost nucleus.	-83.0	-83.0	-10.375	-10.375	False	False	morphology	determiner_noun_agreement	Write a natural, coherent English sentence.
464	14	Gregory was embarrassing this big woman.	Gregory was embarrassing these big woman.	-83.0	-83.0	-10.375	-10.375	False	False	morphology	determiner_noun_agreement	Write a natural, coherent English sentence.
465	14	The waiter wasn't stunning that hidden child.	The waiter wasn't stunning those hidden child.	-114.0	-114.0	-10.375	-10.375	False	False	morphology	determiner_noun_agreement	Write a natural, coherent English sentence.
466	14	A lot of photographs haven't looked like this red stimulus.	A lot of photographs haven't looked like these red stimulus.	-145.0	-145.0	-10.375	-10.375	False	False	morphology	determiner_noun_agreement	Write a natural, coherent English sentence.
467	14	A patient fixed those cheap feet.	A patient fixed that cheap feet.	-72.5	-72.5	-10.375	-10.375	False	False	morphology	determiner_noun_agreement	Write a natural, coherent English sentence.
468	14	Many gates shouldn't astound these unsure alumni.	Many gates shouldn't astound this unsure alumni.	-145.0	-145.0	-10.375	-10.375	False	False	morphology	determiner_noun_agreement	Write a natural, coherent English sentence.
469	14	That picture hasn't looked like these big men.	That picture hasn't looked like this big men.	-114.0	-114.0	-10.375	-10.375	False	False	morphology	determiner_noun_agreement	Write a natural, coherent English sentence.
470	14	These waitresses talk about this hidden thesis.	These waitresses talk about these hidden thesis.	-103.5	-103.5	-10.375	-10.375	False	False	morphology	determiner_noun_agreement	Write a natural, coherent English sentence.
471	14	Stacy concealed those gray axes.	Stacy concealed that gray axes.	-93.5	-93.5	-10.375	-10.375	False	False	morphology	determiner_noun_agreement	Write a natural, coherent English sentence.
472	14	Nicole remembers those serious alumni.	Nicole remembers that serious alumni.	-93.5	-93.5	-10.375	-10.375	False	False	morphology	determiner_noun_agreement	Write a natural, coherent English sentence.
473	14	Leslie hadn't gone to that small oasis.	Leslie hadn't gone to those small oasis.	-124.5	-124.0	-10.375	-10.375	False	False	morphology	determiner_noun_agreement	Write a natural, coherent English sentence.
474	14	Joel wasn't praising this ill person.	Joel wasn't praising these ill person.	-104.0	-104.0	-10.375	-10.375	False	False	morphology	determiner_noun_agreement	Write a natural, coherent English sentence.
475	14	These drivers embarrasses this young alumnus.	These drivers embarrasses these young alumnus.	-103.5	-103.5	-10.375	-10.375	False	False	morphology	determiner_noun_agreement	Write a natural, coherent English sentence.
476	14	Beef bores that delighted woman.	Beef bores those delighted woman.	-83.0	-83.0	-10.375	-10.375	False	False	morphology	determiner_noun_agreement	Write a natural, coherent English sentence.
477	14	Mitchell goes to this gray oasis.	Mitchell goes to these gray oasis.	-83.0	-83.0	-10.375	-10.375	False	False	morphology	determiner_noun_agreement	Write a natural, coherent English sentence.
478	14	The mouth bores these upset men.	The mouth bores this upset men.	-83.0	-83.0	-10.375	-10.375	False	False	morphology	determiner_noun_agreement	Write a natural, coherent English sentence.
479	14	Most legislatures discuss those good people.	Most legislatures discuss that good people.	-83.0	-83.0	-10.375	-10.375	False	False	morphology	determiner_noun_agreement	Write a natural, coherent English sentence.
480	14	The boys mess up those purple feet.	The boys mess up that purple feet.	-83.0	-83.0	-10.375	-10.375	False	False	morphology	determiner_noun_agreement	Write a natural, coherent English sentence.
481	14	Cashiers describe these fast children.	Cashiers describe this fast children.	-72.5	-72.5	-10.375	-10.375	False	False	morphology	determiner_noun_agreement	Write a natural, coherent English sentence.
482	14	Roger has fired those unconvinced men.	Roger has fired that unconvinced men.	-104.0	-104.0	-10.375	-10.375	False	False	morphology	determiner_noun_agreement	Write a natural, coherent English sentence.
483	14	Amy wasn't kissing this content man.	Amy wasn't kissing these content man.	-103.5	-103.5	-10.375	-10.375	False	False	morphology	determiner_noun_agreement	Write a natural, coherent English sentence.
484	14	Every dancer hadn't praised those good analyses.	Every dancer hadn't praised that good analyses.	-124.5	-124.5	-10.375	-10.375	False	False	morphology	determiner_noun_agreement	Write a natural, coherent English sentence.
485	14	Rhonda wasn't hiding those red mice.	Rhonda wasn't hiding that red mice.	-114.0	-114.0	-10.375	-10.375	False	False	morphology	determiner_noun_agreement	Write a natural, coherent English sentence.
486	14	Every pedestrian talks about that bad synopsis.	Every pedestrian talks about those bad synopsis.	-103.5	-103.5	-10.375	-10.375	False	False	morphology	determiner_noun_agreement	Write a natural, coherent English sentence.
487	14	The fish shocks these old alumni.	The fish shocks this old alumni.	-103.5	-104.0	-10.375	-10.375	True	False	morphology	determiner_noun_agreement	Write a natural, coherent English sentence.
488	14	Those waitresses visited those scared alumni.	Those waitresses visited that scared alumni.	-114.0	-114.0	-10.3125	-10.3125	False	False	morphology	determiner_noun_agreement	Write a natural, coherent English sentence.
489	14	That library was listening to this nice man.	That library was listening to these nice man.	-93.5	-93.5	-10.375	-10.375	False	False	morphology	determiner_noun_agreement	Write a natural, coherent English sentence.
490	14	Steve wasn't bringing that blue stimulus.	Steve wasn't bringing those blue stimulus.	-103.5	-103.5	-10.375	-10.375	False	False	morphology	determiner_noun_agreement	Write a natural, coherent English sentence.
491	14	Some guest was hiring that scared woman.	Some guest was hiring those scared woman.	-83.0	-83.0	-10.375	-10.375	False	False	morphology	determiner_noun_agreement	Write a natural, coherent English sentence.
492	14	The spotlights upset this unconvinced alumnus.	The spotlights upset these unconvinced alumnus.	-135.0	-135.0	-10.375	-10.375	False	False	morphology	determiner_noun_agreement	Write a natural, coherent English sentence.
493	14	Todd might observe this lost man.	Todd might observe these lost man.	-72.5	-72.5	-10.375	-10.375	False	False	morphology	determiner_noun_agreement	Write a natural, coherent English sentence.
494	14	People could describe that unconvinced person.	People could describe those unconvinced person.	-103.5	-104.0	-10.375	-10.375	True	False	morphology	determiner_noun_agreement	Write a natural, coherent English sentence.
495	14	That waiter had astounded these lucky people.	That waiter had astounded this lucky people.	-114.0	-114.0	-10.375	-10.375	False	False	morphology	determiner_noun_agreement	Write a natural, coherent English sentence.
496	14	Kendra disgusted these confident women.	Kendra disgusted this confident women.	-93.5	-93.5	-10.375	-10.375	False	False	morphology	determiner_noun_agreement	Write a natural, coherent English sentence.
497	14	Spain hasn't annoyed those old people.	Spain hasn't annoyed that old people.	-103.5	-103.5	-10.375	-10.375	False	False	morphology	determiner_noun_agreement	Write a natural, coherent English sentence.
498	14	Steve kisses these out in the open people.	Steve kisses this out in the open people.	-103.5	-103.5	-10.375	-10.375	False	False	morphology	determiner_noun_agreement	Write a natural, coherent English sentence.
499	14	Wayne kissed those unconvinced men.	Wayne kissed that unconvinced men.	-93.5	-93.5	-10.375	-10.375	False	False	morphology	determiner_noun_agreement	Write a natural, coherent English sentence.
500	14	Douglas has brought those lost cacti.	Douglas has brought that lost cacti.	-93.5	-93.5	-10.375	-10.375	False	False	morphology	determiner_noun_agreement	Write a natural, coherent English sentence.
501	14	Tammy can't reveal that big alumnus.	Tammy can't reveal those big alumnus.	-124.5	-124.5	-10.375	-10.375	False	False	morphology	determiner_noun_agreement	Write a natural, coherent English sentence.
502	14	Deborah fled from those standing children.	Deborah fled from that standing children.	-93.5	-93.5	-10.375	-10.375	False	False	morphology	determiner_noun_agreement	Write a natural, coherent English sentence.
503	14	A man wasn't cleaning that hard fungus.	A man wasn't cleaning those hard fungus.	-124.0	-124.5	-10.375	-10.375	True	False	morphology	determiner_noun_agreement	Write a natural, coherent English sentence.
504	14	Danielle has broken those gray teeth.	Danielle has broken that gray teeth.	-83.0	-83.0	-10.375	-10.375	False	False	morphology	determiner_noun_agreement	Write a natural, coherent English sentence.
505	14	Derek praised this big thesis.	Derek praised these big thesis.	-72.5	-72.5	-10.375	-10.375	False	False	morphology	determiner_noun_agreement	Write a natural, coherent English sentence.
506	14	Gary has disgusted those unsure people.	Gary has disgusted that unsure people.	-93.0	-93.5	-10.375	-10.375	True	False	morphology	determiner_noun_agreement	Write a natural, coherent English sentence.
507	14	A senator insulted this bad synopsis.	A senator insulted these bad synopsis.	-103.5	-103.5	-10.375	-10.375	False	False	morphology	determiner_noun_agreement	Write a natural, coherent English sentence.
508	14	A lot of drivers visit these purple oases.	A lot of drivers visit this purple oases.	-103.5	-103.5	-10.375	-10.375	False	False	morphology	determiner_noun_agreement	Write a natural, coherent English sentence.
509	14	Richard isn't attacking this fast child.	Richard isn't attacking these fast child.	-93.5	-93.5	-10.375	-10.375	False	False	morphology	determiner_noun_agreement	Write a natural, coherent English sentence.
510	14	Frank shocked that unsure man.	Frank shocked those unsure man.	-73.0	-72.5	-10.375	-10.375	False	False	morphology	determiner_noun_agreement	Write a natural, coherent English sentence.
511	14	Brett returned to that confident man.	Brett returned to those confident man.	-83.0	-83.0	-10.375	-10.375	False	False	morphology	determiner_noun_agreement	Write a natural, coherent English sentence.
512	14	Many ladies weren't passing these old oases.	Many ladies weren't passing this old oases.	-114.0	-114.0	-10.375	-10.375	False	False	morphology	determiner_noun_agreement	Write a natural, coherent English sentence.
513	14	A waiter brought those purple teeth.	A waiter brought that purple teeth.	-83.0	-83.0	-10.375	-10.375	False	False	morphology	determiner_noun_agreement	Write a natural, coherent English sentence.
514	14	Beverly has fired this fast alumnus.	Beverly has fired these fast alumnus.	-103.5	-103.5	-10.375	-10.375	False	False	morphology	determiner_noun_agreement	Write a natural, coherent English sentence.
515	14	Men haven't observed that standing man.	Men haven't observed those standing man.	-93.0	-93.0	-10.375	-10.375	False	False	morphology	determiner_noun_agreement	Write a natural, coherent English sentence.
516	14	Tiffany admired this ill child.	Tiffany admired these ill child.	-93.5	-93.5	-10.375	-10.375	False	False	morphology	determiner_noun_agreement	Write a natural, coherent English sentence.
517	14	That patient didn't love that unemployed alumnus.	That patient didn't love those unemployed alumnus.	-135.0	-135.0	-10.375	-10.375	False	False	morphology	determiner_noun_agreement	Write a natural, coherent English sentence.
518	14	Aaron reveals that red tooth.	Aaron reveals those red tooth.	-62.25	-62.25	-10.375	-10.375	False	False	morphology	determiner_noun_agreement	Write a natural, coherent English sentence.
519	14	Monica was insulting those bad people.	Monica was insulting that bad people.	-93.5	-93.5	-10.375	-10.375	False	False	morphology	determiner_noun_agreement	Write a natural, coherent English sentence.
520	14	These teenagers watch that old alumnus.	These teenagers watch those old alumnus.	-103.5	-103.5	-10.375	-10.375	False	False	morphology	determiner_noun_agreement	Write a natural, coherent English sentence.
521	14	Tina might confuse this exposed child.	Tina might confuse these exposed child.	-93.5	-93.5	-10.375	-10.375	False	False	morphology	determiner_noun_agreement	Write a natural, coherent English sentence.
522	14	A face was confusing that nice woman.	A face was confusing those nice woman.	-83.0	-83.0	-10.375	-10.375	False	False	morphology	determiner_noun_agreement	Write a natural, coherent English sentence.
523	14	An adult researches that good analysis.	An adult researches those good analysis.	-103.5	-104.0	-10.375	-10.375	True	False	morphology	determiner_noun_agreement	Write a natural, coherent English sentence.
524	14	Some broccoli isn't annoying these unconvinced women.	Some broccoli isn't annoying this unconvinced women.	-156.0	-156.0	-10.375	-10.375	False	False	morphology	determiner_noun_agreement	Write a natural, coherent English sentence.
525	14	Nancy talks about these content children.	Nancy talks about this content children.	-72.5	-72.5	-10.375	-10.375	False	False	morphology	determiner_noun_agreement	Write a natural, coherent English sentence.
526	14	Regina found this lost ox.	Regina found these lost ox.	-83.0	-83.0	-10.375	-10.375	False	False	morphology	determiner_noun_agreement	Write a natural, coherent English sentence.
527	14	Emily had respected that clever man.	Emily had respected those clever man.	-72.5	-72.5	-10.375	-10.375	False	False	morphology	determiner_noun_agreement	Write a natural, coherent English sentence.
528	14	Kathleen has worked with this confident man.	Kathleen has worked with these confident man.	-93.5	-93.5	-10.375	-10.375	False	False	morphology	determiner_noun_agreement	Write a natural, coherent English sentence.
529	14	Most customers are distracting these determined children.	Most customers are distracting this determined children.	-93.0	-93.0	-10.375	-10.375	False	False	morphology	determiner_noun_agreement	Write a natural, coherent English sentence.
530	14	Rachelle didn't cure this black octopus.	Rachelle didn't cure these black octopus.	-124.0	-124.5	-10.375	-10.375	True	False	morphology	determiner_noun_agreement	Write a natural, coherent English sentence.
531	14	Steven hugs these standing men.	Steven hugs this standing men.	-72.5	-72.5	-10.375	-10.375	False	False	morphology	determiner_noun_agreement	Write a natural, coherent English sentence.
532	14	Every popsicle shocked those excited men.	Every popsicle shocked that excited men.	-93.5	-93.5	-10.375	-10.375	False	False	morphology	determiner_noun_agreement	Write a natural, coherent English sentence.
533	14	Sonia lifts that new oasis.	Sonia lifts those new oasis.	-93.0	-93.0	-10.3125	-10.3125	False	False	morphology	determiner_noun_agreement	Write a natural, coherent English sentence.
534	14	Cheryl might tour that purple oasis.	Cheryl might tour those purple oasis.	-93.0	-93.0	-10.3125	-10.3125	False	False	morphology	determiner_noun_agreement	Write a natural, coherent English sentence.
535	14	This doctor appreciates this bad child.	This doctor appreciates these bad child.	-83.0	-83.0	-10.375	-10.375	False	False	morphology	determiner_noun_agreement	Write a natural, coherent English sentence.
536	14	Leslie breaks those red feet.	Leslie breaks that red feet.	-72.5	-72.5	-10.375	-10.375	False	False	morphology	determiner_noun_agreement	Write a natural, coherent English sentence.
537	14	Bethany hasn't hidden that yellow louse.	Bethany hasn't hidden those yellow louse.	-114.0	-114.0	-10.375	-10.375	False	False	morphology	determiner_noun_agreement	Write a natural, coherent English sentence.
538	14	Some people have criticized this brown thesis.	Some people have criticized these brown thesis.	-93.0	-93.0	-10.3125	-10.3125	False	False	morphology	determiner_noun_agreement	Write a natural, coherent English sentence.
539	14	Noah heals this determined child.	Noah heals these determined child.	-72.5	-72.5	-10.375	-10.375	False	False	morphology	determiner_noun_agreement	Write a natural, coherent English sentence.
540	14	Kevin biked to those big oases.	Kevin biked to that big oases.	-103.5	-103.5	-10.375	-10.375	False	False	morphology	determiner_noun_agreement	Write a natural, coherent English sentence.
541	14	Wayne hadn't bored these sick men.	Wayne hadn't bored this sick men.	-93.5	-93.5	-10.375	-10.375	False	False	morphology	determiner_noun_agreement	Write a natural, coherent English sentence.
542	14	Amy returns to those young alumni.	Amy returns to that young alumni.	-93.5	-93.0	-10.375	-10.375	False	False	morphology	determiner_noun_agreement	Write a natural, coherent English sentence.
543	14	That gate did aggravate this excited woman.	That gate did aggravate these excited woman.	-103.5	-103.5	-10.375	-10.375	False	False	morphology	determiner_noun_agreement	Write a natural, coherent English sentence.
544	14	Melissa observes that bad child.	Melissa observes those bad child.	-83.0	-83.0	-10.375	-10.375	False	False	morphology	determiner_noun_agreement	Write a natural, coherent English sentence.
545	14	Kathleen wasn't scanning those long synopses.	Kathleen wasn't scanning that long synopses.	-135.0	-135.0	-10.375	-10.375	False	False	morphology	determiner_noun_agreement	Write a natural, coherent English sentence.
546	14	That guy dropped by these white oases.	That guy dropped by this white oases.	-93.0	-93.0	-10.375	-10.375	False	False	morphology	determiner_noun_agreement	Write a natural, coherent English sentence.
547	14	Every child might fire this serious child.	Every child might fire these serious child.	-83.0	-83.0	-10.375	-10.375	False	False	morphology	determiner_noun_agreement	Write a natural, coherent English sentence.
548	14	Meredith had concealed that black thesis.	Meredith had concealed those black thesis.	-104.0	-104.0	-10.375	-10.375	False	False	morphology	determiner_noun_agreement	Write a natural, coherent English sentence.
549	14	Randolf didn't see these blue teeth.	Randolf didn't see this blue teeth.	-104.0	-104.0	-10.375	-10.375	False	False	morphology	determiner_noun_agreement	Write a natural, coherent English sentence.
550	14	Some guy passes that rough oasis.	Some guy passes those rough oasis.	-83.0	-83.0	-10.375	-10.375	False	False	morphology	determiner_noun_agreement	Write a natural, coherent English sentence.
551	14	Guys hurts that smart man.	Guys hurts those smart man.	-83.0	-83.0	-10.375	-10.375	False	False	morphology	determiner_noun_agreement	Write a natural, coherent English sentence.
552	14	Many museums should describe this fast man.	Many museums should describe these fast man.	-93.0	-93.0	-10.375	-10.375	False	False	morphology	determiner_noun_agreement	Write a natural, coherent English sentence.
553	14	A lot of chairs haven't embarrassed this serious man.	A lot of chairs haven't embarrassed these serious man.	-124.0	-124.5	-10.375	-10.375	True	False	morphology	determiner_noun_agreement	Write a natural, coherent English sentence.
554	14	Emily talked about that ill alumnus.	Emily talked about those ill alumnus.	-93.0	-93.0	-10.375	-10.375	False	False	morphology	determiner_noun_agreement	Write a natural, coherent English sentence.
555	14	A lot of girls notice these black lice.	A lot of girls notice this black lice.	-103.5	-103.5	-10.375	-10.375	False	False	morphology	determiner_noun_agreement	Write a natural, coherent English sentence.
556	14	Those schools reference that green thesis.	Those schools reference those green thesis.	-72.5	-72.5	-10.375	-10.375	False	False	morphology	determiner_noun_agreement	Write a natural, coherent English sentence.
557	14	Bradley had bored this delighted alumnus.	Bradley had bored these delighted alumnus.	-103.5	-103.5	-10.375	-10.375	False	False	morphology	determiner_noun_agreement	Write a natural, coherent English sentence.
558	14	Melinda scares this good woman.	Melinda scares these good woman.	-83.0	-83.0	-10.375	-10.375	False	False	morphology	determiner_noun_agreement	Write a natural, coherent English sentence.
559	14	Those pedestrians go to those big oases.	Those pedestrians go to that big oases.	-114.0	-114.0	-10.375	-10.375	False	False	morphology	determiner_noun_agreement	Write a natural, coherent English sentence.
560	14	Many doctors escaped from that lost child.	Many doctors escaped from those lost child.	-83.0	-83.0	-10.375	-10.375	False	False	morphology	determiner_noun_agreement	Write a natural, coherent English sentence.
561	14	Tamara isn't revealing that orange ox.	Tamara isn't revealing those orange ox.	-103.5	-103.5	-10.375	-10.375	False	False	morphology	determiner_noun_agreement	Write a natural, coherent English sentence.
562	14	Many patients arrive at that hidden oasis.	Many patients arrive at those hidden oasis.	-93.0	-93.0	-10.375	-10.375	False	False	morphology	determiner_noun_agreement	Write a natural, coherent English sentence.
563	14	Beth leaves these happy children.	Beth leaves this happy children.	-62.25	-62.25	-10.375	-10.375	False	False	morphology	determiner_noun_agreement	Write a natural, coherent English sentence.
564	14	Deanna broke that yellow foot.	Deanna broke those yellow foot.	-72.5	-73.0	-10.375	-10.375	True	False	morphology	determiner_noun_agreement	Write a natural, coherent English sentence.
565	14	Jessica had talked to that concealed man.	Jessica had talked to those concealed man.	-93.5	-93.5	-10.375	-10.375	False	False	morphology	determiner_noun_agreement	Write a natural, coherent English sentence.
566	14	Those actors praise those long synopses.	Those actors praise that long synopses.	-93.5	-93.5	-10.375	-10.375	False	False	morphology	determiner_noun_agreement	Write a natural, coherent English sentence.
567	14	This coat hasn't astounded these popular men.	This coat hasn't astounded this popular men.	-124.5	-124.5	-10.375	-10.375	False	False	morphology	determiner_noun_agreement	Write a natural, coherent English sentence.
568	14	Wendy does talk to this scared alumnus.	Wendy does talk to these scared alumnus.	-114.0	-114.0	-10.375	-10.375	False	False	morphology	determiner_noun_agreement	Write a natural, coherent English sentence.
569	14	Christine is questioning these happy men.	Christine is questioning this happy men.	-83.0	-83.0	-10.375	-10.375	False	False	morphology	determiner_noun_agreement	Write a natural, coherent English sentence.
570	14	All doctors loved that displeased man.	All doctors loved those displeased man.	-93.5	-93.5	-10.375	-10.375	False	False	morphology	determiner_noun_agreement	Write a natural, coherent English sentence.
571	14	Waitresses researched these long synopses.	Waitresses researched this long synopses.	-135.0	-135.0	-10.375	-10.375	False	False	morphology	determiner_noun_agreement	Write a natural, coherent English sentence.
572	14	Alexander can flee from this nice woman.	Alexander can flee from these nice woman.	-93.5	-93.5	-10.375	-10.375	False	False	morphology	determiner_noun_agreement	Write a natural, coherent English sentence.
573	14	Walter hadn't hated this fast man.	Walter hadn't hated these fast man.	-93.5	-93.5	-10.375	-10.375	False	False	morphology	determiner_noun_agreement	Write a natural, coherent English sentence.
574	14	Those cashiers buy those smooth lice.	Those cashiers buy that smooth lice.	-93.0	-93.0	-10.375	-10.375	False	False	morphology	determiner_noun_agreement	Write a natural, coherent English sentence.
575	14	Sonia hid that determined child.	Sonia hid those determined child.	-72.5	-72.5	-10.375	-10.375	False	False	morphology	determiner_noun_agreement	Write a natural, coherent English sentence.
576	14	Barbara is observing that excited person.	Barbara is observing those excited person.	-83.0	-83.0	-10.375	-10.375	False	False	morphology	determiner_noun_agreement	Write a natural, coherent English sentence.
577	14	That company stuns these unconvinced women.	That company stuns this unconvinced women.	-114.0	-114.0	-10.375	-10.375	False	False	morphology	determiner_noun_agreement	Write a natural, coherent English sentence.
578	14	Paul thought about those bad theses.	Paul thought about that bad theses.	-83.0	-83.0	-10.375	-10.375	False	False	morphology	determiner_noun_agreement	Write a natural, coherent English sentence.
579	14	Victoria escaped from these displeased children.	Victoria escaped from this displeased children.	-93.5	-93.0	-10.375	-10.375	False	False	morphology	determiner_noun_agreement	Write a natural, coherent English sentence.
580	14	Brad notices this big octopus.	Brad notices these big octopus.	-93.0	-93.0	-10.375	-10.375	False	False	morphology	determiner_noun_agreement	Write a natural, coherent English sentence.
581	14	Adam is praising those yellow theses.	Adam is praising that yellow theses.	-93.5	-93.5	-10.375	-10.375	False	False	morphology	determiner_noun_agreement	Write a natural, coherent English sentence.
582	14	Douglas did tour those hidden oases.	Douglas did tour that hidden oases.	-83.0	-83.0	-10.375	-10.375	False	False	morphology	determiner_noun_agreement	Write a natural, coherent English sentence.
583	14	Gerald couldn't know these happy men.	Gerald couldn't know this happy men.	-104.0	-104.0	-10.375	-10.375	False	False	morphology	determiner_noun_agreement	Write a natural, coherent English sentence.
584	14	Those women hug that smart man.	Those women hug those smart man.	-72.5	-72.5	-10.375	-10.375	False	False	morphology	determiner_noun_agreement	Write a natural, coherent English sentence.
585	14	These senators wouldn't forget that long synopsis.	These senators wouldn't forget those long synopsis.	-124.5	-124.5	-10.375	-10.375	False	False	morphology	determiner_noun_agreement	Write a natural, coherent English sentence.
586	14	Edward took those lost stimuli.	Edward took that lost stimuli.	-72.5	-72.5	-10.375	-10.375	False	False	morphology	determiner_noun_agreement	Write a natural, coherent English sentence.
587	14	The waitresses did know this lucky person.	The waitresses did know these lucky person.	-103.5	-103.5	-10.375	-10.375	False	False	morphology	determiner_noun_agreement	Write a natural, coherent English sentence.
588	14	That library might love this important person.	That library might love these important person.	-83.0	-83.0	-10.375	-10.375	False	False	morphology	determiner_noun_agreement	Write a natural, coherent English sentence.
589	14	Carrie was healing this gray octopus.	Carrie was healing these gray octopus.	-103.5	-103.5	-10.375	-10.375	False	False	morphology	determiner_noun_agreement	Write a natural, coherent English sentence.
590	14	Sonia hadn't cleaned those gray teeth.	Sonia hadn't cleaned that gray teeth.	-103.5	-103.5	-10.375	-10.375	False	False	morphology	determiner_noun_agreement	Write a natural, coherent English sentence.
591	14	The Lutherans alarmed this confident woman.	The Lutherans alarmed these confident woman.	-93.5	-93.5	-10.375	-10.375	False	False	morphology	determiner_noun_agreement	Write a natural, coherent English sentence.
592	14	This shirt impressed those popular people.	This shirt impressed that popular people.	-72.5	-73.0	-10.375	-10.375	True	False	morphology	determiner_noun_agreement	Write a natural, coherent English sentence.
593	14	Some schools love that employed person.	Some schools love those employed person.	-72.5	-72.5	-10.375	-10.375	False	False	morphology	determiner_noun_agreement	Write a natural, coherent English sentence.
594	14	Valerie hasn't known this young child.	Valerie hasn't known these young child.	-103.5	-103.5	-10.375	-10.375	False	False	morphology	determiner_noun_agreement	Write a natural, coherent English sentence.
595	14	Scott respected those displeased men.	Scott respected that displeased men.	-83.0	-83.0	-10.375	-10.375	False	False	morphology	determiner_noun_agreement	Write a natural, coherent English sentence.
596	14	The ladies work with those lost children.	The ladies work with that lost children.	-83.0	-83.0	-10.375	-10.375	False	False	morphology	determiner_noun_agreement	Write a natural, coherent English sentence.
597	14	Dawn had biked to this small oasis.	Dawn had biked to these small oasis.	-124.5	-124.0	-10.375	-10.375	False	False	morphology	determiner_noun_agreement	Write a natural, coherent English sentence.
598	14	Samantha would explore that gray oasis.	Samantha would explore those gray oasis.	-103.5	-103.5	-10.375	-10.3125	False	False	morphology	determiner_noun_agreement	Write a natural, coherent English sentence.
599	14	All steps upset those unemployed men.	All steps upset that unemployed men.	-83.0	-83.0	-10.375	-10.375	False	False	morphology	determiner_noun_agreement	Write a natural, coherent English sentence.
600	14	Marla has described that unemployed woman.	Marla has described those unemployed woman.	-93.5	-93.5	-10.375	-10.375	False	False	morphology	determiner_noun_agreement	Write a natural, coherent English sentence.
601	14	Most universities bore those excited children.	Most universities bore that excited children.	-72.5	-72.5	-10.375	-10.375	False	False	morphology	determiner_noun_agreement	Write a natural, coherent English sentence.
602	14	These banks should reference that purple thesis.	These banks should reference those purple thesis.	-83.0	-83.0	-10.375	-10.375	False	False	morphology	determiner_noun_agreement	Write a natural, coherent English sentence.
603	14	Sherry brought those concealed geese.	Sherry brought that concealed geese.	-93.5	-93.5	-10.375	-10.375	False	False	morphology	determiner_noun_agreement	Write a natural, coherent English sentence.
604	14	Many pedestrians complain about these long analyses.	Many pedestrians complain about this long analyses.	-114.0	-114.0	-10.375	-10.375	False	False	morphology	determiner_noun_agreement	Write a natural, coherent English sentence.
605	14	Theresa fixed these small teeth.	Theresa fixed this small teeth.	-72.5	-72.5	-10.375	-10.375	False	False	morphology	determiner_noun_agreement	Write a natural, coherent English sentence.
606	14	This lake disturbed those unconvinced men.	This lake disturbed that unconvinced men.	-114.0	-114.0	-10.375	-10.375	False	False	morphology	determiner_noun_agreement	Write a natural, coherent English sentence.
607	14	Catherine was talking about those bad synopses.	Catherine was talking about that bad synopses.	-103.5	-103.5	-10.375	-10.375	False	False	morphology	determiner_noun_agreement	Write a natural, coherent English sentence.
608	14	Alicia had escaped from these hidden men.	Alicia had escaped from this hidden men.	-103.5	-103.5	-10.375	-10.375	False	False	morphology	determiner_noun_agreement	Write a natural, coherent English sentence.
609	14	Natalie hasn't worked with this confident woman.	Natalie hasn't worked with these confident woman.	-114.0	-114.0	-10.375	-10.375	False	False	morphology	determiner_noun_agreement	Write a natural, coherent English sentence.
610	14	Amelia annoyed this smart man.	Amelia annoyed these smart man.	-83.0	-83.0	-10.375	-10.375	False	False	morphology	determiner_noun_agreement	Write a natural, coherent English sentence.
611	14	Every guest is irritating this serious child.	Every guest is irritating these serious child.	-93.5	-93.5	-10.375	-10.375	False	False	morphology	determiner_noun_agreement	Write a natural, coherent English sentence.
612	14	All reports annoyed this hopeful person.	All reports annoyed these hopeful person.	-93.0	-93.0	-10.375	-10.375	False	False	morphology	determiner_noun_agreement	Write a natural, coherent English sentence.
613	14	These women break those orange teeth.	These women break that orange teeth.	-72.5	-72.5	-10.375	-10.375	False	False	morphology	determiner_noun_agreement	Write a natural, coherent English sentence.
614	14	Christopher could shock this excited child.	Christopher could shock these excited child.	-72.5	-72.5	-10.375	-10.375	False	False	morphology	determiner_noun_agreement	Write a natural, coherent English sentence.
615	14	This spotlight hasn't disgusted that employed child.	This spotlight hasn't disgusted those employed child.	-124.0	-124.5	-10.375	-10.375	True	False	morphology	determiner_noun_agreement	Write a natural, coherent English sentence.
616	14	Samantha fled from that busy child.	Samantha fled from those busy child.	-93.0	-93.0	-10.375	-10.375	False	False	morphology	determiner_noun_agreement	Write a natural, coherent English sentence.
617	14	Lucille arrived at that hard oasis.	Lucille arrived at those hard oasis.	-93.0	-93.0	-10.375	-10.375	False	False	morphology	determiner_noun_agreement	Write a natural, coherent English sentence.
618	14	All teachers see those yellow lice.	All teachers see that yellow lice.	-83.0	-83.0	-10.375	-10.375	False	False	morphology	determiner_noun_agreement	Write a natural, coherent English sentence.
619	14	Some photographs haven't looked like these small octopi.	Some photographs haven't looked like this small octopi.	-135.0	-135.0	-10.375	-10.375	False	False	morphology	determiner_noun_agreement	Write a natural, coherent English sentence.
620	14	Danielle brought those blue feet.	Danielle brought that blue feet.	-72.5	-72.5	-10.375	-10.375	False	False	morphology	determiner_noun_agreement	Write a natural, coherent English sentence.
621	14	Todd hadn't left those exposed men.	Todd hadn't left that exposed men.	-93.0	-93.5	-10.375	-10.375	True	False	morphology	determiner_noun_agreement	Write a natural, coherent English sentence.
622	14	Some doctors embarrasses those delighted alumni.	Some doctors embarrasses that delighted alumni.	-103.5	-104.0	-10.375	-10.375	True	False	morphology	determiner_noun_agreement	Write a natural, coherent English sentence.
623	14	The actresses forget that unemployed alumnus.	The actresses forget those unemployed alumnus.	-114.0	-114.0	-10.375	-10.375	False	False	morphology	determiner_noun_agreement	Write a natural, coherent English sentence.
624	14	A lot of socks alarm this unsure alumnus.	A lot of socks alarm these unsure alumnus.	-124.0	-124.0	-10.375	-10.375	False	False	morphology	determiner_noun_agreement	Write a natural, coherent English sentence.
625	14	The customers are thinking about that busy child.	The customers are thinking about those busy child.	-93.0	-93.0	-10.375	-10.375	False	False	morphology	determiner_noun_agreement	Write a natural, coherent English sentence.
626	14	Kristin wasn't kissing those small men.	Kristin wasn't kissing that small men.	-114.0	-114.0	-10.375	-10.375	False	False	morphology	determiner_noun_agreement	Write a natural, coherent English sentence.
627	14	Omar hasn't broken this broken foot.	Omar hasn't broken these broken foot.	-103.5	-103.5	-10.375	-10.375	False	False	morphology	determiner_noun_agreement	Write a natural, coherent English sentence.
628	14	The actress worked with this nice woman.	The actress worked with these nice woman.	-83.0	-83.0	-10.375	-10.375	False	False	morphology	determiner_noun_agreement	Write a natural, coherent English sentence.
629	14	Patients insult these happy people.	Patients insult this happy people.	-72.5	-72.5	-10.375	-10.375	False	False	morphology	determiner_noun_agreement	Write a natural, coherent English sentence.
630	14	Spain bought those orange lice.	Spain bought that orange lice.	-72.5	-72.5	-10.375	-10.375	False	False	morphology	determiner_noun_agreement	Write a natural, coherent English sentence.
631	14	Those waiters didn't kiss this unlucky child.	Those waiters didn't kiss these unlucky child.	-135.0	-134.0	-10.375	-10.375	False	False	morphology	determiner_noun_agreement	Write a natural, coherent English sentence.
632	14	Jennifer isn't touring these old oases.	Jennifer isn't touring this old oases.	-114.0	-114.0	-10.375	-10.375	False	False	morphology	determiner_noun_agreement	Write a natural, coherent English sentence.
633	14	Glaciers upset this small child.	Glaciers upset these small child.	-83.0	-83.0	-10.375	-10.375	False	False	morphology	determiner_noun_agreement	Write a natural, coherent English sentence.
634	14	John investigated these old men.	John investigated this old men.	-62.25	-62.25	-10.375	-10.375	False	False	morphology	determiner_noun_agreement	Write a natural, coherent English sentence.
635	14	Some doctors hated these yellow theses.	Some doctors hated this yellow theses.	-83.0	-83.0	-10.375	-10.375	False	False	morphology	determiner_noun_agreement	Write a natural, coherent English sentence.
636	14	Linda described that clever man.	Linda described those clever man.	-62.25	-62.25	-10.375	-10.375	False	False	morphology	determiner_noun_agreement	Write a natural, coherent English sentence.
637	14	Many drawings are looking like these excited women.	Many drawings are looking like this excited women.	-93.5	-93.5	-10.375	-10.375	False	False	morphology	determiner_noun_agreement	Write a natural, coherent English sentence.
638	14	Mitchell had concealed that small tooth.	Mitchell had concealed those small tooth.	-83.0	-83.0	-10.375	-10.375	False	False	morphology	determiner_noun_agreement	Write a natural, coherent English sentence.
639	14	Every dog had irritated this young child.	Every dog had irritated these young child.	-93.0	-93.0	-10.375	-10.375	False	False	morphology	determiner_noun_agreement	Write a natural, coherent English sentence.
640	14	Some doctors lift this exposed ox.	Some doctors lift these exposed ox.	-72.5	-72.5	-10.375	-10.375	False	False	morphology	determiner_noun_agreement	Write a natural, coherent English sentence.
641	14	Valerie was disgusting that happy woman.	Valerie was disgusting those happy woman.	-93.5	-93.5	-10.375	-10.375	False	False	morphology	determiner_noun_agreement	Write a natural, coherent English sentence.
642	14	Claire hugs those clever men.	Claire hugs that clever men.	-72.5	-72.5	-10.375	-10.375	False	False	morphology	determiner_noun_agreement	Write a natural, coherent English sentence.
643	14	All adults go to these white oases.	All adults go to this white oases.	-93.0	-93.0	-10.375	-10.375	False	False	morphology	determiner_noun_agreement	Write a natural, coherent English sentence.
644	14	Bill observed this nice child.	Bill observed these nice child.	-62.25	-62.25	-10.375	-10.375	False	False	morphology	determiner_noun_agreement	Write a natural, coherent English sentence.
645	14	Diana kissed these delighted alumni.	Diana kissed this delighted alumni.	-83.0	-83.0	-10.375	-10.375	False	False	morphology	determiner_noun_agreement	Write a natural, coherent English sentence.
646	14	Governments are describing those sick people.	Governments are describing that sick people.	-83.0	-83.0	-10.375	-10.375	False	False	morphology	determiner_noun_agreement	Write a natural, coherent English sentence.
647	14	The doctors cure that young woman.	The doctors cure those young woman.	-72.5	-72.5	-10.375	-10.375	False	False	morphology	determiner_noun_agreement	Write a natural, coherent English sentence.
648	14	Dancers did disagree with this ill child.	Dancers did disagree with these ill child.	-93.0	-93.0	-10.375	-10.375	False	False	morphology	determiner_noun_agreement	Write a natural, coherent English sentence.
649	14	Veronica couldn't embarrass these exposed men.	Veronica couldn't embarrass this exposed men.	-114.0	-114.0	-10.375	-10.375	False	False	morphology	determiner_noun_agreement	Write a natural, coherent English sentence.
650	14	The students cared for that delighted man.	The students cared for those delighted man.	-83.0	-83.0	-10.375	-10.375	False	False	morphology	determiner_noun_agreement	Write a natural, coherent English sentence.
651	14	Steve conceals these important men.	Steve conceals this important men.	-72.5	-72.5	-10.375	-10.375	False	False	morphology	determiner_noun_agreement	Write a natural, coherent English sentence.
652	14	These actresses will talk to these content men.	These actresses will talk to this content men.	-103.5	-103.5	-10.375	-10.375	False	False	morphology	determiner_noun_agreement	Write a natural, coherent English sentence.
653	14	That teenager wouldn't buy these rough oxen.	That teenager wouldn't buy this rough oxen.	-114.0	-114.0	-10.375	-10.375	False	False	morphology	determiner_noun_agreement	Write a natural, coherent English sentence.
654	14	Sheila wouldn't kiss that happy child.	Sheila wouldn't kiss those happy child.	-103.5	-103.5	-10.375	-10.375	False	False	morphology	determiner_noun_agreement	Write a natural, coherent English sentence.
655	14	Erin drove to these out in the open oases.	Erin drove to this out in the open oases.	-124.5	-124.0	-10.375	-10.375	False	False	morphology	determiner_noun_agreement	Write a natural, coherent English sentence.
656	14	Every hat has embarrassed those hopeful people.	Every hat has embarrassed that hopeful people.	-93.0	-93.0	-10.375	-10.375	False	False	morphology	determiner_noun_agreement	Write a natural, coherent English sentence.
657	14	Every man is fleeing from that exposed oasis.	Every man is fleeing from those exposed oasis.	-114.0	-114.0	-10.375	-10.375	False	False	morphology	determiner_noun_agreement	Write a natural, coherent English sentence.
658	14	Some adults visit this ill man.	Some adults visit these ill man.	-72.5	-72.5	-10.375	-10.375	False	False	morphology	determiner_noun_agreement	Write a natural, coherent English sentence.
659	14	Janet did lift that good thesis.	Janet did lift those good thesis.	-83.0	-83.0	-10.375	-10.375	False	False	morphology	determiner_noun_agreement	Write a natural, coherent English sentence.
660	14	Katherine was cleaning this orange tooth.	Katherine was cleaning these orange tooth.	-83.0	-83.0	-10.375	-10.375	False	False	morphology	determiner_noun_agreement	Write a natural, coherent English sentence.
661	14	A lot of tomatoes can't confuse these ill alumni.	A lot of tomatoes can't confuse this ill alumni.	-166.0	-166.0	-10.375	-10.375	False	False	morphology	determiner_noun_agreement	Write a natural, coherent English sentence.
662	14	Rose goes to those out in the open oases.	Rose goes to that out in the open oases.	-114.0	-114.0	-10.375	-10.375	False	False	morphology	determiner_noun_agreement	Write a natural, coherent English sentence.
663	14	These governments criticize those gray oases.	These governments criticize that gray oases.	-93.5	-93.5	-10.375	-10.375	False	False	morphology	determiner_noun_agreement	Write a natural, coherent English sentence.
664	14	Kevin forgot those delighted men.	Kevin forgot that delighted men.	-62.25	-62.25	-10.375	-10.375	False	False	morphology	determiner_noun_agreement	Write a natural, coherent English sentence.
665	14	Most companies describe that long analysis.	Most companies describe those long analysis.	-72.5	-72.5	-10.375	-10.375	False	False	morphology	determiner_noun_agreement	Write a natural, coherent English sentence.
666	14	Vincent was skated around this small oasis.	Vincent was skated around these small oasis.	-103.5	-103.5	-10.375	-10.375	False	False	morphology	determiner_noun_agreement	Write a natural, coherent English sentence.
667	14	Many guys arrive at these out in the open oases.	Many guys arrive at this out in the open oases.	-124.0	-124.0	-10.375	-10.375	False	False	morphology	determiner_noun_agreement	Write a natural, coherent English sentence.
668	14	Gregory hadn't revealed these lost fungi.	Gregory hadn't revealed this lost fungi.	-104.0	-104.0	-10.375	-10.375	False	False	morphology	determiner_noun_agreement	Write a natural, coherent English sentence.
669	14	The cake stuns this standing man.	The cake stuns these standing man.	-83.0	-83.0	-10.375	-10.375	False	False	morphology	determiner_noun_agreement	Write a natural, coherent English sentence.
670	14	Cheryl isn't irritating that clever man.	Cheryl isn't irritating those clever man.	-114.0	-114.0	-10.375	-10.375	False	False	morphology	determiner_noun_agreement	Write a natural, coherent English sentence.
671	14	Some cat bores those old children.	Some cat bores that old children.	-83.0	-83.0	-10.375	-10.375	False	False	morphology	determiner_noun_agreement	Write a natural, coherent English sentence.
672	14	The actress knows that delighted child.	The actress knows those delighted child.	-72.5	-72.5	-10.375	-10.375	False	False	morphology	determiner_noun_agreement	Write a natural, coherent English sentence.
673	14	That actress had driven to these hidden oases.	That actress had driven to this hidden oases.	-103.5	-104.0	-10.375	-10.375	True	False	morphology	determiner_noun_agreement	Write a natural, coherent English sentence.
674	14	The Lutherans arrive at this cheap oasis.	The Lutherans arrive at these cheap oasis.	-103.5	-103.5	-10.375	-10.375	False	False	morphology	determiner_noun_agreement	Write a natural, coherent English sentence.
675	14	Diane was kissing those lost women.	Diane was kissing that lost women.	-93.5	-93.0	-10.375	-10.375	False	False	morphology	determiner_noun_agreement	Write a natural, coherent English sentence.
676	14	Larry disturbs this employed woman.	Larry disturbs these employed woman.	-83.0	-83.0	-10.375	-10.375	False	False	morphology	determiner_noun_agreement	Write a natural, coherent English sentence.
677	14	Pies shock this upset woman.	Pies shock these upset woman.	-73.0	-73.0	-10.375	-10.375	False	False	morphology	determiner_noun_agreement	Write a natural, coherent English sentence.
678	14	Some waiters hug this content alumnus.	Some waiters hug these content alumnus.	-103.5	-103.5	-10.375	-10.375	False	False	morphology	determiner_noun_agreement	Write a natural, coherent English sentence.
679	14	Anna talked to those unsure men.	Anna talked to that unsure men.	-83.0	-83.0	-10.375	-10.375	False	False	morphology	determiner_noun_agreement	Write a natural, coherent English sentence.
680	14	This school bores this determined man.	This school bores these determined man.	-83.0	-83.0	-10.375	-10.375	False	False	morphology	determiner_noun_agreement	Write a natural, coherent English sentence.
681	14	Omar had thought about these unemployed men.	Omar had thought about this unemployed men.	-103.5	-103.5	-10.375	-10.375	False	False	morphology	determiner_noun_agreement	Write a natural, coherent English sentence.
682	14	Winston Churchill cleaned these big nuclei.	Winston Churchill cleaned this big nuclei.	-103.5	-103.5	-10.375	-10.375	False	False	morphology	determiner_noun_agreement	Write a natural, coherent English sentence.
683	14	These organizations aren't concealing that exposed child.	These organizations aren't concealing those exposed child.	-114.0	-114.0	-10.375	-10.375	False	False	morphology	determiner_noun_agreement	Write a natural, coherent English sentence.
684	14	Erin bought this concealed axis.	Erin bought these concealed axis.	-83.0	-83.0	-10.375	-10.375	False	False	morphology	determiner_noun_agreement	Write a natural, coherent English sentence.
685	14	Dan examines this long analysis.	Dan examines these long analysis.	-72.5	-72.5	-10.375	-10.375	False	False	morphology	determiner_noun_agreement	Write a natural, coherent English sentence.
686	14	These drivers concealed these gray oxen.	These drivers concealed this gray oxen.	-93.0	-93.0	-10.375	-10.375	False	False	morphology	determiner_noun_agreement	Write a natural, coherent English sentence.
687	14	All children impresses this happy man.	All children impresses these happy man.	-83.0	-83.0	-10.375	-10.375	False	False	morphology	determiner_noun_agreement	Write a natural, coherent English sentence.
688	14	People will conceal that concealed man.	People will conceal those concealed man.	-93.0	-93.0	-10.375	-10.375	False	False	morphology	determiner_noun_agreement	Write a natural, coherent English sentence.
689	14	Some patient returns to this old man.	Some patient returns to these old man.	-83.0	-83.0	-10.375	-10.375	False	False	morphology	determiner_noun_agreement	Write a natural, coherent English sentence.
690	14	Many actresses discovered those big oases.	Many actresses discovered that big oases.	-93.0	-93.0	-10.3125	-10.375	False	True	morphology	determiner_noun_agreement	Write a natural, coherent English sentence.
691	14	The school talks about those young alumni.	The school talks about that young alumni.	-103.5	-103.5	-10.375	-10.375	False	False	morphology	determiner_noun_agreement	Write a natural, coherent English sentence.
692	14	Omar admired these blue fungi.	Omar admired this blue fungi.	-93.5	-93.5	-10.375	-10.375	False	False	morphology	determiner_noun_agreement	Write a natural, coherent English sentence.
693	14	Some school can't hate these good people.	Some school can't hate this good people.	-104.0	-104.0	-10.375	-10.375	False	False	morphology	determiner_noun_agreement	Write a natural, coherent English sentence.
694	14	A lot of eggplants wouldn't disturb that determined woman.	A lot of eggplants wouldn't disturb those determined woman.	-145.0	-145.0	-10.375	-10.375	False	False	morphology	determiner_noun_agreement	Write a natural, coherent English sentence.
695	14	That cake could annoy these uncertain men.	That cake could annoy this uncertain men.	-83.0	-83.0	-10.375	-10.375	False	False	morphology	determiner_noun_agreement	Write a natural, coherent English sentence.
696	14	Lamps are worrying these hopeful alumni.	Lamps are worrying this hopeful alumni.	-114.0	-114.0	-10.375	-10.375	False	False	morphology	determiner_noun_agreement	Write a natural, coherent English sentence.
697	14	A lot of eggplants bore these excited alumni.	A lot of eggplants bore this excited alumni.	-135.0	-135.0	-10.375	-10.375	False	False	morphology	determiner_noun_agreement	Write a natural, coherent English sentence.
698	14	A lot of teachers arrived at these old oases.	A lot of teachers arrived at this old oases.	-114.0	-114.0	-10.375	-10.3125	False	False	morphology	determiner_noun_agreement	Write a natural, coherent English sentence.
699	14	Most sweaters hurt those happy people.	Most sweaters hurt that happy people.	-83.0	-83.0	-10.375	-10.375	False	False	morphology	determiner_noun_agreement	Write a natural, coherent English sentence.
700	14	Tara scans those good analyses.	Tara scans that good analyses.	-93.5	-93.5	-10.375	-10.375	False	False	morphology	determiner_noun_agreement	Write a natural, coherent English sentence.
701	14	The man doesn't reference this out in the open woman.	The man doesn't reference these out in the open woman.	-135.0	-135.0	-10.375	-10.375	False	False	morphology	determiner_noun_agreement	Write a natural, coherent English sentence.
702	14	This cashier is leaving this employed person.	This cashier is leaving these employed person.	-93.5	-93.5	-10.375	-10.375	False	False	morphology	determiner_noun_agreement	Write a natural, coherent English sentence.
703	14	Bananas bother these clever alumni.	Bananas bother this clever alumni.	-93.0	-93.0	-10.375	-10.375	False	False	morphology	determiner_noun_agreement	Write a natural, coherent English sentence.
704	14	Some convertibles had worried those fast men.	Some convertibles had worried that fast men.	-93.0	-93.5	-10.375	-10.375	True	False	morphology	determiner_noun_agreement	Write a natural, coherent English sentence.
705	14	Carl bored those nice women.	Carl bored that nice women.	-62.5	-62.5	-10.375	-10.375	False	False	morphology	determiner_noun_agreement	Write a natural, coherent English sentence.
706	14	These teachers explore these old oases.	These teachers explore this old oases.	-83.0	-83.0	-10.375	-10.375	False	False	morphology	determiner_noun_agreement	Write a natural, coherent English sentence.
707	14	Many waiters work with this scared child.	Many waiters work with these scared child.	-93.0	-93.0	-10.375	-10.375	False	False	morphology	determiner_noun_agreement	Write a natural, coherent English sentence.
708	14	Committees admire that smart child.	Committees admire those smart child.	-93.0	-93.0	-10.375	-10.375	False	False	morphology	determiner_noun_agreement	Write a natural, coherent English sentence.
709	14	Matt approaches this exposed child.	Matt approaches these exposed child.	-62.25	-62.25	-10.375	-10.375	False	False	morphology	determiner_noun_agreement	Write a natural, coherent English sentence.
710	14	Brian talks to this lucky man.	Brian talks to these lucky man.	-72.5	-72.5	-10.375	-10.375	False	False	morphology	determiner_noun_agreement	Write a natural, coherent English sentence.
711	14	A boy isn't talking about that red oasis.	A boy isn't talking about those red oasis.	-124.0	-124.0	-10.375	-10.375	False	False	morphology	determiner_noun_agreement	Write a natural, coherent English sentence.
712	14	Phillip bought those black feet.	Phillip bought that black feet.	-72.5	-72.5	-10.375	-10.375	False	False	morphology	determiner_noun_agreement	Write a natural, coherent English sentence.
713	14	Eric isn't buying those brown geese.	Eric isn't buying that brown geese.	-104.0	-103.5	-10.375	-10.375	False	False	morphology	determiner_noun_agreement	Write a natural, coherent English sentence.
714	14	Elaine remembers this delighted woman.	Elaine remembers these delighted woman.	-83.0	-83.0	-10.375	-10.375	False	False	morphology	determiner_noun_agreement	Write a natural, coherent English sentence.
715	14	This pedestrian arrives at that smooth oasis.	This pedestrian arrives at those smooth oasis.	-103.5	-103.5	-10.375	-10.375	False	False	morphology	determiner_noun_agreement	Write a natural, coherent English sentence.
716	14	Those men forget these smart men.	Those men forget this smart men.	-72.5	-72.5	-10.375	-10.375	False	False	morphology	determiner_noun_agreement	Write a natural, coherent English sentence.
717	14	Tara might alarm this unsure person.	Tara might alarm these unsure person.	-93.5	-93.5	-10.375	-10.375	False	False	morphology	determiner_noun_agreement	Write a natural, coherent English sentence.
718	14	Vanessa was healing those purple geese.	Vanessa was healing that purple geese.	-93.5	-93.5	-10.375	-10.375	False	False	morphology	determiner_noun_agreement	Write a natural, coherent English sentence.
719	14	Steven hasn't questioned those troubled people.	Steven hasn't questioned that troubled people.	-103.5	-103.5	-10.375	-10.375	False	False	morphology	determiner_noun_agreement	Write a natural, coherent English sentence.
720	14	Thomas hides this clever woman.	Thomas hides these clever woman.	-72.5	-72.5	-10.375	-10.375	False	False	morphology	determiner_noun_agreement	Write a natural, coherent English sentence.
721	14	Most eyes confuse these content alumni.	Most eyes confuse this content alumni.	-103.5	-103.5	-10.375	-10.375	False	False	morphology	determiner_noun_agreement	Write a natural, coherent English sentence.
722	14	That dog aggravates this busy child.	That dog aggravates these busy child.	-93.0	-93.0	-10.375	-10.375	False	False	morphology	determiner_noun_agreement	Write a natural, coherent English sentence.
723	14	Karen has attacked this popular child.	Karen has attacked these popular child.	-72.5	-72.5	-10.375	-10.375	False	False	morphology	determiner_noun_agreement	Write a natural, coherent English sentence.
724	14	Heidi might confuse those displeased men.	Heidi might confuse that displeased men.	-114.0	-114.0	-10.375	-10.375	False	False	morphology	determiner_noun_agreement	Write a natural, coherent English sentence.
725	14	Maria kisses this bad person.	Maria kisses these bad person.	-72.5	-72.5	-10.375	-10.375	False	False	morphology	determiner_noun_agreement	Write a natural, coherent English sentence.
726	14	Tanya passes this purple oasis.	Tanya passes these purple oasis.	-83.0	-83.0	-10.375	-10.375	False	False	morphology	determiner_noun_agreement	Write a natural, coherent English sentence.
727	14	Marla has respected those delighted alumni.	Marla has respected that delighted alumni.	-104.0	-104.0	-10.375	-10.375	False	False	morphology	determiner_noun_agreement	Write a natural, coherent English sentence.
728	14	Paula is investigating this employed alumnus.	Paula is investigating these employed alumnus.	-114.0	-114.0	-10.375	-10.375	False	False	morphology	determiner_noun_agreement	Write a natural, coherent English sentence.
729	14	Most chairs aren't disgusting those serious women.	Most chairs aren't disgusting that serious women.	-114.0	-114.0	-10.375	-10.375	False	False	morphology	determiner_noun_agreement	Write a natural, coherent English sentence.
730	14	Men hadn't run around this purple oasis.	Men hadn't run around these purple oasis.	-114.0	-114.0	-10.375	-10.375	False	False	morphology	determiner_noun_agreement	Write a natural, coherent English sentence.
731	14	Tina hadn't arrived at those green oases.	Tina hadn't arrived at that green oases.	-124.5	-124.5	-10.375	-10.375	False	False	morphology	determiner_noun_agreement	Write a natural, coherent English sentence.
732	14	Karla knew this busy alumnus.	Karla knew these busy alumnus.	-93.0	-93.0	-10.375	-10.375	False	False	morphology	determiner_noun_agreement	Write a natural, coherent English sentence.
733	14	The actors care for these exposed people.	The actors care for this exposed people.	-83.0	-83.0	-10.375	-10.375	False	False	morphology	determiner_noun_agreement	Write a natural, coherent English sentence.
734	14	Michelle might alarm this employed man.	Michelle might alarm these employed man.	-72.5	-72.5	-10.375	-10.375	False	False	morphology	determiner_noun_agreement	Write a natural, coherent English sentence.
735	14	Maria hasn't walked through these hard oases.	Maria hasn't walked through this hard oases.	-114.0	-114.0	-10.375	-10.375	False	False	morphology	determiner_noun_agreement	Write a natural, coherent English sentence.
736	14	That report might disagree with those delighted men.	That report might disagree with that delighted men.	-93.0	-93.5	-10.375	-10.375	True	False	morphology	determiner_noun_agreement	Write a natural, coherent English sentence.
737	14	Actresses discuss this popular person.	Actresses discuss these popular person.	-82.5	-82.5	-10.3125	-10.3125	False	False	morphology	determiner_noun_agreement	Write a natural, coherent English sentence.
738	14	Holly won't watch these unlucky men.	Holly won't watch this unlucky men.	-114.0	-114.0	-10.375	-10.375	False	False	morphology	determiner_noun_agreement	Write a natural, coherent English sentence.
739	14	Carl was driving to those blue oases.	Carl was driving to that blue oases.	-93.5	-93.0	-10.375	-10.375	False	False	morphology	determiner_noun_agreement	Write a natural, coherent English sentence.
740	14	Bill passes that rough oasis.	Bill passes those rough oasis.	-72.5	-72.5	-10.375	-10.375	False	False	morphology	determiner_noun_agreement	Write a natural, coherent English sentence.
741	14	All men praise this good thesis.	All men praise these good thesis.	-72.5	-72.5	-10.375	-10.375	False	False	morphology	determiner_noun_agreement	Write a natural, coherent English sentence.
742	14	Many doctors should escape from these hopeful women.	Many doctors should escape from this hopeful women.	-103.5	-103.5	-10.375	-10.375	False	False	morphology	determiner_noun_agreement	Write a natural, coherent English sentence.
743	14	Many girls find these nice men.	Many girls find this nice men.	-72.5	-72.5	-10.375	-10.375	False	False	morphology	determiner_noun_agreement	Write a natural, coherent English sentence.
744	14	Every museum helps those concealed children.	Every museum helps that concealed children.	-83.0	-83.0	-10.375	-10.375	False	False	morphology	determiner_noun_agreement	Write a natural, coherent English sentence.
745	14	Marla was distracting these determined people.	Marla was distracting this determined people.	-93.5	-93.5	-10.375	-10.375	False	False	morphology	determiner_noun_agreement	Write a natural, coherent English sentence.
746	14	Those computers might confuse this nice child.	Those computers might confuse these nice child.	-93.5	-93.5	-10.375	-10.375	False	False	morphology	determiner_noun_agreement	Write a natural, coherent English sentence.
747	14	Tanya hasn't loved that content woman.	Tanya hasn't loved those content woman.	-104.0	-104.0	-10.375	-10.375	False	False	morphology	determiner_noun_agreement	Write a natural, coherent English sentence.
748	14	Theresa won't conceal those lost lice.	Theresa won't conceal that lost lice.	-124.5	-124.5	-10.375	-10.375	False	False	morphology	determiner_noun_agreement	Write a natural, coherent English sentence.
749	14	The Borgias do cure these out in the open octopi.	The Borgias do cure this out in the open octopi.	-156.0	-156.0	-10.375	-10.375	False	False	morphology	determiner_noun_agreement	Write a natural, coherent English sentence.
750	14	Kenneth messed up those lost teeth.	Kenneth messed up that lost teeth.	-93.0	-93.0	-10.3125	-10.375	False	True	morphology	determiner_noun_agreement	Write a natural, coherent English sentence.
751	14	Jodi doesn't alarm these unsure people.	Jodi doesn't alarm this unsure people.	-114.0	-114.0	-10.375	-10.375	False	False	morphology	determiner_noun_agreement	Write a natural, coherent English sentence.
752	14	This customer scans those good analyses.	This customer scans that good analyses.	-93.5	-93.0	-10.375	-10.375	False	False	morphology	determiner_noun_agreement	Write a natural, coherent English sentence.
753	14	Vincent can't watch this hopeful alumnus.	Vincent can't watch these hopeful alumnus.	-124.5	-124.0	-10.375	-10.375	False	False	morphology	determiner_noun_agreement	Write a natural, coherent English sentence.
754	14	Jodi talked to this unconvinced child.	Jodi talked to these unconvinced child.	-114.0	-114.0	-10.375	-10.375	False	False	morphology	determiner_noun_agreement	Write a natural, coherent English sentence.
755	14	Katherine exited these exposed oases.	Katherine exited this exposed oases.	-93.0	-93.0	-10.375	-10.375	False	False	morphology	determiner_noun_agreement	Write a natural, coherent English sentence.
756	14	Beverly hasn't brought these rough fungi.	Beverly hasn't brought this rough fungi.	-114.0	-114.0	-10.375	-10.375	False	False	morphology	determiner_noun_agreement	Write a natural, coherent English sentence.
757	14	That unicycle is boring those standing children.	That unicycle is boring that standing children.	-103.5	-103.5	-10.375	-10.375	False	False	morphology	determiner_noun_agreement	Write a natural, coherent English sentence.
758	14	That boy can't escape from those unsure children.	That boy can't escape from that unsure children.	-124.0	-124.5	-10.375	-10.375	True	False	morphology	determiner_noun_agreement	Write a natural, coherent English sentence.
759	14	An adult bought these black axes.	An adult bought this black axes.	-83.0	-83.0	-10.375	-10.375	False	False	morphology	determiner_noun_agreement	Write a natural, coherent English sentence.
760	14	Sara isn't kissing this nice woman.	Sara isn't kissing these nice woman.	-103.5	-103.5	-10.375	-10.375	False	False	morphology	determiner_noun_agreement	Write a natural, coherent English sentence.
761	14	Robert couldn't embarrass those scared people.	Robert couldn't embarrass that scared people.	-93.5	-93.5	-10.375	-10.375	False	False	morphology	determiner_noun_agreement	Write a natural, coherent English sentence.
762	14	Deborah had fled from that important woman.	Deborah had fled from those important woman.	-103.5	-103.5	-10.375	-10.375	False	False	morphology	determiner_noun_agreement	Write a natural, coherent English sentence.
763	14	Brenda discussed that serious woman.	Brenda discussed those serious woman.	-72.5	-72.5	-10.375	-10.375	False	False	morphology	determiner_noun_agreement	Write a natural, coherent English sentence.
764	14	Some women questioned that big woman.	Some women questioned those big woman.	-72.5	-72.5	-10.375	-10.375	False	False	morphology	determiner_noun_agreement	Write a natural, coherent English sentence.
765	14	Rodney didn't kiss those displeased women.	Rodney didn't kiss that displeased women.	-124.5	-124.5	-10.375	-10.375	False	False	morphology	determiner_noun_agreement	Write a natural, coherent English sentence.
766	14	Carrie can help those lost alumni.	Carrie can help that lost alumni.	-103.5	-103.5	-10.375	-10.375	False	False	morphology	determiner_noun_agreement	Write a natural, coherent English sentence.
767	14	Many guests approach this lucky man.	Many guests approach these lucky man.	-72.5	-72.5	-10.375	-10.375	False	False	morphology	determiner_noun_agreement	Write a natural, coherent English sentence.
768	14	Some student messes up that hard foot.	Some student messes up those hard foot.	-93.0	-93.0	-10.375	-10.375	False	False	morphology	determiner_noun_agreement	Write a natural, coherent English sentence.
769	14	Some men had skated around these hard oases.	Some men had skated around this hard oases.	-114.0	-114.0	-10.375	-10.375	False	False	morphology	determiner_noun_agreement	Write a natural, coherent English sentence.
770	14	Some light would annoy those happy alumni.	Some light would annoy that happy alumni.	-103.5	-103.5	-10.375	-10.375	False	False	morphology	determiner_noun_agreement	Write a natural, coherent English sentence.
771	14	Many casseroles shock these unconvinced men.	Many casseroles shock this unconvinced men.	-124.0	-124.0	-10.375	-10.375	False	False	morphology	determiner_noun_agreement	Write a natural, coherent English sentence.
772	14	Carl talks about those confident children.	Carl talks about that confident children.	-72.5	-72.5	-10.375	-10.375	False	False	morphology	determiner_noun_agreement	Write a natural, coherent English sentence.
773	14	Timothy was dropping by those new oases.	Timothy was dropping by that new oases.	-104.0	-103.5	-10.375	-10.375	False	False	morphology	determiner_noun_agreement	Write a natural, coherent English sentence.
774	14	Lori has approached these scared people.	Lori has approached this scared people.	-83.0	-83.0	-10.375	-10.375	False	False	morphology	determiner_noun_agreement	Write a natural, coherent English sentence.
775	14	Jodi wouldn't mess up those orange feet.	Jodi wouldn't mess up that orange feet.	-114.0	-114.0	-10.375	-10.375	False	False	morphology	determiner_noun_agreement	Write a natural, coherent English sentence.
776	14	This newspaper article will embarrass this determined child.	This newspaper article will embarrass these determined child.	-93.0	-93.5	-10.375	-10.375	True	False	morphology	determiner_noun_agreement	Write a natural, coherent English sentence.
777	14	A lot of guys conceal this long analysis.	A lot of guys conceal these long analysis.	-103.5	-103.5	-10.375	-10.375	False	False	morphology	determiner_noun_agreement	Write a natural, coherent English sentence.
778	14	Lawrence fired that serious woman.	Lawrence fired those serious woman.	-62.25	-62.25	-10.375	-10.375	False	False	morphology	determiner_noun_agreement	Write a natural, coherent English sentence.
779	14	This story didn't bore this serious man.	This story didn't bore these serious man.	-103.5	-104.0	-10.375	-10.375	True	False	morphology	determiner_noun_agreement	Write a natural, coherent English sentence.
780	14	Mary can't remember that clever person.	Mary can't remember those clever person.	-93.5	-93.5	-10.375	-10.375	False	False	morphology	determiner_noun_agreement	Write a natural, coherent English sentence.
781	14	Marie could listen to that big woman.	Marie could listen to those big woman.	-83.0	-83.0	-10.375	-10.375	False	False	morphology	determiner_noun_agreement	Write a natural, coherent English sentence.
782	14	Clyde had those exposed axes.	Clyde had that exposed axes.	-93.5	-93.5	-10.375	-10.375	False	False	morphology	determiner_noun_agreement	Write a natural, coherent English sentence.
783	14	Victoria has left these delighted men.	Victoria has left this delighted men.	-72.5	-72.5	-10.375	-10.375	False	False	morphology	determiner_noun_agreement	Write a natural, coherent English sentence.
784	14	The Impressionists disagree with those bad analyses.	The Impressionists disagree with that bad analyses.	-114.0	-114.0	-10.375	-10.375	False	False	morphology	determiner_noun_agreement	Write a natural, coherent English sentence.
785	14	Amy took that hidden fungus.	Amy took those hidden fungus.	-83.0	-83.0	-10.375	-10.375	False	False	morphology	determiner_noun_agreement	Write a natural, coherent English sentence.
786	14	Rose was fixing this hard foot.	Rose was fixing these hard foot.	-72.5	-72.5	-10.375	-10.375	False	False	morphology	determiner_noun_agreement	Write a natural, coherent English sentence.
787	14	Most dishes weren't astounding these scared men.	Most dishes weren't astounding this scared men.	-124.5	-124.5	-10.375	-10.375	False	False	morphology	determiner_noun_agreement	Write a natural, coherent English sentence.
788	14	The doctor sees those smooth cacti.	The doctor sees that smooth cacti.	-93.5	-93.5	-10.375	-10.375	False	False	morphology	determiner_noun_agreement	Write a natural, coherent English sentence.
789	14	Rodney hadn't cured these white octopi.	Rodney hadn't cured this white octopi.	-135.0	-135.0	-10.375	-10.375	False	False	morphology	determiner_noun_agreement	Write a natural, coherent English sentence.
790	14	This museum hadn't disgusted these troubled men.	This museum hadn't disgusted this troubled men.	-124.5	-124.5	-10.375	-10.375	False	False	morphology	determiner_noun_agreement	Write a natural, coherent English sentence.
791	14	Patrick complained about those scared men.	Patrick complained about that scared men.	-72.5	-72.5	-10.375	-10.375	False	False	morphology	determiner_noun_agreement	Write a natural, coherent English sentence.
792	14	Jacqueline should stun these determined alumni.	Jacqueline should stun this determined alumni.	-124.5	-124.5	-10.375	-10.375	False	False	morphology	determiner_noun_agreement	Write a natural, coherent English sentence.
793	14	All apples worry this serious man.	All apples worry these serious man.	-83.0	-83.0	-10.375	-10.375	False	False	morphology	determiner_noun_agreement	Write a natural, coherent English sentence.
794	14	The drawing isn't scaring that old child.	The drawing isn't scaring those old child.	-114.0	-114.0	-10.375	-10.375	False	False	morphology	determiner_noun_agreement	Write a natural, coherent English sentence.
795	14	Veronica questioned this uncertain woman.	Veronica questioned these uncertain woman.	-83.0	-83.0	-10.375	-10.375	False	False	morphology	determiner_noun_agreement	Write a natural, coherent English sentence.
796	14	Vanessa hadn't known this determined alumnus.	Vanessa hadn't known these determined alumnus.	-124.5	-124.5	-10.375	-10.375	False	False	morphology	determiner_noun_agreement	Write a natural, coherent English sentence.
797	14	Cynthia hadn't kissed this unemployed man.	Cynthia hadn't kissed these unemployed man.	-135.0	-135.0	-10.375	-10.375	False	False	morphology	determiner_noun_agreement	Write a natural, coherent English sentence.
798	14	These companies irritate that exposed woman.	These companies irritate those exposed woman.	-83.0	-83.0	-10.375	-10.375	False	False	morphology	determiner_noun_agreement	Write a natural, coherent English sentence.
799	14	This dancer wasn't biking to this orange oasis.	This dancer wasn't biking to these orange oasis.	-145.0	-145.0	-10.375	-10.375	False	False	morphology	determiner_noun_agreement	Write a natural, coherent English sentence.
800	14	Those legislatures could disturb this upset alumnus.	Those legislatures could disturb these upset alumnus.	-114.0	-114.0	-10.375	-10.375	False	False	morphology	determiner_noun_agreement	Write a natural, coherent English sentence.
801	14	Some adult hasn't hidden these ill men.	Some adult hasn't hidden this ill men.	-103.5	-103.5	-10.375	-10.375	False	False	morphology	determiner_noun_agreement	Write a natural, coherent English sentence.
802	14	A cashier should insult these hidden children.	A cashier should insult this hidden children.	-93.5	-93.5	-10.375	-10.375	False	False	morphology	determiner_noun_agreement	Write a natural, coherent English sentence.
803	14	Danielle could annoy that confident man.	Danielle could annoy those confident man.	-83.0	-83.0	-10.375	-10.375	False	False	morphology	determiner_noun_agreement	Write a natural, coherent English sentence.
804	14	These teachers lift this exposed goose.	These teachers lift these exposed goose.	-83.0	-83.0	-10.375	-10.375	False	False	morphology	determiner_noun_agreement	Write a natural, coherent English sentence.
805	14	Christina drove to that exposed oasis.	Christina drove to those exposed oasis.	-93.0	-93.0	-10.3125	-10.3125	False	False	morphology	determiner_noun_agreement	Write a natural, coherent English sentence.
806	14	Jesus hadn't sounded like these hidden people.	Jesus hadn't sounded like this hidden people.	-103.5	-103.5	-10.375	-10.375	False	False	morphology	determiner_noun_agreement	Write a natural, coherent English sentence.
807	14	Many mushrooms irritate that upset man.	Many mushrooms irritate those upset man.	-93.5	-93.0	-10.375	-10.375	False	False	morphology	determiner_noun_agreement	Write a natural, coherent English sentence.
808	14	Some committee bought those white lice.	Some committee bought that white lice.	-83.0	-83.0	-10.375	-10.375	False	False	morphology	determiner_noun_agreement	Write a natural, coherent English sentence.
809	14	Daniel hasn't known this determined man.	Daniel hasn't known these determined man.	-93.0	-93.5	-10.375	-10.375	True	False	morphology	determiner_noun_agreement	Write a natural, coherent English sentence.
810	14	Art hadn't scared these serious alumni.	Art hadn't scared this serious alumni.	-114.0	-114.0	-10.375	-10.375	False	False	morphology	determiner_noun_agreement	Write a natural, coherent English sentence.
811	14	Alice fires this unconvinced child.	Alice fires these unconvinced child.	-93.5	-93.5	-10.375	-10.375	False	False	morphology	determiner_noun_agreement	Write a natural, coherent English sentence.
812	14	Melanie hid that exposed tooth.	Melanie hid those exposed tooth.	-72.5	-72.5	-10.375	-10.375	False	False	morphology	determiner_noun_agreement	Write a natural, coherent English sentence.
813	14	Most hamsters find that red tooth.	Most hamsters find those red tooth.	-83.0	-83.0	-10.375	-10.375	False	False	morphology	determiner_noun_agreement	Write a natural, coherent English sentence.
814	14	Those children explore those small oases.	Those children explore that small oases.	-83.0	-83.0	-10.375	-10.375	False	False	morphology	determiner_noun_agreement	Write a natural, coherent English sentence.
815	14	Most museums listen to this troubled man.	Most museums listen to these troubled man.	-103.5	-103.5	-10.3125	-10.3125	False	False	morphology	determiner_noun_agreement	Write a natural, coherent English sentence.
816	14	Patrick embarrassed this unemployed person.	Patrick embarrassed these unemployed person.	-72.5	-72.5	-10.375	-10.375	False	False	morphology	determiner_noun_agreement	Write a natural, coherent English sentence.
817	14	A lot of icicles had alarmed that hidden woman.	A lot of icicles had alarmed those hidden woman.	-124.5	-124.5	-10.375	-10.375	False	False	morphology	determiner_noun_agreement	Write a natural, coherent English sentence.
818	14	Matt hadn't impressed this exposed child.	Matt hadn't impressed these exposed child.	-93.5	-93.5	-10.375	-10.375	False	False	morphology	determiner_noun_agreement	Write a natural, coherent English sentence.
819	14	Eric might see those new feet.	Eric might see that new feet.	-72.5	-72.5	-10.375	-10.375	False	False	morphology	determiner_noun_agreement	Write a natural, coherent English sentence.
820	14	Some turtle can confuse this old alumnus.	Some turtle can confuse these old alumnus.	-135.0	-135.0	-10.375	-10.375	False	False	morphology	determiner_noun_agreement	Write a natural, coherent English sentence.
821	14	Most guests explore these smooth oases.	Most guests explore this smooth oases.	-83.0	-83.0	-10.375	-10.375	False	False	morphology	determiner_noun_agreement	Write a natural, coherent English sentence.
822	14	Brian has praised that happy alumnus.	Brian has praised those happy alumnus.	-93.0	-93.0	-10.375	-10.375	False	False	morphology	determiner_noun_agreement	Write a natural, coherent English sentence.
823	14	Karen sees these ill lice.	Karen sees this ill lice.	-72.5	-72.5	-10.375	-10.375	False	False	morphology	determiner_noun_agreement	Write a natural, coherent English sentence.
824	14	Alicia doesn't observe this confident alumnus.	Alicia doesn't observe these confident alumnus.	-135.0	-135.0	-10.375	-10.375	False	False	morphology	determiner_noun_agreement	Write a natural, coherent English sentence.
825	14	That horse does find this lost octopus.	That horse does find these lost octopus.	-103.5	-103.5	-10.375	-10.375	False	False	morphology	determiner_noun_agreement	Write a natural, coherent English sentence.
826	14	Those customers haven't annoyed those delighted children.	Those customers haven't annoyed that delighted children.	-114.0	-114.0	-10.375	-10.375	False	False	morphology	determiner_noun_agreement	Write a natural, coherent English sentence.
827	14	The Great Lakes confused these hidden women.	The Great Lakes confused this hidden women.	-93.5	-93.5	-10.375	-10.375	False	False	morphology	determiner_noun_agreement	Write a natural, coherent English sentence.
828	14	Russell watches these unsure women.	Russell watches this unsure women.	-72.5	-72.5	-10.375	-10.375	False	False	morphology	determiner_noun_agreement	Write a natural, coherent English sentence.
829	14	Jacqueline has concealed these long synopses.	Jacqueline has concealed this long synopses.	-124.5	-124.5	-10.375	-10.375	False	False	morphology	determiner_noun_agreement	Write a natural, coherent English sentence.
830	14	Carrie isn't hiring this small woman.	Carrie isn't hiring these small woman.	-103.5	-103.5	-10.375	-10.375	False	False	morphology	determiner_noun_agreement	Write a natural, coherent English sentence.
831	14	Charles doesn't admire these big mice.	Charles doesn't admire this big mice.	-114.0	-114.0	-10.375	-10.375	False	False	morphology	determiner_noun_agreement	Write a natural, coherent English sentence.
832	14	The Impressionists might think about that white thesis.	The Impressionists might think about those white thesis.	-114.0	-114.0	-10.375	-10.375	False	False	morphology	determiner_noun_agreement	Write a natural, coherent English sentence.
833	14	Most men question those bad people.	Most men question that bad people.	-72.5	-72.5	-10.375	-10.375	False	False	morphology	determiner_noun_agreement	Write a natural, coherent English sentence.
834	14	Lissa hasn't left this upset woman.	Lissa hasn't left these upset woman.	-103.5	-103.5	-10.375	-10.375	False	False	morphology	determiner_noun_agreement	Write a natural, coherent English sentence.
835	14	Janice won't fire that determined child.	Janice won't fire those determined child.	-104.0	-104.0	-10.375	-10.375	False	False	morphology	determiner_noun_agreement	Write a natural, coherent English sentence.
836	14	This company criticized this lucky man.	This company criticized these lucky man.	-83.0	-83.0	-10.375	-10.375	False	False	morphology	determiner_noun_agreement	Write a natural, coherent English sentence.
837	14	The banks hurt that excited woman.	The banks hurt those excited woman.	-73.0	-72.5	-10.375	-10.375	False	False	morphology	determiner_noun_agreement	Write a natural, coherent English sentence.
838	14	Peter wasn't walking through those red oases.	Peter wasn't walking through that red oases.	-114.0	-114.0	-10.375	-10.375	False	False	morphology	determiner_noun_agreement	Write a natural, coherent English sentence.
839	14	Rebecca wasn't referencing this long synopsis.	Rebecca wasn't referencing these long synopsis.	-114.0	-114.0	-10.375	-10.375	False	False	morphology	determiner_noun_agreement	Write a natural, coherent English sentence.
840	14	Naomi notices this smooth octopus.	Naomi notices these smooth octopus.	-103.5	-103.5	-10.375	-10.375	False	False	morphology	determiner_noun_agreement	Write a natural, coherent English sentence.
841	14	Patrick conceals this hard stimulus.	Patrick conceals these hard stimulus.	-83.0	-83.0	-10.375	-10.375	False	False	morphology	determiner_noun_agreement	Write a natural, coherent English sentence.
842	14	Candice shouldn't bring those smooth feet.	Candice shouldn't bring that smooth feet.	-103.5	-103.5	-10.375	-10.375	False	False	morphology	determiner_noun_agreement	Write a natural, coherent English sentence.
843	14	All books sound like those content women.	All books sound like that content women.	-83.0	-83.0	-10.375	-10.375	False	False	morphology	determiner_noun_agreement	Write a natural, coherent English sentence.
844	14	Bethany hasn't arrived at this white oasis.	Bethany hasn't arrived at these white oasis.	-124.0	-124.5	-10.375	-10.375	True	False	morphology	determiner_noun_agreement	Write a natural, coherent English sentence.
845	14	Steve reveals these unemployed alumni.	Steve reveals this unemployed alumni.	-93.0	-93.0	-10.375	-10.375	False	False	morphology	determiner_noun_agreement	Write a natural, coherent English sentence.
846	14	Sonia was upsetting that ill woman.	Sonia was upsetting those ill woman.	-93.0	-93.0	-10.375	-10.375	False	False	morphology	determiner_noun_agreement	Write a natural, coherent English sentence.
847	14	Keith wasn't boring these delighted men.	Keith wasn't boring this delighted men.	-93.5	-93.5	-10.375	-10.375	False	False	morphology	determiner_noun_agreement	Write a natural, coherent English sentence.
848	14	The Borgias admire these hard mice.	The Borgias admire this hard mice.	-114.0	-114.0	-10.375	-10.375	False	False	morphology	determiner_noun_agreement	Write a natural, coherent English sentence.
849	14	These drivers had forgotten this good analysis.	These drivers had forgotten these good analysis.	-83.0	-83.0	-10.375	-10.375	False	False	morphology	determiner_noun_agreement	Write a natural, coherent English sentence.
850	14	Helen skates around this blue oasis.	Helen skates around these blue oasis.	-93.0	-93.0	-10.3125	-10.3125	False	False	morphology	determiner_noun_agreement	Write a natural, coherent English sentence.
851	14	Galileo found that smooth stimulus.	Galileo found those smooth stimulus.	-93.0	-93.0	-10.375	-10.375	False	False	morphology	determiner_noun_agreement	Write a natural, coherent English sentence.
852	14	Kimberley isn't curing these small octopi.	Kimberley isn't curing this small octopi.	-145.0	-145.0	-10.375	-10.375	False	False	morphology	determiner_noun_agreement	Write a natural, coherent English sentence.
853	14	Debra didn't conceal these popular men.	Debra didn't conceal this popular men.	-114.0	-114.0	-10.375	-10.375	False	False	morphology	determiner_noun_agreement	Write a natural, coherent English sentence.
854	14	A lot of doctors hug these scared children.	A lot of doctors hug this scared children.	-93.0	-93.0	-10.375	-10.375	False	False	morphology	determiner_noun_agreement	Write a natural, coherent English sentence.
855	14	Those pedestrians weren't fleeing from these concealed men.	Those pedestrians weren't fleeing from this concealed men.	-155.0	-155.0	-10.375	-10.375	False	False	morphology	determiner_noun_agreement	Write a natural, coherent English sentence.
856	14	Those children find that exposed thesis.	Those children find those exposed thesis.	-72.5	-72.5	-10.375	-10.375	False	False	morphology	determiner_noun_agreement	Write a natural, coherent English sentence.
857	14	Debra admires these blue octopi.	Debra admires this blue octopi.	-103.5	-103.5	-10.375	-10.375	False	False	morphology	determiner_noun_agreement	Write a natural, coherent English sentence.
858	14	Bruce wasn't approaching that clever alumnus.	Bruce wasn't approaching those clever alumnus.	-114.0	-114.0	-10.375	-10.375	False	False	morphology	determiner_noun_agreement	Write a natural, coherent English sentence.
859	14	Lawrence isn't questioning that nice woman.	Lawrence isn't questioning those nice woman.	-93.5	-93.5	-10.375	-10.375	False	False	morphology	determiner_noun_agreement	Write a natural, coherent English sentence.
860	14	Some waitresses have this big octopus.	Some waitresses have these big octopus.	-113.5	-114.0	-10.3125	-10.375	True	True	morphology	determiner_noun_agreement	Write a natural, coherent English sentence.
861	14	Carolyn had embarrassed that busy alumnus.	Carolyn had embarrassed those busy alumnus.	-103.5	-103.5	-10.375	-10.375	False	False	morphology	determiner_noun_agreement	Write a natural, coherent English sentence.
862	14	Jeffrey aggravated that smart man.	Jeffrey aggravated those smart man.	-93.0	-93.0	-10.375	-10.375	False	False	morphology	determiner_noun_agreement	Write a natural, coherent English sentence.
863	14	Guy messed up this yellow foot.	Guy messed up these yellow foot.	-83.0	-83.0	-10.375	-10.375	False	False	morphology	determiner_noun_agreement	Write a natural, coherent English sentence.
864	14	Every book is embarrassing this small woman.	Every book is embarrassing these small woman.	-93.5	-93.5	-10.375	-10.375	False	False	morphology	determiner_noun_agreement	Write a natural, coherent English sentence.
865	14	These associations were talking about these scared women.	These associations were talking about this scared women.	-93.5	-93.0	-10.375	-10.375	False	False	morphology	determiner_noun_agreement	Write a natural, coherent English sentence.
866	14	Todd disturbs this upset child.	Todd disturbs these upset child.	-83.0	-83.0	-10.375	-10.375	False	False	morphology	determiner_noun_agreement	Write a natural, coherent English sentence.
867	14	That window alarms these exposed women.	That window alarms this exposed women.	-83.0	-83.0	-10.375	-10.375	False	False	morphology	determiner_noun_agreement	Write a natural, coherent English sentence.
868	14	A window upsets these upset men.	A window upsets this upset men.	-83.0	-83.0	-10.375	-10.375	False	False	morphology	determiner_noun_agreement	Write a natural, coherent English sentence.
869	14	Monet is fixing that brown foot.	Monet is fixing those brown foot.	-83.0	-83.0	-10.375	-10.375	False	False	morphology	determiner_noun_agreement	Write a natural, coherent English sentence.
870	14	Adam left these big alumni.	Adam left this big alumni.	-83.0	-83.0	-10.375	-10.375	False	False	morphology	determiner_noun_agreement	Write a natural, coherent English sentence.
871	14	Stacy can exit that big oasis.	Stacy can exit those big oasis.	-93.5	-93.5	-10.375	-10.375	False	False	morphology	determiner_noun_agreement	Write a natural, coherent English sentence.
872	14	Roger was returning to those happy alumni.	Roger was returning to that happy alumni.	-103.5	-103.5	-10.375	-10.375	False	False	morphology	determiner_noun_agreement	Write a natural, coherent English sentence.
873	14	Dana isn't investigating this ill woman.	Dana isn't investigating these ill woman.	-114.0	-114.0	-10.375	-10.375	False	False	morphology	determiner_noun_agreement	Write a natural, coherent English sentence.
874	14	Tammy has those yellow axes.	Tammy has that yellow axes.	-83.0	-83.0	-10.375	-10.375	False	False	morphology	determiner_noun_agreement	Write a natural, coherent English sentence.
875	14	Marla leaves those employed children.	Marla leaves that employed children.	-73.0	-72.5	-10.375	-10.375	False	False	morphology	determiner_noun_agreement	Write a natural, coherent English sentence.
876	14	Sarah referenced that ill child.	Sarah referenced those ill child.	-72.5	-72.5	-10.375	-10.375	False	False	morphology	determiner_noun_agreement	Write a natural, coherent English sentence.
877	14	Edward complained about this serious child.	Edward complained about these serious child.	-72.5	-72.5	-10.375	-10.375	False	False	morphology	determiner_noun_agreement	Write a natural, coherent English sentence.
878	14	Carolyn healed those bad women.	Carolyn healed that bad women.	-83.0	-83.0	-10.375	-10.375	False	False	morphology	determiner_noun_agreement	Write a natural, coherent English sentence.
879	14	The waitresses fired those upset alumni.	The waitresses fired that upset alumni.	-114.0	-114.0	-10.375	-10.375	False	False	morphology	determiner_noun_agreement	Write a natural, coherent English sentence.
880	14	Every driver dropped by that old oasis.	Every driver dropped by those old oasis.	-93.0	-93.5	-10.375	-10.375	True	False	morphology	determiner_noun_agreement	Write a natural, coherent English sentence.
881	14	William hadn't hugged these hopeful alumni.	William hadn't hugged this hopeful alumni.	-134.0	-135.0	-10.375	-10.375	True	False	morphology	determiner_noun_agreement	Write a natural, coherent English sentence.
882	14	The Lutherans had messed up those lost feet.	The Lutherans had messed up that lost feet.	-114.0	-114.0	-10.375	-10.375	False	False	morphology	determiner_noun_agreement	Write a natural, coherent English sentence.
883	14	Florence hasn't confused those standing men.	Florence hasn't confused that standing men.	-93.5	-93.5	-10.375	-10.375	False	False	morphology	determiner_noun_agreement	Write a natural, coherent English sentence.
884	14	Some convertible upset this upset woman.	Some convertible upset these upset woman.	-83.0	-83.0	-10.375	-10.375	False	False	morphology	determiner_noun_agreement	Write a natural, coherent English sentence.
885	14	Rebecca saw this hidden foot.	Rebecca saw these hidden foot.	-62.25	-62.25	-10.375	-10.375	False	False	morphology	determiner_noun_agreement	Write a natural, coherent English sentence.
886	14	Derek returned to these content men.	Derek returned to this content men.	-83.0	-83.0	-10.375	-10.375	False	False	morphology	determiner_noun_agreement	Write a natural, coherent English sentence.
887	14	Those teachers love those hidden women.	Those teachers love that hidden women.	-72.5	-72.5	-10.375	-10.375	False	False	morphology	determiner_noun_agreement	Write a natural, coherent English sentence.
888	14	Jennifer worried those ill men.	Jennifer worried that ill men.	-62.25	-62.25	-10.375	-10.375	False	False	morphology	determiner_noun_agreement	Write a natural, coherent English sentence.
889	14	A chair was stunning this big man.	A chair was stunning these big man.	-83.0	-83.0	-10.375	-10.375	False	False	morphology	determiner_noun_agreement	Write a natural, coherent English sentence.
890	14	Paintings looked like that gray thesis.	Paintings looked like those gray thesis.	-93.5	-93.0	-10.375	-10.375	False	False	morphology	determiner_noun_agreement	Write a natural, coherent English sentence.
891	14	Karla toured this rough oasis.	Karla toured these rough oasis.	-93.0	-93.0	-10.375	-10.375	False	False	morphology	determiner_noun_agreement	Write a natural, coherent English sentence.
892	14	Walter couldn't boycott those hidden oases.	Walter couldn't boycott that hidden oases.	-114.0	-114.0	-10.375	-10.375	False	False	morphology	determiner_noun_agreement	Write a natural, coherent English sentence.
893	14	Donald has worried this smart man.	Donald has worried these smart man.	-72.5	-72.5	-10.375	-10.375	False	False	morphology	determiner_noun_agreement	Write a natural, coherent English sentence.
894	14	Catherine has boycotted those gray oases.	Catherine has boycotted that gray oases.	-104.0	-104.0	-10.375	-10.375	False	False	morphology	determiner_noun_agreement	Write a natural, coherent English sentence.
895	14	Nicole toured those yellow oases.	Nicole toured that yellow oases.	-83.0	-83.0	-10.375	-10.375	False	False	morphology	determiner_noun_agreement	Write a natural, coherent English sentence.
896	14	Barbara praises that young woman.	Barbara praises those young woman.	-72.5	-72.5	-10.375	-10.375	False	False	morphology	determiner_noun_agreement	Write a natural, coherent English sentence.
897	14	The apple aggravates those hopeful children.	The apple aggravates that hopeful children.	-103.5	-103.5	-10.375	-10.375	False	False	morphology	determiner_noun_agreement	Write a natural, coherent English sentence.
898	14	All photographs could look like this big fungus.	All photographs could look like these big fungus.	-114.0	-114.0	-10.375	-10.375	False	False	morphology	determiner_noun_agreement	Write a natural, coherent English sentence.
899	14	Guys should talk about that good synopsis.	Guys should talk about those good synopsis.	-103.5	-103.5	-10.375	-10.375	False	False	morphology	determiner_noun_agreement	Write a natural, coherent English sentence.
900	14	Tracy discovered this concealed alumnus.	Tracy discovered these concealed alumnus.	-103.5	-103.5	-10.375	-10.375	False	False	morphology	determiner_noun_agreement	Write a natural, coherent English sentence.
901	14	All actresses are helping this troubled man.	All actresses are helping these troubled man.	-103.5	-103.5	-10.3125	-10.3125	False	False	morphology	determiner_noun_agreement	Write a natural, coherent English sentence.
902	14	Douglas isn't revealing this dirty foot.	Douglas isn't revealing these dirty foot.	-93.5	-93.5	-10.375	-10.375	False	False	morphology	determiner_noun_agreement	Write a natural, coherent English sentence.
903	14	Most senators confuse that standing child.	Most senators confuse those standing child.	-93.5	-93.5	-10.375	-10.375	False	False	morphology	determiner_noun_agreement	Write a natural, coherent English sentence.
904	14	Those doctors embarrass that upset woman.	Those doctors embarrass those upset woman.	-72.5	-72.5	-10.375	-10.375	False	False	morphology	determiner_noun_agreement	Write a natural, coherent English sentence.
905	14	A lot of customers were healing those sick men.	A lot of customers were healing that sick men.	-103.5	-103.5	-10.375	-10.375	False	False	morphology	determiner_noun_agreement	Write a natural, coherent English sentence.
906	14	Sabrina does conceal these old alumni.	Sabrina does conceal this old alumni.	-124.5	-124.5	-10.375	-10.375	False	False	morphology	determiner_noun_agreement	Write a natural, coherent English sentence.
907	14	Many girls can't observe those young alumni.	Many girls can't observe that young alumni.	-124.5	-124.5	-10.375	-10.375	False	False	morphology	determiner_noun_agreement	Write a natural, coherent English sentence.
908	14	The actresses hire that lucky man.	The actresses hire those lucky man.	-83.0	-83.0	-10.375	-10.375	False	False	morphology	determiner_noun_agreement	Write a natural, coherent English sentence.
909	14	Andrea is firing that scared child.	Andrea is firing those scared child.	-73.0	-72.5	-10.375	-10.375	False	False	morphology	determiner_noun_agreement	Write a natural, coherent English sentence.
910	14	That dancer scanned that bad synopsis.	That dancer scanned those bad synopsis.	-104.0	-103.5	-10.375	-10.375	False	False	morphology	determiner_noun_agreement	Write a natural, coherent English sentence.
911	14	Daniel breaks these dirty teeth.	Daniel breaks this dirty teeth.	-62.25	-62.25	-10.375	-10.375	False	False	morphology	determiner_noun_agreement	Write a natural, coherent English sentence.
912	14	Students had messed up those purple teeth.	Students had messed up that purple teeth.	-93.0	-93.0	-10.375	-10.375	False	False	morphology	determiner_noun_agreement	Write a natural, coherent English sentence.
913	14	Becky boycotted those old oases.	Becky boycotted that old oases.	-103.5	-103.5	-10.375	-10.375	False	False	morphology	determiner_noun_agreement	Write a natural, coherent English sentence.
914	14	Florence talks to those good women.	Florence talks to that good women.	-73.0	-72.5	-10.375	-10.375	False	False	morphology	determiner_noun_agreement	Write a natural, coherent English sentence.
915	14	Carmen won't break this big foot.	Carmen won't break these big foot.	-104.0	-104.0	-10.375	-10.375	False	False	morphology	determiner_noun_agreement	Write a natural, coherent English sentence.
916	14	Stephen fired those employed men.	Stephen fired that employed men.	-62.25	-62.25	-10.375	-10.375	False	False	morphology	determiner_noun_agreement	Write a natural, coherent English sentence.
917	14	Many governments confuse this sick woman.	Many governments confuse these sick woman.	-83.0	-83.0	-10.375	-10.375	False	False	morphology	determiner_noun_agreement	Write a natural, coherent English sentence.
918	14	Heidi healed this troubled child.	Heidi healed these troubled child.	-93.0	-93.0	-10.3125	-10.3125	False	False	morphology	determiner_noun_agreement	Write a natural, coherent English sentence.
919	14	Daniel questions these employed alumni.	Daniel questions this employed alumni.	-83.0	-83.0	-10.375	-10.375	False	False	morphology	determiner_noun_agreement	Write a natural, coherent English sentence.
920	14	People admire these yellow oxen.	People admire this yellow oxen.	-83.0	-83.0	-10.375	-10.375	False	False	morphology	determiner_noun_agreement	Write a natural, coherent English sentence.
921	14	Those adults embarrasses this displeased woman.	Those adults embarrasses these displeased woman.	-103.5	-103.5	-10.375	-10.375	False	False	morphology	determiner_noun_agreement	Write a natural, coherent English sentence.
922	14	Winston Churchill notices these big nuclei.	Winston Churchill notices this big nuclei.	-114.0	-114.0	-10.375	-10.375	False	False	morphology	determiner_noun_agreement	Write a natural, coherent English sentence.
923	14	All women hide those concealed nuclei.	All women hide that concealed nuclei.	-93.0	-93.0	-10.3125	-10.375	False	True	morphology	determiner_noun_agreement	Write a natural, coherent English sentence.
924	14	Charles was escaping from those lucky men.	Charles was escaping from that lucky men.	-93.5	-93.5	-10.375	-10.375	False	False	morphology	determiner_noun_agreement	Write a natural, coherent English sentence.
925	14	Paul doesn't insult this happy woman.	Paul doesn't insult these happy woman.	-93.5	-93.5	-10.375	-10.375	False	False	morphology	determiner_noun_agreement	Write a natural, coherent English sentence.
926	14	Galileo isn't scanning this brown thesis.	Galileo isn't scanning these brown thesis.	-124.5	-124.5	-10.375	-10.375	False	False	morphology	determiner_noun_agreement	Write a natural, coherent English sentence.
927	14	The newspaper article doesn't annoy that exposed man.	The newspaper article doesn't annoy those exposed man.	-114.0	-114.0	-10.375	-10.375	False	False	morphology	determiner_noun_agreement	Write a natural, coherent English sentence.
928	14	Carmen noticed these gray cacti.	Carmen noticed this gray cacti.	-93.5	-93.5	-10.375	-10.375	False	False	morphology	determiner_noun_agreement	Write a natural, coherent English sentence.
929	14	Teresa approaches this upset man.	Teresa approaches these upset man.	-72.5	-72.5	-10.375	-10.375	False	False	morphology	determiner_noun_agreement	Write a natural, coherent English sentence.
930	14	April was revealing this hidden woman.	April was revealing these hidden woman.	-72.5	-72.5	-10.375	-10.375	False	False	morphology	determiner_noun_agreement	Write a natural, coherent English sentence.
931	14	Michael has loved these scared men.	Michael has loved this scared men.	-72.5	-72.5	-10.375	-10.375	False	False	morphology	determiner_noun_agreement	Write a natural, coherent English sentence.
932	14	Joseph hadn't bought those hard lice.	Joseph hadn't bought that hard lice.	-103.5	-103.5	-10.375	-10.375	False	False	morphology	determiner_noun_agreement	Write a natural, coherent English sentence.
933	14	Larry did drive to this out in the open oasis.	Larry did drive to these out in the open oasis.	-124.0	-124.5	-10.375	-10.375	True	False	morphology	determiner_noun_agreement	Write a natural, coherent English sentence.
934	14	Lisa hasn't driven to that new oasis.	Lisa hasn't driven to those new oasis.	-114.0	-114.0	-10.375	-10.375	False	False	morphology	determiner_noun_agreement	Write a natural, coherent English sentence.
935	14	Steve scanned this good synopsis.	Steve scanned these good synopsis.	-83.0	-83.0	-10.375	-10.375	False	False	morphology	determiner_noun_agreement	Write a natural, coherent English sentence.
936	14	The Lutherans care for those hopeful men.	The Lutherans care for that hopeful men.	-103.5	-103.5	-10.375	-10.375	False	False	morphology	determiner_noun_agreement	Write a natural, coherent English sentence.
937	14	Christine bikes to these orange oases.	Christine bikes to this orange oases.	-103.5	-103.5	-10.375	-10.375	False	False	morphology	determiner_noun_agreement	Write a natural, coherent English sentence.
938	14	Most actors distracted this popular woman.	Most actors distracted these popular woman.	-83.0	-83.0	-10.375	-10.375	False	False	morphology	determiner_noun_agreement	Write a natural, coherent English sentence.
939	14	Emily should observe those displeased men.	Emily should observe that displeased men.	-93.5	-93.5	-10.375	-10.375	False	False	morphology	determiner_noun_agreement	Write a natural, coherent English sentence.
940	14	The drivers do sell this green thesis.	The drivers do sell these green thesis.	-83.0	-83.0	-10.375	-10.375	False	False	morphology	determiner_noun_agreement	Write a natural, coherent English sentence.
941	14	Most drivers love these unemployed men.	Most drivers love this unemployed men.	-83.0	-83.0	-10.375	-10.375	False	False	morphology	determiner_noun_agreement	Write a natural, coherent English sentence.
942	14	Those doctors care for this hopeful man.	Those doctors care for these hopeful man.	-93.0	-93.0	-10.375	-10.375	False	False	morphology	determiner_noun_agreement	Write a natural, coherent English sentence.
943	14	Brad kisses that displeased man.	Brad kisses those displeased man.	-93.5	-93.5	-10.375	-10.375	False	False	morphology	determiner_noun_agreement	Write a natural, coherent English sentence.
944	14	Danielle had argued about those troubled men.	Danielle had argued about that troubled men.	-103.5	-103.5	-10.375	-10.3125	False	False	morphology	determiner_noun_agreement	Write a natural, coherent English sentence.
945	14	An actor is disgusting those unsure men.	An actor is disgusting that unsure men.	-103.5	-103.5	-10.375	-10.375	False	False	morphology	determiner_noun_agreement	Write a natural, coherent English sentence.
946	14	Galileo didn't hurt those displeased children.	Galileo didn't hurt that displeased children.	-135.0	-135.0	-10.375	-10.375	False	False	morphology	determiner_noun_agreement	Write a natural, coherent English sentence.
947	14	Omar messed up these small teeth.	Omar messed up this small teeth.	-93.0	-93.0	-10.375	-10.375	False	False	morphology	determiner_noun_agreement	Write a natural, coherent English sentence.
948	14	Carmen will watch this smart person.	Carmen will watch these smart person.	-83.0	-83.0	-10.375	-10.375	False	False	morphology	determiner_noun_agreement	Write a natural, coherent English sentence.
949	14	Jeffrey hid that unlucky child.	Jeffrey hid those unlucky child.	-93.5	-93.0	-10.375	-10.375	False	False	morphology	determiner_noun_agreement	Write a natural, coherent English sentence.
950	14	Every plane bothers this upset child.	Every plane bothers these upset child.	-83.0	-83.0	-10.375	-10.375	False	False	morphology	determiner_noun_agreement	Write a natural, coherent English sentence.
951	14	A lot of hospitals have those blue teeth.	A lot of hospitals have that blue teeth.	-93.0	-93.0	-10.375	-10.375	False	False	morphology	determiner_noun_agreement	Write a natural, coherent English sentence.
952	14	Nancy wasn't disturbing that clever man.	Nancy wasn't disturbing those clever man.	-104.0	-104.0	-10.375	-10.375	False	False	morphology	determiner_noun_agreement	Write a natural, coherent English sentence.
953	14	These ladies bought that white tooth.	These ladies bought those white tooth.	-72.5	-72.5	-10.375	-10.375	False	False	morphology	determiner_noun_agreement	Write a natural, coherent English sentence.
954	14	Every skirt annoys that confident person.	Every skirt annoys those confident person.	-93.5	-93.5	-10.375	-10.375	False	False	morphology	determiner_noun_agreement	Write a natural, coherent English sentence.
955	14	These actors weren't biking to these red oases.	These actors weren't biking to this red oases.	-135.0	-135.0	-10.375	-10.375	False	False	morphology	determiner_noun_agreement	Write a natural, coherent English sentence.
956	14	Carmen has described those confident people.	Carmen has described that confident people.	-83.0	-83.0	-10.375	-10.375	False	False	morphology	determiner_noun_agreement	Write a natural, coherent English sentence.
957	14	All legislatures criticize that brown oasis.	All legislatures criticize those brown oasis.	-104.0	-103.5	-10.375	-10.375	False	False	morphology	determiner_noun_agreement	Write a natural, coherent English sentence.
958	14	Paula works with that clever person.	Paula works with those clever person.	-83.0	-83.0	-10.375	-10.375	False	False	morphology	determiner_noun_agreement	Write a natural, coherent English sentence.
959	14	Benjamin respects those confident children.	Benjamin respects that confident children.	-72.5	-72.5	-10.375	-10.375	False	False	morphology	determiner_noun_agreement	Write a natural, coherent English sentence.
960	14	Mitchell attacked these unsure alumni.	Mitchell attacked this unsure alumni.	-93.5	-93.5	-10.375	-10.375	False	False	morphology	determiner_noun_agreement	Write a natural, coherent English sentence.
961	14	The Lutherans hadn't cleaned these broken teeth.	The Lutherans hadn't cleaned this broken teeth.	-114.0	-114.0	-10.375	-10.375	False	False	morphology	determiner_noun_agreement	Write a natural, coherent English sentence.
962	14	A lot of children observe that young child.	A lot of children observe those young child.	-93.0	-93.0	-10.375	-10.375	False	False	morphology	determiner_noun_agreement	Write a natural, coherent English sentence.
963	14	Gary hadn't sounded like this out in the open oasis.	Gary hadn't sounded like these out in the open oasis.	-145.0	-145.0	-10.375	-10.375	False	False	morphology	determiner_noun_agreement	Write a natural, coherent English sentence.
964	14	That fish annoyed this serious alumnus.	That fish annoyed these serious alumnus.	-103.5	-103.5	-10.375	-10.375	False	False	morphology	determiner_noun_agreement	Write a natural, coherent English sentence.
965	14	Spotlights worry those standing people.	Spotlights worry that standing people.	-72.5	-72.5	-10.375	-10.375	False	False	morphology	determiner_noun_agreement	Write a natural, coherent English sentence.
966	14	Rodney returned to these content alumni.	Rodney returned to this content alumni.	-103.5	-103.5	-10.375	-10.375	False	False	morphology	determiner_noun_agreement	Write a natural, coherent English sentence.
967	14	Bruce references this unemployed child.	Bruce references these unemployed child.	-72.5	-72.5	-10.375	-10.375	False	False	morphology	determiner_noun_agreement	Write a natural, coherent English sentence.
968	14	Many museums criticize this bad analysis.	Many museums criticize these bad analysis.	-93.0	-93.0	-10.3125	-10.3125	False	False	morphology	determiner_noun_agreement	Write a natural, coherent English sentence.
969	14	Danielle knows that concealed man.	Danielle knows those concealed man.	-83.0	-83.0	-10.375	-10.375	False	False	morphology	determiner_noun_agreement	Write a natural, coherent English sentence.
970	14	Katherine sells that smooth oasis.	Katherine sells those smooth oasis.	-93.5	-93.0	-10.375	-10.375	False	False	morphology	determiner_noun_agreement	Write a natural, coherent English sentence.
971	14	Meredith hadn't scared these clever people.	Meredith hadn't scared this clever people.	-114.0	-114.0	-10.375	-10.375	False	False	morphology	determiner_noun_agreement	Write a natural, coherent English sentence.
972	14	Walter biked to these gray oases.	Walter biked to this gray oases.	-103.5	-103.5	-10.375	-10.375	False	False	morphology	determiner_noun_agreement	Write a natural, coherent English sentence.
973	14	Phillip has investigated this unemployed man.	Phillip has investigated these unemployed man.	-93.5	-93.0	-10.375	-10.375	False	False	morphology	determiner_noun_agreement	Write a natural, coherent English sentence.
974	14	Alice knows that ill woman.	Alice knows those ill woman.	-62.25	-62.25	-10.375	-10.375	False	False	morphology	determiner_noun_agreement	Write a natural, coherent English sentence.
975	14	Daniel bothered that unemployed alumnus.	Daniel bothered those unemployed alumnus.	-93.0	-93.0	-10.375	-10.375	False	False	morphology	determiner_noun_agreement	Write a natural, coherent English sentence.
976	14	Some children notice this black thesis.	Some children notice these black thesis.	-72.5	-72.5	-10.375	-10.375	False	False	morphology	determiner_noun_agreement	Write a natural, coherent English sentence.
977	14	George has alarmed these unemployed children.	George has alarmed this unemployed children.	-93.5	-93.5	-10.375	-10.375	False	False	morphology	determiner_noun_agreement	Write a natural, coherent English sentence.
978	14	Sarah won't drive to this concealed oasis.	Sarah won't drive to these concealed oasis.	-124.5	-124.5	-10.375	-10.375	False	False	morphology	determiner_noun_agreement	Write a natural, coherent English sentence.
979	14	Grace arrived at those small oases.	Grace arrived at that small oases.	-83.0	-83.0	-10.375	-10.375	False	False	morphology	determiner_noun_agreement	Write a natural, coherent English sentence.
980	14	David kisses that lucky man.	David kisses those lucky man.	-72.5	-72.5	-10.375	-10.375	False	False	morphology	determiner_noun_agreement	Write a natural, coherent English sentence.
981	14	Laura isn't lifting this smooth axis.	Laura isn't lifting these smooth axis.	-93.5	-93.5	-10.375	-10.375	False	False	morphology	determiner_noun_agreement	Write a natural, coherent English sentence.
982	14	Mark embarrassed these confident children.	Mark embarrassed this confident children.	-62.25	-62.25	-10.375	-10.375	False	False	morphology	determiner_noun_agreement	Write a natural, coherent English sentence.
983	14	Patients bothers this employed man.	Patients bothers these employed man.	-83.0	-83.0	-10.375	-10.375	False	False	morphology	determiner_noun_agreement	Write a natural, coherent English sentence.
984	14	Christopher has criticized this bad synopsis.	Christopher has criticized these bad synopsis.	-93.0	-93.0	-10.3125	-10.3125	False	False	morphology	determiner_noun_agreement	Write a natural, coherent English sentence.
985	14	Todd hadn't gone to this cheap oasis.	Todd hadn't gone to these cheap oasis.	-114.0	-114.0	-10.375	-10.375	False	False	morphology	determiner_noun_agreement	Write a natural, coherent English sentence.
986	14	Becca does investigate this lucky alumnus.	Becca does investigate these lucky alumnus.	-103.5	-103.5	-10.375	-10.375	False	False	morphology	determiner_noun_agreement	Write a natural, coherent English sentence.
987	14	Sabrina visits those fast women.	Sabrina visits that fast women.	-83.0	-83.0	-10.375	-10.375	False	False	morphology	determiner_noun_agreement	Write a natural, coherent English sentence.
988	14	Janet knew those unconvinced children.	Janet knew that unconvinced children.	-104.0	-104.0	-10.375	-10.375	False	False	morphology	determiner_noun_agreement	Write a natural, coherent English sentence.
989	14	Christine hated this young man.	Christine hated these young man.	-72.5	-72.5	-10.375	-10.375	False	False	morphology	determiner_noun_agreement	Write a natural, coherent English sentence.
990	14	Chad hadn't complained about these big oases.	Chad hadn't complained about this big oases.	-124.5	-124.5	-10.375	-10.375	False	False	morphology	determiner_noun_agreement	Write a natural, coherent English sentence.
991	14	Many bikes stun that nice man.	Many bikes stun those nice man.	-93.5	-93.5	-10.375	-10.375	False	False	morphology	determiner_noun_agreement	Write a natural, coherent English sentence.
992	14	William hasn't investigated these fast men.	William hasn't investigated this fast men.	-93.5	-93.5	-10.375	-10.375	False	False	morphology	determiner_noun_agreement	Write a natural, coherent English sentence.
993	14	Kristin couldn't research these smooth oases.	Kristin couldn't research this smooth oases.	-114.0	-114.0	-10.375	-10.375	False	False	morphology	determiner_noun_agreement	Write a natural, coherent English sentence.
994	14	Travis arrives at these old oases.	Travis arrives at this old oases.	-93.0	-93.0	-10.375	-10.375	False	False	morphology	determiner_noun_agreement	Write a natural, coherent English sentence.
995	14	Many boys drive to this yellow oasis.	Many boys drive to these yellow oasis.	-93.0	-93.0	-10.375	-10.375	False	False	morphology	determiner_noun_agreement	Write a natural, coherent English sentence.
996	14	Danielle won't heal those unlucky people.	Danielle won't heal that unlucky people.	-124.5	-124.5	-10.375	-10.375	False	False	morphology	determiner_noun_agreement	Write a natural, coherent English sentence.
997	14	Sabrina wouldn't go to that new oasis.	Sabrina wouldn't go to those new oasis.	-135.0	-135.0	-10.375	-10.375	False	False	morphology	determiner_noun_agreement	Write a natural, coherent English sentence.
998	14	This movie theater annoys these lucky alumni.	This movie theater annoys this lucky alumni.	-124.5	-124.5	-10.375	-10.375	False	False	morphology	determiner_noun_agreement	Write a natural, coherent English sentence.
999	14	Stacy doesn't appreciate that out in the open woman.	Stacy doesn't appreciate those out in the open woman.	-135.0	-135.0	-10.375	-10.375	False	False	morphology	determiner_noun_agreement	Write a natural, coherent English sentence.
0	15	Alexander didn't walk through that new oasis.	Alexander didn't walk through those new oasis.	-114.0	-114.0	-10.375	-10.375	False	False	morphology	determiner_noun_agreement	Write a natural, coherent English sentence.
1	15	This hair irritates these old alumni.	This hair irritates this old alumni.	-103.5	-104.0	-10.375	-10.375	True	False	morphology	determiner_noun_agreement	Write a natural, coherent English sentence.
2	15	Winston Churchill was escaping from this serious person.	Winston Churchill was escaping from these serious person.	-124.5	-124.5	-10.375	-10.375	False	False	morphology	determiner_noun_agreement	Write a natural, coherent English sentence.
3	15	Anna walks through these purple oases.	Anna walks through this purple oases.	-83.0	-82.5	-10.375	-10.3125	False	False	morphology	determiner_noun_agreement	Write a natural, coherent English sentence.
4	15	Alicia sounded like this good analysis.	Alicia sounded like these good analysis.	-93.0	-93.0	-10.375	-10.375	False	False	morphology	determiner_noun_agreement	Write a natural, coherent English sentence.
5	15	Jeffrey might complain about this gray thesis.	Jeffrey might complain about these gray thesis.	-93.0	-93.0	-10.375	-10.375	False	False	morphology	determiner_noun_agreement	Write a natural, coherent English sentence.
6	15	Meredith approaches these concealed women.	Meredith approaches this concealed women.	-93.5	-93.5	-10.375	-10.375	False	False	morphology	determiner_noun_agreement	Write a natural, coherent English sentence.
7	15	Julia questioned those small children.	Julia questioned that small children.	-62.5	-62.5	-10.375	-10.375	False	False	morphology	determiner_noun_agreement	Write a natural, coherent English sentence.
8	15	That adult has brought that purple octopus.	That adult has brought those purple octopus.	-103.5	-103.5	-10.375	-10.375	False	False	morphology	determiner_noun_agreement	Write a natural, coherent English sentence.
9	15	The people hug this displeased woman.	The people hug these displeased woman.	-93.0	-93.5	-10.375	-10.375	True	False	morphology	determiner_noun_agreement	Write a natural, coherent English sentence.
10	15	That beef did bore these displeased people.	That beef did bore this displeased people.	-104.0	-103.5	-10.375	-10.375	False	False	morphology	determiner_noun_agreement	Write a natural, coherent English sentence.
11	15	These libraries talk about these long synopses.	These libraries talk about this long synopses.	-103.5	-103.5	-10.375	-10.375	False	False	morphology	determiner_noun_agreement	Write a natural, coherent English sentence.
12	15	Lori wasn't hiring those delighted men.	Lori wasn't hiring that delighted men.	-104.0	-104.0	-10.375	-10.375	False	False	morphology	determiner_noun_agreement	Write a natural, coherent English sentence.
13	15	The teachers are running around this concealed oasis.	The teachers are running around these concealed oasis.	-114.0	-114.0	-10.375	-10.375	False	False	morphology	determiner_noun_agreement	Write a natural, coherent English sentence.
14	15	Those bananas embarrass these delighted people.	Those bananas embarrass this delighted people.	-83.0	-83.0	-10.375	-10.375	False	False	morphology	determiner_noun_agreement	Write a natural, coherent English sentence.
15	15	Mitchell brought those green oases.	Mitchell brought that green oases.	-72.5	-72.5	-10.375	-10.375	False	False	morphology	determiner_noun_agreement	Write a natural, coherent English sentence.
16	15	The actresses complain about this rough thesis.	The actresses complain about these rough thesis.	-93.0	-93.0	-10.375	-10.375	False	False	morphology	determiner_noun_agreement	Write a natural, coherent English sentence.
17	15	Russell investigates these fast women.	Russell investigates this fast women.	-72.5	-72.5	-10.375	-10.375	False	False	morphology	determiner_noun_agreement	Write a natural, coherent English sentence.
18	15	Irene praised those bad synopses.	Irene praised that bad synopses.	-93.5	-93.5	-10.375	-10.375	False	False	morphology	determiner_noun_agreement	Write a natural, coherent English sentence.
19	15	Denise did confuse that important woman.	Denise did confuse those important woman.	-93.5	-93.5	-10.375	-10.375	False	False	morphology	determiner_noun_agreement	Write a natural, coherent English sentence.
20	15	Some patients dislike those nice women.	Some patients dislike that nice women.	-83.0	-83.0	-10.375	-10.375	False	False	morphology	determiner_noun_agreement	Write a natural, coherent English sentence.
21	15	Amelia wasn't observing this hopeful man.	Amelia wasn't observing these hopeful man.	-124.0	-124.0	-10.375	-10.375	False	False	morphology	determiner_noun_agreement	Write a natural, coherent English sentence.
22	15	Grace is hugging these popular women.	Grace is hugging this popular women.	-83.0	-83.0	-10.375	-10.375	False	False	morphology	determiner_noun_agreement	Write a natural, coherent English sentence.
23	15	Julia might describe this long synopsis.	Julia might describe these long synopsis.	-83.0	-83.0	-10.375	-10.375	False	False	morphology	determiner_noun_agreement	Write a natural, coherent English sentence.
24	15	Many pedestrians do return to these happy men.	Many pedestrians do return to this happy men.	-114.0	-114.0	-10.375	-10.375	False	False	morphology	determiner_noun_agreement	Write a natural, coherent English sentence.
25	15	Laura noticed that determined man.	Laura noticed those determined man.	-62.25	-62.25	-10.375	-10.375	False	False	morphology	determiner_noun_agreement	Write a natural, coherent English sentence.
26	15	Julie would pass those red oases.	Julie would pass that red oases.	-83.0	-83.0	-10.375	-10.375	False	False	morphology	determiner_noun_agreement	Write a natural, coherent English sentence.
27	15	These doctors boast about this out in the open child.	These doctors boast about these out in the open child.	-124.0	-124.0	-10.375	-10.375	False	False	morphology	determiner_noun_agreement	Write a natural, coherent English sentence.
28	15	Stephen isn't revealing this brown nucleus.	Stephen isn't revealing these brown nucleus.	-103.5	-103.5	-10.375	-10.375	False	False	morphology	determiner_noun_agreement	Write a natural, coherent English sentence.
29	15	Travel stuns that sick child.	Travel stuns those sick child.	-72.5	-72.5	-10.375	-10.375	False	False	morphology	determiner_noun_agreement	Write a natural, coherent English sentence.
30	15	Amelia healed that unemployed woman.	Amelia healed those unemployed woman.	-93.0	-93.0	-10.375	-10.375	False	False	morphology	determiner_noun_agreement	Write a natural, coherent English sentence.
31	15	Noah attacks that ill child.	Noah attacks those ill child.	-62.25	-62.25	-10.375	-10.375	False	False	morphology	determiner_noun_agreement	Write a natural, coherent English sentence.
32	15	Randolf buys those gray fungi.	Randolf buys that gray fungi.	-93.5	-93.5	-10.375	-10.375	False	False	morphology	determiner_noun_agreement	Write a natural, coherent English sentence.
33	15	Some pedestrians disagreed with this big woman.	Some pedestrians disagreed with these big woman.	-114.0	-114.0	-10.375	-10.375	False	False	morphology	determiner_noun_agreement	Write a natural, coherent English sentence.
34	15	Adam might sound like these determined children.	Adam might sound like this determined children.	-83.0	-83.0	-10.375	-10.375	False	False	morphology	determiner_noun_agreement	Write a natural, coherent English sentence.
35	15	Bill has stunned this confident man.	Bill has stunned these confident man.	-83.0	-83.0	-10.375	-10.375	False	False	morphology	determiner_noun_agreement	Write a natural, coherent English sentence.
36	15	Rhonda should see these blue oases.	Rhonda should see this blue oases.	-93.5	-93.5	-10.375	-10.375	False	False	morphology	determiner_noun_agreement	Write a natural, coherent English sentence.
37	15	Stephen cares for that out in the open alumnus.	Stephen cares for those out in the open alumnus.	-124.5	-124.0	-10.375	-10.375	False	False	morphology	determiner_noun_agreement	Write a natural, coherent English sentence.
38	15	Cheryl has bought this green oasis.	Cheryl has bought these green oasis.	-93.0	-93.0	-10.375	-10.375	False	False	morphology	determiner_noun_agreement	Write a natural, coherent English sentence.
39	15	Every door annoyed this lucky child.	Every door annoyed these lucky child.	-83.0	-83.0	-10.375	-10.375	False	False	morphology	determiner_noun_agreement	Write a natural, coherent English sentence.
40	15	Gerald cures that unlucky child.	Gerald cures those unlucky child.	-104.0	-103.5	-10.375	-10.375	False	False	morphology	determiner_noun_agreement	Write a natural, coherent English sentence.
41	15	Eyes weren't worrying this troubled child.	Eyes weren't worrying these troubled child.	-114.0	-114.0	-10.375	-10.375	False	False	morphology	determiner_noun_agreement	Write a natural, coherent English sentence.
42	15	Michael isn't referencing this long synopsis.	Michael isn't referencing these long synopsis.	-114.0	-114.0	-10.375	-10.375	False	False	morphology	determiner_noun_agreement	Write a natural, coherent English sentence.
43	15	Robert insults this serious man.	Robert insults these serious man.	-72.5	-72.5	-10.375	-10.375	False	False	morphology	determiner_noun_agreement	Write a natural, coherent English sentence.
44	15	Waitresses describe that smart alumnus.	Waitresses describe those smart alumnus.	-103.5	-103.5	-10.375	-10.375	False	False	morphology	determiner_noun_agreement	Write a natural, coherent English sentence.
45	15	Dan doesn't respect this unemployed alumnus.	Dan doesn't respect these unemployed alumnus.	-124.5	-124.0	-10.375	-10.375	False	False	morphology	determiner_noun_agreement	Write a natural, coherent English sentence.
46	15	Eric has upset those scared people.	Eric has upset that scared people.	-72.5	-72.5	-10.375	-10.375	False	False	morphology	determiner_noun_agreement	Write a natural, coherent English sentence.
47	15	Sabrina was biking to this exposed oasis.	Sabrina was biking to these exposed oasis.	-124.0	-124.0	-10.375	-10.375	False	False	morphology	determiner_noun_agreement	Write a natural, coherent English sentence.
48	15	Edward can't think about these exposed mice.	Edward can't think about this exposed mice.	-114.0	-114.0	-10.375	-10.375	False	False	morphology	determiner_noun_agreement	Write a natural, coherent English sentence.
49	15	Phillip listened to this standing alumnus.	Phillip listened to these standing alumnus.	-104.0	-104.0	-10.375	-10.375	False	False	morphology	determiner_noun_agreement	Write a natural, coherent English sentence.
50	15	Those men skate around this small oasis.	Those men skate around these small oasis.	-103.5	-103.5	-10.375	-10.375	False	False	morphology	determiner_noun_agreement	Write a natural, coherent English sentence.
51	15	Rhonda could think about those content children.	Rhonda could think about that content children.	-93.5	-93.0	-10.375	-10.375	False	False	morphology	determiner_noun_agreement	Write a natural, coherent English sentence.
52	15	Melissa had remembered that unsure person.	Melissa had remembered those unsure person.	-93.5	-93.5	-10.375	-10.375	False	False	morphology	determiner_noun_agreement	Write a natural, coherent English sentence.
53	15	The students talk about this upset person.	The students talk about these upset person.	-83.0	-83.0	-10.375	-10.375	False	False	morphology	determiner_noun_agreement	Write a natural, coherent English sentence.
54	15	Leslie insults those upset alumni.	Leslie insults that upset alumni.	-103.5	-103.5	-10.375	-10.375	False	False	morphology	determiner_noun_agreement	Write a natural, coherent English sentence.
55	15	Hats distract this ill man.	Hats distract these ill man.	-72.5	-72.5	-10.375	-10.375	False	False	morphology	determiner_noun_agreement	Write a natural, coherent English sentence.
56	15	Dawn sounded like this determined child.	Dawn sounded like these determined child.	-83.0	-83.0	-10.375	-10.375	False	False	morphology	determiner_noun_agreement	Write a natural, coherent English sentence.
57	15	Carl had run around that brown oasis.	Carl had run around those brown oasis.	-93.5	-93.5	-10.375	-10.375	False	False	morphology	determiner_noun_agreement	Write a natural, coherent English sentence.
58	15	Anna criticizes these concealed children.	Anna criticizes this concealed children.	-83.0	-83.0	-10.375	-10.375	False	False	morphology	determiner_noun_agreement	Write a natural, coherent English sentence.
59	15	The waiter might criticize that unemployed man.	The waiter might criticize those unemployed man.	-114.0	-114.0	-10.375	-10.375	False	False	morphology	determiner_noun_agreement	Write a natural, coherent English sentence.
60	15	Tracy was investigating this troubled alumnus.	Tracy was investigating these troubled alumnus.	-124.0	-124.0	-10.375	-10.3125	False	False	morphology	determiner_noun_agreement	Write a natural, coherent English sentence.
61	15	These newspaper articles astound this clever child.	These newspaper articles astound these clever child.	-93.0	-93.0	-10.375	-10.3125	False	False	morphology	determiner_noun_agreement	Write a natural, coherent English sentence.
62	15	Dana hadn't attacked this small man.	Dana hadn't attacked these small man.	-103.5	-103.5	-10.375	-10.375	False	False	morphology	determiner_noun_agreement	Write a natural, coherent English sentence.
63	15	Curtis wasn't breaking those hard teeth.	Curtis wasn't breaking that hard teeth.	-103.5	-103.5	-10.375	-10.375	False	False	morphology	determiner_noun_agreement	Write a natural, coherent English sentence.
64	15	All customers attack this employed alumnus.	All customers attack these employed alumnus.	-93.0	-93.0	-10.375	-10.375	False	False	morphology	determiner_noun_agreement	Write a natural, coherent English sentence.
65	15	Most ladies go to those purple oases.	Most ladies go to that purple oases.	-93.0	-93.5	-10.375	-10.375	True	False	morphology	determiner_noun_agreement	Write a natural, coherent English sentence.
66	15	A dancer tours that blue oasis.	A dancer tours those blue oasis.	-93.5	-93.5	-10.375	-10.375	False	False	morphology	determiner_noun_agreement	Write a natural, coherent English sentence.
67	15	Steven irritated this unconvinced woman.	Steven irritated these unconvinced woman.	-103.5	-104.0	-10.375	-10.375	True	False	morphology	determiner_noun_agreement	Write a natural, coherent English sentence.
68	15	Tara wasn't helping that sick man.	Tara wasn't helping those sick man.	-103.5	-104.0	-10.375	-10.375	True	False	morphology	determiner_noun_agreement	Write a natural, coherent English sentence.
69	15	The dancers aren't cleaning that smooth fungus.	The dancers aren't cleaning those smooth fungus.	-135.0	-135.0	-10.375	-10.375	False	False	morphology	determiner_noun_agreement	Write a natural, coherent English sentence.
70	15	Melissa had talked about these white theses.	Melissa had talked about this white theses.	-103.5	-103.5	-10.375	-10.375	False	False	morphology	determiner_noun_agreement	Write a natural, coherent English sentence.
71	15	The man isn't watching those upset men.	The man isn't watching that upset men.	-103.5	-103.5	-10.375	-10.375	False	False	morphology	determiner_noun_agreement	Write a natural, coherent English sentence.
72	15	Sabrina won't worry this out in the open person.	Sabrina won't worry these out in the open person.	-145.0	-145.0	-10.375	-10.375	False	False	morphology	determiner_noun_agreement	Write a natural, coherent English sentence.
73	15	Every bird embarrassed these unemployed men.	Every bird embarrassed this unemployed men.	-83.0	-83.0	-10.375	-10.375	False	False	morphology	determiner_noun_agreement	Write a natural, coherent English sentence.
74	15	The Borgias drive to that small oasis.	The Borgias drive to those small oasis.	-114.0	-114.0	-10.375	-10.375	False	False	morphology	determiner_noun_agreement	Write a natural, coherent English sentence.
75	15	Bradley likes these brown fungi.	Bradley likes this brown fungi.	-83.0	-83.0	-10.375	-10.375	False	False	morphology	determiner_noun_agreement	Write a natural, coherent English sentence.
76	15	Most guys go to that black oasis.	Most guys go to those black oasis.	-93.0	-93.0	-10.375	-10.375	False	False	morphology	determiner_noun_agreement	Write a natural, coherent English sentence.
77	15	A pedestrian hadn't approached these hopeful women.	A pedestrian hadn't approached this hopeful women.	-124.0	-124.0	-10.375	-10.375	False	False	morphology	determiner_noun_agreement	Write a natural, coherent English sentence.
78	15	Some senators aren't healing this unemployed alumnus.	Some senators aren't healing these unemployed alumnus.	-145.0	-145.0	-10.375	-10.375	False	False	morphology	determiner_noun_agreement	Write a natural, coherent English sentence.
79	15	That cart wasn't stunning these exposed men.	That cart wasn't stunning this exposed men.	-103.5	-103.5	-10.375	-10.375	False	False	morphology	determiner_noun_agreement	Write a natural, coherent English sentence.
80	15	Joel can think about this smart man.	Joel can think about these smart man.	-83.0	-83.0	-10.375	-10.375	False	False	morphology	determiner_noun_agreement	Write a natural, coherent English sentence.
81	15	Those prints disgust those good people.	Those prints disgust that good people.	-73.0	-72.5	-10.375	-10.375	False	False	morphology	determiner_noun_agreement	Write a natural, coherent English sentence.
82	15	Beverly hadn't passed these yellow oases.	Beverly hadn't passed this yellow oases.	-114.0	-114.0	-10.375	-10.375	False	False	morphology	determiner_noun_agreement	Write a natural, coherent English sentence.
83	15	A lot of prints irritate this unconvinced woman.	A lot of prints irritate these unconvinced woman.	-135.0	-135.0	-10.375	-10.375	False	False	morphology	determiner_noun_agreement	Write a natural, coherent English sentence.
84	15	Many customers hire those standing alumni.	Many customers hire that standing alumni.	-93.5	-93.5	-10.375	-10.375	False	False	morphology	determiner_noun_agreement	Write a natural, coherent English sentence.
85	15	Some rug isn't irritating that nice woman.	Some rug isn't irritating those nice woman.	-114.0	-114.0	-10.375	-10.375	False	False	morphology	determiner_noun_agreement	Write a natural, coherent English sentence.
86	15	Jill embarrassed those busy men.	Jill embarrassed that busy men.	-72.5	-72.5	-10.375	-10.375	False	False	morphology	determiner_noun_agreement	Write a natural, coherent English sentence.
87	15	Most sketches could hurt this uncertain person.	Most sketches could hurt these uncertain person.	-103.5	-103.5	-10.375	-10.375	False	False	morphology	determiner_noun_agreement	Write a natural, coherent English sentence.
88	15	Patricia lifted those purple feet.	Patricia lifted that purple feet.	-83.0	-83.0	-10.375	-10.375	False	False	morphology	determiner_noun_agreement	Write a natural, coherent English sentence.
89	15	The girls sell this hard fungus.	The girls sell these hard fungus.	-93.0	-93.0	-10.375	-10.375	False	False	morphology	determiner_noun_agreement	Write a natural, coherent English sentence.
90	15	Nicole has seen this yellow cactus.	Nicole has seen these yellow cactus.	-93.0	-93.0	-10.375	-10.375	False	False	morphology	determiner_noun_agreement	Write a natural, coherent English sentence.
91	15	Sharon could arrive at those big oases.	Sharon could arrive at that big oases.	-103.5	-103.5	-10.375	-10.375	False	False	morphology	determiner_noun_agreement	Write a natural, coherent English sentence.
92	15	This cashier can fire that good woman.	This cashier can fire those good woman.	-93.5	-93.5	-10.375	-10.375	False	False	morphology	determiner_noun_agreement	Write a natural, coherent English sentence.
93	15	Raymond left those scared children.	Raymond left that scared children.	-62.25	-62.25	-10.375	-10.375	False	False	morphology	determiner_noun_agreement	Write a natural, coherent English sentence.
94	15	Noah could discuss that clever person.	Noah could discuss those clever person.	-72.5	-72.5	-10.375	-10.375	False	False	morphology	determiner_noun_agreement	Write a natural, coherent English sentence.
95	15	Rachelle knew that concealed woman.	Rachelle knew those concealed woman.	-83.0	-83.0	-10.375	-10.375	False	False	morphology	determiner_noun_agreement	Write a natural, coherent English sentence.
96	15	Dawn hasn't cured those gray oxen.	Dawn hasn't cured that gray oxen.	-124.0	-124.0	-10.375	-10.375	False	False	morphology	determiner_noun_agreement	Write a natural, coherent English sentence.
97	15	The Great Lakes haven't disgusted those out in the open people.	The Great Lakes haven't disgusted that out in the open people.	-166.0	-166.0	-10.375	-10.375	False	False	morphology	determiner_noun_agreement	Write a natural, coherent English sentence.
98	15	Wayne doesn't exit those cheap oases.	Wayne doesn't exit that cheap oases.	-103.5	-103.5	-10.375	-10.375	False	False	morphology	determiner_noun_agreement	Write a natural, coherent English sentence.
99	15	These waitresses haven't astounded this fast woman.	These waitresses haven't astounded these fast woman.	-145.0	-145.0	-10.3125	-10.3125	False	False	morphology	determiner_noun_agreement	Write a natural, coherent English sentence.
100	15	Patrick hasn't lifted this out in the open cactus.	Patrick hasn't lifted these out in the open cactus.	-145.0	-145.0	-10.375	-10.375	False	False	morphology	determiner_noun_agreement	Write a natural, coherent English sentence.
101	15	Angela isn't embarrassing those excited children.	Angela isn't embarrassing that excited children.	-103.5	-103.5	-10.375	-10.375	False	False	morphology	determiner_noun_agreement	Write a natural, coherent English sentence.
102	15	Jennifer hasn't criticized this smart man.	Jennifer hasn't criticized these smart man.	-103.5	-103.5	-10.375	-10.375	False	False	morphology	determiner_noun_agreement	Write a natural, coherent English sentence.
103	15	April watched this big person.	April watched these big person.	-62.25	-62.25	-10.375	-10.375	False	False	morphology	determiner_noun_agreement	Write a natural, coherent English sentence.
104	15	Candice hadn't bothered that serious alumnus.	Candice hadn't bothered those serious alumnus.	-124.0	-124.0	-10.375	-10.375	False	False	morphology	determiner_noun_agreement	Write a natural, coherent English sentence.
105	15	The Clintons observe those happy women.	The Clintons observe that happy women.	-93.5	-93.5	-10.375	-10.375	False	False	morphology	determiner_noun_agreement	Write a natural, coherent English sentence.
106	15	The Clintons observe this excited man.	The Clintons observe these excited man.	-93.5	-93.5	-10.375	-10.375	False	False	morphology	determiner_noun_agreement	Write a natural, coherent English sentence.
107	15	Associations were listening to that unlucky child.	Associations were listening to those unlucky child.	-114.0	-114.0	-10.375	-10.375	False	False	morphology	determiner_noun_agreement	Write a natural, coherent English sentence.
108	15	Those committees discussed that busy woman.	Those committees discussed those busy woman.	-93.0	-93.5	-10.375	-10.375	True	False	morphology	determiner_noun_agreement	Write a natural, coherent English sentence.
109	15	Debra isn't discussing that good analysis.	Debra isn't discussing those good analysis.	-104.0	-104.0	-10.375	-10.375	False	False	morphology	determiner_noun_agreement	Write a natural, coherent English sentence.
110	15	The drawing distracts this lucky woman.	The drawing distracts these lucky woman.	-83.0	-83.0	-10.375	-10.375	False	False	morphology	determiner_noun_agreement	Write a natural, coherent English sentence.
111	15	Holly couldn't dislike this exposed child.	Holly couldn't dislike these exposed child.	-103.5	-104.0	-10.375	-10.375	True	False	morphology	determiner_noun_agreement	Write a natural, coherent English sentence.
112	15	Angela examines that good synopsis.	Angela examines those good synopsis.	-83.0	-83.0	-10.375	-10.375	False	False	morphology	determiner_noun_agreement	Write a natural, coherent English sentence.
113	15	These skateboards aggravate that lucky woman.	These skateboards aggravate those lucky woman.	-114.0	-114.0	-10.375	-10.375	False	False	morphology	determiner_noun_agreement	Write a natural, coherent English sentence.
114	15	Some play alarms those small women.	Some play alarms that small women.	-83.0	-83.0	-10.375	-10.375	False	False	morphology	determiner_noun_agreement	Write a natural, coherent English sentence.
115	15	Students investigate these nice men.	Students investigate this nice men.	-62.25	-62.25	-10.375	-10.375	False	False	morphology	determiner_noun_agreement	Write a natural, coherent English sentence.
116	15	Tanya wasn't shocking that busy child.	Tanya wasn't shocking those busy child.	-114.0	-114.0	-10.375	-10.375	False	False	morphology	determiner_noun_agreement	Write a natural, coherent English sentence.
117	15	Brett has boasted about this nice person.	Brett has boasted about these nice person.	-103.5	-103.5	-10.375	-10.375	False	False	morphology	determiner_noun_agreement	Write a natural, coherent English sentence.
118	15	Jennifer described that hidden woman.	Jennifer described those hidden woman.	-62.25	-62.5	-10.375	-10.375	True	False	morphology	determiner_noun_agreement	Write a natural, coherent English sentence.
119	15	Winston Churchill passed these red oases.	Winston Churchill passed this red oases.	-103.5	-103.5	-10.375	-10.375	False	False	morphology	determiner_noun_agreement	Write a natural, coherent English sentence.
120	15	Some mirror could scare this nice woman.	Some mirror could scare these nice woman.	-93.5	-93.5	-10.375	-10.375	False	False	morphology	determiner_noun_agreement	Write a natural, coherent English sentence.
121	15	Caroline hadn't fired that scared alumnus.	Caroline hadn't fired those scared alumnus.	-114.0	-114.0	-10.375	-10.375	False	False	morphology	determiner_noun_agreement	Write a natural, coherent English sentence.
122	15	Edward wasn't referencing that displeased woman.	Edward wasn't referencing those displeased woman.	-124.5	-124.5	-10.375	-10.375	False	False	morphology	determiner_noun_agreement	Write a natural, coherent English sentence.
123	15	Many teachers clean these cheap teeth.	Many teachers clean this cheap teeth.	-72.5	-72.5	-10.375	-10.375	False	False	morphology	determiner_noun_agreement	Write a natural, coherent English sentence.
124	15	Wayne might remember these new oases.	Wayne might remember this new oases.	-83.0	-83.0	-10.375	-10.375	False	False	morphology	determiner_noun_agreement	Write a natural, coherent English sentence.
125	15	Some high school alarms this determined man.	Some high school alarms these determined man.	-93.0	-93.0	-10.375	-10.375	False	False	morphology	determiner_noun_agreement	Write a natural, coherent English sentence.
126	15	Vincent had returned to these out in the open oases.	Vincent had returned to this out in the open oases.	-124.0	-124.0	-10.375	-10.375	False	False	morphology	determiner_noun_agreement	Write a natural, coherent English sentence.
127	15	Marla hired this standing child.	Marla hired these standing child.	-72.5	-72.5	-10.375	-10.375	False	False	morphology	determiner_noun_agreement	Write a natural, coherent English sentence.
128	15	Some cucumber has upset those ill men.	Some cucumber has upset that ill men.	-103.5	-103.5	-10.375	-10.375	False	False	morphology	determiner_noun_agreement	Write a natural, coherent English sentence.
129	15	Russell hasn't kissed this content man.	Russell hasn't kissed these content man.	-93.5	-93.5	-10.375	-10.375	False	False	morphology	determiner_noun_agreement	Write a natural, coherent English sentence.
130	15	Guy has left this determined man.	Guy has left these determined man.	-72.5	-72.5	-10.375	-10.375	False	False	morphology	determiner_noun_agreement	Write a natural, coherent English sentence.
131	15	The Lutherans listen to these employed women.	The Lutherans listen to this employed women.	-93.5	-93.5	-10.375	-10.375	False	False	morphology	determiner_noun_agreement	Write a natural, coherent English sentence.
132	15	Candice disliked these bad analyses.	Candice disliked this bad analyses.	-103.5	-103.5	-10.375	-10.375	False	False	morphology	determiner_noun_agreement	Write a natural, coherent English sentence.
133	15	Many women heal these lost geese.	Many women heal this lost geese.	-83.0	-83.0	-10.375	-10.375	False	False	morphology	determiner_noun_agreement	Write a natural, coherent English sentence.
134	15	Wayne has remembered these smart people.	Wayne has remembered this smart people.	-73.0	-73.0	-10.375	-10.375	False	False	morphology	determiner_noun_agreement	Write a natural, coherent English sentence.
135	15	This teenager had dropped by these white oases.	This teenager had dropped by this white oases.	-103.5	-103.5	-10.375	-10.375	False	False	morphology	determiner_noun_agreement	Write a natural, coherent English sentence.
136	15	Eva has exited those smooth oases.	Eva has exited that smooth oases.	-93.5	-93.5	-10.375	-10.375	False	False	morphology	determiner_noun_agreement	Write a natural, coherent English sentence.
137	15	Cheryl wouldn't aggravate that bad person.	Cheryl wouldn't aggravate those bad person.	-124.5	-124.5	-10.375	-10.375	False	False	morphology	determiner_noun_agreement	Write a natural, coherent English sentence.
138	15	Katherine hadn't shocked those young children.	Katherine hadn't shocked that young children.	-103.5	-103.5	-10.375	-10.375	False	False	morphology	determiner_noun_agreement	Write a natural, coherent English sentence.
139	15	The student loves these troubled people.	The student loves this troubled people.	-83.0	-83.0	-10.375	-10.375	False	False	morphology	determiner_noun_agreement	Write a natural, coherent English sentence.
140	15	Tracy cared for those smart alumni.	Tracy cared for that smart alumni.	-103.5	-103.5	-10.375	-10.375	False	False	morphology	determiner_noun_agreement	Write a natural, coherent English sentence.
141	15	Guys return to these small oases.	Guys return to this small oases.	-93.0	-93.0	-10.375	-10.375	False	False	morphology	determiner_noun_agreement	Write a natural, coherent English sentence.
142	15	Marcus won't bike to this white oasis.	Marcus won't bike to these white oasis.	-114.0	-114.0	-10.375	-10.375	False	False	morphology	determiner_noun_agreement	Write a natural, coherent English sentence.
143	15	Eggplants impressed these unconvinced alumni.	Eggplants impressed this unconvinced alumni.	-145.0	-145.0	-10.375	-10.375	False	False	morphology	determiner_noun_agreement	Write a natural, coherent English sentence.
144	15	A turtle has bored those troubled children.	A turtle has bored that troubled children.	-114.0	-114.0	-10.375	-10.375	False	False	morphology	determiner_noun_agreement	Write a natural, coherent English sentence.
145	15	The adults were taking those old teeth.	The adults were taking that old teeth.	-83.0	-83.0	-10.375	-10.375	False	False	morphology	determiner_noun_agreement	Write a natural, coherent English sentence.
146	15	Alan wasn't returning to those blue oases.	Alan wasn't returning to that blue oases.	-114.0	-114.0	-10.375	-10.375	False	False	morphology	determiner_noun_agreement	Write a natural, coherent English sentence.
147	15	Theodore had lifted this rough cactus.	Theodore had lifted these rough cactus.	-103.5	-103.5	-10.375	-10.375	False	False	morphology	determiner_noun_agreement	Write a natural, coherent English sentence.
148	15	Joel isn't praising those good synopses.	Joel isn't praising that good synopses.	-124.5	-124.5	-10.375	-10.375	False	False	morphology	determiner_noun_agreement	Write a natural, coherent English sentence.
149	15	The pedestrian knows these standing women.	The pedestrian knows this standing women.	-83.0	-83.0	-10.375	-10.375	False	False	morphology	determiner_noun_agreement	Write a natural, coherent English sentence.
150	15	Some museums forget that good analysis.	Some museums forget those good analysis.	-83.0	-83.0	-10.375	-10.375	False	False	morphology	determiner_noun_agreement	Write a natural, coherent English sentence.
151	15	The Clintons might clean that lost fungus.	The Clintons might clean those lost fungus.	-124.5	-124.5	-10.375	-10.375	False	False	morphology	determiner_noun_agreement	Write a natural, coherent English sentence.
152	15	Mary is bothering these out in the open children.	Mary is bothering this out in the open children.	-114.0	-114.0	-10.375	-10.375	False	False	morphology	determiner_noun_agreement	Write a natural, coherent English sentence.
153	15	Many customers sell that lost ox.	Many customers sell those lost ox.	-72.5	-72.5	-10.375	-10.375	False	False	morphology	determiner_noun_agreement	Write a natural, coherent English sentence.
154	15	These waitresses praise these troubled men.	These waitresses praise this troubled men.	-103.5	-103.5	-10.375	-10.3125	False	False	morphology	determiner_noun_agreement	Write a natural, coherent English sentence.
155	15	Many men didn't admire that nice person.	Many men didn't admire those nice person.	-114.0	-114.0	-10.375	-10.375	False	False	morphology	determiner_noun_agreement	Write a natural, coherent English sentence.
156	15	Jesus ran around this exposed oasis.	Jesus ran around these exposed oasis.	-83.0	-83.0	-10.375	-10.375	False	False	morphology	determiner_noun_agreement	Write a natural, coherent English sentence.
157	15	Many customers talk about that delighted child.	Many customers talk about those delighted child.	-83.0	-83.0	-10.375	-10.375	False	False	morphology	determiner_noun_agreement	Write a natural, coherent English sentence.
158	15	Drawings had disgusted this small woman.	Drawings had disgusted these small woman.	-93.0	-93.5	-10.375	-10.375	True	False	morphology	determiner_noun_agreement	Write a natural, coherent English sentence.
159	15	Colleen did care for that good man.	Colleen did care for those good man.	-93.5	-93.5	-10.375	-10.375	False	False	morphology	determiner_noun_agreement	Write a natural, coherent English sentence.
160	15	Marcus admired those exposed geese.	Marcus admired that exposed geese.	-83.0	-83.0	-10.375	-10.375	False	False	morphology	determiner_noun_agreement	Write a natural, coherent English sentence.
161	15	Randolf has noticed this clean foot.	Randolf has noticed these clean foot.	-83.0	-83.0	-10.375	-10.375	False	False	morphology	determiner_noun_agreement	Write a natural, coherent English sentence.
162	15	Craig could listen to that determined man.	Craig could listen to those determined man.	-83.0	-83.0	-10.375	-10.375	False	False	morphology	determiner_noun_agreement	Write a natural, coherent English sentence.
163	15	Movies stunned this small man.	Movies stunned these small man.	-83.0	-83.0	-10.375	-10.375	False	False	morphology	determiner_noun_agreement	Write a natural, coherent English sentence.
164	15	Timothy buys this rough ox.	Timothy buys these rough ox.	-83.0	-83.0	-10.375	-10.375	False	False	morphology	determiner_noun_agreement	Write a natural, coherent English sentence.
165	15	Some women go to those red oases.	Some women go to that red oases.	-93.0	-93.0	-10.375	-10.375	False	False	morphology	determiner_noun_agreement	Write a natural, coherent English sentence.
166	15	Ruth fixed this clean tooth.	Ruth fixed these clean tooth.	-62.25	-62.25	-10.375	-10.375	False	False	morphology	determiner_noun_agreement	Write a natural, coherent English sentence.
167	15	Monica is boring those clever men.	Monica is boring that clever men.	-83.0	-83.0	-10.375	-10.375	False	False	morphology	determiner_noun_agreement	Write a natural, coherent English sentence.
168	15	Janice knows these hidden alumni.	Janice knows this hidden alumni.	-93.0	-93.0	-10.375	-10.375	False	False	morphology	determiner_noun_agreement	Write a natural, coherent English sentence.
169	15	Spain insults this delighted alumnus.	Spain insults these delighted alumnus.	-93.0	-93.0	-10.375	-10.375	False	False	morphology	determiner_noun_agreement	Write a natural, coherent English sentence.
170	15	Some planes bore that displeased child.	Some planes bore those displeased child.	-93.5	-93.0	-10.375	-10.375	False	False	morphology	determiner_noun_agreement	Write a natural, coherent English sentence.
171	15	Dishes should upset these happy men.	Dishes should upset this happy men.	-83.0	-83.0	-10.375	-10.375	False	False	morphology	determiner_noun_agreement	Write a natural, coherent English sentence.
172	15	That painting looked like these yellow stimuli.	That painting looked like this yellow stimuli.	-93.5	-93.5	-10.375	-10.375	False	False	morphology	determiner_noun_agreement	Write a natural, coherent English sentence.
173	15	Amy shocked that content man.	Amy shocked those content man.	-62.25	-62.25	-10.375	-10.375	False	False	morphology	determiner_noun_agreement	Write a natural, coherent English sentence.
174	15	Melinda hasn't hidden this determined woman.	Melinda hasn't hidden these determined woman.	-103.5	-103.5	-10.375	-10.375	False	False	morphology	determiner_noun_agreement	Write a natural, coherent English sentence.
175	15	Caroline did drive to this brown oasis.	Caroline did drive to these brown oasis.	-93.0	-93.0	-10.375	-10.375	False	False	morphology	determiner_noun_agreement	Write a natural, coherent English sentence.
176	15	That rice disturbed those smart alumni.	That rice disturbed that smart alumni.	-103.5	-103.5	-10.375	-10.375	False	False	morphology	determiner_noun_agreement	Write a natural, coherent English sentence.
177	15	Brian will examine these long analyses.	Brian will examine this long analyses.	-83.0	-83.0	-10.375	-10.375	False	False	morphology	determiner_noun_agreement	Write a natural, coherent English sentence.
178	15	Mark dislikes this uncertain child.	Mark dislikes these uncertain child.	-83.0	-83.0	-10.375	-10.375	False	False	morphology	determiner_noun_agreement	Write a natural, coherent English sentence.
179	15	Rose was returning to these out in the open children.	Rose was returning to this out in the open children.	-114.0	-114.0	-10.375	-10.375	False	False	morphology	determiner_noun_agreement	Write a natural, coherent English sentence.
180	15	The guest has fixed this red tooth.	The guest has fixed these red tooth.	-83.0	-83.0	-10.375	-10.375	False	False	morphology	determiner_noun_agreement	Write a natural, coherent English sentence.
181	15	Jennifer is breaking this big tooth.	Jennifer is breaking these big tooth.	-72.5	-72.5	-10.375	-10.375	False	False	morphology	determiner_noun_agreement	Write a natural, coherent English sentence.
182	15	Sabrina isn't referencing these red theses.	Sabrina isn't referencing this red theses.	-135.0	-135.0	-10.375	-10.375	False	False	morphology	determiner_noun_agreement	Write a natural, coherent English sentence.
183	15	Valerie hadn't exited that exposed oasis.	Valerie hadn't exited those exposed oasis.	-124.0	-124.0	-10.375	-10.375	False	False	morphology	determiner_noun_agreement	Write a natural, coherent English sentence.
184	15	Every restaurant had worried this hidden child.	Every restaurant had worried these hidden child.	-83.0	-83.0	-10.375	-10.375	False	False	morphology	determiner_noun_agreement	Write a natural, coherent English sentence.
185	15	A woman was examining those long synopses.	A woman was examining that long synopses.	-114.0	-114.0	-10.375	-10.375	False	False	morphology	determiner_noun_agreement	Write a natural, coherent English sentence.
186	15	All actresses approach that content man.	All actresses approach those content man.	-83.0	-83.0	-10.375	-10.375	False	False	morphology	determiner_noun_agreement	Write a natural, coherent English sentence.
187	15	Sarah cleaned those yellow feet.	Sarah cleaned that yellow feet.	-62.25	-62.25	-10.375	-10.375	False	False	morphology	determiner_noun_agreement	Write a natural, coherent English sentence.
188	15	Margaret tours those black oases.	Margaret tours that black oases.	-72.5	-72.5	-10.375	-10.375	False	False	morphology	determiner_noun_agreement	Write a natural, coherent English sentence.
189	15	Rachel wasn't messing up this clean foot.	Rachel wasn't messing up these clean foot.	-114.0	-114.0	-10.375	-10.375	False	False	morphology	determiner_noun_agreement	Write a natural, coherent English sentence.
190	15	The Lutherans go to that old oasis.	The Lutherans go to those old oasis.	-103.5	-103.5	-10.375	-10.375	False	False	morphology	determiner_noun_agreement	Write a natural, coherent English sentence.
191	15	The lamps shock those hidden alumni.	The lamps shock that hidden alumni.	-104.0	-104.0	-10.375	-10.375	False	False	morphology	determiner_noun_agreement	Write a natural, coherent English sentence.
192	15	Claire conceals those small stimuli.	Claire conceals that small stimuli.	-83.0	-83.0	-10.375	-10.375	False	False	morphology	determiner_noun_agreement	Write a natural, coherent English sentence.
193	15	Most documentaries annoy that busy person.	Most documentaries annoy those busy person.	-83.0	-83.0	-10.375	-10.375	False	False	morphology	determiner_noun_agreement	Write a natural, coherent English sentence.
194	15	Pamela shouldn't return to those exposed men.	Pamela shouldn't return to that exposed men.	-114.0	-113.5	-10.375	-10.3125	False	False	morphology	determiner_noun_agreement	Write a natural, coherent English sentence.
195	15	That person couldn't arrive at that purple oasis.	That person couldn't arrive at those purple oasis.	-124.0	-124.0	-10.375	-10.375	False	False	morphology	determiner_noun_agreement	Write a natural, coherent English sentence.
196	15	Alicia won't admire those big nuclei.	Alicia won't admire that big nuclei.	-135.0	-135.0	-10.375	-10.375	False	False	morphology	determiner_noun_agreement	Write a natural, coherent English sentence.
197	15	Curtis arrived at that red oasis.	Curtis arrived at those red oasis.	-93.0	-93.0	-10.375	-10.375	False	False	morphology	determiner_noun_agreement	Write a natural, coherent English sentence.
198	15	People investigate that smart man.	People investigate those smart man.	-62.25	-62.25	-10.375	-10.375	False	False	morphology	determiner_noun_agreement	Write a natural, coherent English sentence.
199	15	Some boys hire these content alumni.	Some boys hire this content alumni.	-93.5	-93.0	-10.375	-10.375	False	False	morphology	determiner_noun_agreement	Write a natural, coherent English sentence.
200	15	Leslie found these brown feet.	Leslie found this brown feet.	-72.5	-72.5	-10.375	-10.375	False	False	morphology	determiner_noun_agreement	Write a natural, coherent English sentence.
201	15	Alexander was firing that displeased woman.	Alexander was firing those displeased woman.	-93.5	-93.5	-10.375	-10.375	False	False	morphology	determiner_noun_agreement	Write a natural, coherent English sentence.
202	15	Florence hasn't argued about those confident children.	Florence hasn't argued about that confident children.	-103.5	-103.5	-10.375	-10.375	False	False	morphology	determiner_noun_agreement	Write a natural, coherent English sentence.
203	15	That adult hadn't complained about that exposed man.	That adult hadn't complained about those exposed man.	-114.0	-114.0	-10.375	-10.375	False	False	morphology	determiner_noun_agreement	Write a natural, coherent English sentence.
204	15	Larry works with these scared women.	Larry works with this scared women.	-72.5	-73.0	-10.375	-10.375	True	False	morphology	determiner_noun_agreement	Write a natural, coherent English sentence.
205	15	Kathleen leaves this old child.	Kathleen leaves these old child.	-72.5	-72.5	-10.375	-10.375	False	False	morphology	determiner_noun_agreement	Write a natural, coherent English sentence.
206	15	The actresses weren't watching these scared people.	The actresses weren't watching this scared people.	-114.0	-114.0	-10.375	-10.375	False	False	morphology	determiner_noun_agreement	Write a natural, coherent English sentence.
207	15	Derek isn't escaping from these blue oases.	Derek isn't escaping from this blue oases.	-135.0	-135.0	-10.375	-10.375	False	False	morphology	determiner_noun_agreement	Write a natural, coherent English sentence.
208	15	Naomi isn't talking about that cheap oasis.	Naomi isn't talking about those cheap oasis.	-124.0	-124.0	-10.375	-10.375	False	False	morphology	determiner_noun_agreement	Write a natural, coherent English sentence.
209	15	These guests hate these troubled men.	These guests hate this troubled men.	-83.0	-83.0	-10.375	-10.375	False	False	morphology	determiner_noun_agreement	Write a natural, coherent English sentence.
210	15	Patricia wasn't hiring those small children.	Patricia wasn't hiring that small children.	-114.0	-114.0	-10.375	-10.3125	False	False	morphology	determiner_noun_agreement	Write a natural, coherent English sentence.
211	15	All stairs weren't alarming that lucky woman.	All stairs weren't alarming those lucky woman.	-114.0	-114.0	-10.375	-10.375	False	False	morphology	determiner_noun_agreement	Write a natural, coherent English sentence.
212	15	Many drivers left that confident alumnus.	Many drivers left those confident alumnus.	-93.5	-93.5	-10.375	-10.375	False	False	morphology	determiner_noun_agreement	Write a natural, coherent English sentence.
213	15	Every skirt disgusts these smart children.	Every skirt disgusts this smart children.	-83.0	-83.0	-10.375	-10.375	False	False	morphology	determiner_noun_agreement	Write a natural, coherent English sentence.
214	15	Valerie has astounded that lost alumnus.	Valerie has astounded those lost alumnus.	-124.0	-124.5	-10.375	-10.375	True	False	morphology	determiner_noun_agreement	Write a natural, coherent English sentence.
215	15	Sonia should describe this determined child.	Sonia should describe these determined child.	-83.0	-83.0	-10.375	-10.375	False	False	morphology	determiner_noun_agreement	Write a natural, coherent English sentence.
216	15	A lot of lakes weren't disgusting that old person.	A lot of lakes weren't disgusting those old person.	-145.0	-145.0	-10.375	-10.375	False	False	morphology	determiner_noun_agreement	Write a natural, coherent English sentence.
217	15	Some pants hadn't aggravated that good woman.	Some pants hadn't aggravated those good woman.	-124.5	-124.5	-10.375	-10.375	False	False	morphology	determiner_noun_agreement	Write a natural, coherent English sentence.
218	15	Anne does return to that old woman.	Anne does return to those old woman.	-83.0	-83.0	-10.375	-10.375	False	False	morphology	determiner_noun_agreement	Write a natural, coherent English sentence.
219	15	Alan wasn't listening to that delighted person.	Alan wasn't listening to those delighted person.	-103.5	-103.5	-10.375	-10.375	False	False	morphology	determiner_noun_agreement	Write a natural, coherent English sentence.
220	15	Some icicles annoy those serious alumni.	Some icicles annoy that serious alumni.	-103.5	-103.5	-10.375	-10.375	False	False	morphology	determiner_noun_agreement	Write a natural, coherent English sentence.
221	15	Many women won't scare those uncertain men.	Many women won't scare that uncertain men.	-114.0	-114.0	-10.375	-10.375	False	False	morphology	determiner_noun_agreement	Write a natural, coherent English sentence.
222	15	Science disgusts this unconvinced alumnus.	Science disgusts these unconvinced alumnus.	-124.0	-124.0	-10.375	-10.375	False	False	morphology	determiner_noun_agreement	Write a natural, coherent English sentence.
223	15	Connie tours these rough oases.	Connie tours this rough oases.	-83.0	-83.0	-10.375	-10.375	False	False	morphology	determiner_noun_agreement	Write a natural, coherent English sentence.
224	15	Those banks were talking about this lost thesis.	Those banks were talking about these lost thesis.	-93.0	-93.0	-10.375	-10.375	False	False	morphology	determiner_noun_agreement	Write a natural, coherent English sentence.
225	15	Some prints didn't look like this rough louse.	Some prints didn't look like these rough louse.	-124.5	-124.5	-10.375	-10.375	False	False	morphology	determiner_noun_agreement	Write a natural, coherent English sentence.
226	15	All pedestrians like those rough theses.	All pedestrians like that rough theses.	-103.5	-103.5	-10.375	-10.375	False	False	morphology	determiner_noun_agreement	Write a natural, coherent English sentence.
227	15	Douglas saw that black fungus.	Douglas saw those black fungus.	-83.0	-83.0	-10.375	-10.375	False	False	morphology	determiner_noun_agreement	Write a natural, coherent English sentence.
228	15	Sarah examined that bad analysis.	Sarah examined those bad analysis.	-62.25	-62.25	-10.375	-10.375	False	False	morphology	determiner_noun_agreement	Write a natural, coherent English sentence.
229	15	An actress researches this long thesis.	An actress researches these long thesis.	-104.0	-104.0	-10.375	-10.375	False	False	morphology	determiner_noun_agreement	Write a natural, coherent English sentence.
230	15	Those waitresses criticize this hidden child.	Those waitresses criticize these hidden child.	-103.5	-103.5	-10.375	-10.375	False	False	morphology	determiner_noun_agreement	Write a natural, coherent English sentence.
231	15	Most drivers question these upset alumni.	Most drivers question this upset alumni.	-93.5	-93.5	-10.375	-10.375	False	False	morphology	determiner_noun_agreement	Write a natural, coherent English sentence.
232	15	Phillip isn't working with these small women.	Phillip isn't working with this small women.	-114.0	-114.0	-10.375	-10.375	False	False	morphology	determiner_noun_agreement	Write a natural, coherent English sentence.
233	15	Jennifer can't aggravate that unlucky man.	Jennifer can't aggravate those unlucky man.	-135.0	-135.0	-10.375	-10.375	False	False	morphology	determiner_noun_agreement	Write a natural, coherent English sentence.
234	15	Essays confuse this good woman.	Essays confuse these good woman.	-83.0	-83.0	-10.375	-10.375	False	False	morphology	determiner_noun_agreement	Write a natural, coherent English sentence.
235	15	Amelia has forgotten those bad analyses.	Amelia has forgotten that bad analyses.	-93.5	-93.5	-10.375	-10.375	False	False	morphology	determiner_noun_agreement	Write a natural, coherent English sentence.
236	15	Michael had explored this brown oasis.	Michael had explored these brown oasis.	-83.0	-83.0	-10.375	-10.375	False	False	morphology	determiner_noun_agreement	Write a natural, coherent English sentence.
237	15	Natalie can aggravate those smart men.	Natalie can aggravate that smart men.	-104.0	-103.5	-10.375	-10.375	False	False	morphology	determiner_noun_agreement	Write a natural, coherent English sentence.
238	15	That patient won't go to these cheap oases.	That patient won't go to this cheap oases.	-124.5	-124.5	-10.375	-10.375	False	False	morphology	determiner_noun_agreement	Write a natural, coherent English sentence.
239	15	Heidi had discovered those black feet.	Heidi had discovered that black feet.	-83.0	-83.0	-10.375	-10.375	False	False	morphology	determiner_noun_agreement	Write a natural, coherent English sentence.
240	15	David hadn't watched those determined men.	David hadn't watched that determined men.	-93.5	-93.5	-10.375	-10.375	False	False	morphology	determiner_noun_agreement	Write a natural, coherent English sentence.
241	15	Some teenager couldn't walk through these green oases.	Some teenager couldn't walk through this green oases.	-124.0	-124.0	-10.375	-10.375	False	False	morphology	determiner_noun_agreement	Write a natural, coherent English sentence.
242	15	Christina shouldn't sell this hard oasis.	Christina shouldn't sell these hard oasis.	-114.0	-113.5	-10.375	-10.3125	False	False	morphology	determiner_noun_agreement	Write a natural, coherent English sentence.
243	15	Christopher isn't firing those sick men.	Christopher isn't firing that sick men.	-93.5	-93.5	-10.375	-10.375	False	False	morphology	determiner_noun_agreement	Write a natural, coherent English sentence.
244	15	Most students hide that yellow mouse.	Most students hide those yellow mouse.	-72.5	-72.5	-10.375	-10.375	False	False	morphology	determiner_noun_agreement	Write a natural, coherent English sentence.
245	15	Holly did buy those clean feet.	Holly did buy that clean feet.	-72.5	-72.5	-10.375	-10.375	False	False	morphology	determiner_noun_agreement	Write a natural, coherent English sentence.
246	15	Many actors clean these brown theses.	Many actors clean this brown theses.	-83.0	-83.0	-10.375	-10.375	False	False	morphology	determiner_noun_agreement	Write a natural, coherent English sentence.
247	15	Stacy would hide those lost lice.	Stacy would hide that lost lice.	-93.5	-93.5	-10.375	-10.375	False	False	morphology	determiner_noun_agreement	Write a natural, coherent English sentence.
248	15	Alan drove to that new oasis.	Alan drove to those new oasis.	-83.0	-83.0	-10.375	-10.375	False	False	morphology	determiner_noun_agreement	Write a natural, coherent English sentence.
249	15	The Impressionists tour this purple oasis.	The Impressionists tour these purple oasis.	-103.5	-103.5	-10.375	-10.375	False	False	morphology	determiner_noun_agreement	Write a natural, coherent English sentence.
250	15	Wayne is talking to this hidden woman.	Wayne is talking to these hidden woman.	-83.0	-83.0	-10.375	-10.375	False	False	morphology	determiner_noun_agreement	Write a natural, coherent English sentence.
251	15	Christopher forgets this happy child.	Christopher forgets these happy child.	-72.5	-72.5	-10.375	-10.375	False	False	morphology	determiner_noun_agreement	Write a natural, coherent English sentence.
252	15	Julie can boycott those cheap oases.	Julie can boycott that cheap oases.	-93.5	-93.0	-10.375	-10.375	False	False	morphology	determiner_noun_agreement	Write a natural, coherent English sentence.
253	15	Most senators dislike these bad theses.	Most senators dislike this bad theses.	-104.0	-104.0	-10.375	-10.375	False	False	morphology	determiner_noun_agreement	Write a natural, coherent English sentence.
254	15	Denise concealed this content person.	Denise concealed these content person.	-83.0	-83.0	-10.375	-10.375	False	False	morphology	determiner_noun_agreement	Write a natural, coherent English sentence.
255	15	Some bike shocks these nice women.	Some bike shocks this nice women.	-83.0	-83.0	-10.375	-10.375	False	False	morphology	determiner_noun_agreement	Write a natural, coherent English sentence.
256	15	These teenagers fix those hidden feet.	These teenagers fix that hidden feet.	-82.5	-82.5	-10.3125	-10.3125	False	False	morphology	determiner_noun_agreement	Write a natural, coherent English sentence.
257	15	Ella praised that ill woman.	Ella praised those ill woman.	-72.5	-72.5	-10.375	-10.375	False	False	morphology	determiner_noun_agreement	Write a natural, coherent English sentence.
258	15	Current events stun these lost people.	Current events stun this lost people.	-83.0	-83.0	-10.375	-10.375	False	False	morphology	determiner_noun_agreement	Write a natural, coherent English sentence.
259	15	Mary tours this gray oasis.	Mary tours these gray oasis.	-72.5	-72.5	-10.375	-10.375	False	False	morphology	determiner_noun_agreement	Write a natural, coherent English sentence.
260	15	Linda visited those unsure men.	Linda visited that unsure men.	-72.5	-72.5	-10.375	-10.375	False	False	morphology	determiner_noun_agreement	Write a natural, coherent English sentence.
261	15	Dan wouldn't boycott that smooth oasis.	Dan wouldn't boycott those smooth oasis.	-114.0	-114.0	-10.375	-10.375	False	False	morphology	determiner_noun_agreement	Write a natural, coherent English sentence.
262	15	Those men leave that brown oasis.	Those men leave those brown oasis.	-83.0	-83.0	-10.375	-10.375	False	False	morphology	determiner_noun_agreement	Write a natural, coherent English sentence.
263	15	Lissa does pass these black oases.	Lissa does pass this black oases.	-93.5	-93.5	-10.375	-10.375	False	False	morphology	determiner_noun_agreement	Write a natural, coherent English sentence.
264	15	Alice had embarrassed this happy man.	Alice had embarrassed these happy man.	-72.5	-72.5	-10.375	-10.375	False	False	morphology	determiner_noun_agreement	Write a natural, coherent English sentence.
265	15	Wayne is worrying that hopeful child.	Wayne is worrying those hopeful child.	-83.0	-83.0	-10.375	-10.375	False	False	morphology	determiner_noun_agreement	Write a natural, coherent English sentence.
266	15	Lucille is biking to that green oasis.	Lucille is biking to those green oasis.	-114.0	-114.0	-10.375	-10.375	False	False	morphology	determiner_noun_agreement	Write a natural, coherent English sentence.
267	15	Katherine hadn't skated around this white oasis.	Katherine hadn't skated around these white oasis.	-135.0	-135.0	-10.375	-10.375	False	False	morphology	determiner_noun_agreement	Write a natural, coherent English sentence.
268	15	James observed this hopeful child.	James observed these hopeful child.	-72.5	-72.5	-10.375	-10.375	False	False	morphology	determiner_noun_agreement	Write a natural, coherent English sentence.
269	15	Gerald liked this big child.	Gerald liked these big child.	-72.5	-72.5	-10.375	-10.375	False	False	morphology	determiner_noun_agreement	Write a natural, coherent English sentence.
270	15	That committee wasn't hiring this displeased alumnus.	That committee wasn't hiring these displeased alumnus.	-145.0	-145.0	-10.375	-10.375	False	False	morphology	determiner_noun_agreement	Write a natural, coherent English sentence.
271	15	Gary isn't breaking that white tooth.	Gary isn't breaking those white tooth.	-93.5	-93.5	-10.375	-10.375	False	False	morphology	determiner_noun_agreement	Write a natural, coherent English sentence.
272	15	Walter hasn't seen those content children.	Walter hasn't seen that content children.	-93.5	-93.5	-10.375	-10.375	False	False	morphology	determiner_noun_agreement	Write a natural, coherent English sentence.
273	15	Martha didn't clean these hidden teeth.	Martha didn't clean this hidden teeth.	-93.0	-93.0	-10.375	-10.375	False	False	morphology	determiner_noun_agreement	Write a natural, coherent English sentence.
274	15	These teachers are returning to those lost men.	These teachers are returning to that lost men.	-93.5	-93.0	-10.375	-10.375	False	False	morphology	determiner_noun_agreement	Write a natural, coherent English sentence.
275	15	Ellen hadn't boycotted that hidden oasis.	Ellen hadn't boycotted those hidden oasis.	-124.5	-124.0	-10.375	-10.375	False	False	morphology	determiner_noun_agreement	Write a natural, coherent English sentence.
276	15	Some patients drive to these brown oases.	Some patients drive to this brown oases.	-93.0	-93.0	-10.375	-10.375	False	False	morphology	determiner_noun_agreement	Write a natural, coherent English sentence.
277	15	Nina wasn't referencing this ill person.	Nina wasn't referencing these ill person.	-103.5	-103.5	-10.375	-10.375	False	False	morphology	determiner_noun_agreement	Write a natural, coherent English sentence.
278	15	Denise praises these fast children.	Denise praises this fast children.	-83.0	-83.0	-10.375	-10.375	False	False	morphology	determiner_noun_agreement	Write a natural, coherent English sentence.
279	15	Most customers attack that clever man.	Most customers attack those clever man.	-72.5	-72.5	-10.375	-10.375	False	False	morphology	determiner_noun_agreement	Write a natural, coherent English sentence.
280	15	Every photograph looks like those exposed people.	Every photograph looks like that exposed people.	-83.0	-83.0	-10.375	-10.375	False	False	morphology	determiner_noun_agreement	Write a natural, coherent English sentence.
281	15	Cindy shouldn't cure that confident alumnus.	Cindy shouldn't cure those confident alumnus.	-135.0	-135.0	-10.375	-10.375	False	False	morphology	determiner_noun_agreement	Write a natural, coherent English sentence.
282	15	The Borgias reveal these blue feet.	The Borgias reveal this blue feet.	-93.5	-93.5	-10.375	-10.375	False	False	morphology	determiner_noun_agreement	Write a natural, coherent English sentence.
283	15	Ella lifts these exposed fungi.	Ella lifts this exposed fungi.	-93.5	-93.5	-10.375	-10.375	False	False	morphology	determiner_noun_agreement	Write a natural, coherent English sentence.
284	15	The Lutherans astound that unsure person.	The Lutherans astound those unsure person.	-104.0	-103.5	-10.375	-10.375	False	False	morphology	determiner_noun_agreement	Write a natural, coherent English sentence.
285	15	These cakes bore that determined woman.	These cakes bore those determined woman.	-83.0	-83.0	-10.375	-10.375	False	False	morphology	determiner_noun_agreement	Write a natural, coherent English sentence.
286	15	Nina lifts this orange cactus.	Nina lifts these orange cactus.	-93.0	-93.0	-10.375	-10.375	False	False	morphology	determiner_noun_agreement	Write a natural, coherent English sentence.
287	15	The actors kiss these unconvinced children.	The actors kiss this unconvinced children.	-103.5	-103.5	-10.375	-10.375	False	False	morphology	determiner_noun_agreement	Write a natural, coherent English sentence.
288	15	Sharon dislikes that brown thesis.	Sharon dislikes those brown thesis.	-93.5	-93.5	-10.375	-10.375	False	False	morphology	determiner_noun_agreement	Write a natural, coherent English sentence.
289	15	The customers sell these rough fungi.	The customers sell this rough fungi.	-83.0	-83.0	-10.375	-10.375	False	False	morphology	determiner_noun_agreement	Write a natural, coherent English sentence.
290	15	Janice didn't cure those employed men.	Janice didn't cure that employed men.	-103.5	-103.5	-10.375	-10.375	False	False	morphology	determiner_noun_agreement	Write a natural, coherent English sentence.
291	15	Paula left this uncertain person.	Paula left these uncertain person.	-72.5	-72.5	-10.375	-10.375	False	False	morphology	determiner_noun_agreement	Write a natural, coherent English sentence.
292	15	Those guys had escaped from those employed children.	Those guys had escaped from that employed children.	-93.5	-93.5	-10.375	-10.375	False	False	morphology	determiner_noun_agreement	Write a natural, coherent English sentence.
293	15	Christine wasn't touring that old oasis.	Christine wasn't touring those old oasis.	-124.0	-124.0	-10.375	-10.375	False	False	morphology	determiner_noun_agreement	Write a natural, coherent English sentence.
294	15	These waitresses praise this rough thesis.	These waitresses praise these rough thesis.	-93.0	-93.5	-10.375	-10.375	True	False	morphology	determiner_noun_agreement	Write a natural, coherent English sentence.
295	15	Some girls hadn't passed this concealed oasis.	Some girls hadn't passed these concealed oasis.	-124.0	-124.0	-10.375	-10.375	False	False	morphology	determiner_noun_agreement	Write a natural, coherent English sentence.
296	15	Andrea lifts these small cacti.	Andrea lifts this small cacti.	-93.5	-93.5	-10.375	-10.375	False	False	morphology	determiner_noun_agreement	Write a natural, coherent English sentence.
297	15	Kristen is scanning those bad synopses.	Kristen is scanning that bad synopses.	-114.0	-114.0	-10.375	-10.375	False	False	morphology	determiner_noun_agreement	Write a natural, coherent English sentence.
298	15	Alan is skated around these cheap oases.	Alan is skated around this cheap oases.	-104.0	-103.5	-10.375	-10.375	False	False	morphology	determiner_noun_agreement	Write a natural, coherent English sentence.
299	15	Kayla has investigated these busy people.	Kayla has investigated this busy people.	-83.0	-83.0	-10.375	-10.375	False	False	morphology	determiner_noun_agreement	Write a natural, coherent English sentence.
300	15	Timothy observes that good woman.	Timothy observes those good woman.	-83.0	-83.0	-10.375	-10.375	False	False	morphology	determiner_noun_agreement	Write a natural, coherent English sentence.
301	15	Every museum hadn't discussed those hidden theses.	Every museum hadn't discussed that hidden theses.	-114.0	-114.0	-10.375	-10.375	False	False	morphology	determiner_noun_agreement	Write a natural, coherent English sentence.
302	15	Some cashiers help this troubled person.	Some cashiers help these troubled person.	-93.0	-93.0	-10.375	-10.375	False	False	morphology	determiner_noun_agreement	Write a natural, coherent English sentence.
303	15	Amanda was attacking that displeased woman.	Amanda was attacking those displeased woman.	-93.5	-93.5	-10.375	-10.375	False	False	morphology	determiner_noun_agreement	Write a natural, coherent English sentence.
304	15	This window upsets these lost people.	This window upsets this lost people.	-83.0	-83.0	-10.375	-10.375	False	False	morphology	determiner_noun_agreement	Write a natural, coherent English sentence.
305	15	Cindy wasn't bringing those gray cacti.	Cindy wasn't bringing that gray cacti.	-135.0	-135.0	-10.375	-10.375	False	False	morphology	determiner_noun_agreement	Write a natural, coherent English sentence.
306	15	Peter complained about these good synopses.	Peter complained about this good synopses.	-93.0	-93.0	-10.375	-10.375	False	False	morphology	determiner_noun_agreement	Write a natural, coherent English sentence.
307	15	Danielle was touring those new oases.	Danielle was touring that new oases.	-103.5	-103.5	-10.375	-10.375	False	False	morphology	determiner_noun_agreement	Write a natural, coherent English sentence.
308	15	Elaine discusses that standing person.	Elaine discusses those standing person.	-83.0	-83.0	-10.375	-10.375	False	False	morphology	determiner_noun_agreement	Write a natural, coherent English sentence.
309	15	Jacqueline had healed those rough geese.	Jacqueline had healed that rough geese.	-114.0	-114.0	-10.375	-10.375	False	False	morphology	determiner_noun_agreement	Write a natural, coherent English sentence.
310	15	All rivers were distracting those standing men.	All rivers were distracting that standing men.	-93.5	-93.5	-10.375	-10.375	False	False	morphology	determiner_noun_agreement	Write a natural, coherent English sentence.
311	15	Some people exit those yellow oases.	Some people exit that yellow oases.	-82.5	-82.5	-10.3125	-10.3125	False	False	morphology	determiner_noun_agreement	Write a natural, coherent English sentence.
312	15	Becca isn't exploring these hard oases.	Becca isn't exploring this hard oases.	-114.0	-114.0	-10.375	-10.375	False	False	morphology	determiner_noun_agreement	Write a natural, coherent English sentence.
313	15	Timothy revealed that big foot.	Timothy revealed those big foot.	-72.5	-72.5	-10.375	-10.375	False	False	morphology	determiner_noun_agreement	Write a natural, coherent English sentence.
314	15	Adam fires these determined men.	Adam fires this determined men.	-62.5	-62.5	-10.375	-10.375	False	False	morphology	determiner_noun_agreement	Write a natural, coherent English sentence.
315	15	The teenagers clean this purple foot.	The teenagers clean these purple foot.	-83.0	-82.5	-10.375	-10.3125	False	False	morphology	determiner_noun_agreement	Write a natural, coherent English sentence.
316	15	The Great Lakes could annoy that troubled man.	The Great Lakes could annoy those troubled man.	-114.0	-114.0	-10.375	-10.375	False	False	morphology	determiner_noun_agreement	Write a natural, coherent English sentence.
317	15	Karen discusses those bad men.	Karen discusses that bad men.	-72.5	-72.5	-10.375	-10.375	False	False	morphology	determiner_noun_agreement	Write a natural, coherent English sentence.
318	15	Phillip didn't find those ill alumni.	Phillip didn't find that ill alumni.	-124.5	-124.0	-10.375	-10.375	False	False	morphology	determiner_noun_agreement	Write a natural, coherent English sentence.
319	15	A lot of men reference these good analyses.	A lot of men reference this good analyses.	-103.5	-103.5	-10.375	-10.375	False	False	morphology	determiner_noun_agreement	Write a natural, coherent English sentence.
320	15	Larry had insulted these lucky children.	Larry had insulted this lucky children.	-83.0	-83.0	-10.375	-10.375	False	False	morphology	determiner_noun_agreement	Write a natural, coherent English sentence.
321	15	Debra is firing that determined child.	Debra is firing those determined child.	-83.0	-83.0	-10.375	-10.375	False	False	morphology	determiner_noun_agreement	Write a natural, coherent English sentence.
322	15	Noah was watching that fast woman.	Noah was watching those fast woman.	-72.5	-72.5	-10.375	-10.375	False	False	morphology	determiner_noun_agreement	Write a natural, coherent English sentence.
323	15	Gina works with that displeased person.	Gina works with those displeased person.	-104.0	-104.0	-10.375	-10.375	False	False	morphology	determiner_noun_agreement	Write a natural, coherent English sentence.
324	15	Most doctors would bring these big nuclei.	Most doctors would bring this big nuclei.	-93.5	-93.5	-10.375	-10.375	False	False	morphology	determiner_noun_agreement	Write a natural, coherent English sentence.
325	15	All drawings alarm that unconvinced child.	All drawings alarm those unconvinced child.	-104.0	-104.0	-10.375	-10.375	False	False	morphology	determiner_noun_agreement	Write a natural, coherent English sentence.
326	15	Some libraries hate that busy man.	Some libraries hate those busy man.	-72.5	-72.5	-10.375	-10.375	False	False	morphology	determiner_noun_agreement	Write a natural, coherent English sentence.
327	15	Derek disgusted that unemployed child.	Derek disgusted those unemployed child.	-93.0	-93.0	-10.375	-10.375	False	False	morphology	determiner_noun_agreement	Write a natural, coherent English sentence.
328	15	Marla hadn't fired these good men.	Marla hadn't fired this good men.	-104.0	-103.5	-10.375	-10.375	False	False	morphology	determiner_noun_agreement	Write a natural, coherent English sentence.
329	15	Carmen examined that red thesis.	Carmen examined those red thesis.	-72.5	-72.5	-10.375	-10.375	False	False	morphology	determiner_noun_agreement	Write a natural, coherent English sentence.
330	15	Amelia investigates this smart woman.	Amelia investigates these smart woman.	-83.0	-83.0	-10.375	-10.375	False	False	morphology	determiner_noun_agreement	Write a natural, coherent English sentence.
331	15	The Borgias hire that displeased alumnus.	The Borgias hire those displeased alumnus.	-135.0	-135.0	-10.375	-10.375	False	False	morphology	determiner_noun_agreement	Write a natural, coherent English sentence.
332	15	Stacey would arrive at these orange oases.	Stacey would arrive at this orange oases.	-114.0	-114.0	-10.375	-10.375	False	False	morphology	determiner_noun_agreement	Write a natural, coherent English sentence.
333	15	Anna works with this lucky man.	Anna works with these lucky man.	-73.0	-72.5	-10.375	-10.375	False	False	morphology	determiner_noun_agreement	Write a natural, coherent English sentence.
334	15	Walter has scanned this rough thesis.	Walter has scanned these rough thesis.	-83.0	-83.0	-10.375	-10.375	False	False	morphology	determiner_noun_agreement	Write a natural, coherent English sentence.
335	15	Some mushroom bothered that lucky woman.	Some mushroom bothered those lucky woman.	-83.0	-83.0	-10.375	-10.375	False	False	morphology	determiner_noun_agreement	Write a natural, coherent English sentence.
336	15	Cynthia walked through this hard oasis.	Cynthia walked through these hard oasis.	-114.0	-114.0	-10.375	-10.375	False	False	morphology	determiner_noun_agreement	Write a natural, coherent English sentence.
337	15	Liam has healed these black oxen.	Liam has healed this black oxen.	-104.0	-103.5	-10.375	-10.375	False	False	morphology	determiner_noun_agreement	Write a natural, coherent English sentence.
338	15	Andrew did notice these white axes.	Andrew did notice this white axes.	-83.0	-83.0	-10.375	-10.375	False	False	morphology	determiner_noun_agreement	Write a natural, coherent English sentence.
339	15	Bethany kisses these serious alumni.	Bethany kisses this serious alumni.	-104.0	-104.0	-10.375	-10.375	False	False	morphology	determiner_noun_agreement	Write a natural, coherent English sentence.
340	15	Vanessa watches this nice person.	Vanessa watches these nice person.	-72.5	-72.5	-10.375	-10.375	False	False	morphology	determiner_noun_agreement	Write a natural, coherent English sentence.
341	15	Every window astounded that big man.	Every window astounded those big man.	-93.0	-93.0	-10.375	-10.375	False	False	morphology	determiner_noun_agreement	Write a natural, coherent English sentence.
342	15	Donna leaves that upset man.	Donna leaves those upset man.	-72.5	-73.0	-10.375	-10.375	True	False	morphology	determiner_noun_agreement	Write a natural, coherent English sentence.
343	15	Many students drop by that orange oasis.	Many students drop by those orange oasis.	-93.0	-93.0	-10.375	-10.3125	False	False	morphology	determiner_noun_agreement	Write a natural, coherent English sentence.
344	15	The sketches looked like this unsure man.	The sketches looked like these unsure man.	-114.0	-114.0	-10.375	-10.375	False	False	morphology	determiner_noun_agreement	Write a natural, coherent English sentence.
345	15	Helen fixes that broken tooth.	Helen fixes those broken tooth.	-72.5	-72.5	-10.375	-10.375	False	False	morphology	determiner_noun_agreement	Write a natural, coherent English sentence.
346	15	Robert wasn't annoying that old person.	Robert wasn't annoying those old person.	-93.5	-93.0	-10.375	-10.375	False	False	morphology	determiner_noun_agreement	Write a natural, coherent English sentence.
347	15	Amy isn't talking to that young woman.	Amy isn't talking to those young woman.	-103.5	-103.5	-10.375	-10.375	False	False	morphology	determiner_noun_agreement	Write a natural, coherent English sentence.
348	15	Alan hadn't remembered these long analyses.	Alan hadn't remembered this long analyses.	-103.5	-103.5	-10.375	-10.375	False	False	morphology	determiner_noun_agreement	Write a natural, coherent English sentence.
349	15	Stephen is working with these out in the open women.	Stephen is working with this out in the open women.	-114.0	-114.0	-10.375	-10.375	False	False	morphology	determiner_noun_agreement	Write a natural, coherent English sentence.
350	15	This library had discussed these employed men.	This library had discussed this employed men.	-83.0	-83.0	-10.375	-10.375	False	False	morphology	determiner_noun_agreement	Write a natural, coherent English sentence.
351	15	This teenager can't worry those delighted men.	This teenager can't worry that delighted men.	-103.5	-103.5	-10.375	-10.375	False	False	morphology	determiner_noun_agreement	Write a natural, coherent English sentence.
352	15	Wendy revealed that sick octopus.	Wendy revealed those sick octopus.	-93.0	-93.5	-10.375	-10.375	True	False	morphology	determiner_noun_agreement	Write a natural, coherent English sentence.
353	15	The Clintons haven't worked with that young person.	The Clintons haven't worked with those young person.	-135.0	-135.0	-10.375	-10.375	False	False	morphology	determiner_noun_agreement	Write a natural, coherent English sentence.
354	15	Some committee aggravates this unconvinced woman.	Some committee aggravates these unconvinced woman.	-124.5	-124.5	-10.375	-10.375	False	False	morphology	determiner_noun_agreement	Write a natural, coherent English sentence.
355	15	Guy bored that troubled man.	Guy bored those troubled man.	-72.5	-72.5	-10.375	-10.375	False	False	morphology	determiner_noun_agreement	Write a natural, coherent English sentence.
356	15	Every actress scanned those bad analyses.	Every actress scanned that bad analyses.	-93.5	-93.0	-10.375	-10.375	False	False	morphology	determiner_noun_agreement	Write a natural, coherent English sentence.
357	15	A library alarms that determined child.	A library alarms those determined child.	-83.0	-83.0	-10.375	-10.375	False	False	morphology	determiner_noun_agreement	Write a natural, coherent English sentence.
358	15	Sheila can't notice this clever man.	Sheila can't notice these clever man.	-103.5	-103.5	-10.375	-10.375	False	False	morphology	determiner_noun_agreement	Write a natural, coherent English sentence.
359	15	James forgets this fast alumnus.	James forgets these fast alumnus.	-93.0	-93.0	-10.375	-10.375	False	False	morphology	determiner_noun_agreement	Write a natural, coherent English sentence.
360	15	Noah hasn't thought about these smooth lice.	Noah hasn't thought about this smooth lice.	-114.0	-114.0	-10.375	-10.375	False	False	morphology	determiner_noun_agreement	Write a natural, coherent English sentence.
361	15	Aaron sees these gray oases.	Aaron sees this gray oases.	-72.5	-72.5	-10.375	-10.375	False	False	morphology	determiner_noun_agreement	Write a natural, coherent English sentence.
362	15	Sherry has taken this standing goose.	Sherry has taken these standing goose.	-93.0	-93.5	-10.375	-10.375	True	False	morphology	determiner_noun_agreement	Write a natural, coherent English sentence.
363	15	Marie hasn't found those ill geese.	Marie hasn't found that ill geese.	-103.5	-103.5	-10.375	-10.375	False	False	morphology	determiner_noun_agreement	Write a natural, coherent English sentence.
364	15	Peter isn't arriving at that red oasis.	Peter isn't arriving at those red oasis.	-114.0	-114.0	-10.375	-10.375	False	False	morphology	determiner_noun_agreement	Write a natural, coherent English sentence.
365	15	Jill isn't boycotting those orange oases.	Jill isn't boycotting that orange oases.	-145.0	-145.0	-10.375	-10.375	False	False	morphology	determiner_noun_agreement	Write a natural, coherent English sentence.
366	15	Julia messes up that orange foot.	Julia messes up those orange foot.	-83.0	-83.0	-10.375	-10.375	False	False	morphology	determiner_noun_agreement	Write a natural, coherent English sentence.
367	15	That hill didn't disturb that content woman.	That hill didn't disturb those content woman.	-103.5	-103.5	-10.375	-10.375	False	False	morphology	determiner_noun_agreement	Write a natural, coherent English sentence.
368	15	Suzanne has concealed that concealed man.	Suzanne has concealed those concealed man.	-103.5	-103.5	-10.375	-10.375	False	False	morphology	determiner_noun_agreement	Write a natural, coherent English sentence.
369	15	Alicia sells that orange octopus.	Alicia sells those orange octopus.	-114.0	-114.0	-10.375	-10.375	False	False	morphology	determiner_noun_agreement	Write a natural, coherent English sentence.
370	15	Leslie has discussed that delighted child.	Leslie has discussed those delighted child.	-83.0	-83.0	-10.375	-10.375	False	False	morphology	determiner_noun_agreement	Write a natural, coherent English sentence.
371	15	Andrea could like these white lice.	Andrea could like this white lice.	-83.0	-83.0	-10.375	-10.375	False	False	morphology	determiner_noun_agreement	Write a natural, coherent English sentence.
372	15	Most children break those rough teeth.	Most children break that rough teeth.	-72.5	-72.5	-10.375	-10.375	False	False	morphology	determiner_noun_agreement	Write a natural, coherent English sentence.
373	15	Richard did work with this clever child.	Richard did work with these clever child.	-83.0	-83.0	-10.375	-10.375	False	False	morphology	determiner_noun_agreement	Write a natural, coherent English sentence.
374	15	Anne hugs this unemployed woman.	Anne hugs these unemployed woman.	-83.0	-83.0	-10.375	-10.375	False	False	morphology	determiner_noun_agreement	Write a natural, coherent English sentence.
375	15	Those actors attack that excited child.	Those actors attack those excited child.	-73.0	-72.5	-10.375	-10.375	False	False	morphology	determiner_noun_agreement	Write a natural, coherent English sentence.
376	15	Bruce was hugging that unconvinced man.	Bruce was hugging those unconvinced man.	-114.0	-114.0	-10.375	-10.375	False	False	morphology	determiner_noun_agreement	Write a natural, coherent English sentence.
377	15	Patrick hasn't hidden this orange oasis.	Patrick hasn't hidden these orange oasis.	-103.5	-103.5	-10.375	-10.375	False	False	morphology	determiner_noun_agreement	Write a natural, coherent English sentence.
378	15	Alicia hadn't discussed that uncertain person.	Alicia hadn't discussed those uncertain person.	-114.0	-114.0	-10.375	-10.375	False	False	morphology	determiner_noun_agreement	Write a natural, coherent English sentence.
379	15	Susan wasn't talking to those confident men.	Susan wasn't talking to that confident men.	-103.5	-103.5	-10.375	-10.375	False	False	morphology	determiner_noun_agreement	Write a natural, coherent English sentence.
380	15	Cheryl will scan that good synopsis.	Cheryl will scan those good synopsis.	-93.5	-93.5	-10.375	-10.375	False	False	morphology	determiner_noun_agreement	Write a natural, coherent English sentence.
381	15	Tamara kissed that unsure man.	Tamara kissed those unsure man.	-83.0	-83.0	-10.375	-10.375	False	False	morphology	determiner_noun_agreement	Write a natural, coherent English sentence.
382	15	Craig boasts about those bad analyses.	Craig boasts about that bad analyses.	-93.0	-93.0	-10.375	-10.375	False	False	morphology	determiner_noun_agreement	Write a natural, coherent English sentence.
383	15	Randolf hadn't hugged those serious people.	Randolf hadn't hugged that serious people.	-114.0	-114.0	-10.375	-10.375	False	False	morphology	determiner_noun_agreement	Write a natural, coherent English sentence.
384	15	Many doctors cure these exposed men.	Many doctors cure this exposed men.	-72.5	-72.5	-10.375	-10.375	False	False	morphology	determiner_noun_agreement	Write a natural, coherent English sentence.
385	15	Women criticized those smooth theses.	Women criticized that smooth theses.	-83.0	-83.0	-10.375	-10.375	False	False	morphology	determiner_noun_agreement	Write a natural, coherent English sentence.
386	15	Some light disturbs that old person.	Some light disturbs those old person.	-93.0	-93.0	-10.375	-10.375	False	False	morphology	determiner_noun_agreement	Write a natural, coherent English sentence.
387	15	Carol was questioning this big man.	Carol was questioning these big man.	-72.5	-72.5	-10.375	-10.375	False	False	morphology	determiner_noun_agreement	Write a natural, coherent English sentence.
388	15	Sara has gone to that old oasis.	Sara has gone to those old oasis.	-93.0	-93.0	-10.3125	-10.3125	False	False	morphology	determiner_noun_agreement	Write a natural, coherent English sentence.
389	15	Steven brought these red oases.	Steven brought this red oases.	-72.5	-72.5	-10.375	-10.375	False	False	morphology	determiner_noun_agreement	Write a natural, coherent English sentence.
390	15	Diana will disgust these ill children.	Diana will disgust this ill children.	-72.5	-72.5	-10.375	-10.375	False	False	morphology	determiner_noun_agreement	Write a natural, coherent English sentence.
391	15	Steven disturbs these sick alumni.	Steven disturbs this sick alumni.	-104.0	-104.0	-10.375	-10.375	False	False	morphology	determiner_noun_agreement	Write a natural, coherent English sentence.
392	15	Angela wasn't lifting these blue feet.	Angela wasn't lifting this blue feet.	-93.0	-93.5	-10.375	-10.375	True	False	morphology	determiner_noun_agreement	Write a natural, coherent English sentence.
393	15	Sharon hasn't stunned that unsure child.	Sharon hasn't stunned those unsure child.	-124.5	-124.5	-10.375	-10.375	False	False	morphology	determiner_noun_agreement	Write a natural, coherent English sentence.
394	15	These girls question that concealed man.	These girls question those concealed man.	-83.0	-83.0	-10.375	-10.375	False	False	morphology	determiner_noun_agreement	Write a natural, coherent English sentence.
395	15	Martha wasn't kissing this unemployed man.	Martha wasn't kissing these unemployed man.	-113.5	-114.0	-10.3125	-10.3125	True	False	morphology	determiner_noun_agreement	Write a natural, coherent English sentence.
396	15	Kendra isn't working with this excited child.	Kendra isn't working with these excited child.	-124.5	-124.5	-10.375	-10.375	False	False	morphology	determiner_noun_agreement	Write a natural, coherent English sentence.
397	15	All actresses praise this hard thesis.	All actresses praise these hard thesis.	-82.5	-82.5	-10.3125	-10.3125	False	False	morphology	determiner_noun_agreement	Write a natural, coherent English sentence.
398	15	David cleans that hard tooth.	David cleans those hard tooth.	-72.5	-72.5	-10.375	-10.375	False	False	morphology	determiner_noun_agreement	Write a natural, coherent English sentence.
399	15	Julia sounded like this uncertain person.	Julia sounded like these uncertain person.	-72.5	-72.5	-10.375	-10.375	False	False	morphology	determiner_noun_agreement	Write a natural, coherent English sentence.
400	15	Those actors attacked that happy alumnus.	Those actors attacked those happy alumnus.	-93.5	-93.0	-10.375	-10.375	False	False	morphology	determiner_noun_agreement	Write a natural, coherent English sentence.
401	15	Eva hadn't admired these black fungi.	Eva hadn't admired this black fungi.	-114.0	-114.0	-10.375	-10.375	False	False	morphology	determiner_noun_agreement	Write a natural, coherent English sentence.
402	15	Many chairs aren't disgusting this unlucky child.	Many chairs aren't disgusting these unlucky child.	-134.0	-134.0	-10.375	-10.375	False	False	morphology	determiner_noun_agreement	Write a natural, coherent English sentence.
403	15	Those waiters break these rough teeth.	Those waiters break this rough teeth.	-83.0	-83.0	-10.375	-10.375	False	False	morphology	determiner_noun_agreement	Write a natural, coherent English sentence.
404	15	Becca leaves this uncertain child.	Becca leaves these uncertain child.	-72.5	-72.5	-10.375	-10.375	False	False	morphology	determiner_noun_agreement	Write a natural, coherent English sentence.
405	15	Some steak disturbs these displeased children.	Some steak disturbs this displeased children.	-124.5	-124.5	-10.375	-10.375	False	False	morphology	determiner_noun_agreement	Write a natural, coherent English sentence.
406	15	Christine wouldn't conceal this lost stimulus.	Christine wouldn't conceal these lost stimulus.	-124.5	-124.5	-10.375	-10.375	False	False	morphology	determiner_noun_agreement	Write a natural, coherent English sentence.
407	15	Every face irritates those unemployed alumni.	Every face irritates that unemployed alumni.	-114.0	-114.0	-10.375	-10.375	False	False	morphology	determiner_noun_agreement	Write a natural, coherent English sentence.
408	15	Susan noticed that unlucky person.	Susan noticed those unlucky person.	-83.0	-83.0	-10.375	-10.375	False	False	morphology	determiner_noun_agreement	Write a natural, coherent English sentence.
409	15	Some women drop by those concealed oases.	Some women drop by that concealed oases.	-103.5	-103.5	-10.375	-10.375	False	False	morphology	determiner_noun_agreement	Write a natural, coherent English sentence.
410	15	The Clintons disagree with these serious men.	The Clintons disagree with this serious men.	-104.0	-104.0	-10.375	-10.375	False	False	morphology	determiner_noun_agreement	Write a natural, coherent English sentence.
411	15	Phillip discovers these busy women.	Phillip discovers this busy women.	-83.0	-83.0	-10.375	-10.375	False	False	morphology	determiner_noun_agreement	Write a natural, coherent English sentence.
412	15	Waiters investigate that hopeful woman.	Waiters investigate those hopeful woman.	-83.0	-83.0	-10.375	-10.375	False	False	morphology	determiner_noun_agreement	Write a natural, coherent English sentence.
413	15	Regina hasn't found these white nuclei.	Regina hasn't found this white nuclei.	-124.5	-124.5	-10.375	-10.375	False	False	morphology	determiner_noun_agreement	Write a natural, coherent English sentence.
414	15	Irene scanned those purple theses.	Irene scanned that purple theses.	-93.5	-93.5	-10.375	-10.375	False	False	morphology	determiner_noun_agreement	Write a natural, coherent English sentence.
415	15	A bank references those popular people.	A bank references that popular people.	-72.5	-72.5	-10.375	-10.375	False	False	morphology	determiner_noun_agreement	Write a natural, coherent English sentence.
416	15	Vincent tours this old oasis.	Vincent tours these old oasis.	-72.5	-72.5	-10.375	-10.375	False	False	morphology	determiner_noun_agreement	Write a natural, coherent English sentence.
417	15	Alicia kisses that standing woman.	Alicia kisses those standing woman.	-93.5	-93.0	-10.375	-10.375	False	False	morphology	determiner_noun_agreement	Write a natural, coherent English sentence.
418	15	Some candles aren't boring those displeased men.	Some candles aren't boring that displeased men.	-135.0	-135.0	-10.375	-10.375	False	False	morphology	determiner_noun_agreement	Write a natural, coherent English sentence.
419	15	That teenager does care for this old alumnus.	That teenager does care for these old alumnus.	-114.0	-114.0	-10.375	-10.3125	False	False	morphology	determiner_noun_agreement	Write a natural, coherent English sentence.
420	15	A lot of drawings weren't alarming that displeased man.	A lot of drawings weren't alarming those displeased man.	-155.0	-155.0	-10.375	-10.375	False	False	morphology	determiner_noun_agreement	Write a natural, coherent English sentence.
421	15	That face astounded that important woman.	That face astounded those important woman.	-93.0	-93.0	-10.375	-10.375	False	False	morphology	determiner_noun_agreement	Write a natural, coherent English sentence.
422	15	Tiffany had approached these unemployed people.	Tiffany had approached this unemployed people.	-103.5	-103.5	-10.375	-10.375	False	False	morphology	determiner_noun_agreement	Write a natural, coherent English sentence.
423	15	Christina is passing these rough oases.	Christina is passing this rough oases.	-93.5	-93.0	-10.375	-10.375	False	False	morphology	determiner_noun_agreement	Write a natural, coherent English sentence.
424	15	Debra was praising those busy people.	Debra was praising that busy people.	-93.5	-93.5	-10.375	-10.375	False	False	morphology	determiner_noun_agreement	Write a natural, coherent English sentence.
425	15	The doctors didn't care for these scared children.	The doctors didn't care for this scared children.	-114.0	-114.0	-10.375	-10.375	False	False	morphology	determiner_noun_agreement	Write a natural, coherent English sentence.
426	15	Those ladders stun these small people.	Those ladders stun this small people.	-104.0	-104.0	-10.375	-10.375	False	False	morphology	determiner_noun_agreement	Write a natural, coherent English sentence.
427	15	Samuel isn't distracting these clever women.	Samuel isn't distracting this clever women.	-103.5	-103.5	-10.375	-10.375	False	False	morphology	determiner_noun_agreement	Write a natural, coherent English sentence.
428	15	Lucille dropped by those new oases.	Lucille dropped by that new oases.	-93.0	-93.0	-10.375	-10.375	False	False	morphology	determiner_noun_agreement	Write a natural, coherent English sentence.
429	15	A legislature should aggravate that busy child.	A legislature should aggravate those busy child.	-114.0	-114.0	-10.375	-10.375	False	False	morphology	determiner_noun_agreement	Write a natural, coherent English sentence.
430	15	Larry observed that lucky child.	Larry observed those lucky child.	-62.25	-62.25	-10.375	-10.375	False	False	morphology	determiner_noun_agreement	Write a natural, coherent English sentence.
431	15	Lawrence wasn't approaching those troubled children.	Lawrence wasn't approaching that troubled children.	-103.5	-103.5	-10.375	-10.375	False	False	morphology	determiner_noun_agreement	Write a natural, coherent English sentence.
432	15	Most libraries describe those delighted men.	Most libraries describe that delighted men.	-72.5	-72.5	-10.375	-10.375	False	False	morphology	determiner_noun_agreement	Write a natural, coherent English sentence.
433	15	The Impressionists alarms that sick child.	The Impressionists alarms those sick child.	-104.0	-104.0	-10.375	-10.375	False	False	morphology	determiner_noun_agreement	Write a natural, coherent English sentence.
434	15	A lot of children have this exposed axis.	A lot of children have these exposed axis.	-93.0	-93.0	-10.3125	-10.375	False	True	morphology	determiner_noun_agreement	Write a natural, coherent English sentence.
435	15	Melissa couldn't reveal that small man.	Melissa couldn't reveal those small man.	-103.5	-103.5	-10.375	-10.375	False	False	morphology	determiner_noun_agreement	Write a natural, coherent English sentence.
436	15	These carriages won't impress those bad men.	These carriages won't impress that bad men.	-114.0	-114.0	-10.375	-10.375	False	False	morphology	determiner_noun_agreement	Write a natural, coherent English sentence.
437	15	Many girls drop by that red oasis.	Many girls drop by those red oasis.	-93.0	-93.0	-10.375	-10.375	False	False	morphology	determiner_noun_agreement	Write a natural, coherent English sentence.
438	15	The Impressionists fled from this small woman.	The Impressionists fled from these small woman.	-104.0	-103.5	-10.375	-10.375	False	False	morphology	determiner_noun_agreement	Write a natural, coherent English sentence.
439	15	Ann arrived at that blue oasis.	Ann arrived at those blue oasis.	-83.0	-83.0	-10.375	-10.375	False	False	morphology	determiner_noun_agreement	Write a natural, coherent English sentence.
440	15	The sock isn't disturbing those lucky children.	The sock isn't disturbing that lucky children.	-114.0	-114.0	-10.375	-10.375	False	False	morphology	determiner_noun_agreement	Write a natural, coherent English sentence.
441	15	Those socks were shocking those unlucky men.	Those socks were shocking that unlucky men.	-114.0	-114.0	-10.375	-10.375	False	False	morphology	determiner_noun_agreement	Write a natural, coherent English sentence.
442	15	Christine wasn't walking through those cheap oases.	Christine wasn't walking through that cheap oases.	-124.5	-124.5	-10.375	-10.375	False	False	morphology	determiner_noun_agreement	Write a natural, coherent English sentence.
443	15	Mary appreciates those content women.	Mary appreciates that content women.	-72.5	-72.5	-10.375	-10.375	False	False	morphology	determiner_noun_agreement	Write a natural, coherent English sentence.
444	15	That lady didn't question this ill person.	That lady didn't question these ill person.	-103.5	-103.5	-10.375	-10.375	False	False	morphology	determiner_noun_agreement	Write a natural, coherent English sentence.
445	15	Most birds annoy this young woman.	Most birds annoy these young woman.	-72.5	-72.5	-10.375	-10.375	False	False	morphology	determiner_noun_agreement	Write a natural, coherent English sentence.
446	15	Amelia is kissing these content men.	Amelia is kissing this content men.	-93.5	-93.5	-10.375	-10.375	False	False	morphology	determiner_noun_agreement	Write a natural, coherent English sentence.
447	15	Judy isn't taking those standing oxen.	Judy isn't taking that standing oxen.	-114.0	-114.0	-10.375	-10.375	False	False	morphology	determiner_noun_agreement	Write a natural, coherent English sentence.
448	15	Irene is discussing those clever alumni.	Irene is discussing that clever alumni.	-104.0	-104.0	-10.375	-10.375	False	False	morphology	determiner_noun_agreement	Write a natural, coherent English sentence.
449	15	Danielle could describe these long analyses.	Danielle could describe this long analyses.	-93.0	-93.0	-10.375	-10.375	False	False	morphology	determiner_noun_agreement	Write a natural, coherent English sentence.
450	15	Eva hasn't praised that lucky woman.	Eva hasn't praised those lucky woman.	-93.0	-93.0	-10.375	-10.375	False	False	morphology	determiner_noun_agreement	Write a natural, coherent English sentence.
451	15	Grace might observe that unlucky woman.	Grace might observe those unlucky woman.	-93.0	-93.5	-10.375	-10.375	True	False	morphology	determiner_noun_agreement	Write a natural, coherent English sentence.
452	15	The Clintons bothered these clever people.	The Clintons bothered this clever people.	-93.5	-93.5	-10.375	-10.375	False	False	morphology	determiner_noun_agreement	Write a natural, coherent English sentence.
453	15	April hadn't embarrassed those employed alumni.	April hadn't embarrassed that employed alumni.	-114.0	-114.0	-10.375	-10.375	False	False	morphology	determiner_noun_agreement	Write a natural, coherent English sentence.
454	15	Marie shouldn't forget that happy man.	Marie shouldn't forget those happy man.	-93.0	-93.0	-10.375	-10.375	False	False	morphology	determiner_noun_agreement	Write a natural, coherent English sentence.
455	15	Renee isn't breaking that cheap foot.	Renee isn't breaking those cheap foot.	-114.0	-114.0	-10.375	-10.375	False	False	morphology	determiner_noun_agreement	Write a natural, coherent English sentence.
456	15	Monica shouldn't sell those new oases.	Monica shouldn't sell that new oases.	-114.0	-114.0	-10.375	-10.375	False	False	morphology	determiner_noun_agreement	Write a natural, coherent English sentence.
457	15	Every dancer has returned to that troubled man.	Every dancer has returned to those troubled man.	-114.0	-114.0	-10.375	-10.375	False	False	morphology	determiner_noun_agreement	Write a natural, coherent English sentence.
458	15	Those dancers break those green teeth.	Those dancers break that green teeth.	-83.0	-83.0	-10.375	-10.375	False	False	morphology	determiner_noun_agreement	Write a natural, coherent English sentence.
459	15	These teachers talk about these fast women.	These teachers talk about this fast women.	-83.0	-83.0	-10.375	-10.375	False	False	morphology	determiner_noun_agreement	Write a natural, coherent English sentence.
460	15	Spain hasn't praised that happy man.	Spain hasn't praised those happy man.	-93.0	-93.0	-10.375	-10.375	False	False	morphology	determiner_noun_agreement	Write a natural, coherent English sentence.
461	15	Monica does kiss those good people.	Monica does kiss that good people.	-83.0	-83.0	-10.375	-10.375	False	False	morphology	determiner_noun_agreement	Write a natural, coherent English sentence.
462	15	Benjamin can boast about those busy men.	Benjamin can boast about that busy men.	-93.0	-93.0	-10.375	-10.375	False	False	morphology	determiner_noun_agreement	Write a natural, coherent English sentence.
463	15	Donald conceals this lost nucleus.	Donald conceals these lost nucleus.	-83.0	-83.0	-10.375	-10.375	False	False	morphology	determiner_noun_agreement	Write a natural, coherent English sentence.
464	15	Gregory was embarrassing this big woman.	Gregory was embarrassing these big woman.	-83.0	-83.0	-10.375	-10.375	False	False	morphology	determiner_noun_agreement	Write a natural, coherent English sentence.
465	15	The waiter wasn't stunning that hidden child.	The waiter wasn't stunning those hidden child.	-114.0	-114.0	-10.375	-10.375	False	False	morphology	determiner_noun_agreement	Write a natural, coherent English sentence.
466	15	A lot of photographs haven't looked like this red stimulus.	A lot of photographs haven't looked like these red stimulus.	-145.0	-145.0	-10.375	-10.375	False	False	morphology	determiner_noun_agreement	Write a natural, coherent English sentence.
467	15	A patient fixed those cheap feet.	A patient fixed that cheap feet.	-72.5	-73.0	-10.375	-10.375	True	False	morphology	determiner_noun_agreement	Write a natural, coherent English sentence.
468	15	Many gates shouldn't astound these unsure alumni.	Many gates shouldn't astound this unsure alumni.	-145.0	-145.0	-10.375	-10.375	False	False	morphology	determiner_noun_agreement	Write a natural, coherent English sentence.
469	15	That picture hasn't looked like these big men.	That picture hasn't looked like this big men.	-114.0	-114.0	-10.375	-10.375	False	False	morphology	determiner_noun_agreement	Write a natural, coherent English sentence.
470	15	These waitresses talk about this hidden thesis.	These waitresses talk about these hidden thesis.	-103.5	-103.5	-10.375	-10.375	False	False	morphology	determiner_noun_agreement	Write a natural, coherent English sentence.
471	15	Stacy concealed those gray axes.	Stacy concealed that gray axes.	-93.5	-93.5	-10.375	-10.375	False	False	morphology	determiner_noun_agreement	Write a natural, coherent English sentence.
472	15	Nicole remembers those serious alumni.	Nicole remembers that serious alumni.	-93.0	-93.0	-10.375	-10.375	False	False	morphology	determiner_noun_agreement	Write a natural, coherent English sentence.
473	15	Leslie hadn't gone to that small oasis.	Leslie hadn't gone to those small oasis.	-124.0	-124.0	-10.375	-10.375	False	False	morphology	determiner_noun_agreement	Write a natural, coherent English sentence.
474	15	Joel wasn't praising this ill person.	Joel wasn't praising these ill person.	-103.5	-103.5	-10.375	-10.375	False	False	morphology	determiner_noun_agreement	Write a natural, coherent English sentence.
475	15	These drivers embarrasses this young alumnus.	These drivers embarrasses these young alumnus.	-103.5	-103.5	-10.375	-10.375	False	False	morphology	determiner_noun_agreement	Write a natural, coherent English sentence.
476	15	Beef bores that delighted woman.	Beef bores those delighted woman.	-83.0	-83.0	-10.375	-10.375	False	False	morphology	determiner_noun_agreement	Write a natural, coherent English sentence.
477	15	Mitchell goes to this gray oasis.	Mitchell goes to these gray oasis.	-83.0	-83.0	-10.375	-10.375	False	False	morphology	determiner_noun_agreement	Write a natural, coherent English sentence.
478	15	The mouth bores these upset men.	The mouth bores this upset men.	-83.0	-83.0	-10.375	-10.375	False	False	morphology	determiner_noun_agreement	Write a natural, coherent English sentence.
479	15	Most legislatures discuss those good people.	Most legislatures discuss that good people.	-83.0	-83.0	-10.375	-10.375	False	False	morphology	determiner_noun_agreement	Write a natural, coherent English sentence.
480	15	The boys mess up those purple feet.	The boys mess up that purple feet.	-83.0	-83.0	-10.375	-10.375	False	False	morphology	determiner_noun_agreement	Write a natural, coherent English sentence.
481	15	Cashiers describe these fast children.	Cashiers describe this fast children.	-72.5	-72.5	-10.375	-10.375	False	False	morphology	determiner_noun_agreement	Write a natural, coherent English sentence.
482	15	Roger has fired those unconvinced men.	Roger has fired that unconvinced men.	-104.0	-104.0	-10.375	-10.375	False	False	morphology	determiner_noun_agreement	Write a natural, coherent English sentence.
483	15	Amy wasn't kissing this content man.	Amy wasn't kissing these content man.	-103.5	-103.5	-10.375	-10.375	False	False	morphology	determiner_noun_agreement	Write a natural, coherent English sentence.
484	15	Every dancer hadn't praised those good analyses.	Every dancer hadn't praised that good analyses.	-124.5	-124.5	-10.375	-10.375	False	False	morphology	determiner_noun_agreement	Write a natural, coherent English sentence.
485	15	Rhonda wasn't hiding those red mice.	Rhonda wasn't hiding that red mice.	-114.0	-114.0	-10.375	-10.375	False	False	morphology	determiner_noun_agreement	Write a natural, coherent English sentence.
486	15	Every pedestrian talks about that bad synopsis.	Every pedestrian talks about those bad synopsis.	-103.5	-103.5	-10.3125	-10.375	False	True	morphology	determiner_noun_agreement	Write a natural, coherent English sentence.
487	15	The fish shocks these old alumni.	The fish shocks this old alumni.	-103.5	-104.0	-10.375	-10.375	True	False	morphology	determiner_noun_agreement	Write a natural, coherent English sentence.
488	15	Those waitresses visited those scared alumni.	Those waitresses visited that scared alumni.	-114.0	-114.0	-10.375	-10.375	False	False	morphology	determiner_noun_agreement	Write a natural, coherent English sentence.
489	15	That library was listening to this nice man.	That library was listening to these nice man.	-93.5	-93.5	-10.375	-10.375	False	False	morphology	determiner_noun_agreement	Write a natural, coherent English sentence.
490	15	Steve wasn't bringing that blue stimulus.	Steve wasn't bringing those blue stimulus.	-103.5	-103.5	-10.375	-10.375	False	False	morphology	determiner_noun_agreement	Write a natural, coherent English sentence.
491	15	Some guest was hiring that scared woman.	Some guest was hiring those scared woman.	-83.0	-83.0	-10.375	-10.375	False	False	morphology	determiner_noun_agreement	Write a natural, coherent English sentence.
492	15	The spotlights upset this unconvinced alumnus.	The spotlights upset these unconvinced alumnus.	-135.0	-135.0	-10.375	-10.375	False	False	morphology	determiner_noun_agreement	Write a natural, coherent English sentence.
493	15	Todd might observe this lost man.	Todd might observe these lost man.	-73.0	-72.5	-10.375	-10.375	False	False	morphology	determiner_noun_agreement	Write a natural, coherent English sentence.
494	15	People could describe that unconvinced person.	People could describe those unconvinced person.	-103.5	-103.5	-10.375	-10.375	False	False	morphology	determiner_noun_agreement	Write a natural, coherent English sentence.
495	15	That waiter had astounded these lucky people.	That waiter had astounded this lucky people.	-114.0	-114.0	-10.375	-10.375	False	False	morphology	determiner_noun_agreement	Write a natural, coherent English sentence.
496	15	Kendra disgusted these confident women.	Kendra disgusted this confident women.	-93.5	-93.5	-10.375	-10.375	False	False	morphology	determiner_noun_agreement	Write a natural, coherent English sentence.
497	15	Spain hasn't annoyed those old people.	Spain hasn't annoyed that old people.	-103.5	-103.5	-10.375	-10.375	False	False	morphology	determiner_noun_agreement	Write a natural, coherent English sentence.
498	15	Steve kisses these out in the open people.	Steve kisses this out in the open people.	-103.5	-103.5	-10.375	-10.375	False	False	morphology	determiner_noun_agreement	Write a natural, coherent English sentence.
499	15	Wayne kissed those unconvinced men.	Wayne kissed that unconvinced men.	-93.5	-93.5	-10.375	-10.375	False	False	morphology	determiner_noun_agreement	Write a natural, coherent English sentence.
500	15	Douglas has brought those lost cacti.	Douglas has brought that lost cacti.	-93.5	-93.5	-10.375	-10.375	False	False	morphology	determiner_noun_agreement	Write a natural, coherent English sentence.
501	15	Tammy can't reveal that big alumnus.	Tammy can't reveal those big alumnus.	-124.0	-124.5	-10.375	-10.375	True	False	morphology	determiner_noun_agreement	Write a natural, coherent English sentence.
502	15	Deborah fled from those standing children.	Deborah fled from that standing children.	-93.5	-93.5	-10.375	-10.375	False	False	morphology	determiner_noun_agreement	Write a natural, coherent English sentence.
503	15	A man wasn't cleaning that hard fungus.	A man wasn't cleaning those hard fungus.	-124.5	-124.5	-10.375	-10.375	False	False	morphology	determiner_noun_agreement	Write a natural, coherent English sentence.
504	15	Danielle has broken those gray teeth.	Danielle has broken that gray teeth.	-83.0	-83.0	-10.375	-10.375	False	False	morphology	determiner_noun_agreement	Write a natural, coherent English sentence.
505	15	Derek praised this big thesis.	Derek praised these big thesis.	-72.5	-72.5	-10.375	-10.375	False	False	morphology	determiner_noun_agreement	Write a natural, coherent English sentence.
506	15	Gary has disgusted those unsure people.	Gary has disgusted that unsure people.	-93.5	-93.5	-10.375	-10.375	False	False	morphology	determiner_noun_agreement	Write a natural, coherent English sentence.
507	15	A senator insulted this bad synopsis.	A senator insulted these bad synopsis.	-103.5	-103.5	-10.375	-10.3125	False	False	morphology	determiner_noun_agreement	Write a natural, coherent English sentence.
508	15	A lot of drivers visit these purple oases.	A lot of drivers visit this purple oases.	-103.5	-103.5	-10.375	-10.375	False	False	morphology	determiner_noun_agreement	Write a natural, coherent English sentence.
509	15	Richard isn't attacking this fast child.	Richard isn't attacking these fast child.	-93.5	-93.5	-10.375	-10.375	False	False	morphology	determiner_noun_agreement	Write a natural, coherent English sentence.
510	15	Frank shocked that unsure man.	Frank shocked those unsure man.	-73.0	-73.0	-10.375	-10.375	False	False	morphology	determiner_noun_agreement	Write a natural, coherent English sentence.
511	15	Brett returned to that confident man.	Brett returned to those confident man.	-83.0	-83.0	-10.375	-10.375	False	False	morphology	determiner_noun_agreement	Write a natural, coherent English sentence.
512	15	Many ladies weren't passing these old oases.	Many ladies weren't passing this old oases.	-114.0	-114.0	-10.375	-10.375	False	False	morphology	determiner_noun_agreement	Write a natural, coherent English sentence.
513	15	A waiter brought those purple teeth.	A waiter brought that purple teeth.	-83.0	-83.0	-10.375	-10.375	False	False	morphology	determiner_noun_agreement	Write a natural, coherent English sentence.
514	15	Beverly has fired this fast alumnus.	Beverly has fired these fast alumnus.	-103.5	-103.5	-10.375	-10.375	False	False	morphology	determiner_noun_agreement	Write a natural, coherent English sentence.
515	15	Men haven't observed that standing man.	Men haven't observed those standing man.	-93.5	-93.5	-10.375	-10.375	False	False	morphology	determiner_noun_agreement	Write a natural, coherent English sentence.
516	15	Tiffany admired this ill child.	Tiffany admired these ill child.	-93.5	-93.5	-10.375	-10.375	False	False	morphology	determiner_noun_agreement	Write a natural, coherent English sentence.
517	15	That patient didn't love that unemployed alumnus.	That patient didn't love those unemployed alumnus.	-134.0	-135.0	-10.375	-10.375	True	False	morphology	determiner_noun_agreement	Write a natural, coherent English sentence.
518	15	Aaron reveals that red tooth.	Aaron reveals those red tooth.	-62.5	-62.25	-10.375	-10.375	False	False	morphology	determiner_noun_agreement	Write a natural, coherent English sentence.
519	15	Monica was insulting those bad people.	Monica was insulting that bad people.	-93.0	-93.5	-10.375	-10.375	True	False	morphology	determiner_noun_agreement	Write a natural, coherent English sentence.
520	15	These teenagers watch that old alumnus.	These teenagers watch those old alumnus.	-103.5	-103.5	-10.3125	-10.3125	False	False	morphology	determiner_noun_agreement	Write a natural, coherent English sentence.
521	15	Tina might confuse this exposed child.	Tina might confuse these exposed child.	-93.5	-93.5	-10.375	-10.375	False	False	morphology	determiner_noun_agreement	Write a natural, coherent English sentence.
522	15	A face was confusing that nice woman.	A face was confusing those nice woman.	-83.0	-83.0	-10.375	-10.375	False	False	morphology	determiner_noun_agreement	Write a natural, coherent English sentence.
523	15	An adult researches that good analysis.	An adult researches those good analysis.	-104.0	-104.0	-10.375	-10.375	False	False	morphology	determiner_noun_agreement	Write a natural, coherent English sentence.
524	15	Some broccoli isn't annoying these unconvinced women.	Some broccoli isn't annoying this unconvinced women.	-155.0	-156.0	-10.375	-10.375	True	False	morphology	determiner_noun_agreement	Write a natural, coherent English sentence.
525	15	Nancy talks about these content children.	Nancy talks about this content children.	-72.5	-72.5	-10.375	-10.375	False	False	morphology	determiner_noun_agreement	Write a natural, coherent English sentence.
526	15	Regina found this lost ox.	Regina found these lost ox.	-83.0	-83.0	-10.375	-10.375	False	False	morphology	determiner_noun_agreement	Write a natural, coherent English sentence.
527	15	Emily had respected that clever man.	Emily had respected those clever man.	-72.5	-72.5	-10.375	-10.375	False	False	morphology	determiner_noun_agreement	Write a natural, coherent English sentence.
528	15	Kathleen has worked with this confident man.	Kathleen has worked with these confident man.	-93.5	-93.5	-10.375	-10.375	False	False	morphology	determiner_noun_agreement	Write a natural, coherent English sentence.
529	15	Most customers are distracting these determined children.	Most customers are distracting this determined children.	-93.0	-93.0	-10.375	-10.375	False	False	morphology	determiner_noun_agreement	Write a natural, coherent English sentence.
530	15	Rachelle didn't cure this black octopus.	Rachelle didn't cure these black octopus.	-124.0	-124.0	-10.375	-10.375	False	False	morphology	determiner_noun_agreement	Write a natural, coherent English sentence.
531	15	Steven hugs these standing men.	Steven hugs this standing men.	-72.5	-72.5	-10.375	-10.375	False	False	morphology	determiner_noun_agreement	Write a natural, coherent English sentence.
532	15	Every popsicle shocked those excited men.	Every popsicle shocked that excited men.	-93.5	-93.5	-10.375	-10.375	False	False	morphology	determiner_noun_agreement	Write a natural, coherent English sentence.
533	15	Sonia lifts that new oasis.	Sonia lifts those new oasis.	-93.0	-93.0	-10.375	-10.375	False	False	morphology	determiner_noun_agreement	Write a natural, coherent English sentence.
534	15	Cheryl might tour that purple oasis.	Cheryl might tour those purple oasis.	-93.0	-93.0	-10.375	-10.375	False	False	morphology	determiner_noun_agreement	Write a natural, coherent English sentence.
535	15	This doctor appreciates this bad child.	This doctor appreciates these bad child.	-83.0	-83.0	-10.375	-10.375	False	False	morphology	determiner_noun_agreement	Write a natural, coherent English sentence.
536	15	Leslie breaks those red feet.	Leslie breaks that red feet.	-72.5	-72.5	-10.375	-10.375	False	False	morphology	determiner_noun_agreement	Write a natural, coherent English sentence.
537	15	Bethany hasn't hidden that yellow louse.	Bethany hasn't hidden those yellow louse.	-114.0	-114.0	-10.375	-10.375	False	False	morphology	determiner_noun_agreement	Write a natural, coherent English sentence.
538	15	Some people have criticized this brown thesis.	Some people have criticized these brown thesis.	-93.0	-93.0	-10.3125	-10.3125	False	False	morphology	determiner_noun_agreement	Write a natural, coherent English sentence.
539	15	Noah heals this determined child.	Noah heals these determined child.	-72.5	-72.5	-10.375	-10.375	False	False	morphology	determiner_noun_agreement	Write a natural, coherent English sentence.
540	15	Kevin biked to those big oases.	Kevin biked to that big oases.	-104.0	-103.5	-10.375	-10.375	False	False	morphology	determiner_noun_agreement	Write a natural, coherent English sentence.
541	15	Wayne hadn't bored these sick men.	Wayne hadn't bored this sick men.	-93.5	-93.5	-10.375	-10.375	False	False	morphology	determiner_noun_agreement	Write a natural, coherent English sentence.
542	15	Amy returns to those young alumni.	Amy returns to that young alumni.	-93.5	-93.0	-10.375	-10.375	False	False	morphology	determiner_noun_agreement	Write a natural, coherent English sentence.
543	15	That gate did aggravate this excited woman.	That gate did aggravate these excited woman.	-103.5	-103.5	-10.375	-10.375	False	False	morphology	determiner_noun_agreement	Write a natural, coherent English sentence.
544	15	Melissa observes that bad child.	Melissa observes those bad child.	-83.0	-83.0	-10.375	-10.375	False	False	morphology	determiner_noun_agreement	Write a natural, coherent English sentence.
545	15	Kathleen wasn't scanning those long synopses.	Kathleen wasn't scanning that long synopses.	-135.0	-135.0	-10.375	-10.375	False	False	morphology	determiner_noun_agreement	Write a natural, coherent English sentence.
546	15	That guy dropped by these white oases.	That guy dropped by this white oases.	-93.0	-93.0	-10.375	-10.375	False	False	morphology	determiner_noun_agreement	Write a natural, coherent English sentence.
547	15	Every child might fire this serious child.	Every child might fire these serious child.	-83.0	-83.0	-10.375	-10.375	False	False	morphology	determiner_noun_agreement	Write a natural, coherent English sentence.
548	15	Meredith had concealed that black thesis.	Meredith had concealed those black thesis.	-104.0	-104.0	-10.375	-10.375	False	False	morphology	determiner_noun_agreement	Write a natural, coherent English sentence.
549	15	Randolf didn't see these blue teeth.	Randolf didn't see this blue teeth.	-103.5	-103.5	-10.375	-10.375	False	False	morphology	determiner_noun_agreement	Write a natural, coherent English sentence.
550	15	Some guy passes that rough oasis.	Some guy passes those rough oasis.	-83.0	-83.0	-10.375	-10.375	False	False	morphology	determiner_noun_agreement	Write a natural, coherent English sentence.
551	15	Guys hurts that smart man.	Guys hurts those smart man.	-83.0	-83.0	-10.375	-10.375	False	False	morphology	determiner_noun_agreement	Write a natural, coherent English sentence.
552	15	Many museums should describe this fast man.	Many museums should describe these fast man.	-93.0	-93.0	-10.375	-10.375	False	False	morphology	determiner_noun_agreement	Write a natural, coherent English sentence.
553	15	A lot of chairs haven't embarrassed this serious man.	A lot of chairs haven't embarrassed these serious man.	-124.0	-124.0	-10.375	-10.375	False	False	morphology	determiner_noun_agreement	Write a natural, coherent English sentence.
554	15	Emily talked about that ill alumnus.	Emily talked about those ill alumnus.	-93.0	-93.0	-10.375	-10.375	False	False	morphology	determiner_noun_agreement	Write a natural, coherent English sentence.
555	15	A lot of girls notice these black lice.	A lot of girls notice this black lice.	-103.5	-103.5	-10.375	-10.375	False	False	morphology	determiner_noun_agreement	Write a natural, coherent English sentence.
556	15	Those schools reference that green thesis.	Those schools reference those green thesis.	-72.5	-72.5	-10.375	-10.375	False	False	morphology	determiner_noun_agreement	Write a natural, coherent English sentence.
557	15	Bradley had bored this delighted alumnus.	Bradley had bored these delighted alumnus.	-103.5	-103.5	-10.375	-10.375	False	False	morphology	determiner_noun_agreement	Write a natural, coherent English sentence.
558	15	Melinda scares this good woman.	Melinda scares these good woman.	-83.0	-83.0	-10.375	-10.375	False	False	morphology	determiner_noun_agreement	Write a natural, coherent English sentence.
559	15	Those pedestrians go to those big oases.	Those pedestrians go to that big oases.	-114.0	-114.0	-10.375	-10.375	False	False	morphology	determiner_noun_agreement	Write a natural, coherent English sentence.
560	15	Many doctors escaped from that lost child.	Many doctors escaped from those lost child.	-83.0	-83.0	-10.375	-10.375	False	False	morphology	determiner_noun_agreement	Write a natural, coherent English sentence.
561	15	Tamara isn't revealing that orange ox.	Tamara isn't revealing those orange ox.	-103.5	-103.5	-10.375	-10.375	False	False	morphology	determiner_noun_agreement	Write a natural, coherent English sentence.
562	15	Many patients arrive at that hidden oasis.	Many patients arrive at those hidden oasis.	-93.0	-93.0	-10.375	-10.375	False	False	morphology	determiner_noun_agreement	Write a natural, coherent English sentence.
563	15	Beth leaves these happy children.	Beth leaves this happy children.	-62.25	-62.25	-10.375	-10.375	False	False	morphology	determiner_noun_agreement	Write a natural, coherent English sentence.
564	15	Deanna broke that yellow foot.	Deanna broke those yellow foot.	-72.5	-72.5	-10.375	-10.375	False	False	morphology	determiner_noun_agreement	Write a natural, coherent English sentence.
565	15	Jessica had talked to that concealed man.	Jessica had talked to those concealed man.	-93.5	-93.5	-10.375	-10.375	False	False	morphology	determiner_noun_agreement	Write a natural, coherent English sentence.
566	15	Those actors praise those long synopses.	Those actors praise that long synopses.	-93.5	-93.5	-10.375	-10.375	False	False	morphology	determiner_noun_agreement	Write a natural, coherent English sentence.
567	15	This coat hasn't astounded these popular men.	This coat hasn't astounded this popular men.	-124.0	-124.0	-10.375	-10.375	False	False	morphology	determiner_noun_agreement	Write a natural, coherent English sentence.
568	15	Wendy does talk to this scared alumnus.	Wendy does talk to these scared alumnus.	-114.0	-114.0	-10.375	-10.375	False	False	morphology	determiner_noun_agreement	Write a natural, coherent English sentence.
569	15	Christine is questioning these happy men.	Christine is questioning this happy men.	-83.0	-83.0	-10.375	-10.375	False	False	morphology	determiner_noun_agreement	Write a natural, coherent English sentence.
570	15	All doctors loved that displeased man.	All doctors loved those displeased man.	-93.5	-93.5	-10.375	-10.375	False	False	morphology	determiner_noun_agreement	Write a natural, coherent English sentence.
571	15	Waitresses researched these long synopses.	Waitresses researched this long synopses.	-135.0	-134.0	-10.375	-10.375	False	False	morphology	determiner_noun_agreement	Write a natural, coherent English sentence.
572	15	Alexander can flee from this nice woman.	Alexander can flee from these nice woman.	-93.5	-93.5	-10.375	-10.375	False	False	morphology	determiner_noun_agreement	Write a natural, coherent English sentence.
573	15	Walter hadn't hated this fast man.	Walter hadn't hated these fast man.	-93.5	-93.5	-10.375	-10.375	False	False	morphology	determiner_noun_agreement	Write a natural, coherent English sentence.
574	15	Those cashiers buy those smooth lice.	Those cashiers buy that smooth lice.	-93.5	-93.0	-10.375	-10.375	False	False	morphology	determiner_noun_agreement	Write a natural, coherent English sentence.
575	15	Sonia hid that determined child.	Sonia hid those determined child.	-72.5	-72.5	-10.375	-10.375	False	False	morphology	determiner_noun_agreement	Write a natural, coherent English sentence.
576	15	Barbara is observing that excited person.	Barbara is observing those excited person.	-83.0	-83.0	-10.375	-10.375	False	False	morphology	determiner_noun_agreement	Write a natural, coherent English sentence.
577	15	That company stuns these unconvinced women.	That company stuns this unconvinced women.	-114.0	-114.0	-10.375	-10.375	False	False	morphology	determiner_noun_agreement	Write a natural, coherent English sentence.
578	15	Paul thought about those bad theses.	Paul thought about that bad theses.	-83.0	-83.0	-10.375	-10.375	False	False	morphology	determiner_noun_agreement	Write a natural, coherent English sentence.
579	15	Victoria escaped from these displeased children.	Victoria escaped from this displeased children.	-93.5	-93.0	-10.375	-10.375	False	False	morphology	determiner_noun_agreement	Write a natural, coherent English sentence.
580	15	Brad notices this big octopus.	Brad notices these big octopus.	-93.0	-93.0	-10.375	-10.375	False	False	morphology	determiner_noun_agreement	Write a natural, coherent English sentence.
581	15	Adam is praising those yellow theses.	Adam is praising that yellow theses.	-93.5	-93.5	-10.375	-10.375	False	False	morphology	determiner_noun_agreement	Write a natural, coherent English sentence.
582	15	Douglas did tour those hidden oases.	Douglas did tour that hidden oases.	-83.0	-83.0	-10.375	-10.375	False	False	morphology	determiner_noun_agreement	Write a natural, coherent English sentence.
583	15	Gerald couldn't know these happy men.	Gerald couldn't know this happy men.	-103.5	-103.5	-10.375	-10.375	False	False	morphology	determiner_noun_agreement	Write a natural, coherent English sentence.
584	15	Those women hug that smart man.	Those women hug those smart man.	-72.5	-72.5	-10.375	-10.375	False	False	morphology	determiner_noun_agreement	Write a natural, coherent English sentence.
585	15	These senators wouldn't forget that long synopsis.	These senators wouldn't forget those long synopsis.	-124.5	-124.5	-10.375	-10.375	False	False	morphology	determiner_noun_agreement	Write a natural, coherent English sentence.
586	15	Edward took those lost stimuli.	Edward took that lost stimuli.	-72.5	-72.5	-10.375	-10.375	False	False	morphology	determiner_noun_agreement	Write a natural, coherent English sentence.
587	15	The waitresses did know this lucky person.	The waitresses did know these lucky person.	-103.5	-103.5	-10.375	-10.375	False	False	morphology	determiner_noun_agreement	Write a natural, coherent English sentence.
588	15	That library might love this important person.	That library might love these important person.	-83.0	-83.0	-10.375	-10.375	False	False	morphology	determiner_noun_agreement	Write a natural, coherent English sentence.
589	15	Carrie was healing this gray octopus.	Carrie was healing these gray octopus.	-103.5	-103.5	-10.375	-10.375	False	False	morphology	determiner_noun_agreement	Write a natural, coherent English sentence.
590	15	Sonia hadn't cleaned those gray teeth.	Sonia hadn't cleaned that gray teeth.	-103.5	-103.5	-10.375	-10.375	False	False	morphology	determiner_noun_agreement	Write a natural, coherent English sentence.
591	15	The Lutherans alarmed this confident woman.	The Lutherans alarmed these confident woman.	-93.5	-93.5	-10.375	-10.375	False	False	morphology	determiner_noun_agreement	Write a natural, coherent English sentence.
592	15	This shirt impressed those popular people.	This shirt impressed that popular people.	-72.5	-72.5	-10.375	-10.375	False	False	morphology	determiner_noun_agreement	Write a natural, coherent English sentence.
593	15	Some schools love that employed person.	Some schools love those employed person.	-72.5	-72.5	-10.375	-10.375	False	False	morphology	determiner_noun_agreement	Write a natural, coherent English sentence.
594	15	Valerie hasn't known this young child.	Valerie hasn't known these young child.	-103.5	-103.5	-10.375	-10.375	False	False	morphology	determiner_noun_agreement	Write a natural, coherent English sentence.
595	15	Scott respected those displeased men.	Scott respected that displeased men.	-83.0	-83.0	-10.375	-10.375	False	False	morphology	determiner_noun_agreement	Write a natural, coherent English sentence.
596	15	The ladies work with those lost children.	The ladies work with that lost children.	-83.0	-83.0	-10.375	-10.375	False	False	morphology	determiner_noun_agreement	Write a natural, coherent English sentence.
597	15	Dawn had biked to this small oasis.	Dawn had biked to these small oasis.	-124.0	-124.0	-10.375	-10.375	False	False	morphology	determiner_noun_agreement	Write a natural, coherent English sentence.
598	15	Samantha would explore that gray oasis.	Samantha would explore those gray oasis.	-103.5	-103.5	-10.375	-10.3125	False	False	morphology	determiner_noun_agreement	Write a natural, coherent English sentence.
599	15	All steps upset those unemployed men.	All steps upset that unemployed men.	-83.0	-83.0	-10.375	-10.375	False	False	morphology	determiner_noun_agreement	Write a natural, coherent English sentence.
600	15	Marla has described that unemployed woman.	Marla has described those unemployed woman.	-93.5	-93.5	-10.375	-10.375	False	False	morphology	determiner_noun_agreement	Write a natural, coherent English sentence.
601	15	Most universities bore those excited children.	Most universities bore that excited children.	-72.5	-72.5	-10.375	-10.375	False	False	morphology	determiner_noun_agreement	Write a natural, coherent English sentence.
602	15	These banks should reference that purple thesis.	These banks should reference those purple thesis.	-83.0	-83.0	-10.375	-10.375	False	False	morphology	determiner_noun_agreement	Write a natural, coherent English sentence.
603	15	Sherry brought those concealed geese.	Sherry brought that concealed geese.	-93.5	-93.5	-10.375	-10.375	False	False	morphology	determiner_noun_agreement	Write a natural, coherent English sentence.
604	15	Many pedestrians complain about these long analyses.	Many pedestrians complain about this long analyses.	-114.0	-114.0	-10.375	-10.375	False	False	morphology	determiner_noun_agreement	Write a natural, coherent English sentence.
605	15	Theresa fixed these small teeth.	Theresa fixed this small teeth.	-72.5	-72.5	-10.375	-10.375	False	False	morphology	determiner_noun_agreement	Write a natural, coherent English sentence.
606	15	This lake disturbed those unconvinced men.	This lake disturbed that unconvinced men.	-114.0	-114.0	-10.375	-10.375	False	False	morphology	determiner_noun_agreement	Write a natural, coherent English sentence.
607	15	Catherine was talking about those bad synopses.	Catherine was talking about that bad synopses.	-103.5	-103.5	-10.375	-10.375	False	False	morphology	determiner_noun_agreement	Write a natural, coherent English sentence.
608	15	Alicia had escaped from these hidden men.	Alicia had escaped from this hidden men.	-103.5	-103.5	-10.375	-10.375	False	False	morphology	determiner_noun_agreement	Write a natural, coherent English sentence.
609	15	Natalie hasn't worked with this confident woman.	Natalie hasn't worked with these confident woman.	-114.0	-114.0	-10.375	-10.375	False	False	morphology	determiner_noun_agreement	Write a natural, coherent English sentence.
610	15	Amelia annoyed this smart man.	Amelia annoyed these smart man.	-83.0	-83.0	-10.375	-10.375	False	False	morphology	determiner_noun_agreement	Write a natural, coherent English sentence.
611	15	Every guest is irritating this serious child.	Every guest is irritating these serious child.	-93.5	-93.5	-10.375	-10.375	False	False	morphology	determiner_noun_agreement	Write a natural, coherent English sentence.
612	15	All reports annoyed this hopeful person.	All reports annoyed these hopeful person.	-93.0	-93.0	-10.3125	-10.375	False	True	morphology	determiner_noun_agreement	Write a natural, coherent English sentence.
613	15	These women break those orange teeth.	These women break that orange teeth.	-72.5	-72.5	-10.375	-10.375	False	False	morphology	determiner_noun_agreement	Write a natural, coherent English sentence.
614	15	Christopher could shock this excited child.	Christopher could shock these excited child.	-72.5	-72.5	-10.375	-10.375	False	False	morphology	determiner_noun_agreement	Write a natural, coherent English sentence.
615	15	This spotlight hasn't disgusted that employed child.	This spotlight hasn't disgusted those employed child.	-124.0	-124.0	-10.3125	-10.375	False	True	morphology	determiner_noun_agreement	Write a natural, coherent English sentence.
616	15	Samantha fled from that busy child.	Samantha fled from those busy child.	-93.0	-93.0	-10.375	-10.375	False	False	morphology	determiner_noun_agreement	Write a natural, coherent English sentence.
617	15	Lucille arrived at that hard oasis.	Lucille arrived at those hard oasis.	-93.0	-93.5	-10.375	-10.375	True	False	morphology	determiner_noun_agreement	Write a natural, coherent English sentence.
618	15	All teachers see those yellow lice.	All teachers see that yellow lice.	-83.0	-83.0	-10.375	-10.375	False	False	morphology	determiner_noun_agreement	Write a natural, coherent English sentence.
619	15	Some photographs haven't looked like these small octopi.	Some photographs haven't looked like this small octopi.	-135.0	-135.0	-10.375	-10.375	False	False	morphology	determiner_noun_agreement	Write a natural, coherent English sentence.
620	15	Danielle brought those blue feet.	Danielle brought that blue feet.	-72.5	-72.5	-10.375	-10.375	False	False	morphology	determiner_noun_agreement	Write a natural, coherent English sentence.
621	15	Todd hadn't left those exposed men.	Todd hadn't left that exposed men.	-93.0	-93.5	-10.375	-10.375	True	False	morphology	determiner_noun_agreement	Write a natural, coherent English sentence.
622	15	Some doctors embarrasses those delighted alumni.	Some doctors embarrasses that delighted alumni.	-103.5	-103.5	-10.375	-10.375	False	False	morphology	determiner_noun_agreement	Write a natural, coherent English sentence.
623	15	The actresses forget that unemployed alumnus.	The actresses forget those unemployed alumnus.	-114.0	-114.0	-10.375	-10.375	False	False	morphology	determiner_noun_agreement	Write a natural, coherent English sentence.
624	15	A lot of socks alarm this unsure alumnus.	A lot of socks alarm these unsure alumnus.	-124.0	-124.0	-10.375	-10.375	False	False	morphology	determiner_noun_agreement	Write a natural, coherent English sentence.
625	15	The customers are thinking about that busy child.	The customers are thinking about those busy child.	-93.0	-93.0	-10.375	-10.375	False	False	morphology	determiner_noun_agreement	Write a natural, coherent English sentence.
626	15	Kristin wasn't kissing those small men.	Kristin wasn't kissing that small men.	-114.0	-114.0	-10.375	-10.375	False	False	morphology	determiner_noun_agreement	Write a natural, coherent English sentence.
627	15	Omar hasn't broken this broken foot.	Omar hasn't broken these broken foot.	-103.5	-103.5	-10.375	-10.375	False	False	morphology	determiner_noun_agreement	Write a natural, coherent English sentence.
628	15	The actress worked with this nice woman.	The actress worked with these nice woman.	-83.0	-83.0	-10.375	-10.375	False	False	morphology	determiner_noun_agreement	Write a natural, coherent English sentence.
629	15	Patients insult these happy people.	Patients insult this happy people.	-73.0	-72.5	-10.375	-10.375	False	False	morphology	determiner_noun_agreement	Write a natural, coherent English sentence.
630	15	Spain bought those orange lice.	Spain bought that orange lice.	-72.5	-72.5	-10.375	-10.375	False	False	morphology	determiner_noun_agreement	Write a natural, coherent English sentence.
631	15	Those waiters didn't kiss this unlucky child.	Those waiters didn't kiss these unlucky child.	-134.0	-135.0	-10.375	-10.375	True	False	morphology	determiner_noun_agreement	Write a natural, coherent English sentence.
632	15	Jennifer isn't touring these old oases.	Jennifer isn't touring this old oases.	-114.0	-114.0	-10.375	-10.375	False	False	morphology	determiner_noun_agreement	Write a natural, coherent English sentence.
633	15	Glaciers upset this small child.	Glaciers upset these small child.	-83.0	-83.0	-10.375	-10.375	False	False	morphology	determiner_noun_agreement	Write a natural, coherent English sentence.
634	15	John investigated these old men.	John investigated this old men.	-62.25	-62.25	-10.375	-10.375	False	False	morphology	determiner_noun_agreement	Write a natural, coherent English sentence.
635	15	Some doctors hated these yellow theses.	Some doctors hated this yellow theses.	-83.0	-83.0	-10.375	-10.375	False	False	morphology	determiner_noun_agreement	Write a natural, coherent English sentence.
636	15	Linda described that clever man.	Linda described those clever man.	-62.25	-62.25	-10.375	-10.375	False	False	morphology	determiner_noun_agreement	Write a natural, coherent English sentence.
637	15	Many drawings are looking like these excited women.	Many drawings are looking like this excited women.	-93.5	-93.5	-10.375	-10.375	False	False	morphology	determiner_noun_agreement	Write a natural, coherent English sentence.
638	15	Mitchell had concealed that small tooth.	Mitchell had concealed those small tooth.	-83.0	-83.0	-10.375	-10.375	False	False	morphology	determiner_noun_agreement	Write a natural, coherent English sentence.
639	15	Every dog had irritated this young child.	Every dog had irritated these young child.	-93.0	-93.0	-10.375	-10.375	False	False	morphology	determiner_noun_agreement	Write a natural, coherent English sentence.
640	15	Some doctors lift this exposed ox.	Some doctors lift these exposed ox.	-72.5	-72.5	-10.375	-10.375	False	False	morphology	determiner_noun_agreement	Write a natural, coherent English sentence.
641	15	Valerie was disgusting that happy woman.	Valerie was disgusting those happy woman.	-93.5	-93.5	-10.375	-10.375	False	False	morphology	determiner_noun_agreement	Write a natural, coherent English sentence.
642	15	Claire hugs those clever men.	Claire hugs that clever men.	-72.5	-72.5	-10.375	-10.375	False	False	morphology	determiner_noun_agreement	Write a natural, coherent English sentence.
643	15	All adults go to these white oases.	All adults go to this white oases.	-93.5	-93.0	-10.375	-10.375	False	False	morphology	determiner_noun_agreement	Write a natural, coherent English sentence.
644	15	Bill observed this nice child.	Bill observed these nice child.	-62.25	-62.25	-10.375	-10.375	False	False	morphology	determiner_noun_agreement	Write a natural, coherent English sentence.
645	15	Diana kissed these delighted alumni.	Diana kissed this delighted alumni.	-83.0	-83.0	-10.375	-10.375	False	False	morphology	determiner_noun_agreement	Write a natural, coherent English sentence.
646	15	Governments are describing those sick people.	Governments are describing that sick people.	-83.0	-83.0	-10.375	-10.375	False	False	morphology	determiner_noun_agreement	Write a natural, coherent English sentence.
647	15	The doctors cure that young woman.	The doctors cure those young woman.	-72.5	-72.5	-10.375	-10.375	False	False	morphology	determiner_noun_agreement	Write a natural, coherent English sentence.
648	15	Dancers did disagree with this ill child.	Dancers did disagree with these ill child.	-93.5	-93.5	-10.375	-10.375	False	False	morphology	determiner_noun_agreement	Write a natural, coherent English sentence.
649	15	Veronica couldn't embarrass these exposed men.	Veronica couldn't embarrass this exposed men.	-114.0	-114.0	-10.375	-10.375	False	False	morphology	determiner_noun_agreement	Write a natural, coherent English sentence.
650	15	The students cared for that delighted man.	The students cared for those delighted man.	-83.0	-83.0	-10.375	-10.375	False	False	morphology	determiner_noun_agreement	Write a natural, coherent English sentence.
651	15	Steve conceals these important men.	Steve conceals this important men.	-72.5	-72.5	-10.375	-10.375	False	False	morphology	determiner_noun_agreement	Write a natural, coherent English sentence.
652	15	These actresses will talk to these content men.	These actresses will talk to this content men.	-103.5	-103.5	-10.375	-10.375	False	False	morphology	determiner_noun_agreement	Write a natural, coherent English sentence.
653	15	That teenager wouldn't buy these rough oxen.	That teenager wouldn't buy this rough oxen.	-114.0	-114.0	-10.375	-10.375	False	False	morphology	determiner_noun_agreement	Write a natural, coherent English sentence.
654	15	Sheila wouldn't kiss that happy child.	Sheila wouldn't kiss those happy child.	-103.5	-103.5	-10.375	-10.375	False	False	morphology	determiner_noun_agreement	Write a natural, coherent English sentence.
655	15	Erin drove to these out in the open oases.	Erin drove to this out in the open oases.	-124.5	-124.0	-10.375	-10.375	False	False	morphology	determiner_noun_agreement	Write a natural, coherent English sentence.
656	15	Every hat has embarrassed those hopeful people.	Every hat has embarrassed that hopeful people.	-93.0	-93.0	-10.375	-10.375	False	False	morphology	determiner_noun_agreement	Write a natural, coherent English sentence.
657	15	Every man is fleeing from that exposed oasis.	Every man is fleeing from those exposed oasis.	-114.0	-114.0	-10.375	-10.375	False	False	morphology	determiner_noun_agreement	Write a natural, coherent English sentence.
658	15	Some adults visit this ill man.	Some adults visit these ill man.	-72.5	-72.5	-10.375	-10.375	False	False	morphology	determiner_noun_agreement	Write a natural, coherent English sentence.
659	15	Janet did lift that good thesis.	Janet did lift those good thesis.	-83.0	-83.0	-10.375	-10.375	False	False	morphology	determiner_noun_agreement	Write a natural, coherent English sentence.
660	15	Katherine was cleaning this orange tooth.	Katherine was cleaning these orange tooth.	-83.0	-83.0	-10.375	-10.375	False	False	morphology	determiner_noun_agreement	Write a natural, coherent English sentence.
661	15	A lot of tomatoes can't confuse these ill alumni.	A lot of tomatoes can't confuse this ill alumni.	-165.0	-165.0	-10.3125	-10.3125	False	False	morphology	determiner_noun_agreement	Write a natural, coherent English sentence.
662	15	Rose goes to those out in the open oases.	Rose goes to that out in the open oases.	-114.0	-114.0	-10.375	-10.375	False	False	morphology	determiner_noun_agreement	Write a natural, coherent English sentence.
663	15	These governments criticize those gray oases.	These governments criticize that gray oases.	-93.0	-93.5	-10.375	-10.375	True	False	morphology	determiner_noun_agreement	Write a natural, coherent English sentence.
664	15	Kevin forgot those delighted men.	Kevin forgot that delighted men.	-62.5	-62.5	-10.4375	-10.375	False	False	morphology	determiner_noun_agreement	Write a natural, coherent English sentence.
665	15	Most companies describe that long analysis.	Most companies describe those long analysis.	-72.5	-72.5	-10.375	-10.375	False	False	morphology	determiner_noun_agreement	Write a natural, coherent English sentence.
666	15	Vincent was skated around this small oasis.	Vincent was skated around these small oasis.	-103.5	-103.5	-10.375	-10.375	False	False	morphology	determiner_noun_agreement	Write a natural, coherent English sentence.
667	15	Many guys arrive at these out in the open oases.	Many guys arrive at this out in the open oases.	-124.0	-124.0	-10.375	-10.375	False	False	morphology	determiner_noun_agreement	Write a natural, coherent English sentence.
668	15	Gregory hadn't revealed these lost fungi.	Gregory hadn't revealed this lost fungi.	-104.0	-104.0	-10.375	-10.375	False	False	morphology	determiner_noun_agreement	Write a natural, coherent English sentence.
669	15	The cake stuns this standing man.	The cake stuns these standing man.	-83.0	-83.0	-10.375	-10.375	False	False	morphology	determiner_noun_agreement	Write a natural, coherent English sentence.
670	15	Cheryl isn't irritating that clever man.	Cheryl isn't irritating those clever man.	-114.0	-114.0	-10.375	-10.375	False	False	morphology	determiner_noun_agreement	Write a natural, coherent English sentence.
671	15	Some cat bores those old children.	Some cat bores that old children.	-83.0	-83.0	-10.375	-10.375	False	False	morphology	determiner_noun_agreement	Write a natural, coherent English sentence.
672	15	The actress knows that delighted child.	The actress knows those delighted child.	-72.5	-72.5	-10.375	-10.375	False	False	morphology	determiner_noun_agreement	Write a natural, coherent English sentence.
673	15	That actress had driven to these hidden oases.	That actress had driven to this hidden oases.	-104.0	-104.0	-10.375	-10.375	False	False	morphology	determiner_noun_agreement	Write a natural, coherent English sentence.
674	15	The Lutherans arrive at this cheap oasis.	The Lutherans arrive at these cheap oasis.	-103.5	-103.5	-10.375	-10.375	False	False	morphology	determiner_noun_agreement	Write a natural, coherent English sentence.
675	15	Diane was kissing those lost women.	Diane was kissing that lost women.	-93.5	-93.5	-10.375	-10.375	False	False	morphology	determiner_noun_agreement	Write a natural, coherent English sentence.
676	15	Larry disturbs this employed woman.	Larry disturbs these employed woman.	-83.0	-83.0	-10.375	-10.375	False	False	morphology	determiner_noun_agreement	Write a natural, coherent English sentence.
677	15	Pies shock this upset woman.	Pies shock these upset woman.	-73.0	-73.0	-10.375	-10.375	False	False	morphology	determiner_noun_agreement	Write a natural, coherent English sentence.
678	15	Some waiters hug this content alumnus.	Some waiters hug these content alumnus.	-103.5	-103.5	-10.375	-10.375	False	False	morphology	determiner_noun_agreement	Write a natural, coherent English sentence.
679	15	Anna talked to those unsure men.	Anna talked to that unsure men.	-83.0	-83.0	-10.375	-10.375	False	False	morphology	determiner_noun_agreement	Write a natural, coherent English sentence.
680	15	This school bores this determined man.	This school bores these determined man.	-83.0	-83.0	-10.375	-10.375	False	False	morphology	determiner_noun_agreement	Write a natural, coherent English sentence.
681	15	Omar had thought about these unemployed men.	Omar had thought about this unemployed men.	-103.5	-103.5	-10.375	-10.375	False	False	morphology	determiner_noun_agreement	Write a natural, coherent English sentence.
682	15	Winston Churchill cleaned these big nuclei.	Winston Churchill cleaned this big nuclei.	-103.5	-103.5	-10.375	-10.375	False	False	morphology	determiner_noun_agreement	Write a natural, coherent English sentence.
683	15	These organizations aren't concealing that exposed child.	These organizations aren't concealing those exposed child.	-114.0	-114.0	-10.375	-10.375	False	False	morphology	determiner_noun_agreement	Write a natural, coherent English sentence.
684	15	Erin bought this concealed axis.	Erin bought these concealed axis.	-83.0	-83.0	-10.375	-10.375	False	False	morphology	determiner_noun_agreement	Write a natural, coherent English sentence.
685	15	Dan examines this long analysis.	Dan examines these long analysis.	-72.5	-72.5	-10.375	-10.375	False	False	morphology	determiner_noun_agreement	Write a natural, coherent English sentence.
686	15	These drivers concealed these gray oxen.	These drivers concealed this gray oxen.	-93.0	-93.0	-10.375	-10.375	False	False	morphology	determiner_noun_agreement	Write a natural, coherent English sentence.
687	15	All children impresses this happy man.	All children impresses these happy man.	-83.0	-83.0	-10.375	-10.375	False	False	morphology	determiner_noun_agreement	Write a natural, coherent English sentence.
688	15	People will conceal that concealed man.	People will conceal those concealed man.	-93.0	-93.0	-10.375	-10.375	False	False	morphology	determiner_noun_agreement	Write a natural, coherent English sentence.
689	15	Some patient returns to this old man.	Some patient returns to these old man.	-83.0	-83.0	-10.375	-10.375	False	False	morphology	determiner_noun_agreement	Write a natural, coherent English sentence.
690	15	Many actresses discovered those big oases.	Many actresses discovered that big oases.	-93.0	-93.0	-10.3125	-10.375	False	True	morphology	determiner_noun_agreement	Write a natural, coherent English sentence.
691	15	The school talks about those young alumni.	The school talks about that young alumni.	-103.5	-103.5	-10.375	-10.375	False	False	morphology	determiner_noun_agreement	Write a natural, coherent English sentence.
692	15	Omar admired these blue fungi.	Omar admired this blue fungi.	-93.5	-93.5	-10.375	-10.375	False	False	morphology	determiner_noun_agreement	Write a natural, coherent English sentence.
693	15	Some school can't hate these good people.	Some school can't hate this good people.	-103.5	-103.5	-10.375	-10.375	False	False	morphology	determiner_noun_agreement	Write a natural, coherent English sentence.
694	15	A lot of eggplants wouldn't disturb that determined woman.	A lot of eggplants wouldn't disturb those determined woman.	-145.0	-145.0	-10.3125	-10.3125	False	False	morphology	determiner_noun_agreement	Write a natural, coherent English sentence.
695	15	That cake could annoy these uncertain men.	That cake could annoy this uncertain men.	-83.0	-83.0	-10.375	-10.375	False	False	morphology	determiner_noun_agreement	Write a natural, coherent English sentence.
696	15	Lamps are worrying these hopeful alumni.	Lamps are worrying this hopeful alumni.	-114.0	-114.0	-10.375	-10.375	False	False	morphology	determiner_noun_agreement	Write a natural, coherent English sentence.
697	15	A lot of eggplants bore these excited alumni.	A lot of eggplants bore this excited alumni.	-134.0	-134.0	-10.375	-10.375	False	False	morphology	determiner_noun_agreement	Write a natural, coherent English sentence.
698	15	A lot of teachers arrived at these old oases.	A lot of teachers arrived at this old oases.	-114.0	-114.0	-10.375	-10.375	False	False	morphology	determiner_noun_agreement	Write a natural, coherent English sentence.
699	15	Most sweaters hurt those happy people.	Most sweaters hurt that happy people.	-83.0	-83.0	-10.375	-10.375	False	False	morphology	determiner_noun_agreement	Write a natural, coherent English sentence.
700	15	Tara scans those good analyses.	Tara scans that good analyses.	-93.5	-93.5	-10.375	-10.375	False	False	morphology	determiner_noun_agreement	Write a natural, coherent English sentence.
701	15	The man doesn't reference this out in the open woman.	The man doesn't reference these out in the open woman.	-135.0	-135.0	-10.375	-10.375	False	False	morphology	determiner_noun_agreement	Write a natural, coherent English sentence.
702	15	This cashier is leaving this employed person.	This cashier is leaving these employed person.	-93.5	-93.5	-10.375	-10.375	False	False	morphology	determiner_noun_agreement	Write a natural, coherent English sentence.
703	15	Bananas bother these clever alumni.	Bananas bother this clever alumni.	-93.0	-93.0	-10.375	-10.375	False	False	morphology	determiner_noun_agreement	Write a natural, coherent English sentence.
704	15	Some convertibles had worried those fast men.	Some convertibles had worried that fast men.	-93.0	-93.0	-10.375	-10.375	False	False	morphology	determiner_noun_agreement	Write a natural, coherent English sentence.
705	15	Carl bored those nice women.	Carl bored that nice women.	-62.5	-62.5	-10.375	-10.375	False	False	morphology	determiner_noun_agreement	Write a natural, coherent English sentence.
706	15	These teachers explore these old oases.	These teachers explore this old oases.	-83.0	-83.0	-10.375	-10.375	False	False	morphology	determiner_noun_agreement	Write a natural, coherent English sentence.
707	15	Many waiters work with this scared child.	Many waiters work with these scared child.	-93.0	-93.0	-10.375	-10.375	False	False	morphology	determiner_noun_agreement	Write a natural, coherent English sentence.
708	15	Committees admire that smart child.	Committees admire those smart child.	-93.5	-93.0	-10.375	-10.375	False	False	morphology	determiner_noun_agreement	Write a natural, coherent English sentence.
709	15	Matt approaches this exposed child.	Matt approaches these exposed child.	-62.25	-62.25	-10.375	-10.375	False	False	morphology	determiner_noun_agreement	Write a natural, coherent English sentence.
710	15	Brian talks to this lucky man.	Brian talks to these lucky man.	-72.5	-72.5	-10.375	-10.375	False	False	morphology	determiner_noun_agreement	Write a natural, coherent English sentence.
711	15	A boy isn't talking about that red oasis.	A boy isn't talking about those red oasis.	-124.0	-124.0	-10.375	-10.375	False	False	morphology	determiner_noun_agreement	Write a natural, coherent English sentence.
712	15	Phillip bought those black feet.	Phillip bought that black feet.	-72.5	-72.5	-10.375	-10.375	False	False	morphology	determiner_noun_agreement	Write a natural, coherent English sentence.
713	15	Eric isn't buying those brown geese.	Eric isn't buying that brown geese.	-103.5	-103.5	-10.375	-10.375	False	False	morphology	determiner_noun_agreement	Write a natural, coherent English sentence.
714	15	Elaine remembers this delighted woman.	Elaine remembers these delighted woman.	-83.0	-83.0	-10.375	-10.375	False	False	morphology	determiner_noun_agreement	Write a natural, coherent English sentence.
715	15	This pedestrian arrives at that smooth oasis.	This pedestrian arrives at those smooth oasis.	-103.5	-103.5	-10.375	-10.375	False	False	morphology	determiner_noun_agreement	Write a natural, coherent English sentence.
716	15	Those men forget these smart men.	Those men forget this smart men.	-72.5	-72.5	-10.375	-10.375	False	False	morphology	determiner_noun_agreement	Write a natural, coherent English sentence.
717	15	Tara might alarm this unsure person.	Tara might alarm these unsure person.	-93.5	-93.5	-10.375	-10.375	False	False	morphology	determiner_noun_agreement	Write a natural, coherent English sentence.
718	15	Vanessa was healing those purple geese.	Vanessa was healing that purple geese.	-93.5	-93.0	-10.375	-10.375	False	False	morphology	determiner_noun_agreement	Write a natural, coherent English sentence.
719	15	Steven hasn't questioned those troubled people.	Steven hasn't questioned that troubled people.	-103.5	-103.5	-10.375	-10.375	False	False	morphology	determiner_noun_agreement	Write a natural, coherent English sentence.
720	15	Thomas hides this clever woman.	Thomas hides these clever woman.	-72.5	-72.5	-10.375	-10.375	False	False	morphology	determiner_noun_agreement	Write a natural, coherent English sentence.
721	15	Most eyes confuse these content alumni.	Most eyes confuse this content alumni.	-103.5	-103.5	-10.375	-10.375	False	False	morphology	determiner_noun_agreement	Write a natural, coherent English sentence.
722	15	That dog aggravates this busy child.	That dog aggravates these busy child.	-93.0	-93.0	-10.375	-10.375	False	False	morphology	determiner_noun_agreement	Write a natural, coherent English sentence.
723	15	Karen has attacked this popular child.	Karen has attacked these popular child.	-72.5	-72.5	-10.375	-10.375	False	False	morphology	determiner_noun_agreement	Write a natural, coherent English sentence.
724	15	Heidi might confuse those displeased men.	Heidi might confuse that displeased men.	-114.0	-114.0	-10.375	-10.375	False	False	morphology	determiner_noun_agreement	Write a natural, coherent English sentence.
725	15	Maria kisses this bad person.	Maria kisses these bad person.	-73.0	-72.5	-10.375	-10.375	False	False	morphology	determiner_noun_agreement	Write a natural, coherent English sentence.
726	15	Tanya passes this purple oasis.	Tanya passes these purple oasis.	-83.0	-83.0	-10.375	-10.375	False	False	morphology	determiner_noun_agreement	Write a natural, coherent English sentence.
727	15	Marla has respected those delighted alumni.	Marla has respected that delighted alumni.	-104.0	-104.0	-10.375	-10.375	False	False	morphology	determiner_noun_agreement	Write a natural, coherent English sentence.
728	15	Paula is investigating this employed alumnus.	Paula is investigating these employed alumnus.	-114.0	-114.0	-10.375	-10.375	False	False	morphology	determiner_noun_agreement	Write a natural, coherent English sentence.
729	15	Most chairs aren't disgusting those serious women.	Most chairs aren't disgusting that serious women.	-114.0	-114.0	-10.375	-10.375	False	False	morphology	determiner_noun_agreement	Write a natural, coherent English sentence.
730	15	Men hadn't run around this purple oasis.	Men hadn't run around these purple oasis.	-114.0	-114.0	-10.375	-10.375	False	False	morphology	determiner_noun_agreement	Write a natural, coherent English sentence.
731	15	Tina hadn't arrived at those green oases.	Tina hadn't arrived at that green oases.	-124.5	-124.5	-10.375	-10.375	False	False	morphology	determiner_noun_agreement	Write a natural, coherent English sentence.
732	15	Karla knew this busy alumnus.	Karla knew these busy alumnus.	-93.0	-93.0	-10.375	-10.375	False	False	morphology	determiner_noun_agreement	Write a natural, coherent English sentence.
733	15	The actors care for these exposed people.	The actors care for this exposed people.	-83.0	-83.0	-10.375	-10.375	False	False	morphology	determiner_noun_agreement	Write a natural, coherent English sentence.
734	15	Michelle might alarm this employed man.	Michelle might alarm these employed man.	-72.5	-72.5	-10.375	-10.375	False	False	morphology	determiner_noun_agreement	Write a natural, coherent English sentence.
735	15	Maria hasn't walked through these hard oases.	Maria hasn't walked through this hard oases.	-114.0	-114.0	-10.375	-10.375	False	False	morphology	determiner_noun_agreement	Write a natural, coherent English sentence.
736	15	That report might disagree with those delighted men.	That report might disagree with that delighted men.	-93.5	-93.5	-10.375	-10.375	False	False	morphology	determiner_noun_agreement	Write a natural, coherent English sentence.
737	15	Actresses discuss this popular person.	Actresses discuss these popular person.	-82.5	-83.0	-10.3125	-10.375	True	True	morphology	determiner_noun_agreement	Write a natural, coherent English sentence.
738	15	Holly won't watch these unlucky men.	Holly won't watch this unlucky men.	-114.0	-114.0	-10.375	-10.375	False	False	morphology	determiner_noun_agreement	Write a natural, coherent English sentence.
739	15	Carl was driving to those blue oases.	Carl was driving to that blue oases.	-93.5	-93.5	-10.375	-10.375	False	False	morphology	determiner_noun_agreement	Write a natural, coherent English sentence.
740	15	Bill passes that rough oasis.	Bill passes those rough oasis.	-72.5	-72.5	-10.375	-10.375	False	False	morphology	determiner_noun_agreement	Write a natural, coherent English sentence.
741	15	All men praise this good thesis.	All men praise these good thesis.	-72.5	-72.5	-10.375	-10.375	False	False	morphology	determiner_noun_agreement	Write a natural, coherent English sentence.
742	15	Many doctors should escape from these hopeful women.	Many doctors should escape from this hopeful women.	-103.5	-103.5	-10.375	-10.375	False	False	morphology	determiner_noun_agreement	Write a natural, coherent English sentence.
743	15	Many girls find these nice men.	Many girls find this nice men.	-72.5	-72.5	-10.375	-10.375	False	False	morphology	determiner_noun_agreement	Write a natural, coherent English sentence.
744	15	Every museum helps those concealed children.	Every museum helps that concealed children.	-83.0	-83.0	-10.375	-10.375	False	False	morphology	determiner_noun_agreement	Write a natural, coherent English sentence.
745	15	Marla was distracting these determined people.	Marla was distracting this determined people.	-93.5	-93.5	-10.375	-10.375	False	False	morphology	determiner_noun_agreement	Write a natural, coherent English sentence.
746	15	Those computers might confuse this nice child.	Those computers might confuse these nice child.	-93.5	-93.5	-10.375	-10.375	False	False	morphology	determiner_noun_agreement	Write a natural, coherent English sentence.
747	15	Tanya hasn't loved that content woman.	Tanya hasn't loved those content woman.	-103.5	-103.5	-10.375	-10.375	False	False	morphology	determiner_noun_agreement	Write a natural, coherent English sentence.
748	15	Theresa won't conceal those lost lice.	Theresa won't conceal that lost lice.	-124.5	-124.5	-10.375	-10.375	False	False	morphology	determiner_noun_agreement	Write a natural, coherent English sentence.
749	15	The Borgias do cure these out in the open octopi.	The Borgias do cure this out in the open octopi.	-156.0	-156.0	-10.375	-10.375	False	False	morphology	determiner_noun_agreement	Write a natural, coherent English sentence.
750	15	Kenneth messed up those lost teeth.	Kenneth messed up that lost teeth.	-93.0	-93.0	-10.375	-10.375	False	False	morphology	determiner_noun_agreement	Write a natural, coherent English sentence.
751	15	Jodi doesn't alarm these unsure people.	Jodi doesn't alarm this unsure people.	-114.0	-114.0	-10.375	-10.375	False	False	morphology	determiner_noun_agreement	Write a natural, coherent English sentence.
752	15	This customer scans those good analyses.	This customer scans that good analyses.	-93.0	-93.0	-10.375	-10.375	False	False	morphology	determiner_noun_agreement	Write a natural, coherent English sentence.
753	15	Vincent can't watch this hopeful alumnus.	Vincent can't watch these hopeful alumnus.	-124.0	-124.0	-10.375	-10.375	False	False	morphology	determiner_noun_agreement	Write a natural, coherent English sentence.
754	15	Jodi talked to this unconvinced child.	Jodi talked to these unconvinced child.	-114.0	-114.0	-10.375	-10.375	False	False	morphology	determiner_noun_agreement	Write a natural, coherent English sentence.
755	15	Katherine exited these exposed oases.	Katherine exited this exposed oases.	-93.5	-93.0	-10.375	-10.375	False	False	morphology	determiner_noun_agreement	Write a natural, coherent English sentence.
756	15	Beverly hasn't brought these rough fungi.	Beverly hasn't brought this rough fungi.	-114.0	-114.0	-10.375	-10.375	False	False	morphology	determiner_noun_agreement	Write a natural, coherent English sentence.
757	15	That unicycle is boring those standing children.	That unicycle is boring that standing children.	-104.0	-104.0	-10.375	-10.375	False	False	morphology	determiner_noun_agreement	Write a natural, coherent English sentence.
758	15	That boy can't escape from those unsure children.	That boy can't escape from that unsure children.	-124.0	-124.5	-10.375	-10.375	True	False	morphology	determiner_noun_agreement	Write a natural, coherent English sentence.
759	15	An adult bought these black axes.	An adult bought this black axes.	-83.0	-83.0	-10.375	-10.375	False	False	morphology	determiner_noun_agreement	Write a natural, coherent English sentence.
760	15	Sara isn't kissing this nice woman.	Sara isn't kissing these nice woman.	-103.5	-103.5	-10.375	-10.375	False	False	morphology	determiner_noun_agreement	Write a natural, coherent English sentence.
761	15	Robert couldn't embarrass those scared people.	Robert couldn't embarrass that scared people.	-93.5	-93.0	-10.375	-10.375	False	False	morphology	determiner_noun_agreement	Write a natural, coherent English sentence.
762	15	Deborah had fled from that important woman.	Deborah had fled from those important woman.	-103.5	-103.5	-10.375	-10.375	False	False	morphology	determiner_noun_agreement	Write a natural, coherent English sentence.
763	15	Brenda discussed that serious woman.	Brenda discussed those serious woman.	-72.5	-72.5	-10.375	-10.375	False	False	morphology	determiner_noun_agreement	Write a natural, coherent English sentence.
764	15	Some women questioned that big woman.	Some women questioned those big woman.	-72.5	-72.5	-10.375	-10.375	False	False	morphology	determiner_noun_agreement	Write a natural, coherent English sentence.
765	15	Rodney didn't kiss those displeased women.	Rodney didn't kiss that displeased women.	-124.0	-124.0	-10.375	-10.375	False	False	morphology	determiner_noun_agreement	Write a natural, coherent English sentence.
766	15	Carrie can help those lost alumni.	Carrie can help that lost alumni.	-103.5	-103.5	-10.375	-10.375	False	False	morphology	determiner_noun_agreement	Write a natural, coherent English sentence.
767	15	Many guests approach this lucky man.	Many guests approach these lucky man.	-72.5	-72.5	-10.375	-10.375	False	False	morphology	determiner_noun_agreement	Write a natural, coherent English sentence.
768	15	Some student messes up that hard foot.	Some student messes up those hard foot.	-93.0	-93.0	-10.375	-10.3125	False	False	morphology	determiner_noun_agreement	Write a natural, coherent English sentence.
769	15	Some men had skated around these hard oases.	Some men had skated around this hard oases.	-114.0	-114.0	-10.375	-10.375	False	False	morphology	determiner_noun_agreement	Write a natural, coherent English sentence.
770	15	Some light would annoy those happy alumni.	Some light would annoy that happy alumni.	-103.5	-103.5	-10.375	-10.375	False	False	morphology	determiner_noun_agreement	Write a natural, coherent English sentence.
771	15	Many casseroles shock these unconvinced men.	Many casseroles shock this unconvinced men.	-124.5	-124.5	-10.375	-10.375	False	False	morphology	determiner_noun_agreement	Write a natural, coherent English sentence.
772	15	Carl talks about those confident children.	Carl talks about that confident children.	-72.5	-72.5	-10.375	-10.375	False	False	morphology	determiner_noun_agreement	Write a natural, coherent English sentence.
773	15	Timothy was dropping by those new oases.	Timothy was dropping by that new oases.	-103.5	-103.5	-10.375	-10.375	False	False	morphology	determiner_noun_agreement	Write a natural, coherent English sentence.
774	15	Lori has approached these scared people.	Lori has approached this scared people.	-83.0	-83.0	-10.375	-10.375	False	False	morphology	determiner_noun_agreement	Write a natural, coherent English sentence.
775	15	Jodi wouldn't mess up those orange feet.	Jodi wouldn't mess up that orange feet.	-114.0	-114.0	-10.375	-10.375	False	False	morphology	determiner_noun_agreement	Write a natural, coherent English sentence.
776	15	This newspaper article will embarrass this determined child.	This newspaper article will embarrass these determined child.	-93.0	-93.0	-10.3125	-10.3125	False	False	morphology	determiner_noun_agreement	Write a natural, coherent English sentence.
777	15	A lot of guys conceal this long analysis.	A lot of guys conceal these long analysis.	-103.5	-103.5	-10.375	-10.375	False	False	morphology	determiner_noun_agreement	Write a natural, coherent English sentence.
778	15	Lawrence fired that serious woman.	Lawrence fired those serious woman.	-62.5	-62.25	-10.375	-10.375	False	False	morphology	determiner_noun_agreement	Write a natural, coherent English sentence.
779	15	This story didn't bore this serious man.	This story didn't bore these serious man.	-103.5	-103.5	-10.375	-10.375	False	False	morphology	determiner_noun_agreement	Write a natural, coherent English sentence.
780	15	Mary can't remember that clever person.	Mary can't remember those clever person.	-93.5	-93.5	-10.375	-10.375	False	False	morphology	determiner_noun_agreement	Write a natural, coherent English sentence.
781	15	Marie could listen to that big woman.	Marie could listen to those big woman.	-83.0	-83.0	-10.375	-10.375	False	False	morphology	determiner_noun_agreement	Write a natural, coherent English sentence.
782	15	Clyde had those exposed axes.	Clyde had that exposed axes.	-93.5	-93.5	-10.375	-10.375	False	False	morphology	determiner_noun_agreement	Write a natural, coherent English sentence.
783	15	Victoria has left these delighted men.	Victoria has left this delighted men.	-73.0	-72.5	-10.375	-10.375	False	False	morphology	determiner_noun_agreement	Write a natural, coherent English sentence.
784	15	The Impressionists disagree with those bad analyses.	The Impressionists disagree with that bad analyses.	-114.0	-114.0	-10.375	-10.375	False	False	morphology	determiner_noun_agreement	Write a natural, coherent English sentence.
785	15	Amy took that hidden fungus.	Amy took those hidden fungus.	-83.0	-83.0	-10.375	-10.375	False	False	morphology	determiner_noun_agreement	Write a natural, coherent English sentence.
786	15	Rose was fixing this hard foot.	Rose was fixing these hard foot.	-72.5	-72.5	-10.375	-10.375	False	False	morphology	determiner_noun_agreement	Write a natural, coherent English sentence.
787	15	Most dishes weren't astounding these scared men.	Most dishes weren't astounding this scared men.	-124.0	-124.0	-10.3125	-10.3125	False	False	morphology	determiner_noun_agreement	Write a natural, coherent English sentence.
788	15	The doctor sees those smooth cacti.	The doctor sees that smooth cacti.	-93.5	-93.5	-10.375	-10.375	False	False	morphology	determiner_noun_agreement	Write a natural, coherent English sentence.
789	15	Rodney hadn't cured these white octopi.	Rodney hadn't cured this white octopi.	-135.0	-135.0	-10.375	-10.375	False	False	morphology	determiner_noun_agreement	Write a natural, coherent English sentence.
790	15	This museum hadn't disgusted these troubled men.	This museum hadn't disgusted this troubled men.	-124.0	-124.0	-10.375	-10.3125	False	False	morphology	determiner_noun_agreement	Write a natural, coherent English sentence.
791	15	Patrick complained about those scared men.	Patrick complained about that scared men.	-72.5	-72.5	-10.375	-10.375	False	False	morphology	determiner_noun_agreement	Write a natural, coherent English sentence.
792	15	Jacqueline should stun these determined alumni.	Jacqueline should stun this determined alumni.	-124.5	-124.5	-10.375	-10.375	False	False	morphology	determiner_noun_agreement	Write a natural, coherent English sentence.
793	15	All apples worry this serious man.	All apples worry these serious man.	-83.0	-83.0	-10.375	-10.375	False	False	morphology	determiner_noun_agreement	Write a natural, coherent English sentence.
794	15	The drawing isn't scaring that old child.	The drawing isn't scaring those old child.	-114.0	-114.0	-10.375	-10.375	False	False	morphology	determiner_noun_agreement	Write a natural, coherent English sentence.
795	15	Veronica questioned this uncertain woman.	Veronica questioned these uncertain woman.	-83.0	-83.0	-10.375	-10.375	False	False	morphology	determiner_noun_agreement	Write a natural, coherent English sentence.
796	15	Vanessa hadn't known this determined alumnus.	Vanessa hadn't known these determined alumnus.	-124.0	-124.0	-10.375	-10.375	False	False	morphology	determiner_noun_agreement	Write a natural, coherent English sentence.
797	15	Cynthia hadn't kissed this unemployed man.	Cynthia hadn't kissed these unemployed man.	-135.0	-135.0	-10.375	-10.375	False	False	morphology	determiner_noun_agreement	Write a natural, coherent English sentence.
798	15	These companies irritate that exposed woman.	These companies irritate those exposed woman.	-83.0	-83.0	-10.375	-10.375	False	False	morphology	determiner_noun_agreement	Write a natural, coherent English sentence.
799	15	This dancer wasn't biking to this orange oasis.	This dancer wasn't biking to these orange oasis.	-145.0	-145.0	-10.375	-10.375	False	False	morphology	determiner_noun_agreement	Write a natural, coherent English sentence.
800	15	Those legislatures could disturb this upset alumnus.	Those legislatures could disturb these upset alumnus.	-114.0	-114.0	-10.375	-10.375	False	False	morphology	determiner_noun_agreement	Write a natural, coherent English sentence.
801	15	Some adult hasn't hidden these ill men.	Some adult hasn't hidden this ill men.	-103.5	-103.5	-10.375	-10.375	False	False	morphology	determiner_noun_agreement	Write a natural, coherent English sentence.
802	15	A cashier should insult these hidden children.	A cashier should insult this hidden children.	-93.5	-93.5	-10.375	-10.375	False	False	morphology	determiner_noun_agreement	Write a natural, coherent English sentence.
803	15	Danielle could annoy that confident man.	Danielle could annoy those confident man.	-83.0	-83.0	-10.375	-10.375	False	False	morphology	determiner_noun_agreement	Write a natural, coherent English sentence.
804	15	These teachers lift this exposed goose.	These teachers lift these exposed goose.	-83.0	-83.0	-10.375	-10.375	False	False	morphology	determiner_noun_agreement	Write a natural, coherent English sentence.
805	15	Christina drove to that exposed oasis.	Christina drove to those exposed oasis.	-93.0	-93.0	-10.3125	-10.3125	False	False	morphology	determiner_noun_agreement	Write a natural, coherent English sentence.
806	15	Jesus hadn't sounded like these hidden people.	Jesus hadn't sounded like this hidden people.	-103.5	-103.5	-10.375	-10.375	False	False	morphology	determiner_noun_agreement	Write a natural, coherent English sentence.
807	15	Many mushrooms irritate that upset man.	Many mushrooms irritate those upset man.	-93.0	-93.0	-10.375	-10.375	False	False	morphology	determiner_noun_agreement	Write a natural, coherent English sentence.
808	15	Some committee bought those white lice.	Some committee bought that white lice.	-83.0	-83.0	-10.375	-10.375	False	False	morphology	determiner_noun_agreement	Write a natural, coherent English sentence.
809	15	Daniel hasn't known this determined man.	Daniel hasn't known these determined man.	-93.0	-93.0	-10.375	-10.375	False	False	morphology	determiner_noun_agreement	Write a natural, coherent English sentence.
810	15	Art hadn't scared these serious alumni.	Art hadn't scared this serious alumni.	-114.0	-114.0	-10.375	-10.375	False	False	morphology	determiner_noun_agreement	Write a natural, coherent English sentence.
811	15	Alice fires this unconvinced child.	Alice fires these unconvinced child.	-93.5	-93.5	-10.375	-10.375	False	False	morphology	determiner_noun_agreement	Write a natural, coherent English sentence.
812	15	Melanie hid that exposed tooth.	Melanie hid those exposed tooth.	-72.5	-72.5	-10.375	-10.375	False	False	morphology	determiner_noun_agreement	Write a natural, coherent English sentence.
813	15	Most hamsters find that red tooth.	Most hamsters find those red tooth.	-83.0	-83.0	-10.375	-10.375	False	False	morphology	determiner_noun_agreement	Write a natural, coherent English sentence.
814	15	Those children explore those small oases.	Those children explore that small oases.	-83.0	-83.0	-10.375	-10.375	False	False	morphology	determiner_noun_agreement	Write a natural, coherent English sentence.
815	15	Most museums listen to this troubled man.	Most museums listen to these troubled man.	-103.5	-103.5	-10.3125	-10.3125	False	False	morphology	determiner_noun_agreement	Write a natural, coherent English sentence.
816	15	Patrick embarrassed this unemployed person.	Patrick embarrassed these unemployed person.	-72.5	-72.5	-10.375	-10.375	False	False	morphology	determiner_noun_agreement	Write a natural, coherent English sentence.
817	15	A lot of icicles had alarmed that hidden woman.	A lot of icicles had alarmed those hidden woman.	-124.5	-124.5	-10.375	-10.375	False	False	morphology	determiner_noun_agreement	Write a natural, coherent English sentence.
818	15	Matt hadn't impressed this exposed child.	Matt hadn't impressed these exposed child.	-93.5	-93.5	-10.375	-10.375	False	False	morphology	determiner_noun_agreement	Write a natural, coherent English sentence.
819	15	Eric might see those new feet.	Eric might see that new feet.	-72.5	-72.5	-10.375	-10.375	False	False	morphology	determiner_noun_agreement	Write a natural, coherent English sentence.
820	15	Some turtle can confuse this old alumnus.	Some turtle can confuse these old alumnus.	-135.0	-135.0	-10.375	-10.375	False	False	morphology	determiner_noun_agreement	Write a natural, coherent English sentence.
821	15	Most guests explore these smooth oases.	Most guests explore this smooth oases.	-83.0	-83.0	-10.375	-10.375	False	False	morphology	determiner_noun_agreement	Write a natural, coherent English sentence.
822	15	Brian has praised that happy alumnus.	Brian has praised those happy alumnus.	-93.0	-93.0	-10.375	-10.375	False	False	morphology	determiner_noun_agreement	Write a natural, coherent English sentence.
823	15	Karen sees these ill lice.	Karen sees this ill lice.	-72.5	-72.5	-10.375	-10.375	False	False	morphology	determiner_noun_agreement	Write a natural, coherent English sentence.
824	15	Alicia doesn't observe this confident alumnus.	Alicia doesn't observe these confident alumnus.	-135.0	-135.0	-10.375	-10.375	False	False	morphology	determiner_noun_agreement	Write a natural, coherent English sentence.
825	15	That horse does find this lost octopus.	That horse does find these lost octopus.	-103.5	-103.5	-10.375	-10.375	False	False	morphology	determiner_noun_agreement	Write a natural, coherent English sentence.
826	15	Those customers haven't annoyed those delighted children.	Those customers haven't annoyed that delighted children.	-114.0	-114.0	-10.375	-10.375	False	False	morphology	determiner_noun_agreement	Write a natural, coherent English sentence.
827	15	The Great Lakes confused these hidden women.	The Great Lakes confused this hidden women.	-93.5	-93.5	-10.375	-10.375	False	False	morphology	determiner_noun_agreement	Write a natural, coherent English sentence.
828	15	Russell watches these unsure women.	Russell watches this unsure women.	-72.5	-72.5	-10.375	-10.375	False	False	morphology	determiner_noun_agreement	Write a natural, coherent English sentence.
829	15	Jacqueline has concealed these long synopses.	Jacqueline has concealed this long synopses.	-124.5	-124.5	-10.375	-10.375	False	False	morphology	determiner_noun_agreement	Write a natural, coherent English sentence.
830	15	Carrie isn't hiring this small woman.	Carrie isn't hiring these small woman.	-103.5	-103.5	-10.375	-10.375	False	False	morphology	determiner_noun_agreement	Write a natural, coherent English sentence.
831	15	Charles doesn't admire these big mice.	Charles doesn't admire this big mice.	-114.0	-114.0	-10.375	-10.375	False	False	morphology	determiner_noun_agreement	Write a natural, coherent English sentence.
832	15	The Impressionists might think about that white thesis.	The Impressionists might think about those white thesis.	-114.0	-114.0	-10.375	-10.375	False	False	morphology	determiner_noun_agreement	Write a natural, coherent English sentence.
833	15	Most men question those bad people.	Most men question that bad people.	-72.5	-72.5	-10.375	-10.375	False	False	morphology	determiner_noun_agreement	Write a natural, coherent English sentence.
834	15	Lissa hasn't left this upset woman.	Lissa hasn't left these upset woman.	-103.5	-103.5	-10.375	-10.375	False	False	morphology	determiner_noun_agreement	Write a natural, coherent English sentence.
835	15	Janice won't fire that determined child.	Janice won't fire those determined child.	-104.0	-104.0	-10.375	-10.375	False	False	morphology	determiner_noun_agreement	Write a natural, coherent English sentence.
836	15	This company criticized this lucky man.	This company criticized these lucky man.	-83.0	-83.0	-10.375	-10.375	False	False	morphology	determiner_noun_agreement	Write a natural, coherent English sentence.
837	15	The banks hurt that excited woman.	The banks hurt those excited woman.	-73.0	-72.5	-10.375	-10.375	False	False	morphology	determiner_noun_agreement	Write a natural, coherent English sentence.
838	15	Peter wasn't walking through those red oases.	Peter wasn't walking through that red oases.	-114.0	-114.0	-10.375	-10.375	False	False	morphology	determiner_noun_agreement	Write a natural, coherent English sentence.
839	15	Rebecca wasn't referencing this long synopsis.	Rebecca wasn't referencing these long synopsis.	-114.0	-114.0	-10.375	-10.375	False	False	morphology	determiner_noun_agreement	Write a natural, coherent English sentence.
840	15	Naomi notices this smooth octopus.	Naomi notices these smooth octopus.	-103.5	-103.5	-10.3125	-10.3125	False	False	morphology	determiner_noun_agreement	Write a natural, coherent English sentence.
841	15	Patrick conceals this hard stimulus.	Patrick conceals these hard stimulus.	-83.0	-83.0	-10.375	-10.375	False	False	morphology	determiner_noun_agreement	Write a natural, coherent English sentence.
842	15	Candice shouldn't bring those smooth feet.	Candice shouldn't bring that smooth feet.	-103.5	-103.5	-10.375	-10.375	False	False	morphology	determiner_noun_agreement	Write a natural, coherent English sentence.
843	15	All books sound like those content women.	All books sound like that content women.	-83.0	-83.0	-10.375	-10.375	False	False	morphology	determiner_noun_agreement	Write a natural, coherent English sentence.
844	15	Bethany hasn't arrived at this white oasis.	Bethany hasn't arrived at these white oasis.	-124.0	-124.0	-10.375	-10.375	False	False	morphology	determiner_noun_agreement	Write a natural, coherent English sentence.
845	15	Steve reveals these unemployed alumni.	Steve reveals this unemployed alumni.	-93.0	-93.0	-10.375	-10.375	False	False	morphology	determiner_noun_agreement	Write a natural, coherent English sentence.
846	15	Sonia was upsetting that ill woman.	Sonia was upsetting those ill woman.	-93.0	-93.0	-10.3125	-10.375	False	True	morphology	determiner_noun_agreement	Write a natural, coherent English sentence.
847	15	Keith wasn't boring these delighted men.	Keith wasn't boring this delighted men.	-93.5	-93.5	-10.375	-10.375	False	False	morphology	determiner_noun_agreement	Write a natural, coherent English sentence.
848	15	The Borgias admire these hard mice.	The Borgias admire this hard mice.	-114.5	-114.5	-10.375	-10.375	False	False	morphology	determiner_noun_agreement	Write a natural, coherent English sentence.
849	15	These drivers had forgotten this good analysis.	These drivers had forgotten these good analysis.	-83.0	-83.0	-10.375	-10.375	False	False	morphology	determiner_noun_agreement	Write a natural, coherent English sentence.
850	15	Helen skates around this blue oasis.	Helen skates around these blue oasis.	-93.0	-93.0	-10.3125	-10.3125	False	False	morphology	determiner_noun_agreement	Write a natural, coherent English sentence.
851	15	Galileo found that smooth stimulus.	Galileo found those smooth stimulus.	-93.0	-93.0	-10.375	-10.375	False	False	morphology	determiner_noun_agreement	Write a natural, coherent English sentence.
852	15	Kimberley isn't curing these small octopi.	Kimberley isn't curing this small octopi.	-145.0	-145.0	-10.375	-10.375	False	False	morphology	determiner_noun_agreement	Write a natural, coherent English sentence.
853	15	Debra didn't conceal these popular men.	Debra didn't conceal this popular men.	-114.0	-114.0	-10.375	-10.375	False	False	morphology	determiner_noun_agreement	Write a natural, coherent English sentence.
854	15	A lot of doctors hug these scared children.	A lot of doctors hug this scared children.	-93.0	-93.0	-10.375	-10.375	False	False	morphology	determiner_noun_agreement	Write a natural, coherent English sentence.
855	15	Those pedestrians weren't fleeing from these concealed men.	Those pedestrians weren't fleeing from this concealed men.	-155.0	-155.0	-10.375	-10.375	False	False	morphology	determiner_noun_agreement	Write a natural, coherent English sentence.
856	15	Those children find that exposed thesis.	Those children find those exposed thesis.	-72.5	-72.5	-10.375	-10.375	False	False	morphology	determiner_noun_agreement	Write a natural, coherent English sentence.
857	15	Debra admires these blue octopi.	Debra admires this blue octopi.	-103.5	-103.5	-10.375	-10.375	False	False	morphology	determiner_noun_agreement	Write a natural, coherent English sentence.
858	15	Bruce wasn't approaching that clever alumnus.	Bruce wasn't approaching those clever alumnus.	-114.0	-114.0	-10.375	-10.375	False	False	morphology	determiner_noun_agreement	Write a natural, coherent English sentence.
859	15	Lawrence isn't questioning that nice woman.	Lawrence isn't questioning those nice woman.	-93.5	-93.5	-10.375	-10.375	False	False	morphology	determiner_noun_agreement	Write a natural, coherent English sentence.
860	15	Some waitresses have this big octopus.	Some waitresses have these big octopus.	-113.5	-113.5	-10.3125	-10.3125	False	False	morphology	determiner_noun_agreement	Write a natural, coherent English sentence.
861	15	Carolyn had embarrassed that busy alumnus.	Carolyn had embarrassed those busy alumnus.	-103.5	-103.5	-10.375	-10.375	False	False	morphology	determiner_noun_agreement	Write a natural, coherent English sentence.
862	15	Jeffrey aggravated that smart man.	Jeffrey aggravated those smart man.	-93.0	-93.0	-10.3125	-10.3125	False	False	morphology	determiner_noun_agreement	Write a natural, coherent English sentence.
863	15	Guy messed up this yellow foot.	Guy messed up these yellow foot.	-83.0	-83.0	-10.375	-10.375	False	False	morphology	determiner_noun_agreement	Write a natural, coherent English sentence.
864	15	Every book is embarrassing this small woman.	Every book is embarrassing these small woman.	-93.5	-93.0	-10.375	-10.375	False	False	morphology	determiner_noun_agreement	Write a natural, coherent English sentence.
865	15	These associations were talking about these scared women.	These associations were talking about this scared women.	-93.0	-93.0	-10.375	-10.375	False	False	morphology	determiner_noun_agreement	Write a natural, coherent English sentence.
866	15	Todd disturbs this upset child.	Todd disturbs these upset child.	-83.0	-83.0	-10.375	-10.375	False	False	morphology	determiner_noun_agreement	Write a natural, coherent English sentence.
867	15	That window alarms these exposed women.	That window alarms this exposed women.	-83.0	-83.0	-10.375	-10.375	False	False	morphology	determiner_noun_agreement	Write a natural, coherent English sentence.
868	15	A window upsets these upset men.	A window upsets this upset men.	-83.0	-83.0	-10.375	-10.375	False	False	morphology	determiner_noun_agreement	Write a natural, coherent English sentence.
869	15	Monet is fixing that brown foot.	Monet is fixing those brown foot.	-83.0	-83.0	-10.375	-10.375	False	False	morphology	determiner_noun_agreement	Write a natural, coherent English sentence.
870	15	Adam left these big alumni.	Adam left this big alumni.	-83.0	-83.0	-10.375	-10.375	False	False	morphology	determiner_noun_agreement	Write a natural, coherent English sentence.
871	15	Stacy can exit that big oasis.	Stacy can exit those big oasis.	-93.5	-93.0	-10.375	-10.375	False	False	morphology	determiner_noun_agreement	Write a natural, coherent English sentence.
872	15	Roger was returning to those happy alumni.	Roger was returning to that happy alumni.	-104.0	-103.5	-10.375	-10.375	False	False	morphology	determiner_noun_agreement	Write a natural, coherent English sentence.
873	15	Dana isn't investigating this ill woman.	Dana isn't investigating these ill woman.	-114.0	-114.0	-10.375	-10.375	False	False	morphology	determiner_noun_agreement	Write a natural, coherent English sentence.
874	15	Tammy has those yellow axes.	Tammy has that yellow axes.	-83.0	-83.0	-10.375	-10.375	False	False	morphology	determiner_noun_agreement	Write a natural, coherent English sentence.
875	15	Marla leaves those employed children.	Marla leaves that employed children.	-73.0	-72.5	-10.375	-10.375	False	False	morphology	determiner_noun_agreement	Write a natural, coherent English sentence.
876	15	Sarah referenced that ill child.	Sarah referenced those ill child.	-72.5	-72.5	-10.375	-10.375	False	False	morphology	determiner_noun_agreement	Write a natural, coherent English sentence.
877	15	Edward complained about this serious child.	Edward complained about these serious child.	-72.5	-72.5	-10.375	-10.375	False	False	morphology	determiner_noun_agreement	Write a natural, coherent English sentence.
878	15	Carolyn healed those bad women.	Carolyn healed that bad women.	-83.0	-83.0	-10.375	-10.375	False	False	morphology	determiner_noun_agreement	Write a natural, coherent English sentence.
879	15	The waitresses fired those upset alumni.	The waitresses fired that upset alumni.	-114.0	-114.0	-10.375	-10.375	False	False	morphology	determiner_noun_agreement	Write a natural, coherent English sentence.
880	15	Every driver dropped by that old oasis.	Every driver dropped by those old oasis.	-93.5	-93.0	-10.375	-10.375	False	False	morphology	determiner_noun_agreement	Write a natural, coherent English sentence.
881	15	William hadn't hugged these hopeful alumni.	William hadn't hugged this hopeful alumni.	-134.0	-134.0	-10.3125	-10.375	False	True	morphology	determiner_noun_agreement	Write a natural, coherent English sentence.
882	15	The Lutherans had messed up those lost feet.	The Lutherans had messed up that lost feet.	-114.0	-114.0	-10.375	-10.375	False	False	morphology	determiner_noun_agreement	Write a natural, coherent English sentence.
883	15	Florence hasn't confused those standing men.	Florence hasn't confused that standing men.	-93.5	-93.5	-10.375	-10.375	False	False	morphology	determiner_noun_agreement	Write a natural, coherent English sentence.
884	15	Some convertible upset this upset woman.	Some convertible upset these upset woman.	-83.0	-83.0	-10.375	-10.375	False	False	morphology	determiner_noun_agreement	Write a natural, coherent English sentence.
885	15	Rebecca saw this hidden foot.	Rebecca saw these hidden foot.	-62.25	-62.25	-10.375	-10.375	False	False	morphology	determiner_noun_agreement	Write a natural, coherent English sentence.
886	15	Derek returned to these content men.	Derek returned to this content men.	-83.0	-83.0	-10.375	-10.375	False	False	morphology	determiner_noun_agreement	Write a natural, coherent English sentence.
887	15	Those teachers love those hidden women.	Those teachers love that hidden women.	-72.5	-72.5	-10.375	-10.375	False	False	morphology	determiner_noun_agreement	Write a natural, coherent English sentence.
888	15	Jennifer worried those ill men.	Jennifer worried that ill men.	-62.25	-62.25	-10.375	-10.375	False	False	morphology	determiner_noun_agreement	Write a natural, coherent English sentence.
889	15	A chair was stunning this big man.	A chair was stunning these big man.	-83.0	-83.0	-10.375	-10.375	False	False	morphology	determiner_noun_agreement	Write a natural, coherent English sentence.
890	15	Paintings looked like that gray thesis.	Paintings looked like those gray thesis.	-93.5	-93.0	-10.375	-10.375	False	False	morphology	determiner_noun_agreement	Write a natural, coherent English sentence.
891	15	Karla toured this rough oasis.	Karla toured these rough oasis.	-93.0	-93.0	-10.375	-10.375	False	False	morphology	determiner_noun_agreement	Write a natural, coherent English sentence.
892	15	Walter couldn't boycott those hidden oases.	Walter couldn't boycott that hidden oases.	-114.0	-114.0	-10.375	-10.375	False	False	morphology	determiner_noun_agreement	Write a natural, coherent English sentence.
893	15	Donald has worried this smart man.	Donald has worried these smart man.	-72.5	-72.5	-10.375	-10.375	False	False	morphology	determiner_noun_agreement	Write a natural, coherent English sentence.
894	15	Catherine has boycotted those gray oases.	Catherine has boycotted that gray oases.	-104.0	-104.0	-10.375	-10.375	False	False	morphology	determiner_noun_agreement	Write a natural, coherent English sentence.
895	15	Nicole toured those yellow oases.	Nicole toured that yellow oases.	-83.0	-83.0	-10.375	-10.375	False	False	morphology	determiner_noun_agreement	Write a natural, coherent English sentence.
896	15	Barbara praises that young woman.	Barbara praises those young woman.	-72.5	-72.5	-10.375	-10.375	False	False	morphology	determiner_noun_agreement	Write a natural, coherent English sentence.
897	15	The apple aggravates those hopeful children.	The apple aggravates that hopeful children.	-103.5	-103.5	-10.375	-10.375	False	False	morphology	determiner_noun_agreement	Write a natural, coherent English sentence.
898	15	All photographs could look like this big fungus.	All photographs could look like these big fungus.	-114.0	-114.0	-10.375	-10.375	False	False	morphology	determiner_noun_agreement	Write a natural, coherent English sentence.
899	15	Guys should talk about that good synopsis.	Guys should talk about those good synopsis.	-103.5	-103.5	-10.3125	-10.3125	False	False	morphology	determiner_noun_agreement	Write a natural, coherent English sentence.
900	15	Tracy discovered this concealed alumnus.	Tracy discovered these concealed alumnus.	-103.5	-103.5	-10.375	-10.375	False	False	morphology	determiner_noun_agreement	Write a natural, coherent English sentence.
901	15	All actresses are helping this troubled man.	All actresses are helping these troubled man.	-103.0	-103.5	-10.3125	-10.3125	True	False	morphology	determiner_noun_agreement	Write a natural, coherent English sentence.
902	15	Douglas isn't revealing this dirty foot.	Douglas isn't revealing these dirty foot.	-93.5	-93.5	-10.375	-10.375	False	False	morphology	determiner_noun_agreement	Write a natural, coherent English sentence.
903	15	Most senators confuse that standing child.	Most senators confuse those standing child.	-93.5	-93.5	-10.375	-10.375	False	False	morphology	determiner_noun_agreement	Write a natural, coherent English sentence.
904	15	Those doctors embarrass that upset woman.	Those doctors embarrass those upset woman.	-72.5	-72.5	-10.375	-10.375	False	False	morphology	determiner_noun_agreement	Write a natural, coherent English sentence.
905	15	A lot of customers were healing those sick men.	A lot of customers were healing that sick men.	-103.5	-103.5	-10.375	-10.375	False	False	morphology	determiner_noun_agreement	Write a natural, coherent English sentence.
906	15	Sabrina does conceal these old alumni.	Sabrina does conceal this old alumni.	-124.0	-124.0	-10.375	-10.375	False	False	morphology	determiner_noun_agreement	Write a natural, coherent English sentence.
907	15	Many girls can't observe those young alumni.	Many girls can't observe that young alumni.	-124.5	-124.5	-10.375	-10.375	False	False	morphology	determiner_noun_agreement	Write a natural, coherent English sentence.
908	15	The actresses hire that lucky man.	The actresses hire those lucky man.	-83.0	-83.0	-10.375	-10.375	False	False	morphology	determiner_noun_agreement	Write a natural, coherent English sentence.
909	15	Andrea is firing that scared child.	Andrea is firing those scared child.	-72.5	-72.5	-10.375	-10.375	False	False	morphology	determiner_noun_agreement	Write a natural, coherent English sentence.
910	15	That dancer scanned that bad synopsis.	That dancer scanned those bad synopsis.	-103.5	-103.5	-10.375	-10.375	False	False	morphology	determiner_noun_agreement	Write a natural, coherent English sentence.
911	15	Daniel breaks these dirty teeth.	Daniel breaks this dirty teeth.	-62.0	-62.25	-10.375	-10.375	True	False	morphology	determiner_noun_agreement	Write a natural, coherent English sentence.
912	15	Students had messed up those purple teeth.	Students had messed up that purple teeth.	-93.0	-93.0	-10.375	-10.3125	False	False	morphology	determiner_noun_agreement	Write a natural, coherent English sentence.
913	15	Becky boycotted those old oases.	Becky boycotted that old oases.	-103.5	-103.5	-10.375	-10.375	False	False	morphology	determiner_noun_agreement	Write a natural, coherent English sentence.
914	15	Florence talks to those good women.	Florence talks to that good women.	-73.0	-72.5	-10.375	-10.375	False	False	morphology	determiner_noun_agreement	Write a natural, coherent English sentence.
915	15	Carmen won't break this big foot.	Carmen won't break these big foot.	-104.0	-104.0	-10.375	-10.375	False	False	morphology	determiner_noun_agreement	Write a natural, coherent English sentence.
916	15	Stephen fired those employed men.	Stephen fired that employed men.	-62.25	-62.25	-10.375	-10.375	False	False	morphology	determiner_noun_agreement	Write a natural, coherent English sentence.
917	15	Many governments confuse this sick woman.	Many governments confuse these sick woman.	-83.0	-83.0	-10.375	-10.375	False	False	morphology	determiner_noun_agreement	Write a natural, coherent English sentence.
918	15	Heidi healed this troubled child.	Heidi healed these troubled child.	-93.0	-93.0	-10.3125	-10.3125	False	False	morphology	determiner_noun_agreement	Write a natural, coherent English sentence.
919	15	Daniel questions these employed alumni.	Daniel questions this employed alumni.	-83.0	-83.0	-10.375	-10.375	False	False	morphology	determiner_noun_agreement	Write a natural, coherent English sentence.
920	15	People admire these yellow oxen.	People admire this yellow oxen.	-83.0	-83.0	-10.375	-10.375	False	False	morphology	determiner_noun_agreement	Write a natural, coherent English sentence.
921	15	Those adults embarrasses this displeased woman.	Those adults embarrasses these displeased woman.	-103.5	-103.5	-10.375	-10.375	False	False	morphology	determiner_noun_agreement	Write a natural, coherent English sentence.
922	15	Winston Churchill notices these big nuclei.	Winston Churchill notices this big nuclei.	-114.0	-114.0	-10.375	-10.375	False	False	morphology	determiner_noun_agreement	Write a natural, coherent English sentence.
923	15	All women hide those concealed nuclei.	All women hide that concealed nuclei.	-93.0	-93.0	-10.375	-10.375	False	False	morphology	determiner_noun_agreement	Write a natural, coherent English sentence.
924	15	Charles was escaping from those lucky men.	Charles was escaping from that lucky men.	-93.0	-93.5	-10.375	-10.375	True	False	morphology	determiner_noun_agreement	Write a natural, coherent English sentence.
925	15	Paul doesn't insult this happy woman.	Paul doesn't insult these happy woman.	-93.5	-93.5	-10.375	-10.375	False	False	morphology	determiner_noun_agreement	Write a natural, coherent English sentence.
926	15	Galileo isn't scanning this brown thesis.	Galileo isn't scanning these brown thesis.	-124.5	-124.5	-10.375	-10.375	False	False	morphology	determiner_noun_agreement	Write a natural, coherent English sentence.
927	15	The newspaper article doesn't annoy that exposed man.	The newspaper article doesn't annoy those exposed man.	-114.0	-114.0	-10.375	-10.375	False	False	morphology	determiner_noun_agreement	Write a natural, coherent English sentence.
928	15	Carmen noticed these gray cacti.	Carmen noticed this gray cacti.	-93.5	-93.5	-10.375	-10.375	False	False	morphology	determiner_noun_agreement	Write a natural, coherent English sentence.
929	15	Teresa approaches this upset man.	Teresa approaches these upset man.	-72.5	-72.5	-10.375	-10.375	False	False	morphology	determiner_noun_agreement	Write a natural, coherent English sentence.
930	15	April was revealing this hidden woman.	April was revealing these hidden woman.	-72.5	-72.5	-10.375	-10.375	False	False	morphology	determiner_noun_agreement	Write a natural, coherent English sentence.
931	15	Michael has loved these scared men.	Michael has loved this scared men.	-73.0	-72.5	-10.375	-10.375	False	False	morphology	determiner_noun_agreement	Write a natural, coherent English sentence.
932	15	Joseph hadn't bought those hard lice.	Joseph hadn't bought that hard lice.	-103.5	-103.5	-10.375	-10.375	False	False	morphology	determiner_noun_agreement	Write a natural, coherent English sentence.
933	15	Larry did drive to this out in the open oasis.	Larry did drive to these out in the open oasis.	-124.0	-124.0	-10.375	-10.375	False	False	morphology	determiner_noun_agreement	Write a natural, coherent English sentence.
934	15	Lisa hasn't driven to that new oasis.	Lisa hasn't driven to those new oasis.	-114.0	-114.0	-10.375	-10.375	False	False	morphology	determiner_noun_agreement	Write a natural, coherent English sentence.
935	15	Steve scanned this good synopsis.	Steve scanned these good synopsis.	-83.0	-83.0	-10.375	-10.375	False	False	morphology	determiner_noun_agreement	Write a natural, coherent English sentence.
936	15	The Lutherans care for those hopeful men.	The Lutherans care for that hopeful men.	-103.5	-103.5	-10.375	-10.375	False	False	morphology	determiner_noun_agreement	Write a natural, coherent English sentence.
937	15	Christine bikes to these orange oases.	Christine bikes to this orange oases.	-103.5	-103.5	-10.375	-10.375	False	False	morphology	determiner_noun_agreement	Write a natural, coherent English sentence.
938	15	Most actors distracted this popular woman.	Most actors distracted these popular woman.	-83.0	-83.0	-10.375	-10.375	False	False	morphology	determiner_noun_agreement	Write a natural, coherent English sentence.
939	15	Emily should observe those displeased men.	Emily should observe that displeased men.	-93.5	-93.5	-10.375	-10.375	False	False	morphology	determiner_noun_agreement	Write a natural, coherent English sentence.
940	15	The drivers do sell this green thesis.	The drivers do sell these green thesis.	-83.0	-83.0	-10.375	-10.375	False	False	morphology	determiner_noun_agreement	Write a natural, coherent English sentence.
941	15	Most drivers love these unemployed men.	Most drivers love this unemployed men.	-83.0	-83.0	-10.375	-10.375	False	False	morphology	determiner_noun_agreement	Write a natural, coherent English sentence.
942	15	Those doctors care for this hopeful man.	Those doctors care for these hopeful man.	-93.0	-93.0	-10.375	-10.375	False	False	morphology	determiner_noun_agreement	Write a natural, coherent English sentence.
943	15	Brad kisses that displeased man.	Brad kisses those displeased man.	-93.5	-93.5	-10.375	-10.375	False	False	morphology	determiner_noun_agreement	Write a natural, coherent English sentence.
944	15	Danielle had argued about those troubled men.	Danielle had argued about that troubled men.	-103.5	-103.5	-10.375	-10.375	False	False	morphology	determiner_noun_agreement	Write a natural, coherent English sentence.
945	15	An actor is disgusting those unsure men.	An actor is disgusting that unsure men.	-103.5	-104.0	-10.375	-10.375	True	False	morphology	determiner_noun_agreement	Write a natural, coherent English sentence.
946	15	Galileo didn't hurt those displeased children.	Galileo didn't hurt that displeased children.	-135.0	-135.0	-10.375	-10.375	False	False	morphology	determiner_noun_agreement	Write a natural, coherent English sentence.
947	15	Omar messed up these small teeth.	Omar messed up this small teeth.	-93.5	-93.0	-10.375	-10.375	False	False	morphology	determiner_noun_agreement	Write a natural, coherent English sentence.
948	15	Carmen will watch this smart person.	Carmen will watch these smart person.	-83.0	-83.0	-10.375	-10.375	False	False	morphology	determiner_noun_agreement	Write a natural, coherent English sentence.
949	15	Jeffrey hid that unlucky child.	Jeffrey hid those unlucky child.	-93.0	-93.0	-10.375	-10.375	False	False	morphology	determiner_noun_agreement	Write a natural, coherent English sentence.
950	15	Every plane bothers this upset child.	Every plane bothers these upset child.	-83.0	-83.0	-10.375	-10.375	False	False	morphology	determiner_noun_agreement	Write a natural, coherent English sentence.
951	15	A lot of hospitals have those blue teeth.	A lot of hospitals have that blue teeth.	-93.0	-93.0	-10.3125	-10.3125	False	False	morphology	determiner_noun_agreement	Write a natural, coherent English sentence.
952	15	Nancy wasn't disturbing that clever man.	Nancy wasn't disturbing those clever man.	-103.5	-103.5	-10.375	-10.375	False	False	morphology	determiner_noun_agreement	Write a natural, coherent English sentence.
953	15	These ladies bought that white tooth.	These ladies bought those white tooth.	-72.5	-72.5	-10.375	-10.375	False	False	morphology	determiner_noun_agreement	Write a natural, coherent English sentence.
954	15	Every skirt annoys that confident person.	Every skirt annoys those confident person.	-93.5	-93.5	-10.375	-10.375	False	False	morphology	determiner_noun_agreement	Write a natural, coherent English sentence.
955	15	These actors weren't biking to these red oases.	These actors weren't biking to this red oases.	-135.0	-135.0	-10.375	-10.375	False	False	morphology	determiner_noun_agreement	Write a natural, coherent English sentence.
956	15	Carmen has described those confident people.	Carmen has described that confident people.	-83.0	-83.0	-10.375	-10.375	False	False	morphology	determiner_noun_agreement	Write a natural, coherent English sentence.
957	15	All legislatures criticize that brown oasis.	All legislatures criticize those brown oasis.	-103.5	-103.5	-10.375	-10.375	False	False	morphology	determiner_noun_agreement	Write a natural, coherent English sentence.
958	15	Paula works with that clever person.	Paula works with those clever person.	-83.0	-83.0	-10.375	-10.375	False	False	morphology	determiner_noun_agreement	Write a natural, coherent English sentence.
959	15	Benjamin respects those confident children.	Benjamin respects that confident children.	-73.0	-72.5	-10.375	-10.375	False	False	morphology	determiner_noun_agreement	Write a natural, coherent English sentence.
960	15	Mitchell attacked these unsure alumni.	Mitchell attacked this unsure alumni.	-93.5	-93.5	-10.375	-10.375	False	False	morphology	determiner_noun_agreement	Write a natural, coherent English sentence.
961	15	The Lutherans hadn't cleaned these broken teeth.	The Lutherans hadn't cleaned this broken teeth.	-114.0	-114.0	-10.375	-10.375	False	False	morphology	determiner_noun_agreement	Write a natural, coherent English sentence.
962	15	A lot of children observe that young child.	A lot of children observe those young child.	-93.0	-93.0	-10.375	-10.3125	False	False	morphology	determiner_noun_agreement	Write a natural, coherent English sentence.
963	15	Gary hadn't sounded like this out in the open oasis.	Gary hadn't sounded like these out in the open oasis.	-145.0	-145.0	-10.375	-10.375	False	False	morphology	determiner_noun_agreement	Write a natural, coherent English sentence.
964	15	That fish annoyed this serious alumnus.	That fish annoyed these serious alumnus.	-103.5	-103.5	-10.375	-10.375	False	False	morphology	determiner_noun_agreement	Write a natural, coherent English sentence.
965	15	Spotlights worry those standing people.	Spotlights worry that standing people.	-72.5	-72.5	-10.375	-10.375	False	False	morphology	determiner_noun_agreement	Write a natural, coherent English sentence.
966	15	Rodney returned to these content alumni.	Rodney returned to this content alumni.	-103.5	-103.5	-10.375	-10.375	False	False	morphology	determiner_noun_agreement	Write a natural, coherent English sentence.
967	15	Bruce references this unemployed child.	Bruce references these unemployed child.	-72.5	-72.5	-10.375	-10.375	False	False	morphology	determiner_noun_agreement	Write a natural, coherent English sentence.
968	15	Many museums criticize this bad analysis.	Many museums criticize these bad analysis.	-93.0	-93.0	-10.3125	-10.3125	False	False	morphology	determiner_noun_agreement	Write a natural, coherent English sentence.
969	15	Danielle knows that concealed man.	Danielle knows those concealed man.	-83.0	-83.0	-10.375	-10.375	False	False	morphology	determiner_noun_agreement	Write a natural, coherent English sentence.
970	15	Katherine sells that smooth oasis.	Katherine sells those smooth oasis.	-93.5	-93.0	-10.375	-10.375	False	False	morphology	determiner_noun_agreement	Write a natural, coherent English sentence.
971	15	Meredith hadn't scared these clever people.	Meredith hadn't scared this clever people.	-114.0	-114.0	-10.375	-10.375	False	False	morphology	determiner_noun_agreement	Write a natural, coherent English sentence.
972	15	Walter biked to these gray oases.	Walter biked to this gray oases.	-104.0	-104.0	-10.375	-10.375	False	False	morphology	determiner_noun_agreement	Write a natural, coherent English sentence.
973	15	Phillip has investigated this unemployed man.	Phillip has investigated these unemployed man.	-93.5	-93.5	-10.375	-10.375	False	False	morphology	determiner_noun_agreement	Write a natural, coherent English sentence.
974	15	Alice knows that ill woman.	Alice knows those ill woman.	-62.25	-62.25	-10.375	-10.375	False	False	morphology	determiner_noun_agreement	Write a natural, coherent English sentence.
975	15	Daniel bothered that unemployed alumnus.	Daniel bothered those unemployed alumnus.	-93.0	-93.0	-10.375	-10.375	False	False	morphology	determiner_noun_agreement	Write a natural, coherent English sentence.
976	15	Some children notice this black thesis.	Some children notice these black thesis.	-72.5	-72.5	-10.375	-10.375	False	False	morphology	determiner_noun_agreement	Write a natural, coherent English sentence.
977	15	George has alarmed these unemployed children.	George has alarmed this unemployed children.	-93.5	-93.5	-10.375	-10.375	False	False	morphology	determiner_noun_agreement	Write a natural, coherent English sentence.
978	15	Sarah won't drive to this concealed oasis.	Sarah won't drive to these concealed oasis.	-124.5	-124.5	-10.375	-10.375	False	False	morphology	determiner_noun_agreement	Write a natural, coherent English sentence.
979	15	Grace arrived at those small oases.	Grace arrived at that small oases.	-83.0	-83.0	-10.375	-10.375	False	False	morphology	determiner_noun_agreement	Write a natural, coherent English sentence.
980	15	David kisses that lucky man.	David kisses those lucky man.	-72.5	-72.5	-10.375	-10.375	False	False	morphology	determiner_noun_agreement	Write a natural, coherent English sentence.
981	15	Laura isn't lifting this smooth axis.	Laura isn't lifting these smooth axis.	-93.5	-93.5	-10.375	-10.375	False	False	morphology	determiner_noun_agreement	Write a natural, coherent English sentence.
982	15	Mark embarrassed these confident children.	Mark embarrassed this confident children.	-62.25	-62.25	-10.375	-10.375	False	False	morphology	determiner_noun_agreement	Write a natural, coherent English sentence.
983	15	Patients bothers this employed man.	Patients bothers these employed man.	-83.0	-83.0	-10.375	-10.375	False	False	morphology	determiner_noun_agreement	Write a natural, coherent English sentence.
984	15	Christopher has criticized this bad synopsis.	Christopher has criticized these bad synopsis.	-93.0	-93.0	-10.3125	-10.3125	False	False	morphology	determiner_noun_agreement	Write a natural, coherent English sentence.
985	15	Todd hadn't gone to this cheap oasis.	Todd hadn't gone to these cheap oasis.	-114.0	-114.0	-10.375	-10.375	False	False	morphology	determiner_noun_agreement	Write a natural, coherent English sentence.
986	15	Becca does investigate this lucky alumnus.	Becca does investigate these lucky alumnus.	-103.5	-103.5	-10.375	-10.375	False	False	morphology	determiner_noun_agreement	Write a natural, coherent English sentence.
987	15	Sabrina visits those fast women.	Sabrina visits that fast women.	-83.0	-83.0	-10.375	-10.375	False	False	morphology	determiner_noun_agreement	Write a natural, coherent English sentence.
988	15	Janet knew those unconvinced children.	Janet knew that unconvinced children.	-104.0	-104.0	-10.375	-10.375	False	False	morphology	determiner_noun_agreement	Write a natural, coherent English sentence.
989	15	Christine hated this young man.	Christine hated these young man.	-72.5	-72.5	-10.375	-10.375	False	False	morphology	determiner_noun_agreement	Write a natural, coherent English sentence.
990	15	Chad hadn't complained about these big oases.	Chad hadn't complained about this big oases.	-124.5	-124.5	-10.375	-10.375	False	False	morphology	determiner_noun_agreement	Write a natural, coherent English sentence.
991	15	Many bikes stun that nice man.	Many bikes stun those nice man.	-93.5	-93.5	-10.375	-10.375	False	False	morphology	determiner_noun_agreement	Write a natural, coherent English sentence.
992	15	William hasn't investigated these fast men.	William hasn't investigated this fast men.	-93.5	-93.0	-10.375	-10.375	False	False	morphology	determiner_noun_agreement	Write a natural, coherent English sentence.
993	15	Kristin couldn't research these smooth oases.	Kristin couldn't research this smooth oases.	-114.0	-114.0	-10.375	-10.375	False	False	morphology	determiner_noun_agreement	Write a natural, coherent English sentence.
994	15	Travis arrives at these old oases.	Travis arrives at this old oases.	-93.5	-93.0	-10.375	-10.375	False	False	morphology	determiner_noun_agreement	Write a natural, coherent English sentence.
995	15	Many boys drive to this yellow oasis.	Many boys drive to these yellow oasis.	-93.0	-93.0	-10.375	-10.375	False	False	morphology	determiner_noun_agreement	Write a natural, coherent English sentence.
996	15	Danielle won't heal those unlucky people.	Danielle won't heal that unlucky people.	-124.0	-124.5	-10.375	-10.375	True	False	morphology	determiner_noun_agreement	Write a natural, coherent English sentence.
997	15	Sabrina wouldn't go to that new oasis.	Sabrina wouldn't go to those new oasis.	-135.0	-135.0	-10.375	-10.375	False	False	morphology	determiner_noun_agreement	Write a natural, coherent English sentence.
998	15	This movie theater annoys these lucky alumni.	This movie theater annoys this lucky alumni.	-124.5	-124.5	-10.375	-10.375	False	False	morphology	determiner_noun_agreement	Write a natural, coherent English sentence.
999	15	Stacy doesn't appreciate that out in the open woman.	Stacy doesn't appreciate those out in the open woman.	-135.0	-135.0	-10.375	-10.375	False	False	morphology	determiner_noun_agreement	Write a natural, coherent English sentence.
0	16	Alexander didn't walk through that new oasis.	Alexander didn't walk through those new oasis.	-114.0	-113.5	-10.3125	-10.3125	False	False	morphology	determiner_noun_agreement	Write a natural, coherent English sentence.
1	16	This hair irritates these old alumni.	This hair irritates this old alumni.	-103.5	-103.5	-10.375	-10.375	False	False	morphology	determiner_noun_agreement	Write a natural, coherent English sentence.
2	16	Winston Churchill was escaping from this serious person.	Winston Churchill was escaping from these serious person.	-124.5	-124.5	-10.375	-10.375	False	False	morphology	determiner_noun_agreement	Write a natural, coherent English sentence.
3	16	Anna walks through these purple oases.	Anna walks through this purple oases.	-83.0	-82.5	-10.375	-10.3125	False	False	morphology	determiner_noun_agreement	Write a natural, coherent English sentence.
4	16	Alicia sounded like this good analysis.	Alicia sounded like these good analysis.	-93.0	-93.0	-10.375	-10.375	False	False	morphology	determiner_noun_agreement	Write a natural, coherent English sentence.
5	16	Jeffrey might complain about this gray thesis.	Jeffrey might complain about these gray thesis.	-93.0	-93.0	-10.375	-10.375	False	False	morphology	determiner_noun_agreement	Write a natural, coherent English sentence.
6	16	Meredith approaches these concealed women.	Meredith approaches this concealed women.	-93.5	-93.5	-10.375	-10.375	False	False	morphology	determiner_noun_agreement	Write a natural, coherent English sentence.
7	16	Julia questioned those small children.	Julia questioned that small children.	-62.5	-62.5	-10.375	-10.375	False	False	morphology	determiner_noun_agreement	Write a natural, coherent English sentence.
8	16	That adult has brought that purple octopus.	That adult has brought those purple octopus.	-103.5	-103.5	-10.375	-10.3125	False	False	morphology	determiner_noun_agreement	Write a natural, coherent English sentence.
9	16	The people hug this displeased woman.	The people hug these displeased woman.	-93.5	-93.5	-10.375	-10.375	False	False	morphology	determiner_noun_agreement	Write a natural, coherent English sentence.
10	16	That beef did bore these displeased people.	That beef did bore this displeased people.	-104.0	-103.5	-10.375	-10.375	False	False	morphology	determiner_noun_agreement	Write a natural, coherent English sentence.
11	16	These libraries talk about these long synopses.	These libraries talk about this long synopses.	-103.5	-103.5	-10.375	-10.375	False	False	morphology	determiner_noun_agreement	Write a natural, coherent English sentence.
12	16	Lori wasn't hiring those delighted men.	Lori wasn't hiring that delighted men.	-104.0	-103.5	-10.375	-10.375	False	False	morphology	determiner_noun_agreement	Write a natural, coherent English sentence.
13	16	The teachers are running around this concealed oasis.	The teachers are running around these concealed oasis.	-114.0	-114.0	-10.375	-10.375	False	False	morphology	determiner_noun_agreement	Write a natural, coherent English sentence.
14	16	Those bananas embarrass these delighted people.	Those bananas embarrass this delighted people.	-83.0	-83.0	-10.375	-10.375	False	False	morphology	determiner_noun_agreement	Write a natural, coherent English sentence.
15	16	Mitchell brought those green oases.	Mitchell brought that green oases.	-72.5	-72.5	-10.375	-10.375	False	False	morphology	determiner_noun_agreement	Write a natural, coherent English sentence.
16	16	The actresses complain about this rough thesis.	The actresses complain about these rough thesis.	-93.0	-93.0	-10.375	-10.375	False	False	morphology	determiner_noun_agreement	Write a natural, coherent English sentence.
17	16	Russell investigates these fast women.	Russell investigates this fast women.	-72.5	-72.5	-10.375	-10.375	False	False	morphology	determiner_noun_agreement	Write a natural, coherent English sentence.
18	16	Irene praised those bad synopses.	Irene praised that bad synopses.	-93.0	-93.5	-10.375	-10.375	True	False	morphology	determiner_noun_agreement	Write a natural, coherent English sentence.
19	16	Denise did confuse that important woman.	Denise did confuse those important woman.	-93.5	-93.5	-10.375	-10.375	False	False	morphology	determiner_noun_agreement	Write a natural, coherent English sentence.
20	16	Some patients dislike those nice women.	Some patients dislike that nice women.	-83.0	-83.0	-10.375	-10.375	False	False	morphology	determiner_noun_agreement	Write a natural, coherent English sentence.
21	16	Amelia wasn't observing this hopeful man.	Amelia wasn't observing these hopeful man.	-124.0	-124.0	-10.375	-10.375	False	False	morphology	determiner_noun_agreement	Write a natural, coherent English sentence.
22	16	Grace is hugging these popular women.	Grace is hugging this popular women.	-83.0	-83.0	-10.375	-10.375	False	False	morphology	determiner_noun_agreement	Write a natural, coherent English sentence.
23	16	Julia might describe this long synopsis.	Julia might describe these long synopsis.	-83.0	-83.0	-10.375	-10.375	False	False	morphology	determiner_noun_agreement	Write a natural, coherent English sentence.
24	16	Many pedestrians do return to these happy men.	Many pedestrians do return to this happy men.	-114.0	-114.0	-10.375	-10.375	False	False	morphology	determiner_noun_agreement	Write a natural, coherent English sentence.
25	16	Laura noticed that determined man.	Laura noticed those determined man.	-62.0	-62.25	-10.375	-10.375	True	False	morphology	determiner_noun_agreement	Write a natural, coherent English sentence.
26	16	Julie would pass those red oases.	Julie would pass that red oases.	-83.0	-83.0	-10.375	-10.375	False	False	morphology	determiner_noun_agreement	Write a natural, coherent English sentence.
27	16	These doctors boast about this out in the open child.	These doctors boast about these out in the open child.	-124.5	-124.0	-10.375	-10.375	False	False	morphology	determiner_noun_agreement	Write a natural, coherent English sentence.
28	16	Stephen isn't revealing this brown nucleus.	Stephen isn't revealing these brown nucleus.	-103.5	-103.5	-10.375	-10.375	False	False	morphology	determiner_noun_agreement	Write a natural, coherent English sentence.
29	16	Travel stuns that sick child.	Travel stuns those sick child.	-72.5	-72.5	-10.375	-10.375	False	False	morphology	determiner_noun_agreement	Write a natural, coherent English sentence.
30	16	Amelia healed that unemployed woman.	Amelia healed those unemployed woman.	-93.0	-93.0	-10.375	-10.375	False	False	morphology	determiner_noun_agreement	Write a natural, coherent English sentence.
31	16	Noah attacks that ill child.	Noah attacks those ill child.	-62.25	-62.0	-10.375	-10.375	False	False	morphology	determiner_noun_agreement	Write a natural, coherent English sentence.
32	16	Randolf buys those gray fungi.	Randolf buys that gray fungi.	-93.5	-93.5	-10.375	-10.375	False	False	morphology	determiner_noun_agreement	Write a natural, coherent English sentence.
33	16	Some pedestrians disagreed with this big woman.	Some pedestrians disagreed with these big woman.	-114.0	-114.0	-10.375	-10.375	False	False	morphology	determiner_noun_agreement	Write a natural, coherent English sentence.
34	16	Adam might sound like these determined children.	Adam might sound like this determined children.	-83.0	-83.0	-10.375	-10.375	False	False	morphology	determiner_noun_agreement	Write a natural, coherent English sentence.
35	16	Bill has stunned this confident man.	Bill has stunned these confident man.	-83.0	-83.0	-10.375	-10.375	False	False	morphology	determiner_noun_agreement	Write a natural, coherent English sentence.
36	16	Rhonda should see these blue oases.	Rhonda should see this blue oases.	-93.0	-93.5	-10.375	-10.375	True	False	morphology	determiner_noun_agreement	Write a natural, coherent English sentence.
37	16	Stephen cares for that out in the open alumnus.	Stephen cares for those out in the open alumnus.	-124.5	-124.0	-10.375	-10.375	False	False	morphology	determiner_noun_agreement	Write a natural, coherent English sentence.
38	16	Cheryl has bought this green oasis.	Cheryl has bought these green oasis.	-93.0	-93.0	-10.3125	-10.3125	False	False	morphology	determiner_noun_agreement	Write a natural, coherent English sentence.
39	16	Every door annoyed this lucky child.	Every door annoyed these lucky child.	-83.0	-83.0	-10.375	-10.375	False	False	morphology	determiner_noun_agreement	Write a natural, coherent English sentence.
40	16	Gerald cures that unlucky child.	Gerald cures those unlucky child.	-104.0	-104.0	-10.375	-10.375	False	False	morphology	determiner_noun_agreement	Write a natural, coherent English sentence.
41	16	Eyes weren't worrying this troubled child.	Eyes weren't worrying these troubled child.	-114.0	-114.0	-10.375	-10.375	False	False	morphology	determiner_noun_agreement	Write a natural, coherent English sentence.
42	16	Michael isn't referencing this long synopsis.	Michael isn't referencing these long synopsis.	-114.0	-114.0	-10.375	-10.375	False	False	morphology	determiner_noun_agreement	Write a natural, coherent English sentence.
43	16	Robert insults this serious man.	Robert insults these serious man.	-72.5	-72.5	-10.375	-10.375	False	False	morphology	determiner_noun_agreement	Write a natural, coherent English sentence.
44	16	Waitresses describe that smart alumnus.	Waitresses describe those smart alumnus.	-103.5	-103.5	-10.3125	-10.3125	False	False	morphology	determiner_noun_agreement	Write a natural, coherent English sentence.
45	16	Dan doesn't respect this unemployed alumnus.	Dan doesn't respect these unemployed alumnus.	-124.5	-124.0	-10.375	-10.375	False	False	morphology	determiner_noun_agreement	Write a natural, coherent English sentence.
46	16	Eric has upset those scared people.	Eric has upset that scared people.	-72.5	-72.5	-10.375	-10.375	False	False	morphology	determiner_noun_agreement	Write a natural, coherent English sentence.
47	16	Sabrina was biking to this exposed oasis.	Sabrina was biking to these exposed oasis.	-124.5	-124.5	-10.375	-10.375	False	False	morphology	determiner_noun_agreement	Write a natural, coherent English sentence.
48	16	Edward can't think about these exposed mice.	Edward can't think about this exposed mice.	-114.0	-114.0	-10.375	-10.375	False	False	morphology	determiner_noun_agreement	Write a natural, coherent English sentence.
49	16	Phillip listened to this standing alumnus.	Phillip listened to these standing alumnus.	-103.5	-103.5	-10.375	-10.375	False	False	morphology	determiner_noun_agreement	Write a natural, coherent English sentence.
50	16	Those men skate around this small oasis.	Those men skate around these small oasis.	-103.5	-103.5	-10.375	-10.375	False	False	morphology	determiner_noun_agreement	Write a natural, coherent English sentence.
51	16	Rhonda could think about those content children.	Rhonda could think about that content children.	-93.5	-93.0	-10.375	-10.375	False	False	morphology	determiner_noun_agreement	Write a natural, coherent English sentence.
52	16	Melissa had remembered that unsure person.	Melissa had remembered those unsure person.	-93.5	-93.5	-10.375	-10.375	False	False	morphology	determiner_noun_agreement	Write a natural, coherent English sentence.
53	16	The students talk about this upset person.	The students talk about these upset person.	-83.0	-83.0	-10.375	-10.375	False	False	morphology	determiner_noun_agreement	Write a natural, coherent English sentence.
54	16	Leslie insults those upset alumni.	Leslie insults that upset alumni.	-103.5	-103.5	-10.375	-10.375	False	False	morphology	determiner_noun_agreement	Write a natural, coherent English sentence.
55	16	Hats distract this ill man.	Hats distract these ill man.	-72.5	-72.5	-10.375	-10.375	False	False	morphology	determiner_noun_agreement	Write a natural, coherent English sentence.
56	16	Dawn sounded like this determined child.	Dawn sounded like these determined child.	-83.0	-83.0	-10.375	-10.375	False	False	morphology	determiner_noun_agreement	Write a natural, coherent English sentence.
57	16	Carl had run around that brown oasis.	Carl had run around those brown oasis.	-93.0	-93.0	-10.375	-10.375	False	False	morphology	determiner_noun_agreement	Write a natural, coherent English sentence.
58	16	Anna criticizes these concealed children.	Anna criticizes this concealed children.	-83.0	-83.0	-10.375	-10.375	False	False	morphology	determiner_noun_agreement	Write a natural, coherent English sentence.
59	16	The waiter might criticize that unemployed man.	The waiter might criticize those unemployed man.	-114.0	-114.0	-10.375	-10.375	False	False	morphology	determiner_noun_agreement	Write a natural, coherent English sentence.
60	16	Tracy was investigating this troubled alumnus.	Tracy was investigating these troubled alumnus.	-124.0	-124.0	-10.375	-10.375	False	False	morphology	determiner_noun_agreement	Write a natural, coherent English sentence.
61	16	These newspaper articles astound this clever child.	These newspaper articles astound these clever child.	-93.0	-93.0	-10.375	-10.375	False	False	morphology	determiner_noun_agreement	Write a natural, coherent English sentence.
62	16	Dana hadn't attacked this small man.	Dana hadn't attacked these small man.	-103.5	-103.5	-10.375	-10.375	False	False	morphology	determiner_noun_agreement	Write a natural, coherent English sentence.
63	16	Curtis wasn't breaking those hard teeth.	Curtis wasn't breaking that hard teeth.	-103.5	-103.5	-10.375	-10.375	False	False	morphology	determiner_noun_agreement	Write a natural, coherent English sentence.
64	16	All customers attack this employed alumnus.	All customers attack these employed alumnus.	-93.0	-93.0	-10.375	-10.375	False	False	morphology	determiner_noun_agreement	Write a natural, coherent English sentence.
65	16	Most ladies go to those purple oases.	Most ladies go to that purple oases.	-93.5	-93.5	-10.375	-10.375	False	False	morphology	determiner_noun_agreement	Write a natural, coherent English sentence.
66	16	A dancer tours that blue oasis.	A dancer tours those blue oasis.	-93.5	-93.5	-10.375	-10.375	False	False	morphology	determiner_noun_agreement	Write a natural, coherent English sentence.
67	16	Steven irritated this unconvinced woman.	Steven irritated these unconvinced woman.	-103.5	-103.5	-10.375	-10.375	False	False	morphology	determiner_noun_agreement	Write a natural, coherent English sentence.
68	16	Tara wasn't helping that sick man.	Tara wasn't helping those sick man.	-103.5	-103.5	-10.375	-10.375	False	False	morphology	determiner_noun_agreement	Write a natural, coherent English sentence.
69	16	The dancers aren't cleaning that smooth fungus.	The dancers aren't cleaning those smooth fungus.	-135.0	-135.0	-10.375	-10.375	False	False	morphology	determiner_noun_agreement	Write a natural, coherent English sentence.
70	16	Melissa had talked about these white theses.	Melissa had talked about this white theses.	-103.5	-103.5	-10.375	-10.375	False	False	morphology	determiner_noun_agreement	Write a natural, coherent English sentence.
71	16	The man isn't watching those upset men.	The man isn't watching that upset men.	-103.5	-103.5	-10.375	-10.375	False	False	morphology	determiner_noun_agreement	Write a natural, coherent English sentence.
72	16	Sabrina won't worry this out in the open person.	Sabrina won't worry these out in the open person.	-145.0	-145.0	-10.375	-10.375	False	False	morphology	determiner_noun_agreement	Write a natural, coherent English sentence.
73	16	Every bird embarrassed these unemployed men.	Every bird embarrassed this unemployed men.	-83.0	-83.0	-10.375	-10.375	False	False	morphology	determiner_noun_agreement	Write a natural, coherent English sentence.
74	16	The Borgias drive to that small oasis.	The Borgias drive to those small oasis.	-114.0	-114.0	-10.375	-10.375	False	False	morphology	determiner_noun_agreement	Write a natural, coherent English sentence.
75	16	Bradley likes these brown fungi.	Bradley likes this brown fungi.	-83.0	-83.0	-10.375	-10.375	False	False	morphology	determiner_noun_agreement	Write a natural, coherent English sentence.
76	16	Most guys go to that black oasis.	Most guys go to those black oasis.	-93.0	-93.0	-10.375	-10.375	False	False	morphology	determiner_noun_agreement	Write a natural, coherent English sentence.
77	16	A pedestrian hadn't approached these hopeful women.	A pedestrian hadn't approached this hopeful women.	-124.0	-124.0	-10.375	-10.375	False	False	morphology	determiner_noun_agreement	Write a natural, coherent English sentence.
78	16	Some senators aren't healing this unemployed alumnus.	Some senators aren't healing these unemployed alumnus.	-145.0	-145.0	-10.375	-10.375	False	False	morphology	determiner_noun_agreement	Write a natural, coherent English sentence.
79	16	That cart wasn't stunning these exposed men.	That cart wasn't stunning this exposed men.	-103.5	-103.5	-10.375	-10.375	False	False	morphology	determiner_noun_agreement	Write a natural, coherent English sentence.
80	16	Joel can think about this smart man.	Joel can think about these smart man.	-83.0	-83.0	-10.375	-10.375	False	False	morphology	determiner_noun_agreement	Write a natural, coherent English sentence.
81	16	Those prints disgust those good people.	Those prints disgust that good people.	-72.5	-72.5	-10.375	-10.375	False	False	morphology	determiner_noun_agreement	Write a natural, coherent English sentence.
82	16	Beverly hadn't passed these yellow oases.	Beverly hadn't passed this yellow oases.	-114.0	-114.0	-10.375	-10.375	False	False	morphology	determiner_noun_agreement	Write a natural, coherent English sentence.
83	16	A lot of prints irritate this unconvinced woman.	A lot of prints irritate these unconvinced woman.	-134.0	-134.0	-10.375	-10.375	False	False	morphology	determiner_noun_agreement	Write a natural, coherent English sentence.
84	16	Many customers hire those standing alumni.	Many customers hire that standing alumni.	-93.0	-93.0	-10.375	-10.375	False	False	morphology	determiner_noun_agreement	Write a natural, coherent English sentence.
85	16	Some rug isn't irritating that nice woman.	Some rug isn't irritating those nice woman.	-114.0	-114.0	-10.375	-10.375	False	False	morphology	determiner_noun_agreement	Write a natural, coherent English sentence.
86	16	Jill embarrassed those busy men.	Jill embarrassed that busy men.	-73.0	-73.0	-10.375	-10.375	False	False	morphology	determiner_noun_agreement	Write a natural, coherent English sentence.
87	16	Most sketches could hurt this uncertain person.	Most sketches could hurt these uncertain person.	-103.5	-103.5	-10.375	-10.375	False	False	morphology	determiner_noun_agreement	Write a natural, coherent English sentence.
88	16	Patricia lifted those purple feet.	Patricia lifted that purple feet.	-83.0	-83.0	-10.375	-10.375	False	False	morphology	determiner_noun_agreement	Write a natural, coherent English sentence.
89	16	The girls sell this hard fungus.	The girls sell these hard fungus.	-93.0	-93.0	-10.375	-10.375	False	False	morphology	determiner_noun_agreement	Write a natural, coherent English sentence.
90	16	Nicole has seen this yellow cactus.	Nicole has seen these yellow cactus.	-93.0	-93.0	-10.375	-10.3125	False	False	morphology	determiner_noun_agreement	Write a natural, coherent English sentence.
91	16	Sharon could arrive at those big oases.	Sharon could arrive at that big oases.	-103.5	-103.5	-10.375	-10.375	False	False	morphology	determiner_noun_agreement	Write a natural, coherent English sentence.
92	16	This cashier can fire that good woman.	This cashier can fire those good woman.	-93.0	-93.0	-10.375	-10.375	False	False	morphology	determiner_noun_agreement	Write a natural, coherent English sentence.
93	16	Raymond left those scared children.	Raymond left that scared children.	-62.25	-62.0	-10.375	-10.375	False	False	morphology	determiner_noun_agreement	Write a natural, coherent English sentence.
94	16	Noah could discuss that clever person.	Noah could discuss those clever person.	-72.5	-72.5	-10.375	-10.375	False	False	morphology	determiner_noun_agreement	Write a natural, coherent English sentence.
95	16	Rachelle knew that concealed woman.	Rachelle knew those concealed woman.	-83.0	-83.0	-10.375	-10.375	False	False	morphology	determiner_noun_agreement	Write a natural, coherent English sentence.
96	16	Dawn hasn't cured those gray oxen.	Dawn hasn't cured that gray oxen.	-124.0	-124.0	-10.375	-10.375	False	False	morphology	determiner_noun_agreement	Write a natural, coherent English sentence.
97	16	The Great Lakes haven't disgusted those out in the open people.	The Great Lakes haven't disgusted that out in the open people.	-166.0	-166.0	-10.375	-10.375	False	False	morphology	determiner_noun_agreement	Write a natural, coherent English sentence.
98	16	Wayne doesn't exit those cheap oases.	Wayne doesn't exit that cheap oases.	-104.0	-103.5	-10.375	-10.375	False	False	morphology	determiner_noun_agreement	Write a natural, coherent English sentence.
99	16	These waitresses haven't astounded this fast woman.	These waitresses haven't astounded these fast woman.	-145.0	-145.0	-10.3125	-10.3125	False	False	morphology	determiner_noun_agreement	Write a natural, coherent English sentence.
100	16	Patrick hasn't lifted this out in the open cactus.	Patrick hasn't lifted these out in the open cactus.	-145.0	-145.0	-10.3125	-10.375	False	True	morphology	determiner_noun_agreement	Write a natural, coherent English sentence.
101	16	Angela isn't embarrassing those excited children.	Angela isn't embarrassing that excited children.	-103.5	-103.5	-10.375	-10.375	False	False	morphology	determiner_noun_agreement	Write a natural, coherent English sentence.
102	16	Jennifer hasn't criticized this smart man.	Jennifer hasn't criticized these smart man.	-103.5	-103.5	-10.375	-10.375	False	False	morphology	determiner_noun_agreement	Write a natural, coherent English sentence.
103	16	April watched this big person.	April watched these big person.	-62.25	-62.25	-10.375	-10.375	False	False	morphology	determiner_noun_agreement	Write a natural, coherent English sentence.
104	16	Candice hadn't bothered that serious alumnus.	Candice hadn't bothered those serious alumnus.	-124.0	-124.0	-10.3125	-10.3125	False	False	morphology	determiner_noun_agreement	Write a natural, coherent English sentence.
105	16	The Clintons observe those happy women.	The Clintons observe that happy women.	-93.5	-93.5	-10.375	-10.375	False	False	morphology	determiner_noun_agreement	Write a natural, coherent English sentence.
106	16	The Clintons observe this excited man.	The Clintons observe these excited man.	-93.5	-93.5	-10.375	-10.375	False	False	morphology	determiner_noun_agreement	Write a natural, coherent English sentence.
107	16	Associations were listening to that unlucky child.	Associations were listening to those unlucky child.	-114.0	-114.0	-10.375	-10.375	False	False	morphology	determiner_noun_agreement	Write a natural, coherent English sentence.
108	16	Those committees discussed that busy woman.	Those committees discussed those busy woman.	-93.5	-93.5	-10.375	-10.375	False	False	morphology	determiner_noun_agreement	Write a natural, coherent English sentence.
109	16	Debra isn't discussing that good analysis.	Debra isn't discussing those good analysis.	-103.5	-103.5	-10.375	-10.375	False	False	morphology	determiner_noun_agreement	Write a natural, coherent English sentence.
110	16	The drawing distracts this lucky woman.	The drawing distracts these lucky woman.	-83.0	-83.0	-10.375	-10.375	False	False	morphology	determiner_noun_agreement	Write a natural, coherent English sentence.
111	16	Holly couldn't dislike this exposed child.	Holly couldn't dislike these exposed child.	-103.5	-103.5	-10.375	-10.375	False	False	morphology	determiner_noun_agreement	Write a natural, coherent English sentence.
112	16	Angela examines that good synopsis.	Angela examines those good synopsis.	-83.0	-83.0	-10.375	-10.375	False	False	morphology	determiner_noun_agreement	Write a natural, coherent English sentence.
113	16	These skateboards aggravate that lucky woman.	These skateboards aggravate those lucky woman.	-114.0	-114.0	-10.375	-10.375	False	False	morphology	determiner_noun_agreement	Write a natural, coherent English sentence.
114	16	Some play alarms those small women.	Some play alarms that small women.	-83.0	-83.0	-10.375	-10.375	False	False	morphology	determiner_noun_agreement	Write a natural, coherent English sentence.
115	16	Students investigate these nice men.	Students investigate this nice men.	-62.25	-62.25	-10.375	-10.375	False	False	morphology	determiner_noun_agreement	Write a natural, coherent English sentence.
116	16	Tanya wasn't shocking that busy child.	Tanya wasn't shocking those busy child.	-114.0	-114.0	-10.375	-10.375	False	False	morphology	determiner_noun_agreement	Write a natural, coherent English sentence.
117	16	Brett has boasted about this nice person.	Brett has boasted about these nice person.	-103.5	-103.5	-10.375	-10.375	False	False	morphology	determiner_noun_agreement	Write a natural, coherent English sentence.
118	16	Jennifer described that hidden woman.	Jennifer described those hidden woman.	-62.25	-62.5	-10.375	-10.375	True	False	morphology	determiner_noun_agreement	Write a natural, coherent English sentence.
119	16	Winston Churchill passed these red oases.	Winston Churchill passed this red oases.	-103.5	-103.5	-10.375	-10.375	False	False	morphology	determiner_noun_agreement	Write a natural, coherent English sentence.
120	16	Some mirror could scare this nice woman.	Some mirror could scare these nice woman.	-93.5	-93.5	-10.375	-10.375	False	False	morphology	determiner_noun_agreement	Write a natural, coherent English sentence.
121	16	Caroline hadn't fired that scared alumnus.	Caroline hadn't fired those scared alumnus.	-114.0	-114.0	-10.375	-10.375	False	False	morphology	determiner_noun_agreement	Write a natural, coherent English sentence.
122	16	Edward wasn't referencing that displeased woman.	Edward wasn't referencing those displeased woman.	-124.5	-124.5	-10.375	-10.375	False	False	morphology	determiner_noun_agreement	Write a natural, coherent English sentence.
123	16	Many teachers clean these cheap teeth.	Many teachers clean this cheap teeth.	-72.5	-72.5	-10.375	-10.375	False	False	morphology	determiner_noun_agreement	Write a natural, coherent English sentence.
124	16	Wayne might remember these new oases.	Wayne might remember this new oases.	-83.0	-83.0	-10.375	-10.375	False	False	morphology	determiner_noun_agreement	Write a natural, coherent English sentence.
125	16	Some high school alarms this determined man.	Some high school alarms these determined man.	-93.0	-93.5	-10.375	-10.375	True	False	morphology	determiner_noun_agreement	Write a natural, coherent English sentence.
126	16	Vincent had returned to these out in the open oases.	Vincent had returned to this out in the open oases.	-124.0	-124.0	-10.375	-10.375	False	False	morphology	determiner_noun_agreement	Write a natural, coherent English sentence.
127	16	Marla hired this standing child.	Marla hired these standing child.	-72.5	-72.5	-10.375	-10.375	False	False	morphology	determiner_noun_agreement	Write a natural, coherent English sentence.
128	16	Some cucumber has upset those ill men.	Some cucumber has upset that ill men.	-103.5	-103.5	-10.375	-10.375	False	False	morphology	determiner_noun_agreement	Write a natural, coherent English sentence.
129	16	Russell hasn't kissed this content man.	Russell hasn't kissed these content man.	-93.0	-93.5	-10.375	-10.375	True	False	morphology	determiner_noun_agreement	Write a natural, coherent English sentence.
130	16	Guy has left this determined man.	Guy has left these determined man.	-72.5	-72.5	-10.375	-10.375	False	False	morphology	determiner_noun_agreement	Write a natural, coherent English sentence.
131	16	The Lutherans listen to these employed women.	The Lutherans listen to this employed women.	-93.5	-93.5	-10.375	-10.375	False	False	morphology	determiner_noun_agreement	Write a natural, coherent English sentence.
132	16	Candice disliked these bad analyses.	Candice disliked this bad analyses.	-103.5	-103.5	-10.375	-10.375	False	False	morphology	determiner_noun_agreement	Write a natural, coherent English sentence.
133	16	Many women heal these lost geese.	Many women heal this lost geese.	-83.0	-83.0	-10.375	-10.375	False	False	morphology	determiner_noun_agreement	Write a natural, coherent English sentence.
134	16	Wayne has remembered these smart people.	Wayne has remembered this smart people.	-72.5	-72.5	-10.375	-10.375	False	False	morphology	determiner_noun_agreement	Write a natural, coherent English sentence.
135	16	This teenager had dropped by these white oases.	This teenager had dropped by this white oases.	-103.5	-103.5	-10.375	-10.375	False	False	morphology	determiner_noun_agreement	Write a natural, coherent English sentence.
136	16	Eva has exited those smooth oases.	Eva has exited that smooth oases.	-93.5	-93.5	-10.375	-10.375	False	False	morphology	determiner_noun_agreement	Write a natural, coherent English sentence.
137	16	Cheryl wouldn't aggravate that bad person.	Cheryl wouldn't aggravate those bad person.	-124.0	-124.0	-10.375	-10.375	False	False	morphology	determiner_noun_agreement	Write a natural, coherent English sentence.
138	16	Katherine hadn't shocked those young children.	Katherine hadn't shocked that young children.	-103.5	-103.5	-10.375	-10.375	False	False	morphology	determiner_noun_agreement	Write a natural, coherent English sentence.
139	16	The student loves these troubled people.	The student loves this troubled people.	-83.0	-83.0	-10.375	-10.375	False	False	morphology	determiner_noun_agreement	Write a natural, coherent English sentence.
140	16	Tracy cared for those smart alumni.	Tracy cared for that smart alumni.	-103.5	-103.5	-10.375	-10.375	False	False	morphology	determiner_noun_agreement	Write a natural, coherent English sentence.
141	16	Guys return to these small oases.	Guys return to this small oases.	-93.0	-93.0	-10.375	-10.3125	False	False	morphology	determiner_noun_agreement	Write a natural, coherent English sentence.
142	16	Marcus won't bike to this white oasis.	Marcus won't bike to these white oasis.	-114.0	-114.0	-10.375	-10.375	False	False	morphology	determiner_noun_agreement	Write a natural, coherent English sentence.
143	16	Eggplants impressed these unconvinced alumni.	Eggplants impressed this unconvinced alumni.	-145.0	-145.0	-10.375	-10.375	False	False	morphology	determiner_noun_agreement	Write a natural, coherent English sentence.
144	16	A turtle has bored those troubled children.	A turtle has bored that troubled children.	-114.0	-114.0	-10.375	-10.375	False	False	morphology	determiner_noun_agreement	Write a natural, coherent English sentence.
145	16	The adults were taking those old teeth.	The adults were taking that old teeth.	-83.0	-83.0	-10.375	-10.375	False	False	morphology	determiner_noun_agreement	Write a natural, coherent English sentence.
146	16	Alan wasn't returning to those blue oases.	Alan wasn't returning to that blue oases.	-114.0	-114.0	-10.375	-10.375	False	False	morphology	determiner_noun_agreement	Write a natural, coherent English sentence.
147	16	Theodore had lifted this rough cactus.	Theodore had lifted these rough cactus.	-103.5	-103.5	-10.375	-10.375	False	False	morphology	determiner_noun_agreement	Write a natural, coherent English sentence.
148	16	Joel isn't praising those good synopses.	Joel isn't praising that good synopses.	-124.5	-124.5	-10.375	-10.375	False	False	morphology	determiner_noun_agreement	Write a natural, coherent English sentence.
149	16	The pedestrian knows these standing women.	The pedestrian knows this standing women.	-83.0	-83.0	-10.375	-10.375	False	False	morphology	determiner_noun_agreement	Write a natural, coherent English sentence.
150	16	Some museums forget that good analysis.	Some museums forget those good analysis.	-83.0	-83.0	-10.375	-10.375	False	False	morphology	determiner_noun_agreement	Write a natural, coherent English sentence.
151	16	The Clintons might clean that lost fungus.	The Clintons might clean those lost fungus.	-124.5	-124.5	-10.375	-10.375	False	False	morphology	determiner_noun_agreement	Write a natural, coherent English sentence.
152	16	Mary is bothering these out in the open children.	Mary is bothering this out in the open children.	-114.0	-114.0	-10.3125	-10.375	False	True	morphology	determiner_noun_agreement	Write a natural, coherent English sentence.
153	16	Many customers sell that lost ox.	Many customers sell those lost ox.	-72.5	-72.5	-10.375	-10.375	False	False	morphology	determiner_noun_agreement	Write a natural, coherent English sentence.
154	16	These waitresses praise these troubled men.	These waitresses praise this troubled men.	-103.5	-103.5	-10.3125	-10.3125	False	False	morphology	determiner_noun_agreement	Write a natural, coherent English sentence.
155	16	Many men didn't admire that nice person.	Many men didn't admire those nice person.	-114.0	-114.0	-10.375	-10.375	False	False	morphology	determiner_noun_agreement	Write a natural, coherent English sentence.
156	16	Jesus ran around this exposed oasis.	Jesus ran around these exposed oasis.	-83.0	-83.0	-10.375	-10.375	False	False	morphology	determiner_noun_agreement	Write a natural, coherent English sentence.
157	16	Many customers talk about that delighted child.	Many customers talk about those delighted child.	-83.0	-83.0	-10.375	-10.375	False	False	morphology	determiner_noun_agreement	Write a natural, coherent English sentence.
158	16	Drawings had disgusted this small woman.	Drawings had disgusted these small woman.	-93.5	-93.5	-10.375	-10.375	False	False	morphology	determiner_noun_agreement	Write a natural, coherent English sentence.
159	16	Colleen did care for that good man.	Colleen did care for those good man.	-93.5	-93.5	-10.375	-10.375	False	False	morphology	determiner_noun_agreement	Write a natural, coherent English sentence.
160	16	Marcus admired those exposed geese.	Marcus admired that exposed geese.	-83.0	-83.0	-10.375	-10.375	False	False	morphology	determiner_noun_agreement	Write a natural, coherent English sentence.
161	16	Randolf has noticed this clean foot.	Randolf has noticed these clean foot.	-83.0	-83.0	-10.375	-10.375	False	False	morphology	determiner_noun_agreement	Write a natural, coherent English sentence.
162	16	Craig could listen to that determined man.	Craig could listen to those determined man.	-83.0	-83.0	-10.375	-10.375	False	False	morphology	determiner_noun_agreement	Write a natural, coherent English sentence.
163	16	Movies stunned this small man.	Movies stunned these small man.	-83.0	-83.0	-10.375	-10.375	False	False	morphology	determiner_noun_agreement	Write a natural, coherent English sentence.
164	16	Timothy buys this rough ox.	Timothy buys these rough ox.	-83.0	-83.0	-10.375	-10.375	False	False	morphology	determiner_noun_agreement	Write a natural, coherent English sentence.
165	16	Some women go to those red oases.	Some women go to that red oases.	-93.0	-93.0	-10.375	-10.375	False	False	morphology	determiner_noun_agreement	Write a natural, coherent English sentence.
166	16	Ruth fixed this clean tooth.	Ruth fixed these clean tooth.	-62.25	-62.25	-10.375	-10.375	False	False	morphology	determiner_noun_agreement	Write a natural, coherent English sentence.
167	16	Monica is boring those clever men.	Monica is boring that clever men.	-83.0	-83.0	-10.375	-10.375	False	False	morphology	determiner_noun_agreement	Write a natural, coherent English sentence.
168	16	Janice knows these hidden alumni.	Janice knows this hidden alumni.	-93.0	-93.0	-10.375	-10.375	False	False	morphology	determiner_noun_agreement	Write a natural, coherent English sentence.
169	16	Spain insults this delighted alumnus.	Spain insults these delighted alumnus.	-93.0	-93.0	-10.375	-10.375	False	False	morphology	determiner_noun_agreement	Write a natural, coherent English sentence.
170	16	Some planes bore that displeased child.	Some planes bore those displeased child.	-93.5	-93.0	-10.375	-10.375	False	False	morphology	determiner_noun_agreement	Write a natural, coherent English sentence.
171	16	Dishes should upset these happy men.	Dishes should upset this happy men.	-83.0	-83.0	-10.375	-10.375	False	False	morphology	determiner_noun_agreement	Write a natural, coherent English sentence.
172	16	That painting looked like these yellow stimuli.	That painting looked like this yellow stimuli.	-93.0	-93.0	-10.375	-10.375	False	False	morphology	determiner_noun_agreement	Write a natural, coherent English sentence.
173	16	Amy shocked that content man.	Amy shocked those content man.	-62.25	-62.25	-10.375	-10.375	False	False	morphology	determiner_noun_agreement	Write a natural, coherent English sentence.
174	16	Melinda hasn't hidden this determined woman.	Melinda hasn't hidden these determined woman.	-103.5	-103.5	-10.375	-10.375	False	False	morphology	determiner_noun_agreement	Write a natural, coherent English sentence.
175	16	Caroline did drive to this brown oasis.	Caroline did drive to these brown oasis.	-93.0	-93.5	-10.375	-10.375	True	False	morphology	determiner_noun_agreement	Write a natural, coherent English sentence.
176	16	That rice disturbed those smart alumni.	That rice disturbed that smart alumni.	-103.5	-103.5	-10.375	-10.375	False	False	morphology	determiner_noun_agreement	Write a natural, coherent English sentence.
177	16	Brian will examine these long analyses.	Brian will examine this long analyses.	-83.0	-83.0	-10.375	-10.375	False	False	morphology	determiner_noun_agreement	Write a natural, coherent English sentence.
178	16	Mark dislikes this uncertain child.	Mark dislikes these uncertain child.	-83.0	-83.0	-10.375	-10.375	False	False	morphology	determiner_noun_agreement	Write a natural, coherent English sentence.
179	16	Rose was returning to these out in the open children.	Rose was returning to this out in the open children.	-114.0	-114.0	-10.375	-10.375	False	False	morphology	determiner_noun_agreement	Write a natural, coherent English sentence.
180	16	The guest has fixed this red tooth.	The guest has fixed these red tooth.	-83.0	-83.0	-10.375	-10.375	False	False	morphology	determiner_noun_agreement	Write a natural, coherent English sentence.
181	16	Jennifer is breaking this big tooth.	Jennifer is breaking these big tooth.	-72.5	-72.5	-10.375	-10.375	False	False	morphology	determiner_noun_agreement	Write a natural, coherent English sentence.
182	16	Sabrina isn't referencing these red theses.	Sabrina isn't referencing this red theses.	-135.0	-135.0	-10.375	-10.375	False	False	morphology	determiner_noun_agreement	Write a natural, coherent English sentence.
183	16	Valerie hadn't exited that exposed oasis.	Valerie hadn't exited those exposed oasis.	-124.0	-124.0	-10.375	-10.375	False	False	morphology	determiner_noun_agreement	Write a natural, coherent English sentence.
184	16	Every restaurant had worried this hidden child.	Every restaurant had worried these hidden child.	-83.0	-83.0	-10.375	-10.375	False	False	morphology	determiner_noun_agreement	Write a natural, coherent English sentence.
185	16	A woman was examining those long synopses.	A woman was examining that long synopses.	-114.0	-114.0	-10.375	-10.375	False	False	morphology	determiner_noun_agreement	Write a natural, coherent English sentence.
186	16	All actresses approach that content man.	All actresses approach those content man.	-83.0	-83.0	-10.375	-10.375	False	False	morphology	determiner_noun_agreement	Write a natural, coherent English sentence.
187	16	Sarah cleaned those yellow feet.	Sarah cleaned that yellow feet.	-62.25	-62.25	-10.375	-10.375	False	False	morphology	determiner_noun_agreement	Write a natural, coherent English sentence.
188	16	Margaret tours those black oases.	Margaret tours that black oases.	-72.5	-72.5	-10.375	-10.375	False	False	morphology	determiner_noun_agreement	Write a natural, coherent English sentence.
189	16	Rachel wasn't messing up this clean foot.	Rachel wasn't messing up these clean foot.	-114.0	-114.0	-10.375	-10.375	False	False	morphology	determiner_noun_agreement	Write a natural, coherent English sentence.
190	16	The Lutherans go to that old oasis.	The Lutherans go to those old oasis.	-103.5	-103.5	-10.375	-10.375	False	False	morphology	determiner_noun_agreement	Write a natural, coherent English sentence.
191	16	The lamps shock those hidden alumni.	The lamps shock that hidden alumni.	-104.0	-104.0	-10.375	-10.375	False	False	morphology	determiner_noun_agreement	Write a natural, coherent English sentence.
192	16	Claire conceals those small stimuli.	Claire conceals that small stimuli.	-83.0	-83.0	-10.375	-10.375	False	False	morphology	determiner_noun_agreement	Write a natural, coherent English sentence.
193	16	Most documentaries annoy that busy person.	Most documentaries annoy those busy person.	-83.0	-83.0	-10.375	-10.375	False	False	morphology	determiner_noun_agreement	Write a natural, coherent English sentence.
194	16	Pamela shouldn't return to those exposed men.	Pamela shouldn't return to that exposed men.	-114.0	-114.0	-10.375	-10.375	False	False	morphology	determiner_noun_agreement	Write a natural, coherent English sentence.
195	16	That person couldn't arrive at that purple oasis.	That person couldn't arrive at those purple oasis.	-124.0	-124.0	-10.375	-10.375	False	False	morphology	determiner_noun_agreement	Write a natural, coherent English sentence.
196	16	Alicia won't admire those big nuclei.	Alicia won't admire that big nuclei.	-135.0	-135.0	-10.375	-10.375	False	False	morphology	determiner_noun_agreement	Write a natural, coherent English sentence.
197	16	Curtis arrived at that red oasis.	Curtis arrived at those red oasis.	-93.0	-93.0	-10.375	-10.375	False	False	morphology	determiner_noun_agreement	Write a natural, coherent English sentence.
198	16	People investigate that smart man.	People investigate those smart man.	-62.25	-62.25	-10.375	-10.375	False	False	morphology	determiner_noun_agreement	Write a natural, coherent English sentence.
199	16	Some boys hire these content alumni.	Some boys hire this content alumni.	-93.5	-93.5	-10.375	-10.375	False	False	morphology	determiner_noun_agreement	Write a natural, coherent English sentence.
200	16	Leslie found these brown feet.	Leslie found this brown feet.	-72.5	-72.5	-10.375	-10.375	False	False	morphology	determiner_noun_agreement	Write a natural, coherent English sentence.
201	16	Alexander was firing that displeased woman.	Alexander was firing those displeased woman.	-93.5	-93.5	-10.375	-10.375	False	False	morphology	determiner_noun_agreement	Write a natural, coherent English sentence.
202	16	Florence hasn't argued about those confident children.	Florence hasn't argued about that confident children.	-103.5	-103.5	-10.375	-10.375	False	False	morphology	determiner_noun_agreement	Write a natural, coherent English sentence.
203	16	That adult hadn't complained about that exposed man.	That adult hadn't complained about those exposed man.	-114.0	-114.0	-10.375	-10.375	False	False	morphology	determiner_noun_agreement	Write a natural, coherent English sentence.
204	16	Larry works with these scared women.	Larry works with this scared women.	-72.5	-73.0	-10.375	-10.375	True	False	morphology	determiner_noun_agreement	Write a natural, coherent English sentence.
205	16	Kathleen leaves this old child.	Kathleen leaves these old child.	-72.5	-72.5	-10.375	-10.375	False	False	morphology	determiner_noun_agreement	Write a natural, coherent English sentence.
206	16	The actresses weren't watching these scared people.	The actresses weren't watching this scared people.	-114.0	-114.0	-10.375	-10.375	False	False	morphology	determiner_noun_agreement	Write a natural, coherent English sentence.
207	16	Derek isn't escaping from these blue oases.	Derek isn't escaping from this blue oases.	-135.0	-135.0	-10.375	-10.375	False	False	morphology	determiner_noun_agreement	Write a natural, coherent English sentence.
208	16	Naomi isn't talking about that cheap oasis.	Naomi isn't talking about those cheap oasis.	-124.0	-124.0	-10.375	-10.375	False	False	morphology	determiner_noun_agreement	Write a natural, coherent English sentence.
209	16	These guests hate these troubled men.	These guests hate this troubled men.	-83.0	-83.0	-10.375	-10.375	False	False	morphology	determiner_noun_agreement	Write a natural, coherent English sentence.
210	16	Patricia wasn't hiring those small children.	Patricia wasn't hiring that small children.	-114.0	-114.0	-10.375	-10.3125	False	False	morphology	determiner_noun_agreement	Write a natural, coherent English sentence.
211	16	All stairs weren't alarming that lucky woman.	All stairs weren't alarming those lucky woman.	-114.0	-114.0	-10.375	-10.375	False	False	morphology	determiner_noun_agreement	Write a natural, coherent English sentence.
212	16	Many drivers left that confident alumnus.	Many drivers left those confident alumnus.	-93.5	-93.5	-10.375	-10.375	False	False	morphology	determiner_noun_agreement	Write a natural, coherent English sentence.
213	16	Every skirt disgusts these smart children.	Every skirt disgusts this smart children.	-83.0	-83.0	-10.375	-10.375	False	False	morphology	determiner_noun_agreement	Write a natural, coherent English sentence.
214	16	Valerie has astounded that lost alumnus.	Valerie has astounded those lost alumnus.	-124.0	-124.0	-10.3125	-10.375	False	True	morphology	determiner_noun_agreement	Write a natural, coherent English sentence.
215	16	Sonia should describe this determined child.	Sonia should describe these determined child.	-83.0	-83.0	-10.375	-10.375	False	False	morphology	determiner_noun_agreement	Write a natural, coherent English sentence.
216	16	A lot of lakes weren't disgusting that old person.	A lot of lakes weren't disgusting those old person.	-145.0	-145.0	-10.3125	-10.3125	False	False	morphology	determiner_noun_agreement	Write a natural, coherent English sentence.
217	16	Some pants hadn't aggravated that good woman.	Some pants hadn't aggravated those good woman.	-124.5	-124.5	-10.375	-10.375	False	False	morphology	determiner_noun_agreement	Write a natural, coherent English sentence.
218	16	Anne does return to that old woman.	Anne does return to those old woman.	-83.0	-83.0	-10.375	-10.375	False	False	morphology	determiner_noun_agreement	Write a natural, coherent English sentence.
219	16	Alan wasn't listening to that delighted person.	Alan wasn't listening to those delighted person.	-103.5	-103.5	-10.375	-10.375	False	False	morphology	determiner_noun_agreement	Write a natural, coherent English sentence.
220	16	Some icicles annoy those serious alumni.	Some icicles annoy that serious alumni.	-103.5	-103.5	-10.375	-10.375	False	False	morphology	determiner_noun_agreement	Write a natural, coherent English sentence.
221	16	Many women won't scare those uncertain men.	Many women won't scare that uncertain men.	-114.0	-114.0	-10.375	-10.375	False	False	morphology	determiner_noun_agreement	Write a natural, coherent English sentence.
222	16	Science disgusts this unconvinced alumnus.	Science disgusts these unconvinced alumnus.	-124.0	-124.0	-10.375	-10.375	False	False	morphology	determiner_noun_agreement	Write a natural, coherent English sentence.
223	16	Connie tours these rough oases.	Connie tours this rough oases.	-83.0	-83.0	-10.375	-10.375	False	False	morphology	determiner_noun_agreement	Write a natural, coherent English sentence.
224	16	Those banks were talking about this lost thesis.	Those banks were talking about these lost thesis.	-93.5	-93.0	-10.375	-10.375	False	False	morphology	determiner_noun_agreement	Write a natural, coherent English sentence.
225	16	Some prints didn't look like this rough louse.	Some prints didn't look like these rough louse.	-124.5	-124.5	-10.375	-10.375	False	False	morphology	determiner_noun_agreement	Write a natural, coherent English sentence.
226	16	All pedestrians like those rough theses.	All pedestrians like that rough theses.	-103.5	-104.0	-10.375	-10.375	True	False	morphology	determiner_noun_agreement	Write a natural, coherent English sentence.
227	16	Douglas saw that black fungus.	Douglas saw those black fungus.	-83.0	-83.0	-10.375	-10.375	False	False	morphology	determiner_noun_agreement	Write a natural, coherent English sentence.
228	16	Sarah examined that bad analysis.	Sarah examined those bad analysis.	-62.5	-62.25	-10.375	-10.375	False	False	morphology	determiner_noun_agreement	Write a natural, coherent English sentence.
229	16	An actress researches this long thesis.	An actress researches these long thesis.	-103.5	-103.5	-10.375	-10.375	False	False	morphology	determiner_noun_agreement	Write a natural, coherent English sentence.
230	16	Those waitresses criticize this hidden child.	Those waitresses criticize these hidden child.	-103.5	-103.5	-10.375	-10.3125	False	False	morphology	determiner_noun_agreement	Write a natural, coherent English sentence.
231	16	Most drivers question these upset alumni.	Most drivers question this upset alumni.	-93.5	-93.5	-10.375	-10.375	False	False	morphology	determiner_noun_agreement	Write a natural, coherent English sentence.
232	16	Phillip isn't working with these small women.	Phillip isn't working with this small women.	-114.0	-114.0	-10.375	-10.375	False	False	morphology	determiner_noun_agreement	Write a natural, coherent English sentence.
233	16	Jennifer can't aggravate that unlucky man.	Jennifer can't aggravate those unlucky man.	-135.0	-135.0	-10.375	-10.375	False	False	morphology	determiner_noun_agreement	Write a natural, coherent English sentence.
234	16	Essays confuse this good woman.	Essays confuse these good woman.	-83.0	-83.0	-10.375	-10.375	False	False	morphology	determiner_noun_agreement	Write a natural, coherent English sentence.
235	16	Amelia has forgotten those bad analyses.	Amelia has forgotten that bad analyses.	-93.0	-93.0	-10.375	-10.375	False	False	morphology	determiner_noun_agreement	Write a natural, coherent English sentence.
236	16	Michael had explored this brown oasis.	Michael had explored these brown oasis.	-83.0	-83.0	-10.375	-10.375	False	False	morphology	determiner_noun_agreement	Write a natural, coherent English sentence.
237	16	Natalie can aggravate those smart men.	Natalie can aggravate that smart men.	-103.5	-103.5	-10.375	-10.375	False	False	morphology	determiner_noun_agreement	Write a natural, coherent English sentence.
238	16	That patient won't go to these cheap oases.	That patient won't go to this cheap oases.	-124.5	-124.5	-10.375	-10.375	False	False	morphology	determiner_noun_agreement	Write a natural, coherent English sentence.
239	16	Heidi had discovered those black feet.	Heidi had discovered that black feet.	-83.0	-82.5	-10.375	-10.3125	False	False	morphology	determiner_noun_agreement	Write a natural, coherent English sentence.
240	16	David hadn't watched those determined men.	David hadn't watched that determined men.	-93.5	-93.5	-10.375	-10.375	False	False	morphology	determiner_noun_agreement	Write a natural, coherent English sentence.
241	16	Some teenager couldn't walk through these green oases.	Some teenager couldn't walk through this green oases.	-124.0	-124.0	-10.375	-10.3125	False	False	morphology	determiner_noun_agreement	Write a natural, coherent English sentence.
242	16	Christina shouldn't sell this hard oasis.	Christina shouldn't sell these hard oasis.	-114.0	-113.5	-10.375	-10.3125	False	False	morphology	determiner_noun_agreement	Write a natural, coherent English sentence.
243	16	Christopher isn't firing those sick men.	Christopher isn't firing that sick men.	-93.5	-93.0	-10.375	-10.375	False	False	morphology	determiner_noun_agreement	Write a natural, coherent English sentence.
244	16	Most students hide that yellow mouse.	Most students hide those yellow mouse.	-72.5	-72.5	-10.375	-10.375	False	False	morphology	determiner_noun_agreement	Write a natural, coherent English sentence.
245	16	Holly did buy those clean feet.	Holly did buy that clean feet.	-72.5	-72.5	-10.375	-10.375	False	False	morphology	determiner_noun_agreement	Write a natural, coherent English sentence.
246	16	Many actors clean these brown theses.	Many actors clean this brown theses.	-83.0	-83.0	-10.375	-10.375	False	False	morphology	determiner_noun_agreement	Write a natural, coherent English sentence.
247	16	Stacy would hide those lost lice.	Stacy would hide that lost lice.	-93.5	-93.5	-10.375	-10.375	False	False	morphology	determiner_noun_agreement	Write a natural, coherent English sentence.
248	16	Alan drove to that new oasis.	Alan drove to those new oasis.	-83.0	-83.0	-10.375	-10.375	False	False	morphology	determiner_noun_agreement	Write a natural, coherent English sentence.
249	16	The Impressionists tour this purple oasis.	The Impressionists tour these purple oasis.	-103.5	-103.5	-10.3125	-10.3125	False	False	morphology	determiner_noun_agreement	Write a natural, coherent English sentence.
250	16	Wayne is talking to this hidden woman.	Wayne is talking to these hidden woman.	-83.0	-83.0	-10.375	-10.375	False	False	morphology	determiner_noun_agreement	Write a natural, coherent English sentence.
251	16	Christopher forgets this happy child.	Christopher forgets these happy child.	-72.5	-72.5	-10.375	-10.375	False	False	morphology	determiner_noun_agreement	Write a natural, coherent English sentence.
252	16	Julie can boycott those cheap oases.	Julie can boycott that cheap oases.	-93.5	-93.5	-10.375	-10.375	False	False	morphology	determiner_noun_agreement	Write a natural, coherent English sentence.
253	16	Most senators dislike these bad theses.	Most senators dislike this bad theses.	-104.0	-104.0	-10.375	-10.375	False	False	morphology	determiner_noun_agreement	Write a natural, coherent English sentence.
254	16	Denise concealed this content person.	Denise concealed these content person.	-83.0	-83.0	-10.375	-10.375	False	False	morphology	determiner_noun_agreement	Write a natural, coherent English sentence.
255	16	Some bike shocks these nice women.	Some bike shocks this nice women.	-83.0	-83.0	-10.375	-10.375	False	False	morphology	determiner_noun_agreement	Write a natural, coherent English sentence.
256	16	These teenagers fix those hidden feet.	These teenagers fix that hidden feet.	-82.5	-83.0	-10.3125	-10.375	True	True	morphology	determiner_noun_agreement	Write a natural, coherent English sentence.
257	16	Ella praised that ill woman.	Ella praised those ill woman.	-72.5	-72.5	-10.375	-10.375	False	False	morphology	determiner_noun_agreement	Write a natural, coherent English sentence.
258	16	Current events stun these lost people.	Current events stun this lost people.	-83.0	-83.0	-10.375	-10.375	False	False	morphology	determiner_noun_agreement	Write a natural, coherent English sentence.
259	16	Mary tours this gray oasis.	Mary tours these gray oasis.	-72.5	-72.5	-10.375	-10.375	False	False	morphology	determiner_noun_agreement	Write a natural, coherent English sentence.
260	16	Linda visited those unsure men.	Linda visited that unsure men.	-72.5	-72.5	-10.375	-10.375	False	False	morphology	determiner_noun_agreement	Write a natural, coherent English sentence.
261	16	Dan wouldn't boycott that smooth oasis.	Dan wouldn't boycott those smooth oasis.	-114.0	-114.0	-10.375	-10.375	False	False	morphology	determiner_noun_agreement	Write a natural, coherent English sentence.
262	16	Those men leave that brown oasis.	Those men leave those brown oasis.	-83.0	-83.0	-10.375	-10.375	False	False	morphology	determiner_noun_agreement	Write a natural, coherent English sentence.
263	16	Lissa does pass these black oases.	Lissa does pass this black oases.	-93.5	-93.5	-10.375	-10.375	False	False	morphology	determiner_noun_agreement	Write a natural, coherent English sentence.
264	16	Alice had embarrassed this happy man.	Alice had embarrassed these happy man.	-72.5	-72.5	-10.375	-10.375	False	False	morphology	determiner_noun_agreement	Write a natural, coherent English sentence.
265	16	Wayne is worrying that hopeful child.	Wayne is worrying those hopeful child.	-83.0	-83.0	-10.375	-10.375	False	False	morphology	determiner_noun_agreement	Write a natural, coherent English sentence.
266	16	Lucille is biking to that green oasis.	Lucille is biking to those green oasis.	-114.0	-114.0	-10.375	-10.375	False	False	morphology	determiner_noun_agreement	Write a natural, coherent English sentence.
267	16	Katherine hadn't skated around this white oasis.	Katherine hadn't skated around these white oasis.	-135.0	-134.0	-10.375	-10.3125	False	False	morphology	determiner_noun_agreement	Write a natural, coherent English sentence.
268	16	James observed this hopeful child.	James observed these hopeful child.	-72.5	-72.5	-10.375	-10.375	False	False	morphology	determiner_noun_agreement	Write a natural, coherent English sentence.
269	16	Gerald liked this big child.	Gerald liked these big child.	-72.5	-72.5	-10.375	-10.375	False	False	morphology	determiner_noun_agreement	Write a natural, coherent English sentence.
270	16	That committee wasn't hiring this displeased alumnus.	That committee wasn't hiring these displeased alumnus.	-145.0	-145.0	-10.375	-10.375	False	False	morphology	determiner_noun_agreement	Write a natural, coherent English sentence.
271	16	Gary isn't breaking that white tooth.	Gary isn't breaking those white tooth.	-93.0	-93.0	-10.375	-10.375	False	False	morphology	determiner_noun_agreement	Write a natural, coherent English sentence.
272	16	Walter hasn't seen those content children.	Walter hasn't seen that content children.	-93.5	-93.0	-10.375	-10.375	False	False	morphology	determiner_noun_agreement	Write a natural, coherent English sentence.
273	16	Martha didn't clean these hidden teeth.	Martha didn't clean this hidden teeth.	-93.0	-93.0	-10.375	-10.375	False	False	morphology	determiner_noun_agreement	Write a natural, coherent English sentence.
274	16	These teachers are returning to those lost men.	These teachers are returning to that lost men.	-93.0	-93.0	-10.375	-10.375	False	False	morphology	determiner_noun_agreement	Write a natural, coherent English sentence.
275	16	Ellen hadn't boycotted that hidden oasis.	Ellen hadn't boycotted those hidden oasis.	-124.0	-124.0	-10.375	-10.375	False	False	morphology	determiner_noun_agreement	Write a natural, coherent English sentence.
276	16	Some patients drive to these brown oases.	Some patients drive to this brown oases.	-93.5	-93.5	-10.375	-10.375	False	False	morphology	determiner_noun_agreement	Write a natural, coherent English sentence.
277	16	Nina wasn't referencing this ill person.	Nina wasn't referencing these ill person.	-103.5	-103.5	-10.375	-10.375	False	False	morphology	determiner_noun_agreement	Write a natural, coherent English sentence.
278	16	Denise praises these fast children.	Denise praises this fast children.	-83.0	-83.0	-10.375	-10.375	False	False	morphology	determiner_noun_agreement	Write a natural, coherent English sentence.
279	16	Most customers attack that clever man.	Most customers attack those clever man.	-72.5	-72.5	-10.375	-10.375	False	False	morphology	determiner_noun_agreement	Write a natural, coherent English sentence.
280	16	Every photograph looks like those exposed people.	Every photograph looks like that exposed people.	-83.0	-83.0	-10.375	-10.375	False	False	morphology	determiner_noun_agreement	Write a natural, coherent English sentence.
281	16	Cindy shouldn't cure that confident alumnus.	Cindy shouldn't cure those confident alumnus.	-135.0	-135.0	-10.375	-10.375	False	False	morphology	determiner_noun_agreement	Write a natural, coherent English sentence.
282	16	The Borgias reveal these blue feet.	The Borgias reveal this blue feet.	-93.5	-93.5	-10.375	-10.375	False	False	morphology	determiner_noun_agreement	Write a natural, coherent English sentence.
283	16	Ella lifts these exposed fungi.	Ella lifts this exposed fungi.	-93.5	-93.5	-10.375	-10.375	False	False	morphology	determiner_noun_agreement	Write a natural, coherent English sentence.
284	16	The Lutherans astound that unsure person.	The Lutherans astound those unsure person.	-103.5	-103.5	-10.375	-10.375	False	False	morphology	determiner_noun_agreement	Write a natural, coherent English sentence.
285	16	These cakes bore that determined woman.	These cakes bore those determined woman.	-83.0	-83.0	-10.375	-10.375	False	False	morphology	determiner_noun_agreement	Write a natural, coherent English sentence.
286	16	Nina lifts this orange cactus.	Nina lifts these orange cactus.	-93.0	-93.0	-10.375	-10.375	False	False	morphology	determiner_noun_agreement	Write a natural, coherent English sentence.
287	16	The actors kiss these unconvinced children.	The actors kiss this unconvinced children.	-104.0	-104.0	-10.375	-10.375	False	False	morphology	determiner_noun_agreement	Write a natural, coherent English sentence.
288	16	Sharon dislikes that brown thesis.	Sharon dislikes those brown thesis.	-93.5	-93.5	-10.375	-10.375	False	False	morphology	determiner_noun_agreement	Write a natural, coherent English sentence.
289	16	The customers sell these rough fungi.	The customers sell this rough fungi.	-83.0	-83.0	-10.375	-10.375	False	False	morphology	determiner_noun_agreement	Write a natural, coherent English sentence.
290	16	Janice didn't cure those employed men.	Janice didn't cure that employed men.	-103.5	-103.5	-10.375	-10.375	False	False	morphology	determiner_noun_agreement	Write a natural, coherent English sentence.
291	16	Paula left this uncertain person.	Paula left these uncertain person.	-72.5	-72.5	-10.375	-10.375	False	False	morphology	determiner_noun_agreement	Write a natural, coherent English sentence.
292	16	Those guys had escaped from those employed children.	Those guys had escaped from that employed children.	-93.0	-93.0	-10.375	-10.375	False	False	morphology	determiner_noun_agreement	Write a natural, coherent English sentence.
293	16	Christine wasn't touring that old oasis.	Christine wasn't touring those old oasis.	-124.0	-124.0	-10.375	-10.3125	False	False	morphology	determiner_noun_agreement	Write a natural, coherent English sentence.
294	16	These waitresses praise this rough thesis.	These waitresses praise these rough thesis.	-93.0	-93.0	-10.375	-10.375	False	False	morphology	determiner_noun_agreement	Write a natural, coherent English sentence.
295	16	Some girls hadn't passed this concealed oasis.	Some girls hadn't passed these concealed oasis.	-124.5	-124.5	-10.375	-10.375	False	False	morphology	determiner_noun_agreement	Write a natural, coherent English sentence.
296	16	Andrea lifts these small cacti.	Andrea lifts this small cacti.	-93.5	-93.5	-10.375	-10.375	False	False	morphology	determiner_noun_agreement	Write a natural, coherent English sentence.
297	16	Kristen is scanning those bad synopses.	Kristen is scanning that bad synopses.	-114.0	-114.0	-10.375	-10.375	False	False	morphology	determiner_noun_agreement	Write a natural, coherent English sentence.
298	16	Alan is skated around these cheap oases.	Alan is skated around this cheap oases.	-103.5	-103.5	-10.375	-10.375	False	False	morphology	determiner_noun_agreement	Write a natural, coherent English sentence.
299	16	Kayla has investigated these busy people.	Kayla has investigated this busy people.	-83.0	-83.0	-10.375	-10.375	False	False	morphology	determiner_noun_agreement	Write a natural, coherent English sentence.
300	16	Timothy observes that good woman.	Timothy observes those good woman.	-83.0	-83.0	-10.375	-10.375	False	False	morphology	determiner_noun_agreement	Write a natural, coherent English sentence.
301	16	Every museum hadn't discussed those hidden theses.	Every museum hadn't discussed that hidden theses.	-114.0	-114.0	-10.375	-10.375	False	False	morphology	determiner_noun_agreement	Write a natural, coherent English sentence.
302	16	Some cashiers help this troubled person.	Some cashiers help these troubled person.	-93.0	-93.0	-10.3125	-10.375	False	True	morphology	determiner_noun_agreement	Write a natural, coherent English sentence.
303	16	Amanda was attacking that displeased woman.	Amanda was attacking those displeased woman.	-93.5	-93.5	-10.375	-10.375	False	False	morphology	determiner_noun_agreement	Write a natural, coherent English sentence.
304	16	This window upsets these lost people.	This window upsets this lost people.	-83.0	-83.0	-10.375	-10.375	False	False	morphology	determiner_noun_agreement	Write a natural, coherent English sentence.
305	16	Cindy wasn't bringing those gray cacti.	Cindy wasn't bringing that gray cacti.	-135.0	-135.0	-10.375	-10.375	False	False	morphology	determiner_noun_agreement	Write a natural, coherent English sentence.
306	16	Peter complained about these good synopses.	Peter complained about this good synopses.	-93.0	-93.0	-10.375	-10.375	False	False	morphology	determiner_noun_agreement	Write a natural, coherent English sentence.
307	16	Danielle was touring those new oases.	Danielle was touring that new oases.	-103.5	-103.5	-10.375	-10.375	False	False	morphology	determiner_noun_agreement	Write a natural, coherent English sentence.
308	16	Elaine discusses that standing person.	Elaine discusses those standing person.	-83.0	-83.0	-10.375	-10.375	False	False	morphology	determiner_noun_agreement	Write a natural, coherent English sentence.
309	16	Jacqueline had healed those rough geese.	Jacqueline had healed that rough geese.	-114.0	-114.0	-10.375	-10.375	False	False	morphology	determiner_noun_agreement	Write a natural, coherent English sentence.
310	16	All rivers were distracting those standing men.	All rivers were distracting that standing men.	-93.5	-93.5	-10.375	-10.375	False	False	morphology	determiner_noun_agreement	Write a natural, coherent English sentence.
311	16	Some people exit those yellow oases.	Some people exit that yellow oases.	-83.0	-82.5	-10.375	-10.3125	False	False	morphology	determiner_noun_agreement	Write a natural, coherent English sentence.
312	16	Becca isn't exploring these hard oases.	Becca isn't exploring this hard oases.	-113.5	-113.5	-10.3125	-10.3125	False	False	morphology	determiner_noun_agreement	Write a natural, coherent English sentence.
313	16	Timothy revealed that big foot.	Timothy revealed those big foot.	-72.5	-72.5	-10.375	-10.375	False	False	morphology	determiner_noun_agreement	Write a natural, coherent English sentence.
314	16	Adam fires these determined men.	Adam fires this determined men.	-62.5	-62.5	-10.375	-10.375	False	False	morphology	determiner_noun_agreement	Write a natural, coherent English sentence.
315	16	The teenagers clean this purple foot.	The teenagers clean these purple foot.	-83.0	-82.5	-10.375	-10.3125	False	False	morphology	determiner_noun_agreement	Write a natural, coherent English sentence.
316	16	The Great Lakes could annoy that troubled man.	The Great Lakes could annoy those troubled man.	-114.0	-114.0	-10.375	-10.375	False	False	morphology	determiner_noun_agreement	Write a natural, coherent English sentence.
317	16	Karen discusses those bad men.	Karen discusses that bad men.	-72.5	-73.0	-10.375	-10.375	True	False	morphology	determiner_noun_agreement	Write a natural, coherent English sentence.
318	16	Phillip didn't find those ill alumni.	Phillip didn't find that ill alumni.	-124.0	-124.0	-10.375	-10.375	False	False	morphology	determiner_noun_agreement	Write a natural, coherent English sentence.
319	16	A lot of men reference these good analyses.	A lot of men reference this good analyses.	-103.5	-103.5	-10.375	-10.375	False	False	morphology	determiner_noun_agreement	Write a natural, coherent English sentence.
320	16	Larry had insulted these lucky children.	Larry had insulted this lucky children.	-83.0	-83.0	-10.375	-10.375	False	False	morphology	determiner_noun_agreement	Write a natural, coherent English sentence.
321	16	Debra is firing that determined child.	Debra is firing those determined child.	-83.0	-83.0	-10.375	-10.375	False	False	morphology	determiner_noun_agreement	Write a natural, coherent English sentence.
322	16	Noah was watching that fast woman.	Noah was watching those fast woman.	-72.5	-72.5	-10.375	-10.375	False	False	morphology	determiner_noun_agreement	Write a natural, coherent English sentence.
323	16	Gina works with that displeased person.	Gina works with those displeased person.	-104.0	-104.0	-10.375	-10.375	False	False	morphology	determiner_noun_agreement	Write a natural, coherent English sentence.
324	16	Most doctors would bring these big nuclei.	Most doctors would bring this big nuclei.	-93.0	-93.0	-10.375	-10.375	False	False	morphology	determiner_noun_agreement	Write a natural, coherent English sentence.
325	16	All drawings alarm that unconvinced child.	All drawings alarm those unconvinced child.	-104.0	-104.0	-10.375	-10.375	False	False	morphology	determiner_noun_agreement	Write a natural, coherent English sentence.
326	16	Some libraries hate that busy man.	Some libraries hate those busy man.	-72.5	-72.5	-10.375	-10.375	False	False	morphology	determiner_noun_agreement	Write a natural, coherent English sentence.
327	16	Derek disgusted that unemployed child.	Derek disgusted those unemployed child.	-93.0	-93.0	-10.375	-10.375	False	False	morphology	determiner_noun_agreement	Write a natural, coherent English sentence.
328	16	Marla hadn't fired these good men.	Marla hadn't fired this good men.	-104.0	-104.0	-10.375	-10.375	False	False	morphology	determiner_noun_agreement	Write a natural, coherent English sentence.
329	16	Carmen examined that red thesis.	Carmen examined those red thesis.	-72.5	-72.5	-10.375	-10.375	False	False	morphology	determiner_noun_agreement	Write a natural, coherent English sentence.
330	16	Amelia investigates this smart woman.	Amelia investigates these smart woman.	-83.0	-83.0	-10.375	-10.375	False	False	morphology	determiner_noun_agreement	Write a natural, coherent English sentence.
331	16	The Borgias hire that displeased alumnus.	The Borgias hire those displeased alumnus.	-135.0	-135.0	-10.375	-10.375	False	False	morphology	determiner_noun_agreement	Write a natural, coherent English sentence.
332	16	Stacey would arrive at these orange oases.	Stacey would arrive at this orange oases.	-114.0	-114.0	-10.375	-10.3125	False	False	morphology	determiner_noun_agreement	Write a natural, coherent English sentence.
333	16	Anna works with this lucky man.	Anna works with these lucky man.	-72.5	-72.5	-10.375	-10.375	False	False	morphology	determiner_noun_agreement	Write a natural, coherent English sentence.
334	16	Walter has scanned this rough thesis.	Walter has scanned these rough thesis.	-83.0	-83.0	-10.375	-10.375	False	False	morphology	determiner_noun_agreement	Write a natural, coherent English sentence.
335	16	Some mushroom bothered that lucky woman.	Some mushroom bothered those lucky woman.	-83.0	-83.0	-10.375	-10.375	False	False	morphology	determiner_noun_agreement	Write a natural, coherent English sentence.
336	16	Cynthia walked through this hard oasis.	Cynthia walked through these hard oasis.	-114.0	-114.0	-10.375	-10.3125	False	False	morphology	determiner_noun_agreement	Write a natural, coherent English sentence.
337	16	Liam has healed these black oxen.	Liam has healed this black oxen.	-103.5	-103.5	-10.375	-10.375	False	False	morphology	determiner_noun_agreement	Write a natural, coherent English sentence.
338	16	Andrew did notice these white axes.	Andrew did notice this white axes.	-83.0	-83.0	-10.375	-10.375	False	False	morphology	determiner_noun_agreement	Write a natural, coherent English sentence.
339	16	Bethany kisses these serious alumni.	Bethany kisses this serious alumni.	-104.0	-103.5	-10.375	-10.375	False	False	morphology	determiner_noun_agreement	Write a natural, coherent English sentence.
340	16	Vanessa watches this nice person.	Vanessa watches these nice person.	-72.5	-72.5	-10.375	-10.375	False	False	morphology	determiner_noun_agreement	Write a natural, coherent English sentence.
341	16	Every window astounded that big man.	Every window astounded those big man.	-93.0	-93.0	-10.375	-10.375	False	False	morphology	determiner_noun_agreement	Write a natural, coherent English sentence.
342	16	Donna leaves that upset man.	Donna leaves those upset man.	-72.5	-72.5	-10.375	-10.375	False	False	morphology	determiner_noun_agreement	Write a natural, coherent English sentence.
343	16	Many students drop by that orange oasis.	Many students drop by those orange oasis.	-93.0	-93.0	-10.375	-10.375	False	False	morphology	determiner_noun_agreement	Write a natural, coherent English sentence.
344	16	The sketches looked like this unsure man.	The sketches looked like these unsure man.	-114.0	-114.0	-10.375	-10.375	False	False	morphology	determiner_noun_agreement	Write a natural, coherent English sentence.
345	16	Helen fixes that broken tooth.	Helen fixes those broken tooth.	-72.5	-72.5	-10.375	-10.375	False	False	morphology	determiner_noun_agreement	Write a natural, coherent English sentence.
346	16	Robert wasn't annoying that old person.	Robert wasn't annoying those old person.	-93.0	-93.0	-10.375	-10.375	False	False	morphology	determiner_noun_agreement	Write a natural, coherent English sentence.
347	16	Amy isn't talking to that young woman.	Amy isn't talking to those young woman.	-103.5	-103.5	-10.375	-10.375	False	False	morphology	determiner_noun_agreement	Write a natural, coherent English sentence.
348	16	Alan hadn't remembered these long analyses.	Alan hadn't remembered this long analyses.	-103.5	-103.5	-10.375	-10.375	False	False	morphology	determiner_noun_agreement	Write a natural, coherent English sentence.
349	16	Stephen is working with these out in the open women.	Stephen is working with this out in the open women.	-114.0	-114.0	-10.375	-10.375	False	False	morphology	determiner_noun_agreement	Write a natural, coherent English sentence.
350	16	This library had discussed these employed men.	This library had discussed this employed men.	-83.0	-83.0	-10.375	-10.375	False	False	morphology	determiner_noun_agreement	Write a natural, coherent English sentence.
351	16	This teenager can't worry those delighted men.	This teenager can't worry that delighted men.	-103.5	-103.5	-10.375	-10.375	False	False	morphology	determiner_noun_agreement	Write a natural, coherent English sentence.
352	16	Wendy revealed that sick octopus.	Wendy revealed those sick octopus.	-93.0	-93.5	-10.375	-10.375	True	False	morphology	determiner_noun_agreement	Write a natural, coherent English sentence.
353	16	The Clintons haven't worked with that young person.	The Clintons haven't worked with those young person.	-135.0	-135.0	-10.375	-10.375	False	False	morphology	determiner_noun_agreement	Write a natural, coherent English sentence.
354	16	Some committee aggravates this unconvinced woman.	Some committee aggravates these unconvinced woman.	-124.5	-124.5	-10.375	-10.375	False	False	morphology	determiner_noun_agreement	Write a natural, coherent English sentence.
355	16	Guy bored that troubled man.	Guy bored those troubled man.	-72.5	-72.5	-10.375	-10.375	False	False	morphology	determiner_noun_agreement	Write a natural, coherent English sentence.
356	16	Every actress scanned those bad analyses.	Every actress scanned that bad analyses.	-93.5	-93.5	-10.375	-10.375	False	False	morphology	determiner_noun_agreement	Write a natural, coherent English sentence.
357	16	A library alarms that determined child.	A library alarms those determined child.	-83.0	-83.0	-10.375	-10.375	False	False	morphology	determiner_noun_agreement	Write a natural, coherent English sentence.
358	16	Sheila can't notice this clever man.	Sheila can't notice these clever man.	-103.5	-103.5	-10.375	-10.375	False	False	morphology	determiner_noun_agreement	Write a natural, coherent English sentence.
359	16	James forgets this fast alumnus.	James forgets these fast alumnus.	-93.0	-93.0	-10.375	-10.375	False	False	morphology	determiner_noun_agreement	Write a natural, coherent English sentence.
360	16	Noah hasn't thought about these smooth lice.	Noah hasn't thought about this smooth lice.	-114.0	-114.0	-10.375	-10.375	False	False	morphology	determiner_noun_agreement	Write a natural, coherent English sentence.
361	16	Aaron sees these gray oases.	Aaron sees this gray oases.	-73.0	-72.5	-10.375	-10.375	False	False	morphology	determiner_noun_agreement	Write a natural, coherent English sentence.
362	16	Sherry has taken this standing goose.	Sherry has taken these standing goose.	-93.0	-93.0	-10.375	-10.375	False	False	morphology	determiner_noun_agreement	Write a natural, coherent English sentence.
363	16	Marie hasn't found those ill geese.	Marie hasn't found that ill geese.	-103.5	-103.5	-10.375	-10.375	False	False	morphology	determiner_noun_agreement	Write a natural, coherent English sentence.
364	16	Peter isn't arriving at that red oasis.	Peter isn't arriving at those red oasis.	-114.0	-114.0	-10.375	-10.3125	False	False	morphology	determiner_noun_agreement	Write a natural, coherent English sentence.
365	16	Jill isn't boycotting those orange oases.	Jill isn't boycotting that orange oases.	-145.0	-145.0	-10.375	-10.375	False	False	morphology	determiner_noun_agreement	Write a natural, coherent English sentence.
366	16	Julia messes up that orange foot.	Julia messes up those orange foot.	-83.0	-83.0	-10.375	-10.375	False	False	morphology	determiner_noun_agreement	Write a natural, coherent English sentence.
367	16	That hill didn't disturb that content woman.	That hill didn't disturb those content woman.	-103.5	-103.5	-10.375	-10.375	False	False	morphology	determiner_noun_agreement	Write a natural, coherent English sentence.
368	16	Suzanne has concealed that concealed man.	Suzanne has concealed those concealed man.	-103.5	-103.5	-10.375	-10.375	False	False	morphology	determiner_noun_agreement	Write a natural, coherent English sentence.
369	16	Alicia sells that orange octopus.	Alicia sells those orange octopus.	-113.5	-113.5	-10.3125	-10.3125	False	False	morphology	determiner_noun_agreement	Write a natural, coherent English sentence.
370	16	Leslie has discussed that delighted child.	Leslie has discussed those delighted child.	-83.0	-83.0	-10.375	-10.375	False	False	morphology	determiner_noun_agreement	Write a natural, coherent English sentence.
371	16	Andrea could like these white lice.	Andrea could like this white lice.	-83.0	-83.0	-10.375	-10.375	False	False	morphology	determiner_noun_agreement	Write a natural, coherent English sentence.
372	16	Most children break those rough teeth.	Most children break that rough teeth.	-72.5	-72.5	-10.375	-10.375	False	False	morphology	determiner_noun_agreement	Write a natural, coherent English sentence.
373	16	Richard did work with this clever child.	Richard did work with these clever child.	-83.0	-83.0	-10.375	-10.375	False	False	morphology	determiner_noun_agreement	Write a natural, coherent English sentence.
374	16	Anne hugs this unemployed woman.	Anne hugs these unemployed woman.	-83.0	-83.0	-10.375	-10.375	False	False	morphology	determiner_noun_agreement	Write a natural, coherent English sentence.
375	16	Those actors attack that excited child.	Those actors attack those excited child.	-73.0	-72.5	-10.375	-10.375	False	False	morphology	determiner_noun_agreement	Write a natural, coherent English sentence.
376	16	Bruce was hugging that unconvinced man.	Bruce was hugging those unconvinced man.	-114.0	-114.0	-10.375	-10.375	False	False	morphology	determiner_noun_agreement	Write a natural, coherent English sentence.
377	16	Patrick hasn't hidden this orange oasis.	Patrick hasn't hidden these orange oasis.	-103.5	-103.5	-10.375	-10.375	False	False	morphology	determiner_noun_agreement	Write a natural, coherent English sentence.
378	16	Alicia hadn't discussed that uncertain person.	Alicia hadn't discussed those uncertain person.	-114.0	-114.0	-10.375	-10.375	False	False	morphology	determiner_noun_agreement	Write a natural, coherent English sentence.
379	16	Susan wasn't talking to those confident men.	Susan wasn't talking to that confident men.	-103.5	-103.5	-10.375	-10.375	False	False	morphology	determiner_noun_agreement	Write a natural, coherent English sentence.
380	16	Cheryl will scan that good synopsis.	Cheryl will scan those good synopsis.	-93.0	-93.0	-10.375	-10.375	False	False	morphology	determiner_noun_agreement	Write a natural, coherent English sentence.
381	16	Tamara kissed that unsure man.	Tamara kissed those unsure man.	-83.0	-83.0	-10.375	-10.375	False	False	morphology	determiner_noun_agreement	Write a natural, coherent English sentence.
382	16	Craig boasts about those bad analyses.	Craig boasts about that bad analyses.	-93.0	-93.0	-10.375	-10.375	False	False	morphology	determiner_noun_agreement	Write a natural, coherent English sentence.
383	16	Randolf hadn't hugged those serious people.	Randolf hadn't hugged that serious people.	-114.0	-114.0	-10.375	-10.375	False	False	morphology	determiner_noun_agreement	Write a natural, coherent English sentence.
384	16	Many doctors cure these exposed men.	Many doctors cure this exposed men.	-72.5	-72.5	-10.375	-10.375	False	False	morphology	determiner_noun_agreement	Write a natural, coherent English sentence.
385	16	Women criticized those smooth theses.	Women criticized that smooth theses.	-83.0	-82.5	-10.375	-10.3125	False	False	morphology	determiner_noun_agreement	Write a natural, coherent English sentence.
386	16	Some light disturbs that old person.	Some light disturbs those old person.	-93.5	-93.5	-10.375	-10.375	False	False	morphology	determiner_noun_agreement	Write a natural, coherent English sentence.
387	16	Carol was questioning this big man.	Carol was questioning these big man.	-72.5	-72.5	-10.375	-10.375	False	False	morphology	determiner_noun_agreement	Write a natural, coherent English sentence.
388	16	Sara has gone to that old oasis.	Sara has gone to those old oasis.	-93.0	-93.0	-10.3125	-10.3125	False	False	morphology	determiner_noun_agreement	Write a natural, coherent English sentence.
389	16	Steven brought these red oases.	Steven brought this red oases.	-72.5	-72.5	-10.375	-10.375	False	False	morphology	determiner_noun_agreement	Write a natural, coherent English sentence.
390	16	Diana will disgust these ill children.	Diana will disgust this ill children.	-72.5	-72.5	-10.375	-10.375	False	False	morphology	determiner_noun_agreement	Write a natural, coherent English sentence.
391	16	Steven disturbs these sick alumni.	Steven disturbs this sick alumni.	-104.0	-104.0	-10.375	-10.375	False	False	morphology	determiner_noun_agreement	Write a natural, coherent English sentence.
392	16	Angela wasn't lifting these blue feet.	Angela wasn't lifting this blue feet.	-93.0	-93.0	-10.375	-10.375	False	False	morphology	determiner_noun_agreement	Write a natural, coherent English sentence.
393	16	Sharon hasn't stunned that unsure child.	Sharon hasn't stunned those unsure child.	-124.5	-124.5	-10.375	-10.375	False	False	morphology	determiner_noun_agreement	Write a natural, coherent English sentence.
394	16	These girls question that concealed man.	These girls question those concealed man.	-83.0	-83.0	-10.375	-10.375	False	False	morphology	determiner_noun_agreement	Write a natural, coherent English sentence.
395	16	Martha wasn't kissing this unemployed man.	Martha wasn't kissing these unemployed man.	-114.0	-114.0	-10.375	-10.375	False	False	morphology	determiner_noun_agreement	Write a natural, coherent English sentence.
396	16	Kendra isn't working with this excited child.	Kendra isn't working with these excited child.	-124.5	-124.5	-10.375	-10.375	False	False	morphology	determiner_noun_agreement	Write a natural, coherent English sentence.
397	16	All actresses praise this hard thesis.	All actresses praise these hard thesis.	-82.5	-83.0	-10.3125	-10.375	True	True	morphology	determiner_noun_agreement	Write a natural, coherent English sentence.
398	16	David cleans that hard tooth.	David cleans those hard tooth.	-72.5	-72.5	-10.375	-10.375	False	False	morphology	determiner_noun_agreement	Write a natural, coherent English sentence.
399	16	Julia sounded like this uncertain person.	Julia sounded like these uncertain person.	-72.5	-72.5	-10.375	-10.375	False	False	morphology	determiner_noun_agreement	Write a natural, coherent English sentence.
400	16	Those actors attacked that happy alumnus.	Those actors attacked those happy alumnus.	-93.5	-93.0	-10.375	-10.375	False	False	morphology	determiner_noun_agreement	Write a natural, coherent English sentence.
401	16	Eva hadn't admired these black fungi.	Eva hadn't admired this black fungi.	-114.0	-114.0	-10.375	-10.375	False	False	morphology	determiner_noun_agreement	Write a natural, coherent English sentence.
402	16	Many chairs aren't disgusting this unlucky child.	Many chairs aren't disgusting these unlucky child.	-134.0	-134.0	-10.375	-10.375	False	False	morphology	determiner_noun_agreement	Write a natural, coherent English sentence.
403	16	Those waiters break these rough teeth.	Those waiters break this rough teeth.	-83.0	-83.0	-10.375	-10.375	False	False	morphology	determiner_noun_agreement	Write a natural, coherent English sentence.
404	16	Becca leaves this uncertain child.	Becca leaves these uncertain child.	-72.5	-72.5	-10.375	-10.375	False	False	morphology	determiner_noun_agreement	Write a natural, coherent English sentence.
405	16	Some steak disturbs these displeased children.	Some steak disturbs this displeased children.	-124.5	-124.5	-10.375	-10.375	False	False	morphology	determiner_noun_agreement	Write a natural, coherent English sentence.
406	16	Christine wouldn't conceal this lost stimulus.	Christine wouldn't conceal these lost stimulus.	-124.0	-124.5	-10.375	-10.375	True	False	morphology	determiner_noun_agreement	Write a natural, coherent English sentence.
407	16	Every face irritates those unemployed alumni.	Every face irritates that unemployed alumni.	-114.0	-114.0	-10.375	-10.375	False	False	morphology	determiner_noun_agreement	Write a natural, coherent English sentence.
408	16	Susan noticed that unlucky person.	Susan noticed those unlucky person.	-83.0	-83.0	-10.375	-10.375	False	False	morphology	determiner_noun_agreement	Write a natural, coherent English sentence.
409	16	Some women drop by those concealed oases.	Some women drop by that concealed oases.	-104.0	-104.0	-10.375	-10.375	False	False	morphology	determiner_noun_agreement	Write a natural, coherent English sentence.
410	16	The Clintons disagree with these serious men.	The Clintons disagree with this serious men.	-103.5	-103.5	-10.375	-10.375	False	False	morphology	determiner_noun_agreement	Write a natural, coherent English sentence.
411	16	Phillip discovers these busy women.	Phillip discovers this busy women.	-83.0	-83.0	-10.375	-10.375	False	False	morphology	determiner_noun_agreement	Write a natural, coherent English sentence.
412	16	Waiters investigate that hopeful woman.	Waiters investigate those hopeful woman.	-83.0	-83.0	-10.375	-10.375	False	False	morphology	determiner_noun_agreement	Write a natural, coherent English sentence.
413	16	Regina hasn't found these white nuclei.	Regina hasn't found this white nuclei.	-124.0	-124.0	-10.375	-10.375	False	False	morphology	determiner_noun_agreement	Write a natural, coherent English sentence.
414	16	Irene scanned those purple theses.	Irene scanned that purple theses.	-93.5	-93.5	-10.375	-10.375	False	False	morphology	determiner_noun_agreement	Write a natural, coherent English sentence.
415	16	A bank references those popular people.	A bank references that popular people.	-72.5	-72.5	-10.375	-10.375	False	False	morphology	determiner_noun_agreement	Write a natural, coherent English sentence.
416	16	Vincent tours this old oasis.	Vincent tours these old oasis.	-72.5	-72.5	-10.3125	-10.3125	False	False	morphology	determiner_noun_agreement	Write a natural, coherent English sentence.
417	16	Alicia kisses that standing woman.	Alicia kisses those standing woman.	-93.5	-93.0	-10.375	-10.375	False	False	morphology	determiner_noun_agreement	Write a natural, coherent English sentence.
418	16	Some candles aren't boring those displeased men.	Some candles aren't boring that displeased men.	-135.0	-135.0	-10.375	-10.375	False	False	morphology	determiner_noun_agreement	Write a natural, coherent English sentence.
419	16	That teenager does care for this old alumnus.	That teenager does care for these old alumnus.	-113.5	-113.5	-10.3125	-10.3125	False	False	morphology	determiner_noun_agreement	Write a natural, coherent English sentence.
420	16	A lot of drawings weren't alarming that displeased man.	A lot of drawings weren't alarming those displeased man.	-155.0	-155.0	-10.375	-10.375	False	False	morphology	determiner_noun_agreement	Write a natural, coherent English sentence.
421	16	That face astounded that important woman.	That face astounded those important woman.	-93.0	-93.0	-10.375	-10.375	False	False	morphology	determiner_noun_agreement	Write a natural, coherent English sentence.
422	16	Tiffany had approached these unemployed people.	Tiffany had approached this unemployed people.	-103.5	-103.5	-10.375	-10.375	False	False	morphology	determiner_noun_agreement	Write a natural, coherent English sentence.
423	16	Christina is passing these rough oases.	Christina is passing this rough oases.	-93.5	-93.5	-10.375	-10.375	False	False	morphology	determiner_noun_agreement	Write a natural, coherent English sentence.
424	16	Debra was praising those busy people.	Debra was praising that busy people.	-93.5	-93.5	-10.375	-10.375	False	False	morphology	determiner_noun_agreement	Write a natural, coherent English sentence.
425	16	The doctors didn't care for these scared children.	The doctors didn't care for this scared children.	-114.0	-114.0	-10.3125	-10.3125	False	False	morphology	determiner_noun_agreement	Write a natural, coherent English sentence.
426	16	Those ladders stun these small people.	Those ladders stun this small people.	-104.0	-104.0	-10.375	-10.375	False	False	morphology	determiner_noun_agreement	Write a natural, coherent English sentence.
427	16	Samuel isn't distracting these clever women.	Samuel isn't distracting this clever women.	-103.5	-103.5	-10.375	-10.375	False	False	morphology	determiner_noun_agreement	Write a natural, coherent English sentence.
428	16	Lucille dropped by those new oases.	Lucille dropped by that new oases.	-93.0	-93.0	-10.375	-10.375	False	False	morphology	determiner_noun_agreement	Write a natural, coherent English sentence.
429	16	A legislature should aggravate that busy child.	A legislature should aggravate those busy child.	-114.0	-114.0	-10.375	-10.3125	False	False	morphology	determiner_noun_agreement	Write a natural, coherent English sentence.
430	16	Larry observed that lucky child.	Larry observed those lucky child.	-62.25	-62.25	-10.375	-10.375	False	False	morphology	determiner_noun_agreement	Write a natural, coherent English sentence.
431	16	Lawrence wasn't approaching those troubled children.	Lawrence wasn't approaching that troubled children.	-103.5	-103.5	-10.375	-10.3125	False	False	morphology	determiner_noun_agreement	Write a natural, coherent English sentence.
432	16	Most libraries describe those delighted men.	Most libraries describe that delighted men.	-72.5	-72.5	-10.375	-10.375	False	False	morphology	determiner_noun_agreement	Write a natural, coherent English sentence.
433	16	The Impressionists alarms that sick child.	The Impressionists alarms those sick child.	-104.0	-103.5	-10.375	-10.375	False	False	morphology	determiner_noun_agreement	Write a natural, coherent English sentence.
434	16	A lot of children have this exposed axis.	A lot of children have these exposed axis.	-93.0	-93.0	-10.3125	-10.3125	False	False	morphology	determiner_noun_agreement	Write a natural, coherent English sentence.
435	16	Melissa couldn't reveal that small man.	Melissa couldn't reveal those small man.	-103.5	-103.5	-10.375	-10.375	False	False	morphology	determiner_noun_agreement	Write a natural, coherent English sentence.
436	16	These carriages won't impress those bad men.	These carriages won't impress that bad men.	-114.0	-114.0	-10.375	-10.375	False	False	morphology	determiner_noun_agreement	Write a natural, coherent English sentence.
437	16	Many girls drop by that red oasis.	Many girls drop by those red oasis.	-93.0	-93.0	-10.375	-10.375	False	False	morphology	determiner_noun_agreement	Write a natural, coherent English sentence.
438	16	The Impressionists fled from this small woman.	The Impressionists fled from these small woman.	-103.5	-103.5	-10.375	-10.375	False	False	morphology	determiner_noun_agreement	Write a natural, coherent English sentence.
439	16	Ann arrived at that blue oasis.	Ann arrived at those blue oasis.	-83.0	-83.0	-10.375	-10.375	False	False	morphology	determiner_noun_agreement	Write a natural, coherent English sentence.
440	16	The sock isn't disturbing those lucky children.	The sock isn't disturbing that lucky children.	-114.0	-114.0	-10.375	-10.375	False	False	morphology	determiner_noun_agreement	Write a natural, coherent English sentence.
441	16	Those socks were shocking those unlucky men.	Those socks were shocking that unlucky men.	-114.0	-114.0	-10.375	-10.375	False	False	morphology	determiner_noun_agreement	Write a natural, coherent English sentence.
442	16	Christine wasn't walking through those cheap oases.	Christine wasn't walking through that cheap oases.	-124.0	-124.5	-10.375	-10.375	True	False	morphology	determiner_noun_agreement	Write a natural, coherent English sentence.
443	16	Mary appreciates those content women.	Mary appreciates that content women.	-72.5	-72.5	-10.375	-10.375	False	False	morphology	determiner_noun_agreement	Write a natural, coherent English sentence.
444	16	That lady didn't question this ill person.	That lady didn't question these ill person.	-103.5	-103.5	-10.375	-10.375	False	False	morphology	determiner_noun_agreement	Write a natural, coherent English sentence.
445	16	Most birds annoy this young woman.	Most birds annoy these young woman.	-72.5	-72.5	-10.375	-10.375	False	False	morphology	determiner_noun_agreement	Write a natural, coherent English sentence.
446	16	Amelia is kissing these content men.	Amelia is kissing this content men.	-93.5	-93.5	-10.375	-10.375	False	False	morphology	determiner_noun_agreement	Write a natural, coherent English sentence.
447	16	Judy isn't taking those standing oxen.	Judy isn't taking that standing oxen.	-114.0	-114.0	-10.375	-10.375	False	False	morphology	determiner_noun_agreement	Write a natural, coherent English sentence.
448	16	Irene is discussing those clever alumni.	Irene is discussing that clever alumni.	-104.0	-104.0	-10.375	-10.375	False	False	morphology	determiner_noun_agreement	Write a natural, coherent English sentence.
449	16	Danielle could describe these long analyses.	Danielle could describe this long analyses.	-93.5	-93.0	-10.375	-10.375	False	False	morphology	determiner_noun_agreement	Write a natural, coherent English sentence.
450	16	Eva hasn't praised that lucky woman.	Eva hasn't praised those lucky woman.	-93.0	-93.0	-10.375	-10.375	False	False	morphology	determiner_noun_agreement	Write a natural, coherent English sentence.
451	16	Grace might observe that unlucky woman.	Grace might observe those unlucky woman.	-93.0	-93.0	-10.375	-10.375	False	False	morphology	determiner_noun_agreement	Write a natural, coherent English sentence.
452	16	The Clintons bothered these clever people.	The Clintons bothered this clever people.	-93.5	-93.5	-10.375	-10.375	False	False	morphology	determiner_noun_agreement	Write a natural, coherent English sentence.
453	16	April hadn't embarrassed those employed alumni.	April hadn't embarrassed that employed alumni.	-114.0	-114.0	-10.375	-10.375	False	False	morphology	determiner_noun_agreement	Write a natural, coherent English sentence.
454	16	Marie shouldn't forget that happy man.	Marie shouldn't forget those happy man.	-93.0	-93.0	-10.375	-10.375	False	False	morphology	determiner_noun_agreement	Write a natural, coherent English sentence.
455	16	Renee isn't breaking that cheap foot.	Renee isn't breaking those cheap foot.	-114.0	-114.0	-10.375	-10.375	False	False	morphology	determiner_noun_agreement	Write a natural, coherent English sentence.
456	16	Monica shouldn't sell those new oases.	Monica shouldn't sell that new oases.	-114.0	-114.0	-10.375	-10.375	False	False	morphology	determiner_noun_agreement	Write a natural, coherent English sentence.
457	16	Every dancer has returned to that troubled man.	Every dancer has returned to those troubled man.	-114.0	-114.0	-10.375	-10.375	False	False	morphology	determiner_noun_agreement	Write a natural, coherent English sentence.
458	16	Those dancers break those green teeth.	Those dancers break that green teeth.	-83.0	-83.0	-10.375	-10.375	False	False	morphology	determiner_noun_agreement	Write a natural, coherent English sentence.
459	16	These teachers talk about these fast women.	These teachers talk about this fast women.	-83.0	-83.0	-10.375	-10.375	False	False	morphology	determiner_noun_agreement	Write a natural, coherent English sentence.
460	16	Spain hasn't praised that happy man.	Spain hasn't praised those happy man.	-93.0	-93.0	-10.375	-10.375	False	False	morphology	determiner_noun_agreement	Write a natural, coherent English sentence.
461	16	Monica does kiss those good people.	Monica does kiss that good people.	-83.0	-83.0	-10.375	-10.375	False	False	morphology	determiner_noun_agreement	Write a natural, coherent English sentence.
462	16	Benjamin can boast about those busy men.	Benjamin can boast about that busy men.	-93.5	-93.5	-10.375	-10.375	False	False	morphology	determiner_noun_agreement	Write a natural, coherent English sentence.
463	16	Donald conceals this lost nucleus.	Donald conceals these lost nucleus.	-83.0	-83.0	-10.375	-10.375	False	False	morphology	determiner_noun_agreement	Write a natural, coherent English sentence.
464	16	Gregory was embarrassing this big woman.	Gregory was embarrassing these big woman.	-83.0	-83.0	-10.375	-10.375	False	False	morphology	determiner_noun_agreement	Write a natural, coherent English sentence.
465	16	The waiter wasn't stunning that hidden child.	The waiter wasn't stunning those hidden child.	-114.0	-114.0	-10.375	-10.375	False	False	morphology	determiner_noun_agreement	Write a natural, coherent English sentence.
466	16	A lot of photographs haven't looked like this red stimulus.	A lot of photographs haven't looked like these red stimulus.	-145.0	-145.0	-10.3125	-10.3125	False	False	morphology	determiner_noun_agreement	Write a natural, coherent English sentence.
467	16	A patient fixed those cheap feet.	A patient fixed that cheap feet.	-73.0	-73.0	-10.375	-10.375	False	False	morphology	determiner_noun_agreement	Write a natural, coherent English sentence.
468	16	Many gates shouldn't astound these unsure alumni.	Many gates shouldn't astound this unsure alumni.	-145.0	-145.0	-10.375	-10.375	False	False	morphology	determiner_noun_agreement	Write a natural, coherent English sentence.
469	16	That picture hasn't looked like these big men.	That picture hasn't looked like this big men.	-114.0	-114.0	-10.375	-10.375	False	False	morphology	determiner_noun_agreement	Write a natural, coherent English sentence.
470	16	These waitresses talk about this hidden thesis.	These waitresses talk about these hidden thesis.	-103.5	-103.5	-10.3125	-10.3125	False	False	morphology	determiner_noun_agreement	Write a natural, coherent English sentence.
471	16	Stacy concealed those gray axes.	Stacy concealed that gray axes.	-93.5	-93.5	-10.375	-10.375	False	False	morphology	determiner_noun_agreement	Write a natural, coherent English sentence.
472	16	Nicole remembers those serious alumni.	Nicole remembers that serious alumni.	-93.5	-93.5	-10.375	-10.375	False	False	morphology	determiner_noun_agreement	Write a natural, coherent English sentence.
473	16	Leslie hadn't gone to that small oasis.	Leslie hadn't gone to those small oasis.	-124.0	-124.0	-10.3125	-10.3125	False	False	morphology	determiner_noun_agreement	Write a natural, coherent English sentence.
474	16	Joel wasn't praising this ill person.	Joel wasn't praising these ill person.	-103.5	-103.5	-10.375	-10.375	False	False	morphology	determiner_noun_agreement	Write a natural, coherent English sentence.
475	16	These drivers embarrasses this young alumnus.	These drivers embarrasses these young alumnus.	-103.5	-103.5	-10.375	-10.375	False	False	morphology	determiner_noun_agreement	Write a natural, coherent English sentence.
476	16	Beef bores that delighted woman.	Beef bores those delighted woman.	-83.0	-83.0	-10.375	-10.375	False	False	morphology	determiner_noun_agreement	Write a natural, coherent English sentence.
477	16	Mitchell goes to this gray oasis.	Mitchell goes to these gray oasis.	-83.0	-83.0	-10.375	-10.375	False	False	morphology	determiner_noun_agreement	Write a natural, coherent English sentence.
478	16	The mouth bores these upset men.	The mouth bores this upset men.	-83.0	-83.0	-10.375	-10.375	False	False	morphology	determiner_noun_agreement	Write a natural, coherent English sentence.
479	16	Most legislatures discuss those good people.	Most legislatures discuss that good people.	-83.0	-83.0	-10.375	-10.375	False	False	morphology	determiner_noun_agreement	Write a natural, coherent English sentence.
480	16	The boys mess up those purple feet.	The boys mess up that purple feet.	-83.0	-83.0	-10.375	-10.375	False	False	morphology	determiner_noun_agreement	Write a natural, coherent English sentence.
481	16	Cashiers describe these fast children.	Cashiers describe this fast children.	-72.5	-72.5	-10.375	-10.375	False	False	morphology	determiner_noun_agreement	Write a natural, coherent English sentence.
482	16	Roger has fired those unconvinced men.	Roger has fired that unconvinced men.	-104.0	-104.0	-10.375	-10.375	False	False	morphology	determiner_noun_agreement	Write a natural, coherent English sentence.
483	16	Amy wasn't kissing this content man.	Amy wasn't kissing these content man.	-103.5	-103.5	-10.375	-10.375	False	False	morphology	determiner_noun_agreement	Write a natural, coherent English sentence.
484	16	Every dancer hadn't praised those good analyses.	Every dancer hadn't praised that good analyses.	-124.5	-124.5	-10.375	-10.375	False	False	morphology	determiner_noun_agreement	Write a natural, coherent English sentence.
485	16	Rhonda wasn't hiding those red mice.	Rhonda wasn't hiding that red mice.	-114.0	-114.0	-10.375	-10.375	False	False	morphology	determiner_noun_agreement	Write a natural, coherent English sentence.
486	16	Every pedestrian talks about that bad synopsis.	Every pedestrian talks about those bad synopsis.	-103.5	-103.5	-10.3125	-10.375	False	True	morphology	determiner_noun_agreement	Write a natural, coherent English sentence.
487	16	The fish shocks these old alumni.	The fish shocks this old alumni.	-103.5	-104.0	-10.375	-10.375	True	False	morphology	determiner_noun_agreement	Write a natural, coherent English sentence.
488	16	Those waitresses visited those scared alumni.	Those waitresses visited that scared alumni.	-114.0	-114.0	-10.375	-10.375	False	False	morphology	determiner_noun_agreement	Write a natural, coherent English sentence.
489	16	That library was listening to this nice man.	That library was listening to these nice man.	-93.5	-93.5	-10.375	-10.375	False	False	morphology	determiner_noun_agreement	Write a natural, coherent English sentence.
490	16	Steve wasn't bringing that blue stimulus.	Steve wasn't bringing those blue stimulus.	-103.5	-103.5	-10.375	-10.375	False	False	morphology	determiner_noun_agreement	Write a natural, coherent English sentence.
491	16	Some guest was hiring that scared woman.	Some guest was hiring those scared woman.	-83.0	-83.0	-10.375	-10.375	False	False	morphology	determiner_noun_agreement	Write a natural, coherent English sentence.
492	16	The spotlights upset this unconvinced alumnus.	The spotlights upset these unconvinced alumnus.	-135.0	-135.0	-10.375	-10.375	False	False	morphology	determiner_noun_agreement	Write a natural, coherent English sentence.
493	16	Todd might observe this lost man.	Todd might observe these lost man.	-72.5	-72.5	-10.375	-10.375	False	False	morphology	determiner_noun_agreement	Write a natural, coherent English sentence.
494	16	People could describe that unconvinced person.	People could describe those unconvinced person.	-103.5	-103.5	-10.375	-10.375	False	False	morphology	determiner_noun_agreement	Write a natural, coherent English sentence.
495	16	That waiter had astounded these lucky people.	That waiter had astounded this lucky people.	-114.0	-114.0	-10.375	-10.375	False	False	morphology	determiner_noun_agreement	Write a natural, coherent English sentence.
496	16	Kendra disgusted these confident women.	Kendra disgusted this confident women.	-93.5	-93.5	-10.375	-10.375	False	False	morphology	determiner_noun_agreement	Write a natural, coherent English sentence.
497	16	Spain hasn't annoyed those old people.	Spain hasn't annoyed that old people.	-103.5	-103.5	-10.375	-10.375	False	False	morphology	determiner_noun_agreement	Write a natural, coherent English sentence.
498	16	Steve kisses these out in the open people.	Steve kisses this out in the open people.	-103.5	-103.5	-10.375	-10.375	False	False	morphology	determiner_noun_agreement	Write a natural, coherent English sentence.
499	16	Wayne kissed those unconvinced men.	Wayne kissed that unconvinced men.	-93.5	-93.5	-10.375	-10.375	False	False	morphology	determiner_noun_agreement	Write a natural, coherent English sentence.
500	16	Douglas has brought those lost cacti.	Douglas has brought that lost cacti.	-93.0	-93.0	-10.375	-10.375	False	False	morphology	determiner_noun_agreement	Write a natural, coherent English sentence.
501	16	Tammy can't reveal that big alumnus.	Tammy can't reveal those big alumnus.	-124.0	-124.5	-10.375	-10.375	True	False	morphology	determiner_noun_agreement	Write a natural, coherent English sentence.
502	16	Deborah fled from those standing children.	Deborah fled from that standing children.	-93.5	-93.5	-10.375	-10.375	False	False	morphology	determiner_noun_agreement	Write a natural, coherent English sentence.
503	16	A man wasn't cleaning that hard fungus.	A man wasn't cleaning those hard fungus.	-124.0	-124.0	-10.3125	-10.375	False	True	morphology	determiner_noun_agreement	Write a natural, coherent English sentence.
504	16	Danielle has broken those gray teeth.	Danielle has broken that gray teeth.	-83.0	-83.0	-10.375	-10.375	False	False	morphology	determiner_noun_agreement	Write a natural, coherent English sentence.
505	16	Derek praised this big thesis.	Derek praised these big thesis.	-72.5	-72.5	-10.375	-10.375	False	False	morphology	determiner_noun_agreement	Write a natural, coherent English sentence.
506	16	Gary has disgusted those unsure people.	Gary has disgusted that unsure people.	-93.5	-93.5	-10.375	-10.375	False	False	morphology	determiner_noun_agreement	Write a natural, coherent English sentence.
507	16	A senator insulted this bad synopsis.	A senator insulted these bad synopsis.	-103.5	-103.5	-10.375	-10.3125	False	False	morphology	determiner_noun_agreement	Write a natural, coherent English sentence.
508	16	A lot of drivers visit these purple oases.	A lot of drivers visit this purple oases.	-103.5	-103.5	-10.375	-10.3125	False	False	morphology	determiner_noun_agreement	Write a natural, coherent English sentence.
509	16	Richard isn't attacking this fast child.	Richard isn't attacking these fast child.	-93.5	-93.5	-10.375	-10.375	False	False	morphology	determiner_noun_agreement	Write a natural, coherent English sentence.
510	16	Frank shocked that unsure man.	Frank shocked those unsure man.	-73.0	-73.0	-10.375	-10.375	False	False	morphology	determiner_noun_agreement	Write a natural, coherent English sentence.
511	16	Brett returned to that confident man.	Brett returned to those confident man.	-83.0	-83.0	-10.375	-10.375	False	False	morphology	determiner_noun_agreement	Write a natural, coherent English sentence.
512	16	Many ladies weren't passing these old oases.	Many ladies weren't passing this old oases.	-114.0	-114.0	-10.375	-10.375	False	False	morphology	determiner_noun_agreement	Write a natural, coherent English sentence.
513	16	A waiter brought those purple teeth.	A waiter brought that purple teeth.	-83.0	-83.0	-10.375	-10.375	False	False	morphology	determiner_noun_agreement	Write a natural, coherent English sentence.
514	16	Beverly has fired this fast alumnus.	Beverly has fired these fast alumnus.	-103.5	-103.5	-10.375	-10.375	False	False	morphology	determiner_noun_agreement	Write a natural, coherent English sentence.
515	16	Men haven't observed that standing man.	Men haven't observed those standing man.	-93.0	-93.5	-10.375	-10.375	True	False	morphology	determiner_noun_agreement	Write a natural, coherent English sentence.
516	16	Tiffany admired this ill child.	Tiffany admired these ill child.	-93.5	-93.5	-10.375	-10.375	False	False	morphology	determiner_noun_agreement	Write a natural, coherent English sentence.
517	16	That patient didn't love that unemployed alumnus.	That patient didn't love those unemployed alumnus.	-134.0	-134.0	-10.375	-10.375	False	False	morphology	determiner_noun_agreement	Write a natural, coherent English sentence.
518	16	Aaron reveals that red tooth.	Aaron reveals those red tooth.	-62.25	-62.5	-10.375	-10.375	True	False	morphology	determiner_noun_agreement	Write a natural, coherent English sentence.
519	16	Monica was insulting those bad people.	Monica was insulting that bad people.	-93.0	-93.5	-10.375	-10.375	True	False	morphology	determiner_noun_agreement	Write a natural, coherent English sentence.
520	16	These teenagers watch that old alumnus.	These teenagers watch those old alumnus.	-103.0	-103.5	-10.3125	-10.3125	True	False	morphology	determiner_noun_agreement	Write a natural, coherent English sentence.
521	16	Tina might confuse this exposed child.	Tina might confuse these exposed child.	-93.5	-93.5	-10.375	-10.375	False	False	morphology	determiner_noun_agreement	Write a natural, coherent English sentence.
522	16	A face was confusing that nice woman.	A face was confusing those nice woman.	-83.0	-83.0	-10.375	-10.375	False	False	morphology	determiner_noun_agreement	Write a natural, coherent English sentence.
523	16	An adult researches that good analysis.	An adult researches those good analysis.	-103.5	-104.0	-10.375	-10.375	True	False	morphology	determiner_noun_agreement	Write a natural, coherent English sentence.
524	16	Some broccoli isn't annoying these unconvinced women.	Some broccoli isn't annoying this unconvinced women.	-156.0	-156.0	-10.375	-10.375	False	False	morphology	determiner_noun_agreement	Write a natural, coherent English sentence.
525	16	Nancy talks about these content children.	Nancy talks about this content children.	-72.5	-72.5	-10.375	-10.375	False	False	morphology	determiner_noun_agreement	Write a natural, coherent English sentence.
526	16	Regina found this lost ox.	Regina found these lost ox.	-83.0	-83.0	-10.375	-10.375	False	False	morphology	determiner_noun_agreement	Write a natural, coherent English sentence.
527	16	Emily had respected that clever man.	Emily had respected those clever man.	-72.5	-72.5	-10.375	-10.375	False	False	morphology	determiner_noun_agreement	Write a natural, coherent English sentence.
528	16	Kathleen has worked with this confident man.	Kathleen has worked with these confident man.	-93.0	-93.0	-10.375	-10.375	False	False	morphology	determiner_noun_agreement	Write a natural, coherent English sentence.
529	16	Most customers are distracting these determined children.	Most customers are distracting this determined children.	-93.0	-93.0	-10.375	-10.375	False	False	morphology	determiner_noun_agreement	Write a natural, coherent English sentence.
530	16	Rachelle didn't cure this black octopus.	Rachelle didn't cure these black octopus.	-124.0	-124.0	-10.3125	-10.375	False	True	morphology	determiner_noun_agreement	Write a natural, coherent English sentence.
531	16	Steven hugs these standing men.	Steven hugs this standing men.	-72.5	-72.5	-10.375	-10.375	False	False	morphology	determiner_noun_agreement	Write a natural, coherent English sentence.
532	16	Every popsicle shocked those excited men.	Every popsicle shocked that excited men.	-93.5	-93.5	-10.375	-10.375	False	False	morphology	determiner_noun_agreement	Write a natural, coherent English sentence.
533	16	Sonia lifts that new oasis.	Sonia lifts those new oasis.	-93.0	-93.0	-10.375	-10.375	False	False	morphology	determiner_noun_agreement	Write a natural, coherent English sentence.
534	16	Cheryl might tour that purple oasis.	Cheryl might tour those purple oasis.	-93.0	-93.0	-10.375	-10.375	False	False	morphology	determiner_noun_agreement	Write a natural, coherent English sentence.
535	16	This doctor appreciates this bad child.	This doctor appreciates these bad child.	-83.0	-83.0	-10.375	-10.375	False	False	morphology	determiner_noun_agreement	Write a natural, coherent English sentence.
536	16	Leslie breaks those red feet.	Leslie breaks that red feet.	-72.5	-72.5	-10.375	-10.375	False	False	morphology	determiner_noun_agreement	Write a natural, coherent English sentence.
537	16	Bethany hasn't hidden that yellow louse.	Bethany hasn't hidden those yellow louse.	-114.0	-114.0	-10.375	-10.375	False	False	morphology	determiner_noun_agreement	Write a natural, coherent English sentence.
538	16	Some people have criticized this brown thesis.	Some people have criticized these brown thesis.	-93.0	-93.0	-10.3125	-10.3125	False	False	morphology	determiner_noun_agreement	Write a natural, coherent English sentence.
539	16	Noah heals this determined child.	Noah heals these determined child.	-72.5	-72.5	-10.375	-10.375	False	False	morphology	determiner_noun_agreement	Write a natural, coherent English sentence.
540	16	Kevin biked to those big oases.	Kevin biked to that big oases.	-104.0	-103.5	-10.375	-10.375	False	False	morphology	determiner_noun_agreement	Write a natural, coherent English sentence.
541	16	Wayne hadn't bored these sick men.	Wayne hadn't bored this sick men.	-93.5	-93.5	-10.375	-10.375	False	False	morphology	determiner_noun_agreement	Write a natural, coherent English sentence.
542	16	Amy returns to those young alumni.	Amy returns to that young alumni.	-93.0	-93.0	-10.375	-10.375	False	False	morphology	determiner_noun_agreement	Write a natural, coherent English sentence.
543	16	That gate did aggravate this excited woman.	That gate did aggravate these excited woman.	-103.5	-103.5	-10.375	-10.375	False	False	morphology	determiner_noun_agreement	Write a natural, coherent English sentence.
544	16	Melissa observes that bad child.	Melissa observes those bad child.	-83.0	-83.0	-10.375	-10.375	False	False	morphology	determiner_noun_agreement	Write a natural, coherent English sentence.
545	16	Kathleen wasn't scanning those long synopses.	Kathleen wasn't scanning that long synopses.	-135.0	-135.0	-10.375	-10.375	False	False	morphology	determiner_noun_agreement	Write a natural, coherent English sentence.
546	16	That guy dropped by these white oases.	That guy dropped by this white oases.	-93.0	-93.0	-10.375	-10.375	False	False	morphology	determiner_noun_agreement	Write a natural, coherent English sentence.
547	16	Every child might fire this serious child.	Every child might fire these serious child.	-83.0	-83.0	-10.375	-10.375	False	False	morphology	determiner_noun_agreement	Write a natural, coherent English sentence.
548	16	Meredith had concealed that black thesis.	Meredith had concealed those black thesis.	-103.5	-103.5	-10.375	-10.375	False	False	morphology	determiner_noun_agreement	Write a natural, coherent English sentence.
549	16	Randolf didn't see these blue teeth.	Randolf didn't see this blue teeth.	-103.5	-103.5	-10.375	-10.375	False	False	morphology	determiner_noun_agreement	Write a natural, coherent English sentence.
550	16	Some guy passes that rough oasis.	Some guy passes those rough oasis.	-83.0	-83.0	-10.375	-10.375	False	False	morphology	determiner_noun_agreement	Write a natural, coherent English sentence.
551	16	Guys hurts that smart man.	Guys hurts those smart man.	-83.0	-83.0	-10.375	-10.375	False	False	morphology	determiner_noun_agreement	Write a natural, coherent English sentence.
552	16	Many museums should describe this fast man.	Many museums should describe these fast man.	-93.0	-93.0	-10.3125	-10.375	False	True	morphology	determiner_noun_agreement	Write a natural, coherent English sentence.
553	16	A lot of chairs haven't embarrassed this serious man.	A lot of chairs haven't embarrassed these serious man.	-124.0	-124.0	-10.375	-10.375	False	False	morphology	determiner_noun_agreement	Write a natural, coherent English sentence.
554	16	Emily talked about that ill alumnus.	Emily talked about those ill alumnus.	-93.0	-93.0	-10.375	-10.375	False	False	morphology	determiner_noun_agreement	Write a natural, coherent English sentence.
555	16	A lot of girls notice these black lice.	A lot of girls notice this black lice.	-103.5	-103.5	-10.3125	-10.3125	False	False	morphology	determiner_noun_agreement	Write a natural, coherent English sentence.
556	16	Those schools reference that green thesis.	Those schools reference those green thesis.	-72.5	-72.5	-10.375	-10.375	False	False	morphology	determiner_noun_agreement	Write a natural, coherent English sentence.
557	16	Bradley had bored this delighted alumnus.	Bradley had bored these delighted alumnus.	-103.5	-103.5	-10.375	-10.375	False	False	morphology	determiner_noun_agreement	Write a natural, coherent English sentence.
558	16	Melinda scares this good woman.	Melinda scares these good woman.	-83.0	-83.0	-10.375	-10.375	False	False	morphology	determiner_noun_agreement	Write a natural, coherent English sentence.
559	16	Those pedestrians go to those big oases.	Those pedestrians go to that big oases.	-114.0	-114.0	-10.375	-10.375	False	False	morphology	determiner_noun_agreement	Write a natural, coherent English sentence.
560	16	Many doctors escaped from that lost child.	Many doctors escaped from those lost child.	-83.0	-83.0	-10.375	-10.375	False	False	morphology	determiner_noun_agreement	Write a natural, coherent English sentence.
561	16	Tamara isn't revealing that orange ox.	Tamara isn't revealing those orange ox.	-103.5	-103.5	-10.375	-10.375	False	False	morphology	determiner_noun_agreement	Write a natural, coherent English sentence.
562	16	Many patients arrive at that hidden oasis.	Many patients arrive at those hidden oasis.	-93.0	-93.0	-10.375	-10.375	False	False	morphology	determiner_noun_agreement	Write a natural, coherent English sentence.
563	16	Beth leaves these happy children.	Beth leaves this happy children.	-62.25	-62.0	-10.375	-10.375	False	False	morphology	determiner_noun_agreement	Write a natural, coherent English sentence.
564	16	Deanna broke that yellow foot.	Deanna broke those yellow foot.	-72.5	-72.5	-10.375	-10.375	False	False	morphology	determiner_noun_agreement	Write a natural, coherent English sentence.
565	16	Jessica had talked to that concealed man.	Jessica had talked to those concealed man.	-93.5	-93.5	-10.375	-10.375	False	False	morphology	determiner_noun_agreement	Write a natural, coherent English sentence.
566	16	Those actors praise those long synopses.	Those actors praise that long synopses.	-93.5	-93.5	-10.375	-10.375	False	False	morphology	determiner_noun_agreement	Write a natural, coherent English sentence.
567	16	This coat hasn't astounded these popular men.	This coat hasn't astounded this popular men.	-124.0	-124.0	-10.3125	-10.3125	False	False	morphology	determiner_noun_agreement	Write a natural, coherent English sentence.
568	16	Wendy does talk to this scared alumnus.	Wendy does talk to these scared alumnus.	-114.0	-114.0	-10.375	-10.375	False	False	morphology	determiner_noun_agreement	Write a natural, coherent English sentence.
569	16	Christine is questioning these happy men.	Christine is questioning this happy men.	-83.0	-83.0	-10.375	-10.375	False	False	morphology	determiner_noun_agreement	Write a natural, coherent English sentence.
570	16	All doctors loved that displeased man.	All doctors loved those displeased man.	-93.5	-93.5	-10.375	-10.375	False	False	morphology	determiner_noun_agreement	Write a natural, coherent English sentence.
571	16	Waitresses researched these long synopses.	Waitresses researched this long synopses.	-134.0	-134.0	-10.375	-10.3125	False	False	morphology	determiner_noun_agreement	Write a natural, coherent English sentence.
572	16	Alexander can flee from this nice woman.	Alexander can flee from these nice woman.	-93.5	-93.5	-10.375	-10.375	False	False	morphology	determiner_noun_agreement	Write a natural, coherent English sentence.
573	16	Walter hadn't hated this fast man.	Walter hadn't hated these fast man.	-93.5	-93.5	-10.375	-10.375	False	False	morphology	determiner_noun_agreement	Write a natural, coherent English sentence.
574	16	Those cashiers buy those smooth lice.	Those cashiers buy that smooth lice.	-93.5	-93.5	-10.375	-10.375	False	False	morphology	determiner_noun_agreement	Write a natural, coherent English sentence.
575	16	Sonia hid that determined child.	Sonia hid those determined child.	-72.5	-72.5	-10.375	-10.375	False	False	morphology	determiner_noun_agreement	Write a natural, coherent English sentence.
576	16	Barbara is observing that excited person.	Barbara is observing those excited person.	-83.0	-83.0	-10.375	-10.375	False	False	morphology	determiner_noun_agreement	Write a natural, coherent English sentence.
577	16	That company stuns these unconvinced women.	That company stuns this unconvinced women.	-114.0	-114.0	-10.375	-10.375	False	False	morphology	determiner_noun_agreement	Write a natural, coherent English sentence.
578	16	Paul thought about those bad theses.	Paul thought about that bad theses.	-83.0	-83.0	-10.375	-10.375	False	False	morphology	determiner_noun_agreement	Write a natural, coherent English sentence.
579	16	Victoria escaped from these displeased children.	Victoria escaped from this displeased children.	-93.0	-93.0	-10.375	-10.375	False	False	morphology	determiner_noun_agreement	Write a natural, coherent English sentence.
580	16	Brad notices this big octopus.	Brad notices these big octopus.	-93.0	-93.0	-10.3125	-10.3125	False	False	morphology	determiner_noun_agreement	Write a natural, coherent English sentence.
581	16	Adam is praising those yellow theses.	Adam is praising that yellow theses.	-93.5	-93.5	-10.375	-10.375	False	False	morphology	determiner_noun_agreement	Write a natural, coherent English sentence.
582	16	Douglas did tour those hidden oases.	Douglas did tour that hidden oases.	-83.0	-83.0	-10.375	-10.375	False	False	morphology	determiner_noun_agreement	Write a natural, coherent English sentence.
583	16	Gerald couldn't know these happy men.	Gerald couldn't know this happy men.	-104.0	-103.5	-10.375	-10.375	False	False	morphology	determiner_noun_agreement	Write a natural, coherent English sentence.
584	16	Those women hug that smart man.	Those women hug those smart man.	-72.5	-72.5	-10.375	-10.375	False	False	morphology	determiner_noun_agreement	Write a natural, coherent English sentence.
585	16	These senators wouldn't forget that long synopsis.	These senators wouldn't forget those long synopsis.	-124.5	-124.5	-10.375	-10.375	False	False	morphology	determiner_noun_agreement	Write a natural, coherent English sentence.
586	16	Edward took those lost stimuli.	Edward took that lost stimuli.	-72.5	-72.5	-10.375	-10.375	False	False	morphology	determiner_noun_agreement	Write a natural, coherent English sentence.
587	16	The waitresses did know this lucky person.	The waitresses did know these lucky person.	-103.5	-103.5	-10.375	-10.375	False	False	morphology	determiner_noun_agreement	Write a natural, coherent English sentence.
588	16	That library might love this important person.	That library might love these important person.	-83.0	-83.0	-10.375	-10.375	False	False	morphology	determiner_noun_agreement	Write a natural, coherent English sentence.
589	16	Carrie was healing this gray octopus.	Carrie was healing these gray octopus.	-103.5	-103.5	-10.375	-10.375	False	False	morphology	determiner_noun_agreement	Write a natural, coherent English sentence.
590	16	Sonia hadn't cleaned those gray teeth.	Sonia hadn't cleaned that gray teeth.	-103.5	-103.5	-10.375	-10.375	False	False	morphology	determiner_noun_agreement	Write a natural, coherent English sentence.
591	16	The Lutherans alarmed this confident woman.	The Lutherans alarmed these confident woman.	-93.0	-93.5	-10.375	-10.375	True	False	morphology	determiner_noun_agreement	Write a natural, coherent English sentence.
592	16	This shirt impressed those popular people.	This shirt impressed that popular people.	-72.5	-72.5	-10.375	-10.375	False	False	morphology	determiner_noun_agreement	Write a natural, coherent English sentence.
593	16	Some schools love that employed person.	Some schools love those employed person.	-72.5	-72.5	-10.375	-10.375	False	False	morphology	determiner_noun_agreement	Write a natural, coherent English sentence.
594	16	Valerie hasn't known this young child.	Valerie hasn't known these young child.	-103.5	-103.5	-10.375	-10.375	False	False	morphology	determiner_noun_agreement	Write a natural, coherent English sentence.
595	16	Scott respected those displeased men.	Scott respected that displeased men.	-83.0	-83.0	-10.375	-10.375	False	False	morphology	determiner_noun_agreement	Write a natural, coherent English sentence.
596	16	The ladies work with those lost children.	The ladies work with that lost children.	-83.0	-83.0	-10.375	-10.375	False	False	morphology	determiner_noun_agreement	Write a natural, coherent English sentence.
597	16	Dawn had biked to this small oasis.	Dawn had biked to these small oasis.	-124.0	-124.0	-10.375	-10.375	False	False	morphology	determiner_noun_agreement	Write a natural, coherent English sentence.
598	16	Samantha would explore that gray oasis.	Samantha would explore those gray oasis.	-103.5	-103.5	-10.375	-10.375	False	False	morphology	determiner_noun_agreement	Write a natural, coherent English sentence.
599	16	All steps upset those unemployed men.	All steps upset that unemployed men.	-83.0	-83.0	-10.375	-10.375	False	False	morphology	determiner_noun_agreement	Write a natural, coherent English sentence.
600	16	Marla has described that unemployed woman.	Marla has described those unemployed woman.	-93.0	-93.5	-10.375	-10.375	True	False	morphology	determiner_noun_agreement	Write a natural, coherent English sentence.
601	16	Most universities bore those excited children.	Most universities bore that excited children.	-72.5	-72.5	-10.375	-10.375	False	False	morphology	determiner_noun_agreement	Write a natural, coherent English sentence.
602	16	These banks should reference that purple thesis.	These banks should reference those purple thesis.	-83.0	-83.0	-10.375	-10.375	False	False	morphology	determiner_noun_agreement	Write a natural, coherent English sentence.
603	16	Sherry brought those concealed geese.	Sherry brought that concealed geese.	-93.5	-93.0	-10.375	-10.375	False	False	morphology	determiner_noun_agreement	Write a natural, coherent English sentence.
604	16	Many pedestrians complain about these long analyses.	Many pedestrians complain about this long analyses.	-114.0	-114.0	-10.375	-10.375	False	False	morphology	determiner_noun_agreement	Write a natural, coherent English sentence.
605	16	Theresa fixed these small teeth.	Theresa fixed this small teeth.	-72.5	-72.5	-10.375	-10.375	False	False	morphology	determiner_noun_agreement	Write a natural, coherent English sentence.
606	16	This lake disturbed those unconvinced men.	This lake disturbed that unconvinced men.	-114.0	-114.0	-10.375	-10.375	False	False	morphology	determiner_noun_agreement	Write a natural, coherent English sentence.
607	16	Catherine was talking about those bad synopses.	Catherine was talking about that bad synopses.	-103.5	-103.5	-10.375	-10.375	False	False	morphology	determiner_noun_agreement	Write a natural, coherent English sentence.
608	16	Alicia had escaped from these hidden men.	Alicia had escaped from this hidden men.	-103.5	-103.5	-10.375	-10.375	False	False	morphology	determiner_noun_agreement	Write a natural, coherent English sentence.
609	16	Natalie hasn't worked with this confident woman.	Natalie hasn't worked with these confident woman.	-114.0	-114.0	-10.3125	-10.375	False	True	morphology	determiner_noun_agreement	Write a natural, coherent English sentence.
610	16	Amelia annoyed this smart man.	Amelia annoyed these smart man.	-83.0	-83.0	-10.375	-10.375	False	False	morphology	determiner_noun_agreement	Write a natural, coherent English sentence.
611	16	Every guest is irritating this serious child.	Every guest is irritating these serious child.	-93.5	-93.5	-10.375	-10.375	False	False	morphology	determiner_noun_agreement	Write a natural, coherent English sentence.
612	16	All reports annoyed this hopeful person.	All reports annoyed these hopeful person.	-93.0	-93.0	-10.3125	-10.375	False	True	morphology	determiner_noun_agreement	Write a natural, coherent English sentence.
613	16	These women break those orange teeth.	These women break that orange teeth.	-72.5	-72.5	-10.375	-10.375	False	False	morphology	determiner_noun_agreement	Write a natural, coherent English sentence.
614	16	Christopher could shock this excited child.	Christopher could shock these excited child.	-72.5	-72.5	-10.375	-10.375	False	False	morphology	determiner_noun_agreement	Write a natural, coherent English sentence.
615	16	This spotlight hasn't disgusted that employed child.	This spotlight hasn't disgusted those employed child.	-124.0	-124.0	-10.375	-10.375	False	False	morphology	determiner_noun_agreement	Write a natural, coherent English sentence.
616	16	Samantha fled from that busy child.	Samantha fled from those busy child.	-93.0	-93.0	-10.375	-10.3125	False	False	morphology	determiner_noun_agreement	Write a natural, coherent English sentence.
617	16	Lucille arrived at that hard oasis.	Lucille arrived at those hard oasis.	-93.0	-93.0	-10.375	-10.375	False	False	morphology	determiner_noun_agreement	Write a natural, coherent English sentence.
618	16	All teachers see those yellow lice.	All teachers see that yellow lice.	-83.0	-83.0	-10.375	-10.375	False	False	morphology	determiner_noun_agreement	Write a natural, coherent English sentence.
619	16	Some photographs haven't looked like these small octopi.	Some photographs haven't looked like this small octopi.	-135.0	-135.0	-10.375	-10.375	False	False	morphology	determiner_noun_agreement	Write a natural, coherent English sentence.
620	16	Danielle brought those blue feet.	Danielle brought that blue feet.	-72.5	-72.5	-10.375	-10.375	False	False	morphology	determiner_noun_agreement	Write a natural, coherent English sentence.
621	16	Todd hadn't left those exposed men.	Todd hadn't left that exposed men.	-93.0	-93.0	-10.375	-10.375	False	False	morphology	determiner_noun_agreement	Write a natural, coherent English sentence.
622	16	Some doctors embarrasses those delighted alumni.	Some doctors embarrasses that delighted alumni.	-103.5	-103.5	-10.375	-10.375	False	False	morphology	determiner_noun_agreement	Write a natural, coherent English sentence.
623	16	The actresses forget that unemployed alumnus.	The actresses forget those unemployed alumnus.	-114.0	-114.0	-10.3125	-10.3125	False	False	morphology	determiner_noun_agreement	Write a natural, coherent English sentence.
624	16	A lot of socks alarm this unsure alumnus.	A lot of socks alarm these unsure alumnus.	-124.0	-124.0	-10.3125	-10.375	False	True	morphology	determiner_noun_agreement	Write a natural, coherent English sentence.
625	16	The customers are thinking about that busy child.	The customers are thinking about those busy child.	-93.0	-93.0	-10.375	-10.375	False	False	morphology	determiner_noun_agreement	Write a natural, coherent English sentence.
626	16	Kristin wasn't kissing those small men.	Kristin wasn't kissing that small men.	-114.0	-114.0	-10.375	-10.375	False	False	morphology	determiner_noun_agreement	Write a natural, coherent English sentence.
627	16	Omar hasn't broken this broken foot.	Omar hasn't broken these broken foot.	-103.5	-103.5	-10.375	-10.375	False	False	morphology	determiner_noun_agreement	Write a natural, coherent English sentence.
628	16	The actress worked with this nice woman.	The actress worked with these nice woman.	-83.0	-83.0	-10.375	-10.375	False	False	morphology	determiner_noun_agreement	Write a natural, coherent English sentence.
629	16	Patients insult these happy people.	Patients insult this happy people.	-72.5	-72.5	-10.375	-10.375	False	False	morphology	determiner_noun_agreement	Write a natural, coherent English sentence.
630	16	Spain bought those orange lice.	Spain bought that orange lice.	-72.5	-72.5	-10.375	-10.375	False	False	morphology	determiner_noun_agreement	Write a natural, coherent English sentence.
631	16	Those waiters didn't kiss this unlucky child.	Those waiters didn't kiss these unlucky child.	-134.0	-135.0	-10.375	-10.375	True	False	morphology	determiner_noun_agreement	Write a natural, coherent English sentence.
632	16	Jennifer isn't touring these old oases.	Jennifer isn't touring this old oases.	-114.0	-113.5	-10.375	-10.3125	False	False	morphology	determiner_noun_agreement	Write a natural, coherent English sentence.
633	16	Glaciers upset this small child.	Glaciers upset these small child.	-83.0	-83.0	-10.375	-10.375	False	False	morphology	determiner_noun_agreement	Write a natural, coherent English sentence.
634	16	John investigated these old men.	John investigated this old men.	-62.25	-62.25	-10.375	-10.375	False	False	morphology	determiner_noun_agreement	Write a natural, coherent English sentence.
635	16	Some doctors hated these yellow theses.	Some doctors hated this yellow theses.	-83.0	-83.0	-10.375	-10.375	False	False	morphology	determiner_noun_agreement	Write a natural, coherent English sentence.
636	16	Linda described that clever man.	Linda described those clever man.	-62.25	-62.5	-10.375	-10.375	True	False	morphology	determiner_noun_agreement	Write a natural, coherent English sentence.
637	16	Many drawings are looking like these excited women.	Many drawings are looking like this excited women.	-93.5	-93.0	-10.375	-10.375	False	False	morphology	determiner_noun_agreement	Write a natural, coherent English sentence.
638	16	Mitchell had concealed that small tooth.	Mitchell had concealed those small tooth.	-83.0	-83.0	-10.375	-10.375	False	False	morphology	determiner_noun_agreement	Write a natural, coherent English sentence.
639	16	Every dog had irritated this young child.	Every dog had irritated these young child.	-93.0	-93.0	-10.375	-10.375	False	False	morphology	determiner_noun_agreement	Write a natural, coherent English sentence.
640	16	Some doctors lift this exposed ox.	Some doctors lift these exposed ox.	-72.5	-72.5	-10.375	-10.375	False	False	morphology	determiner_noun_agreement	Write a natural, coherent English sentence.
641	16	Valerie was disgusting that happy woman.	Valerie was disgusting those happy woman.	-93.0	-93.0	-10.375	-10.375	False	False	morphology	determiner_noun_agreement	Write a natural, coherent English sentence.
642	16	Claire hugs those clever men.	Claire hugs that clever men.	-73.0	-72.5	-10.375	-10.375	False	False	morphology	determiner_noun_agreement	Write a natural, coherent English sentence.
643	16	All adults go to these white oases.	All adults go to this white oases.	-93.0	-93.0	-10.375	-10.375	False	False	morphology	determiner_noun_agreement	Write a natural, coherent English sentence.
644	16	Bill observed this nice child.	Bill observed these nice child.	-62.25	-62.25	-10.375	-10.375	False	False	morphology	determiner_noun_agreement	Write a natural, coherent English sentence.
645	16	Diana kissed these delighted alumni.	Diana kissed this delighted alumni.	-83.0	-83.0	-10.375	-10.375	False	False	morphology	determiner_noun_agreement	Write a natural, coherent English sentence.
646	16	Governments are describing those sick people.	Governments are describing that sick people.	-83.0	-83.0	-10.375	-10.375	False	False	morphology	determiner_noun_agreement	Write a natural, coherent English sentence.
647	16	The doctors cure that young woman.	The doctors cure those young woman.	-72.5	-72.5	-10.375	-10.375	False	False	morphology	determiner_noun_agreement	Write a natural, coherent English sentence.
648	16	Dancers did disagree with this ill child.	Dancers did disagree with these ill child.	-93.5	-93.5	-10.375	-10.375	False	False	morphology	determiner_noun_agreement	Write a natural, coherent English sentence.
649	16	Veronica couldn't embarrass these exposed men.	Veronica couldn't embarrass this exposed men.	-114.0	-114.0	-10.375	-10.375	False	False	morphology	determiner_noun_agreement	Write a natural, coherent English sentence.
650	16	The students cared for that delighted man.	The students cared for those delighted man.	-83.0	-83.0	-10.375	-10.375	False	False	morphology	determiner_noun_agreement	Write a natural, coherent English sentence.
651	16	Steve conceals these important men.	Steve conceals this important men.	-72.5	-72.5	-10.375	-10.375	False	False	morphology	determiner_noun_agreement	Write a natural, coherent English sentence.
652	16	These actresses will talk to these content men.	These actresses will talk to this content men.	-103.5	-103.5	-10.375	-10.375	False	False	morphology	determiner_noun_agreement	Write a natural, coherent English sentence.
653	16	That teenager wouldn't buy these rough oxen.	That teenager wouldn't buy this rough oxen.	-114.0	-114.0	-10.375	-10.375	False	False	morphology	determiner_noun_agreement	Write a natural, coherent English sentence.
654	16	Sheila wouldn't kiss that happy child.	Sheila wouldn't kiss those happy child.	-103.5	-103.5	-10.375	-10.375	False	False	morphology	determiner_noun_agreement	Write a natural, coherent English sentence.
655	16	Erin drove to these out in the open oases.	Erin drove to this out in the open oases.	-124.5	-124.0	-10.375	-10.375	False	False	morphology	determiner_noun_agreement	Write a natural, coherent English sentence.
656	16	Every hat has embarrassed those hopeful people.	Every hat has embarrassed that hopeful people.	-93.0	-93.0	-10.3125	-10.375	False	True	morphology	determiner_noun_agreement	Write a natural, coherent English sentence.
657	16	Every man is fleeing from that exposed oasis.	Every man is fleeing from those exposed oasis.	-114.0	-114.0	-10.375	-10.375	False	False	morphology	determiner_noun_agreement	Write a natural, coherent English sentence.
658	16	Some adults visit this ill man.	Some adults visit these ill man.	-72.5	-72.5	-10.375	-10.375	False	False	morphology	determiner_noun_agreement	Write a natural, coherent English sentence.
659	16	Janet did lift that good thesis.	Janet did lift those good thesis.	-83.0	-83.0	-10.375	-10.375	False	False	morphology	determiner_noun_agreement	Write a natural, coherent English sentence.
660	16	Katherine was cleaning this orange tooth.	Katherine was cleaning these orange tooth.	-83.0	-83.0	-10.375	-10.375	False	False	morphology	determiner_noun_agreement	Write a natural, coherent English sentence.
661	16	A lot of tomatoes can't confuse these ill alumni.	A lot of tomatoes can't confuse this ill alumni.	-165.0	-165.0	-10.3125	-10.3125	False	False	morphology	determiner_noun_agreement	Write a natural, coherent English sentence.
662	16	Rose goes to those out in the open oases.	Rose goes to that out in the open oases.	-114.0	-114.0	-10.375	-10.375	False	False	morphology	determiner_noun_agreement	Write a natural, coherent English sentence.
663	16	These governments criticize those gray oases.	These governments criticize that gray oases.	-93.5	-93.5	-10.375	-10.375	False	False	morphology	determiner_noun_agreement	Write a natural, coherent English sentence.
664	16	Kevin forgot those delighted men.	Kevin forgot that delighted men.	-62.5	-62.25	-10.375	-10.375	False	False	morphology	determiner_noun_agreement	Write a natural, coherent English sentence.
665	16	Most companies describe that long analysis.	Most companies describe those long analysis.	-72.5	-72.5	-10.375	-10.375	False	False	morphology	determiner_noun_agreement	Write a natural, coherent English sentence.
666	16	Vincent was skated around this small oasis.	Vincent was skated around these small oasis.	-103.5	-103.5	-10.375	-10.375	False	False	morphology	determiner_noun_agreement	Write a natural, coherent English sentence.
667	16	Many guys arrive at these out in the open oases.	Many guys arrive at this out in the open oases.	-124.0	-124.0	-10.375	-10.375	False	False	morphology	determiner_noun_agreement	Write a natural, coherent English sentence.
668	16	Gregory hadn't revealed these lost fungi.	Gregory hadn't revealed this lost fungi.	-104.0	-104.0	-10.375	-10.375	False	False	morphology	determiner_noun_agreement	Write a natural, coherent English sentence.
669	16	The cake stuns this standing man.	The cake stuns these standing man.	-83.0	-83.0	-10.375	-10.375	False	False	morphology	determiner_noun_agreement	Write a natural, coherent English sentence.
670	16	Cheryl isn't irritating that clever man.	Cheryl isn't irritating those clever man.	-114.0	-114.0	-10.375	-10.375	False	False	morphology	determiner_noun_agreement	Write a natural, coherent English sentence.
671	16	Some cat bores those old children.	Some cat bores that old children.	-83.0	-83.0	-10.375	-10.375	False	False	morphology	determiner_noun_agreement	Write a natural, coherent English sentence.
672	16	The actress knows that delighted child.	The actress knows those delighted child.	-72.5	-72.5	-10.375	-10.375	False	False	morphology	determiner_noun_agreement	Write a natural, coherent English sentence.
673	16	That actress had driven to these hidden oases.	That actress had driven to this hidden oases.	-104.0	-104.0	-10.375	-10.375	False	False	morphology	determiner_noun_agreement	Write a natural, coherent English sentence.
674	16	The Lutherans arrive at this cheap oasis.	The Lutherans arrive at these cheap oasis.	-103.5	-103.5	-10.375	-10.375	False	False	morphology	determiner_noun_agreement	Write a natural, coherent English sentence.
675	16	Diane was kissing those lost women.	Diane was kissing that lost women.	-93.5	-93.5	-10.375	-10.375	False	False	morphology	determiner_noun_agreement	Write a natural, coherent English sentence.
676	16	Larry disturbs this employed woman.	Larry disturbs these employed woman.	-83.0	-83.0	-10.375	-10.375	False	False	morphology	determiner_noun_agreement	Write a natural, coherent English sentence.
677	16	Pies shock this upset woman.	Pies shock these upset woman.	-72.5	-72.5	-10.375	-10.375	False	False	morphology	determiner_noun_agreement	Write a natural, coherent English sentence.
678	16	Some waiters hug this content alumnus.	Some waiters hug these content alumnus.	-103.5	-103.5	-10.375	-10.375	False	False	morphology	determiner_noun_agreement	Write a natural, coherent English sentence.
679	16	Anna talked to those unsure men.	Anna talked to that unsure men.	-83.0	-83.0	-10.375	-10.375	False	False	morphology	determiner_noun_agreement	Write a natural, coherent English sentence.
680	16	This school bores this determined man.	This school bores these determined man.	-83.0	-83.0	-10.375	-10.375	False	False	morphology	determiner_noun_agreement	Write a natural, coherent English sentence.
681	16	Omar had thought about these unemployed men.	Omar had thought about this unemployed men.	-103.5	-103.5	-10.375	-10.375	False	False	morphology	determiner_noun_agreement	Write a natural, coherent English sentence.
682	16	Winston Churchill cleaned these big nuclei.	Winston Churchill cleaned this big nuclei.	-103.5	-103.5	-10.375	-10.375	False	False	morphology	determiner_noun_agreement	Write a natural, coherent English sentence.
683	16	These organizations aren't concealing that exposed child.	These organizations aren't concealing those exposed child.	-114.0	-114.0	-10.375	-10.375	False	False	morphology	determiner_noun_agreement	Write a natural, coherent English sentence.
684	16	Erin bought this concealed axis.	Erin bought these concealed axis.	-83.0	-83.0	-10.375	-10.375	False	False	morphology	determiner_noun_agreement	Write a natural, coherent English sentence.
685	16	Dan examines this long analysis.	Dan examines these long analysis.	-72.5	-72.5	-10.375	-10.375	False	False	morphology	determiner_noun_agreement	Write a natural, coherent English sentence.
686	16	These drivers concealed these gray oxen.	These drivers concealed this gray oxen.	-93.0	-93.0	-10.375	-10.375	False	False	morphology	determiner_noun_agreement	Write a natural, coherent English sentence.
687	16	All children impresses this happy man.	All children impresses these happy man.	-83.0	-83.0	-10.375	-10.375	False	False	morphology	determiner_noun_agreement	Write a natural, coherent English sentence.
688	16	People will conceal that concealed man.	People will conceal those concealed man.	-93.0	-93.0	-10.375	-10.375	False	False	morphology	determiner_noun_agreement	Write a natural, coherent English sentence.
689	16	Some patient returns to this old man.	Some patient returns to these old man.	-83.0	-83.0	-10.375	-10.375	False	False	morphology	determiner_noun_agreement	Write a natural, coherent English sentence.
690	16	Many actresses discovered those big oases.	Many actresses discovered that big oases.	-93.0	-93.0	-10.375	-10.3125	False	False	morphology	determiner_noun_agreement	Write a natural, coherent English sentence.
691	16	The school talks about those young alumni.	The school talks about that young alumni.	-103.5	-103.5	-10.375	-10.375	False	False	morphology	determiner_noun_agreement	Write a natural, coherent English sentence.
692	16	Omar admired these blue fungi.	Omar admired this blue fungi.	-93.5	-93.5	-10.375	-10.375	False	False	morphology	determiner_noun_agreement	Write a natural, coherent English sentence.
693	16	Some school can't hate these good people.	Some school can't hate this good people.	-104.0	-104.0	-10.375	-10.375	False	False	morphology	determiner_noun_agreement	Write a natural, coherent English sentence.
694	16	A lot of eggplants wouldn't disturb that determined woman.	A lot of eggplants wouldn't disturb those determined woman.	-145.0	-145.0	-10.3125	-10.3125	False	False	morphology	determiner_noun_agreement	Write a natural, coherent English sentence.
695	16	That cake could annoy these uncertain men.	That cake could annoy this uncertain men.	-83.0	-83.0	-10.375	-10.375	False	False	morphology	determiner_noun_agreement	Write a natural, coherent English sentence.
696	16	Lamps are worrying these hopeful alumni.	Lamps are worrying this hopeful alumni.	-114.0	-114.0	-10.375	-10.375	False	False	morphology	determiner_noun_agreement	Write a natural, coherent English sentence.
697	16	A lot of eggplants bore these excited alumni.	A lot of eggplants bore this excited alumni.	-134.0	-134.0	-10.3125	-10.3125	False	False	morphology	determiner_noun_agreement	Write a natural, coherent English sentence.
698	16	A lot of teachers arrived at these old oases.	A lot of teachers arrived at this old oases.	-114.0	-113.5	-10.3125	-10.3125	False	False	morphology	determiner_noun_agreement	Write a natural, coherent English sentence.
699	16	Most sweaters hurt those happy people.	Most sweaters hurt that happy people.	-83.0	-83.0	-10.375	-10.375	False	False	morphology	determiner_noun_agreement	Write a natural, coherent English sentence.
700	16	Tara scans those good analyses.	Tara scans that good analyses.	-93.5	-93.5	-10.375	-10.375	False	False	morphology	determiner_noun_agreement	Write a natural, coherent English sentence.
701	16	The man doesn't reference this out in the open woman.	The man doesn't reference these out in the open woman.	-135.0	-135.0	-10.375	-10.375	False	False	morphology	determiner_noun_agreement	Write a natural, coherent English sentence.
702	16	This cashier is leaving this employed person.	This cashier is leaving these employed person.	-93.0	-93.0	-10.375	-10.375	False	False	morphology	determiner_noun_agreement	Write a natural, coherent English sentence.
703	16	Bananas bother these clever alumni.	Bananas bother this clever alumni.	-93.0	-93.0	-10.375	-10.375	False	False	morphology	determiner_noun_agreement	Write a natural, coherent English sentence.
704	16	Some convertibles had worried those fast men.	Some convertibles had worried that fast men.	-93.5	-93.5	-10.375	-10.375	False	False	morphology	determiner_noun_agreement	Write a natural, coherent English sentence.
705	16	Carl bored those nice women.	Carl bored that nice women.	-62.25	-62.25	-10.375	-10.375	False	False	morphology	determiner_noun_agreement	Write a natural, coherent English sentence.
706	16	These teachers explore these old oases.	These teachers explore this old oases.	-83.0	-83.0	-10.375	-10.375	False	False	morphology	determiner_noun_agreement	Write a natural, coherent English sentence.
707	16	Many waiters work with this scared child.	Many waiters work with these scared child.	-93.0	-93.0	-10.375	-10.375	False	False	morphology	determiner_noun_agreement	Write a natural, coherent English sentence.
708	16	Committees admire that smart child.	Committees admire those smart child.	-93.5	-93.0	-10.375	-10.375	False	False	morphology	determiner_noun_agreement	Write a natural, coherent English sentence.
709	16	Matt approaches this exposed child.	Matt approaches these exposed child.	-62.25	-62.25	-10.375	-10.375	False	False	morphology	determiner_noun_agreement	Write a natural, coherent English sentence.
710	16	Brian talks to this lucky man.	Brian talks to these lucky man.	-72.5	-72.5	-10.375	-10.375	False	False	morphology	determiner_noun_agreement	Write a natural, coherent English sentence.
711	16	A boy isn't talking about that red oasis.	A boy isn't talking about those red oasis.	-124.0	-124.0	-10.3125	-10.3125	False	False	morphology	determiner_noun_agreement	Write a natural, coherent English sentence.
712	16	Phillip bought those black feet.	Phillip bought that black feet.	-72.5	-72.5	-10.375	-10.375	False	False	morphology	determiner_noun_agreement	Write a natural, coherent English sentence.
713	16	Eric isn't buying those brown geese.	Eric isn't buying that brown geese.	-103.5	-103.5	-10.375	-10.375	False	False	morphology	determiner_noun_agreement	Write a natural, coherent English sentence.
714	16	Elaine remembers this delighted woman.	Elaine remembers these delighted woman.	-83.0	-83.0	-10.375	-10.375	False	False	morphology	determiner_noun_agreement	Write a natural, coherent English sentence.
715	16	This pedestrian arrives at that smooth oasis.	This pedestrian arrives at those smooth oasis.	-103.5	-103.5	-10.375	-10.375	False	False	morphology	determiner_noun_agreement	Write a natural, coherent English sentence.
716	16	Those men forget these smart men.	Those men forget this smart men.	-72.5	-72.5	-10.375	-10.375	False	False	morphology	determiner_noun_agreement	Write a natural, coherent English sentence.
717	16	Tara might alarm this unsure person.	Tara might alarm these unsure person.	-93.0	-93.5	-10.375	-10.375	True	False	morphology	determiner_noun_agreement	Write a natural, coherent English sentence.
718	16	Vanessa was healing those purple geese.	Vanessa was healing that purple geese.	-93.0	-93.0	-10.375	-10.375	False	False	morphology	determiner_noun_agreement	Write a natural, coherent English sentence.
719	16	Steven hasn't questioned those troubled people.	Steven hasn't questioned that troubled people.	-103.5	-103.5	-10.375	-10.375	False	False	morphology	determiner_noun_agreement	Write a natural, coherent English sentence.
720	16	Thomas hides this clever woman.	Thomas hides these clever woman.	-72.5	-72.5	-10.375	-10.375	False	False	morphology	determiner_noun_agreement	Write a natural, coherent English sentence.
721	16	Most eyes confuse these content alumni.	Most eyes confuse this content alumni.	-103.5	-103.5	-10.375	-10.375	False	False	morphology	determiner_noun_agreement	Write a natural, coherent English sentence.
722	16	That dog aggravates this busy child.	That dog aggravates these busy child.	-93.0	-93.0	-10.375	-10.375	False	False	morphology	determiner_noun_agreement	Write a natural, coherent English sentence.
723	16	Karen has attacked this popular child.	Karen has attacked these popular child.	-72.5	-72.5	-10.375	-10.375	False	False	morphology	determiner_noun_agreement	Write a natural, coherent English sentence.
724	16	Heidi might confuse those displeased men.	Heidi might confuse that displeased men.	-114.0	-114.0	-10.375	-10.375	False	False	morphology	determiner_noun_agreement	Write a natural, coherent English sentence.
725	16	Maria kisses this bad person.	Maria kisses these bad person.	-72.5	-72.5	-10.375	-10.375	False	False	morphology	determiner_noun_agreement	Write a natural, coherent English sentence.
726	16	Tanya passes this purple oasis.	Tanya passes these purple oasis.	-83.0	-83.0	-10.375	-10.375	False	False	morphology	determiner_noun_agreement	Write a natural, coherent English sentence.
727	16	Marla has respected those delighted alumni.	Marla has respected that delighted alumni.	-104.0	-104.0	-10.375	-10.375	False	False	morphology	determiner_noun_agreement	Write a natural, coherent English sentence.
728	16	Paula is investigating this employed alumnus.	Paula is investigating these employed alumnus.	-114.0	-114.0	-10.375	-10.375	False	False	morphology	determiner_noun_agreement	Write a natural, coherent English sentence.
729	16	Most chairs aren't disgusting those serious women.	Most chairs aren't disgusting that serious women.	-114.0	-114.0	-10.375	-10.375	False	False	morphology	determiner_noun_agreement	Write a natural, coherent English sentence.
730	16	Men hadn't run around this purple oasis.	Men hadn't run around these purple oasis.	-114.0	-114.0	-10.375	-10.375	False	False	morphology	determiner_noun_agreement	Write a natural, coherent English sentence.
731	16	Tina hadn't arrived at those green oases.	Tina hadn't arrived at that green oases.	-124.0	-124.0	-10.375	-10.375	False	False	morphology	determiner_noun_agreement	Write a natural, coherent English sentence.
732	16	Karla knew this busy alumnus.	Karla knew these busy alumnus.	-93.5	-93.0	-10.375	-10.375	False	False	morphology	determiner_noun_agreement	Write a natural, coherent English sentence.
733	16	The actors care for these exposed people.	The actors care for this exposed people.	-83.0	-83.0	-10.375	-10.375	False	False	morphology	determiner_noun_agreement	Write a natural, coherent English sentence.
734	16	Michelle might alarm this employed man.	Michelle might alarm these employed man.	-72.5	-72.5	-10.375	-10.375	False	False	morphology	determiner_noun_agreement	Write a natural, coherent English sentence.
735	16	Maria hasn't walked through these hard oases.	Maria hasn't walked through this hard oases.	-114.0	-114.0	-10.375	-10.375	False	False	morphology	determiner_noun_agreement	Write a natural, coherent English sentence.
736	16	That report might disagree with those delighted men.	That report might disagree with that delighted men.	-93.5	-93.5	-10.375	-10.375	False	False	morphology	determiner_noun_agreement	Write a natural, coherent English sentence.
737	16	Actresses discuss this popular person.	Actresses discuss these popular person.	-82.5	-82.5	-10.3125	-10.3125	False	False	morphology	determiner_noun_agreement	Write a natural, coherent English sentence.
738	16	Holly won't watch these unlucky men.	Holly won't watch this unlucky men.	-114.0	-114.0	-10.375	-10.375	False	False	morphology	determiner_noun_agreement	Write a natural, coherent English sentence.
739	16	Carl was driving to those blue oases.	Carl was driving to that blue oases.	-93.5	-93.5	-10.375	-10.375	False	False	morphology	determiner_noun_agreement	Write a natural, coherent English sentence.
740	16	Bill passes that rough oasis.	Bill passes those rough oasis.	-72.5	-72.5	-10.375	-10.375	False	False	morphology	determiner_noun_agreement	Write a natural, coherent English sentence.
741	16	All men praise this good thesis.	All men praise these good thesis.	-72.5	-72.5	-10.375	-10.375	False	False	morphology	determiner_noun_agreement	Write a natural, coherent English sentence.
742	16	Many doctors should escape from these hopeful women.	Many doctors should escape from this hopeful women.	-103.5	-103.5	-10.375	-10.375	False	False	morphology	determiner_noun_agreement	Write a natural, coherent English sentence.
743	16	Many girls find these nice men.	Many girls find this nice men.	-72.5	-72.5	-10.375	-10.375	False	False	morphology	determiner_noun_agreement	Write a natural, coherent English sentence.
744	16	Every museum helps those concealed children.	Every museum helps that concealed children.	-83.0	-83.0	-10.375	-10.375	False	False	morphology	determiner_noun_agreement	Write a natural, coherent English sentence.
745	16	Marla was distracting these determined people.	Marla was distracting this determined people.	-93.5	-93.5	-10.375	-10.375	False	False	morphology	determiner_noun_agreement	Write a natural, coherent English sentence.
746	16	Those computers might confuse this nice child.	Those computers might confuse these nice child.	-93.5	-93.0	-10.375	-10.375	False	False	morphology	determiner_noun_agreement	Write a natural, coherent English sentence.
747	16	Tanya hasn't loved that content woman.	Tanya hasn't loved those content woman.	-103.5	-103.5	-10.375	-10.375	False	False	morphology	determiner_noun_agreement	Write a natural, coherent English sentence.
748	16	Theresa won't conceal those lost lice.	Theresa won't conceal that lost lice.	-124.5	-124.5	-10.375	-10.375	False	False	morphology	determiner_noun_agreement	Write a natural, coherent English sentence.
749	16	The Borgias do cure these out in the open octopi.	The Borgias do cure this out in the open octopi.	-156.0	-156.0	-10.375	-10.375	False	False	morphology	determiner_noun_agreement	Write a natural, coherent English sentence.
750	16	Kenneth messed up those lost teeth.	Kenneth messed up that lost teeth.	-93.0	-93.0	-10.375	-10.375	False	False	morphology	determiner_noun_agreement	Write a natural, coherent English sentence.
751	16	Jodi doesn't alarm these unsure people.	Jodi doesn't alarm this unsure people.	-114.0	-114.0	-10.375	-10.375	False	False	morphology	determiner_noun_agreement	Write a natural, coherent English sentence.
752	16	This customer scans those good analyses.	This customer scans that good analyses.	-93.0	-93.0	-10.375	-10.375	False	False	morphology	determiner_noun_agreement	Write a natural, coherent English sentence.
753	16	Vincent can't watch this hopeful alumnus.	Vincent can't watch these hopeful alumnus.	-124.5	-124.5	-10.375	-10.375	False	False	morphology	determiner_noun_agreement	Write a natural, coherent English sentence.
754	16	Jodi talked to this unconvinced child.	Jodi talked to these unconvinced child.	-114.0	-114.0	-10.375	-10.375	False	False	morphology	determiner_noun_agreement	Write a natural, coherent English sentence.
755	16	Katherine exited these exposed oases.	Katherine exited this exposed oases.	-93.0	-93.0	-10.375	-10.375	False	False	morphology	determiner_noun_agreement	Write a natural, coherent English sentence.
756	16	Beverly hasn't brought these rough fungi.	Beverly hasn't brought this rough fungi.	-114.0	-114.0	-10.375	-10.375	False	False	morphology	determiner_noun_agreement	Write a natural, coherent English sentence.
757	16	That unicycle is boring those standing children.	That unicycle is boring that standing children.	-103.5	-103.5	-10.375	-10.375	False	False	morphology	determiner_noun_agreement	Write a natural, coherent English sentence.
758	16	That boy can't escape from those unsure children.	That boy can't escape from that unsure children.	-124.0	-124.0	-10.375	-10.375	False	False	morphology	determiner_noun_agreement	Write a natural, coherent English sentence.
759	16	An adult bought these black axes.	An adult bought this black axes.	-83.0	-83.0	-10.375	-10.375	False	False	morphology	determiner_noun_agreement	Write a natural, coherent English sentence.
760	16	Sara isn't kissing this nice woman.	Sara isn't kissing these nice woman.	-103.5	-103.5	-10.375	-10.375	False	False	morphology	determiner_noun_agreement	Write a natural, coherent English sentence.
761	16	Robert couldn't embarrass those scared people.	Robert couldn't embarrass that scared people.	-93.5	-93.0	-10.375	-10.375	False	False	morphology	determiner_noun_agreement	Write a natural, coherent English sentence.
762	16	Deborah had fled from that important woman.	Deborah had fled from those important woman.	-103.5	-103.5	-10.375	-10.375	False	False	morphology	determiner_noun_agreement	Write a natural, coherent English sentence.
763	16	Brenda discussed that serious woman.	Brenda discussed those serious woman.	-72.5	-72.5	-10.375	-10.375	False	False	morphology	determiner_noun_agreement	Write a natural, coherent English sentence.
764	16	Some women questioned that big woman.	Some women questioned those big woman.	-72.5	-72.5	-10.375	-10.375	False	False	morphology	determiner_noun_agreement	Write a natural, coherent English sentence.
765	16	Rodney didn't kiss those displeased women.	Rodney didn't kiss that displeased women.	-124.0	-124.0	-10.375	-10.375	False	False	morphology	determiner_noun_agreement	Write a natural, coherent English sentence.
766	16	Carrie can help those lost alumni.	Carrie can help that lost alumni.	-103.5	-103.5	-10.375	-10.375	False	False	morphology	determiner_noun_agreement	Write a natural, coherent English sentence.
767	16	Many guests approach this lucky man.	Many guests approach these lucky man.	-72.5	-72.5	-10.375	-10.375	False	False	morphology	determiner_noun_agreement	Write a natural, coherent English sentence.
768	16	Some student messes up that hard foot.	Some student messes up those hard foot.	-93.0	-93.0	-10.375	-10.375	False	False	morphology	determiner_noun_agreement	Write a natural, coherent English sentence.
769	16	Some men had skated around these hard oases.	Some men had skated around this hard oases.	-114.0	-114.0	-10.375	-10.375	False	False	morphology	determiner_noun_agreement	Write a natural, coherent English sentence.
770	16	Some light would annoy those happy alumni.	Some light would annoy that happy alumni.	-103.5	-103.5	-10.375	-10.375	False	False	morphology	determiner_noun_agreement	Write a natural, coherent English sentence.
771	16	Many casseroles shock these unconvinced men.	Many casseroles shock this unconvinced men.	-124.0	-124.0	-10.375	-10.375	False	False	morphology	determiner_noun_agreement	Write a natural, coherent English sentence.
772	16	Carl talks about those confident children.	Carl talks about that confident children.	-72.5	-72.5	-10.375	-10.375	False	False	morphology	determiner_noun_agreement	Write a natural, coherent English sentence.
773	16	Timothy was dropping by those new oases.	Timothy was dropping by that new oases.	-103.5	-103.5	-10.375	-10.375	False	False	morphology	determiner_noun_agreement	Write a natural, coherent English sentence.
774	16	Lori has approached these scared people.	Lori has approached this scared people.	-83.0	-83.0	-10.375	-10.375	False	False	morphology	determiner_noun_agreement	Write a natural, coherent English sentence.
775	16	Jodi wouldn't mess up those orange feet.	Jodi wouldn't mess up that orange feet.	-114.0	-114.0	-10.375	-10.375	False	False	morphology	determiner_noun_agreement	Write a natural, coherent English sentence.
776	16	This newspaper article will embarrass this determined child.	This newspaper article will embarrass these determined child.	-93.0	-93.0	-10.3125	-10.3125	False	False	morphology	determiner_noun_agreement	Write a natural, coherent English sentence.
777	16	A lot of guys conceal this long analysis.	A lot of guys conceal these long analysis.	-103.0	-103.5	-10.3125	-10.3125	True	False	morphology	determiner_noun_agreement	Write a natural, coherent English sentence.
778	16	Lawrence fired that serious woman.	Lawrence fired those serious woman.	-62.25	-62.25	-10.375	-10.375	False	False	morphology	determiner_noun_agreement	Write a natural, coherent English sentence.
779	16	This story didn't bore this serious man.	This story didn't bore these serious man.	-103.5	-103.5	-10.375	-10.375	False	False	morphology	determiner_noun_agreement	Write a natural, coherent English sentence.
780	16	Mary can't remember that clever person.	Mary can't remember those clever person.	-93.5	-93.5	-10.375	-10.375	False	False	morphology	determiner_noun_agreement	Write a natural, coherent English sentence.
781	16	Marie could listen to that big woman.	Marie could listen to those big woman.	-83.0	-83.0	-10.375	-10.375	False	False	morphology	determiner_noun_agreement	Write a natural, coherent English sentence.
782	16	Clyde had those exposed axes.	Clyde had that exposed axes.	-93.5	-93.5	-10.375	-10.375	False	False	morphology	determiner_noun_agreement	Write a natural, coherent English sentence.
783	16	Victoria has left these delighted men.	Victoria has left this delighted men.	-73.0	-72.5	-10.375	-10.375	False	False	morphology	determiner_noun_agreement	Write a natural, coherent English sentence.
784	16	The Impressionists disagree with those bad analyses.	The Impressionists disagree with that bad analyses.	-113.5	-114.0	-10.3125	-10.3125	True	False	morphology	determiner_noun_agreement	Write a natural, coherent English sentence.
785	16	Amy took that hidden fungus.	Amy took those hidden fungus.	-83.0	-83.0	-10.375	-10.375	False	False	morphology	determiner_noun_agreement	Write a natural, coherent English sentence.
786	16	Rose was fixing this hard foot.	Rose was fixing these hard foot.	-72.5	-72.5	-10.375	-10.375	False	False	morphology	determiner_noun_agreement	Write a natural, coherent English sentence.
787	16	Most dishes weren't astounding these scared men.	Most dishes weren't astounding this scared men.	-124.0	-124.0	-10.375	-10.3125	False	False	morphology	determiner_noun_agreement	Write a natural, coherent English sentence.
788	16	The doctor sees those smooth cacti.	The doctor sees that smooth cacti.	-93.5	-93.5	-10.375	-10.375	False	False	morphology	determiner_noun_agreement	Write a natural, coherent English sentence.
789	16	Rodney hadn't cured these white octopi.	Rodney hadn't cured this white octopi.	-135.0	-135.0	-10.375	-10.375	False	False	morphology	determiner_noun_agreement	Write a natural, coherent English sentence.
790	16	This museum hadn't disgusted these troubled men.	This museum hadn't disgusted this troubled men.	-124.0	-124.0	-10.3125	-10.3125	False	False	morphology	determiner_noun_agreement	Write a natural, coherent English sentence.
791	16	Patrick complained about those scared men.	Patrick complained about that scared men.	-72.5	-72.5	-10.375	-10.375	False	False	morphology	determiner_noun_agreement	Write a natural, coherent English sentence.
792	16	Jacqueline should stun these determined alumni.	Jacqueline should stun this determined alumni.	-124.5	-124.5	-10.375	-10.375	False	False	morphology	determiner_noun_agreement	Write a natural, coherent English sentence.
793	16	All apples worry this serious man.	All apples worry these serious man.	-83.0	-83.0	-10.375	-10.375	False	False	morphology	determiner_noun_agreement	Write a natural, coherent English sentence.
794	16	The drawing isn't scaring that old child.	The drawing isn't scaring those old child.	-114.0	-114.0	-10.375	-10.375	False	False	morphology	determiner_noun_agreement	Write a natural, coherent English sentence.
795	16	Veronica questioned this uncertain woman.	Veronica questioned these uncertain woman.	-83.0	-83.0	-10.375	-10.375	False	False	morphology	determiner_noun_agreement	Write a natural, coherent English sentence.
796	16	Vanessa hadn't known this determined alumnus.	Vanessa hadn't known these determined alumnus.	-124.0	-124.0	-10.375	-10.375	False	False	morphology	determiner_noun_agreement	Write a natural, coherent English sentence.
797	16	Cynthia hadn't kissed this unemployed man.	Cynthia hadn't kissed these unemployed man.	-134.0	-135.0	-10.3125	-10.375	True	True	morphology	determiner_noun_agreement	Write a natural, coherent English sentence.
798	16	These companies irritate that exposed woman.	These companies irritate those exposed woman.	-83.0	-83.0	-10.375	-10.375	False	False	morphology	determiner_noun_agreement	Write a natural, coherent English sentence.
799	16	This dancer wasn't biking to this orange oasis.	This dancer wasn't biking to these orange oasis.	-145.0	-145.0	-10.375	-10.375	False	False	morphology	determiner_noun_agreement	Write a natural, coherent English sentence.
800	16	Those legislatures could disturb this upset alumnus.	Those legislatures could disturb these upset alumnus.	-114.0	-114.0	-10.375	-10.375	False	False	morphology	determiner_noun_agreement	Write a natural, coherent English sentence.
801	16	Some adult hasn't hidden these ill men.	Some adult hasn't hidden this ill men.	-103.5	-103.5	-10.375	-10.375	False	False	morphology	determiner_noun_agreement	Write a natural, coherent English sentence.
802	16	A cashier should insult these hidden children.	A cashier should insult this hidden children.	-93.0	-93.5	-10.375	-10.375	True	False	morphology	determiner_noun_agreement	Write a natural, coherent English sentence.
803	16	Danielle could annoy that confident man.	Danielle could annoy those confident man.	-83.0	-83.0	-10.375	-10.375	False	False	morphology	determiner_noun_agreement	Write a natural, coherent English sentence.
804	16	These teachers lift this exposed goose.	These teachers lift these exposed goose.	-83.0	-83.0	-10.375	-10.375	False	False	morphology	determiner_noun_agreement	Write a natural, coherent English sentence.
805	16	Christina drove to that exposed oasis.	Christina drove to those exposed oasis.	-93.0	-93.0	-10.375	-10.375	False	False	morphology	determiner_noun_agreement	Write a natural, coherent English sentence.
806	16	Jesus hadn't sounded like these hidden people.	Jesus hadn't sounded like this hidden people.	-103.5	-103.5	-10.3125	-10.375	False	True	morphology	determiner_noun_agreement	Write a natural, coherent English sentence.
807	16	Many mushrooms irritate that upset man.	Many mushrooms irritate those upset man.	-93.0	-93.0	-10.375	-10.375	False	False	morphology	determiner_noun_agreement	Write a natural, coherent English sentence.
808	16	Some committee bought those white lice.	Some committee bought that white lice.	-83.0	-83.0	-10.375	-10.375	False	False	morphology	determiner_noun_agreement	Write a natural, coherent English sentence.
809	16	Daniel hasn't known this determined man.	Daniel hasn't known these determined man.	-93.0	-93.5	-10.375	-10.375	True	False	morphology	determiner_noun_agreement	Write a natural, coherent English sentence.
810	16	Art hadn't scared these serious alumni.	Art hadn't scared this serious alumni.	-114.0	-114.0	-10.375	-10.375	False	False	morphology	determiner_noun_agreement	Write a natural, coherent English sentence.
811	16	Alice fires this unconvinced child.	Alice fires these unconvinced child.	-93.5	-93.5	-10.375	-10.375	False	False	morphology	determiner_noun_agreement	Write a natural, coherent English sentence.
812	16	Melanie hid that exposed tooth.	Melanie hid those exposed tooth.	-72.5	-72.5	-10.375	-10.375	False	False	morphology	determiner_noun_agreement	Write a natural, coherent English sentence.
813	16	Most hamsters find that red tooth.	Most hamsters find those red tooth.	-83.0	-83.0	-10.375	-10.375	False	False	morphology	determiner_noun_agreement	Write a natural, coherent English sentence.
814	16	Those children explore those small oases.	Those children explore that small oases.	-83.0	-83.0	-10.375	-10.375	False	False	morphology	determiner_noun_agreement	Write a natural, coherent English sentence.
815	16	Most museums listen to this troubled man.	Most museums listen to these troubled man.	-103.5	-103.5	-10.375	-10.375	False	False	morphology	determiner_noun_agreement	Write a natural, coherent English sentence.
816	16	Patrick embarrassed this unemployed person.	Patrick embarrassed these unemployed person.	-72.5	-72.5	-10.375	-10.375	False	False	morphology	determiner_noun_agreement	Write a natural, coherent English sentence.
817	16	A lot of icicles had alarmed that hidden woman.	A lot of icicles had alarmed those hidden woman.	-124.5	-124.5	-10.375	-10.375	False	False	morphology	determiner_noun_agreement	Write a natural, coherent English sentence.
818	16	Matt hadn't impressed this exposed child.	Matt hadn't impressed these exposed child.	-93.5	-93.5	-10.375	-10.375	False	False	morphology	determiner_noun_agreement	Write a natural, coherent English sentence.
819	16	Eric might see those new feet.	Eric might see that new feet.	-72.5	-72.5	-10.375	-10.375	False	False	morphology	determiner_noun_agreement	Write a natural, coherent English sentence.
820	16	Some turtle can confuse this old alumnus.	Some turtle can confuse these old alumnus.	-135.0	-135.0	-10.375	-10.375	False	False	morphology	determiner_noun_agreement	Write a natural, coherent English sentence.
821	16	Most guests explore these smooth oases.	Most guests explore this smooth oases.	-83.0	-83.0	-10.375	-10.375	False	False	morphology	determiner_noun_agreement	Write a natural, coherent English sentence.
822	16	Brian has praised that happy alumnus.	Brian has praised those happy alumnus.	-93.0	-93.0	-10.375	-10.375	False	False	morphology	determiner_noun_agreement	Write a natural, coherent English sentence.
823	16	Karen sees these ill lice.	Karen sees this ill lice.	-72.5	-72.5	-10.375	-10.375	False	False	morphology	determiner_noun_agreement	Write a natural, coherent English sentence.
824	16	Alicia doesn't observe this confident alumnus.	Alicia doesn't observe these confident alumnus.	-134.0	-135.0	-10.375	-10.375	True	False	morphology	determiner_noun_agreement	Write a natural, coherent English sentence.
825	16	That horse does find this lost octopus.	That horse does find these lost octopus.	-103.5	-103.5	-10.375	-10.375	False	False	morphology	determiner_noun_agreement	Write a natural, coherent English sentence.
826	16	Those customers haven't annoyed those delighted children.	Those customers haven't annoyed that delighted children.	-114.0	-114.0	-10.3125	-10.3125	False	False	morphology	determiner_noun_agreement	Write a natural, coherent English sentence.
827	16	The Great Lakes confused these hidden women.	The Great Lakes confused this hidden women.	-93.5	-93.5	-10.375	-10.375	False	False	morphology	determiner_noun_agreement	Write a natural, coherent English sentence.
828	16	Russell watches these unsure women.	Russell watches this unsure women.	-72.5	-72.5	-10.375	-10.375	False	False	morphology	determiner_noun_agreement	Write a natural, coherent English sentence.
829	16	Jacqueline has concealed these long synopses.	Jacqueline has concealed this long synopses.	-124.5	-124.0	-10.375	-10.375	False	False	morphology	determiner_noun_agreement	Write a natural, coherent English sentence.
830	16	Carrie isn't hiring this small woman.	Carrie isn't hiring these small woman.	-103.5	-103.5	-10.375	-10.375	False	False	morphology	determiner_noun_agreement	Write a natural, coherent English sentence.
831	16	Charles doesn't admire these big mice.	Charles doesn't admire this big mice.	-114.0	-114.0	-10.375	-10.375	False	False	morphology	determiner_noun_agreement	Write a natural, coherent English sentence.
832	16	The Impressionists might think about that white thesis.	The Impressionists might think about those white thesis.	-114.0	-114.0	-10.375	-10.375	False	False	morphology	determiner_noun_agreement	Write a natural, coherent English sentence.
833	16	Most men question those bad people.	Most men question that bad people.	-72.5	-72.5	-10.375	-10.375	False	False	morphology	determiner_noun_agreement	Write a natural, coherent English sentence.
834	16	Lissa hasn't left this upset woman.	Lissa hasn't left these upset woman.	-103.5	-103.5	-10.375	-10.375	False	False	morphology	determiner_noun_agreement	Write a natural, coherent English sentence.
835	16	Janice won't fire that determined child.	Janice won't fire those determined child.	-104.0	-104.0	-10.375	-10.375	False	False	morphology	determiner_noun_agreement	Write a natural, coherent English sentence.
836	16	This company criticized this lucky man.	This company criticized these lucky man.	-83.0	-83.0	-10.375	-10.375	False	False	morphology	determiner_noun_agreement	Write a natural, coherent English sentence.
837	16	The banks hurt that excited woman.	The banks hurt those excited woman.	-73.0	-73.0	-10.375	-10.375	False	False	morphology	determiner_noun_agreement	Write a natural, coherent English sentence.
838	16	Peter wasn't walking through those red oases.	Peter wasn't walking through that red oases.	-114.0	-114.0	-10.375	-10.375	False	False	morphology	determiner_noun_agreement	Write a natural, coherent English sentence.
839	16	Rebecca wasn't referencing this long synopsis.	Rebecca wasn't referencing these long synopsis.	-114.0	-114.0	-10.375	-10.375	False	False	morphology	determiner_noun_agreement	Write a natural, coherent English sentence.
840	16	Naomi notices this smooth octopus.	Naomi notices these smooth octopus.	-103.5	-103.5	-10.3125	-10.3125	False	False	morphology	determiner_noun_agreement	Write a natural, coherent English sentence.
841	16	Patrick conceals this hard stimulus.	Patrick conceals these hard stimulus.	-83.0	-83.0	-10.375	-10.375	False	False	morphology	determiner_noun_agreement	Write a natural, coherent English sentence.
842	16	Candice shouldn't bring those smooth feet.	Candice shouldn't bring that smooth feet.	-103.5	-103.5	-10.375	-10.375	False	False	morphology	determiner_noun_agreement	Write a natural, coherent English sentence.
843	16	All books sound like those content women.	All books sound like that content women.	-83.0	-83.0	-10.375	-10.375	False	False	morphology	determiner_noun_agreement	Write a natural, coherent English sentence.
844	16	Bethany hasn't arrived at this white oasis.	Bethany hasn't arrived at these white oasis.	-124.0	-124.0	-10.3125	-10.3125	False	False	morphology	determiner_noun_agreement	Write a natural, coherent English sentence.
845	16	Steve reveals these unemployed alumni.	Steve reveals this unemployed alumni.	-93.0	-93.0	-10.375	-10.375	False	False	morphology	determiner_noun_agreement	Write a natural, coherent English sentence.
846	16	Sonia was upsetting that ill woman.	Sonia was upsetting those ill woman.	-93.0	-93.0	-10.375	-10.375	False	False	morphology	determiner_noun_agreement	Write a natural, coherent English sentence.
847	16	Keith wasn't boring these delighted men.	Keith wasn't boring this delighted men.	-93.5	-93.0	-10.375	-10.375	False	False	morphology	determiner_noun_agreement	Write a natural, coherent English sentence.
848	16	The Borgias admire these hard mice.	The Borgias admire this hard mice.	-114.5	-114.5	-10.375	-10.375	False	False	morphology	determiner_noun_agreement	Write a natural, coherent English sentence.
849	16	These drivers had forgotten this good analysis.	These drivers had forgotten these good analysis.	-83.0	-83.0	-10.375	-10.375	False	False	morphology	determiner_noun_agreement	Write a natural, coherent English sentence.
850	16	Helen skates around this blue oasis.	Helen skates around these blue oasis.	-93.0	-93.0	-10.3125	-10.3125	False	False	morphology	determiner_noun_agreement	Write a natural, coherent English sentence.
851	16	Galileo found that smooth stimulus.	Galileo found those smooth stimulus.	-93.0	-93.5	-10.375	-10.375	True	False	morphology	determiner_noun_agreement	Write a natural, coherent English sentence.
852	16	Kimberley isn't curing these small octopi.	Kimberley isn't curing this small octopi.	-145.0	-145.0	-10.375	-10.375	False	False	morphology	determiner_noun_agreement	Write a natural, coherent English sentence.
853	16	Debra didn't conceal these popular men.	Debra didn't conceal this popular men.	-114.0	-114.0	-10.375	-10.375	False	False	morphology	determiner_noun_agreement	Write a natural, coherent English sentence.
854	16	A lot of doctors hug these scared children.	A lot of doctors hug this scared children.	-93.0	-93.0	-10.3125	-10.3125	False	False	morphology	determiner_noun_agreement	Write a natural, coherent English sentence.
855	16	Those pedestrians weren't fleeing from these concealed men.	Those pedestrians weren't fleeing from this concealed men.	-155.0	-155.0	-10.375	-10.375	False	False	morphology	determiner_noun_agreement	Write a natural, coherent English sentence.
856	16	Those children find that exposed thesis.	Those children find those exposed thesis.	-72.5	-72.5	-10.375	-10.375	False	False	morphology	determiner_noun_agreement	Write a natural, coherent English sentence.
857	16	Debra admires these blue octopi.	Debra admires this blue octopi.	-103.5	-103.5	-10.375	-10.375	False	False	morphology	determiner_noun_agreement	Write a natural, coherent English sentence.
858	16	Bruce wasn't approaching that clever alumnus.	Bruce wasn't approaching those clever alumnus.	-114.0	-114.0	-10.375	-10.375	False	False	morphology	determiner_noun_agreement	Write a natural, coherent English sentence.
859	16	Lawrence isn't questioning that nice woman.	Lawrence isn't questioning those nice woman.	-93.5	-93.5	-10.375	-10.375	False	False	morphology	determiner_noun_agreement	Write a natural, coherent English sentence.
860	16	Some waitresses have this big octopus.	Some waitresses have these big octopus.	-113.5	-113.5	-10.3125	-10.3125	False	False	morphology	determiner_noun_agreement	Write a natural, coherent English sentence.
861	16	Carolyn had embarrassed that busy alumnus.	Carolyn had embarrassed those busy alumnus.	-103.5	-103.5	-10.375	-10.375	False	False	morphology	determiner_noun_agreement	Write a natural, coherent English sentence.
862	16	Jeffrey aggravated that smart man.	Jeffrey aggravated those smart man.	-93.0	-93.0	-10.375	-10.375	False	False	morphology	determiner_noun_agreement	Write a natural, coherent English sentence.
863	16	Guy messed up this yellow foot.	Guy messed up these yellow foot.	-82.5	-82.5	-10.3125	-10.3125	False	False	morphology	determiner_noun_agreement	Write a natural, coherent English sentence.
864	16	Every book is embarrassing this small woman.	Every book is embarrassing these small woman.	-93.0	-93.0	-10.375	-10.375	False	False	morphology	determiner_noun_agreement	Write a natural, coherent English sentence.
865	16	These associations were talking about these scared women.	These associations were talking about this scared women.	-93.5	-93.5	-10.375	-10.375	False	False	morphology	determiner_noun_agreement	Write a natural, coherent English sentence.
866	16	Todd disturbs this upset child.	Todd disturbs these upset child.	-83.0	-83.0	-10.375	-10.375	False	False	morphology	determiner_noun_agreement	Write a natural, coherent English sentence.
867	16	That window alarms these exposed women.	That window alarms this exposed women.	-83.0	-83.0	-10.375	-10.375	False	False	morphology	determiner_noun_agreement	Write a natural, coherent English sentence.
868	16	A window upsets these upset men.	A window upsets this upset men.	-83.0	-83.0	-10.375	-10.375	False	False	morphology	determiner_noun_agreement	Write a natural, coherent English sentence.
869	16	Monet is fixing that brown foot.	Monet is fixing those brown foot.	-83.0	-83.0	-10.375	-10.375	False	False	morphology	determiner_noun_agreement	Write a natural, coherent English sentence.
870	16	Adam left these big alumni.	Adam left this big alumni.	-83.0	-83.0	-10.375	-10.375	False	False	morphology	determiner_noun_agreement	Write a natural, coherent English sentence.
871	16	Stacy can exit that big oasis.	Stacy can exit those big oasis.	-93.5	-93.5	-10.375	-10.375	False	False	morphology	determiner_noun_agreement	Write a natural, coherent English sentence.
872	16	Roger was returning to those happy alumni.	Roger was returning to that happy alumni.	-104.0	-103.5	-10.375	-10.375	False	False	morphology	determiner_noun_agreement	Write a natural, coherent English sentence.
873	16	Dana isn't investigating this ill woman.	Dana isn't investigating these ill woman.	-114.0	-114.0	-10.375	-10.375	False	False	morphology	determiner_noun_agreement	Write a natural, coherent English sentence.
874	16	Tammy has those yellow axes.	Tammy has that yellow axes.	-83.0	-83.0	-10.375	-10.375	False	False	morphology	determiner_noun_agreement	Write a natural, coherent English sentence.
875	16	Marla leaves those employed children.	Marla leaves that employed children.	-73.0	-72.5	-10.375	-10.375	False	False	morphology	determiner_noun_agreement	Write a natural, coherent English sentence.
876	16	Sarah referenced that ill child.	Sarah referenced those ill child.	-72.5	-72.5	-10.375	-10.375	False	False	morphology	determiner_noun_agreement	Write a natural, coherent English sentence.
877	16	Edward complained about this serious child.	Edward complained about these serious child.	-72.5	-72.5	-10.375	-10.375	False	False	morphology	determiner_noun_agreement	Write a natural, coherent English sentence.
878	16	Carolyn healed those bad women.	Carolyn healed that bad women.	-83.0	-83.0	-10.375	-10.375	False	False	morphology	determiner_noun_agreement	Write a natural, coherent English sentence.
879	16	The waitresses fired those upset alumni.	The waitresses fired that upset alumni.	-114.0	-114.0	-10.375	-10.375	False	False	morphology	determiner_noun_agreement	Write a natural, coherent English sentence.
880	16	Every driver dropped by that old oasis.	Every driver dropped by those old oasis.	-93.5	-93.0	-10.375	-10.375	False	False	morphology	determiner_noun_agreement	Write a natural, coherent English sentence.
881	16	William hadn't hugged these hopeful alumni.	William hadn't hugged this hopeful alumni.	-134.0	-134.0	-10.3125	-10.3125	False	False	morphology	determiner_noun_agreement	Write a natural, coherent English sentence.
882	16	The Lutherans had messed up those lost feet.	The Lutherans had messed up that lost feet.	-114.0	-114.0	-10.375	-10.375	False	False	morphology	determiner_noun_agreement	Write a natural, coherent English sentence.
883	16	Florence hasn't confused those standing men.	Florence hasn't confused that standing men.	-93.5	-93.0	-10.375	-10.375	False	False	morphology	determiner_noun_agreement	Write a natural, coherent English sentence.
884	16	Some convertible upset this upset woman.	Some convertible upset these upset woman.	-83.0	-83.0	-10.375	-10.375	False	False	morphology	determiner_noun_agreement	Write a natural, coherent English sentence.
885	16	Rebecca saw this hidden foot.	Rebecca saw these hidden foot.	-62.25	-62.25	-10.375	-10.375	False	False	morphology	determiner_noun_agreement	Write a natural, coherent English sentence.
886	16	Derek returned to these content men.	Derek returned to this content men.	-83.0	-83.0	-10.375	-10.375	False	False	morphology	determiner_noun_agreement	Write a natural, coherent English sentence.
887	16	Those teachers love those hidden women.	Those teachers love that hidden women.	-72.5	-72.5	-10.375	-10.375	False	False	morphology	determiner_noun_agreement	Write a natural, coherent English sentence.
888	16	Jennifer worried those ill men.	Jennifer worried that ill men.	-62.25	-62.25	-10.375	-10.375	False	False	morphology	determiner_noun_agreement	Write a natural, coherent English sentence.
889	16	A chair was stunning this big man.	A chair was stunning these big man.	-83.0	-83.0	-10.375	-10.375	False	False	morphology	determiner_noun_agreement	Write a natural, coherent English sentence.
890	16	Paintings looked like that gray thesis.	Paintings looked like those gray thesis.	-93.0	-93.0	-10.375	-10.375	False	False	morphology	determiner_noun_agreement	Write a natural, coherent English sentence.
891	16	Karla toured this rough oasis.	Karla toured these rough oasis.	-93.0	-93.0	-10.375	-10.375	False	False	morphology	determiner_noun_agreement	Write a natural, coherent English sentence.
892	16	Walter couldn't boycott those hidden oases.	Walter couldn't boycott that hidden oases.	-114.0	-114.0	-10.375	-10.375	False	False	morphology	determiner_noun_agreement	Write a natural, coherent English sentence.
893	16	Donald has worried this smart man.	Donald has worried these smart man.	-72.5	-72.5	-10.375	-10.375	False	False	morphology	determiner_noun_agreement	Write a natural, coherent English sentence.
894	16	Catherine has boycotted those gray oases.	Catherine has boycotted that gray oases.	-104.0	-103.5	-10.375	-10.375	False	False	morphology	determiner_noun_agreement	Write a natural, coherent English sentence.
895	16	Nicole toured those yellow oases.	Nicole toured that yellow oases.	-83.0	-83.0	-10.375	-10.375	False	False	morphology	determiner_noun_agreement	Write a natural, coherent English sentence.
896	16	Barbara praises that young woman.	Barbara praises those young woman.	-72.5	-72.5	-10.375	-10.375	False	False	morphology	determiner_noun_agreement	Write a natural, coherent English sentence.
897	16	The apple aggravates those hopeful children.	The apple aggravates that hopeful children.	-103.5	-103.5	-10.375	-10.375	False	False	morphology	determiner_noun_agreement	Write a natural, coherent English sentence.
898	16	All photographs could look like this big fungus.	All photographs could look like these big fungus.	-113.5	-114.0	-10.3125	-10.3125	True	False	morphology	determiner_noun_agreement	Write a natural, coherent English sentence.
899	16	Guys should talk about that good synopsis.	Guys should talk about those good synopsis.	-103.5	-103.5	-10.3125	-10.3125	False	False	morphology	determiner_noun_agreement	Write a natural, coherent English sentence.
900	16	Tracy discovered this concealed alumnus.	Tracy discovered these concealed alumnus.	-103.5	-103.5	-10.375	-10.375	False	False	morphology	determiner_noun_agreement	Write a natural, coherent English sentence.
901	16	All actresses are helping this troubled man.	All actresses are helping these troubled man.	-103.0	-103.0	-10.3125	-10.3125	False	False	morphology	determiner_noun_agreement	Write a natural, coherent English sentence.
902	16	Douglas isn't revealing this dirty foot.	Douglas isn't revealing these dirty foot.	-93.5	-93.5	-10.375	-10.375	False	False	morphology	determiner_noun_agreement	Write a natural, coherent English sentence.
903	16	Most senators confuse that standing child.	Most senators confuse those standing child.	-93.5	-93.5	-10.375	-10.375	False	False	morphology	determiner_noun_agreement	Write a natural, coherent English sentence.
904	16	Those doctors embarrass that upset woman.	Those doctors embarrass those upset woman.	-72.5	-72.5	-10.375	-10.375	False	False	morphology	determiner_noun_agreement	Write a natural, coherent English sentence.
905	16	A lot of customers were healing those sick men.	A lot of customers were healing that sick men.	-103.5	-103.5	-10.375	-10.3125	False	False	morphology	determiner_noun_agreement	Write a natural, coherent English sentence.
906	16	Sabrina does conceal these old alumni.	Sabrina does conceal this old alumni.	-124.0	-124.0	-10.375	-10.375	False	False	morphology	determiner_noun_agreement	Write a natural, coherent English sentence.
907	16	Many girls can't observe those young alumni.	Many girls can't observe that young alumni.	-124.5	-124.5	-10.375	-10.375	False	False	morphology	determiner_noun_agreement	Write a natural, coherent English sentence.
908	16	The actresses hire that lucky man.	The actresses hire those lucky man.	-83.0	-83.0	-10.375	-10.375	False	False	morphology	determiner_noun_agreement	Write a natural, coherent English sentence.
909	16	Andrea is firing that scared child.	Andrea is firing those scared child.	-72.5	-72.5	-10.375	-10.375	False	False	morphology	determiner_noun_agreement	Write a natural, coherent English sentence.
910	16	That dancer scanned that bad synopsis.	That dancer scanned those bad synopsis.	-104.0	-104.0	-10.375	-10.375	False	False	morphology	determiner_noun_agreement	Write a natural, coherent English sentence.
911	16	Daniel breaks these dirty teeth.	Daniel breaks this dirty teeth.	-62.25	-62.25	-10.375	-10.375	False	False	morphology	determiner_noun_agreement	Write a natural, coherent English sentence.
912	16	Students had messed up those purple teeth.	Students had messed up that purple teeth.	-93.0	-93.0	-10.375	-10.375	False	False	morphology	determiner_noun_agreement	Write a natural, coherent English sentence.
913	16	Becky boycotted those old oases.	Becky boycotted that old oases.	-103.5	-103.5	-10.375	-10.375	False	False	morphology	determiner_noun_agreement	Write a natural, coherent English sentence.
914	16	Florence talks to those good women.	Florence talks to that good women.	-73.0	-72.5	-10.375	-10.375	False	False	morphology	determiner_noun_agreement	Write a natural, coherent English sentence.
915	16	Carmen won't break this big foot.	Carmen won't break these big foot.	-104.0	-104.0	-10.375	-10.375	False	False	morphology	determiner_noun_agreement	Write a natural, coherent English sentence.
916	16	Stephen fired those employed men.	Stephen fired that employed men.	-62.25	-62.25	-10.375	-10.375	False	False	morphology	determiner_noun_agreement	Write a natural, coherent English sentence.
917	16	Many governments confuse this sick woman.	Many governments confuse these sick woman.	-83.0	-83.0	-10.375	-10.375	False	False	morphology	determiner_noun_agreement	Write a natural, coherent English sentence.
918	16	Heidi healed this troubled child.	Heidi healed these troubled child.	-93.0	-93.0	-10.3125	-10.3125	False	False	morphology	determiner_noun_agreement	Write a natural, coherent English sentence.
919	16	Daniel questions these employed alumni.	Daniel questions this employed alumni.	-83.0	-83.0	-10.375	-10.375	False	False	morphology	determiner_noun_agreement	Write a natural, coherent English sentence.
920	16	People admire these yellow oxen.	People admire this yellow oxen.	-83.0	-83.0	-10.375	-10.375	False	False	morphology	determiner_noun_agreement	Write a natural, coherent English sentence.
921	16	Those adults embarrasses this displeased woman.	Those adults embarrasses these displeased woman.	-103.5	-104.0	-10.375	-10.375	True	False	morphology	determiner_noun_agreement	Write a natural, coherent English sentence.
922	16	Winston Churchill notices these big nuclei.	Winston Churchill notices this big nuclei.	-114.0	-114.0	-10.3125	-10.3125	False	False	morphology	determiner_noun_agreement	Write a natural, coherent English sentence.
923	16	All women hide those concealed nuclei.	All women hide that concealed nuclei.	-93.0	-93.0	-10.375	-10.375	False	False	morphology	determiner_noun_agreement	Write a natural, coherent English sentence.
924	16	Charles was escaping from those lucky men.	Charles was escaping from that lucky men.	-93.5	-93.5	-10.375	-10.375	False	False	morphology	determiner_noun_agreement	Write a natural, coherent English sentence.
925	16	Paul doesn't insult this happy woman.	Paul doesn't insult these happy woman.	-93.5	-93.5	-10.375	-10.375	False	False	morphology	determiner_noun_agreement	Write a natural, coherent English sentence.
926	16	Galileo isn't scanning this brown thesis.	Galileo isn't scanning these brown thesis.	-124.5	-124.5	-10.375	-10.375	False	False	morphology	determiner_noun_agreement	Write a natural, coherent English sentence.
927	16	The newspaper article doesn't annoy that exposed man.	The newspaper article doesn't annoy those exposed man.	-114.0	-114.0	-10.3125	-10.375	False	True	morphology	determiner_noun_agreement	Write a natural, coherent English sentence.
928	16	Carmen noticed these gray cacti.	Carmen noticed this gray cacti.	-93.5	-93.5	-10.375	-10.375	False	False	morphology	determiner_noun_agreement	Write a natural, coherent English sentence.
929	16	Teresa approaches this upset man.	Teresa approaches these upset man.	-72.5	-72.5	-10.375	-10.375	False	False	morphology	determiner_noun_agreement	Write a natural, coherent English sentence.
930	16	April was revealing this hidden woman.	April was revealing these hidden woman.	-72.5	-72.5	-10.375	-10.375	False	False	morphology	determiner_noun_agreement	Write a natural, coherent English sentence.
931	16	Michael has loved these scared men.	Michael has loved this scared men.	-73.0	-72.5	-10.375	-10.375	False	False	morphology	determiner_noun_agreement	Write a natural, coherent English sentence.
932	16	Joseph hadn't bought those hard lice.	Joseph hadn't bought that hard lice.	-103.5	-103.5	-10.375	-10.375	False	False	morphology	determiner_noun_agreement	Write a natural, coherent English sentence.
933	16	Larry did drive to this out in the open oasis.	Larry did drive to these out in the open oasis.	-124.0	-124.0	-10.375	-10.375	False	False	morphology	determiner_noun_agreement	Write a natural, coherent English sentence.
934	16	Lisa hasn't driven to that new oasis.	Lisa hasn't driven to those new oasis.	-114.0	-114.0	-10.375	-10.375	False	False	morphology	determiner_noun_agreement	Write a natural, coherent English sentence.
935	16	Steve scanned this good synopsis.	Steve scanned these good synopsis.	-83.0	-83.0	-10.375	-10.375	False	False	morphology	determiner_noun_agreement	Write a natural, coherent English sentence.
936	16	The Lutherans care for those hopeful men.	The Lutherans care for that hopeful men.	-103.5	-103.5	-10.375	-10.375	False	False	morphology	determiner_noun_agreement	Write a natural, coherent English sentence.
937	16	Christine bikes to these orange oases.	Christine bikes to this orange oases.	-103.5	-103.5	-10.375	-10.375	False	False	morphology	determiner_noun_agreement	Write a natural, coherent English sentence.
938	16	Most actors distracted this popular woman.	Most actors distracted these popular woman.	-83.0	-83.0	-10.375	-10.375	False	False	morphology	determiner_noun_agreement	Write a natural, coherent English sentence.
939	16	Emily should observe those displeased men.	Emily should observe that displeased men.	-93.5	-93.5	-10.375	-10.375	False	False	morphology	determiner_noun_agreement	Write a natural, coherent English sentence.
940	16	The drivers do sell this green thesis.	The drivers do sell these green thesis.	-83.0	-83.0	-10.375	-10.375	False	False	morphology	determiner_noun_agreement	Write a natural, coherent English sentence.
941	16	Most drivers love these unemployed men.	Most drivers love this unemployed men.	-83.0	-82.5	-10.375	-10.3125	False	False	morphology	determiner_noun_agreement	Write a natural, coherent English sentence.
942	16	Those doctors care for this hopeful man.	Those doctors care for these hopeful man.	-93.0	-93.0	-10.3125	-10.3125	False	False	morphology	determiner_noun_agreement	Write a natural, coherent English sentence.
943	16	Brad kisses that displeased man.	Brad kisses those displeased man.	-93.5	-93.5	-10.375	-10.375	False	False	morphology	determiner_noun_agreement	Write a natural, coherent English sentence.
944	16	Danielle had argued about those troubled men.	Danielle had argued about that troubled men.	-103.5	-103.5	-10.375	-10.375	False	False	morphology	determiner_noun_agreement	Write a natural, coherent English sentence.
945	16	An actor is disgusting those unsure men.	An actor is disgusting that unsure men.	-103.5	-103.5	-10.375	-10.375	False	False	morphology	determiner_noun_agreement	Write a natural, coherent English sentence.
946	16	Galileo didn't hurt those displeased children.	Galileo didn't hurt that displeased children.	-135.0	-135.0	-10.375	-10.375	False	False	morphology	determiner_noun_agreement	Write a natural, coherent English sentence.
947	16	Omar messed up these small teeth.	Omar messed up this small teeth.	-93.5	-93.0	-10.375	-10.375	False	False	morphology	determiner_noun_agreement	Write a natural, coherent English sentence.
948	16	Carmen will watch this smart person.	Carmen will watch these smart person.	-83.0	-83.0	-10.375	-10.375	False	False	morphology	determiner_noun_agreement	Write a natural, coherent English sentence.
949	16	Jeffrey hid that unlucky child.	Jeffrey hid those unlucky child.	-93.0	-93.0	-10.3125	-10.375	False	True	morphology	determiner_noun_agreement	Write a natural, coherent English sentence.
950	16	Every plane bothers this upset child.	Every plane bothers these upset child.	-82.5	-82.5	-10.3125	-10.3125	False	False	morphology	determiner_noun_agreement	Write a natural, coherent English sentence.
951	16	A lot of hospitals have those blue teeth.	A lot of hospitals have that blue teeth.	-93.0	-93.0	-10.3125	-10.3125	False	False	morphology	determiner_noun_agreement	Write a natural, coherent English sentence.
952	16	Nancy wasn't disturbing that clever man.	Nancy wasn't disturbing those clever man.	-103.5	-103.5	-10.375	-10.375	False	False	morphology	determiner_noun_agreement	Write a natural, coherent English sentence.
953	16	These ladies bought that white tooth.	These ladies bought those white tooth.	-72.5	-72.5	-10.375	-10.375	False	False	morphology	determiner_noun_agreement	Write a natural, coherent English sentence.
954	16	Every skirt annoys that confident person.	Every skirt annoys those confident person.	-93.5	-93.5	-10.375	-10.375	False	False	morphology	determiner_noun_agreement	Write a natural, coherent English sentence.
955	16	These actors weren't biking to these red oases.	These actors weren't biking to this red oases.	-135.0	-135.0	-10.375	-10.375	False	False	morphology	determiner_noun_agreement	Write a natural, coherent English sentence.
956	16	Carmen has described those confident people.	Carmen has described that confident people.	-83.0	-83.0	-10.375	-10.375	False	False	morphology	determiner_noun_agreement	Write a natural, coherent English sentence.
957	16	All legislatures criticize that brown oasis.	All legislatures criticize those brown oasis.	-103.5	-103.5	-10.375	-10.375	False	False	morphology	determiner_noun_agreement	Write a natural, coherent English sentence.
958	16	Paula works with that clever person.	Paula works with those clever person.	-83.0	-83.0	-10.375	-10.375	False	False	morphology	determiner_noun_agreement	Write a natural, coherent English sentence.
959	16	Benjamin respects those confident children.	Benjamin respects that confident children.	-73.0	-73.0	-10.375	-10.375	False	False	morphology	determiner_noun_agreement	Write a natural, coherent English sentence.
960	16	Mitchell attacked these unsure alumni.	Mitchell attacked this unsure alumni.	-93.5	-93.5	-10.375	-10.375	False	False	morphology	determiner_noun_agreement	Write a natural, coherent English sentence.
961	16	The Lutherans hadn't cleaned these broken teeth.	The Lutherans hadn't cleaned this broken teeth.	-114.0	-114.0	-10.375	-10.375	False	False	morphology	determiner_noun_agreement	Write a natural, coherent English sentence.
962	16	A lot of children observe that young child.	A lot of children observe those young child.	-93.0	-93.0	-10.3125	-10.3125	False	False	morphology	determiner_noun_agreement	Write a natural, coherent English sentence.
963	16	Gary hadn't sounded like this out in the open oasis.	Gary hadn't sounded like these out in the open oasis.	-145.0	-145.0	-10.375	-10.375	False	False	morphology	determiner_noun_agreement	Write a natural, coherent English sentence.
964	16	That fish annoyed this serious alumnus.	That fish annoyed these serious alumnus.	-103.5	-103.5	-10.375	-10.3125	False	False	morphology	determiner_noun_agreement	Write a natural, coherent English sentence.
965	16	Spotlights worry those standing people.	Spotlights worry that standing people.	-72.5	-72.5	-10.375	-10.375	False	False	morphology	determiner_noun_agreement	Write a natural, coherent English sentence.
966	16	Rodney returned to these content alumni.	Rodney returned to this content alumni.	-103.5	-103.5	-10.375	-10.375	False	False	morphology	determiner_noun_agreement	Write a natural, coherent English sentence.
967	16	Bruce references this unemployed child.	Bruce references these unemployed child.	-72.5	-72.5	-10.375	-10.375	False	False	morphology	determiner_noun_agreement	Write a natural, coherent English sentence.
968	16	Many museums criticize this bad analysis.	Many museums criticize these bad analysis.	-93.0	-93.0	-10.3125	-10.3125	False	False	morphology	determiner_noun_agreement	Write a natural, coherent English sentence.
969	16	Danielle knows that concealed man.	Danielle knows those concealed man.	-83.0	-83.0	-10.375	-10.375	False	False	morphology	determiner_noun_agreement	Write a natural, coherent English sentence.
970	16	Katherine sells that smooth oasis.	Katherine sells those smooth oasis.	-93.0	-93.0	-10.375	-10.3125	False	False	morphology	determiner_noun_agreement	Write a natural, coherent English sentence.
971	16	Meredith hadn't scared these clever people.	Meredith hadn't scared this clever people.	-114.0	-114.0	-10.375	-10.375	False	False	morphology	determiner_noun_agreement	Write a natural, coherent English sentence.
972	16	Walter biked to these gray oases.	Walter biked to this gray oases.	-104.0	-104.0	-10.375	-10.375	False	False	morphology	determiner_noun_agreement	Write a natural, coherent English sentence.
973	16	Phillip has investigated this unemployed man.	Phillip has investigated these unemployed man.	-93.0	-93.0	-10.375	-10.375	False	False	morphology	determiner_noun_agreement	Write a natural, coherent English sentence.
974	16	Alice knows that ill woman.	Alice knows those ill woman.	-62.25	-62.25	-10.375	-10.375	False	False	morphology	determiner_noun_agreement	Write a natural, coherent English sentence.
975	16	Daniel bothered that unemployed alumnus.	Daniel bothered those unemployed alumnus.	-93.0	-93.0	-10.375	-10.375	False	False	morphology	determiner_noun_agreement	Write a natural, coherent English sentence.
976	16	Some children notice this black thesis.	Some children notice these black thesis.	-72.5	-72.5	-10.375	-10.375	False	False	morphology	determiner_noun_agreement	Write a natural, coherent English sentence.
977	16	George has alarmed these unemployed children.	George has alarmed this unemployed children.	-93.5	-93.0	-10.375	-10.375	False	False	morphology	determiner_noun_agreement	Write a natural, coherent English sentence.
978	16	Sarah won't drive to this concealed oasis.	Sarah won't drive to these concealed oasis.	-124.5	-124.5	-10.375	-10.375	False	False	morphology	determiner_noun_agreement	Write a natural, coherent English sentence.
979	16	Grace arrived at those small oases.	Grace arrived at that small oases.	-83.0	-83.0	-10.375	-10.375	False	False	morphology	determiner_noun_agreement	Write a natural, coherent English sentence.
980	16	David kisses that lucky man.	David kisses those lucky man.	-72.5	-72.5	-10.375	-10.375	False	False	morphology	determiner_noun_agreement	Write a natural, coherent English sentence.
981	16	Laura isn't lifting this smooth axis.	Laura isn't lifting these smooth axis.	-93.0	-93.0	-10.375	-10.375	False	False	morphology	determiner_noun_agreement	Write a natural, coherent English sentence.
982	16	Mark embarrassed these confident children.	Mark embarrassed this confident children.	-62.25	-62.25	-10.375	-10.375	False	False	morphology	determiner_noun_agreement	Write a natural, coherent English sentence.
983	16	Patients bothers this employed man.	Patients bothers these employed man.	-83.0	-83.0	-10.375	-10.375	False	False	morphology	determiner_noun_agreement	Write a natural, coherent English sentence.
984	16	Christopher has criticized this bad synopsis.	Christopher has criticized these bad synopsis.	-93.0	-93.0	-10.3125	-10.3125	False	False	morphology	determiner_noun_agreement	Write a natural, coherent English sentence.
985	16	Todd hadn't gone to this cheap oasis.	Todd hadn't gone to these cheap oasis.	-114.0	-114.0	-10.375	-10.375	False	False	morphology	determiner_noun_agreement	Write a natural, coherent English sentence.
986	16	Becca does investigate this lucky alumnus.	Becca does investigate these lucky alumnus.	-103.5	-103.5	-10.375	-10.375	False	False	morphology	determiner_noun_agreement	Write a natural, coherent English sentence.
987	16	Sabrina visits those fast women.	Sabrina visits that fast women.	-83.0	-83.0	-10.375	-10.375	False	False	morphology	determiner_noun_agreement	Write a natural, coherent English sentence.
988	16	Janet knew those unconvinced children.	Janet knew that unconvinced children.	-104.0	-104.0	-10.375	-10.375	False	False	morphology	determiner_noun_agreement	Write a natural, coherent English sentence.
989	16	Christine hated this young man.	Christine hated these young man.	-72.5	-72.5	-10.375	-10.375	False	False	morphology	determiner_noun_agreement	Write a natural, coherent English sentence.
990	16	Chad hadn't complained about these big oases.	Chad hadn't complained about this big oases.	-124.0	-124.0	-10.375	-10.375	False	False	morphology	determiner_noun_agreement	Write a natural, coherent English sentence.
991	16	Many bikes stun that nice man.	Many bikes stun those nice man.	-93.5	-93.5	-10.375	-10.375	False	False	morphology	determiner_noun_agreement	Write a natural, coherent English sentence.
992	16	William hasn't investigated these fast men.	William hasn't investigated this fast men.	-93.5	-93.0	-10.375	-10.375	False	False	morphology	determiner_noun_agreement	Write a natural, coherent English sentence.
993	16	Kristin couldn't research these smooth oases.	Kristin couldn't research this smooth oases.	-114.0	-114.0	-10.375	-10.375	False	False	morphology	determiner_noun_agreement	Write a natural, coherent English sentence.
994	16	Travis arrives at these old oases.	Travis arrives at this old oases.	-93.0	-93.0	-10.375	-10.375	False	False	morphology	determiner_noun_agreement	Write a natural, coherent English sentence.
995	16	Many boys drive to this yellow oasis.	Many boys drive to these yellow oasis.	-93.0	-93.0	-10.3125	-10.375	False	True	morphology	determiner_noun_agreement	Write a natural, coherent English sentence.
996	16	Danielle won't heal those unlucky people.	Danielle won't heal that unlucky people.	-124.5	-124.5	-10.375	-10.375	False	False	morphology	determiner_noun_agreement	Write a natural, coherent English sentence.
997	16	Sabrina wouldn't go to that new oasis.	Sabrina wouldn't go to those new oasis.	-135.0	-135.0	-10.375	-10.375	False	False	morphology	determiner_noun_agreement	Write a natural, coherent English sentence.
998	16	This movie theater annoys these lucky alumni.	This movie theater annoys this lucky alumni.	-124.5	-124.5	-10.375	-10.375	False	False	morphology	determiner_noun_agreement	Write a natural, coherent English sentence.
999	16	Stacy doesn't appreciate that out in the open woman.	Stacy doesn't appreciate those out in the open woman.	-135.0	-135.0	-10.375	-10.375	False	False	morphology	determiner_noun_agreement	Write a natural, coherent English sentence.
0	17	Alexander didn't walk through that new oasis.	Alexander didn't walk through those new oasis.	-113.5	-113.5	-10.3125	-10.3125	False	False	morphology	determiner_noun_agreement	Write a natural, coherent English sentence.
1	17	This hair irritates these old alumni.	This hair irritates this old alumni.	-103.5	-103.5	-10.375	-10.375	False	False	morphology	determiner_noun_agreement	Write a natural, coherent English sentence.
2	17	Winston Churchill was escaping from this serious person.	Winston Churchill was escaping from these serious person.	-124.5	-124.5	-10.375	-10.375	False	False	morphology	determiner_noun_agreement	Write a natural, coherent English sentence.
3	17	Anna walks through these purple oases.	Anna walks through this purple oases.	-83.0	-83.0	-10.375	-10.375	False	False	morphology	determiner_noun_agreement	Write a natural, coherent English sentence.
4	17	Alicia sounded like this good analysis.	Alicia sounded like these good analysis.	-93.0	-93.0	-10.375	-10.375	False	False	morphology	determiner_noun_agreement	Write a natural, coherent English sentence.
5	17	Jeffrey might complain about this gray thesis.	Jeffrey might complain about these gray thesis.	-93.0	-93.0	-10.3125	-10.3125	False	False	morphology	determiner_noun_agreement	Write a natural, coherent English sentence.
6	17	Meredith approaches these concealed women.	Meredith approaches this concealed women.	-93.5	-93.5	-10.375	-10.375	False	False	morphology	determiner_noun_agreement	Write a natural, coherent English sentence.
7	17	Julia questioned those small children.	Julia questioned that small children.	-62.5	-62.5	-10.4375	-10.375	False	False	morphology	determiner_noun_agreement	Write a natural, coherent English sentence.
8	17	That adult has brought that purple octopus.	That adult has brought those purple octopus.	-103.5	-103.5	-10.375	-10.375	False	False	morphology	determiner_noun_agreement	Write a natural, coherent English sentence.
9	17	The people hug this displeased woman.	The people hug these displeased woman.	-93.0	-93.5	-10.375	-10.375	True	False	morphology	determiner_noun_agreement	Write a natural, coherent English sentence.
10	17	That beef did bore these displeased people.	That beef did bore this displeased people.	-104.0	-104.0	-10.375	-10.375	False	False	morphology	determiner_noun_agreement	Write a natural, coherent English sentence.
11	17	These libraries talk about these long synopses.	These libraries talk about this long synopses.	-103.5	-103.5	-10.375	-10.375	False	False	morphology	determiner_noun_agreement	Write a natural, coherent English sentence.
12	17	Lori wasn't hiring those delighted men.	Lori wasn't hiring that delighted men.	-104.0	-104.0	-10.375	-10.375	False	False	morphology	determiner_noun_agreement	Write a natural, coherent English sentence.
13	17	The teachers are running around this concealed oasis.	The teachers are running around these concealed oasis.	-114.0	-114.0	-10.375	-10.3125	False	False	morphology	determiner_noun_agreement	Write a natural, coherent English sentence.
14	17	Those bananas embarrass these delighted people.	Those bananas embarrass this delighted people.	-83.0	-83.0	-10.375	-10.375	False	False	morphology	determiner_noun_agreement	Write a natural, coherent English sentence.
15	17	Mitchell brought those green oases.	Mitchell brought that green oases.	-72.5	-72.5	-10.375	-10.375	False	False	morphology	determiner_noun_agreement	Write a natural, coherent English sentence.
16	17	The actresses complain about this rough thesis.	The actresses complain about these rough thesis.	-93.0	-93.0	-10.375	-10.375	False	False	morphology	determiner_noun_agreement	Write a natural, coherent English sentence.
17	17	Russell investigates these fast women.	Russell investigates this fast women.	-72.5	-72.5	-10.375	-10.375	False	False	morphology	determiner_noun_agreement	Write a natural, coherent English sentence.
18	17	Irene praised those bad synopses.	Irene praised that bad synopses.	-93.5	-93.5	-10.375	-10.375	False	False	morphology	determiner_noun_agreement	Write a natural, coherent English sentence.
19	17	Denise did confuse that important woman.	Denise did confuse those important woman.	-93.0	-93.5	-10.375	-10.375	True	False	morphology	determiner_noun_agreement	Write a natural, coherent English sentence.
20	17	Some patients dislike those nice women.	Some patients dislike that nice women.	-83.0	-83.0	-10.375	-10.375	False	False	morphology	determiner_noun_agreement	Write a natural, coherent English sentence.
21	17	Amelia wasn't observing this hopeful man.	Amelia wasn't observing these hopeful man.	-124.0	-124.0	-10.3125	-10.375	False	True	morphology	determiner_noun_agreement	Write a natural, coherent English sentence.
22	17	Grace is hugging these popular women.	Grace is hugging this popular women.	-83.0	-83.0	-10.375	-10.375	False	False	morphology	determiner_noun_agreement	Write a natural, coherent English sentence.
23	17	Julia might describe this long synopsis.	Julia might describe these long synopsis.	-83.0	-83.0	-10.375	-10.375	False	False	morphology	determiner_noun_agreement	Write a natural, coherent English sentence.
24	17	Many pedestrians do return to these happy men.	Many pedestrians do return to this happy men.	-114.0	-114.0	-10.375	-10.375	False	False	morphology	determiner_noun_agreement	Write a natural, coherent English sentence.
25	17	Laura noticed that determined man.	Laura noticed those determined man.	-62.25	-62.25	-10.375	-10.375	False	False	morphology	determiner_noun_agreement	Write a natural, coherent English sentence.
26	17	Julie would pass those red oases.	Julie would pass that red oases.	-83.0	-83.0	-10.375	-10.375	False	False	morphology	determiner_noun_agreement	Write a natural, coherent English sentence.
27	17	These doctors boast about this out in the open child.	These doctors boast about these out in the open child.	-124.0	-124.0	-10.375	-10.375	False	False	morphology	determiner_noun_agreement	Write a natural, coherent English sentence.
28	17	Stephen isn't revealing this brown nucleus.	Stephen isn't revealing these brown nucleus.	-103.5	-103.5	-10.375	-10.375	False	False	morphology	determiner_noun_agreement	Write a natural, coherent English sentence.
29	17	Travel stuns that sick child.	Travel stuns those sick child.	-72.5	-72.5	-10.375	-10.375	False	False	morphology	determiner_noun_agreement	Write a natural, coherent English sentence.
30	17	Amelia healed that unemployed woman.	Amelia healed those unemployed woman.	-93.0	-93.0	-10.375	-10.375	False	False	morphology	determiner_noun_agreement	Write a natural, coherent English sentence.
31	17	Noah attacks that ill child.	Noah attacks those ill child.	-62.25	-62.25	-10.375	-10.375	False	False	morphology	determiner_noun_agreement	Write a natural, coherent English sentence.
32	17	Randolf buys those gray fungi.	Randolf buys that gray fungi.	-93.5	-93.5	-10.375	-10.375	False	False	morphology	determiner_noun_agreement	Write a natural, coherent English sentence.
33	17	Some pedestrians disagreed with this big woman.	Some pedestrians disagreed with these big woman.	-114.0	-114.0	-10.375	-10.375	False	False	morphology	determiner_noun_agreement	Write a natural, coherent English sentence.
34	17	Adam might sound like these determined children.	Adam might sound like this determined children.	-83.0	-83.0	-10.375	-10.375	False	False	morphology	determiner_noun_agreement	Write a natural, coherent English sentence.
35	17	Bill has stunned this confident man.	Bill has stunned these confident man.	-83.0	-83.0	-10.375	-10.375	False	False	morphology	determiner_noun_agreement	Write a natural, coherent English sentence.
36	17	Rhonda should see these blue oases.	Rhonda should see this blue oases.	-93.0	-93.5	-10.375	-10.375	True	False	morphology	determiner_noun_agreement	Write a natural, coherent English sentence.
37	17	Stephen cares for that out in the open alumnus.	Stephen cares for those out in the open alumnus.	-124.0	-124.0	-10.375	-10.375	False	False	morphology	determiner_noun_agreement	Write a natural, coherent English sentence.
38	17	Cheryl has bought this green oasis.	Cheryl has bought these green oasis.	-93.0	-93.0	-10.3125	-10.3125	False	False	morphology	determiner_noun_agreement	Write a natural, coherent English sentence.
39	17	Every door annoyed this lucky child.	Every door annoyed these lucky child.	-83.0	-83.0	-10.375	-10.375	False	False	morphology	determiner_noun_agreement	Write a natural, coherent English sentence.
40	17	Gerald cures that unlucky child.	Gerald cures those unlucky child.	-103.5	-103.5	-10.375	-10.375	False	False	morphology	determiner_noun_agreement	Write a natural, coherent English sentence.
41	17	Eyes weren't worrying this troubled child.	Eyes weren't worrying these troubled child.	-114.0	-114.0	-10.375	-10.375	False	False	morphology	determiner_noun_agreement	Write a natural, coherent English sentence.
42	17	Michael isn't referencing this long synopsis.	Michael isn't referencing these long synopsis.	-114.0	-114.0	-10.375	-10.375	False	False	morphology	determiner_noun_agreement	Write a natural, coherent English sentence.
43	17	Robert insults this serious man.	Robert insults these serious man.	-72.5	-72.5	-10.375	-10.375	False	False	morphology	determiner_noun_agreement	Write a natural, coherent English sentence.
44	17	Waitresses describe that smart alumnus.	Waitresses describe those smart alumnus.	-103.5	-103.5	-10.3125	-10.3125	False	False	morphology	determiner_noun_agreement	Write a natural, coherent English sentence.
45	17	Dan doesn't respect this unemployed alumnus.	Dan doesn't respect these unemployed alumnus.	-124.0	-124.0	-10.3125	-10.3125	False	False	morphology	determiner_noun_agreement	Write a natural, coherent English sentence.
46	17	Eric has upset those scared people.	Eric has upset that scared people.	-72.5	-72.5	-10.375	-10.375	False	False	morphology	determiner_noun_agreement	Write a natural, coherent English sentence.
47	17	Sabrina was biking to this exposed oasis.	Sabrina was biking to these exposed oasis.	-124.5	-124.0	-10.375	-10.375	False	False	morphology	determiner_noun_agreement	Write a natural, coherent English sentence.
48	17	Edward can't think about these exposed mice.	Edward can't think about this exposed mice.	-114.0	-114.0	-10.375	-10.375	False	False	morphology	determiner_noun_agreement	Write a natural, coherent English sentence.
49	17	Phillip listened to this standing alumnus.	Phillip listened to these standing alumnus.	-103.5	-103.5	-10.375	-10.375	False	False	morphology	determiner_noun_agreement	Write a natural, coherent English sentence.
50	17	Those men skate around this small oasis.	Those men skate around these small oasis.	-103.5	-103.5	-10.375	-10.375	False	False	morphology	determiner_noun_agreement	Write a natural, coherent English sentence.
51	17	Rhonda could think about those content children.	Rhonda could think about that content children.	-93.0	-93.0	-10.375	-10.375	False	False	morphology	determiner_noun_agreement	Write a natural, coherent English sentence.
52	17	Melissa had remembered that unsure person.	Melissa had remembered those unsure person.	-93.0	-93.0	-10.375	-10.375	False	False	morphology	determiner_noun_agreement	Write a natural, coherent English sentence.
53	17	The students talk about this upset person.	The students talk about these upset person.	-82.5	-83.0	-10.3125	-10.375	True	True	morphology	determiner_noun_agreement	Write a natural, coherent English sentence.
54	17	Leslie insults those upset alumni.	Leslie insults that upset alumni.	-103.5	-103.5	-10.3125	-10.3125	False	False	morphology	determiner_noun_agreement	Write a natural, coherent English sentence.
55	17	Hats distract this ill man.	Hats distract these ill man.	-72.5	-72.5	-10.375	-10.375	False	False	morphology	determiner_noun_agreement	Write a natural, coherent English sentence.
56	17	Dawn sounded like this determined child.	Dawn sounded like these determined child.	-83.0	-83.0	-10.375	-10.375	False	False	morphology	determiner_noun_agreement	Write a natural, coherent English sentence.
57	17	Carl had run around that brown oasis.	Carl had run around those brown oasis.	-93.0	-93.0	-10.375	-10.375	False	False	morphology	determiner_noun_agreement	Write a natural, coherent English sentence.
58	17	Anna criticizes these concealed children.	Anna criticizes this concealed children.	-83.0	-83.0	-10.375	-10.375	False	False	morphology	determiner_noun_agreement	Write a natural, coherent English sentence.
59	17	The waiter might criticize that unemployed man.	The waiter might criticize those unemployed man.	-113.5	-114.0	-10.3125	-10.3125	True	False	morphology	determiner_noun_agreement	Write a natural, coherent English sentence.
60	17	Tracy was investigating this troubled alumnus.	Tracy was investigating these troubled alumnus.	-124.0	-124.0	-10.375	-10.375	False	False	morphology	determiner_noun_agreement	Write a natural, coherent English sentence.
61	17	These newspaper articles astound this clever child.	These newspaper articles astound these clever child.	-93.0	-93.0	-10.375	-10.375	False	False	morphology	determiner_noun_agreement	Write a natural, coherent English sentence.
62	17	Dana hadn't attacked this small man.	Dana hadn't attacked these small man.	-103.5	-103.5	-10.375	-10.375	False	False	morphology	determiner_noun_agreement	Write a natural, coherent English sentence.
63	17	Curtis wasn't breaking those hard teeth.	Curtis wasn't breaking that hard teeth.	-103.5	-103.5	-10.375	-10.375	False	False	morphology	determiner_noun_agreement	Write a natural, coherent English sentence.
64	17	All customers attack this employed alumnus.	All customers attack these employed alumnus.	-93.0	-93.0	-10.375	-10.375	False	False	morphology	determiner_noun_agreement	Write a natural, coherent English sentence.
65	17	Most ladies go to those purple oases.	Most ladies go to that purple oases.	-93.5	-93.5	-10.375	-10.375	False	False	morphology	determiner_noun_agreement	Write a natural, coherent English sentence.
66	17	A dancer tours that blue oasis.	A dancer tours those blue oasis.	-93.0	-93.0	-10.375	-10.375	False	False	morphology	determiner_noun_agreement	Write a natural, coherent English sentence.
67	17	Steven irritated this unconvinced woman.	Steven irritated these unconvinced woman.	-103.5	-103.5	-10.375	-10.375	False	False	morphology	determiner_noun_agreement	Write a natural, coherent English sentence.
68	17	Tara wasn't helping that sick man.	Tara wasn't helping those sick man.	-103.5	-103.5	-10.375	-10.375	False	False	morphology	determiner_noun_agreement	Write a natural, coherent English sentence.
69	17	The dancers aren't cleaning that smooth fungus.	The dancers aren't cleaning those smooth fungus.	-135.0	-135.0	-10.375	-10.375	False	False	morphology	determiner_noun_agreement	Write a natural, coherent English sentence.
70	17	Melissa had talked about these white theses.	Melissa had talked about this white theses.	-103.5	-103.5	-10.3125	-10.3125	False	False	morphology	determiner_noun_agreement	Write a natural, coherent English sentence.
71	17	The man isn't watching those upset men.	The man isn't watching that upset men.	-103.5	-103.5	-10.375	-10.375	False	False	morphology	determiner_noun_agreement	Write a natural, coherent English sentence.
72	17	Sabrina won't worry this out in the open person.	Sabrina won't worry these out in the open person.	-145.0	-145.0	-10.375	-10.375	False	False	morphology	determiner_noun_agreement	Write a natural, coherent English sentence.
73	17	Every bird embarrassed these unemployed men.	Every bird embarrassed this unemployed men.	-82.5	-82.5	-10.3125	-10.3125	False	False	morphology	determiner_noun_agreement	Write a natural, coherent English sentence.
74	17	The Borgias drive to that small oasis.	The Borgias drive to those small oasis.	-114.0	-114.0	-10.375	-10.375	False	False	morphology	determiner_noun_agreement	Write a natural, coherent English sentence.
75	17	Bradley likes these brown fungi.	Bradley likes this brown fungi.	-83.0	-83.0	-10.375	-10.375	False	False	morphology	determiner_noun_agreement	Write a natural, coherent English sentence.
76	17	Most guys go to that black oasis.	Most guys go to those black oasis.	-93.0	-93.0	-10.3125	-10.3125	False	False	morphology	determiner_noun_agreement	Write a natural, coherent English sentence.
77	17	A pedestrian hadn't approached these hopeful women.	A pedestrian hadn't approached this hopeful women.	-124.0	-124.0	-10.375	-10.375	False	False	morphology	determiner_noun_agreement	Write a natural, coherent English sentence.
78	17	Some senators aren't healing this unemployed alumnus.	Some senators aren't healing these unemployed alumnus.	-145.0	-145.0	-10.375	-10.375	False	False	morphology	determiner_noun_agreement	Write a natural, coherent English sentence.
79	17	That cart wasn't stunning these exposed men.	That cart wasn't stunning this exposed men.	-104.0	-103.5	-10.375	-10.375	False	False	morphology	determiner_noun_agreement	Write a natural, coherent English sentence.
80	17	Joel can think about this smart man.	Joel can think about these smart man.	-83.0	-83.0	-10.375	-10.375	False	False	morphology	determiner_noun_agreement	Write a natural, coherent English sentence.
81	17	Those prints disgust those good people.	Those prints disgust that good people.	-72.5	-72.5	-10.375	-10.375	False	False	morphology	determiner_noun_agreement	Write a natural, coherent English sentence.
82	17	Beverly hadn't passed these yellow oases.	Beverly hadn't passed this yellow oases.	-114.0	-113.5	-10.3125	-10.3125	False	False	morphology	determiner_noun_agreement	Write a natural, coherent English sentence.
83	17	A lot of prints irritate this unconvinced woman.	A lot of prints irritate these unconvinced woman.	-134.0	-134.0	-10.3125	-10.3125	False	False	morphology	determiner_noun_agreement	Write a natural, coherent English sentence.
84	17	Many customers hire those standing alumni.	Many customers hire that standing alumni.	-93.0	-93.0	-10.375	-10.375	False	False	morphology	determiner_noun_agreement	Write a natural, coherent English sentence.
85	17	Some rug isn't irritating that nice woman.	Some rug isn't irritating those nice woman.	-114.0	-114.0	-10.375	-10.375	False	False	morphology	determiner_noun_agreement	Write a natural, coherent English sentence.
86	17	Jill embarrassed those busy men.	Jill embarrassed that busy men.	-73.0	-73.0	-10.375	-10.375	False	False	morphology	determiner_noun_agreement	Write a natural, coherent English sentence.
87	17	Most sketches could hurt this uncertain person.	Most sketches could hurt these uncertain person.	-103.5	-103.5	-10.375	-10.375	False	False	morphology	determiner_noun_agreement	Write a natural, coherent English sentence.
88	17	Patricia lifted those purple feet.	Patricia lifted that purple feet.	-83.0	-83.0	-10.375	-10.375	False	False	morphology	determiner_noun_agreement	Write a natural, coherent English sentence.
89	17	The girls sell this hard fungus.	The girls sell these hard fungus.	-93.0	-93.0	-10.375	-10.375	False	False	morphology	determiner_noun_agreement	Write a natural, coherent English sentence.
90	17	Nicole has seen this yellow cactus.	Nicole has seen these yellow cactus.	-93.0	-93.0	-10.3125	-10.3125	False	False	morphology	determiner_noun_agreement	Write a natural, coherent English sentence.
91	17	Sharon could arrive at those big oases.	Sharon could arrive at that big oases.	-103.5	-103.5	-10.375	-10.375	False	False	morphology	determiner_noun_agreement	Write a natural, coherent English sentence.
92	17	This cashier can fire that good woman.	This cashier can fire those good woman.	-93.0	-93.0	-10.375	-10.375	False	False	morphology	determiner_noun_agreement	Write a natural, coherent English sentence.
93	17	Raymond left those scared children.	Raymond left that scared children.	-62.25	-62.25	-10.375	-10.375	False	False	morphology	determiner_noun_agreement	Write a natural, coherent English sentence.
94	17	Noah could discuss that clever person.	Noah could discuss those clever person.	-72.5	-72.5	-10.375	-10.375	False	False	morphology	determiner_noun_agreement	Write a natural, coherent English sentence.
95	17	Rachelle knew that concealed woman.	Rachelle knew those concealed woman.	-83.0	-83.0	-10.375	-10.375	False	False	morphology	determiner_noun_agreement	Write a natural, coherent English sentence.
96	17	Dawn hasn't cured those gray oxen.	Dawn hasn't cured that gray oxen.	-124.0	-124.0	-10.375	-10.375	False	False	morphology	determiner_noun_agreement	Write a natural, coherent English sentence.
97	17	The Great Lakes haven't disgusted those out in the open people.	The Great Lakes haven't disgusted that out in the open people.	-166.0	-166.0	-10.375	-10.375	False	False	morphology	determiner_noun_agreement	Write a natural, coherent English sentence.
98	17	Wayne doesn't exit those cheap oases.	Wayne doesn't exit that cheap oases.	-104.0	-104.0	-10.375	-10.375	False	False	morphology	determiner_noun_agreement	Write a natural, coherent English sentence.
99	17	These waitresses haven't astounded this fast woman.	These waitresses haven't astounded these fast woman.	-145.0	-145.0	-10.3125	-10.3125	False	False	morphology	determiner_noun_agreement	Write a natural, coherent English sentence.
100	17	Patrick hasn't lifted this out in the open cactus.	Patrick hasn't lifted these out in the open cactus.	-145.0	-145.0	-10.3125	-10.3125	False	False	morphology	determiner_noun_agreement	Write a natural, coherent English sentence.
101	17	Angela isn't embarrassing those excited children.	Angela isn't embarrassing that excited children.	-103.5	-103.5	-10.375	-10.375	False	False	morphology	determiner_noun_agreement	Write a natural, coherent English sentence.
102	17	Jennifer hasn't criticized this smart man.	Jennifer hasn't criticized these smart man.	-103.5	-104.0	-10.375	-10.375	True	False	morphology	determiner_noun_agreement	Write a natural, coherent English sentence.
103	17	April watched this big person.	April watched these big person.	-62.25	-62.25	-10.375	-10.375	False	False	morphology	determiner_noun_agreement	Write a natural, coherent English sentence.
104	17	Candice hadn't bothered that serious alumnus.	Candice hadn't bothered those serious alumnus.	-124.0	-124.0	-10.3125	-10.3125	False	False	morphology	determiner_noun_agreement	Write a natural, coherent English sentence.
105	17	The Clintons observe those happy women.	The Clintons observe that happy women.	-93.5	-93.5	-10.375	-10.375	False	False	morphology	determiner_noun_agreement	Write a natural, coherent English sentence.
106	17	The Clintons observe this excited man.	The Clintons observe these excited man.	-93.5	-93.5	-10.375	-10.375	False	False	morphology	determiner_noun_agreement	Write a natural, coherent English sentence.
107	17	Associations were listening to that unlucky child.	Associations were listening to those unlucky child.	-114.0	-114.0	-10.375	-10.375	False	False	morphology	determiner_noun_agreement	Write a natural, coherent English sentence.
108	17	Those committees discussed that busy woman.	Those committees discussed those busy woman.	-93.5	-93.5	-10.375	-10.375	False	False	morphology	determiner_noun_agreement	Write a natural, coherent English sentence.
109	17	Debra isn't discussing that good analysis.	Debra isn't discussing those good analysis.	-103.5	-103.5	-10.375	-10.375	False	False	morphology	determiner_noun_agreement	Write a natural, coherent English sentence.
110	17	The drawing distracts this lucky woman.	The drawing distracts these lucky woman.	-83.0	-83.0	-10.375	-10.375	False	False	morphology	determiner_noun_agreement	Write a natural, coherent English sentence.
111	17	Holly couldn't dislike this exposed child.	Holly couldn't dislike these exposed child.	-103.5	-103.5	-10.375	-10.375	False	False	morphology	determiner_noun_agreement	Write a natural, coherent English sentence.
112	17	Angela examines that good synopsis.	Angela examines those good synopsis.	-83.0	-83.0	-10.375	-10.375	False	False	morphology	determiner_noun_agreement	Write a natural, coherent English sentence.
113	17	These skateboards aggravate that lucky woman.	These skateboards aggravate those lucky woman.	-114.0	-114.0	-10.375	-10.375	False	False	morphology	determiner_noun_agreement	Write a natural, coherent English sentence.
114	17	Some play alarms those small women.	Some play alarms that small women.	-83.0	-83.0	-10.375	-10.375	False	False	morphology	determiner_noun_agreement	Write a natural, coherent English sentence.
115	17	Students investigate these nice men.	Students investigate this nice men.	-62.5	-62.5	-10.375	-10.375	False	False	morphology	determiner_noun_agreement	Write a natural, coherent English sentence.
116	17	Tanya wasn't shocking that busy child.	Tanya wasn't shocking those busy child.	-114.0	-114.0	-10.375	-10.375	False	False	morphology	determiner_noun_agreement	Write a natural, coherent English sentence.
117	17	Brett has boasted about this nice person.	Brett has boasted about these nice person.	-103.5	-103.5	-10.375	-10.375	False	False	morphology	determiner_noun_agreement	Write a natural, coherent English sentence.
118	17	Jennifer described that hidden woman.	Jennifer described those hidden woman.	-62.5	-62.5	-10.375	-10.375	False	False	morphology	determiner_noun_agreement	Write a natural, coherent English sentence.
119	17	Winston Churchill passed these red oases.	Winston Churchill passed this red oases.	-103.5	-103.5	-10.375	-10.375	False	False	morphology	determiner_noun_agreement	Write a natural, coherent English sentence.
120	17	Some mirror could scare this nice woman.	Some mirror could scare these nice woman.	-93.0	-93.5	-10.375	-10.375	True	False	morphology	determiner_noun_agreement	Write a natural, coherent English sentence.
121	17	Caroline hadn't fired that scared alumnus.	Caroline hadn't fired those scared alumnus.	-114.0	-114.0	-10.375	-10.375	False	False	morphology	determiner_noun_agreement	Write a natural, coherent English sentence.
122	17	Edward wasn't referencing that displeased woman.	Edward wasn't referencing those displeased woman.	-124.5	-124.5	-10.375	-10.375	False	False	morphology	determiner_noun_agreement	Write a natural, coherent English sentence.
123	17	Many teachers clean these cheap teeth.	Many teachers clean this cheap teeth.	-72.5	-72.5	-10.375	-10.375	False	False	morphology	determiner_noun_agreement	Write a natural, coherent English sentence.
124	17	Wayne might remember these new oases.	Wayne might remember this new oases.	-83.0	-83.0	-10.375	-10.375	False	False	morphology	determiner_noun_agreement	Write a natural, coherent English sentence.
125	17	Some high school alarms this determined man.	Some high school alarms these determined man.	-93.0	-93.0	-10.375	-10.375	False	False	morphology	determiner_noun_agreement	Write a natural, coherent English sentence.
126	17	Vincent had returned to these out in the open oases.	Vincent had returned to this out in the open oases.	-124.0	-124.0	-10.375	-10.375	False	False	morphology	determiner_noun_agreement	Write a natural, coherent English sentence.
127	17	Marla hired this standing child.	Marla hired these standing child.	-73.0	-72.5	-10.375	-10.375	False	False	morphology	determiner_noun_agreement	Write a natural, coherent English sentence.
128	17	Some cucumber has upset those ill men.	Some cucumber has upset that ill men.	-104.0	-103.5	-10.375	-10.375	False	False	morphology	determiner_noun_agreement	Write a natural, coherent English sentence.
129	17	Russell hasn't kissed this content man.	Russell hasn't kissed these content man.	-93.0	-93.5	-10.375	-10.375	True	False	morphology	determiner_noun_agreement	Write a natural, coherent English sentence.
130	17	Guy has left this determined man.	Guy has left these determined man.	-72.5	-72.5	-10.3125	-10.375	False	True	morphology	determiner_noun_agreement	Write a natural, coherent English sentence.
131	17	The Lutherans listen to these employed women.	The Lutherans listen to this employed women.	-93.5	-93.5	-10.375	-10.375	False	False	morphology	determiner_noun_agreement	Write a natural, coherent English sentence.
132	17	Candice disliked these bad analyses.	Candice disliked this bad analyses.	-103.5	-103.5	-10.375	-10.375	False	False	morphology	determiner_noun_agreement	Write a natural, coherent English sentence.
133	17	Many women heal these lost geese.	Many women heal this lost geese.	-83.0	-83.0	-10.375	-10.375	False	False	morphology	determiner_noun_agreement	Write a natural, coherent English sentence.
134	17	Wayne has remembered these smart people.	Wayne has remembered this smart people.	-72.5	-72.5	-10.375	-10.375	False	False	morphology	determiner_noun_agreement	Write a natural, coherent English sentence.
135	17	This teenager had dropped by these white oases.	This teenager had dropped by this white oases.	-103.5	-103.5	-10.375	-10.3125	False	False	morphology	determiner_noun_agreement	Write a natural, coherent English sentence.
136	17	Eva has exited those smooth oases.	Eva has exited that smooth oases.	-93.5	-93.5	-10.375	-10.375	False	False	morphology	determiner_noun_agreement	Write a natural, coherent English sentence.
137	17	Cheryl wouldn't aggravate that bad person.	Cheryl wouldn't aggravate those bad person.	-124.0	-124.0	-10.375	-10.375	False	False	morphology	determiner_noun_agreement	Write a natural, coherent English sentence.
138	17	Katherine hadn't shocked those young children.	Katherine hadn't shocked that young children.	-103.5	-103.5	-10.375	-10.375	False	False	morphology	determiner_noun_agreement	Write a natural, coherent English sentence.
139	17	The student loves these troubled people.	The student loves this troubled people.	-83.0	-83.0	-10.375	-10.375	False	False	morphology	determiner_noun_agreement	Write a natural, coherent English sentence.
140	17	Tracy cared for those smart alumni.	Tracy cared for that smart alumni.	-103.5	-103.5	-10.375	-10.375	False	False	morphology	determiner_noun_agreement	Write a natural, coherent English sentence.
141	17	Guys return to these small oases.	Guys return to this small oases.	-93.0	-93.0	-10.375	-10.375	False	False	morphology	determiner_noun_agreement	Write a natural, coherent English sentence.
142	17	Marcus won't bike to this white oasis.	Marcus won't bike to these white oasis.	-114.0	-114.0	-10.375	-10.375	False	False	morphology	determiner_noun_agreement	Write a natural, coherent English sentence.
143	17	Eggplants impressed these unconvinced alumni.	Eggplants impressed this unconvinced alumni.	-145.0	-145.0	-10.375	-10.375	False	False	morphology	determiner_noun_agreement	Write a natural, coherent English sentence.
144	17	A turtle has bored those troubled children.	A turtle has bored that troubled children.	-114.0	-114.0	-10.375	-10.375	False	False	morphology	determiner_noun_agreement	Write a natural, coherent English sentence.
145	17	The adults were taking those old teeth.	The adults were taking that old teeth.	-83.0	-83.0	-10.375	-10.375	False	False	morphology	determiner_noun_agreement	Write a natural, coherent English sentence.
146	17	Alan wasn't returning to those blue oases.	Alan wasn't returning to that blue oases.	-114.0	-114.0	-10.375	-10.375	False	False	morphology	determiner_noun_agreement	Write a natural, coherent English sentence.
147	17	Theodore had lifted this rough cactus.	Theodore had lifted these rough cactus.	-103.5	-103.5	-10.375	-10.375	False	False	morphology	determiner_noun_agreement	Write a natural, coherent English sentence.
148	17	Joel isn't praising those good synopses.	Joel isn't praising that good synopses.	-124.5	-124.5	-10.375	-10.375	False	False	morphology	determiner_noun_agreement	Write a natural, coherent English sentence.
149	17	The pedestrian knows these standing women.	The pedestrian knows this standing women.	-83.0	-83.0	-10.375	-10.375	False	False	morphology	determiner_noun_agreement	Write a natural, coherent English sentence.
150	17	Some museums forget that good analysis.	Some museums forget those good analysis.	-83.0	-83.0	-10.375	-10.375	False	False	morphology	determiner_noun_agreement	Write a natural, coherent English sentence.
151	17	The Clintons might clean that lost fungus.	The Clintons might clean those lost fungus.	-124.5	-124.5	-10.375	-10.375	False	False	morphology	determiner_noun_agreement	Write a natural, coherent English sentence.
152	17	Mary is bothering these out in the open children.	Mary is bothering this out in the open children.	-114.0	-114.0	-10.3125	-10.375	False	True	morphology	determiner_noun_agreement	Write a natural, coherent English sentence.
153	17	Many customers sell that lost ox.	Many customers sell those lost ox.	-72.5	-72.5	-10.375	-10.375	False	False	morphology	determiner_noun_agreement	Write a natural, coherent English sentence.
154	17	These waitresses praise these troubled men.	These waitresses praise this troubled men.	-103.0	-103.0	-10.3125	-10.3125	False	False	morphology	determiner_noun_agreement	Write a natural, coherent English sentence.
155	17	Many men didn't admire that nice person.	Many men didn't admire those nice person.	-114.0	-114.0	-10.375	-10.375	False	False	morphology	determiner_noun_agreement	Write a natural, coherent English sentence.
156	17	Jesus ran around this exposed oasis.	Jesus ran around these exposed oasis.	-82.5	-82.5	-10.3125	-10.3125	False	False	morphology	determiner_noun_agreement	Write a natural, coherent English sentence.
157	17	Many customers talk about that delighted child.	Many customers talk about those delighted child.	-83.0	-83.0	-10.375	-10.375	False	False	morphology	determiner_noun_agreement	Write a natural, coherent English sentence.
158	17	Drawings had disgusted this small woman.	Drawings had disgusted these small woman.	-93.0	-93.5	-10.375	-10.375	True	False	morphology	determiner_noun_agreement	Write a natural, coherent English sentence.
159	17	Colleen did care for that good man.	Colleen did care for those good man.	-93.5	-93.5	-10.375	-10.375	False	False	morphology	determiner_noun_agreement	Write a natural, coherent English sentence.
160	17	Marcus admired those exposed geese.	Marcus admired that exposed geese.	-83.0	-83.0	-10.375	-10.375	False	False	morphology	determiner_noun_agreement	Write a natural, coherent English sentence.
161	17	Randolf has noticed this clean foot.	Randolf has noticed these clean foot.	-83.0	-83.0	-10.375	-10.375	False	False	morphology	determiner_noun_agreement	Write a natural, coherent English sentence.
162	17	Craig could listen to that determined man.	Craig could listen to those determined man.	-83.0	-83.0	-10.375	-10.375	False	False	morphology	determiner_noun_agreement	Write a natural, coherent English sentence.
163	17	Movies stunned this small man.	Movies stunned these small man.	-83.0	-83.0	-10.375	-10.375	False	False	morphology	determiner_noun_agreement	Write a natural, coherent English sentence.
164	17	Timothy buys this rough ox.	Timothy buys these rough ox.	-83.0	-83.0	-10.375	-10.375	False	False	morphology	determiner_noun_agreement	Write a natural, coherent English sentence.
165	17	Some women go to those red oases.	Some women go to that red oases.	-93.0	-93.0	-10.375	-10.375	False	False	morphology	determiner_noun_agreement	Write a natural, coherent English sentence.
166	17	Ruth fixed this clean tooth.	Ruth fixed these clean tooth.	-62.5	-62.25	-10.375	-10.375	False	False	morphology	determiner_noun_agreement	Write a natural, coherent English sentence.
167	17	Monica is boring those clever men.	Monica is boring that clever men.	-83.0	-83.0	-10.375	-10.375	False	False	morphology	determiner_noun_agreement	Write a natural, coherent English sentence.
168	17	Janice knows these hidden alumni.	Janice knows this hidden alumni.	-93.0	-93.0	-10.375	-10.375	False	False	morphology	determiner_noun_agreement	Write a natural, coherent English sentence.
169	17	Spain insults this delighted alumnus.	Spain insults these delighted alumnus.	-93.0	-93.0	-10.3125	-10.375	False	True	morphology	determiner_noun_agreement	Write a natural, coherent English sentence.
170	17	Some planes bore that displeased child.	Some planes bore those displeased child.	-93.5	-93.5	-10.375	-10.375	False	False	morphology	determiner_noun_agreement	Write a natural, coherent English sentence.
171	17	Dishes should upset these happy men.	Dishes should upset this happy men.	-83.0	-83.0	-10.375	-10.375	False	False	morphology	determiner_noun_agreement	Write a natural, coherent English sentence.
172	17	That painting looked like these yellow stimuli.	That painting looked like this yellow stimuli.	-93.0	-93.0	-10.375	-10.375	False	False	morphology	determiner_noun_agreement	Write a natural, coherent English sentence.
173	17	Amy shocked that content man.	Amy shocked those content man.	-62.25	-62.25	-10.375	-10.375	False	False	morphology	determiner_noun_agreement	Write a natural, coherent English sentence.
174	17	Melinda hasn't hidden this determined woman.	Melinda hasn't hidden these determined woman.	-103.5	-103.5	-10.375	-10.375	False	False	morphology	determiner_noun_agreement	Write a natural, coherent English sentence.
175	17	Caroline did drive to this brown oasis.	Caroline did drive to these brown oasis.	-93.5	-93.5	-10.375	-10.375	False	False	morphology	determiner_noun_agreement	Write a natural, coherent English sentence.
176	17	That rice disturbed those smart alumni.	That rice disturbed that smart alumni.	-103.5	-103.5	-10.375	-10.375	False	False	morphology	determiner_noun_agreement	Write a natural, coherent English sentence.
177	17	Brian will examine these long analyses.	Brian will examine this long analyses.	-83.0	-83.0	-10.375	-10.375	False	False	morphology	determiner_noun_agreement	Write a natural, coherent English sentence.
178	17	Mark dislikes this uncertain child.	Mark dislikes these uncertain child.	-83.0	-83.0	-10.375	-10.375	False	False	morphology	determiner_noun_agreement	Write a natural, coherent English sentence.
179	17	Rose was returning to these out in the open children.	Rose was returning to this out in the open children.	-114.0	-114.0	-10.375	-10.375	False	False	morphology	determiner_noun_agreement	Write a natural, coherent English sentence.
180	17	The guest has fixed this red tooth.	The guest has fixed these red tooth.	-83.0	-83.0	-10.375	-10.375	False	False	morphology	determiner_noun_agreement	Write a natural, coherent English sentence.
181	17	Jennifer is breaking this big tooth.	Jennifer is breaking these big tooth.	-72.5	-72.5	-10.375	-10.375	False	False	morphology	determiner_noun_agreement	Write a natural, coherent English sentence.
182	17	Sabrina isn't referencing these red theses.	Sabrina isn't referencing this red theses.	-135.0	-135.0	-10.375	-10.375	False	False	morphology	determiner_noun_agreement	Write a natural, coherent English sentence.
183	17	Valerie hadn't exited that exposed oasis.	Valerie hadn't exited those exposed oasis.	-124.0	-124.0	-10.375	-10.3125	False	False	morphology	determiner_noun_agreement	Write a natural, coherent English sentence.
184	17	Every restaurant had worried this hidden child.	Every restaurant had worried these hidden child.	-83.0	-83.0	-10.375	-10.375	False	False	morphology	determiner_noun_agreement	Write a natural, coherent English sentence.
185	17	A woman was examining those long synopses.	A woman was examining that long synopses.	-114.0	-114.0	-10.375	-10.375	False	False	morphology	determiner_noun_agreement	Write a natural, coherent English sentence.
186	17	All actresses approach that content man.	All actresses approach those content man.	-83.0	-83.0	-10.375	-10.375	False	False	morphology	determiner_noun_agreement	Write a natural, coherent English sentence.
187	17	Sarah cleaned those yellow feet.	Sarah cleaned that yellow feet.	-62.25	-62.25	-10.375	-10.375	False	False	morphology	determiner_noun_agreement	Write a natural, coherent English sentence.
188	17	Margaret tours those black oases.	Margaret tours that black oases.	-73.0	-72.5	-10.375	-10.375	False	False	morphology	determiner_noun_agreement	Write a natural, coherent English sentence.
189	17	Rachel wasn't messing up this clean foot.	Rachel wasn't messing up these clean foot.	-114.0	-114.0	-10.375	-10.375	False	False	morphology	determiner_noun_agreement	Write a natural, coherent English sentence.
190	17	The Lutherans go to that old oasis.	The Lutherans go to those old oasis.	-103.5	-103.5	-10.375	-10.375	False	False	morphology	determiner_noun_agreement	Write a natural, coherent English sentence.
191	17	The lamps shock those hidden alumni.	The lamps shock that hidden alumni.	-103.5	-104.0	-10.375	-10.375	True	False	morphology	determiner_noun_agreement	Write a natural, coherent English sentence.
192	17	Claire conceals those small stimuli.	Claire conceals that small stimuli.	-83.0	-83.0	-10.375	-10.375	False	False	morphology	determiner_noun_agreement	Write a natural, coherent English sentence.
193	17	Most documentaries annoy that busy person.	Most documentaries annoy those busy person.	-83.0	-83.0	-10.375	-10.375	False	False	morphology	determiner_noun_agreement	Write a natural, coherent English sentence.
194	17	Pamela shouldn't return to those exposed men.	Pamela shouldn't return to that exposed men.	-114.0	-114.0	-10.375	-10.375	False	False	morphology	determiner_noun_agreement	Write a natural, coherent English sentence.
195	17	That person couldn't arrive at that purple oasis.	That person couldn't arrive at those purple oasis.	-124.0	-124.0	-10.375	-10.375	False	False	morphology	determiner_noun_agreement	Write a natural, coherent English sentence.
196	17	Alicia won't admire those big nuclei.	Alicia won't admire that big nuclei.	-135.0	-135.0	-10.375	-10.375	False	False	morphology	determiner_noun_agreement	Write a natural, coherent English sentence.
197	17	Curtis arrived at that red oasis.	Curtis arrived at those red oasis.	-93.0	-93.0	-10.3125	-10.3125	False	False	morphology	determiner_noun_agreement	Write a natural, coherent English sentence.
198	17	People investigate that smart man.	People investigate those smart man.	-62.25	-62.25	-10.375	-10.375	False	False	morphology	determiner_noun_agreement	Write a natural, coherent English sentence.
199	17	Some boys hire these content alumni.	Some boys hire this content alumni.	-93.5	-93.0	-10.375	-10.375	False	False	morphology	determiner_noun_agreement	Write a natural, coherent English sentence.
200	17	Leslie found these brown feet.	Leslie found this brown feet.	-72.5	-72.5	-10.3125	-10.375	False	True	morphology	determiner_noun_agreement	Write a natural, coherent English sentence.
201	17	Alexander was firing that displeased woman.	Alexander was firing those displeased woman.	-93.5	-93.5	-10.375	-10.375	False	False	morphology	determiner_noun_agreement	Write a natural, coherent English sentence.
202	17	Florence hasn't argued about those confident children.	Florence hasn't argued about that confident children.	-104.0	-103.5	-10.375	-10.375	False	False	morphology	determiner_noun_agreement	Write a natural, coherent English sentence.
203	17	That adult hadn't complained about that exposed man.	That adult hadn't complained about those exposed man.	-114.0	-114.0	-10.375	-10.375	False	False	morphology	determiner_noun_agreement	Write a natural, coherent English sentence.
204	17	Larry works with these scared women.	Larry works with this scared women.	-72.5	-72.5	-10.375	-10.375	False	False	morphology	determiner_noun_agreement	Write a natural, coherent English sentence.
205	17	Kathleen leaves this old child.	Kathleen leaves these old child.	-72.5	-72.5	-10.375	-10.375	False	False	morphology	determiner_noun_agreement	Write a natural, coherent English sentence.
206	17	The actresses weren't watching these scared people.	The actresses weren't watching this scared people.	-114.0	-114.0	-10.375	-10.375	False	False	morphology	determiner_noun_agreement	Write a natural, coherent English sentence.
207	17	Derek isn't escaping from these blue oases.	Derek isn't escaping from this blue oases.	-135.0	-135.0	-10.375	-10.375	False	False	morphology	determiner_noun_agreement	Write a natural, coherent English sentence.
208	17	Naomi isn't talking about that cheap oasis.	Naomi isn't talking about those cheap oasis.	-124.0	-124.0	-10.3125	-10.3125	False	False	morphology	determiner_noun_agreement	Write a natural, coherent English sentence.
209	17	These guests hate these troubled men.	These guests hate this troubled men.	-83.0	-83.0	-10.375	-10.375	False	False	morphology	determiner_noun_agreement	Write a natural, coherent English sentence.
210	17	Patricia wasn't hiring those small children.	Patricia wasn't hiring that small children.	-114.0	-113.5	-10.375	-10.3125	False	False	morphology	determiner_noun_agreement	Write a natural, coherent English sentence.
211	17	All stairs weren't alarming that lucky woman.	All stairs weren't alarming those lucky woman.	-114.0	-114.0	-10.375	-10.375	False	False	morphology	determiner_noun_agreement	Write a natural, coherent English sentence.
212	17	Many drivers left that confident alumnus.	Many drivers left those confident alumnus.	-93.0	-93.0	-10.375	-10.375	False	False	morphology	determiner_noun_agreement	Write a natural, coherent English sentence.
213	17	Every skirt disgusts these smart children.	Every skirt disgusts this smart children.	-83.0	-83.0	-10.375	-10.375	False	False	morphology	determiner_noun_agreement	Write a natural, coherent English sentence.
214	17	Valerie has astounded that lost alumnus.	Valerie has astounded those lost alumnus.	-124.0	-124.0	-10.3125	-10.375	False	True	morphology	determiner_noun_agreement	Write a natural, coherent English sentence.
215	17	Sonia should describe this determined child.	Sonia should describe these determined child.	-83.0	-83.0	-10.375	-10.375	False	False	morphology	determiner_noun_agreement	Write a natural, coherent English sentence.
216	17	A lot of lakes weren't disgusting that old person.	A lot of lakes weren't disgusting those old person.	-145.0	-145.0	-10.3125	-10.3125	False	False	morphology	determiner_noun_agreement	Write a natural, coherent English sentence.
217	17	Some pants hadn't aggravated that good woman.	Some pants hadn't aggravated those good woman.	-124.5	-124.5	-10.375	-10.375	False	False	morphology	determiner_noun_agreement	Write a natural, coherent English sentence.
218	17	Anne does return to that old woman.	Anne does return to those old woman.	-83.0	-83.0	-10.375	-10.375	False	False	morphology	determiner_noun_agreement	Write a natural, coherent English sentence.
219	17	Alan wasn't listening to that delighted person.	Alan wasn't listening to those delighted person.	-103.5	-103.5	-10.375	-10.375	False	False	morphology	determiner_noun_agreement	Write a natural, coherent English sentence.
220	17	Some icicles annoy those serious alumni.	Some icicles annoy that serious alumni.	-103.5	-103.5	-10.375	-10.375	False	False	morphology	determiner_noun_agreement	Write a natural, coherent English sentence.
221	17	Many women won't scare those uncertain men.	Many women won't scare that uncertain men.	-114.0	-114.0	-10.375	-10.375	False	False	morphology	determiner_noun_agreement	Write a natural, coherent English sentence.
222	17	Science disgusts this unconvinced alumnus.	Science disgusts these unconvinced alumnus.	-124.0	-124.0	-10.3125	-10.3125	False	False	morphology	determiner_noun_agreement	Write a natural, coherent English sentence.
223	17	Connie tours these rough oases.	Connie tours this rough oases.	-83.0	-83.0	-10.375	-10.375	False	False	morphology	determiner_noun_agreement	Write a natural, coherent English sentence.
224	17	Those banks were talking about this lost thesis.	Those banks were talking about these lost thesis.	-93.0	-93.0	-10.375	-10.375	False	False	morphology	determiner_noun_agreement	Write a natural, coherent English sentence.
225	17	Some prints didn't look like this rough louse.	Some prints didn't look like these rough louse.	-124.5	-124.5	-10.375	-10.375	False	False	morphology	determiner_noun_agreement	Write a natural, coherent English sentence.
226	17	All pedestrians like those rough theses.	All pedestrians like that rough theses.	-103.5	-103.5	-10.375	-10.375	False	False	morphology	determiner_noun_agreement	Write a natural, coherent English sentence.
227	17	Douglas saw that black fungus.	Douglas saw those black fungus.	-83.0	-83.0	-10.375	-10.375	False	False	morphology	determiner_noun_agreement	Write a natural, coherent English sentence.
228	17	Sarah examined that bad analysis.	Sarah examined those bad analysis.	-62.5	-62.5	-10.375	-10.375	False	False	morphology	determiner_noun_agreement	Write a natural, coherent English sentence.
229	17	An actress researches this long thesis.	An actress researches these long thesis.	-103.5	-103.5	-10.375	-10.375	False	False	morphology	determiner_noun_agreement	Write a natural, coherent English sentence.
230	17	Those waitresses criticize this hidden child.	Those waitresses criticize these hidden child.	-103.5	-103.5	-10.3125	-10.3125	False	False	morphology	determiner_noun_agreement	Write a natural, coherent English sentence.
231	17	Most drivers question these upset alumni.	Most drivers question this upset alumni.	-93.0	-93.0	-10.375	-10.375	False	False	morphology	determiner_noun_agreement	Write a natural, coherent English sentence.
232	17	Phillip isn't working with these small women.	Phillip isn't working with this small women.	-114.0	-114.0	-10.375	-10.375	False	False	morphology	determiner_noun_agreement	Write a natural, coherent English sentence.
233	17	Jennifer can't aggravate that unlucky man.	Jennifer can't aggravate those unlucky man.	-135.0	-135.0	-10.375	-10.375	False	False	morphology	determiner_noun_agreement	Write a natural, coherent English sentence.
234	17	Essays confuse this good woman.	Essays confuse these good woman.	-83.0	-83.0	-10.375	-10.375	False	False	morphology	determiner_noun_agreement	Write a natural, coherent English sentence.
235	17	Amelia has forgotten those bad analyses.	Amelia has forgotten that bad analyses.	-93.0	-93.0	-10.375	-10.3125	False	False	morphology	determiner_noun_agreement	Write a natural, coherent English sentence.
236	17	Michael had explored this brown oasis.	Michael had explored these brown oasis.	-83.0	-83.0	-10.375	-10.375	False	False	morphology	determiner_noun_agreement	Write a natural, coherent English sentence.
237	17	Natalie can aggravate those smart men.	Natalie can aggravate that smart men.	-103.5	-103.5	-10.375	-10.375	False	False	morphology	determiner_noun_agreement	Write a natural, coherent English sentence.
238	17	That patient won't go to these cheap oases.	That patient won't go to this cheap oases.	-124.5	-124.5	-10.375	-10.375	False	False	morphology	determiner_noun_agreement	Write a natural, coherent English sentence.
239	17	Heidi had discovered those black feet.	Heidi had discovered that black feet.	-83.0	-82.5	-10.375	-10.3125	False	False	morphology	determiner_noun_agreement	Write a natural, coherent English sentence.
240	17	David hadn't watched those determined men.	David hadn't watched that determined men.	-93.0	-93.0	-10.375	-10.375	False	False	morphology	determiner_noun_agreement	Write a natural, coherent English sentence.
241	17	Some teenager couldn't walk through these green oases.	Some teenager couldn't walk through this green oases.	-124.0	-124.0	-10.375	-10.375	False	False	morphology	determiner_noun_agreement	Write a natural, coherent English sentence.
242	17	Christina shouldn't sell this hard oasis.	Christina shouldn't sell these hard oasis.	-114.0	-113.5	-10.375	-10.3125	False	False	morphology	determiner_noun_agreement	Write a natural, coherent English sentence.
243	17	Christopher isn't firing those sick men.	Christopher isn't firing that sick men.	-93.5	-93.5	-10.375	-10.375	False	False	morphology	determiner_noun_agreement	Write a natural, coherent English sentence.
244	17	Most students hide that yellow mouse.	Most students hide those yellow mouse.	-72.5	-72.5	-10.375	-10.375	False	False	morphology	determiner_noun_agreement	Write a natural, coherent English sentence.
245	17	Holly did buy those clean feet.	Holly did buy that clean feet.	-72.5	-72.5	-10.375	-10.375	False	False	morphology	determiner_noun_agreement	Write a natural, coherent English sentence.
246	17	Many actors clean these brown theses.	Many actors clean this brown theses.	-83.0	-83.0	-10.375	-10.375	False	False	morphology	determiner_noun_agreement	Write a natural, coherent English sentence.
247	17	Stacy would hide those lost lice.	Stacy would hide that lost lice.	-93.5	-93.5	-10.375	-10.375	False	False	morphology	determiner_noun_agreement	Write a natural, coherent English sentence.
248	17	Alan drove to that new oasis.	Alan drove to those new oasis.	-82.5	-83.0	-10.3125	-10.375	True	True	morphology	determiner_noun_agreement	Write a natural, coherent English sentence.
249	17	The Impressionists tour this purple oasis.	The Impressionists tour these purple oasis.	-103.5	-103.5	-10.375	-10.375	False	False	morphology	determiner_noun_agreement	Write a natural, coherent English sentence.
250	17	Wayne is talking to this hidden woman.	Wayne is talking to these hidden woman.	-83.0	-83.0	-10.375	-10.375	False	False	morphology	determiner_noun_agreement	Write a natural, coherent English sentence.
251	17	Christopher forgets this happy child.	Christopher forgets these happy child.	-72.5	-72.5	-10.375	-10.375	False	False	morphology	determiner_noun_agreement	Write a natural, coherent English sentence.
252	17	Julie can boycott those cheap oases.	Julie can boycott that cheap oases.	-93.0	-93.0	-10.375	-10.375	False	False	morphology	determiner_noun_agreement	Write a natural, coherent English sentence.
253	17	Most senators dislike these bad theses.	Most senators dislike this bad theses.	-103.5	-104.0	-10.375	-10.375	True	False	morphology	determiner_noun_agreement	Write a natural, coherent English sentence.
254	17	Denise concealed this content person.	Denise concealed these content person.	-83.0	-83.0	-10.375	-10.375	False	False	morphology	determiner_noun_agreement	Write a natural, coherent English sentence.
255	17	Some bike shocks these nice women.	Some bike shocks this nice women.	-83.0	-83.0	-10.375	-10.375	False	False	morphology	determiner_noun_agreement	Write a natural, coherent English sentence.
256	17	These teenagers fix those hidden feet.	These teenagers fix that hidden feet.	-82.5	-83.0	-10.3125	-10.375	True	True	morphology	determiner_noun_agreement	Write a natural, coherent English sentence.
257	17	Ella praised that ill woman.	Ella praised those ill woman.	-72.5	-72.5	-10.375	-10.375	False	False	morphology	determiner_noun_agreement	Write a natural, coherent English sentence.
258	17	Current events stun these lost people.	Current events stun this lost people.	-83.0	-83.0	-10.375	-10.375	False	False	morphology	determiner_noun_agreement	Write a natural, coherent English sentence.
259	17	Mary tours this gray oasis.	Mary tours these gray oasis.	-72.5	-72.5	-10.375	-10.375	False	False	morphology	determiner_noun_agreement	Write a natural, coherent English sentence.
260	17	Linda visited those unsure men.	Linda visited that unsure men.	-72.5	-72.5	-10.375	-10.375	False	False	morphology	determiner_noun_agreement	Write a natural, coherent English sentence.
261	17	Dan wouldn't boycott that smooth oasis.	Dan wouldn't boycott those smooth oasis.	-114.0	-114.0	-10.375	-10.375	False	False	morphology	determiner_noun_agreement	Write a natural, coherent English sentence.
262	17	Those men leave that brown oasis.	Those men leave those brown oasis.	-83.0	-83.0	-10.375	-10.375	False	False	morphology	determiner_noun_agreement	Write a natural, coherent English sentence.
263	17	Lissa does pass these black oases.	Lissa does pass this black oases.	-93.5	-93.5	-10.375	-10.375	False	False	morphology	determiner_noun_agreement	Write a natural, coherent English sentence.
264	17	Alice had embarrassed this happy man.	Alice had embarrassed these happy man.	-72.5	-72.5	-10.375	-10.375	False	False	morphology	determiner_noun_agreement	Write a natural, coherent English sentence.
265	17	Wayne is worrying that hopeful child.	Wayne is worrying those hopeful child.	-83.0	-83.0	-10.375	-10.375	False	False	morphology	determiner_noun_agreement	Write a natural, coherent English sentence.
266	17	Lucille is biking to that green oasis.	Lucille is biking to those green oasis.	-114.0	-114.0	-10.375	-10.375	False	False	morphology	determiner_noun_agreement	Write a natural, coherent English sentence.
267	17	Katherine hadn't skated around this white oasis.	Katherine hadn't skated around these white oasis.	-134.0	-134.0	-10.375	-10.375	False	False	morphology	determiner_noun_agreement	Write a natural, coherent English sentence.
268	17	James observed this hopeful child.	James observed these hopeful child.	-72.5	-72.5	-10.375	-10.3125	False	False	morphology	determiner_noun_agreement	Write a natural, coherent English sentence.
269	17	Gerald liked this big child.	Gerald liked these big child.	-72.5	-72.5	-10.375	-10.375	False	False	morphology	determiner_noun_agreement	Write a natural, coherent English sentence.
270	17	That committee wasn't hiring this displeased alumnus.	That committee wasn't hiring these displeased alumnus.	-145.0	-145.0	-10.3125	-10.375	False	True	morphology	determiner_noun_agreement	Write a natural, coherent English sentence.
271	17	Gary isn't breaking that white tooth.	Gary isn't breaking those white tooth.	-93.5	-93.5	-10.375	-10.375	False	False	morphology	determiner_noun_agreement	Write a natural, coherent English sentence.
272	17	Walter hasn't seen those content children.	Walter hasn't seen that content children.	-93.5	-93.0	-10.375	-10.375	False	False	morphology	determiner_noun_agreement	Write a natural, coherent English sentence.
273	17	Martha didn't clean these hidden teeth.	Martha didn't clean this hidden teeth.	-93.0	-93.0	-10.375	-10.375	False	False	morphology	determiner_noun_agreement	Write a natural, coherent English sentence.
274	17	These teachers are returning to those lost men.	These teachers are returning to that lost men.	-93.0	-93.0	-10.375	-10.375	False	False	morphology	determiner_noun_agreement	Write a natural, coherent English sentence.
275	17	Ellen hadn't boycotted that hidden oasis.	Ellen hadn't boycotted those hidden oasis.	-124.0	-124.0	-10.375	-10.375	False	False	morphology	determiner_noun_agreement	Write a natural, coherent English sentence.
276	17	Some patients drive to these brown oases.	Some patients drive to this brown oases.	-93.5	-93.5	-10.375	-10.375	False	False	morphology	determiner_noun_agreement	Write a natural, coherent English sentence.
277	17	Nina wasn't referencing this ill person.	Nina wasn't referencing these ill person.	-103.5	-103.5	-10.375	-10.375	False	False	morphology	determiner_noun_agreement	Write a natural, coherent English sentence.
278	17	Denise praises these fast children.	Denise praises this fast children.	-83.0	-83.0	-10.375	-10.375	False	False	morphology	determiner_noun_agreement	Write a natural, coherent English sentence.
279	17	Most customers attack that clever man.	Most customers attack those clever man.	-72.5	-72.5	-10.375	-10.375	False	False	morphology	determiner_noun_agreement	Write a natural, coherent English sentence.
280	17	Every photograph looks like those exposed people.	Every photograph looks like that exposed people.	-83.0	-83.0	-10.375	-10.375	False	False	morphology	determiner_noun_agreement	Write a natural, coherent English sentence.
281	17	Cindy shouldn't cure that confident alumnus.	Cindy shouldn't cure those confident alumnus.	-135.0	-135.0	-10.375	-10.375	False	False	morphology	determiner_noun_agreement	Write a natural, coherent English sentence.
282	17	The Borgias reveal these blue feet.	The Borgias reveal this blue feet.	-93.5	-93.5	-10.375	-10.375	False	False	morphology	determiner_noun_agreement	Write a natural, coherent English sentence.
283	17	Ella lifts these exposed fungi.	Ella lifts this exposed fungi.	-93.5	-93.5	-10.375	-10.375	False	False	morphology	determiner_noun_agreement	Write a natural, coherent English sentence.
284	17	The Lutherans astound that unsure person.	The Lutherans astound those unsure person.	-103.5	-103.5	-10.375	-10.375	False	False	morphology	determiner_noun_agreement	Write a natural, coherent English sentence.
285	17	These cakes bore that determined woman.	These cakes bore those determined woman.	-83.0	-83.0	-10.375	-10.375	False	False	morphology	determiner_noun_agreement	Write a natural, coherent English sentence.
286	17	Nina lifts this orange cactus.	Nina lifts these orange cactus.	-93.0	-93.0	-10.375	-10.375	False	False	morphology	determiner_noun_agreement	Write a natural, coherent English sentence.
287	17	The actors kiss these unconvinced children.	The actors kiss this unconvinced children.	-103.5	-103.5	-10.375	-10.375	False	False	morphology	determiner_noun_agreement	Write a natural, coherent English sentence.
288	17	Sharon dislikes that brown thesis.	Sharon dislikes those brown thesis.	-93.5	-93.5	-10.375	-10.375	False	False	morphology	determiner_noun_agreement	Write a natural, coherent English sentence.
289	17	The customers sell these rough fungi.	The customers sell this rough fungi.	-83.0	-83.0	-10.375	-10.375	False	False	morphology	determiner_noun_agreement	Write a natural, coherent English sentence.
290	17	Janice didn't cure those employed men.	Janice didn't cure that employed men.	-103.5	-103.5	-10.375	-10.375	False	False	morphology	determiner_noun_agreement	Write a natural, coherent English sentence.
291	17	Paula left this uncertain person.	Paula left these uncertain person.	-72.5	-72.5	-10.375	-10.375	False	False	morphology	determiner_noun_agreement	Write a natural, coherent English sentence.
292	17	Those guys had escaped from those employed children.	Those guys had escaped from that employed children.	-93.0	-93.0	-10.375	-10.375	False	False	morphology	determiner_noun_agreement	Write a natural, coherent English sentence.
293	17	Christine wasn't touring that old oasis.	Christine wasn't touring those old oasis.	-124.0	-124.0	-10.3125	-10.3125	False	False	morphology	determiner_noun_agreement	Write a natural, coherent English sentence.
294	17	These waitresses praise this rough thesis.	These waitresses praise these rough thesis.	-93.0	-93.0	-10.375	-10.375	False	False	morphology	determiner_noun_agreement	Write a natural, coherent English sentence.
295	17	Some girls hadn't passed this concealed oasis.	Some girls hadn't passed these concealed oasis.	-124.5	-124.5	-10.375	-10.375	False	False	morphology	determiner_noun_agreement	Write a natural, coherent English sentence.
296	17	Andrea lifts these small cacti.	Andrea lifts this small cacti.	-93.0	-93.5	-10.375	-10.375	True	False	morphology	determiner_noun_agreement	Write a natural, coherent English sentence.
297	17	Kristen is scanning those bad synopses.	Kristen is scanning that bad synopses.	-114.0	-114.0	-10.375	-10.375	False	False	morphology	determiner_noun_agreement	Write a natural, coherent English sentence.
298	17	Alan is skated around these cheap oases.	Alan is skated around this cheap oases.	-103.5	-103.5	-10.375	-10.375	False	False	morphology	determiner_noun_agreement	Write a natural, coherent English sentence.
299	17	Kayla has investigated these busy people.	Kayla has investigated this busy people.	-83.0	-83.0	-10.375	-10.375	False	False	morphology	determiner_noun_agreement	Write a natural, coherent English sentence.
300	17	Timothy observes that good woman.	Timothy observes those good woman.	-83.0	-83.0	-10.375	-10.375	False	False	morphology	determiner_noun_agreement	Write a natural, coherent English sentence.
301	17	Every museum hadn't discussed those hidden theses.	Every museum hadn't discussed that hidden theses.	-114.0	-114.0	-10.375	-10.375	False	False	morphology	determiner_noun_agreement	Write a natural, coherent English sentence.
302	17	Some cashiers help this troubled person.	Some cashiers help these troubled person.	-93.0	-93.0	-10.3125	-10.3125	False	False	morphology	determiner_noun_agreement	Write a natural, coherent English sentence.
303	17	Amanda was attacking that displeased woman.	Amanda was attacking those displeased woman.	-93.5	-93.5	-10.375	-10.375	False	False	morphology	determiner_noun_agreement	Write a natural, coherent English sentence.
304	17	This window upsets these lost people.	This window upsets this lost people.	-83.0	-83.0	-10.375	-10.375	False	False	morphology	determiner_noun_agreement	Write a natural, coherent English sentence.
305	17	Cindy wasn't bringing those gray cacti.	Cindy wasn't bringing that gray cacti.	-135.0	-135.0	-10.375	-10.375	False	False	morphology	determiner_noun_agreement	Write a natural, coherent English sentence.
306	17	Peter complained about these good synopses.	Peter complained about this good synopses.	-93.0	-93.0	-10.375	-10.375	False	False	morphology	determiner_noun_agreement	Write a natural, coherent English sentence.
307	17	Danielle was touring those new oases.	Danielle was touring that new oases.	-103.5	-103.5	-10.375	-10.375	False	False	morphology	determiner_noun_agreement	Write a natural, coherent English sentence.
308	17	Elaine discusses that standing person.	Elaine discusses those standing person.	-83.0	-83.0	-10.375	-10.375	False	False	morphology	determiner_noun_agreement	Write a natural, coherent English sentence.
309	17	Jacqueline had healed those rough geese.	Jacqueline had healed that rough geese.	-114.0	-114.0	-10.375	-10.375	False	False	morphology	determiner_noun_agreement	Write a natural, coherent English sentence.
310	17	All rivers were distracting those standing men.	All rivers were distracting that standing men.	-93.5	-93.5	-10.375	-10.375	False	False	morphology	determiner_noun_agreement	Write a natural, coherent English sentence.
311	17	Some people exit those yellow oases.	Some people exit that yellow oases.	-83.0	-83.0	-10.375	-10.375	False	False	morphology	determiner_noun_agreement	Write a natural, coherent English sentence.
312	17	Becca isn't exploring these hard oases.	Becca isn't exploring this hard oases.	-114.0	-114.0	-10.3125	-10.375	False	True	morphology	determiner_noun_agreement	Write a natural, coherent English sentence.
313	17	Timothy revealed that big foot.	Timothy revealed those big foot.	-72.5	-72.5	-10.375	-10.375	False	False	morphology	determiner_noun_agreement	Write a natural, coherent English sentence.
314	17	Adam fires these determined men.	Adam fires this determined men.	-62.5	-62.5	-10.375	-10.375	False	False	morphology	determiner_noun_agreement	Write a natural, coherent English sentence.
315	17	The teenagers clean this purple foot.	The teenagers clean these purple foot.	-82.5	-82.5	-10.3125	-10.3125	False	False	morphology	determiner_noun_agreement	Write a natural, coherent English sentence.
316	17	The Great Lakes could annoy that troubled man.	The Great Lakes could annoy those troubled man.	-114.0	-114.0	-10.375	-10.375	False	False	morphology	determiner_noun_agreement	Write a natural, coherent English sentence.
317	17	Karen discusses those bad men.	Karen discusses that bad men.	-72.5	-73.0	-10.375	-10.375	True	False	morphology	determiner_noun_agreement	Write a natural, coherent English sentence.
318	17	Phillip didn't find those ill alumni.	Phillip didn't find that ill alumni.	-124.0	-124.0	-10.375	-10.3125	False	False	morphology	determiner_noun_agreement	Write a natural, coherent English sentence.
319	17	A lot of men reference these good analyses.	A lot of men reference this good analyses.	-103.5	-103.5	-10.375	-10.375	False	False	morphology	determiner_noun_agreement	Write a natural, coherent English sentence.
320	17	Larry had insulted these lucky children.	Larry had insulted this lucky children.	-83.0	-83.0	-10.375	-10.375	False	False	morphology	determiner_noun_agreement	Write a natural, coherent English sentence.
321	17	Debra is firing that determined child.	Debra is firing those determined child.	-83.0	-83.0	-10.375	-10.375	False	False	morphology	determiner_noun_agreement	Write a natural, coherent English sentence.
322	17	Noah was watching that fast woman.	Noah was watching those fast woman.	-72.5	-72.5	-10.375	-10.375	False	False	morphology	determiner_noun_agreement	Write a natural, coherent English sentence.
323	17	Gina works with that displeased person.	Gina works with those displeased person.	-104.0	-103.5	-10.375	-10.375	False	False	morphology	determiner_noun_agreement	Write a natural, coherent English sentence.
324	17	Most doctors would bring these big nuclei.	Most doctors would bring this big nuclei.	-93.5	-93.0	-10.375	-10.375	False	False	morphology	determiner_noun_agreement	Write a natural, coherent English sentence.
325	17	All drawings alarm that unconvinced child.	All drawings alarm those unconvinced child.	-103.5	-103.5	-10.375	-10.375	False	False	morphology	determiner_noun_agreement	Write a natural, coherent English sentence.
326	17	Some libraries hate that busy man.	Some libraries hate those busy man.	-72.5	-72.5	-10.375	-10.375	False	False	morphology	determiner_noun_agreement	Write a natural, coherent English sentence.
327	17	Derek disgusted that unemployed child.	Derek disgusted those unemployed child.	-93.0	-93.0	-10.375	-10.375	False	False	morphology	determiner_noun_agreement	Write a natural, coherent English sentence.
328	17	Marla hadn't fired these good men.	Marla hadn't fired this good men.	-103.5	-104.0	-10.375	-10.375	True	False	morphology	determiner_noun_agreement	Write a natural, coherent English sentence.
329	17	Carmen examined that red thesis.	Carmen examined those red thesis.	-73.0	-73.0	-10.375	-10.375	False	False	morphology	determiner_noun_agreement	Write a natural, coherent English sentence.
330	17	Amelia investigates this smart woman.	Amelia investigates these smart woman.	-83.0	-83.0	-10.375	-10.375	False	False	morphology	determiner_noun_agreement	Write a natural, coherent English sentence.
331	17	The Borgias hire that displeased alumnus.	The Borgias hire those displeased alumnus.	-135.0	-135.0	-10.375	-10.375	False	False	morphology	determiner_noun_agreement	Write a natural, coherent English sentence.
332	17	Stacey would arrive at these orange oases.	Stacey would arrive at this orange oases.	-114.0	-114.0	-10.375	-10.375	False	False	morphology	determiner_noun_agreement	Write a natural, coherent English sentence.
333	17	Anna works with this lucky man.	Anna works with these lucky man.	-72.5	-72.5	-10.375	-10.375	False	False	morphology	determiner_noun_agreement	Write a natural, coherent English sentence.
334	17	Walter has scanned this rough thesis.	Walter has scanned these rough thesis.	-83.0	-83.0	-10.375	-10.375	False	False	morphology	determiner_noun_agreement	Write a natural, coherent English sentence.
335	17	Some mushroom bothered that lucky woman.	Some mushroom bothered those lucky woman.	-83.0	-83.0	-10.375	-10.375	False	False	morphology	determiner_noun_agreement	Write a natural, coherent English sentence.
336	17	Cynthia walked through this hard oasis.	Cynthia walked through these hard oasis.	-114.0	-113.5	-10.3125	-10.3125	False	False	morphology	determiner_noun_agreement	Write a natural, coherent English sentence.
337	17	Liam has healed these black oxen.	Liam has healed this black oxen.	-103.5	-103.5	-10.375	-10.375	False	False	morphology	determiner_noun_agreement	Write a natural, coherent English sentence.
338	17	Andrew did notice these white axes.	Andrew did notice this white axes.	-83.0	-83.0	-10.375	-10.375	False	False	morphology	determiner_noun_agreement	Write a natural, coherent English sentence.
339	17	Bethany kisses these serious alumni.	Bethany kisses this serious alumni.	-104.0	-103.5	-10.375	-10.375	False	False	morphology	determiner_noun_agreement	Write a natural, coherent English sentence.
340	17	Vanessa watches this nice person.	Vanessa watches these nice person.	-72.5	-72.5	-10.375	-10.375	False	False	morphology	determiner_noun_agreement	Write a natural, coherent English sentence.
341	17	Every window astounded that big man.	Every window astounded those big man.	-93.0	-93.0	-10.375	-10.375	False	False	morphology	determiner_noun_agreement	Write a natural, coherent English sentence.
342	17	Donna leaves that upset man.	Donna leaves those upset man.	-72.5	-73.0	-10.375	-10.375	True	False	morphology	determiner_noun_agreement	Write a natural, coherent English sentence.
343	17	Many students drop by that orange oasis.	Many students drop by those orange oasis.	-93.0	-93.0	-10.375	-10.375	False	False	morphology	determiner_noun_agreement	Write a natural, coherent English sentence.
344	17	The sketches looked like this unsure man.	The sketches looked like these unsure man.	-114.0	-114.0	-10.375	-10.375	False	False	morphology	determiner_noun_agreement	Write a natural, coherent English sentence.
345	17	Helen fixes that broken tooth.	Helen fixes those broken tooth.	-72.5	-72.5	-10.3125	-10.375	False	True	morphology	determiner_noun_agreement	Write a natural, coherent English sentence.
346	17	Robert wasn't annoying that old person.	Robert wasn't annoying those old person.	-93.0	-93.0	-10.375	-10.3125	False	False	morphology	determiner_noun_agreement	Write a natural, coherent English sentence.
347	17	Amy isn't talking to that young woman.	Amy isn't talking to those young woman.	-104.0	-104.0	-10.375	-10.375	False	False	morphology	determiner_noun_agreement	Write a natural, coherent English sentence.
348	17	Alan hadn't remembered these long analyses.	Alan hadn't remembered this long analyses.	-103.5	-103.5	-10.375	-10.3125	False	False	morphology	determiner_noun_agreement	Write a natural, coherent English sentence.
349	17	Stephen is working with these out in the open women.	Stephen is working with this out in the open women.	-114.0	-114.0	-10.375	-10.375	False	False	morphology	determiner_noun_agreement	Write a natural, coherent English sentence.
350	17	This library had discussed these employed men.	This library had discussed this employed men.	-83.0	-83.0	-10.375	-10.375	False	False	morphology	determiner_noun_agreement	Write a natural, coherent English sentence.
351	17	This teenager can't worry those delighted men.	This teenager can't worry that delighted men.	-103.5	-103.5	-10.375	-10.375	False	False	morphology	determiner_noun_agreement	Write a natural, coherent English sentence.
352	17	Wendy revealed that sick octopus.	Wendy revealed those sick octopus.	-93.0	-93.5	-10.375	-10.375	True	False	morphology	determiner_noun_agreement	Write a natural, coherent English sentence.
353	17	The Clintons haven't worked with that young person.	The Clintons haven't worked with those young person.	-135.0	-135.0	-10.375	-10.375	False	False	morphology	determiner_noun_agreement	Write a natural, coherent English sentence.
354	17	Some committee aggravates this unconvinced woman.	Some committee aggravates these unconvinced woman.	-124.0	-124.0	-10.375	-10.375	False	False	morphology	determiner_noun_agreement	Write a natural, coherent English sentence.
355	17	Guy bored that troubled man.	Guy bored those troubled man.	-72.5	-72.5	-10.375	-10.375	False	False	morphology	determiner_noun_agreement	Write a natural, coherent English sentence.
356	17	Every actress scanned those bad analyses.	Every actress scanned that bad analyses.	-93.0	-93.0	-10.375	-10.375	False	False	morphology	determiner_noun_agreement	Write a natural, coherent English sentence.
357	17	A library alarms that determined child.	A library alarms those determined child.	-83.0	-83.0	-10.375	-10.375	False	False	morphology	determiner_noun_agreement	Write a natural, coherent English sentence.
358	17	Sheila can't notice this clever man.	Sheila can't notice these clever man.	-103.5	-103.5	-10.375	-10.375	False	False	morphology	determiner_noun_agreement	Write a natural, coherent English sentence.
359	17	James forgets this fast alumnus.	James forgets these fast alumnus.	-93.0	-93.0	-10.3125	-10.3125	False	False	morphology	determiner_noun_agreement	Write a natural, coherent English sentence.
360	17	Noah hasn't thought about these smooth lice.	Noah hasn't thought about this smooth lice.	-114.0	-114.0	-10.375	-10.375	False	False	morphology	determiner_noun_agreement	Write a natural, coherent English sentence.
361	17	Aaron sees these gray oases.	Aaron sees this gray oases.	-73.0	-72.5	-10.375	-10.375	False	False	morphology	determiner_noun_agreement	Write a natural, coherent English sentence.
362	17	Sherry has taken this standing goose.	Sherry has taken these standing goose.	-93.0	-93.0	-10.375	-10.375	False	False	morphology	determiner_noun_agreement	Write a natural, coherent English sentence.
363	17	Marie hasn't found those ill geese.	Marie hasn't found that ill geese.	-103.5	-103.5	-10.375	-10.375	False	False	morphology	determiner_noun_agreement	Write a natural, coherent English sentence.
364	17	Peter isn't arriving at that red oasis.	Peter isn't arriving at those red oasis.	-114.0	-114.0	-10.375	-10.375	False	False	morphology	determiner_noun_agreement	Write a natural, coherent English sentence.
365	17	Jill isn't boycotting those orange oases.	Jill isn't boycotting that orange oases.	-145.0	-145.0	-10.375	-10.375	False	False	morphology	determiner_noun_agreement	Write a natural, coherent English sentence.
366	17	Julia messes up that orange foot.	Julia messes up those orange foot.	-82.5	-82.5	-10.3125	-10.3125	False	False	morphology	determiner_noun_agreement	Write a natural, coherent English sentence.
367	17	That hill didn't disturb that content woman.	That hill didn't disturb those content woman.	-103.5	-103.5	-10.375	-10.375	False	False	morphology	determiner_noun_agreement	Write a natural, coherent English sentence.
368	17	Suzanne has concealed that concealed man.	Suzanne has concealed those concealed man.	-103.5	-103.5	-10.3125	-10.3125	False	False	morphology	determiner_noun_agreement	Write a natural, coherent English sentence.
369	17	Alicia sells that orange octopus.	Alicia sells those orange octopus.	-113.5	-113.5	-10.3125	-10.3125	False	False	morphology	determiner_noun_agreement	Write a natural, coherent English sentence.
370	17	Leslie has discussed that delighted child.	Leslie has discussed those delighted child.	-83.0	-83.0	-10.375	-10.375	False	False	morphology	determiner_noun_agreement	Write a natural, coherent English sentence.
371	17	Andrea could like these white lice.	Andrea could like this white lice.	-83.0	-83.0	-10.375	-10.375	False	False	morphology	determiner_noun_agreement	Write a natural, coherent English sentence.
372	17	Most children break those rough teeth.	Most children break that rough teeth.	-72.5	-72.5	-10.375	-10.375	False	False	morphology	determiner_noun_agreement	Write a natural, coherent English sentence.
373	17	Richard did work with this clever child.	Richard did work with these clever child.	-83.0	-83.0	-10.375	-10.375	False	False	morphology	determiner_noun_agreement	Write a natural, coherent English sentence.
374	17	Anne hugs this unemployed woman.	Anne hugs these unemployed woman.	-83.0	-83.0	-10.375	-10.375	False	False	morphology	determiner_noun_agreement	Write a natural, coherent English sentence.
375	17	Those actors attack that excited child.	Those actors attack those excited child.	-73.0	-73.0	-10.375	-10.375	False	False	morphology	determiner_noun_agreement	Write a natural, coherent English sentence.
376	17	Bruce was hugging that unconvinced man.	Bruce was hugging those unconvinced man.	-114.0	-114.0	-10.375	-10.375	False	False	morphology	determiner_noun_agreement	Write a natural, coherent English sentence.
377	17	Patrick hasn't hidden this orange oasis.	Patrick hasn't hidden these orange oasis.	-103.5	-103.5	-10.375	-10.375	False	False	morphology	determiner_noun_agreement	Write a natural, coherent English sentence.
378	17	Alicia hadn't discussed that uncertain person.	Alicia hadn't discussed those uncertain person.	-114.0	-114.0	-10.375	-10.375	False	False	morphology	determiner_noun_agreement	Write a natural, coherent English sentence.
379	17	Susan wasn't talking to those confident men.	Susan wasn't talking to that confident men.	-103.5	-103.5	-10.375	-10.375	False	False	morphology	determiner_noun_agreement	Write a natural, coherent English sentence.
380	17	Cheryl will scan that good synopsis.	Cheryl will scan those good synopsis.	-93.0	-93.0	-10.375	-10.375	False	False	morphology	determiner_noun_agreement	Write a natural, coherent English sentence.
381	17	Tamara kissed that unsure man.	Tamara kissed those unsure man.	-83.0	-83.0	-10.375	-10.375	False	False	morphology	determiner_noun_agreement	Write a natural, coherent English sentence.
382	17	Craig boasts about those bad analyses.	Craig boasts about that bad analyses.	-93.0	-93.0	-10.375	-10.375	False	False	morphology	determiner_noun_agreement	Write a natural, coherent English sentence.
383	17	Randolf hadn't hugged those serious people.	Randolf hadn't hugged that serious people.	-114.0	-114.0	-10.375	-10.375	False	False	morphology	determiner_noun_agreement	Write a natural, coherent English sentence.
384	17	Many doctors cure these exposed men.	Many doctors cure this exposed men.	-72.5	-72.5	-10.375	-10.375	False	False	morphology	determiner_noun_agreement	Write a natural, coherent English sentence.
385	17	Women criticized those smooth theses.	Women criticized that smooth theses.	-83.0	-83.0	-10.375	-10.375	False	False	morphology	determiner_noun_agreement	Write a natural, coherent English sentence.
386	17	Some light disturbs that old person.	Some light disturbs those old person.	-93.5	-93.0	-10.375	-10.375	False	False	morphology	determiner_noun_agreement	Write a natural, coherent English sentence.
387	17	Carol was questioning this big man.	Carol was questioning these big man.	-72.5	-72.5	-10.375	-10.375	False	False	morphology	determiner_noun_agreement	Write a natural, coherent English sentence.
388	17	Sara has gone to that old oasis.	Sara has gone to those old oasis.	-93.0	-93.0	-10.3125	-10.3125	False	False	morphology	determiner_noun_agreement	Write a natural, coherent English sentence.
389	17	Steven brought these red oases.	Steven brought this red oases.	-72.5	-72.5	-10.375	-10.375	False	False	morphology	determiner_noun_agreement	Write a natural, coherent English sentence.
390	17	Diana will disgust these ill children.	Diana will disgust this ill children.	-72.5	-72.5	-10.375	-10.375	False	False	morphology	determiner_noun_agreement	Write a natural, coherent English sentence.
391	17	Steven disturbs these sick alumni.	Steven disturbs this sick alumni.	-103.5	-103.5	-10.375	-10.375	False	False	morphology	determiner_noun_agreement	Write a natural, coherent English sentence.
392	17	Angela wasn't lifting these blue feet.	Angela wasn't lifting this blue feet.	-93.0	-93.0	-10.375	-10.375	False	False	morphology	determiner_noun_agreement	Write a natural, coherent English sentence.
393	17	Sharon hasn't stunned that unsure child.	Sharon hasn't stunned those unsure child.	-124.5	-124.5	-10.375	-10.375	False	False	morphology	determiner_noun_agreement	Write a natural, coherent English sentence.
394	17	These girls question that concealed man.	These girls question those concealed man.	-83.0	-83.0	-10.375	-10.375	False	False	morphology	determiner_noun_agreement	Write a natural, coherent English sentence.
395	17	Martha wasn't kissing this unemployed man.	Martha wasn't kissing these unemployed man.	-113.5	-113.5	-10.3125	-10.3125	False	False	morphology	determiner_noun_agreement	Write a natural, coherent English sentence.
396	17	Kendra isn't working with this excited child.	Kendra isn't working with these excited child.	-124.5	-124.5	-10.375	-10.375	False	False	morphology	determiner_noun_agreement	Write a natural, coherent English sentence.
397	17	All actresses praise this hard thesis.	All actresses praise these hard thesis.	-82.5	-83.0	-10.3125	-10.375	True	True	morphology	determiner_noun_agreement	Write a natural, coherent English sentence.
398	17	David cleans that hard tooth.	David cleans those hard tooth.	-72.5	-72.5	-10.375	-10.375	False	False	morphology	determiner_noun_agreement	Write a natural, coherent English sentence.
399	17	Julia sounded like this uncertain person.	Julia sounded like these uncertain person.	-72.5	-72.5	-10.375	-10.375	False	False	morphology	determiner_noun_agreement	Write a natural, coherent English sentence.
400	17	Those actors attacked that happy alumnus.	Those actors attacked those happy alumnus.	-93.5	-93.0	-10.375	-10.375	False	False	morphology	determiner_noun_agreement	Write a natural, coherent English sentence.
401	17	Eva hadn't admired these black fungi.	Eva hadn't admired this black fungi.	-114.0	-114.0	-10.375	-10.375	False	False	morphology	determiner_noun_agreement	Write a natural, coherent English sentence.
402	17	Many chairs aren't disgusting this unlucky child.	Many chairs aren't disgusting these unlucky child.	-134.0	-135.0	-10.3125	-10.375	True	True	morphology	determiner_noun_agreement	Write a natural, coherent English sentence.
403	17	Those waiters break these rough teeth.	Those waiters break this rough teeth.	-83.0	-83.0	-10.375	-10.375	False	False	morphology	determiner_noun_agreement	Write a natural, coherent English sentence.
404	17	Becca leaves this uncertain child.	Becca leaves these uncertain child.	-72.5	-72.5	-10.375	-10.375	False	False	morphology	determiner_noun_agreement	Write a natural, coherent English sentence.
405	17	Some steak disturbs these displeased children.	Some steak disturbs this displeased children.	-124.0	-124.5	-10.375	-10.375	True	False	morphology	determiner_noun_agreement	Write a natural, coherent English sentence.
406	17	Christine wouldn't conceal this lost stimulus.	Christine wouldn't conceal these lost stimulus.	-124.0	-124.0	-10.375	-10.375	False	False	morphology	determiner_noun_agreement	Write a natural, coherent English sentence.
407	17	Every face irritates those unemployed alumni.	Every face irritates that unemployed alumni.	-114.0	-113.5	-10.375	-10.3125	False	False	morphology	determiner_noun_agreement	Write a natural, coherent English sentence.
408	17	Susan noticed that unlucky person.	Susan noticed those unlucky person.	-82.5	-83.0	-10.3125	-10.375	True	True	morphology	determiner_noun_agreement	Write a natural, coherent English sentence.
409	17	Some women drop by those concealed oases.	Some women drop by that concealed oases.	-104.0	-103.5	-10.375	-10.375	False	False	morphology	determiner_noun_agreement	Write a natural, coherent English sentence.
410	17	The Clintons disagree with these serious men.	The Clintons disagree with this serious men.	-103.5	-103.5	-10.375	-10.375	False	False	morphology	determiner_noun_agreement	Write a natural, coherent English sentence.
411	17	Phillip discovers these busy women.	Phillip discovers this busy women.	-83.0	-83.0	-10.375	-10.375	False	False	morphology	determiner_noun_agreement	Write a natural, coherent English sentence.
412	17	Waiters investigate that hopeful woman.	Waiters investigate those hopeful woman.	-83.0	-82.5	-10.375	-10.3125	False	False	morphology	determiner_noun_agreement	Write a natural, coherent English sentence.
413	17	Regina hasn't found these white nuclei.	Regina hasn't found this white nuclei.	-124.0	-124.0	-10.375	-10.375	False	False	morphology	determiner_noun_agreement	Write a natural, coherent English sentence.
414	17	Irene scanned those purple theses.	Irene scanned that purple theses.	-93.5	-93.5	-10.375	-10.375	False	False	morphology	determiner_noun_agreement	Write a natural, coherent English sentence.
415	17	A bank references those popular people.	A bank references that popular people.	-72.5	-72.5	-10.375	-10.375	False	False	morphology	determiner_noun_agreement	Write a natural, coherent English sentence.
416	17	Vincent tours this old oasis.	Vincent tours these old oasis.	-72.5	-72.5	-10.375	-10.3125	False	False	morphology	determiner_noun_agreement	Write a natural, coherent English sentence.
417	17	Alicia kisses that standing woman.	Alicia kisses those standing woman.	-93.5	-93.5	-10.375	-10.375	False	False	morphology	determiner_noun_agreement	Write a natural, coherent English sentence.
418	17	Some candles aren't boring those displeased men.	Some candles aren't boring that displeased men.	-135.0	-135.0	-10.375	-10.375	False	False	morphology	determiner_noun_agreement	Write a natural, coherent English sentence.
419	17	That teenager does care for this old alumnus.	That teenager does care for these old alumnus.	-113.5	-113.5	-10.3125	-10.3125	False	False	morphology	determiner_noun_agreement	Write a natural, coherent English sentence.
420	17	A lot of drawings weren't alarming that displeased man.	A lot of drawings weren't alarming those displeased man.	-155.0	-155.0	-10.375	-10.375	False	False	morphology	determiner_noun_agreement	Write a natural, coherent English sentence.
421	17	That face astounded that important woman.	That face astounded those important woman.	-93.0	-93.0	-10.375	-10.375	False	False	morphology	determiner_noun_agreement	Write a natural, coherent English sentence.
422	17	Tiffany had approached these unemployed people.	Tiffany had approached this unemployed people.	-103.5	-103.5	-10.375	-10.3125	False	False	morphology	determiner_noun_agreement	Write a natural, coherent English sentence.
423	17	Christina is passing these rough oases.	Christina is passing this rough oases.	-93.5	-93.5	-10.375	-10.375	False	False	morphology	determiner_noun_agreement	Write a natural, coherent English sentence.
424	17	Debra was praising those busy people.	Debra was praising that busy people.	-93.0	-93.0	-10.375	-10.375	False	False	morphology	determiner_noun_agreement	Write a natural, coherent English sentence.
425	17	The doctors didn't care for these scared children.	The doctors didn't care for this scared children.	-114.0	-113.5	-10.3125	-10.3125	False	False	morphology	determiner_noun_agreement	Write a natural, coherent English sentence.
426	17	Those ladders stun these small people.	Those ladders stun this small people.	-104.0	-104.0	-10.375	-10.375	False	False	morphology	determiner_noun_agreement	Write a natural, coherent English sentence.
427	17	Samuel isn't distracting these clever women.	Samuel isn't distracting this clever women.	-103.5	-103.5	-10.375	-10.375	False	False	morphology	determiner_noun_agreement	Write a natural, coherent English sentence.
428	17	Lucille dropped by those new oases.	Lucille dropped by that new oases.	-93.0	-93.0	-10.375	-10.375	False	False	morphology	determiner_noun_agreement	Write a natural, coherent English sentence.
429	17	A legislature should aggravate that busy child.	A legislature should aggravate those busy child.	-114.0	-114.0	-10.375	-10.3125	False	False	morphology	determiner_noun_agreement	Write a natural, coherent English sentence.
430	17	Larry observed that lucky child.	Larry observed those lucky child.	-62.25	-62.5	-10.375	-10.375	True	False	morphology	determiner_noun_agreement	Write a natural, coherent English sentence.
431	17	Lawrence wasn't approaching those troubled children.	Lawrence wasn't approaching that troubled children.	-103.5	-103.5	-10.375	-10.375	False	False	morphology	determiner_noun_agreement	Write a natural, coherent English sentence.
432	17	Most libraries describe those delighted men.	Most libraries describe that delighted men.	-72.5	-72.5	-10.375	-10.375	False	False	morphology	determiner_noun_agreement	Write a natural, coherent English sentence.
433	17	The Impressionists alarms that sick child.	The Impressionists alarms those sick child.	-104.0	-103.5	-10.375	-10.375	False	False	morphology	determiner_noun_agreement	Write a natural, coherent English sentence.
434	17	A lot of children have this exposed axis.	A lot of children have these exposed axis.	-93.0	-93.0	-10.3125	-10.3125	False	False	morphology	determiner_noun_agreement	Write a natural, coherent English sentence.
435	17	Melissa couldn't reveal that small man.	Melissa couldn't reveal those small man.	-103.5	-103.5	-10.375	-10.375	False	False	morphology	determiner_noun_agreement	Write a natural, coherent English sentence.
436	17	These carriages won't impress those bad men.	These carriages won't impress that bad men.	-114.0	-114.0	-10.375	-10.375	False	False	morphology	determiner_noun_agreement	Write a natural, coherent English sentence.
437	17	Many girls drop by that red oasis.	Many girls drop by those red oasis.	-93.0	-93.0	-10.375	-10.375	False	False	morphology	determiner_noun_agreement	Write a natural, coherent English sentence.
438	17	The Impressionists fled from this small woman.	The Impressionists fled from these small woman.	-103.5	-103.5	-10.375	-10.375	False	False	morphology	determiner_noun_agreement	Write a natural, coherent English sentence.
439	17	Ann arrived at that blue oasis.	Ann arrived at those blue oasis.	-83.0	-83.0	-10.375	-10.375	False	False	morphology	determiner_noun_agreement	Write a natural, coherent English sentence.
440	17	The sock isn't disturbing those lucky children.	The sock isn't disturbing that lucky children.	-114.0	-114.0	-10.375	-10.375	False	False	morphology	determiner_noun_agreement	Write a natural, coherent English sentence.
441	17	Those socks were shocking those unlucky men.	Those socks were shocking that unlucky men.	-114.0	-114.0	-10.375	-10.375	False	False	morphology	determiner_noun_agreement	Write a natural, coherent English sentence.
442	17	Christine wasn't walking through those cheap oases.	Christine wasn't walking through that cheap oases.	-124.5	-124.5	-10.375	-10.375	False	False	morphology	determiner_noun_agreement	Write a natural, coherent English sentence.
443	17	Mary appreciates those content women.	Mary appreciates that content women.	-72.5	-72.5	-10.375	-10.375	False	False	morphology	determiner_noun_agreement	Write a natural, coherent English sentence.
444	17	That lady didn't question this ill person.	That lady didn't question these ill person.	-103.5	-103.5	-10.375	-10.375	False	False	morphology	determiner_noun_agreement	Write a natural, coherent English sentence.
445	17	Most birds annoy this young woman.	Most birds annoy these young woman.	-72.5	-72.5	-10.375	-10.375	False	False	morphology	determiner_noun_agreement	Write a natural, coherent English sentence.
446	17	Amelia is kissing these content men.	Amelia is kissing this content men.	-93.5	-93.5	-10.375	-10.375	False	False	morphology	determiner_noun_agreement	Write a natural, coherent English sentence.
447	17	Judy isn't taking those standing oxen.	Judy isn't taking that standing oxen.	-114.0	-114.0	-10.375	-10.375	False	False	morphology	determiner_noun_agreement	Write a natural, coherent English sentence.
448	17	Irene is discussing those clever alumni.	Irene is discussing that clever alumni.	-104.0	-104.0	-10.375	-10.375	False	False	morphology	determiner_noun_agreement	Write a natural, coherent English sentence.
449	17	Danielle could describe these long analyses.	Danielle could describe this long analyses.	-93.0	-93.0	-10.375	-10.375	False	False	morphology	determiner_noun_agreement	Write a natural, coherent English sentence.
450	17	Eva hasn't praised that lucky woman.	Eva hasn't praised those lucky woman.	-93.0	-93.0	-10.375	-10.375	False	False	morphology	determiner_noun_agreement	Write a natural, coherent English sentence.
451	17	Grace might observe that unlucky woman.	Grace might observe those unlucky woman.	-93.0	-93.5	-10.375	-10.375	True	False	morphology	determiner_noun_agreement	Write a natural, coherent English sentence.
452	17	The Clintons bothered these clever people.	The Clintons bothered this clever people.	-93.5	-93.5	-10.375	-10.375	False	False	morphology	determiner_noun_agreement	Write a natural, coherent English sentence.
453	17	April hadn't embarrassed those employed alumni.	April hadn't embarrassed that employed alumni.	-114.0	-114.0	-10.375	-10.375	False	False	morphology	determiner_noun_agreement	Write a natural, coherent English sentence.
454	17	Marie shouldn't forget that happy man.	Marie shouldn't forget those happy man.	-93.0	-93.0	-10.375	-10.375	False	False	morphology	determiner_noun_agreement	Write a natural, coherent English sentence.
455	17	Renee isn't breaking that cheap foot.	Renee isn't breaking those cheap foot.	-114.0	-114.0	-10.375	-10.375	False	False	morphology	determiner_noun_agreement	Write a natural, coherent English sentence.
456	17	Monica shouldn't sell those new oases.	Monica shouldn't sell that new oases.	-114.0	-114.0	-10.375	-10.375	False	False	morphology	determiner_noun_agreement	Write a natural, coherent English sentence.
457	17	Every dancer has returned to that troubled man.	Every dancer has returned to those troubled man.	-114.0	-114.0	-10.375	-10.375	False	False	morphology	determiner_noun_agreement	Write a natural, coherent English sentence.
458	17	Those dancers break those green teeth.	Those dancers break that green teeth.	-83.0	-83.0	-10.375	-10.375	False	False	morphology	determiner_noun_agreement	Write a natural, coherent English sentence.
459	17	These teachers talk about these fast women.	These teachers talk about this fast women.	-83.0	-83.0	-10.375	-10.375	False	False	morphology	determiner_noun_agreement	Write a natural, coherent English sentence.
460	17	Spain hasn't praised that happy man.	Spain hasn't praised those happy man.	-93.0	-93.0	-10.375	-10.375	False	False	morphology	determiner_noun_agreement	Write a natural, coherent English sentence.
461	17	Monica does kiss those good people.	Monica does kiss that good people.	-83.0	-83.0	-10.375	-10.375	False	False	morphology	determiner_noun_agreement	Write a natural, coherent English sentence.
462	17	Benjamin can boast about those busy men.	Benjamin can boast about that busy men.	-93.5	-93.5	-10.375	-10.375	False	False	morphology	determiner_noun_agreement	Write a natural, coherent English sentence.
463	17	Donald conceals this lost nucleus.	Donald conceals these lost nucleus.	-83.0	-83.0	-10.375	-10.375	False	False	morphology	determiner_noun_agreement	Write a natural, coherent English sentence.
464	17	Gregory was embarrassing this big woman.	Gregory was embarrassing these big woman.	-83.0	-83.0	-10.375	-10.375	False	False	morphology	determiner_noun_agreement	Write a natural, coherent English sentence.
465	17	The waiter wasn't stunning that hidden child.	The waiter wasn't stunning those hidden child.	-114.0	-114.0	-10.375	-10.375	False	False	morphology	determiner_noun_agreement	Write a natural, coherent English sentence.
466	17	A lot of photographs haven't looked like this red stimulus.	A lot of photographs haven't looked like these red stimulus.	-144.0	-145.0	-10.3125	-10.3125	True	False	morphology	determiner_noun_agreement	Write a natural, coherent English sentence.
467	17	A patient fixed those cheap feet.	A patient fixed that cheap feet.	-73.0	-73.0	-10.375	-10.375	False	False	morphology	determiner_noun_agreement	Write a natural, coherent English sentence.
468	17	Many gates shouldn't astound these unsure alumni.	Many gates shouldn't astound this unsure alumni.	-145.0	-145.0	-10.375	-10.375	False	False	morphology	determiner_noun_agreement	Write a natural, coherent English sentence.
469	17	That picture hasn't looked like these big men.	That picture hasn't looked like this big men.	-114.0	-114.0	-10.375	-10.375	False	False	morphology	determiner_noun_agreement	Write a natural, coherent English sentence.
470	17	These waitresses talk about this hidden thesis.	These waitresses talk about these hidden thesis.	-103.5	-103.5	-10.3125	-10.3125	False	False	morphology	determiner_noun_agreement	Write a natural, coherent English sentence.
471	17	Stacy concealed those gray axes.	Stacy concealed that gray axes.	-93.5	-93.5	-10.375	-10.375	False	False	morphology	determiner_noun_agreement	Write a natural, coherent English sentence.
472	17	Nicole remembers those serious alumni.	Nicole remembers that serious alumni.	-93.0	-93.0	-10.375	-10.375	False	False	morphology	determiner_noun_agreement	Write a natural, coherent English sentence.
473	17	Leslie hadn't gone to that small oasis.	Leslie hadn't gone to those small oasis.	-124.0	-124.0	-10.3125	-10.3125	False	False	morphology	determiner_noun_agreement	Write a natural, coherent English sentence.
474	17	Joel wasn't praising this ill person.	Joel wasn't praising these ill person.	-103.5	-103.5	-10.375	-10.375	False	False	morphology	determiner_noun_agreement	Write a natural, coherent English sentence.
475	17	These drivers embarrasses this young alumnus.	These drivers embarrasses these young alumnus.	-103.5	-103.5	-10.375	-10.375	False	False	morphology	determiner_noun_agreement	Write a natural, coherent English sentence.
476	17	Beef bores that delighted woman.	Beef bores those delighted woman.	-83.0	-83.0	-10.375	-10.375	False	False	morphology	determiner_noun_agreement	Write a natural, coherent English sentence.
477	17	Mitchell goes to this gray oasis.	Mitchell goes to these gray oasis.	-83.0	-83.0	-10.375	-10.375	False	False	morphology	determiner_noun_agreement	Write a natural, coherent English sentence.
478	17	The mouth bores these upset men.	The mouth bores this upset men.	-83.0	-83.0	-10.375	-10.375	False	False	morphology	determiner_noun_agreement	Write a natural, coherent English sentence.
479	17	Most legislatures discuss those good people.	Most legislatures discuss that good people.	-83.0	-83.0	-10.375	-10.375	False	False	morphology	determiner_noun_agreement	Write a natural, coherent English sentence.
480	17	The boys mess up those purple feet.	The boys mess up that purple feet.	-83.0	-83.0	-10.375	-10.375	False	False	morphology	determiner_noun_agreement	Write a natural, coherent English sentence.
481	17	Cashiers describe these fast children.	Cashiers describe this fast children.	-72.5	-72.5	-10.375	-10.375	False	False	morphology	determiner_noun_agreement	Write a natural, coherent English sentence.
482	17	Roger has fired those unconvinced men.	Roger has fired that unconvinced men.	-103.5	-103.5	-10.375	-10.375	False	False	morphology	determiner_noun_agreement	Write a natural, coherent English sentence.
483	17	Amy wasn't kissing this content man.	Amy wasn't kissing these content man.	-103.5	-103.5	-10.375	-10.375	False	False	morphology	determiner_noun_agreement	Write a natural, coherent English sentence.
484	17	Every dancer hadn't praised those good analyses.	Every dancer hadn't praised that good analyses.	-124.5	-124.5	-10.375	-10.375	False	False	morphology	determiner_noun_agreement	Write a natural, coherent English sentence.
485	17	Rhonda wasn't hiding those red mice.	Rhonda wasn't hiding that red mice.	-114.0	-114.0	-10.375	-10.375	False	False	morphology	determiner_noun_agreement	Write a natural, coherent English sentence.
486	17	Every pedestrian talks about that bad synopsis.	Every pedestrian talks about those bad synopsis.	-103.5	-103.5	-10.3125	-10.3125	False	False	morphology	determiner_noun_agreement	Write a natural, coherent English sentence.
487	17	The fish shocks these old alumni.	The fish shocks this old alumni.	-103.5	-103.5	-10.375	-10.375	False	False	morphology	determiner_noun_agreement	Write a natural, coherent English sentence.
488	17	Those waitresses visited those scared alumni.	Those waitresses visited that scared alumni.	-114.0	-113.5	-10.3125	-10.3125	False	False	morphology	determiner_noun_agreement	Write a natural, coherent English sentence.
489	17	That library was listening to this nice man.	That library was listening to these nice man.	-93.0	-93.0	-10.375	-10.375	False	False	morphology	determiner_noun_agreement	Write a natural, coherent English sentence.
490	17	Steve wasn't bringing that blue stimulus.	Steve wasn't bringing those blue stimulus.	-103.5	-103.5	-10.375	-10.375	False	False	morphology	determiner_noun_agreement	Write a natural, coherent English sentence.
491	17	Some guest was hiring that scared woman.	Some guest was hiring those scared woman.	-83.0	-83.0	-10.375	-10.375	False	False	morphology	determiner_noun_agreement	Write a natural, coherent English sentence.
492	17	The spotlights upset this unconvinced alumnus.	The spotlights upset these unconvinced alumnus.	-134.0	-135.0	-10.375	-10.375	True	False	morphology	determiner_noun_agreement	Write a natural, coherent English sentence.
493	17	Todd might observe this lost man.	Todd might observe these lost man.	-72.5	-72.5	-10.375	-10.375	False	False	morphology	determiner_noun_agreement	Write a natural, coherent English sentence.
494	17	People could describe that unconvinced person.	People could describe those unconvinced person.	-103.5	-103.5	-10.375	-10.375	False	False	morphology	determiner_noun_agreement	Write a natural, coherent English sentence.
495	17	That waiter had astounded these lucky people.	That waiter had astounded this lucky people.	-114.0	-114.0	-10.3125	-10.375	False	True	morphology	determiner_noun_agreement	Write a natural, coherent English sentence.
496	17	Kendra disgusted these confident women.	Kendra disgusted this confident women.	-93.5	-93.0	-10.375	-10.375	False	False	morphology	determiner_noun_agreement	Write a natural, coherent English sentence.
497	17	Spain hasn't annoyed those old people.	Spain hasn't annoyed that old people.	-103.5	-103.5	-10.375	-10.375	False	False	morphology	determiner_noun_agreement	Write a natural, coherent English sentence.
498	17	Steve kisses these out in the open people.	Steve kisses this out in the open people.	-103.5	-103.5	-10.375	-10.375	False	False	morphology	determiner_noun_agreement	Write a natural, coherent English sentence.
499	17	Wayne kissed those unconvinced men.	Wayne kissed that unconvinced men.	-93.5	-93.5	-10.375	-10.375	False	False	morphology	determiner_noun_agreement	Write a natural, coherent English sentence.
500	17	Douglas has brought those lost cacti.	Douglas has brought that lost cacti.	-93.5	-93.0	-10.375	-10.375	False	False	morphology	determiner_noun_agreement	Write a natural, coherent English sentence.
501	17	Tammy can't reveal that big alumnus.	Tammy can't reveal those big alumnus.	-124.0	-124.5	-10.375	-10.375	True	False	morphology	determiner_noun_agreement	Write a natural, coherent English sentence.
502	17	Deborah fled from those standing children.	Deborah fled from that standing children.	-93.0	-93.5	-10.375	-10.375	True	False	morphology	determiner_noun_agreement	Write a natural, coherent English sentence.
503	17	A man wasn't cleaning that hard fungus.	A man wasn't cleaning those hard fungus.	-124.5	-124.0	-10.375	-10.375	False	False	morphology	determiner_noun_agreement	Write a natural, coherent English sentence.
504	17	Danielle has broken those gray teeth.	Danielle has broken that gray teeth.	-83.0	-83.0	-10.375	-10.375	False	False	morphology	determiner_noun_agreement	Write a natural, coherent English sentence.
505	17	Derek praised this big thesis.	Derek praised these big thesis.	-73.0	-72.5	-10.375	-10.375	False	False	morphology	determiner_noun_agreement	Write a natural, coherent English sentence.
506	17	Gary has disgusted those unsure people.	Gary has disgusted that unsure people.	-93.0	-93.0	-10.375	-10.375	False	False	morphology	determiner_noun_agreement	Write a natural, coherent English sentence.
507	17	A senator insulted this bad synopsis.	A senator insulted these bad synopsis.	-103.5	-103.5	-10.3125	-10.3125	False	False	morphology	determiner_noun_agreement	Write a natural, coherent English sentence.
508	17	A lot of drivers visit these purple oases.	A lot of drivers visit this purple oases.	-103.5	-103.5	-10.375	-10.375	False	False	morphology	determiner_noun_agreement	Write a natural, coherent English sentence.
509	17	Richard isn't attacking this fast child.	Richard isn't attacking these fast child.	-93.5	-93.5	-10.375	-10.375	False	False	morphology	determiner_noun_agreement	Write a natural, coherent English sentence.
510	17	Frank shocked that unsure man.	Frank shocked those unsure man.	-73.0	-73.0	-10.4375	-10.375	False	False	morphology	determiner_noun_agreement	Write a natural, coherent English sentence.
511	17	Brett returned to that confident man.	Brett returned to those confident man.	-83.0	-83.0	-10.375	-10.375	False	False	morphology	determiner_noun_agreement	Write a natural, coherent English sentence.
512	17	Many ladies weren't passing these old oases.	Many ladies weren't passing this old oases.	-114.0	-114.0	-10.375	-10.375	False	False	morphology	determiner_noun_agreement	Write a natural, coherent English sentence.
513	17	A waiter brought those purple teeth.	A waiter brought that purple teeth.	-83.0	-83.0	-10.375	-10.375	False	False	morphology	determiner_noun_agreement	Write a natural, coherent English sentence.
514	17	Beverly has fired this fast alumnus.	Beverly has fired these fast alumnus.	-103.5	-103.5	-10.375	-10.375	False	False	morphology	determiner_noun_agreement	Write a natural, coherent English sentence.
515	17	Men haven't observed that standing man.	Men haven't observed those standing man.	-93.0	-93.5	-10.375	-10.375	True	False	morphology	determiner_noun_agreement	Write a natural, coherent English sentence.
516	17	Tiffany admired this ill child.	Tiffany admired these ill child.	-93.0	-93.0	-10.375	-10.375	False	False	morphology	determiner_noun_agreement	Write a natural, coherent English sentence.
517	17	That patient didn't love that unemployed alumnus.	That patient didn't love those unemployed alumnus.	-134.0	-135.0	-10.375	-10.375	True	False	morphology	determiner_noun_agreement	Write a natural, coherent English sentence.
518	17	Aaron reveals that red tooth.	Aaron reveals those red tooth.	-62.25	-62.5	-10.375	-10.375	True	False	morphology	determiner_noun_agreement	Write a natural, coherent English sentence.
519	17	Monica was insulting those bad people.	Monica was insulting that bad people.	-93.0	-93.0	-10.3125	-10.375	False	True	morphology	determiner_noun_agreement	Write a natural, coherent English sentence.
520	17	These teenagers watch that old alumnus.	These teenagers watch those old alumnus.	-103.0	-103.0	-10.3125	-10.3125	False	False	morphology	determiner_noun_agreement	Write a natural, coherent English sentence.
521	17	Tina might confuse this exposed child.	Tina might confuse these exposed child.	-93.5	-93.5	-10.375	-10.375	False	False	morphology	determiner_noun_agreement	Write a natural, coherent English sentence.
522	17	A face was confusing that nice woman.	A face was confusing those nice woman.	-83.0	-83.0	-10.375	-10.375	False	False	morphology	determiner_noun_agreement	Write a natural, coherent English sentence.
523	17	An adult researches that good analysis.	An adult researches those good analysis.	-103.5	-103.5	-10.375	-10.375	False	False	morphology	determiner_noun_agreement	Write a natural, coherent English sentence.
524	17	Some broccoli isn't annoying these unconvinced women.	Some broccoli isn't annoying this unconvinced women.	-155.0	-156.0	-10.375	-10.375	True	False	morphology	determiner_noun_agreement	Write a natural, coherent English sentence.
525	17	Nancy talks about these content children.	Nancy talks about this content children.	-72.5	-72.5	-10.375	-10.375	False	False	morphology	determiner_noun_agreement	Write a natural, coherent English sentence.
526	17	Regina found this lost ox.	Regina found these lost ox.	-83.0	-83.0	-10.375	-10.375	False	False	morphology	determiner_noun_agreement	Write a natural, coherent English sentence.
527	17	Emily had respected that clever man.	Emily had respected those clever man.	-72.5	-72.5	-10.375	-10.375	False	False	morphology	determiner_noun_agreement	Write a natural, coherent English sentence.
528	17	Kathleen has worked with this confident man.	Kathleen has worked with these confident man.	-93.0	-93.0	-10.375	-10.375	False	False	morphology	determiner_noun_agreement	Write a natural, coherent English sentence.
529	17	Most customers are distracting these determined children.	Most customers are distracting this determined children.	-93.0	-93.0	-10.3125	-10.3125	False	False	morphology	determiner_noun_agreement	Write a natural, coherent English sentence.
530	17	Rachelle didn't cure this black octopus.	Rachelle didn't cure these black octopus.	-124.0	-124.0	-10.3125	-10.3125	False	False	morphology	determiner_noun_agreement	Write a natural, coherent English sentence.
531	17	Steven hugs these standing men.	Steven hugs this standing men.	-72.5	-72.5	-10.375	-10.375	False	False	morphology	determiner_noun_agreement	Write a natural, coherent English sentence.
532	17	Every popsicle shocked those excited men.	Every popsicle shocked that excited men.	-93.5	-93.5	-10.375	-10.375	False	False	morphology	determiner_noun_agreement	Write a natural, coherent English sentence.
533	17	Sonia lifts that new oasis.	Sonia lifts those new oasis.	-93.0	-93.0	-10.375	-10.375	False	False	morphology	determiner_noun_agreement	Write a natural, coherent English sentence.
534	17	Cheryl might tour that purple oasis.	Cheryl might tour those purple oasis.	-93.0	-93.0	-10.375	-10.375	False	False	morphology	determiner_noun_agreement	Write a natural, coherent English sentence.
535	17	This doctor appreciates this bad child.	This doctor appreciates these bad child.	-83.0	-83.0	-10.375	-10.375	False	False	morphology	determiner_noun_agreement	Write a natural, coherent English sentence.
536	17	Leslie breaks those red feet.	Leslie breaks that red feet.	-72.5	-72.5	-10.375	-10.375	False	False	morphology	determiner_noun_agreement	Write a natural, coherent English sentence.
537	17	Bethany hasn't hidden that yellow louse.	Bethany hasn't hidden those yellow louse.	-114.0	-114.0	-10.375	-10.375	False	False	morphology	determiner_noun_agreement	Write a natural, coherent English sentence.
538	17	Some people have criticized this brown thesis.	Some people have criticized these brown thesis.	-93.0	-93.0	-10.3125	-10.3125	False	False	morphology	determiner_noun_agreement	Write a natural, coherent English sentence.
539	17	Noah heals this determined child.	Noah heals these determined child.	-72.5	-72.5	-10.375	-10.375	False	False	morphology	determiner_noun_agreement	Write a natural, coherent English sentence.
540	17	Kevin biked to those big oases.	Kevin biked to that big oases.	-104.0	-103.5	-10.375	-10.375	False	False	morphology	determiner_noun_agreement	Write a natural, coherent English sentence.
541	17	Wayne hadn't bored these sick men.	Wayne hadn't bored this sick men.	-93.5	-93.5	-10.375	-10.375	False	False	morphology	determiner_noun_agreement	Write a natural, coherent English sentence.
542	17	Amy returns to those young alumni.	Amy returns to that young alumni.	-93.5	-93.0	-10.375	-10.375	False	False	morphology	determiner_noun_agreement	Write a natural, coherent English sentence.
543	17	That gate did aggravate this excited woman.	That gate did aggravate these excited woman.	-103.5	-103.5	-10.375	-10.375	False	False	morphology	determiner_noun_agreement	Write a natural, coherent English sentence.
544	17	Melissa observes that bad child.	Melissa observes those bad child.	-83.0	-83.0	-10.375	-10.375	False	False	morphology	determiner_noun_agreement	Write a natural, coherent English sentence.
545	17	Kathleen wasn't scanning those long synopses.	Kathleen wasn't scanning that long synopses.	-135.0	-135.0	-10.375	-10.375	False	False	morphology	determiner_noun_agreement	Write a natural, coherent English sentence.
546	17	That guy dropped by these white oases.	That guy dropped by this white oases.	-93.0	-93.0	-10.375	-10.375	False	False	morphology	determiner_noun_agreement	Write a natural, coherent English sentence.
547	17	Every child might fire this serious child.	Every child might fire these serious child.	-83.0	-83.0	-10.375	-10.375	False	False	morphology	determiner_noun_agreement	Write a natural, coherent English sentence.
548	17	Meredith had concealed that black thesis.	Meredith had concealed those black thesis.	-103.5	-103.5	-10.375	-10.375	False	False	morphology	determiner_noun_agreement	Write a natural, coherent English sentence.
549	17	Randolf didn't see these blue teeth.	Randolf didn't see this blue teeth.	-103.5	-103.5	-10.375	-10.375	False	False	morphology	determiner_noun_agreement	Write a natural, coherent English sentence.
550	17	Some guy passes that rough oasis.	Some guy passes those rough oasis.	-83.0	-83.0	-10.375	-10.375	False	False	morphology	determiner_noun_agreement	Write a natural, coherent English sentence.
551	17	Guys hurts that smart man.	Guys hurts those smart man.	-83.0	-83.0	-10.375	-10.375	False	False	morphology	determiner_noun_agreement	Write a natural, coherent English sentence.
552	17	Many museums should describe this fast man.	Many museums should describe these fast man.	-93.0	-93.0	-10.3125	-10.375	False	True	morphology	determiner_noun_agreement	Write a natural, coherent English sentence.
553	17	A lot of chairs haven't embarrassed this serious man.	A lot of chairs haven't embarrassed these serious man.	-124.0	-124.0	-10.375	-10.375	False	False	morphology	determiner_noun_agreement	Write a natural, coherent English sentence.
554	17	Emily talked about that ill alumnus.	Emily talked about those ill alumnus.	-93.0	-93.0	-10.3125	-10.3125	False	False	morphology	determiner_noun_agreement	Write a natural, coherent English sentence.
555	17	A lot of girls notice these black lice.	A lot of girls notice this black lice.	-103.5	-103.5	-10.3125	-10.3125	False	False	morphology	determiner_noun_agreement	Write a natural, coherent English sentence.
556	17	Those schools reference that green thesis.	Those schools reference those green thesis.	-73.0	-73.0	-10.375	-10.375	False	False	morphology	determiner_noun_agreement	Write a natural, coherent English sentence.
557	17	Bradley had bored this delighted alumnus.	Bradley had bored these delighted alumnus.	-103.5	-103.5	-10.375	-10.375	False	False	morphology	determiner_noun_agreement	Write a natural, coherent English sentence.
558	17	Melinda scares this good woman.	Melinda scares these good woman.	-83.0	-83.0	-10.375	-10.375	False	False	morphology	determiner_noun_agreement	Write a natural, coherent English sentence.
559	17	Those pedestrians go to those big oases.	Those pedestrians go to that big oases.	-114.0	-114.0	-10.375	-10.375	False	False	morphology	determiner_noun_agreement	Write a natural, coherent English sentence.
560	17	Many doctors escaped from that lost child.	Many doctors escaped from those lost child.	-83.0	-83.0	-10.375	-10.375	False	False	morphology	determiner_noun_agreement	Write a natural, coherent English sentence.
561	17	Tamara isn't revealing that orange ox.	Tamara isn't revealing those orange ox.	-103.5	-103.5	-10.375	-10.375	False	False	morphology	determiner_noun_agreement	Write a natural, coherent English sentence.
562	17	Many patients arrive at that hidden oasis.	Many patients arrive at those hidden oasis.	-93.0	-93.0	-10.375	-10.3125	False	False	morphology	determiner_noun_agreement	Write a natural, coherent English sentence.
563	17	Beth leaves these happy children.	Beth leaves this happy children.	-62.25	-62.25	-10.375	-10.375	False	False	morphology	determiner_noun_agreement	Write a natural, coherent English sentence.
564	17	Deanna broke that yellow foot.	Deanna broke those yellow foot.	-72.5	-72.5	-10.375	-10.375	False	False	morphology	determiner_noun_agreement	Write a natural, coherent English sentence.
565	17	Jessica had talked to that concealed man.	Jessica had talked to those concealed man.	-93.0	-93.5	-10.375	-10.375	True	False	morphology	determiner_noun_agreement	Write a natural, coherent English sentence.
566	17	Those actors praise those long synopses.	Those actors praise that long synopses.	-93.5	-93.5	-10.375	-10.375	False	False	morphology	determiner_noun_agreement	Write a natural, coherent English sentence.
567	17	This coat hasn't astounded these popular men.	This coat hasn't astounded this popular men.	-124.0	-124.0	-10.3125	-10.3125	False	False	morphology	determiner_noun_agreement	Write a natural, coherent English sentence.
568	17	Wendy does talk to this scared alumnus.	Wendy does talk to these scared alumnus.	-114.0	-114.0	-10.3125	-10.375	False	True	morphology	determiner_noun_agreement	Write a natural, coherent English sentence.
569	17	Christine is questioning these happy men.	Christine is questioning this happy men.	-83.0	-83.0	-10.375	-10.375	False	False	morphology	determiner_noun_agreement	Write a natural, coherent English sentence.
570	17	All doctors loved that displeased man.	All doctors loved those displeased man.	-93.5	-93.5	-10.375	-10.375	False	False	morphology	determiner_noun_agreement	Write a natural, coherent English sentence.
571	17	Waitresses researched these long synopses.	Waitresses researched this long synopses.	-134.0	-134.0	-10.375	-10.3125	False	False	morphology	determiner_noun_agreement	Write a natural, coherent English sentence.
572	17	Alexander can flee from this nice woman.	Alexander can flee from these nice woman.	-93.5	-93.5	-10.375	-10.375	False	False	morphology	determiner_noun_agreement	Write a natural, coherent English sentence.
573	17	Walter hadn't hated this fast man.	Walter hadn't hated these fast man.	-93.5	-93.5	-10.375	-10.375	False	False	morphology	determiner_noun_agreement	Write a natural, coherent English sentence.
574	17	Those cashiers buy those smooth lice.	Those cashiers buy that smooth lice.	-93.5	-93.5	-10.375	-10.375	False	False	morphology	determiner_noun_agreement	Write a natural, coherent English sentence.
575	17	Sonia hid that determined child.	Sonia hid those determined child.	-72.5	-72.5	-10.375	-10.375	False	False	morphology	determiner_noun_agreement	Write a natural, coherent English sentence.
576	17	Barbara is observing that excited person.	Barbara is observing those excited person.	-83.0	-83.0	-10.375	-10.375	False	False	morphology	determiner_noun_agreement	Write a natural, coherent English sentence.
577	17	That company stuns these unconvinced women.	That company stuns this unconvinced women.	-114.0	-114.0	-10.375	-10.375	False	False	morphology	determiner_noun_agreement	Write a natural, coherent English sentence.
578	17	Paul thought about those bad theses.	Paul thought about that bad theses.	-83.0	-83.0	-10.375	-10.375	False	False	morphology	determiner_noun_agreement	Write a natural, coherent English sentence.
579	17	Victoria escaped from these displeased children.	Victoria escaped from this displeased children.	-93.0	-93.0	-10.375	-10.375	False	False	morphology	determiner_noun_agreement	Write a natural, coherent English sentence.
580	17	Brad notices this big octopus.	Brad notices these big octopus.	-93.0	-93.0	-10.3125	-10.3125	False	False	morphology	determiner_noun_agreement	Write a natural, coherent English sentence.
581	17	Adam is praising those yellow theses.	Adam is praising that yellow theses.	-93.5	-93.5	-10.375	-10.375	False	False	morphology	determiner_noun_agreement	Write a natural, coherent English sentence.
582	17	Douglas did tour those hidden oases.	Douglas did tour that hidden oases.	-83.0	-83.0	-10.375	-10.375	False	False	morphology	determiner_noun_agreement	Write a natural, coherent English sentence.
583	17	Gerald couldn't know these happy men.	Gerald couldn't know this happy men.	-103.5	-103.5	-10.375	-10.375	False	False	morphology	determiner_noun_agreement	Write a natural, coherent English sentence.
584	17	Those women hug that smart man.	Those women hug those smart man.	-73.0	-72.5	-10.375	-10.375	False	False	morphology	determiner_noun_agreement	Write a natural, coherent English sentence.
585	17	These senators wouldn't forget that long synopsis.	These senators wouldn't forget those long synopsis.	-124.5	-124.5	-10.375	-10.375	False	False	morphology	determiner_noun_agreement	Write a natural, coherent English sentence.
586	17	Edward took those lost stimuli.	Edward took that lost stimuli.	-72.5	-72.5	-10.375	-10.375	False	False	morphology	determiner_noun_agreement	Write a natural, coherent English sentence.
587	17	The waitresses did know this lucky person.	The waitresses did know these lucky person.	-103.0	-103.0	-10.3125	-10.3125	False	False	morphology	determiner_noun_agreement	Write a natural, coherent English sentence.
588	17	That library might love this important person.	That library might love these important person.	-83.0	-83.0	-10.375	-10.375	False	False	morphology	determiner_noun_agreement	Write a natural, coherent English sentence.
589	17	Carrie was healing this gray octopus.	Carrie was healing these gray octopus.	-103.5	-103.5	-10.375	-10.375	False	False	morphology	determiner_noun_agreement	Write a natural, coherent English sentence.
590	17	Sonia hadn't cleaned those gray teeth.	Sonia hadn't cleaned that gray teeth.	-103.5	-103.5	-10.375	-10.375	False	False	morphology	determiner_noun_agreement	Write a natural, coherent English sentence.
591	17	The Lutherans alarmed this confident woman.	The Lutherans alarmed these confident woman.	-93.0	-93.5	-10.375	-10.375	True	False	morphology	determiner_noun_agreement	Write a natural, coherent English sentence.
592	17	This shirt impressed those popular people.	This shirt impressed that popular people.	-73.0	-73.0	-10.375	-10.375	False	False	morphology	determiner_noun_agreement	Write a natural, coherent English sentence.
593	17	Some schools love that employed person.	Some schools love those employed person.	-72.5	-72.5	-10.375	-10.375	False	False	morphology	determiner_noun_agreement	Write a natural, coherent English sentence.
594	17	Valerie hasn't known this young child.	Valerie hasn't known these young child.	-103.5	-103.5	-10.375	-10.375	False	False	morphology	determiner_noun_agreement	Write a natural, coherent English sentence.
595	17	Scott respected those displeased men.	Scott respected that displeased men.	-83.0	-83.0	-10.375	-10.375	False	False	morphology	determiner_noun_agreement	Write a natural, coherent English sentence.
596	17	The ladies work with those lost children.	The ladies work with that lost children.	-83.0	-83.0	-10.375	-10.375	False	False	morphology	determiner_noun_agreement	Write a natural, coherent English sentence.
597	17	Dawn had biked to this small oasis.	Dawn had biked to these small oasis.	-124.0	-124.0	-10.375	-10.375	False	False	morphology	determiner_noun_agreement	Write a natural, coherent English sentence.
598	17	Samantha would explore that gray oasis.	Samantha would explore those gray oasis.	-103.5	-103.5	-10.375	-10.375	False	False	morphology	determiner_noun_agreement	Write a natural, coherent English sentence.
599	17	All steps upset those unemployed men.	All steps upset that unemployed men.	-83.0	-83.0	-10.375	-10.375	False	False	morphology	determiner_noun_agreement	Write a natural, coherent English sentence.
600	17	Marla has described that unemployed woman.	Marla has described those unemployed woman.	-93.0	-93.5	-10.375	-10.375	True	False	morphology	determiner_noun_agreement	Write a natural, coherent English sentence.
601	17	Most universities bore those excited children.	Most universities bore that excited children.	-72.5	-72.5	-10.375	-10.375	False	False	morphology	determiner_noun_agreement	Write a natural, coherent English sentence.
602	17	These banks should reference that purple thesis.	These banks should reference those purple thesis.	-83.0	-83.0	-10.375	-10.375	False	False	morphology	determiner_noun_agreement	Write a natural, coherent English sentence.
603	17	Sherry brought those concealed geese.	Sherry brought that concealed geese.	-93.5	-93.0	-10.375	-10.375	False	False	morphology	determiner_noun_agreement	Write a natural, coherent English sentence.
604	17	Many pedestrians complain about these long analyses.	Many pedestrians complain about this long analyses.	-114.0	-114.0	-10.375	-10.375	False	False	morphology	determiner_noun_agreement	Write a natural, coherent English sentence.
605	17	Theresa fixed these small teeth.	Theresa fixed this small teeth.	-72.5	-72.5	-10.375	-10.375	False	False	morphology	determiner_noun_agreement	Write a natural, coherent English sentence.
606	17	This lake disturbed those unconvinced men.	This lake disturbed that unconvinced men.	-114.0	-114.0	-10.375	-10.375	False	False	morphology	determiner_noun_agreement	Write a natural, coherent English sentence.
607	17	Catherine was talking about those bad synopses.	Catherine was talking about that bad synopses.	-103.5	-103.5	-10.375	-10.375	False	False	morphology	determiner_noun_agreement	Write a natural, coherent English sentence.
608	17	Alicia had escaped from these hidden men.	Alicia had escaped from this hidden men.	-103.5	-103.5	-10.375	-10.375	False	False	morphology	determiner_noun_agreement	Write a natural, coherent English sentence.
609	17	Natalie hasn't worked with this confident woman.	Natalie hasn't worked with these confident woman.	-114.0	-114.0	-10.375	-10.375	False	False	morphology	determiner_noun_agreement	Write a natural, coherent English sentence.
610	17	Amelia annoyed this smart man.	Amelia annoyed these smart man.	-83.0	-83.0	-10.375	-10.375	False	False	morphology	determiner_noun_agreement	Write a natural, coherent English sentence.
611	17	Every guest is irritating this serious child.	Every guest is irritating these serious child.	-93.5	-93.5	-10.375	-10.375	False	False	morphology	determiner_noun_agreement	Write a natural, coherent English sentence.
612	17	All reports annoyed this hopeful person.	All reports annoyed these hopeful person.	-93.0	-93.0	-10.3125	-10.3125	False	False	morphology	determiner_noun_agreement	Write a natural, coherent English sentence.
613	17	These women break those orange teeth.	These women break that orange teeth.	-72.5	-72.5	-10.375	-10.375	False	False	morphology	determiner_noun_agreement	Write a natural, coherent English sentence.
614	17	Christopher could shock this excited child.	Christopher could shock these excited child.	-72.5	-72.5	-10.375	-10.375	False	False	morphology	determiner_noun_agreement	Write a natural, coherent English sentence.
615	17	This spotlight hasn't disgusted that employed child.	This spotlight hasn't disgusted those employed child.	-124.0	-124.0	-10.3125	-10.375	False	True	morphology	determiner_noun_agreement	Write a natural, coherent English sentence.
616	17	Samantha fled from that busy child.	Samantha fled from those busy child.	-93.0	-93.0	-10.375	-10.3125	False	False	morphology	determiner_noun_agreement	Write a natural, coherent English sentence.
617	17	Lucille arrived at that hard oasis.	Lucille arrived at those hard oasis.	-93.0	-93.0	-10.375	-10.375	False	False	morphology	determiner_noun_agreement	Write a natural, coherent English sentence.
618	17	All teachers see those yellow lice.	All teachers see that yellow lice.	-83.0	-83.0	-10.375	-10.375	False	False	morphology	determiner_noun_agreement	Write a natural, coherent English sentence.
619	17	Some photographs haven't looked like these small octopi.	Some photographs haven't looked like this small octopi.	-134.0	-134.0	-10.375	-10.375	False	False	morphology	determiner_noun_agreement	Write a natural, coherent English sentence.
620	17	Danielle brought those blue feet.	Danielle brought that blue feet.	-72.5	-72.5	-10.375	-10.375	False	False	morphology	determiner_noun_agreement	Write a natural, coherent English sentence.
621	17	Todd hadn't left those exposed men.	Todd hadn't left that exposed men.	-93.0	-93.0	-10.375	-10.375	False	False	morphology	determiner_noun_agreement	Write a natural, coherent English sentence.
622	17	Some doctors embarrasses those delighted alumni.	Some doctors embarrasses that delighted alumni.	-103.5	-103.5	-10.375	-10.375	False	False	morphology	determiner_noun_agreement	Write a natural, coherent English sentence.
623	17	The actresses forget that unemployed alumnus.	The actresses forget those unemployed alumnus.	-113.5	-113.5	-10.3125	-10.3125	False	False	morphology	determiner_noun_agreement	Write a natural, coherent English sentence.
624	17	A lot of socks alarm this unsure alumnus.	A lot of socks alarm these unsure alumnus.	-124.0	-124.0	-10.3125	-10.3125	False	False	morphology	determiner_noun_agreement	Write a natural, coherent English sentence.
625	17	The customers are thinking about that busy child.	The customers are thinking about those busy child.	-93.0	-93.0	-10.375	-10.3125	False	False	morphology	determiner_noun_agreement	Write a natural, coherent English sentence.
626	17	Kristin wasn't kissing those small men.	Kristin wasn't kissing that small men.	-114.0	-114.0	-10.375	-10.375	False	False	morphology	determiner_noun_agreement	Write a natural, coherent English sentence.
627	17	Omar hasn't broken this broken foot.	Omar hasn't broken these broken foot.	-103.5	-103.5	-10.375	-10.375	False	False	morphology	determiner_noun_agreement	Write a natural, coherent English sentence.
628	17	The actress worked with this nice woman.	The actress worked with these nice woman.	-83.0	-83.0	-10.375	-10.375	False	False	morphology	determiner_noun_agreement	Write a natural, coherent English sentence.
629	17	Patients insult these happy people.	Patients insult this happy people.	-72.5	-72.5	-10.375	-10.375	False	False	morphology	determiner_noun_agreement	Write a natural, coherent English sentence.
630	17	Spain bought those orange lice.	Spain bought that orange lice.	-72.5	-72.5	-10.375	-10.375	False	False	morphology	determiner_noun_agreement	Write a natural, coherent English sentence.
631	17	Those waiters didn't kiss this unlucky child.	Those waiters didn't kiss these unlucky child.	-134.0	-134.0	-10.3125	-10.3125	False	False	morphology	determiner_noun_agreement	Write a natural, coherent English sentence.
632	17	Jennifer isn't touring these old oases.	Jennifer isn't touring this old oases.	-114.0	-114.0	-10.375	-10.375	False	False	morphology	determiner_noun_agreement	Write a natural, coherent English sentence.
633	17	Glaciers upset this small child.	Glaciers upset these small child.	-83.0	-83.0	-10.375	-10.375	False	False	morphology	determiner_noun_agreement	Write a natural, coherent English sentence.
634	17	John investigated these old men.	John investigated this old men.	-62.5	-62.25	-10.375	-10.375	False	False	morphology	determiner_noun_agreement	Write a natural, coherent English sentence.
635	17	Some doctors hated these yellow theses.	Some doctors hated this yellow theses.	-83.0	-83.0	-10.375	-10.375	False	False	morphology	determiner_noun_agreement	Write a natural, coherent English sentence.
636	17	Linda described that clever man.	Linda described those clever man.	-62.25	-62.5	-10.375	-10.375	True	False	morphology	determiner_noun_agreement	Write a natural, coherent English sentence.
637	17	Many drawings are looking like these excited women.	Many drawings are looking like this excited women.	-93.5	-93.5	-10.375	-10.375	False	False	morphology	determiner_noun_agreement	Write a natural, coherent English sentence.
638	17	Mitchell had concealed that small tooth.	Mitchell had concealed those small tooth.	-83.0	-83.0	-10.375	-10.375	False	False	morphology	determiner_noun_agreement	Write a natural, coherent English sentence.
639	17	Every dog had irritated this young child.	Every dog had irritated these young child.	-93.0	-93.5	-10.375	-10.375	True	False	morphology	determiner_noun_agreement	Write a natural, coherent English sentence.
640	17	Some doctors lift this exposed ox.	Some doctors lift these exposed ox.	-72.5	-72.5	-10.375	-10.375	False	False	morphology	determiner_noun_agreement	Write a natural, coherent English sentence.
641	17	Valerie was disgusting that happy woman.	Valerie was disgusting those happy woman.	-93.0	-93.0	-10.375	-10.375	False	False	morphology	determiner_noun_agreement	Write a natural, coherent English sentence.
642	17	Claire hugs those clever men.	Claire hugs that clever men.	-73.0	-72.5	-10.375	-10.375	False	False	morphology	determiner_noun_agreement	Write a natural, coherent English sentence.
643	17	All adults go to these white oases.	All adults go to this white oases.	-93.0	-93.0	-10.375	-10.375	False	False	morphology	determiner_noun_agreement	Write a natural, coherent English sentence.
644	17	Bill observed this nice child.	Bill observed these nice child.	-62.25	-62.25	-10.375	-10.375	False	False	morphology	determiner_noun_agreement	Write a natural, coherent English sentence.
645	17	Diana kissed these delighted alumni.	Diana kissed this delighted alumni.	-83.0	-83.0	-10.375	-10.375	False	False	morphology	determiner_noun_agreement	Write a natural, coherent English sentence.
646	17	Governments are describing those sick people.	Governments are describing that sick people.	-83.0	-83.0	-10.375	-10.375	False	False	morphology	determiner_noun_agreement	Write a natural, coherent English sentence.
647	17	The doctors cure that young woman.	The doctors cure those young woman.	-72.5	-72.5	-10.375	-10.375	False	False	morphology	determiner_noun_agreement	Write a natural, coherent English sentence.
648	17	Dancers did disagree with this ill child.	Dancers did disagree with these ill child.	-93.5	-93.5	-10.375	-10.375	False	False	morphology	determiner_noun_agreement	Write a natural, coherent English sentence.
649	17	Veronica couldn't embarrass these exposed men.	Veronica couldn't embarrass this exposed men.	-114.0	-114.0	-10.3125	-10.3125	False	False	morphology	determiner_noun_agreement	Write a natural, coherent English sentence.
650	17	The students cared for that delighted man.	The students cared for those delighted man.	-83.0	-83.0	-10.375	-10.375	False	False	morphology	determiner_noun_agreement	Write a natural, coherent English sentence.
651	17	Steve conceals these important men.	Steve conceals this important men.	-72.5	-72.5	-10.375	-10.375	False	False	morphology	determiner_noun_agreement	Write a natural, coherent English sentence.
652	17	These actresses will talk to these content men.	These actresses will talk to this content men.	-103.5	-103.5	-10.375	-10.375	False	False	morphology	determiner_noun_agreement	Write a natural, coherent English sentence.
653	17	That teenager wouldn't buy these rough oxen.	That teenager wouldn't buy this rough oxen.	-114.0	-114.0	-10.375	-10.375	False	False	morphology	determiner_noun_agreement	Write a natural, coherent English sentence.
654	17	Sheila wouldn't kiss that happy child.	Sheila wouldn't kiss those happy child.	-103.5	-103.5	-10.375	-10.375	False	False	morphology	determiner_noun_agreement	Write a natural, coherent English sentence.
655	17	Erin drove to these out in the open oases.	Erin drove to this out in the open oases.	-124.5	-124.0	-10.375	-10.375	False	False	morphology	determiner_noun_agreement	Write a natural, coherent English sentence.
656	17	Every hat has embarrassed those hopeful people.	Every hat has embarrassed that hopeful people.	-93.0	-93.0	-10.3125	-10.3125	False	False	morphology	determiner_noun_agreement	Write a natural, coherent English sentence.
657	17	Every man is fleeing from that exposed oasis.	Every man is fleeing from those exposed oasis.	-114.0	-114.0	-10.375	-10.375	False	False	morphology	determiner_noun_agreement	Write a natural, coherent English sentence.
658	17	Some adults visit this ill man.	Some adults visit these ill man.	-72.5	-72.5	-10.375	-10.375	False	False	morphology	determiner_noun_agreement	Write a natural, coherent English sentence.
659	17	Janet did lift that good thesis.	Janet did lift those good thesis.	-83.0	-83.0	-10.375	-10.375	False	False	morphology	determiner_noun_agreement	Write a natural, coherent English sentence.
660	17	Katherine was cleaning this orange tooth.	Katherine was cleaning these orange tooth.	-83.0	-83.0	-10.375	-10.375	False	False	morphology	determiner_noun_agreement	Write a natural, coherent English sentence.
661	17	A lot of tomatoes can't confuse these ill alumni.	A lot of tomatoes can't confuse this ill alumni.	-165.0	-165.0	-10.3125	-10.3125	False	False	morphology	determiner_noun_agreement	Write a natural, coherent English sentence.
662	17	Rose goes to those out in the open oases.	Rose goes to that out in the open oases.	-114.0	-114.0	-10.375	-10.375	False	False	morphology	determiner_noun_agreement	Write a natural, coherent English sentence.
663	17	These governments criticize those gray oases.	These governments criticize that gray oases.	-93.0	-93.0	-10.375	-10.375	False	False	morphology	determiner_noun_agreement	Write a natural, coherent English sentence.
664	17	Kevin forgot those delighted men.	Kevin forgot that delighted men.	-62.5	-62.5	-10.375	-10.375	False	False	morphology	determiner_noun_agreement	Write a natural, coherent English sentence.
665	17	Most companies describe that long analysis.	Most companies describe those long analysis.	-72.5	-72.5	-10.375	-10.375	False	False	morphology	determiner_noun_agreement	Write a natural, coherent English sentence.
666	17	Vincent was skated around this small oasis.	Vincent was skated around these small oasis.	-103.5	-103.5	-10.375	-10.375	False	False	morphology	determiner_noun_agreement	Write a natural, coherent English sentence.
667	17	Many guys arrive at these out in the open oases.	Many guys arrive at this out in the open oases.	-124.0	-124.0	-10.3125	-10.3125	False	False	morphology	determiner_noun_agreement	Write a natural, coherent English sentence.
668	17	Gregory hadn't revealed these lost fungi.	Gregory hadn't revealed this lost fungi.	-103.5	-104.0	-10.375	-10.375	True	False	morphology	determiner_noun_agreement	Write a natural, coherent English sentence.
669	17	The cake stuns this standing man.	The cake stuns these standing man.	-83.0	-83.0	-10.375	-10.375	False	False	morphology	determiner_noun_agreement	Write a natural, coherent English sentence.
670	17	Cheryl isn't irritating that clever man.	Cheryl isn't irritating those clever man.	-114.0	-114.0	-10.375	-10.375	False	False	morphology	determiner_noun_agreement	Write a natural, coherent English sentence.
671	17	Some cat bores those old children.	Some cat bores that old children.	-83.0	-83.0	-10.375	-10.375	False	False	morphology	determiner_noun_agreement	Write a natural, coherent English sentence.
672	17	The actress knows that delighted child.	The actress knows those delighted child.	-72.5	-72.5	-10.375	-10.375	False	False	morphology	determiner_noun_agreement	Write a natural, coherent English sentence.
673	17	That actress had driven to these hidden oases.	That actress had driven to this hidden oases.	-104.0	-104.0	-10.375	-10.375	False	False	morphology	determiner_noun_agreement	Write a natural, coherent English sentence.
674	17	The Lutherans arrive at this cheap oasis.	The Lutherans arrive at these cheap oasis.	-103.5	-103.5	-10.375	-10.375	False	False	morphology	determiner_noun_agreement	Write a natural, coherent English sentence.
675	17	Diane was kissing those lost women.	Diane was kissing that lost women.	-93.5	-93.5	-10.375	-10.375	False	False	morphology	determiner_noun_agreement	Write a natural, coherent English sentence.
676	17	Larry disturbs this employed woman.	Larry disturbs these employed woman.	-83.0	-83.0	-10.375	-10.375	False	False	morphology	determiner_noun_agreement	Write a natural, coherent English sentence.
677	17	Pies shock this upset woman.	Pies shock these upset woman.	-73.0	-73.0	-10.375	-10.375	False	False	morphology	determiner_noun_agreement	Write a natural, coherent English sentence.
678	17	Some waiters hug this content alumnus.	Some waiters hug these content alumnus.	-103.5	-103.5	-10.375	-10.375	False	False	morphology	determiner_noun_agreement	Write a natural, coherent English sentence.
679	17	Anna talked to those unsure men.	Anna talked to that unsure men.	-83.0	-83.0	-10.375	-10.375	False	False	morphology	determiner_noun_agreement	Write a natural, coherent English sentence.
680	17	This school bores this determined man.	This school bores these determined man.	-83.0	-83.0	-10.375	-10.375	False	False	morphology	determiner_noun_agreement	Write a natural, coherent English sentence.
681	17	Omar had thought about these unemployed men.	Omar had thought about this unemployed men.	-103.5	-103.5	-10.375	-10.3125	False	False	morphology	determiner_noun_agreement	Write a natural, coherent English sentence.
682	17	Winston Churchill cleaned these big nuclei.	Winston Churchill cleaned this big nuclei.	-103.5	-103.5	-10.375	-10.375	False	False	morphology	determiner_noun_agreement	Write a natural, coherent English sentence.
683	17	These organizations aren't concealing that exposed child.	These organizations aren't concealing those exposed child.	-114.0	-114.0	-10.375	-10.375	False	False	morphology	determiner_noun_agreement	Write a natural, coherent English sentence.
684	17	Erin bought this concealed axis.	Erin bought these concealed axis.	-83.0	-83.0	-10.375	-10.375	False	False	morphology	determiner_noun_agreement	Write a natural, coherent English sentence.
685	17	Dan examines this long analysis.	Dan examines these long analysis.	-72.5	-72.5	-10.375	-10.375	False	False	morphology	determiner_noun_agreement	Write a natural, coherent English sentence.
686	17	These drivers concealed these gray oxen.	These drivers concealed this gray oxen.	-93.0	-93.0	-10.375	-10.375	False	False	morphology	determiner_noun_agreement	Write a natural, coherent English sentence.
687	17	All children impresses this happy man.	All children impresses these happy man.	-83.0	-83.0	-10.375	-10.375	False	False	morphology	determiner_noun_agreement	Write a natural, coherent English sentence.
688	17	People will conceal that concealed man.	People will conceal those concealed man.	-93.0	-93.0	-10.375	-10.375	False	False	morphology	determiner_noun_agreement	Write a natural, coherent English sentence.
689	17	Some patient returns to this old man.	Some patient returns to these old man.	-83.0	-83.0	-10.375	-10.375	False	False	morphology	determiner_noun_agreement	Write a natural, coherent English sentence.
690	17	Many actresses discovered those big oases.	Many actresses discovered that big oases.	-93.0	-93.0	-10.3125	-10.3125	False	False	morphology	determiner_noun_agreement	Write a natural, coherent English sentence.
691	17	The school talks about those young alumni.	The school talks about that young alumni.	-103.5	-103.5	-10.375	-10.375	False	False	morphology	determiner_noun_agreement	Write a natural, coherent English sentence.
692	17	Omar admired these blue fungi.	Omar admired this blue fungi.	-93.5	-93.5	-10.375	-10.375	False	False	morphology	determiner_noun_agreement	Write a natural, coherent English sentence.
693	17	Some school can't hate these good people.	Some school can't hate this good people.	-104.0	-104.0	-10.375	-10.375	False	False	morphology	determiner_noun_agreement	Write a natural, coherent English sentence.
694	17	A lot of eggplants wouldn't disturb that determined woman.	A lot of eggplants wouldn't disturb those determined woman.	-145.0	-145.0	-10.3125	-10.3125	False	False	morphology	determiner_noun_agreement	Write a natural, coherent English sentence.
695	17	That cake could annoy these uncertain men.	That cake could annoy this uncertain men.	-83.0	-83.0	-10.375	-10.375	False	False	morphology	determiner_noun_agreement	Write a natural, coherent English sentence.
696	17	Lamps are worrying these hopeful alumni.	Lamps are worrying this hopeful alumni.	-114.0	-114.0	-10.375	-10.375	False	False	morphology	determiner_noun_agreement	Write a natural, coherent English sentence.
697	17	A lot of eggplants bore these excited alumni.	A lot of eggplants bore this excited alumni.	-134.0	-134.0	-10.3125	-10.3125	False	False	morphology	determiner_noun_agreement	Write a natural, coherent English sentence.
698	17	A lot of teachers arrived at these old oases.	A lot of teachers arrived at this old oases.	-114.0	-113.5	-10.3125	-10.3125	False	False	morphology	determiner_noun_agreement	Write a natural, coherent English sentence.
699	17	Most sweaters hurt those happy people.	Most sweaters hurt that happy people.	-83.0	-83.0	-10.375	-10.375	False	False	morphology	determiner_noun_agreement	Write a natural, coherent English sentence.
700	17	Tara scans those good analyses.	Tara scans that good analyses.	-93.5	-93.0	-10.375	-10.375	False	False	morphology	determiner_noun_agreement	Write a natural, coherent English sentence.
701	17	The man doesn't reference this out in the open woman.	The man doesn't reference these out in the open woman.	-135.0	-135.0	-10.375	-10.375	False	False	morphology	determiner_noun_agreement	Write a natural, coherent English sentence.
702	17	This cashier is leaving this employed person.	This cashier is leaving these employed person.	-93.0	-93.0	-10.3125	-10.3125	False	False	morphology	determiner_noun_agreement	Write a natural, coherent English sentence.
703	17	Bananas bother these clever alumni.	Bananas bother this clever alumni.	-93.0	-93.0	-10.3125	-10.3125	False	False	morphology	determiner_noun_agreement	Write a natural, coherent English sentence.
704	17	Some convertibles had worried those fast men.	Some convertibles had worried that fast men.	-93.5	-93.5	-10.375	-10.375	False	False	morphology	determiner_noun_agreement	Write a natural, coherent English sentence.
705	17	Carl bored those nice women.	Carl bored that nice women.	-62.25	-62.25	-10.375	-10.375	False	False	morphology	determiner_noun_agreement	Write a natural, coherent English sentence.
706	17	These teachers explore these old oases.	These teachers explore this old oases.	-83.0	-83.0	-10.375	-10.375	False	False	morphology	determiner_noun_agreement	Write a natural, coherent English sentence.
707	17	Many waiters work with this scared child.	Many waiters work with these scared child.	-93.0	-93.0	-10.375	-10.375	False	False	morphology	determiner_noun_agreement	Write a natural, coherent English sentence.
708	17	Committees admire that smart child.	Committees admire those smart child.	-93.5	-93.5	-10.375	-10.375	False	False	morphology	determiner_noun_agreement	Write a natural, coherent English sentence.
709	17	Matt approaches this exposed child.	Matt approaches these exposed child.	-62.5	-62.25	-10.375	-10.375	False	False	morphology	determiner_noun_agreement	Write a natural, coherent English sentence.
710	17	Brian talks to this lucky man.	Brian talks to these lucky man.	-72.5	-72.5	-10.375	-10.375	False	False	morphology	determiner_noun_agreement	Write a natural, coherent English sentence.
711	17	A boy isn't talking about that red oasis.	A boy isn't talking about those red oasis.	-124.0	-124.0	-10.375	-10.375	False	False	morphology	determiner_noun_agreement	Write a natural, coherent English sentence.
712	17	Phillip bought those black feet.	Phillip bought that black feet.	-72.5	-72.5	-10.375	-10.375	False	False	morphology	determiner_noun_agreement	Write a natural, coherent English sentence.
713	17	Eric isn't buying those brown geese.	Eric isn't buying that brown geese.	-103.5	-103.5	-10.375	-10.375	False	False	morphology	determiner_noun_agreement	Write a natural, coherent English sentence.
714	17	Elaine remembers this delighted woman.	Elaine remembers these delighted woman.	-83.0	-83.0	-10.375	-10.375	False	False	morphology	determiner_noun_agreement	Write a natural, coherent English sentence.
715	17	This pedestrian arrives at that smooth oasis.	This pedestrian arrives at those smooth oasis.	-103.5	-103.5	-10.375	-10.375	False	False	morphology	determiner_noun_agreement	Write a natural, coherent English sentence.
716	17	Those men forget these smart men.	Those men forget this smart men.	-72.5	-72.5	-10.375	-10.375	False	False	morphology	determiner_noun_agreement	Write a natural, coherent English sentence.
717	17	Tara might alarm this unsure person.	Tara might alarm these unsure person.	-93.5	-93.5	-10.375	-10.375	False	False	morphology	determiner_noun_agreement	Write a natural, coherent English sentence.
718	17	Vanessa was healing those purple geese.	Vanessa was healing that purple geese.	-93.0	-93.0	-10.375	-10.375	False	False	morphology	determiner_noun_agreement	Write a natural, coherent English sentence.
719	17	Steven hasn't questioned those troubled people.	Steven hasn't questioned that troubled people.	-103.5	-103.5	-10.375	-10.375	False	False	morphology	determiner_noun_agreement	Write a natural, coherent English sentence.
720	17	Thomas hides this clever woman.	Thomas hides these clever woman.	-72.5	-72.5	-10.375	-10.375	False	False	morphology	determiner_noun_agreement	Write a natural, coherent English sentence.
721	17	Most eyes confuse these content alumni.	Most eyes confuse this content alumni.	-103.5	-103.5	-10.375	-10.375	False	False	morphology	determiner_noun_agreement	Write a natural, coherent English sentence.
722	17	That dog aggravates this busy child.	That dog aggravates these busy child.	-93.0	-93.0	-10.375	-10.375	False	False	morphology	determiner_noun_agreement	Write a natural, coherent English sentence.
723	17	Karen has attacked this popular child.	Karen has attacked these popular child.	-72.5	-72.5	-10.375	-10.375	False	False	morphology	determiner_noun_agreement	Write a natural, coherent English sentence.
724	17	Heidi might confuse those displeased men.	Heidi might confuse that displeased men.	-114.0	-114.0	-10.375	-10.375	False	False	morphology	determiner_noun_agreement	Write a natural, coherent English sentence.
725	17	Maria kisses this bad person.	Maria kisses these bad person.	-72.5	-72.5	-10.375	-10.375	False	False	morphology	determiner_noun_agreement	Write a natural, coherent English sentence.
726	17	Tanya passes this purple oasis.	Tanya passes these purple oasis.	-83.0	-83.0	-10.375	-10.375	False	False	morphology	determiner_noun_agreement	Write a natural, coherent English sentence.
727	17	Marla has respected those delighted alumni.	Marla has respected that delighted alumni.	-104.0	-103.5	-10.375	-10.375	False	False	morphology	determiner_noun_agreement	Write a natural, coherent English sentence.
728	17	Paula is investigating this employed alumnus.	Paula is investigating these employed alumnus.	-114.0	-114.0	-10.375	-10.375	False	False	morphology	determiner_noun_agreement	Write a natural, coherent English sentence.
729	17	Most chairs aren't disgusting those serious women.	Most chairs aren't disgusting that serious women.	-114.0	-114.0	-10.375	-10.375	False	False	morphology	determiner_noun_agreement	Write a natural, coherent English sentence.
730	17	Men hadn't run around this purple oasis.	Men hadn't run around these purple oasis.	-114.0	-114.0	-10.375	-10.375	False	False	morphology	determiner_noun_agreement	Write a natural, coherent English sentence.
731	17	Tina hadn't arrived at those green oases.	Tina hadn't arrived at that green oases.	-124.5	-124.0	-10.375	-10.375	False	False	morphology	determiner_noun_agreement	Write a natural, coherent English sentence.
732	17	Karla knew this busy alumnus.	Karla knew these busy alumnus.	-93.0	-93.0	-10.375	-10.375	False	False	morphology	determiner_noun_agreement	Write a natural, coherent English sentence.
733	17	The actors care for these exposed people.	The actors care for this exposed people.	-83.0	-83.0	-10.375	-10.375	False	False	morphology	determiner_noun_agreement	Write a natural, coherent English sentence.
734	17	Michelle might alarm this employed man.	Michelle might alarm these employed man.	-72.5	-72.5	-10.375	-10.375	False	False	morphology	determiner_noun_agreement	Write a natural, coherent English sentence.
735	17	Maria hasn't walked through these hard oases.	Maria hasn't walked through this hard oases.	-114.0	-114.0	-10.375	-10.375	False	False	morphology	determiner_noun_agreement	Write a natural, coherent English sentence.
736	17	That report might disagree with those delighted men.	That report might disagree with that delighted men.	-93.5	-93.5	-10.375	-10.375	False	False	morphology	determiner_noun_agreement	Write a natural, coherent English sentence.
737	17	Actresses discuss this popular person.	Actresses discuss these popular person.	-82.5	-82.5	-10.3125	-10.3125	False	False	morphology	determiner_noun_agreement	Write a natural, coherent English sentence.
738	17	Holly won't watch these unlucky men.	Holly won't watch this unlucky men.	-114.0	-114.0	-10.375	-10.375	False	False	morphology	determiner_noun_agreement	Write a natural, coherent English sentence.
739	17	Carl was driving to those blue oases.	Carl was driving to that blue oases.	-93.0	-93.0	-10.375	-10.375	False	False	morphology	determiner_noun_agreement	Write a natural, coherent English sentence.
740	17	Bill passes that rough oasis.	Bill passes those rough oasis.	-72.5	-72.5	-10.375	-10.375	False	False	morphology	determiner_noun_agreement	Write a natural, coherent English sentence.
741	17	All men praise this good thesis.	All men praise these good thesis.	-72.5	-72.5	-10.375	-10.375	False	False	morphology	determiner_noun_agreement	Write a natural, coherent English sentence.
742	17	Many doctors should escape from these hopeful women.	Many doctors should escape from this hopeful women.	-103.5	-103.5	-10.375	-10.375	False	False	morphology	determiner_noun_agreement	Write a natural, coherent English sentence.
743	17	Many girls find these nice men.	Many girls find this nice men.	-72.5	-72.5	-10.375	-10.375	False	False	morphology	determiner_noun_agreement	Write a natural, coherent English sentence.
744	17	Every museum helps those concealed children.	Every museum helps that concealed children.	-83.0	-83.0	-10.375	-10.375	False	False	morphology	determiner_noun_agreement	Write a natural, coherent English sentence.
745	17	Marla was distracting these determined people.	Marla was distracting this determined people.	-93.5	-93.5	-10.375	-10.375	False	False	morphology	determiner_noun_agreement	Write a natural, coherent English sentence.
746	17	Those computers might confuse this nice child.	Those computers might confuse these nice child.	-93.5	-93.5	-10.375	-10.375	False	False	morphology	determiner_noun_agreement	Write a natural, coherent English sentence.
747	17	Tanya hasn't loved that content woman.	Tanya hasn't loved those content woman.	-103.5	-103.5	-10.375	-10.375	False	False	morphology	determiner_noun_agreement	Write a natural, coherent English sentence.
748	17	Theresa won't conceal those lost lice.	Theresa won't conceal that lost lice.	-124.5	-124.5	-10.375	-10.375	False	False	morphology	determiner_noun_agreement	Write a natural, coherent English sentence.
749	17	The Borgias do cure these out in the open octopi.	The Borgias do cure this out in the open octopi.	-155.0	-155.0	-10.375	-10.375	False	False	morphology	determiner_noun_agreement	Write a natural, coherent English sentence.
750	17	Kenneth messed up those lost teeth.	Kenneth messed up that lost teeth.	-93.0	-93.0	-10.375	-10.375	False	False	morphology	determiner_noun_agreement	Write a natural, coherent English sentence.
751	17	Jodi doesn't alarm these unsure people.	Jodi doesn't alarm this unsure people.	-114.0	-114.0	-10.375	-10.375	False	False	morphology	determiner_noun_agreement	Write a natural, coherent English sentence.
752	17	This customer scans those good analyses.	This customer scans that good analyses.	-93.0	-93.0	-10.375	-10.375	False	False	morphology	determiner_noun_agreement	Write a natural, coherent English sentence.
753	17	Vincent can't watch this hopeful alumnus.	Vincent can't watch these hopeful alumnus.	-124.0	-124.0	-10.375	-10.375	False	False	morphology	determiner_noun_agreement	Write a natural, coherent English sentence.
754	17	Jodi talked to this unconvinced child.	Jodi talked to these unconvinced child.	-114.0	-114.0	-10.375	-10.375	False	False	morphology	determiner_noun_agreement	Write a natural, coherent English sentence.
755	17	Katherine exited these exposed oases.	Katherine exited this exposed oases.	-93.0	-93.0	-10.375	-10.375	False	False	morphology	determiner_noun_agreement	Write a natural, coherent English sentence.
756	17	Beverly hasn't brought these rough fungi.	Beverly hasn't brought this rough fungi.	-114.0	-114.0	-10.375	-10.375	False	False	morphology	determiner_noun_agreement	Write a natural, coherent English sentence.
757	17	That unicycle is boring those standing children.	That unicycle is boring that standing children.	-103.5	-103.5	-10.375	-10.375	False	False	morphology	determiner_noun_agreement	Write a natural, coherent English sentence.
758	17	That boy can't escape from those unsure children.	That boy can't escape from that unsure children.	-124.0	-124.0	-10.375	-10.375	False	False	morphology	determiner_noun_agreement	Write a natural, coherent English sentence.
759	17	An adult bought these black axes.	An adult bought this black axes.	-83.0	-83.0	-10.375	-10.375	False	False	morphology	determiner_noun_agreement	Write a natural, coherent English sentence.
760	17	Sara isn't kissing this nice woman.	Sara isn't kissing these nice woman.	-103.5	-103.5	-10.375	-10.375	False	False	morphology	determiner_noun_agreement	Write a natural, coherent English sentence.
761	17	Robert couldn't embarrass those scared people.	Robert couldn't embarrass that scared people.	-93.0	-93.0	-10.375	-10.375	False	False	morphology	determiner_noun_agreement	Write a natural, coherent English sentence.
762	17	Deborah had fled from that important woman.	Deborah had fled from those important woman.	-103.5	-103.5	-10.375	-10.375	False	False	morphology	determiner_noun_agreement	Write a natural, coherent English sentence.
763	17	Brenda discussed that serious woman.	Brenda discussed those serious woman.	-72.5	-72.5	-10.375	-10.375	False	False	morphology	determiner_noun_agreement	Write a natural, coherent English sentence.
764	17	Some women questioned that big woman.	Some women questioned those big woman.	-72.5	-72.5	-10.375	-10.375	False	False	morphology	determiner_noun_agreement	Write a natural, coherent English sentence.
765	17	Rodney didn't kiss those displeased women.	Rodney didn't kiss that displeased women.	-124.5	-124.0	-10.375	-10.375	False	False	morphology	determiner_noun_agreement	Write a natural, coherent English sentence.
766	17	Carrie can help those lost alumni.	Carrie can help that lost alumni.	-103.5	-103.5	-10.375	-10.375	False	False	morphology	determiner_noun_agreement	Write a natural, coherent English sentence.
767	17	Many guests approach this lucky man.	Many guests approach these lucky man.	-72.5	-72.5	-10.375	-10.375	False	False	morphology	determiner_noun_agreement	Write a natural, coherent English sentence.
768	17	Some student messes up that hard foot.	Some student messes up those hard foot.	-93.0	-93.0	-10.375	-10.375	False	False	morphology	determiner_noun_agreement	Write a natural, coherent English sentence.
769	17	Some men had skated around these hard oases.	Some men had skated around this hard oases.	-114.0	-114.0	-10.375	-10.375	False	False	morphology	determiner_noun_agreement	Write a natural, coherent English sentence.
770	17	Some light would annoy those happy alumni.	Some light would annoy that happy alumni.	-103.5	-103.5	-10.375	-10.375	False	False	morphology	determiner_noun_agreement	Write a natural, coherent English sentence.
771	17	Many casseroles shock these unconvinced men.	Many casseroles shock this unconvinced men.	-124.0	-124.0	-10.375	-10.375	False	False	morphology	determiner_noun_agreement	Write a natural, coherent English sentence.
772	17	Carl talks about those confident children.	Carl talks about that confident children.	-72.5	-72.5	-10.375	-10.375	False	False	morphology	determiner_noun_agreement	Write a natural, coherent English sentence.
773	17	Timothy was dropping by those new oases.	Timothy was dropping by that new oases.	-103.5	-103.5	-10.375	-10.375	False	False	morphology	determiner_noun_agreement	Write a natural, coherent English sentence.
774	17	Lori has approached these scared people.	Lori has approached this scared people.	-83.0	-83.0	-10.375	-10.375	False	False	morphology	determiner_noun_agreement	Write a natural, coherent English sentence.
775	17	Jodi wouldn't mess up those orange feet.	Jodi wouldn't mess up that orange feet.	-114.0	-114.0	-10.375	-10.375	False	False	morphology	determiner_noun_agreement	Write a natural, coherent English sentence.
776	17	This newspaper article will embarrass this determined child.	This newspaper article will embarrass these determined child.	-93.0	-93.0	-10.3125	-10.3125	False	False	morphology	determiner_noun_agreement	Write a natural, coherent English sentence.
777	17	A lot of guys conceal this long analysis.	A lot of guys conceal these long analysis.	-103.5	-103.5	-10.375	-10.375	False	False	morphology	determiner_noun_agreement	Write a natural, coherent English sentence.
778	17	Lawrence fired that serious woman.	Lawrence fired those serious woman.	-62.5	-62.25	-10.375	-10.375	False	False	morphology	determiner_noun_agreement	Write a natural, coherent English sentence.
779	17	This story didn't bore this serious man.	This story didn't bore these serious man.	-103.5	-103.5	-10.375	-10.375	False	False	morphology	determiner_noun_agreement	Write a natural, coherent English sentence.
780	17	Mary can't remember that clever person.	Mary can't remember those clever person.	-93.5	-93.5	-10.375	-10.375	False	False	morphology	determiner_noun_agreement	Write a natural, coherent English sentence.
781	17	Marie could listen to that big woman.	Marie could listen to those big woman.	-83.0	-83.0	-10.375	-10.375	False	False	morphology	determiner_noun_agreement	Write a natural, coherent English sentence.
782	17	Clyde had those exposed axes.	Clyde had that exposed axes.	-93.5	-93.5	-10.375	-10.375	False	False	morphology	determiner_noun_agreement	Write a natural, coherent English sentence.
783	17	Victoria has left these delighted men.	Victoria has left this delighted men.	-72.5	-72.5	-10.375	-10.375	False	False	morphology	determiner_noun_agreement	Write a natural, coherent English sentence.
784	17	The Impressionists disagree with those bad analyses.	The Impressionists disagree with that bad analyses.	-114.0	-114.0	-10.3125	-10.375	False	True	morphology	determiner_noun_agreement	Write a natural, coherent English sentence.
785	17	Amy took that hidden fungus.	Amy took those hidden fungus.	-83.0	-83.0	-10.375	-10.375	False	False	morphology	determiner_noun_agreement	Write a natural, coherent English sentence.
786	17	Rose was fixing this hard foot.	Rose was fixing these hard foot.	-72.5	-72.5	-10.375	-10.375	False	False	morphology	determiner_noun_agreement	Write a natural, coherent English sentence.
787	17	Most dishes weren't astounding these scared men.	Most dishes weren't astounding this scared men.	-124.0	-124.0	-10.375	-10.375	False	False	morphology	determiner_noun_agreement	Write a natural, coherent English sentence.
788	17	The doctor sees those smooth cacti.	The doctor sees that smooth cacti.	-93.5	-93.0	-10.375	-10.375	False	False	morphology	determiner_noun_agreement	Write a natural, coherent English sentence.
789	17	Rodney hadn't cured these white octopi.	Rodney hadn't cured this white octopi.	-135.0	-135.0	-10.375	-10.375	False	False	morphology	determiner_noun_agreement	Write a natural, coherent English sentence.
790	17	This museum hadn't disgusted these troubled men.	This museum hadn't disgusted this troubled men.	-124.0	-124.0	-10.375	-10.3125	False	False	morphology	determiner_noun_agreement	Write a natural, coherent English sentence.
791	17	Patrick complained about those scared men.	Patrick complained about that scared men.	-72.5	-72.5	-10.375	-10.375	False	False	morphology	determiner_noun_agreement	Write a natural, coherent English sentence.
792	17	Jacqueline should stun these determined alumni.	Jacqueline should stun this determined alumni.	-124.5	-124.5	-10.375	-10.375	False	False	morphology	determiner_noun_agreement	Write a natural, coherent English sentence.
793	17	All apples worry this serious man.	All apples worry these serious man.	-83.0	-83.0	-10.375	-10.375	False	False	morphology	determiner_noun_agreement	Write a natural, coherent English sentence.
794	17	The drawing isn't scaring that old child.	The drawing isn't scaring those old child.	-114.0	-114.0	-10.375	-10.375	False	False	morphology	determiner_noun_agreement	Write a natural, coherent English sentence.
795	17	Veronica questioned this uncertain woman.	Veronica questioned these uncertain woman.	-83.0	-83.0	-10.375	-10.375	False	False	morphology	determiner_noun_agreement	Write a natural, coherent English sentence.
796	17	Vanessa hadn't known this determined alumnus.	Vanessa hadn't known these determined alumnus.	-124.0	-124.0	-10.3125	-10.3125	False	False	morphology	determiner_noun_agreement	Write a natural, coherent English sentence.
797	17	Cynthia hadn't kissed this unemployed man.	Cynthia hadn't kissed these unemployed man.	-134.0	-134.0	-10.3125	-10.3125	False	False	morphology	determiner_noun_agreement	Write a natural, coherent English sentence.
798	17	These companies irritate that exposed woman.	These companies irritate those exposed woman.	-83.0	-83.0	-10.375	-10.375	False	False	morphology	determiner_noun_agreement	Write a natural, coherent English sentence.
799	17	This dancer wasn't biking to this orange oasis.	This dancer wasn't biking to these orange oasis.	-145.0	-145.0	-10.375	-10.375	False	False	morphology	determiner_noun_agreement	Write a natural, coherent English sentence.
800	17	Those legislatures could disturb this upset alumnus.	Those legislatures could disturb these upset alumnus.	-113.5	-113.5	-10.3125	-10.3125	False	False	morphology	determiner_noun_agreement	Write a natural, coherent English sentence.
801	17	Some adult hasn't hidden these ill men.	Some adult hasn't hidden this ill men.	-103.5	-103.5	-10.375	-10.375	False	False	morphology	determiner_noun_agreement	Write a natural, coherent English sentence.
802	17	A cashier should insult these hidden children.	A cashier should insult this hidden children.	-93.0	-93.0	-10.375	-10.375	False	False	morphology	determiner_noun_agreement	Write a natural, coherent English sentence.
803	17	Danielle could annoy that confident man.	Danielle could annoy those confident man.	-83.0	-83.0	-10.375	-10.375	False	False	morphology	determiner_noun_agreement	Write a natural, coherent English sentence.
804	17	These teachers lift this exposed goose.	These teachers lift these exposed goose.	-83.0	-83.0	-10.375	-10.375	False	False	morphology	determiner_noun_agreement	Write a natural, coherent English sentence.
805	17	Christina drove to that exposed oasis.	Christina drove to those exposed oasis.	-93.0	-93.0	-10.375	-10.375	False	False	morphology	determiner_noun_agreement	Write a natural, coherent English sentence.
806	17	Jesus hadn't sounded like these hidden people.	Jesus hadn't sounded like this hidden people.	-103.5	-103.5	-10.3125	-10.375	False	True	morphology	determiner_noun_agreement	Write a natural, coherent English sentence.
807	17	Many mushrooms irritate that upset man.	Many mushrooms irritate those upset man.	-93.0	-93.0	-10.3125	-10.3125	False	False	morphology	determiner_noun_agreement	Write a natural, coherent English sentence.
808	17	Some committee bought those white lice.	Some committee bought that white lice.	-83.0	-83.0	-10.375	-10.375	False	False	morphology	determiner_noun_agreement	Write a natural, coherent English sentence.
809	17	Daniel hasn't known this determined man.	Daniel hasn't known these determined man.	-93.0	-93.0	-10.375	-10.375	False	False	morphology	determiner_noun_agreement	Write a natural, coherent English sentence.
810	17	Art hadn't scared these serious alumni.	Art hadn't scared this serious alumni.	-114.0	-114.0	-10.375	-10.375	False	False	morphology	determiner_noun_agreement	Write a natural, coherent English sentence.
811	17	Alice fires this unconvinced child.	Alice fires these unconvinced child.	-93.5	-93.0	-10.375	-10.375	False	False	morphology	determiner_noun_agreement	Write a natural, coherent English sentence.
812	17	Melanie hid that exposed tooth.	Melanie hid those exposed tooth.	-72.5	-72.5	-10.375	-10.375	False	False	morphology	determiner_noun_agreement	Write a natural, coherent English sentence.
813	17	Most hamsters find that red tooth.	Most hamsters find those red tooth.	-83.0	-83.0	-10.375	-10.375	False	False	morphology	determiner_noun_agreement	Write a natural, coherent English sentence.
814	17	Those children explore those small oases.	Those children explore that small oases.	-83.0	-83.0	-10.375	-10.375	False	False	morphology	determiner_noun_agreement	Write a natural, coherent English sentence.
815	17	Most museums listen to this troubled man.	Most museums listen to these troubled man.	-103.5	-103.5	-10.3125	-10.3125	False	False	morphology	determiner_noun_agreement	Write a natural, coherent English sentence.
816	17	Patrick embarrassed this unemployed person.	Patrick embarrassed these unemployed person.	-72.5	-72.5	-10.3125	-10.375	False	True	morphology	determiner_noun_agreement	Write a natural, coherent English sentence.
817	17	A lot of icicles had alarmed that hidden woman.	A lot of icicles had alarmed those hidden woman.	-124.5	-124.0	-10.375	-10.375	False	False	morphology	determiner_noun_agreement	Write a natural, coherent English sentence.
818	17	Matt hadn't impressed this exposed child.	Matt hadn't impressed these exposed child.	-93.5	-93.5	-10.375	-10.375	False	False	morphology	determiner_noun_agreement	Write a natural, coherent English sentence.
819	17	Eric might see those new feet.	Eric might see that new feet.	-72.5	-72.5	-10.375	-10.375	False	False	morphology	determiner_noun_agreement	Write a natural, coherent English sentence.
820	17	Some turtle can confuse this old alumnus.	Some turtle can confuse these old alumnus.	-135.0	-135.0	-10.375	-10.375	False	False	morphology	determiner_noun_agreement	Write a natural, coherent English sentence.
821	17	Most guests explore these smooth oases.	Most guests explore this smooth oases.	-83.0	-83.0	-10.375	-10.375	False	False	morphology	determiner_noun_agreement	Write a natural, coherent English sentence.
822	17	Brian has praised that happy alumnus.	Brian has praised those happy alumnus.	-93.0	-93.0	-10.3125	-10.3125	False	False	morphology	determiner_noun_agreement	Write a natural, coherent English sentence.
823	17	Karen sees these ill lice.	Karen sees this ill lice.	-72.5	-72.5	-10.375	-10.375	False	False	morphology	determiner_noun_agreement	Write a natural, coherent English sentence.
824	17	Alicia doesn't observe this confident alumnus.	Alicia doesn't observe these confident alumnus.	-135.0	-135.0	-10.375	-10.375	False	False	morphology	determiner_noun_agreement	Write a natural, coherent English sentence.
825	17	That horse does find this lost octopus.	That horse does find these lost octopus.	-103.5	-103.5	-10.375	-10.375	False	False	morphology	determiner_noun_agreement	Write a natural, coherent English sentence.
826	17	Those customers haven't annoyed those delighted children.	Those customers haven't annoyed that delighted children.	-114.0	-114.0	-10.3125	-10.3125	False	False	morphology	determiner_noun_agreement	Write a natural, coherent English sentence.
827	17	The Great Lakes confused these hidden women.	The Great Lakes confused this hidden women.	-93.5	-93.5	-10.375	-10.375	False	False	morphology	determiner_noun_agreement	Write a natural, coherent English sentence.
828	17	Russell watches these unsure women.	Russell watches this unsure women.	-72.5	-72.5	-10.375	-10.375	False	False	morphology	determiner_noun_agreement	Write a natural, coherent English sentence.
829	17	Jacqueline has concealed these long synopses.	Jacqueline has concealed this long synopses.	-124.0	-124.0	-10.375	-10.375	False	False	morphology	determiner_noun_agreement	Write a natural, coherent English sentence.
830	17	Carrie isn't hiring this small woman.	Carrie isn't hiring these small woman.	-103.5	-103.5	-10.375	-10.375	False	False	morphology	determiner_noun_agreement	Write a natural, coherent English sentence.
831	17	Charles doesn't admire these big mice.	Charles doesn't admire this big mice.	-114.0	-114.0	-10.375	-10.375	False	False	morphology	determiner_noun_agreement	Write a natural, coherent English sentence.
832	17	The Impressionists might think about that white thesis.	The Impressionists might think about those white thesis.	-114.0	-114.0	-10.375	-10.375	False	False	morphology	determiner_noun_agreement	Write a natural, coherent English sentence.
833	17	Most men question those bad people.	Most men question that bad people.	-72.5	-72.5	-10.375	-10.375	False	False	morphology	determiner_noun_agreement	Write a natural, coherent English sentence.
834	17	Lissa hasn't left this upset woman.	Lissa hasn't left these upset woman.	-103.5	-103.5	-10.375	-10.375	False	False	morphology	determiner_noun_agreement	Write a natural, coherent English sentence.
835	17	Janice won't fire that determined child.	Janice won't fire those determined child.	-104.0	-104.0	-10.375	-10.375	False	False	morphology	determiner_noun_agreement	Write a natural, coherent English sentence.
836	17	This company criticized this lucky man.	This company criticized these lucky man.	-83.0	-83.0	-10.375	-10.375	False	False	morphology	determiner_noun_agreement	Write a natural, coherent English sentence.
837	17	The banks hurt that excited woman.	The banks hurt those excited woman.	-73.0	-72.5	-10.375	-10.375	False	False	morphology	determiner_noun_agreement	Write a natural, coherent English sentence.
838	17	Peter wasn't walking through those red oases.	Peter wasn't walking through that red oases.	-114.0	-114.0	-10.375	-10.375	False	False	morphology	determiner_noun_agreement	Write a natural, coherent English sentence.
839	17	Rebecca wasn't referencing this long synopsis.	Rebecca wasn't referencing these long synopsis.	-114.0	-114.0	-10.375	-10.375	False	False	morphology	determiner_noun_agreement	Write a natural, coherent English sentence.
840	17	Naomi notices this smooth octopus.	Naomi notices these smooth octopus.	-103.0	-103.5	-10.3125	-10.3125	True	False	morphology	determiner_noun_agreement	Write a natural, coherent English sentence.
841	17	Patrick conceals this hard stimulus.	Patrick conceals these hard stimulus.	-83.0	-83.0	-10.375	-10.375	False	False	morphology	determiner_noun_agreement	Write a natural, coherent English sentence.
842	17	Candice shouldn't bring those smooth feet.	Candice shouldn't bring that smooth feet.	-103.5	-103.5	-10.375	-10.375	False	False	morphology	determiner_noun_agreement	Write a natural, coherent English sentence.
843	17	All books sound like those content women.	All books sound like that content women.	-83.0	-83.0	-10.375	-10.375	False	False	morphology	determiner_noun_agreement	Write a natural, coherent English sentence.
844	17	Bethany hasn't arrived at this white oasis.	Bethany hasn't arrived at these white oasis.	-124.0	-124.0	-10.3125	-10.3125	False	False	morphology	determiner_noun_agreement	Write a natural, coherent English sentence.
845	17	Steve reveals these unemployed alumni.	Steve reveals this unemployed alumni.	-93.0	-93.0	-10.375	-10.3125	False	False	morphology	determiner_noun_agreement	Write a natural, coherent English sentence.
846	17	Sonia was upsetting that ill woman.	Sonia was upsetting those ill woman.	-93.0	-93.0	-10.3125	-10.3125	False	False	morphology	determiner_noun_agreement	Write a natural, coherent English sentence.
847	17	Keith wasn't boring these delighted men.	Keith wasn't boring this delighted men.	-93.5	-93.5	-10.375	-10.375	False	False	morphology	determiner_noun_agreement	Write a natural, coherent English sentence.
848	17	The Borgias admire these hard mice.	The Borgias admire this hard mice.	-114.5	-114.5	-10.375	-10.4375	False	True	morphology	determiner_noun_agreement	Write a natural, coherent English sentence.
849	17	These drivers had forgotten this good analysis.	These drivers had forgotten these good analysis.	-83.0	-83.0	-10.375	-10.375	False	False	morphology	determiner_noun_agreement	Write a natural, coherent English sentence.
850	17	Helen skates around this blue oasis.	Helen skates around these blue oasis.	-93.0	-93.0	-10.3125	-10.3125	False	False	morphology	determiner_noun_agreement	Write a natural, coherent English sentence.
851	17	Galileo found that smooth stimulus.	Galileo found those smooth stimulus.	-93.0	-93.5	-10.375	-10.375	True	False	morphology	determiner_noun_agreement	Write a natural, coherent English sentence.
852	17	Kimberley isn't curing these small octopi.	Kimberley isn't curing this small octopi.	-145.0	-145.0	-10.375	-10.375	False	False	morphology	determiner_noun_agreement	Write a natural, coherent English sentence.
853	17	Debra didn't conceal these popular men.	Debra didn't conceal this popular men.	-114.0	-114.0	-10.375	-10.3125	False	False	morphology	determiner_noun_agreement	Write a natural, coherent English sentence.
854	17	A lot of doctors hug these scared children.	A lot of doctors hug this scared children.	-93.0	-93.0	-10.3125	-10.3125	False	False	morphology	determiner_noun_agreement	Write a natural, coherent English sentence.
855	17	Those pedestrians weren't fleeing from these concealed men.	Those pedestrians weren't fleeing from this concealed men.	-155.0	-155.0	-10.375	-10.375	False	False	morphology	determiner_noun_agreement	Write a natural, coherent English sentence.
856	17	Those children find that exposed thesis.	Those children find those exposed thesis.	-72.5	-72.5	-10.375	-10.375	False	False	morphology	determiner_noun_agreement	Write a natural, coherent English sentence.
857	17	Debra admires these blue octopi.	Debra admires this blue octopi.	-103.5	-103.5	-10.375	-10.375	False	False	morphology	determiner_noun_agreement	Write a natural, coherent English sentence.
858	17	Bruce wasn't approaching that clever alumnus.	Bruce wasn't approaching those clever alumnus.	-114.0	-114.0	-10.375	-10.375	False	False	morphology	determiner_noun_agreement	Write a natural, coherent English sentence.
859	17	Lawrence isn't questioning that nice woman.	Lawrence isn't questioning those nice woman.	-93.5	-93.5	-10.375	-10.375	False	False	morphology	determiner_noun_agreement	Write a natural, coherent English sentence.
860	17	Some waitresses have this big octopus.	Some waitresses have these big octopus.	-113.5	-113.5	-10.3125	-10.3125	False	False	morphology	determiner_noun_agreement	Write a natural, coherent English sentence.
861	17	Carolyn had embarrassed that busy alumnus.	Carolyn had embarrassed those busy alumnus.	-103.5	-103.5	-10.375	-10.375	False	False	morphology	determiner_noun_agreement	Write a natural, coherent English sentence.
862	17	Jeffrey aggravated that smart man.	Jeffrey aggravated those smart man.	-93.0	-93.0	-10.3125	-10.375	False	True	morphology	determiner_noun_agreement	Write a natural, coherent English sentence.
863	17	Guy messed up this yellow foot.	Guy messed up these yellow foot.	-83.0	-83.0	-10.375	-10.375	False	False	morphology	determiner_noun_agreement	Write a natural, coherent English sentence.
864	17	Every book is embarrassing this small woman.	Every book is embarrassing these small woman.	-93.0	-93.0	-10.375	-10.375	False	False	morphology	determiner_noun_agreement	Write a natural, coherent English sentence.
865	17	These associations were talking about these scared women.	These associations were talking about this scared women.	-93.5	-93.5	-10.375	-10.375	False	False	morphology	determiner_noun_agreement	Write a natural, coherent English sentence.
866	17	Todd disturbs this upset child.	Todd disturbs these upset child.	-83.0	-83.0	-10.375	-10.375	False	False	morphology	determiner_noun_agreement	Write a natural, coherent English sentence.
867	17	That window alarms these exposed women.	That window alarms this exposed women.	-83.0	-83.0	-10.375	-10.375	False	False	morphology	determiner_noun_agreement	Write a natural, coherent English sentence.
868	17	A window upsets these upset men.	A window upsets this upset men.	-83.0	-83.0	-10.375	-10.375	False	False	morphology	determiner_noun_agreement	Write a natural, coherent English sentence.
869	17	Monet is fixing that brown foot.	Monet is fixing those brown foot.	-83.0	-83.0	-10.375	-10.375	False	False	morphology	determiner_noun_agreement	Write a natural, coherent English sentence.
870	17	Adam left these big alumni.	Adam left this big alumni.	-83.0	-83.0	-10.375	-10.375	False	False	morphology	determiner_noun_agreement	Write a natural, coherent English sentence.
871	17	Stacy can exit that big oasis.	Stacy can exit those big oasis.	-93.0	-93.0	-10.375	-10.375	False	False	morphology	determiner_noun_agreement	Write a natural, coherent English sentence.
872	17	Roger was returning to those happy alumni.	Roger was returning to that happy alumni.	-103.5	-103.5	-10.375	-10.375	False	False	morphology	determiner_noun_agreement	Write a natural, coherent English sentence.
873	17	Dana isn't investigating this ill woman.	Dana isn't investigating these ill woman.	-114.0	-114.0	-10.375	-10.375	False	False	morphology	determiner_noun_agreement	Write a natural, coherent English sentence.
874	17	Tammy has those yellow axes.	Tammy has that yellow axes.	-83.0	-83.0	-10.375	-10.375	False	False	morphology	determiner_noun_agreement	Write a natural, coherent English sentence.
875	17	Marla leaves those employed children.	Marla leaves that employed children.	-73.0	-73.0	-10.4375	-10.375	False	False	morphology	determiner_noun_agreement	Write a natural, coherent English sentence.
876	17	Sarah referenced that ill child.	Sarah referenced those ill child.	-72.5	-72.5	-10.375	-10.375	False	False	morphology	determiner_noun_agreement	Write a natural, coherent English sentence.
877	17	Edward complained about this serious child.	Edward complained about these serious child.	-72.5	-72.5	-10.375	-10.375	False	False	morphology	determiner_noun_agreement	Write a natural, coherent English sentence.
878	17	Carolyn healed those bad women.	Carolyn healed that bad women.	-83.0	-83.0	-10.375	-10.375	False	False	morphology	determiner_noun_agreement	Write a natural, coherent English sentence.
879	17	The waitresses fired those upset alumni.	The waitresses fired that upset alumni.	-113.5	-113.5	-10.3125	-10.3125	False	False	morphology	determiner_noun_agreement	Write a natural, coherent English sentence.
880	17	Every driver dropped by that old oasis.	Every driver dropped by those old oasis.	-93.5	-93.0	-10.375	-10.375	False	False	morphology	determiner_noun_agreement	Write a natural, coherent English sentence.
881	17	William hadn't hugged these hopeful alumni.	William hadn't hugged this hopeful alumni.	-134.0	-134.0	-10.3125	-10.3125	False	False	morphology	determiner_noun_agreement	Write a natural, coherent English sentence.
882	17	The Lutherans had messed up those lost feet.	The Lutherans had messed up that lost feet.	-114.0	-114.0	-10.375	-10.375	False	False	morphology	determiner_noun_agreement	Write a natural, coherent English sentence.
883	17	Florence hasn't confused those standing men.	Florence hasn't confused that standing men.	-93.5	-93.5	-10.375	-10.375	False	False	morphology	determiner_noun_agreement	Write a natural, coherent English sentence.
884	17	Some convertible upset this upset woman.	Some convertible upset these upset woman.	-83.0	-83.0	-10.375	-10.375	False	False	morphology	determiner_noun_agreement	Write a natural, coherent English sentence.
885	17	Rebecca saw this hidden foot.	Rebecca saw these hidden foot.	-62.0	-62.25	-10.375	-10.375	True	False	morphology	determiner_noun_agreement	Write a natural, coherent English sentence.
886	17	Derek returned to these content men.	Derek returned to this content men.	-83.0	-83.0	-10.375	-10.375	False	False	morphology	determiner_noun_agreement	Write a natural, coherent English sentence.
887	17	Those teachers love those hidden women.	Those teachers love that hidden women.	-72.5	-72.5	-10.375	-10.375	False	False	morphology	determiner_noun_agreement	Write a natural, coherent English sentence.
888	17	Jennifer worried those ill men.	Jennifer worried that ill men.	-62.25	-62.25	-10.375	-10.375	False	False	morphology	determiner_noun_agreement	Write a natural, coherent English sentence.
889	17	A chair was stunning this big man.	A chair was stunning these big man.	-83.0	-83.0	-10.375	-10.375	False	False	morphology	determiner_noun_agreement	Write a natural, coherent English sentence.
890	17	Paintings looked like that gray thesis.	Paintings looked like those gray thesis.	-93.0	-93.0	-10.375	-10.375	False	False	morphology	determiner_noun_agreement	Write a natural, coherent English sentence.
891	17	Karla toured this rough oasis.	Karla toured these rough oasis.	-93.5	-93.0	-10.375	-10.375	False	False	morphology	determiner_noun_agreement	Write a natural, coherent English sentence.
892	17	Walter couldn't boycott those hidden oases.	Walter couldn't boycott that hidden oases.	-114.0	-114.0	-10.375	-10.375	False	False	morphology	determiner_noun_agreement	Write a natural, coherent English sentence.
893	17	Donald has worried this smart man.	Donald has worried these smart man.	-72.5	-72.5	-10.3125	-10.375	False	True	morphology	determiner_noun_agreement	Write a natural, coherent English sentence.
894	17	Catherine has boycotted those gray oases.	Catherine has boycotted that gray oases.	-103.5	-103.5	-10.375	-10.375	False	False	morphology	determiner_noun_agreement	Write a natural, coherent English sentence.
895	17	Nicole toured those yellow oases.	Nicole toured that yellow oases.	-83.0	-83.0	-10.375	-10.375	False	False	morphology	determiner_noun_agreement	Write a natural, coherent English sentence.
896	17	Barbara praises that young woman.	Barbara praises those young woman.	-72.5	-72.5	-10.375	-10.375	False	False	morphology	determiner_noun_agreement	Write a natural, coherent English sentence.
897	17	The apple aggravates those hopeful children.	The apple aggravates that hopeful children.	-103.5	-103.0	-10.3125	-10.3125	False	False	morphology	determiner_noun_agreement	Write a natural, coherent English sentence.
898	17	All photographs could look like this big fungus.	All photographs could look like these big fungus.	-113.5	-114.0	-10.3125	-10.3125	True	False	morphology	determiner_noun_agreement	Write a natural, coherent English sentence.
899	17	Guys should talk about that good synopsis.	Guys should talk about those good synopsis.	-103.5	-103.5	-10.375	-10.3125	False	False	morphology	determiner_noun_agreement	Write a natural, coherent English sentence.
900	17	Tracy discovered this concealed alumnus.	Tracy discovered these concealed alumnus.	-103.5	-103.5	-10.375	-10.375	False	False	morphology	determiner_noun_agreement	Write a natural, coherent English sentence.
901	17	All actresses are helping this troubled man.	All actresses are helping these troubled man.	-103.0	-103.0	-10.3125	-10.3125	False	False	morphology	determiner_noun_agreement	Write a natural, coherent English sentence.
902	17	Douglas isn't revealing this dirty foot.	Douglas isn't revealing these dirty foot.	-93.5	-93.5	-10.375	-10.375	False	False	morphology	determiner_noun_agreement	Write a natural, coherent English sentence.
903	17	Most senators confuse that standing child.	Most senators confuse those standing child.	-93.5	-93.5	-10.375	-10.375	False	False	morphology	determiner_noun_agreement	Write a natural, coherent English sentence.
904	17	Those doctors embarrass that upset woman.	Those doctors embarrass those upset woman.	-72.5	-72.5	-10.375	-10.375	False	False	morphology	determiner_noun_agreement	Write a natural, coherent English sentence.
905	17	A lot of customers were healing those sick men.	A lot of customers were healing that sick men.	-103.5	-103.5	-10.3125	-10.3125	False	False	morphology	determiner_noun_agreement	Write a natural, coherent English sentence.
906	17	Sabrina does conceal these old alumni.	Sabrina does conceal this old alumni.	-124.0	-124.0	-10.375	-10.3125	False	False	morphology	determiner_noun_agreement	Write a natural, coherent English sentence.
907	17	Many girls can't observe those young alumni.	Many girls can't observe that young alumni.	-124.5	-124.5	-10.375	-10.375	False	False	morphology	determiner_noun_agreement	Write a natural, coherent English sentence.
908	17	The actresses hire that lucky man.	The actresses hire those lucky man.	-83.0	-83.0	-10.375	-10.375	False	False	morphology	determiner_noun_agreement	Write a natural, coherent English sentence.
909	17	Andrea is firing that scared child.	Andrea is firing those scared child.	-73.0	-72.5	-10.375	-10.375	False	False	morphology	determiner_noun_agreement	Write a natural, coherent English sentence.
910	17	That dancer scanned that bad synopsis.	That dancer scanned those bad synopsis.	-104.0	-104.0	-10.375	-10.375	False	False	morphology	determiner_noun_agreement	Write a natural, coherent English sentence.
911	17	Daniel breaks these dirty teeth.	Daniel breaks this dirty teeth.	-62.25	-62.25	-10.375	-10.375	False	False	morphology	determiner_noun_agreement	Write a natural, coherent English sentence.
912	17	Students had messed up those purple teeth.	Students had messed up that purple teeth.	-93.0	-93.0	-10.3125	-10.3125	False	False	morphology	determiner_noun_agreement	Write a natural, coherent English sentence.
913	17	Becky boycotted those old oases.	Becky boycotted that old oases.	-103.5	-103.5	-10.375	-10.375	False	False	morphology	determiner_noun_agreement	Write a natural, coherent English sentence.
914	17	Florence talks to those good women.	Florence talks to that good women.	-73.0	-73.0	-10.375	-10.375	False	False	morphology	determiner_noun_agreement	Write a natural, coherent English sentence.
915	17	Carmen won't break this big foot.	Carmen won't break these big foot.	-104.0	-104.0	-10.375	-10.375	False	False	morphology	determiner_noun_agreement	Write a natural, coherent English sentence.
916	17	Stephen fired those employed men.	Stephen fired that employed men.	-62.25	-62.25	-10.375	-10.375	False	False	morphology	determiner_noun_agreement	Write a natural, coherent English sentence.
917	17	Many governments confuse this sick woman.	Many governments confuse these sick woman.	-83.0	-83.0	-10.375	-10.375	False	False	morphology	determiner_noun_agreement	Write a natural, coherent English sentence.
918	17	Heidi healed this troubled child.	Heidi healed these troubled child.	-93.0	-93.0	-10.3125	-10.3125	False	False	morphology	determiner_noun_agreement	Write a natural, coherent English sentence.
919	17	Daniel questions these employed alumni.	Daniel questions this employed alumni.	-83.0	-83.0	-10.375	-10.375	False	False	morphology	determiner_noun_agreement	Write a natural, coherent English sentence.
920	17	People admire these yellow oxen.	People admire this yellow oxen.	-83.0	-83.0	-10.375	-10.375	False	False	morphology	determiner_noun_agreement	Write a natural, coherent English sentence.
921	17	Those adults embarrasses this displeased woman.	Those adults embarrasses these displeased woman.	-103.5	-103.5	-10.375	-10.375	False	False	morphology	determiner_noun_agreement	Write a natural, coherent English sentence.
922	17	Winston Churchill notices these big nuclei.	Winston Churchill notices this big nuclei.	-113.5	-114.0	-10.3125	-10.3125	True	False	morphology	determiner_noun_agreement	Write a natural, coherent English sentence.
923	17	All women hide those concealed nuclei.	All women hide that concealed nuclei.	-93.0	-93.0	-10.375	-10.3125	False	False	morphology	determiner_noun_agreement	Write a natural, coherent English sentence.
924	17	Charles was escaping from those lucky men.	Charles was escaping from that lucky men.	-93.5	-93.5	-10.375	-10.375	False	False	morphology	determiner_noun_agreement	Write a natural, coherent English sentence.
925	17	Paul doesn't insult this happy woman.	Paul doesn't insult these happy woman.	-93.0	-93.5	-10.375	-10.375	True	False	morphology	determiner_noun_agreement	Write a natural, coherent English sentence.
926	17	Galileo isn't scanning this brown thesis.	Galileo isn't scanning these brown thesis.	-124.5	-124.5	-10.375	-10.375	False	False	morphology	determiner_noun_agreement	Write a natural, coherent English sentence.
927	17	The newspaper article doesn't annoy that exposed man.	The newspaper article doesn't annoy those exposed man.	-114.0	-114.0	-10.3125	-10.375	False	True	morphology	determiner_noun_agreement	Write a natural, coherent English sentence.
928	17	Carmen noticed these gray cacti.	Carmen noticed this gray cacti.	-93.5	-93.5	-10.375	-10.375	False	False	morphology	determiner_noun_agreement	Write a natural, coherent English sentence.
929	17	Teresa approaches this upset man.	Teresa approaches these upset man.	-72.5	-72.5	-10.375	-10.375	False	False	morphology	determiner_noun_agreement	Write a natural, coherent English sentence.
930	17	April was revealing this hidden woman.	April was revealing these hidden woman.	-72.5	-72.5	-10.375	-10.375	False	False	morphology	determiner_noun_agreement	Write a natural, coherent English sentence.
931	17	Michael has loved these scared men.	Michael has loved this scared men.	-72.5	-72.5	-10.375	-10.375	False	False	morphology	determiner_noun_agreement	Write a natural, coherent English sentence.
932	17	Joseph hadn't bought those hard lice.	Joseph hadn't bought that hard lice.	-103.5	-103.5	-10.375	-10.375	False	False	morphology	determiner_noun_agreement	Write a natural, coherent English sentence.
933	17	Larry did drive to this out in the open oasis.	Larry did drive to these out in the open oasis.	-124.5	-124.5	-10.375	-10.375	False	False	morphology	determiner_noun_agreement	Write a natural, coherent English sentence.
934	17	Lisa hasn't driven to that new oasis.	Lisa hasn't driven to those new oasis.	-114.0	-114.0	-10.375	-10.375	False	False	morphology	determiner_noun_agreement	Write a natural, coherent English sentence.
935	17	Steve scanned this good synopsis.	Steve scanned these good synopsis.	-83.0	-83.0	-10.375	-10.375	False	False	morphology	determiner_noun_agreement	Write a natural, coherent English sentence.
936	17	The Lutherans care for those hopeful men.	The Lutherans care for that hopeful men.	-103.5	-103.5	-10.375	-10.375	False	False	morphology	determiner_noun_agreement	Write a natural, coherent English sentence.
937	17	Christine bikes to these orange oases.	Christine bikes to this orange oases.	-104.0	-103.5	-10.375	-10.375	False	False	morphology	determiner_noun_agreement	Write a natural, coherent English sentence.
938	17	Most actors distracted this popular woman.	Most actors distracted these popular woman.	-83.0	-83.0	-10.375	-10.375	False	False	morphology	determiner_noun_agreement	Write a natural, coherent English sentence.
939	17	Emily should observe those displeased men.	Emily should observe that displeased men.	-93.5	-93.5	-10.375	-10.375	False	False	morphology	determiner_noun_agreement	Write a natural, coherent English sentence.
940	17	The drivers do sell this green thesis.	The drivers do sell these green thesis.	-83.0	-83.0	-10.375	-10.375	False	False	morphology	determiner_noun_agreement	Write a natural, coherent English sentence.
941	17	Most drivers love these unemployed men.	Most drivers love this unemployed men.	-83.0	-83.0	-10.375	-10.375	False	False	morphology	determiner_noun_agreement	Write a natural, coherent English sentence.
942	17	Those doctors care for this hopeful man.	Those doctors care for these hopeful man.	-93.0	-93.0	-10.3125	-10.3125	False	False	morphology	determiner_noun_agreement	Write a natural, coherent English sentence.
943	17	Brad kisses that displeased man.	Brad kisses those displeased man.	-93.5	-93.5	-10.375	-10.375	False	False	morphology	determiner_noun_agreement	Write a natural, coherent English sentence.
944	17	Danielle had argued about those troubled men.	Danielle had argued about that troubled men.	-103.5	-103.5	-10.375	-10.375	False	False	morphology	determiner_noun_agreement	Write a natural, coherent English sentence.
945	17	An actor is disgusting those unsure men.	An actor is disgusting that unsure men.	-103.5	-103.5	-10.375	-10.375	False	False	morphology	determiner_noun_agreement	Write a natural, coherent English sentence.
946	17	Galileo didn't hurt those displeased children.	Galileo didn't hurt that displeased children.	-135.0	-135.0	-10.375	-10.375	False	False	morphology	determiner_noun_agreement	Write a natural, coherent English sentence.
947	17	Omar messed up these small teeth.	Omar messed up this small teeth.	-93.0	-93.0	-10.375	-10.375	False	False	morphology	determiner_noun_agreement	Write a natural, coherent English sentence.
948	17	Carmen will watch this smart person.	Carmen will watch these smart person.	-83.0	-83.0	-10.375	-10.375	False	False	morphology	determiner_noun_agreement	Write a natural, coherent English sentence.
949	17	Jeffrey hid that unlucky child.	Jeffrey hid those unlucky child.	-93.0	-93.0	-10.375	-10.3125	False	False	morphology	determiner_noun_agreement	Write a natural, coherent English sentence.
950	17	Every plane bothers this upset child.	Every plane bothers these upset child.	-82.5	-82.5	-10.3125	-10.3125	False	False	morphology	determiner_noun_agreement	Write a natural, coherent English sentence.
951	17	A lot of hospitals have those blue teeth.	A lot of hospitals have that blue teeth.	-93.0	-93.0	-10.3125	-10.3125	False	False	morphology	determiner_noun_agreement	Write a natural, coherent English sentence.
952	17	Nancy wasn't disturbing that clever man.	Nancy wasn't disturbing those clever man.	-103.5	-103.5	-10.375	-10.375	False	False	morphology	determiner_noun_agreement	Write a natural, coherent English sentence.
953	17	These ladies bought that white tooth.	These ladies bought those white tooth.	-72.5	-72.5	-10.375	-10.375	False	False	morphology	determiner_noun_agreement	Write a natural, coherent English sentence.
954	17	Every skirt annoys that confident person.	Every skirt annoys those confident person.	-93.5	-93.0	-10.375	-10.375	False	False	morphology	determiner_noun_agreement	Write a natural, coherent English sentence.
955	17	These actors weren't biking to these red oases.	These actors weren't biking to this red oases.	-135.0	-135.0	-10.375	-10.375	False	False	morphology	determiner_noun_agreement	Write a natural, coherent English sentence.
956	17	Carmen has described those confident people.	Carmen has described that confident people.	-83.0	-83.0	-10.375	-10.375	False	False	morphology	determiner_noun_agreement	Write a natural, coherent English sentence.
957	17	All legislatures criticize that brown oasis.	All legislatures criticize those brown oasis.	-103.5	-103.5	-10.375	-10.375	False	False	morphology	determiner_noun_agreement	Write a natural, coherent English sentence.
958	17	Paula works with that clever person.	Paula works with those clever person.	-83.0	-83.0	-10.375	-10.375	False	False	morphology	determiner_noun_agreement	Write a natural, coherent English sentence.
959	17	Benjamin respects those confident children.	Benjamin respects that confident children.	-72.5	-73.0	-10.375	-10.375	True	False	morphology	determiner_noun_agreement	Write a natural, coherent English sentence.
960	17	Mitchell attacked these unsure alumni.	Mitchell attacked this unsure alumni.	-93.5	-93.0	-10.375	-10.375	False	False	morphology	determiner_noun_agreement	Write a natural, coherent English sentence.
961	17	The Lutherans hadn't cleaned these broken teeth.	The Lutherans hadn't cleaned this broken teeth.	-114.0	-114.0	-10.375	-10.375	False	False	morphology	determiner_noun_agreement	Write a natural, coherent English sentence.
962	17	A lot of children observe that young child.	A lot of children observe those young child.	-93.0	-93.0	-10.3125	-10.3125	False	False	morphology	determiner_noun_agreement	Write a natural, coherent English sentence.
963	17	Gary hadn't sounded like this out in the open oasis.	Gary hadn't sounded like these out in the open oasis.	-145.0	-145.0	-10.375	-10.375	False	False	morphology	determiner_noun_agreement	Write a natural, coherent English sentence.
964	17	That fish annoyed this serious alumnus.	That fish annoyed these serious alumnus.	-103.5	-103.5	-10.375	-10.375	False	False	morphology	determiner_noun_agreement	Write a natural, coherent English sentence.
965	17	Spotlights worry those standing people.	Spotlights worry that standing people.	-72.5	-72.5	-10.375	-10.375	False	False	morphology	determiner_noun_agreement	Write a natural, coherent English sentence.
966	17	Rodney returned to these content alumni.	Rodney returned to this content alumni.	-103.5	-103.5	-10.375	-10.3125	False	False	morphology	determiner_noun_agreement	Write a natural, coherent English sentence.
967	17	Bruce references this unemployed child.	Bruce references these unemployed child.	-72.5	-72.5	-10.3125	-10.3125	False	False	morphology	determiner_noun_agreement	Write a natural, coherent English sentence.
968	17	Many museums criticize this bad analysis.	Many museums criticize these bad analysis.	-93.0	-93.0	-10.3125	-10.3125	False	False	morphology	determiner_noun_agreement	Write a natural, coherent English sentence.
969	17	Danielle knows that concealed man.	Danielle knows those concealed man.	-83.0	-83.0	-10.375	-10.375	False	False	morphology	determiner_noun_agreement	Write a natural, coherent English sentence.
970	17	Katherine sells that smooth oasis.	Katherine sells those smooth oasis.	-93.0	-93.0	-10.3125	-10.3125	False	False	morphology	determiner_noun_agreement	Write a natural, coherent English sentence.
971	17	Meredith hadn't scared these clever people.	Meredith hadn't scared this clever people.	-114.0	-114.0	-10.375	-10.375	False	False	morphology	determiner_noun_agreement	Write a natural, coherent English sentence.
972	17	Walter biked to these gray oases.	Walter biked to this gray oases.	-104.0	-104.0	-10.375	-10.375	False	False	morphology	determiner_noun_agreement	Write a natural, coherent English sentence.
973	17	Phillip has investigated this unemployed man.	Phillip has investigated these unemployed man.	-93.0	-93.0	-10.375	-10.375	False	False	morphology	determiner_noun_agreement	Write a natural, coherent English sentence.
974	17	Alice knows that ill woman.	Alice knows those ill woman.	-62.0	-62.25	-10.375	-10.375	True	False	morphology	determiner_noun_agreement	Write a natural, coherent English sentence.
975	17	Daniel bothered that unemployed alumnus.	Daniel bothered those unemployed alumnus.	-93.0	-93.0	-10.3125	-10.3125	False	False	morphology	determiner_noun_agreement	Write a natural, coherent English sentence.
976	17	Some children notice this black thesis.	Some children notice these black thesis.	-72.5	-72.5	-10.375	-10.375	False	False	morphology	determiner_noun_agreement	Write a natural, coherent English sentence.
977	17	George has alarmed these unemployed children.	George has alarmed this unemployed children.	-93.0	-93.0	-10.375	-10.375	False	False	morphology	determiner_noun_agreement	Write a natural, coherent English sentence.
978	17	Sarah won't drive to this concealed oasis.	Sarah won't drive to these concealed oasis.	-124.5	-124.5	-10.375	-10.375	False	False	morphology	determiner_noun_agreement	Write a natural, coherent English sentence.
979	17	Grace arrived at those small oases.	Grace arrived at that small oases.	-83.0	-83.0	-10.375	-10.375	False	False	morphology	determiner_noun_agreement	Write a natural, coherent English sentence.
980	17	David kisses that lucky man.	David kisses those lucky man.	-72.5	-72.5	-10.3125	-10.3125	False	False	morphology	determiner_noun_agreement	Write a natural, coherent English sentence.
981	17	Laura isn't lifting this smooth axis.	Laura isn't lifting these smooth axis.	-93.0	-93.0	-10.375	-10.375	False	False	morphology	determiner_noun_agreement	Write a natural, coherent English sentence.
982	17	Mark embarrassed these confident children.	Mark embarrassed this confident children.	-62.25	-62.25	-10.375	-10.375	False	False	morphology	determiner_noun_agreement	Write a natural, coherent English sentence.
983	17	Patients bothers this employed man.	Patients bothers these employed man.	-83.0	-83.0	-10.375	-10.375	False	False	morphology	determiner_noun_agreement	Write a natural, coherent English sentence.
984	17	Christopher has criticized this bad synopsis.	Christopher has criticized these bad synopsis.	-93.0	-93.0	-10.3125	-10.3125	False	False	morphology	determiner_noun_agreement	Write a natural, coherent English sentence.
985	17	Todd hadn't gone to this cheap oasis.	Todd hadn't gone to these cheap oasis.	-114.0	-114.0	-10.375	-10.3125	False	False	morphology	determiner_noun_agreement	Write a natural, coherent English sentence.
986	17	Becca does investigate this lucky alumnus.	Becca does investigate these lucky alumnus.	-103.5	-103.5	-10.375	-10.375	False	False	morphology	determiner_noun_agreement	Write a natural, coherent English sentence.
987	17	Sabrina visits those fast women.	Sabrina visits that fast women.	-83.0	-83.0	-10.375	-10.375	False	False	morphology	determiner_noun_agreement	Write a natural, coherent English sentence.
988	17	Janet knew those unconvinced children.	Janet knew that unconvinced children.	-104.0	-104.0	-10.375	-10.375	False	False	morphology	determiner_noun_agreement	Write a natural, coherent English sentence.
989	17	Christine hated this young man.	Christine hated these young man.	-72.5	-73.0	-10.375	-10.375	True	False	morphology	determiner_noun_agreement	Write a natural, coherent English sentence.
990	17	Chad hadn't complained about these big oases.	Chad hadn't complained about this big oases.	-124.0	-124.0	-10.375	-10.375	False	False	morphology	determiner_noun_agreement	Write a natural, coherent English sentence.
991	17	Many bikes stun that nice man.	Many bikes stun those nice man.	-93.5	-93.5	-10.375	-10.375	False	False	morphology	determiner_noun_agreement	Write a natural, coherent English sentence.
992	17	William hasn't investigated these fast men.	William hasn't investigated this fast men.	-93.5	-93.5	-10.375	-10.375	False	False	morphology	determiner_noun_agreement	Write a natural, coherent English sentence.
993	17	Kristin couldn't research these smooth oases.	Kristin couldn't research this smooth oases.	-114.0	-114.0	-10.375	-10.375	False	False	morphology	determiner_noun_agreement	Write a natural, coherent English sentence.
994	17	Travis arrives at these old oases.	Travis arrives at this old oases.	-93.0	-93.0	-10.375	-10.375	False	False	morphology	determiner_noun_agreement	Write a natural, coherent English sentence.
995	17	Many boys drive to this yellow oasis.	Many boys drive to these yellow oasis.	-93.0	-93.0	-10.375	-10.375	False	False	morphology	determiner_noun_agreement	Write a natural, coherent English sentence.
996	17	Danielle won't heal those unlucky people.	Danielle won't heal that unlucky people.	-124.5	-124.5	-10.375	-10.375	False	False	morphology	determiner_noun_agreement	Write a natural, coherent English sentence.
997	17	Sabrina wouldn't go to that new oasis.	Sabrina wouldn't go to those new oasis.	-134.0	-134.0	-10.3125	-10.3125	False	False	morphology	determiner_noun_agreement	Write a natural, coherent English sentence.
998	17	This movie theater annoys these lucky alumni.	This movie theater annoys this lucky alumni.	-124.0	-124.0	-10.375	-10.3125	False	False	morphology	determiner_noun_agreement	Write a natural, coherent English sentence.
999	17	Stacy doesn't appreciate that out in the open woman.	Stacy doesn't appreciate those out in the open woman.	-134.0	-134.0	-10.375	-10.375	False	False	morphology	determiner_noun_agreement	Write a natural, coherent English sentence.
0	18	Alexander didn't walk through that new oasis.	Alexander didn't walk through those new oasis.	-113.5	-113.5	-10.3125	-10.3125	False	False	morphology	determiner_noun_agreement	Write a natural, coherent English sentence.
1	18	This hair irritates these old alumni.	This hair irritates this old alumni.	-103.5	-103.5	-10.375	-10.375	False	False	morphology	determiner_noun_agreement	Write a natural, coherent English sentence.
2	18	Winston Churchill was escaping from this serious person.	Winston Churchill was escaping from these serious person.	-124.0	-124.0	-10.375	-10.375	False	False	morphology	determiner_noun_agreement	Write a natural, coherent English sentence.
3	18	Anna walks through these purple oases.	Anna walks through this purple oases.	-82.5	-83.0	-10.3125	-10.375	True	True	morphology	determiner_noun_agreement	Write a natural, coherent English sentence.
4	18	Alicia sounded like this good analysis.	Alicia sounded like these good analysis.	-93.0	-93.0	-10.375	-10.375	False	False	morphology	determiner_noun_agreement	Write a natural, coherent English sentence.
5	18	Jeffrey might complain about this gray thesis.	Jeffrey might complain about these gray thesis.	-93.0	-93.0	-10.3125	-10.3125	False	False	morphology	determiner_noun_agreement	Write a natural, coherent English sentence.
6	18	Meredith approaches these concealed women.	Meredith approaches this concealed women.	-93.5	-93.5	-10.375	-10.375	False	False	morphology	determiner_noun_agreement	Write a natural, coherent English sentence.
7	18	Julia questioned those small children.	Julia questioned that small children.	-62.5	-62.5	-10.375	-10.375	False	False	morphology	determiner_noun_agreement	Write a natural, coherent English sentence.
8	18	That adult has brought that purple octopus.	That adult has brought those purple octopus.	-103.5	-103.5	-10.3125	-10.3125	False	False	morphology	determiner_noun_agreement	Write a natural, coherent English sentence.
9	18	The people hug this displeased woman.	The people hug these displeased woman.	-93.0	-93.0	-10.375	-10.375	False	False	morphology	determiner_noun_agreement	Write a natural, coherent English sentence.
10	18	That beef did bore these displeased people.	That beef did bore this displeased people.	-103.5	-103.5	-10.375	-10.375	False	False	morphology	determiner_noun_agreement	Write a natural, coherent English sentence.
11	18	These libraries talk about these long synopses.	These libraries talk about this long synopses.	-103.5	-103.0	-10.3125	-10.3125	False	False	morphology	determiner_noun_agreement	Write a natural, coherent English sentence.
12	18	Lori wasn't hiring those delighted men.	Lori wasn't hiring that delighted men.	-104.0	-104.0	-10.375	-10.375	False	False	morphology	determiner_noun_agreement	Write a natural, coherent English sentence.
13	18	The teachers are running around this concealed oasis.	The teachers are running around these concealed oasis.	-114.0	-114.0	-10.375	-10.375	False	False	morphology	determiner_noun_agreement	Write a natural, coherent English sentence.
14	18	Those bananas embarrass these delighted people.	Those bananas embarrass this delighted people.	-83.0	-83.0	-10.375	-10.375	False	False	morphology	determiner_noun_agreement	Write a natural, coherent English sentence.
15	18	Mitchell brought those green oases.	Mitchell brought that green oases.	-72.5	-72.5	-10.375	-10.375	False	False	morphology	determiner_noun_agreement	Write a natural, coherent English sentence.
16	18	The actresses complain about this rough thesis.	The actresses complain about these rough thesis.	-93.0	-93.0	-10.375	-10.375	False	False	morphology	determiner_noun_agreement	Write a natural, coherent English sentence.
17	18	Russell investigates these fast women.	Russell investigates this fast women.	-72.5	-72.5	-10.375	-10.375	False	False	morphology	determiner_noun_agreement	Write a natural, coherent English sentence.
18	18	Irene praised those bad synopses.	Irene praised that bad synopses.	-93.5	-93.5	-10.375	-10.375	False	False	morphology	determiner_noun_agreement	Write a natural, coherent English sentence.
19	18	Denise did confuse that important woman.	Denise did confuse those important woman.	-93.0	-93.0	-10.3125	-10.375	False	True	morphology	determiner_noun_agreement	Write a natural, coherent English sentence.
20	18	Some patients dislike those nice women.	Some patients dislike that nice women.	-83.0	-83.0	-10.375	-10.375	False	False	morphology	determiner_noun_agreement	Write a natural, coherent English sentence.
21	18	Amelia wasn't observing this hopeful man.	Amelia wasn't observing these hopeful man.	-124.0	-124.0	-10.3125	-10.3125	False	False	morphology	determiner_noun_agreement	Write a natural, coherent English sentence.
22	18	Grace is hugging these popular women.	Grace is hugging this popular women.	-82.5	-82.5	-10.3125	-10.3125	False	False	morphology	determiner_noun_agreement	Write a natural, coherent English sentence.
23	18	Julia might describe this long synopsis.	Julia might describe these long synopsis.	-83.0	-83.0	-10.375	-10.375	False	False	morphology	determiner_noun_agreement	Write a natural, coherent English sentence.
24	18	Many pedestrians do return to these happy men.	Many pedestrians do return to this happy men.	-114.0	-114.0	-10.375	-10.375	False	False	morphology	determiner_noun_agreement	Write a natural, coherent English sentence.
25	18	Laura noticed that determined man.	Laura noticed those determined man.	-62.0	-62.25	-10.375	-10.375	True	False	morphology	determiner_noun_agreement	Write a natural, coherent English sentence.
26	18	Julie would pass those red oases.	Julie would pass that red oases.	-83.0	-83.0	-10.375	-10.375	False	False	morphology	determiner_noun_agreement	Write a natural, coherent English sentence.
27	18	These doctors boast about this out in the open child.	These doctors boast about these out in the open child.	-124.0	-124.0	-10.3125	-10.3125	False	False	morphology	determiner_noun_agreement	Write a natural, coherent English sentence.
28	18	Stephen isn't revealing this brown nucleus.	Stephen isn't revealing these brown nucleus.	-103.5	-103.5	-10.375	-10.375	False	False	morphology	determiner_noun_agreement	Write a natural, coherent English sentence.
29	18	Travel stuns that sick child.	Travel stuns those sick child.	-72.5	-72.5	-10.375	-10.375	False	False	morphology	determiner_noun_agreement	Write a natural, coherent English sentence.
30	18	Amelia healed that unemployed woman.	Amelia healed those unemployed woman.	-93.0	-93.0	-10.3125	-10.375	False	True	morphology	determiner_noun_agreement	Write a natural, coherent English sentence.
31	18	Noah attacks that ill child.	Noah attacks those ill child.	-62.25	-62.25	-10.375	-10.375	False	False	morphology	determiner_noun_agreement	Write a natural, coherent English sentence.
32	18	Randolf buys those gray fungi.	Randolf buys that gray fungi.	-93.5	-93.5	-10.375	-10.375	False	False	morphology	determiner_noun_agreement	Write a natural, coherent English sentence.
33	18	Some pedestrians disagreed with this big woman.	Some pedestrians disagreed with these big woman.	-114.0	-114.0	-10.375	-10.375	False	False	morphology	determiner_noun_agreement	Write a natural, coherent English sentence.
34	18	Adam might sound like these determined children.	Adam might sound like this determined children.	-83.0	-83.0	-10.375	-10.375	False	False	morphology	determiner_noun_agreement	Write a natural, coherent English sentence.
35	18	Bill has stunned this confident man.	Bill has stunned these confident man.	-83.0	-83.0	-10.375	-10.375	False	False	morphology	determiner_noun_agreement	Write a natural, coherent English sentence.
36	18	Rhonda should see these blue oases.	Rhonda should see this blue oases.	-93.0	-93.0	-10.3125	-10.3125	False	False	morphology	determiner_noun_agreement	Write a natural, coherent English sentence.
37	18	Stephen cares for that out in the open alumnus.	Stephen cares for those out in the open alumnus.	-124.0	-124.0	-10.375	-10.375	False	False	morphology	determiner_noun_agreement	Write a natural, coherent English sentence.
38	18	Cheryl has bought this green oasis.	Cheryl has bought these green oasis.	-93.0	-93.0	-10.3125	-10.3125	False	False	morphology	determiner_noun_agreement	Write a natural, coherent English sentence.
39	18	Every door annoyed this lucky child.	Every door annoyed these lucky child.	-82.5	-82.5	-10.3125	-10.3125	False	False	morphology	determiner_noun_agreement	Write a natural, coherent English sentence.
40	18	Gerald cures that unlucky child.	Gerald cures those unlucky child.	-103.5	-103.5	-10.3125	-10.3125	False	False	morphology	determiner_noun_agreement	Write a natural, coherent English sentence.
41	18	Eyes weren't worrying this troubled child.	Eyes weren't worrying these troubled child.	-114.0	-114.0	-10.375	-10.375	False	False	morphology	determiner_noun_agreement	Write a natural, coherent English sentence.
42	18	Michael isn't referencing this long synopsis.	Michael isn't referencing these long synopsis.	-114.0	-114.0	-10.375	-10.375	False	False	morphology	determiner_noun_agreement	Write a natural, coherent English sentence.
43	18	Robert insults this serious man.	Robert insults these serious man.	-72.5	-72.5	-10.375	-10.375	False	False	morphology	determiner_noun_agreement	Write a natural, coherent English sentence.
44	18	Waitresses describe that smart alumnus.	Waitresses describe those smart alumnus.	-103.5	-103.5	-10.3125	-10.3125	False	False	morphology	determiner_noun_agreement	Write a natural, coherent English sentence.
45	18	Dan doesn't respect this unemployed alumnus.	Dan doesn't respect these unemployed alumnus.	-124.0	-124.0	-10.3125	-10.3125	False	False	morphology	determiner_noun_agreement	Write a natural, coherent English sentence.
46	18	Eric has upset those scared people.	Eric has upset that scared people.	-72.5	-72.5	-10.375	-10.375	False	False	morphology	determiner_noun_agreement	Write a natural, coherent English sentence.
47	18	Sabrina was biking to this exposed oasis.	Sabrina was biking to these exposed oasis.	-124.5	-124.5	-10.375	-10.375	False	False	morphology	determiner_noun_agreement	Write a natural, coherent English sentence.
48	18	Edward can't think about these exposed mice.	Edward can't think about this exposed mice.	-114.0	-114.0	-10.375	-10.375	False	False	morphology	determiner_noun_agreement	Write a natural, coherent English sentence.
49	18	Phillip listened to this standing alumnus.	Phillip listened to these standing alumnus.	-103.5	-103.5	-10.375	-10.375	False	False	morphology	determiner_noun_agreement	Write a natural, coherent English sentence.
50	18	Those men skate around this small oasis.	Those men skate around these small oasis.	-103.5	-103.5	-10.375	-10.375	False	False	morphology	determiner_noun_agreement	Write a natural, coherent English sentence.
51	18	Rhonda could think about those content children.	Rhonda could think about that content children.	-93.0	-93.0	-10.375	-10.375	False	False	morphology	determiner_noun_agreement	Write a natural, coherent English sentence.
52	18	Melissa had remembered that unsure person.	Melissa had remembered those unsure person.	-93.0	-93.0	-10.3125	-10.3125	False	False	morphology	determiner_noun_agreement	Write a natural, coherent English sentence.
53	18	The students talk about this upset person.	The students talk about these upset person.	-82.5	-82.5	-10.3125	-10.3125	False	False	morphology	determiner_noun_agreement	Write a natural, coherent English sentence.
54	18	Leslie insults those upset alumni.	Leslie insults that upset alumni.	-103.0	-103.0	-10.3125	-10.3125	False	False	morphology	determiner_noun_agreement	Write a natural, coherent English sentence.
55	18	Hats distract this ill man.	Hats distract these ill man.	-72.5	-72.5	-10.375	-10.375	False	False	morphology	determiner_noun_agreement	Write a natural, coherent English sentence.
56	18	Dawn sounded like this determined child.	Dawn sounded like these determined child.	-83.0	-83.0	-10.375	-10.375	False	False	morphology	determiner_noun_agreement	Write a natural, coherent English sentence.
57	18	Carl had run around that brown oasis.	Carl had run around those brown oasis.	-93.0	-93.0	-10.375	-10.375	False	False	morphology	determiner_noun_agreement	Write a natural, coherent English sentence.
58	18	Anna criticizes these concealed children.	Anna criticizes this concealed children.	-83.0	-83.0	-10.375	-10.375	False	False	morphology	determiner_noun_agreement	Write a natural, coherent English sentence.
59	18	The waiter might criticize that unemployed man.	The waiter might criticize those unemployed man.	-113.5	-113.5	-10.3125	-10.3125	False	False	morphology	determiner_noun_agreement	Write a natural, coherent English sentence.
60	18	Tracy was investigating this troubled alumnus.	Tracy was investigating these troubled alumnus.	-124.0	-124.0	-10.3125	-10.3125	False	False	morphology	determiner_noun_agreement	Write a natural, coherent English sentence.
61	18	These newspaper articles astound this clever child.	These newspaper articles astound these clever child.	-93.0	-93.0	-10.3125	-10.3125	False	False	morphology	determiner_noun_agreement	Write a natural, coherent English sentence.
62	18	Dana hadn't attacked this small man.	Dana hadn't attacked these small man.	-103.5	-103.5	-10.375	-10.375	False	False	morphology	determiner_noun_agreement	Write a natural, coherent English sentence.
63	18	Curtis wasn't breaking those hard teeth.	Curtis wasn't breaking that hard teeth.	-103.5	-103.5	-10.375	-10.375	False	False	morphology	determiner_noun_agreement	Write a natural, coherent English sentence.
64	18	All customers attack this employed alumnus.	All customers attack these employed alumnus.	-93.0	-93.0	-10.3125	-10.375	False	True	morphology	determiner_noun_agreement	Write a natural, coherent English sentence.
65	18	Most ladies go to those purple oases.	Most ladies go to that purple oases.	-93.5	-93.5	-10.375	-10.375	False	False	morphology	determiner_noun_agreement	Write a natural, coherent English sentence.
66	18	A dancer tours that blue oasis.	A dancer tours those blue oasis.	-93.5	-93.5	-10.375	-10.375	False	False	morphology	determiner_noun_agreement	Write a natural, coherent English sentence.
67	18	Steven irritated this unconvinced woman.	Steven irritated these unconvinced woman.	-103.5	-103.5	-10.375	-10.375	False	False	morphology	determiner_noun_agreement	Write a natural, coherent English sentence.
68	18	Tara wasn't helping that sick man.	Tara wasn't helping those sick man.	-103.5	-103.5	-10.375	-10.375	False	False	morphology	determiner_noun_agreement	Write a natural, coherent English sentence.
69	18	The dancers aren't cleaning that smooth fungus.	The dancers aren't cleaning those smooth fungus.	-135.0	-135.0	-10.375	-10.375	False	False	morphology	determiner_noun_agreement	Write a natural, coherent English sentence.
70	18	Melissa had talked about these white theses.	Melissa had talked about this white theses.	-103.0	-103.0	-10.3125	-10.3125	False	False	morphology	determiner_noun_agreement	Write a natural, coherent English sentence.
71	18	The man isn't watching those upset men.	The man isn't watching that upset men.	-103.5	-103.5	-10.375	-10.375	False	False	morphology	determiner_noun_agreement	Write a natural, coherent English sentence.
72	18	Sabrina won't worry this out in the open person.	Sabrina won't worry these out in the open person.	-145.0	-145.0	-10.375	-10.375	False	False	morphology	determiner_noun_agreement	Write a natural, coherent English sentence.
73	18	Every bird embarrassed these unemployed men.	Every bird embarrassed this unemployed men.	-82.5	-82.5	-10.3125	-10.3125	False	False	morphology	determiner_noun_agreement	Write a natural, coherent English sentence.
74	18	The Borgias drive to that small oasis.	The Borgias drive to those small oasis.	-114.0	-114.0	-10.375	-10.375	False	False	morphology	determiner_noun_agreement	Write a natural, coherent English sentence.
75	18	Bradley likes these brown fungi.	Bradley likes this brown fungi.	-83.0	-83.0	-10.375	-10.375	False	False	morphology	determiner_noun_agreement	Write a natural, coherent English sentence.
76	18	Most guys go to that black oasis.	Most guys go to those black oasis.	-93.0	-93.0	-10.3125	-10.3125	False	False	morphology	determiner_noun_agreement	Write a natural, coherent English sentence.
77	18	A pedestrian hadn't approached these hopeful women.	A pedestrian hadn't approached this hopeful women.	-124.0	-124.0	-10.3125	-10.3125	False	False	morphology	determiner_noun_agreement	Write a natural, coherent English sentence.
78	18	Some senators aren't healing this unemployed alumnus.	Some senators aren't healing these unemployed alumnus.	-145.0	-145.0	-10.3125	-10.3125	False	False	morphology	determiner_noun_agreement	Write a natural, coherent English sentence.
79	18	That cart wasn't stunning these exposed men.	That cart wasn't stunning this exposed men.	-104.0	-104.0	-10.375	-10.375	False	False	morphology	determiner_noun_agreement	Write a natural, coherent English sentence.
80	18	Joel can think about this smart man.	Joel can think about these smart man.	-83.0	-83.0	-10.375	-10.375	False	False	morphology	determiner_noun_agreement	Write a natural, coherent English sentence.
81	18	Those prints disgust those good people.	Those prints disgust that good people.	-72.5	-72.5	-10.375	-10.3125	False	False	morphology	determiner_noun_agreement	Write a natural, coherent English sentence.
82	18	Beverly hadn't passed these yellow oases.	Beverly hadn't passed this yellow oases.	-114.0	-114.0	-10.375	-10.3125	False	False	morphology	determiner_noun_agreement	Write a natural, coherent English sentence.
83	18	A lot of prints irritate this unconvinced woman.	A lot of prints irritate these unconvinced woman.	-134.0	-134.0	-10.3125	-10.3125	False	False	morphology	determiner_noun_agreement	Write a natural, coherent English sentence.
84	18	Many customers hire those standing alumni.	Many customers hire that standing alumni.	-93.0	-93.0	-10.375	-10.375	False	False	morphology	determiner_noun_agreement	Write a natural, coherent English sentence.
85	18	Some rug isn't irritating that nice woman.	Some rug isn't irritating those nice woman.	-114.0	-114.0	-10.375	-10.375	False	False	morphology	determiner_noun_agreement	Write a natural, coherent English sentence.
86	18	Jill embarrassed those busy men.	Jill embarrassed that busy men.	-72.5	-73.0	-10.375	-10.375	True	False	morphology	determiner_noun_agreement	Write a natural, coherent English sentence.
87	18	Most sketches could hurt this uncertain person.	Most sketches could hurt these uncertain person.	-103.5	-103.5	-10.375	-10.375	False	False	morphology	determiner_noun_agreement	Write a natural, coherent English sentence.
88	18	Patricia lifted those purple feet.	Patricia lifted that purple feet.	-83.0	-83.0	-10.375	-10.375	False	False	morphology	determiner_noun_agreement	Write a natural, coherent English sentence.
89	18	The girls sell this hard fungus.	The girls sell these hard fungus.	-93.0	-93.0	-10.375	-10.375	False	False	morphology	determiner_noun_agreement	Write a natural, coherent English sentence.
90	18	Nicole has seen this yellow cactus.	Nicole has seen these yellow cactus.	-93.0	-93.0	-10.3125	-10.3125	False	False	morphology	determiner_noun_agreement	Write a natural, coherent English sentence.
91	18	Sharon could arrive at those big oases.	Sharon could arrive at that big oases.	-103.5	-103.5	-10.375	-10.375	False	False	morphology	determiner_noun_agreement	Write a natural, coherent English sentence.
92	18	This cashier can fire that good woman.	This cashier can fire those good woman.	-93.0	-93.0	-10.375	-10.375	False	False	morphology	determiner_noun_agreement	Write a natural, coherent English sentence.
93	18	Raymond left those scared children.	Raymond left that scared children.	-62.25	-62.25	-10.375	-10.375	False	False	morphology	determiner_noun_agreement	Write a natural, coherent English sentence.
94	18	Noah could discuss that clever person.	Noah could discuss those clever person.	-72.5	-72.5	-10.375	-10.375	False	False	morphology	determiner_noun_agreement	Write a natural, coherent English sentence.
95	18	Rachelle knew that concealed woman.	Rachelle knew those concealed woman.	-82.5	-83.0	-10.3125	-10.375	True	True	morphology	determiner_noun_agreement	Write a natural, coherent English sentence.
96	18	Dawn hasn't cured those gray oxen.	Dawn hasn't cured that gray oxen.	-124.0	-124.0	-10.375	-10.375	False	False	morphology	determiner_noun_agreement	Write a natural, coherent English sentence.
97	18	The Great Lakes haven't disgusted those out in the open people.	The Great Lakes haven't disgusted that out in the open people.	-166.0	-166.0	-10.375	-10.375	False	False	morphology	determiner_noun_agreement	Write a natural, coherent English sentence.
98	18	Wayne doesn't exit those cheap oases.	Wayne doesn't exit that cheap oases.	-103.5	-103.5	-10.375	-10.375	False	False	morphology	determiner_noun_agreement	Write a natural, coherent English sentence.
99	18	These waitresses haven't astounded this fast woman.	These waitresses haven't astounded these fast woman.	-144.0	-144.0	-10.3125	-10.3125	False	False	morphology	determiner_noun_agreement	Write a natural, coherent English sentence.
100	18	Patrick hasn't lifted this out in the open cactus.	Patrick hasn't lifted these out in the open cactus.	-145.0	-145.0	-10.375	-10.375	False	False	morphology	determiner_noun_agreement	Write a natural, coherent English sentence.
101	18	Angela isn't embarrassing those excited children.	Angela isn't embarrassing that excited children.	-103.5	-103.5	-10.375	-10.375	False	False	morphology	determiner_noun_agreement	Write a natural, coherent English sentence.
102	18	Jennifer hasn't criticized this smart man.	Jennifer hasn't criticized these smart man.	-103.5	-103.5	-10.375	-10.375	False	False	morphology	determiner_noun_agreement	Write a natural, coherent English sentence.
103	18	April watched this big person.	April watched these big person.	-62.25	-62.25	-10.375	-10.375	False	False	morphology	determiner_noun_agreement	Write a natural, coherent English sentence.
104	18	Candice hadn't bothered that serious alumnus.	Candice hadn't bothered those serious alumnus.	-124.0	-124.0	-10.3125	-10.3125	False	False	morphology	determiner_noun_agreement	Write a natural, coherent English sentence.
105	18	The Clintons observe those happy women.	The Clintons observe that happy women.	-93.5	-93.5	-10.375	-10.375	False	False	morphology	determiner_noun_agreement	Write a natural, coherent English sentence.
106	18	The Clintons observe this excited man.	The Clintons observe these excited man.	-93.5	-93.5	-10.375	-10.375	False	False	morphology	determiner_noun_agreement	Write a natural, coherent English sentence.
107	18	Associations were listening to that unlucky child.	Associations were listening to those unlucky child.	-114.0	-113.5	-10.3125	-10.3125	False	False	morphology	determiner_noun_agreement	Write a natural, coherent English sentence.
108	18	Those committees discussed that busy woman.	Those committees discussed those busy woman.	-93.0	-93.0	-10.375	-10.3125	False	False	morphology	determiner_noun_agreement	Write a natural, coherent English sentence.
109	18	Debra isn't discussing that good analysis.	Debra isn't discussing those good analysis.	-103.5	-104.0	-10.375	-10.375	True	False	morphology	determiner_noun_agreement	Write a natural, coherent English sentence.
110	18	The drawing distracts this lucky woman.	The drawing distracts these lucky woman.	-83.0	-83.0	-10.375	-10.375	False	False	morphology	determiner_noun_agreement	Write a natural, coherent English sentence.
111	18	Holly couldn't dislike this exposed child.	Holly couldn't dislike these exposed child.	-103.5	-103.5	-10.375	-10.375	False	False	morphology	determiner_noun_agreement	Write a natural, coherent English sentence.
112	18	Angela examines that good synopsis.	Angela examines those good synopsis.	-83.0	-83.0	-10.375	-10.375	False	False	morphology	determiner_noun_agreement	Write a natural, coherent English sentence.
113	18	These skateboards aggravate that lucky woman.	These skateboards aggravate those lucky woman.	-114.0	-113.5	-10.3125	-10.3125	False	False	morphology	determiner_noun_agreement	Write a natural, coherent English sentence.
114	18	Some play alarms those small women.	Some play alarms that small women.	-83.0	-83.0	-10.375	-10.375	False	False	morphology	determiner_noun_agreement	Write a natural, coherent English sentence.
115	18	Students investigate these nice men.	Students investigate this nice men.	-62.25	-62.25	-10.375	-10.375	False	False	morphology	determiner_noun_agreement	Write a natural, coherent English sentence.
116	18	Tanya wasn't shocking that busy child.	Tanya wasn't shocking those busy child.	-114.0	-114.0	-10.375	-10.375	False	False	morphology	determiner_noun_agreement	Write a natural, coherent English sentence.
117	18	Brett has boasted about this nice person.	Brett has boasted about these nice person.	-103.5	-103.5	-10.375	-10.375	False	False	morphology	determiner_noun_agreement	Write a natural, coherent English sentence.
118	18	Jennifer described that hidden woman.	Jennifer described those hidden woman.	-62.5	-62.5	-10.375	-10.375	False	False	morphology	determiner_noun_agreement	Write a natural, coherent English sentence.
119	18	Winston Churchill passed these red oases.	Winston Churchill passed this red oases.	-103.5	-103.5	-10.375	-10.375	False	False	morphology	determiner_noun_agreement	Write a natural, coherent English sentence.
120	18	Some mirror could scare this nice woman.	Some mirror could scare these nice woman.	-93.0	-93.0	-10.375	-10.375	False	False	morphology	determiner_noun_agreement	Write a natural, coherent English sentence.
121	18	Caroline hadn't fired that scared alumnus.	Caroline hadn't fired those scared alumnus.	-114.0	-114.0	-10.375	-10.375	False	False	morphology	determiner_noun_agreement	Write a natural, coherent English sentence.
122	18	Edward wasn't referencing that displeased woman.	Edward wasn't referencing those displeased woman.	-124.0	-124.5	-10.375	-10.375	True	False	morphology	determiner_noun_agreement	Write a natural, coherent English sentence.
123	18	Many teachers clean these cheap teeth.	Many teachers clean this cheap teeth.	-72.5	-72.5	-10.375	-10.375	False	False	morphology	determiner_noun_agreement	Write a natural, coherent English sentence.
124	18	Wayne might remember these new oases.	Wayne might remember this new oases.	-83.0	-83.0	-10.375	-10.375	False	False	morphology	determiner_noun_agreement	Write a natural, coherent English sentence.
125	18	Some high school alarms this determined man.	Some high school alarms these determined man.	-93.0	-93.0	-10.3125	-10.375	False	True	morphology	determiner_noun_agreement	Write a natural, coherent English sentence.
126	18	Vincent had returned to these out in the open oases.	Vincent had returned to this out in the open oases.	-124.0	-124.0	-10.375	-10.3125	False	False	morphology	determiner_noun_agreement	Write a natural, coherent English sentence.
127	18	Marla hired this standing child.	Marla hired these standing child.	-72.5	-72.5	-10.375	-10.375	False	False	morphology	determiner_noun_agreement	Write a natural, coherent English sentence.
128	18	Some cucumber has upset those ill men.	Some cucumber has upset that ill men.	-103.5	-103.5	-10.375	-10.375	False	False	morphology	determiner_noun_agreement	Write a natural, coherent English sentence.
129	18	Russell hasn't kissed this content man.	Russell hasn't kissed these content man.	-93.0	-93.5	-10.375	-10.375	True	False	morphology	determiner_noun_agreement	Write a natural, coherent English sentence.
130	18	Guy has left this determined man.	Guy has left these determined man.	-72.5	-72.5	-10.375	-10.375	False	False	morphology	determiner_noun_agreement	Write a natural, coherent English sentence.
131	18	The Lutherans listen to these employed women.	The Lutherans listen to this employed women.	-93.0	-93.0	-10.375	-10.375	False	False	morphology	determiner_noun_agreement	Write a natural, coherent English sentence.
132	18	Candice disliked these bad analyses.	Candice disliked this bad analyses.	-103.5	-103.5	-10.375	-10.3125	False	False	morphology	determiner_noun_agreement	Write a natural, coherent English sentence.
133	18	Many women heal these lost geese.	Many women heal this lost geese.	-83.0	-82.5	-10.375	-10.3125	False	False	morphology	determiner_noun_agreement	Write a natural, coherent English sentence.
134	18	Wayne has remembered these smart people.	Wayne has remembered this smart people.	-72.5	-73.0	-10.375	-10.375	True	False	morphology	determiner_noun_agreement	Write a natural, coherent English sentence.
135	18	This teenager had dropped by these white oases.	This teenager had dropped by this white oases.	-103.5	-103.5	-10.375	-10.3125	False	False	morphology	determiner_noun_agreement	Write a natural, coherent English sentence.
136	18	Eva has exited those smooth oases.	Eva has exited that smooth oases.	-93.0	-93.0	-10.375	-10.375	False	False	morphology	determiner_noun_agreement	Write a natural, coherent English sentence.
137	18	Cheryl wouldn't aggravate that bad person.	Cheryl wouldn't aggravate those bad person.	-124.0	-124.0	-10.375	-10.3125	False	False	morphology	determiner_noun_agreement	Write a natural, coherent English sentence.
138	18	Katherine hadn't shocked those young children.	Katherine hadn't shocked that young children.	-103.5	-104.0	-10.375	-10.375	True	False	morphology	determiner_noun_agreement	Write a natural, coherent English sentence.
139	18	The student loves these troubled people.	The student loves this troubled people.	-83.0	-83.0	-10.375	-10.375	False	False	morphology	determiner_noun_agreement	Write a natural, coherent English sentence.
140	18	Tracy cared for those smart alumni.	Tracy cared for that smart alumni.	-103.5	-103.5	-10.375	-10.375	False	False	morphology	determiner_noun_agreement	Write a natural, coherent English sentence.
141	18	Guys return to these small oases.	Guys return to this small oases.	-93.0	-93.0	-10.375	-10.3125	False	False	morphology	determiner_noun_agreement	Write a natural, coherent English sentence.
142	18	Marcus won't bike to this white oasis.	Marcus won't bike to these white oasis.	-114.0	-114.0	-10.375	-10.375	False	False	morphology	determiner_noun_agreement	Write a natural, coherent English sentence.
143	18	Eggplants impressed these unconvinced alumni.	Eggplants impressed this unconvinced alumni.	-145.0	-145.0	-10.375	-10.375	False	False	morphology	determiner_noun_agreement	Write a natural, coherent English sentence.
144	18	A turtle has bored those troubled children.	A turtle has bored that troubled children.	-114.0	-114.0	-10.3125	-10.3125	False	False	morphology	determiner_noun_agreement	Write a natural, coherent English sentence.
145	18	The adults were taking those old teeth.	The adults were taking that old teeth.	-83.0	-83.0	-10.375	-10.375	False	False	morphology	determiner_noun_agreement	Write a natural, coherent English sentence.
146	18	Alan wasn't returning to those blue oases.	Alan wasn't returning to that blue oases.	-114.0	-114.0	-10.375	-10.375	False	False	morphology	determiner_noun_agreement	Write a natural, coherent English sentence.
147	18	Theodore had lifted this rough cactus.	Theodore had lifted these rough cactus.	-103.5	-103.5	-10.375	-10.375	False	False	morphology	determiner_noun_agreement	Write a natural, coherent English sentence.
148	18	Joel isn't praising those good synopses.	Joel isn't praising that good synopses.	-124.5	-124.5	-10.375	-10.375	False	False	morphology	determiner_noun_agreement	Write a natural, coherent English sentence.
149	18	The pedestrian knows these standing women.	The pedestrian knows this standing women.	-83.0	-83.0	-10.375	-10.375	False	False	morphology	determiner_noun_agreement	Write a natural, coherent English sentence.
150	18	Some museums forget that good analysis.	Some museums forget those good analysis.	-82.5	-82.5	-10.3125	-10.3125	False	False	morphology	determiner_noun_agreement	Write a natural, coherent English sentence.
151	18	The Clintons might clean that lost fungus.	The Clintons might clean those lost fungus.	-124.5	-124.5	-10.375	-10.375	False	False	morphology	determiner_noun_agreement	Write a natural, coherent English sentence.
152	18	Mary is bothering these out in the open children.	Mary is bothering this out in the open children.	-113.5	-113.5	-10.3125	-10.3125	False	False	morphology	determiner_noun_agreement	Write a natural, coherent English sentence.
153	18	Many customers sell that lost ox.	Many customers sell those lost ox.	-72.5	-72.5	-10.375	-10.375	False	False	morphology	determiner_noun_agreement	Write a natural, coherent English sentence.
154	18	These waitresses praise these troubled men.	These waitresses praise this troubled men.	-103.0	-103.0	-10.3125	-10.3125	False	False	morphology	determiner_noun_agreement	Write a natural, coherent English sentence.
155	18	Many men didn't admire that nice person.	Many men didn't admire those nice person.	-114.0	-114.0	-10.375	-10.375	False	False	morphology	determiner_noun_agreement	Write a natural, coherent English sentence.
156	18	Jesus ran around this exposed oasis.	Jesus ran around these exposed oasis.	-83.0	-82.5	-10.375	-10.3125	False	False	morphology	determiner_noun_agreement	Write a natural, coherent English sentence.
157	18	Many customers talk about that delighted child.	Many customers talk about those delighted child.	-83.0	-83.0	-10.375	-10.375	False	False	morphology	determiner_noun_agreement	Write a natural, coherent English sentence.
158	18	Drawings had disgusted this small woman.	Drawings had disgusted these small woman.	-93.0	-93.5	-10.375	-10.375	True	False	morphology	determiner_noun_agreement	Write a natural, coherent English sentence.
159	18	Colleen did care for that good man.	Colleen did care for those good man.	-93.0	-93.0	-10.375	-10.375	False	False	morphology	determiner_noun_agreement	Write a natural, coherent English sentence.
160	18	Marcus admired those exposed geese.	Marcus admired that exposed geese.	-83.0	-83.0	-10.375	-10.375	False	False	morphology	determiner_noun_agreement	Write a natural, coherent English sentence.
161	18	Randolf has noticed this clean foot.	Randolf has noticed these clean foot.	-83.0	-83.0	-10.375	-10.375	False	False	morphology	determiner_noun_agreement	Write a natural, coherent English sentence.
162	18	Craig could listen to that determined man.	Craig could listen to those determined man.	-83.0	-83.0	-10.375	-10.375	False	False	morphology	determiner_noun_agreement	Write a natural, coherent English sentence.
163	18	Movies stunned this small man.	Movies stunned these small man.	-83.0	-83.0	-10.375	-10.375	False	False	morphology	determiner_noun_agreement	Write a natural, coherent English sentence.
164	18	Timothy buys this rough ox.	Timothy buys these rough ox.	-83.0	-83.0	-10.375	-10.375	False	False	morphology	determiner_noun_agreement	Write a natural, coherent English sentence.
165	18	Some women go to those red oases.	Some women go to that red oases.	-93.0	-93.0	-10.375	-10.3125	False	False	morphology	determiner_noun_agreement	Write a natural, coherent English sentence.
166	18	Ruth fixed this clean tooth.	Ruth fixed these clean tooth.	-62.25	-62.5	-10.375	-10.375	True	False	morphology	determiner_noun_agreement	Write a natural, coherent English sentence.
167	18	Monica is boring those clever men.	Monica is boring that clever men.	-83.0	-83.0	-10.375	-10.375	False	False	morphology	determiner_noun_agreement	Write a natural, coherent English sentence.
168	18	Janice knows these hidden alumni.	Janice knows this hidden alumni.	-93.0	-93.0	-10.3125	-10.3125	False	False	morphology	determiner_noun_agreement	Write a natural, coherent English sentence.
169	18	Spain insults this delighted alumnus.	Spain insults these delighted alumnus.	-93.0	-93.0	-10.3125	-10.3125	False	False	morphology	determiner_noun_agreement	Write a natural, coherent English sentence.
170	18	Some planes bore that displeased child.	Some planes bore those displeased child.	-93.0	-93.0	-10.375	-10.375	False	False	morphology	determiner_noun_agreement	Write a natural, coherent English sentence.
171	18	Dishes should upset these happy men.	Dishes should upset this happy men.	-83.0	-83.0	-10.375	-10.375	False	False	morphology	determiner_noun_agreement	Write a natural, coherent English sentence.
172	18	That painting looked like these yellow stimuli.	That painting looked like this yellow stimuli.	-93.0	-93.0	-10.375	-10.375	False	False	morphology	determiner_noun_agreement	Write a natural, coherent English sentence.
173	18	Amy shocked that content man.	Amy shocked those content man.	-62.5	-62.5	-10.375	-10.375	False	False	morphology	determiner_noun_agreement	Write a natural, coherent English sentence.
174	18	Melinda hasn't hidden this determined woman.	Melinda hasn't hidden these determined woman.	-103.0	-103.5	-10.3125	-10.3125	True	False	morphology	determiner_noun_agreement	Write a natural, coherent English sentence.
175	18	Caroline did drive to this brown oasis.	Caroline did drive to these brown oasis.	-93.0	-93.0	-10.375	-10.375	False	False	morphology	determiner_noun_agreement	Write a natural, coherent English sentence.
176	18	That rice disturbed those smart alumni.	That rice disturbed that smart alumni.	-103.5	-103.5	-10.375	-10.3125	False	False	morphology	determiner_noun_agreement	Write a natural, coherent English sentence.
177	18	Brian will examine these long analyses.	Brian will examine this long analyses.	-83.0	-83.0	-10.375	-10.375	False	False	morphology	determiner_noun_agreement	Write a natural, coherent English sentence.
178	18	Mark dislikes this uncertain child.	Mark dislikes these uncertain child.	-83.0	-83.0	-10.375	-10.375	False	False	morphology	determiner_noun_agreement	Write a natural, coherent English sentence.
179	18	Rose was returning to these out in the open children.	Rose was returning to this out in the open children.	-114.0	-114.0	-10.375	-10.375	False	False	morphology	determiner_noun_agreement	Write a natural, coherent English sentence.
180	18	The guest has fixed this red tooth.	The guest has fixed these red tooth.	-83.0	-83.0	-10.375	-10.375	False	False	morphology	determiner_noun_agreement	Write a natural, coherent English sentence.
181	18	Jennifer is breaking this big tooth.	Jennifer is breaking these big tooth.	-72.5	-72.5	-10.375	-10.375	False	False	morphology	determiner_noun_agreement	Write a natural, coherent English sentence.
182	18	Sabrina isn't referencing these red theses.	Sabrina isn't referencing this red theses.	-135.0	-135.0	-10.375	-10.375	False	False	morphology	determiner_noun_agreement	Write a natural, coherent English sentence.
183	18	Valerie hadn't exited that exposed oasis.	Valerie hadn't exited those exposed oasis.	-124.0	-124.0	-10.375	-10.3125	False	False	morphology	determiner_noun_agreement	Write a natural, coherent English sentence.
184	18	Every restaurant had worried this hidden child.	Every restaurant had worried these hidden child.	-83.0	-83.0	-10.375	-10.375	False	False	morphology	determiner_noun_agreement	Write a natural, coherent English sentence.
185	18	A woman was examining those long synopses.	A woman was examining that long synopses.	-113.5	-113.5	-10.3125	-10.3125	False	False	morphology	determiner_noun_agreement	Write a natural, coherent English sentence.
186	18	All actresses approach that content man.	All actresses approach those content man.	-83.0	-83.0	-10.375	-10.375	False	False	morphology	determiner_noun_agreement	Write a natural, coherent English sentence.
187	18	Sarah cleaned those yellow feet.	Sarah cleaned that yellow feet.	-62.25	-62.25	-10.375	-10.375	False	False	morphology	determiner_noun_agreement	Write a natural, coherent English sentence.
188	18	Margaret tours those black oases.	Margaret tours that black oases.	-72.5	-72.5	-10.375	-10.375	False	False	morphology	determiner_noun_agreement	Write a natural, coherent English sentence.
189	18	Rachel wasn't messing up this clean foot.	Rachel wasn't messing up these clean foot.	-114.0	-114.0	-10.3125	-10.3125	False	False	morphology	determiner_noun_agreement	Write a natural, coherent English sentence.
190	18	The Lutherans go to that old oasis.	The Lutherans go to those old oasis.	-103.5	-103.5	-10.375	-10.375	False	False	morphology	determiner_noun_agreement	Write a natural, coherent English sentence.
191	18	The lamps shock those hidden alumni.	The lamps shock that hidden alumni.	-103.5	-103.5	-10.375	-10.375	False	False	morphology	determiner_noun_agreement	Write a natural, coherent English sentence.
192	18	Claire conceals those small stimuli.	Claire conceals that small stimuli.	-83.0	-83.0	-10.375	-10.375	False	False	morphology	determiner_noun_agreement	Write a natural, coherent English sentence.
193	18	Most documentaries annoy that busy person.	Most documentaries annoy those busy person.	-83.0	-83.0	-10.375	-10.375	False	False	morphology	determiner_noun_agreement	Write a natural, coherent English sentence.
194	18	Pamela shouldn't return to those exposed men.	Pamela shouldn't return to that exposed men.	-113.5	-114.0	-10.3125	-10.3125	True	False	morphology	determiner_noun_agreement	Write a natural, coherent English sentence.
195	18	That person couldn't arrive at that purple oasis.	That person couldn't arrive at those purple oasis.	-124.0	-124.0	-10.375	-10.3125	False	False	morphology	determiner_noun_agreement	Write a natural, coherent English sentence.
196	18	Alicia won't admire those big nuclei.	Alicia won't admire that big nuclei.	-135.0	-135.0	-10.375	-10.375	False	False	morphology	determiner_noun_agreement	Write a natural, coherent English sentence.
197	18	Curtis arrived at that red oasis.	Curtis arrived at those red oasis.	-93.0	-93.0	-10.3125	-10.3125	False	False	morphology	determiner_noun_agreement	Write a natural, coherent English sentence.
198	18	People investigate that smart man.	People investigate those smart man.	-62.25	-62.5	-10.375	-10.375	True	False	morphology	determiner_noun_agreement	Write a natural, coherent English sentence.
199	18	Some boys hire these content alumni.	Some boys hire this content alumni.	-93.0	-93.0	-10.375	-10.3125	False	False	morphology	determiner_noun_agreement	Write a natural, coherent English sentence.
200	18	Leslie found these brown feet.	Leslie found this brown feet.	-72.5	-72.5	-10.3125	-10.375	False	True	morphology	determiner_noun_agreement	Write a natural, coherent English sentence.
201	18	Alexander was firing that displeased woman.	Alexander was firing those displeased woman.	-93.5	-93.5	-10.375	-10.375	False	False	morphology	determiner_noun_agreement	Write a natural, coherent English sentence.
202	18	Florence hasn't argued about those confident children.	Florence hasn't argued about that confident children.	-103.5	-103.5	-10.375	-10.375	False	False	morphology	determiner_noun_agreement	Write a natural, coherent English sentence.
203	18	That adult hadn't complained about that exposed man.	That adult hadn't complained about those exposed man.	-114.0	-114.0	-10.375	-10.375	False	False	morphology	determiner_noun_agreement	Write a natural, coherent English sentence.
204	18	Larry works with these scared women.	Larry works with this scared women.	-72.5	-72.5	-10.375	-10.375	False	False	morphology	determiner_noun_agreement	Write a natural, coherent English sentence.
205	18	Kathleen leaves this old child.	Kathleen leaves these old child.	-72.5	-72.5	-10.375	-10.375	False	False	morphology	determiner_noun_agreement	Write a natural, coherent English sentence.
206	18	The actresses weren't watching these scared people.	The actresses weren't watching this scared people.	-114.0	-114.0	-10.375	-10.375	False	False	morphology	determiner_noun_agreement	Write a natural, coherent English sentence.
207	18	Derek isn't escaping from these blue oases.	Derek isn't escaping from this blue oases.	-135.0	-135.0	-10.375	-10.375	False	False	morphology	determiner_noun_agreement	Write a natural, coherent English sentence.
208	18	Naomi isn't talking about that cheap oasis.	Naomi isn't talking about those cheap oasis.	-124.0	-124.0	-10.3125	-10.3125	False	False	morphology	determiner_noun_agreement	Write a natural, coherent English sentence.
209	18	These guests hate these troubled men.	These guests hate this troubled men.	-83.0	-83.0	-10.375	-10.375	False	False	morphology	determiner_noun_agreement	Write a natural, coherent English sentence.
210	18	Patricia wasn't hiring those small children.	Patricia wasn't hiring that small children.	-113.5	-113.5	-10.3125	-10.3125	False	False	morphology	determiner_noun_agreement	Write a natural, coherent English sentence.
211	18	All stairs weren't alarming that lucky woman.	All stairs weren't alarming those lucky woman.	-114.0	-114.0	-10.375	-10.375	False	False	morphology	determiner_noun_agreement	Write a natural, coherent English sentence.
212	18	Many drivers left that confident alumnus.	Many drivers left those confident alumnus.	-93.0	-93.0	-10.375	-10.375	False	False	morphology	determiner_noun_agreement	Write a natural, coherent English sentence.
213	18	Every skirt disgusts these smart children.	Every skirt disgusts this smart children.	-82.5	-82.5	-10.3125	-10.3125	False	False	morphology	determiner_noun_agreement	Write a natural, coherent English sentence.
214	18	Valerie has astounded that lost alumnus.	Valerie has astounded those lost alumnus.	-124.0	-124.0	-10.3125	-10.375	False	True	morphology	determiner_noun_agreement	Write a natural, coherent English sentence.
215	18	Sonia should describe this determined child.	Sonia should describe these determined child.	-83.0	-83.0	-10.375	-10.375	False	False	morphology	determiner_noun_agreement	Write a natural, coherent English sentence.
216	18	A lot of lakes weren't disgusting that old person.	A lot of lakes weren't disgusting those old person.	-144.0	-144.0	-10.3125	-10.3125	False	False	morphology	determiner_noun_agreement	Write a natural, coherent English sentence.
217	18	Some pants hadn't aggravated that good woman.	Some pants hadn't aggravated those good woman.	-124.0	-124.0	-10.375	-10.375	False	False	morphology	determiner_noun_agreement	Write a natural, coherent English sentence.
218	18	Anne does return to that old woman.	Anne does return to those old woman.	-83.0	-83.0	-10.375	-10.375	False	False	morphology	determiner_noun_agreement	Write a natural, coherent English sentence.
219	18	Alan wasn't listening to that delighted person.	Alan wasn't listening to those delighted person.	-103.5	-103.5	-10.375	-10.375	False	False	morphology	determiner_noun_agreement	Write a natural, coherent English sentence.
220	18	Some icicles annoy those serious alumni.	Some icicles annoy that serious alumni.	-103.5	-103.5	-10.3125	-10.3125	False	False	morphology	determiner_noun_agreement	Write a natural, coherent English sentence.
221	18	Many women won't scare those uncertain men.	Many women won't scare that uncertain men.	-114.0	-114.0	-10.375	-10.375	False	False	morphology	determiner_noun_agreement	Write a natural, coherent English sentence.
222	18	Science disgusts this unconvinced alumnus.	Science disgusts these unconvinced alumnus.	-124.0	-124.0	-10.3125	-10.3125	False	False	morphology	determiner_noun_agreement	Write a natural, coherent English sentence.
223	18	Connie tours these rough oases.	Connie tours this rough oases.	-83.0	-83.0	-10.375	-10.375	False	False	morphology	determiner_noun_agreement	Write a natural, coherent English sentence.
224	18	Those banks were talking about this lost thesis.	Those banks were talking about these lost thesis.	-93.0	-93.0	-10.375	-10.375	False	False	morphology	determiner_noun_agreement	Write a natural, coherent English sentence.
225	18	Some prints didn't look like this rough louse.	Some prints didn't look like these rough louse.	-124.0	-124.0	-10.375	-10.375	False	False	morphology	determiner_noun_agreement	Write a natural, coherent English sentence.
226	18	All pedestrians like those rough theses.	All pedestrians like that rough theses.	-103.5	-103.5	-10.375	-10.375	False	False	morphology	determiner_noun_agreement	Write a natural, coherent English sentence.
227	18	Douglas saw that black fungus.	Douglas saw those black fungus.	-83.0	-83.0	-10.375	-10.375	False	False	morphology	determiner_noun_agreement	Write a natural, coherent English sentence.
228	18	Sarah examined that bad analysis.	Sarah examined those bad analysis.	-62.25	-62.5	-10.375	-10.375	True	False	morphology	determiner_noun_agreement	Write a natural, coherent English sentence.
229	18	An actress researches this long thesis.	An actress researches these long thesis.	-103.5	-103.5	-10.375	-10.375	False	False	morphology	determiner_noun_agreement	Write a natural, coherent English sentence.
230	18	Those waitresses criticize this hidden child.	Those waitresses criticize these hidden child.	-103.5	-103.5	-10.3125	-10.3125	False	False	morphology	determiner_noun_agreement	Write a natural, coherent English sentence.
231	18	Most drivers question these upset alumni.	Most drivers question this upset alumni.	-93.0	-93.0	-10.375	-10.3125	False	False	morphology	determiner_noun_agreement	Write a natural, coherent English sentence.
232	18	Phillip isn't working with these small women.	Phillip isn't working with this small women.	-114.0	-114.0	-10.375	-10.375	False	False	morphology	determiner_noun_agreement	Write a natural, coherent English sentence.
233	18	Jennifer can't aggravate that unlucky man.	Jennifer can't aggravate those unlucky man.	-134.0	-134.0	-10.3125	-10.3125	False	False	morphology	determiner_noun_agreement	Write a natural, coherent English sentence.
234	18	Essays confuse this good woman.	Essays confuse these good woman.	-83.0	-83.0	-10.375	-10.375	False	False	morphology	determiner_noun_agreement	Write a natural, coherent English sentence.
235	18	Amelia has forgotten those bad analyses.	Amelia has forgotten that bad analyses.	-93.0	-93.0	-10.3125	-10.3125	False	False	morphology	determiner_noun_agreement	Write a natural, coherent English sentence.
236	18	Michael had explored this brown oasis.	Michael had explored these brown oasis.	-83.0	-83.0	-10.375	-10.375	False	False	morphology	determiner_noun_agreement	Write a natural, coherent English sentence.
237	18	Natalie can aggravate those smart men.	Natalie can aggravate that smart men.	-103.5	-103.5	-10.375	-10.375	False	False	morphology	determiner_noun_agreement	Write a natural, coherent English sentence.
238	18	That patient won't go to these cheap oases.	That patient won't go to this cheap oases.	-124.5	-124.5	-10.375	-10.375	False	False	morphology	determiner_noun_agreement	Write a natural, coherent English sentence.
239	18	Heidi had discovered those black feet.	Heidi had discovered that black feet.	-82.5	-82.5	-10.3125	-10.3125	False	False	morphology	determiner_noun_agreement	Write a natural, coherent English sentence.
240	18	David hadn't watched those determined men.	David hadn't watched that determined men.	-93.5	-93.5	-10.375	-10.375	False	False	morphology	determiner_noun_agreement	Write a natural, coherent English sentence.
241	18	Some teenager couldn't walk through these green oases.	Some teenager couldn't walk through this green oases.	-124.0	-124.0	-10.3125	-10.375	False	True	morphology	determiner_noun_agreement	Write a natural, coherent English sentence.
242	18	Christina shouldn't sell this hard oasis.	Christina shouldn't sell these hard oasis.	-113.5	-113.5	-10.3125	-10.3125	False	False	morphology	determiner_noun_agreement	Write a natural, coherent English sentence.
243	18	Christopher isn't firing those sick men.	Christopher isn't firing that sick men.	-93.5	-93.5	-10.375	-10.375	False	False	morphology	determiner_noun_agreement	Write a natural, coherent English sentence.
244	18	Most students hide that yellow mouse.	Most students hide those yellow mouse.	-72.5	-72.5	-10.375	-10.3125	False	False	morphology	determiner_noun_agreement	Write a natural, coherent English sentence.
245	18	Holly did buy those clean feet.	Holly did buy that clean feet.	-72.5	-72.5	-10.375	-10.375	False	False	morphology	determiner_noun_agreement	Write a natural, coherent English sentence.
246	18	Many actors clean these brown theses.	Many actors clean this brown theses.	-83.0	-83.0	-10.375	-10.375	False	False	morphology	determiner_noun_agreement	Write a natural, coherent English sentence.
247	18	Stacy would hide those lost lice.	Stacy would hide that lost lice.	-93.5	-93.5	-10.375	-10.375	False	False	morphology	determiner_noun_agreement	Write a natural, coherent English sentence.
248	18	Alan drove to that new oasis.	Alan drove to those new oasis.	-82.5	-82.5	-10.3125	-10.3125	False	False	morphology	determiner_noun_agreement	Write a natural, coherent English sentence.
249	18	The Impressionists tour this purple oasis.	The Impressionists tour these purple oasis.	-103.0	-103.5	-10.3125	-10.3125	True	False	morphology	determiner_noun_agreement	Write a natural, coherent English sentence.
250	18	Wayne is talking to this hidden woman.	Wayne is talking to these hidden woman.	-83.0	-83.0	-10.375	-10.375	False	False	morphology	determiner_noun_agreement	Write a natural, coherent English sentence.
251	18	Christopher forgets this happy child.	Christopher forgets these happy child.	-72.5	-72.5	-10.375	-10.3125	False	False	morphology	determiner_noun_agreement	Write a natural, coherent English sentence.
252	18	Julie can boycott those cheap oases.	Julie can boycott that cheap oases.	-93.0	-93.0	-10.375	-10.375	False	False	morphology	determiner_noun_agreement	Write a natural, coherent English sentence.
253	18	Most senators dislike these bad theses.	Most senators dislike this bad theses.	-103.5	-103.5	-10.375	-10.375	False	False	morphology	determiner_noun_agreement	Write a natural, coherent English sentence.
254	18	Denise concealed this content person.	Denise concealed these content person.	-83.0	-83.0	-10.375	-10.375	False	False	morphology	determiner_noun_agreement	Write a natural, coherent English sentence.
255	18	Some bike shocks these nice women.	Some bike shocks this nice women.	-83.0	-83.0	-10.375	-10.375	False	False	morphology	determiner_noun_agreement	Write a natural, coherent English sentence.
256	18	These teenagers fix those hidden feet.	These teenagers fix that hidden feet.	-82.5	-82.5	-10.3125	-10.3125	False	False	morphology	determiner_noun_agreement	Write a natural, coherent English sentence.
257	18	Ella praised that ill woman.	Ella praised those ill woman.	-72.5	-72.5	-10.375	-10.375	False	False	morphology	determiner_noun_agreement	Write a natural, coherent English sentence.
258	18	Current events stun these lost people.	Current events stun this lost people.	-83.0	-83.0	-10.375	-10.375	False	False	morphology	determiner_noun_agreement	Write a natural, coherent English sentence.
259	18	Mary tours this gray oasis.	Mary tours these gray oasis.	-72.5	-72.5	-10.375	-10.375	False	False	morphology	determiner_noun_agreement	Write a natural, coherent English sentence.
260	18	Linda visited those unsure men.	Linda visited that unsure men.	-72.5	-72.5	-10.375	-10.375	False	False	morphology	determiner_noun_agreement	Write a natural, coherent English sentence.
261	18	Dan wouldn't boycott that smooth oasis.	Dan wouldn't boycott those smooth oasis.	-114.0	-114.0	-10.375	-10.375	False	False	morphology	determiner_noun_agreement	Write a natural, coherent English sentence.
262	18	Those men leave that brown oasis.	Those men leave those brown oasis.	-83.0	-83.0	-10.375	-10.375	False	False	morphology	determiner_noun_agreement	Write a natural, coherent English sentence.
263	18	Lissa does pass these black oases.	Lissa does pass this black oases.	-93.5	-93.5	-10.375	-10.375	False	False	morphology	determiner_noun_agreement	Write a natural, coherent English sentence.
264	18	Alice had embarrassed this happy man.	Alice had embarrassed these happy man.	-72.5	-72.5	-10.375	-10.375	False	False	morphology	determiner_noun_agreement	Write a natural, coherent English sentence.
265	18	Wayne is worrying that hopeful child.	Wayne is worrying those hopeful child.	-83.0	-83.0	-10.375	-10.375	False	False	morphology	determiner_noun_agreement	Write a natural, coherent English sentence.
266	18	Lucille is biking to that green oasis.	Lucille is biking to those green oasis.	-114.0	-114.0	-10.375	-10.375	False	False	morphology	determiner_noun_agreement	Write a natural, coherent English sentence.
267	18	Katherine hadn't skated around this white oasis.	Katherine hadn't skated around these white oasis.	-135.0	-135.0	-10.375	-10.375	False	False	morphology	determiner_noun_agreement	Write a natural, coherent English sentence.
268	18	James observed this hopeful child.	James observed these hopeful child.	-72.5	-72.5	-10.375	-10.3125	False	False	morphology	determiner_noun_agreement	Write a natural, coherent English sentence.
269	18	Gerald liked this big child.	Gerald liked these big child.	-72.5	-72.5	-10.375	-10.375	False	False	morphology	determiner_noun_agreement	Write a natural, coherent English sentence.
270	18	That committee wasn't hiring this displeased alumnus.	That committee wasn't hiring these displeased alumnus.	-145.0	-145.0	-10.3125	-10.3125	False	False	morphology	determiner_noun_agreement	Write a natural, coherent English sentence.
271	18	Gary isn't breaking that white tooth.	Gary isn't breaking those white tooth.	-93.0	-93.5	-10.375	-10.375	True	False	morphology	determiner_noun_agreement	Write a natural, coherent English sentence.
272	18	Walter hasn't seen those content children.	Walter hasn't seen that content children.	-93.5	-93.0	-10.375	-10.375	False	False	morphology	determiner_noun_agreement	Write a natural, coherent English sentence.
273	18	Martha didn't clean these hidden teeth.	Martha didn't clean this hidden teeth.	-93.0	-93.0	-10.375	-10.375	False	False	morphology	determiner_noun_agreement	Write a natural, coherent English sentence.
274	18	These teachers are returning to those lost men.	These teachers are returning to that lost men.	-93.0	-93.0	-10.375	-10.3125	False	False	morphology	determiner_noun_agreement	Write a natural, coherent English sentence.
275	18	Ellen hadn't boycotted that hidden oasis.	Ellen hadn't boycotted those hidden oasis.	-124.5	-124.5	-10.375	-10.375	False	False	morphology	determiner_noun_agreement	Write a natural, coherent English sentence.
276	18	Some patients drive to these brown oases.	Some patients drive to this brown oases.	-93.0	-93.0	-10.375	-10.3125	False	False	morphology	determiner_noun_agreement	Write a natural, coherent English sentence.
277	18	Nina wasn't referencing this ill person.	Nina wasn't referencing these ill person.	-103.5	-103.5	-10.375	-10.375	False	False	morphology	determiner_noun_agreement	Write a natural, coherent English sentence.
278	18	Denise praises these fast children.	Denise praises this fast children.	-83.0	-83.0	-10.375	-10.375	False	False	morphology	determiner_noun_agreement	Write a natural, coherent English sentence.
279	18	Most customers attack that clever man.	Most customers attack those clever man.	-72.5	-72.5	-10.375	-10.375	False	False	morphology	determiner_noun_agreement	Write a natural, coherent English sentence.
280	18	Every photograph looks like those exposed people.	Every photograph looks like that exposed people.	-83.0	-83.0	-10.375	-10.375	False	False	morphology	determiner_noun_agreement	Write a natural, coherent English sentence.
281	18	Cindy shouldn't cure that confident alumnus.	Cindy shouldn't cure those confident alumnus.	-134.0	-135.0	-10.375	-10.375	True	False	morphology	determiner_noun_agreement	Write a natural, coherent English sentence.
282	18	The Borgias reveal these blue feet.	The Borgias reveal this blue feet.	-93.5	-93.5	-10.375	-10.375	False	False	morphology	determiner_noun_agreement	Write a natural, coherent English sentence.
283	18	Ella lifts these exposed fungi.	Ella lifts this exposed fungi.	-93.0	-93.5	-10.375	-10.375	True	False	morphology	determiner_noun_agreement	Write a natural, coherent English sentence.
284	18	The Lutherans astound that unsure person.	The Lutherans astound those unsure person.	-103.5	-103.5	-10.375	-10.375	False	False	morphology	determiner_noun_agreement	Write a natural, coherent English sentence.
285	18	These cakes bore that determined woman.	These cakes bore those determined woman.	-83.0	-83.0	-10.375	-10.375	False	False	morphology	determiner_noun_agreement	Write a natural, coherent English sentence.
286	18	Nina lifts this orange cactus.	Nina lifts these orange cactus.	-93.0	-93.0	-10.375	-10.375	False	False	morphology	determiner_noun_agreement	Write a natural, coherent English sentence.
287	18	The actors kiss these unconvinced children.	The actors kiss this unconvinced children.	-103.5	-103.5	-10.375	-10.375	False	False	morphology	determiner_noun_agreement	Write a natural, coherent English sentence.
288	18	Sharon dislikes that brown thesis.	Sharon dislikes those brown thesis.	-93.5	-93.5	-10.375	-10.375	False	False	morphology	determiner_noun_agreement	Write a natural, coherent English sentence.
289	18	The customers sell these rough fungi.	The customers sell this rough fungi.	-83.0	-83.0	-10.375	-10.375	False	False	morphology	determiner_noun_agreement	Write a natural, coherent English sentence.
290	18	Janice didn't cure those employed men.	Janice didn't cure that employed men.	-103.5	-103.5	-10.375	-10.375	False	False	morphology	determiner_noun_agreement	Write a natural, coherent English sentence.
291	18	Paula left this uncertain person.	Paula left these uncertain person.	-72.5	-72.5	-10.375	-10.375	False	False	morphology	determiner_noun_agreement	Write a natural, coherent English sentence.
292	18	Those guys had escaped from those employed children.	Those guys had escaped from that employed children.	-93.0	-93.0	-10.375	-10.375	False	False	morphology	determiner_noun_agreement	Write a natural, coherent English sentence.
293	18	Christine wasn't touring that old oasis.	Christine wasn't touring those old oasis.	-124.0	-124.0	-10.375	-10.3125	False	False	morphology	determiner_noun_agreement	Write a natural, coherent English sentence.
294	18	These waitresses praise this rough thesis.	These waitresses praise these rough thesis.	-93.0	-93.0	-10.3125	-10.375	False	True	morphology	determiner_noun_agreement	Write a natural, coherent English sentence.
295	18	Some girls hadn't passed this concealed oasis.	Some girls hadn't passed these concealed oasis.	-124.5	-124.5	-10.375	-10.375	False	False	morphology	determiner_noun_agreement	Write a natural, coherent English sentence.
296	18	Andrea lifts these small cacti.	Andrea lifts this small cacti.	-93.0	-93.0	-10.375	-10.375	False	False	morphology	determiner_noun_agreement	Write a natural, coherent English sentence.
297	18	Kristen is scanning those bad synopses.	Kristen is scanning that bad synopses.	-114.0	-114.0	-10.375	-10.375	False	False	morphology	determiner_noun_agreement	Write a natural, coherent English sentence.
298	18	Alan is skated around these cheap oases.	Alan is skated around this cheap oases.	-103.5	-103.5	-10.375	-10.375	False	False	morphology	determiner_noun_agreement	Write a natural, coherent English sentence.
299	18	Kayla has investigated these busy people.	Kayla has investigated this busy people.	-83.0	-83.0	-10.375	-10.375	False	False	morphology	determiner_noun_agreement	Write a natural, coherent English sentence.
300	18	Timothy observes that good woman.	Timothy observes those good woman.	-83.0	-83.0	-10.375	-10.375	False	False	morphology	determiner_noun_agreement	Write a natural, coherent English sentence.
301	18	Every museum hadn't discussed those hidden theses.	Every museum hadn't discussed that hidden theses.	-114.0	-114.0	-10.375	-10.375	False	False	morphology	determiner_noun_agreement	Write a natural, coherent English sentence.
302	18	Some cashiers help this troubled person.	Some cashiers help these troubled person.	-93.0	-92.5	-10.3125	-10.3125	False	False	morphology	determiner_noun_agreement	Write a natural, coherent English sentence.
303	18	Amanda was attacking that displeased woman.	Amanda was attacking those displeased woman.	-93.5	-93.5	-10.375	-10.375	False	False	morphology	determiner_noun_agreement	Write a natural, coherent English sentence.
304	18	This window upsets these lost people.	This window upsets this lost people.	-83.0	-83.0	-10.375	-10.375	False	False	morphology	determiner_noun_agreement	Write a natural, coherent English sentence.
305	18	Cindy wasn't bringing those gray cacti.	Cindy wasn't bringing that gray cacti.	-135.0	-135.0	-10.375	-10.375	False	False	morphology	determiner_noun_agreement	Write a natural, coherent English sentence.
306	18	Peter complained about these good synopses.	Peter complained about this good synopses.	-93.0	-93.0	-10.375	-10.3125	False	False	morphology	determiner_noun_agreement	Write a natural, coherent English sentence.
307	18	Danielle was touring those new oases.	Danielle was touring that new oases.	-103.5	-103.5	-10.3125	-10.375	False	True	morphology	determiner_noun_agreement	Write a natural, coherent English sentence.
308	18	Elaine discusses that standing person.	Elaine discusses those standing person.	-83.0	-83.0	-10.375	-10.375	False	False	morphology	determiner_noun_agreement	Write a natural, coherent English sentence.
309	18	Jacqueline had healed those rough geese.	Jacqueline had healed that rough geese.	-114.0	-114.0	-10.375	-10.375	False	False	morphology	determiner_noun_agreement	Write a natural, coherent English sentence.
310	18	All rivers were distracting those standing men.	All rivers were distracting that standing men.	-93.0	-93.0	-10.375	-10.375	False	False	morphology	determiner_noun_agreement	Write a natural, coherent English sentence.
311	18	Some people exit those yellow oases.	Some people exit that yellow oases.	-82.5	-83.0	-10.3125	-10.375	True	True	morphology	determiner_noun_agreement	Write a natural, coherent English sentence.
312	18	Becca isn't exploring these hard oases.	Becca isn't exploring this hard oases.	-114.0	-114.0	-10.3125	-10.375	False	True	morphology	determiner_noun_agreement	Write a natural, coherent English sentence.
313	18	Timothy revealed that big foot.	Timothy revealed those big foot.	-72.5	-72.5	-10.3125	-10.375	False	True	morphology	determiner_noun_agreement	Write a natural, coherent English sentence.
314	18	Adam fires these determined men.	Adam fires this determined men.	-62.5	-62.5	-10.375	-10.375	False	False	morphology	determiner_noun_agreement	Write a natural, coherent English sentence.
315	18	The teenagers clean this purple foot.	The teenagers clean these purple foot.	-82.5	-82.5	-10.3125	-10.3125	False	False	morphology	determiner_noun_agreement	Write a natural, coherent English sentence.
316	18	The Great Lakes could annoy that troubled man.	The Great Lakes could annoy those troubled man.	-113.5	-113.5	-10.3125	-10.3125	False	False	morphology	determiner_noun_agreement	Write a natural, coherent English sentence.
317	18	Karen discusses those bad men.	Karen discusses that bad men.	-72.5	-72.5	-10.375	-10.375	False	False	morphology	determiner_noun_agreement	Write a natural, coherent English sentence.
318	18	Phillip didn't find those ill alumni.	Phillip didn't find that ill alumni.	-124.0	-124.0	-10.375	-10.3125	False	False	morphology	determiner_noun_agreement	Write a natural, coherent English sentence.
319	18	A lot of men reference these good analyses.	A lot of men reference this good analyses.	-103.5	-103.5	-10.3125	-10.3125	False	False	morphology	determiner_noun_agreement	Write a natural, coherent English sentence.
320	18	Larry had insulted these lucky children.	Larry had insulted this lucky children.	-83.0	-83.0	-10.375	-10.375	False	False	morphology	determiner_noun_agreement	Write a natural, coherent English sentence.
321	18	Debra is firing that determined child.	Debra is firing those determined child.	-83.0	-83.0	-10.375	-10.375	False	False	morphology	determiner_noun_agreement	Write a natural, coherent English sentence.
322	18	Noah was watching that fast woman.	Noah was watching those fast woman.	-72.5	-72.5	-10.375	-10.375	False	False	morphology	determiner_noun_agreement	Write a natural, coherent English sentence.
323	18	Gina works with that displeased person.	Gina works with those displeased person.	-103.5	-104.0	-10.375	-10.375	True	False	morphology	determiner_noun_agreement	Write a natural, coherent English sentence.
324	18	Most doctors would bring these big nuclei.	Most doctors would bring this big nuclei.	-93.0	-93.0	-10.375	-10.375	False	False	morphology	determiner_noun_agreement	Write a natural, coherent English sentence.
325	18	All drawings alarm that unconvinced child.	All drawings alarm those unconvinced child.	-103.5	-103.5	-10.375	-10.375	False	False	morphology	determiner_noun_agreement	Write a natural, coherent English sentence.
326	18	Some libraries hate that busy man.	Some libraries hate those busy man.	-72.5	-72.5	-10.375	-10.375	False	False	morphology	determiner_noun_agreement	Write a natural, coherent English sentence.
327	18	Derek disgusted that unemployed child.	Derek disgusted those unemployed child.	-93.0	-93.0	-10.3125	-10.3125	False	False	morphology	determiner_noun_agreement	Write a natural, coherent English sentence.
328	18	Marla hadn't fired these good men.	Marla hadn't fired this good men.	-104.0	-104.0	-10.375	-10.375	False	False	morphology	determiner_noun_agreement	Write a natural, coherent English sentence.
329	18	Carmen examined that red thesis.	Carmen examined those red thesis.	-73.0	-73.0	-10.375	-10.375	False	False	morphology	determiner_noun_agreement	Write a natural, coherent English sentence.
330	18	Amelia investigates this smart woman.	Amelia investigates these smart woman.	-83.0	-83.0	-10.375	-10.375	False	False	morphology	determiner_noun_agreement	Write a natural, coherent English sentence.
331	18	The Borgias hire that displeased alumnus.	The Borgias hire those displeased alumnus.	-135.0	-135.0	-10.375	-10.375	False	False	morphology	determiner_noun_agreement	Write a natural, coherent English sentence.
332	18	Stacey would arrive at these orange oases.	Stacey would arrive at this orange oases.	-114.0	-113.5	-10.375	-10.3125	False	False	morphology	determiner_noun_agreement	Write a natural, coherent English sentence.
333	18	Anna works with this lucky man.	Anna works with these lucky man.	-72.5	-72.5	-10.375	-10.375	False	False	morphology	determiner_noun_agreement	Write a natural, coherent English sentence.
334	18	Walter has scanned this rough thesis.	Walter has scanned these rough thesis.	-83.0	-83.0	-10.375	-10.375	False	False	morphology	determiner_noun_agreement	Write a natural, coherent English sentence.
335	18	Some mushroom bothered that lucky woman.	Some mushroom bothered those lucky woman.	-83.0	-83.0	-10.375	-10.375	False	False	morphology	determiner_noun_agreement	Write a natural, coherent English sentence.
336	18	Cynthia walked through this hard oasis.	Cynthia walked through these hard oasis.	-114.0	-113.5	-10.3125	-10.3125	False	False	morphology	determiner_noun_agreement	Write a natural, coherent English sentence.
337	18	Liam has healed these black oxen.	Liam has healed this black oxen.	-103.5	-103.5	-10.375	-10.375	False	False	morphology	determiner_noun_agreement	Write a natural, coherent English sentence.
338	18	Andrew did notice these white axes.	Andrew did notice this white axes.	-83.0	-83.0	-10.375	-10.375	False	False	morphology	determiner_noun_agreement	Write a natural, coherent English sentence.
339	18	Bethany kisses these serious alumni.	Bethany kisses this serious alumni.	-103.5	-103.5	-10.375	-10.375	False	False	morphology	determiner_noun_agreement	Write a natural, coherent English sentence.
340	18	Vanessa watches this nice person.	Vanessa watches these nice person.	-72.5	-72.5	-10.375	-10.375	False	False	morphology	determiner_noun_agreement	Write a natural, coherent English sentence.
341	18	Every window astounded that big man.	Every window astounded those big man.	-93.0	-93.0	-10.3125	-10.375	False	True	morphology	determiner_noun_agreement	Write a natural, coherent English sentence.
342	18	Donna leaves that upset man.	Donna leaves those upset man.	-72.5	-72.5	-10.375	-10.375	False	False	morphology	determiner_noun_agreement	Write a natural, coherent English sentence.
343	18	Many students drop by that orange oasis.	Many students drop by those orange oasis.	-93.0	-93.0	-10.3125	-10.3125	False	False	morphology	determiner_noun_agreement	Write a natural, coherent English sentence.
344	18	The sketches looked like this unsure man.	The sketches looked like these unsure man.	-113.5	-113.5	-10.3125	-10.3125	False	False	morphology	determiner_noun_agreement	Write a natural, coherent English sentence.
345	18	Helen fixes that broken tooth.	Helen fixes those broken tooth.	-72.5	-72.5	-10.3125	-10.375	False	True	morphology	determiner_noun_agreement	Write a natural, coherent English sentence.
346	18	Robert wasn't annoying that old person.	Robert wasn't annoying those old person.	-93.5	-93.0	-10.375	-10.375	False	False	morphology	determiner_noun_agreement	Write a natural, coherent English sentence.
347	18	Amy isn't talking to that young woman.	Amy isn't talking to those young woman.	-103.5	-103.5	-10.375	-10.375	False	False	morphology	determiner_noun_agreement	Write a natural, coherent English sentence.
348	18	Alan hadn't remembered these long analyses.	Alan hadn't remembered this long analyses.	-103.5	-103.5	-10.375	-10.375	False	False	morphology	determiner_noun_agreement	Write a natural, coherent English sentence.
349	18	Stephen is working with these out in the open women.	Stephen is working with this out in the open women.	-114.0	-114.0	-10.375	-10.375	False	False	morphology	determiner_noun_agreement	Write a natural, coherent English sentence.
350	18	This library had discussed these employed men.	This library had discussed this employed men.	-83.0	-83.0	-10.375	-10.375	False	False	morphology	determiner_noun_agreement	Write a natural, coherent English sentence.
351	18	This teenager can't worry those delighted men.	This teenager can't worry that delighted men.	-104.0	-104.0	-10.375	-10.375	False	False	morphology	determiner_noun_agreement	Write a natural, coherent English sentence.
352	18	Wendy revealed that sick octopus.	Wendy revealed those sick octopus.	-93.5	-93.5	-10.375	-10.375	False	False	morphology	determiner_noun_agreement	Write a natural, coherent English sentence.
353	18	The Clintons haven't worked with that young person.	The Clintons haven't worked with those young person.	-135.0	-135.0	-10.375	-10.375	False	False	morphology	determiner_noun_agreement	Write a natural, coherent English sentence.
354	18	Some committee aggravates this unconvinced woman.	Some committee aggravates these unconvinced woman.	-124.0	-124.0	-10.3125	-10.3125	False	False	morphology	determiner_noun_agreement	Write a natural, coherent English sentence.
355	18	Guy bored that troubled man.	Guy bored those troubled man.	-72.5	-72.5	-10.375	-10.375	False	False	morphology	determiner_noun_agreement	Write a natural, coherent English sentence.
356	18	Every actress scanned those bad analyses.	Every actress scanned that bad analyses.	-93.0	-93.0	-10.375	-10.3125	False	False	morphology	determiner_noun_agreement	Write a natural, coherent English sentence.
357	18	A library alarms that determined child.	A library alarms those determined child.	-83.0	-83.0	-10.375	-10.375	False	False	morphology	determiner_noun_agreement	Write a natural, coherent English sentence.
358	18	Sheila can't notice this clever man.	Sheila can't notice these clever man.	-103.5	-103.5	-10.375	-10.375	False	False	morphology	determiner_noun_agreement	Write a natural, coherent English sentence.
359	18	James forgets this fast alumnus.	James forgets these fast alumnus.	-93.0	-93.0	-10.3125	-10.3125	False	False	morphology	determiner_noun_agreement	Write a natural, coherent English sentence.
360	18	Noah hasn't thought about these smooth lice.	Noah hasn't thought about this smooth lice.	-114.0	-114.0	-10.375	-10.375	False	False	morphology	determiner_noun_agreement	Write a natural, coherent English sentence.
361	18	Aaron sees these gray oases.	Aaron sees this gray oases.	-72.5	-72.5	-10.375	-10.375	False	False	morphology	determiner_noun_agreement	Write a natural, coherent English sentence.
362	18	Sherry has taken this standing goose.	Sherry has taken these standing goose.	-93.5	-93.0	-10.375	-10.375	False	False	morphology	determiner_noun_agreement	Write a natural, coherent English sentence.
363	18	Marie hasn't found those ill geese.	Marie hasn't found that ill geese.	-103.5	-103.5	-10.375	-10.375	False	False	morphology	determiner_noun_agreement	Write a natural, coherent English sentence.
364	18	Peter isn't arriving at that red oasis.	Peter isn't arriving at those red oasis.	-113.5	-113.5	-10.3125	-10.3125	False	False	morphology	determiner_noun_agreement	Write a natural, coherent English sentence.
365	18	Jill isn't boycotting those orange oases.	Jill isn't boycotting that orange oases.	-145.0	-145.0	-10.375	-10.375	False	False	morphology	determiner_noun_agreement	Write a natural, coherent English sentence.
366	18	Julia messes up that orange foot.	Julia messes up those orange foot.	-82.5	-83.0	-10.3125	-10.375	True	True	morphology	determiner_noun_agreement	Write a natural, coherent English sentence.
367	18	That hill didn't disturb that content woman.	That hill didn't disturb those content woman.	-103.5	-103.5	-10.375	-10.375	False	False	morphology	determiner_noun_agreement	Write a natural, coherent English sentence.
368	18	Suzanne has concealed that concealed man.	Suzanne has concealed those concealed man.	-103.0	-103.5	-10.3125	-10.3125	True	False	morphology	determiner_noun_agreement	Write a natural, coherent English sentence.
369	18	Alicia sells that orange octopus.	Alicia sells those orange octopus.	-113.5	-113.5	-10.3125	-10.3125	False	False	morphology	determiner_noun_agreement	Write a natural, coherent English sentence.
370	18	Leslie has discussed that delighted child.	Leslie has discussed those delighted child.	-83.0	-83.0	-10.375	-10.375	False	False	morphology	determiner_noun_agreement	Write a natural, coherent English sentence.
371	18	Andrea could like these white lice.	Andrea could like this white lice.	-83.0	-83.0	-10.375	-10.375	False	False	morphology	determiner_noun_agreement	Write a natural, coherent English sentence.
372	18	Most children break those rough teeth.	Most children break that rough teeth.	-72.5	-72.5	-10.375	-10.375	False	False	morphology	determiner_noun_agreement	Write a natural, coherent English sentence.
373	18	Richard did work with this clever child.	Richard did work with these clever child.	-83.0	-83.0	-10.375	-10.375	False	False	morphology	determiner_noun_agreement	Write a natural, coherent English sentence.
374	18	Anne hugs this unemployed woman.	Anne hugs these unemployed woman.	-82.5	-83.0	-10.3125	-10.375	True	True	morphology	determiner_noun_agreement	Write a natural, coherent English sentence.
375	18	Those actors attack that excited child.	Those actors attack those excited child.	-72.5	-72.5	-10.375	-10.375	False	False	morphology	determiner_noun_agreement	Write a natural, coherent English sentence.
376	18	Bruce was hugging that unconvinced man.	Bruce was hugging those unconvinced man.	-114.0	-114.0	-10.375	-10.3125	False	False	morphology	determiner_noun_agreement	Write a natural, coherent English sentence.
377	18	Patrick hasn't hidden this orange oasis.	Patrick hasn't hidden these orange oasis.	-103.5	-103.5	-10.375	-10.375	False	False	morphology	determiner_noun_agreement	Write a natural, coherent English sentence.
378	18	Alicia hadn't discussed that uncertain person.	Alicia hadn't discussed those uncertain person.	-114.0	-114.0	-10.375	-10.375	False	False	morphology	determiner_noun_agreement	Write a natural, coherent English sentence.
379	18	Susan wasn't talking to those confident men.	Susan wasn't talking to that confident men.	-103.5	-103.5	-10.375	-10.375	False	False	morphology	determiner_noun_agreement	Write a natural, coherent English sentence.
380	18	Cheryl will scan that good synopsis.	Cheryl will scan those good synopsis.	-93.0	-93.0	-10.375	-10.375	False	False	morphology	determiner_noun_agreement	Write a natural, coherent English sentence.
381	18	Tamara kissed that unsure man.	Tamara kissed those unsure man.	-83.0	-83.0	-10.375	-10.375	False	False	morphology	determiner_noun_agreement	Write a natural, coherent English sentence.
382	18	Craig boasts about those bad analyses.	Craig boasts about that bad analyses.	-93.0	-93.0	-10.375	-10.3125	False	False	morphology	determiner_noun_agreement	Write a natural, coherent English sentence.
383	18	Randolf hadn't hugged those serious people.	Randolf hadn't hugged that serious people.	-114.0	-114.0	-10.375	-10.375	False	False	morphology	determiner_noun_agreement	Write a natural, coherent English sentence.
384	18	Many doctors cure these exposed men.	Many doctors cure this exposed men.	-72.5	-72.5	-10.375	-10.3125	False	False	morphology	determiner_noun_agreement	Write a natural, coherent English sentence.
385	18	Women criticized those smooth theses.	Women criticized that smooth theses.	-83.0	-83.0	-10.375	-10.375	False	False	morphology	determiner_noun_agreement	Write a natural, coherent English sentence.
386	18	Some light disturbs that old person.	Some light disturbs those old person.	-93.0	-93.0	-10.375	-10.375	False	False	morphology	determiner_noun_agreement	Write a natural, coherent English sentence.
387	18	Carol was questioning this big man.	Carol was questioning these big man.	-72.5	-72.5	-10.375	-10.375	False	False	morphology	determiner_noun_agreement	Write a natural, coherent English sentence.
388	18	Sara has gone to that old oasis.	Sara has gone to those old oasis.	-93.0	-93.0	-10.3125	-10.3125	False	False	morphology	determiner_noun_agreement	Write a natural, coherent English sentence.
389	18	Steven brought these red oases.	Steven brought this red oases.	-72.5	-72.5	-10.375	-10.375	False	False	morphology	determiner_noun_agreement	Write a natural, coherent English sentence.
390	18	Diana will disgust these ill children.	Diana will disgust this ill children.	-72.5	-72.5	-10.375	-10.375	False	False	morphology	determiner_noun_agreement	Write a natural, coherent English sentence.
391	18	Steven disturbs these sick alumni.	Steven disturbs this sick alumni.	-103.5	-103.5	-10.375	-10.375	False	False	morphology	determiner_noun_agreement	Write a natural, coherent English sentence.
392	18	Angela wasn't lifting these blue feet.	Angela wasn't lifting this blue feet.	-93.0	-93.0	-10.375	-10.375	False	False	morphology	determiner_noun_agreement	Write a natural, coherent English sentence.
393	18	Sharon hasn't stunned that unsure child.	Sharon hasn't stunned those unsure child.	-124.5	-124.5	-10.375	-10.375	False	False	morphology	determiner_noun_agreement	Write a natural, coherent English sentence.
394	18	These girls question that concealed man.	These girls question those concealed man.	-83.0	-83.0	-10.375	-10.375	False	False	morphology	determiner_noun_agreement	Write a natural, coherent English sentence.
395	18	Martha wasn't kissing this unemployed man.	Martha wasn't kissing these unemployed man.	-113.5	-113.5	-10.3125	-10.3125	False	False	morphology	determiner_noun_agreement	Write a natural, coherent English sentence.
396	18	Kendra isn't working with this excited child.	Kendra isn't working with these excited child.	-124.0	-124.5	-10.375	-10.375	True	False	morphology	determiner_noun_agreement	Write a natural, coherent English sentence.
397	18	All actresses praise this hard thesis.	All actresses praise these hard thesis.	-82.5	-82.5	-10.3125	-10.3125	False	False	morphology	determiner_noun_agreement	Write a natural, coherent English sentence.
398	18	David cleans that hard tooth.	David cleans those hard tooth.	-72.5	-72.5	-10.375	-10.375	False	False	morphology	determiner_noun_agreement	Write a natural, coherent English sentence.
399	18	Julia sounded like this uncertain person.	Julia sounded like these uncertain person.	-72.5	-72.5	-10.375	-10.375	False	False	morphology	determiner_noun_agreement	Write a natural, coherent English sentence.
400	18	Those actors attacked that happy alumnus.	Those actors attacked those happy alumnus.	-93.0	-93.0	-10.375	-10.375	False	False	morphology	determiner_noun_agreement	Write a natural, coherent English sentence.
401	18	Eva hadn't admired these black fungi.	Eva hadn't admired this black fungi.	-114.0	-114.0	-10.375	-10.375	False	False	morphology	determiner_noun_agreement	Write a natural, coherent English sentence.
402	18	Many chairs aren't disgusting this unlucky child.	Many chairs aren't disgusting these unlucky child.	-134.0	-134.0	-10.3125	-10.3125	False	False	morphology	determiner_noun_agreement	Write a natural, coherent English sentence.
403	18	Those waiters break these rough teeth.	Those waiters break this rough teeth.	-83.0	-82.5	-10.375	-10.3125	False	False	morphology	determiner_noun_agreement	Write a natural, coherent English sentence.
404	18	Becca leaves this uncertain child.	Becca leaves these uncertain child.	-72.5	-72.5	-10.3125	-10.3125	False	False	morphology	determiner_noun_agreement	Write a natural, coherent English sentence.
405	18	Some steak disturbs these displeased children.	Some steak disturbs this displeased children.	-124.5	-124.5	-10.375	-10.375	False	False	morphology	determiner_noun_agreement	Write a natural, coherent English sentence.
406	18	Christine wouldn't conceal this lost stimulus.	Christine wouldn't conceal these lost stimulus.	-124.0	-124.0	-10.375	-10.375	False	False	morphology	determiner_noun_agreement	Write a natural, coherent English sentence.
407	18	Every face irritates those unemployed alumni.	Every face irritates that unemployed alumni.	-113.5	-113.5	-10.3125	-10.3125	False	False	morphology	determiner_noun_agreement	Write a natural, coherent English sentence.
408	18	Susan noticed that unlucky person.	Susan noticed those unlucky person.	-82.5	-82.5	-10.3125	-10.3125	False	False	morphology	determiner_noun_agreement	Write a natural, coherent English sentence.
409	18	Some women drop by those concealed oases.	Some women drop by that concealed oases.	-103.5	-103.5	-10.375	-10.375	False	False	morphology	determiner_noun_agreement	Write a natural, coherent English sentence.
410	18	The Clintons disagree with these serious men.	The Clintons disagree with this serious men.	-103.5	-103.5	-10.375	-10.375	False	False	morphology	determiner_noun_agreement	Write a natural, coherent English sentence.
411	18	Phillip discovers these busy women.	Phillip discovers this busy women.	-83.0	-83.0	-10.375	-10.375	False	False	morphology	determiner_noun_agreement	Write a natural, coherent English sentence.
412	18	Waiters investigate that hopeful woman.	Waiters investigate those hopeful woman.	-83.0	-82.5	-10.375	-10.3125	False	False	morphology	determiner_noun_agreement	Write a natural, coherent English sentence.
413	18	Regina hasn't found these white nuclei.	Regina hasn't found this white nuclei.	-124.5	-124.5	-10.375	-10.375	False	False	morphology	determiner_noun_agreement	Write a natural, coherent English sentence.
414	18	Irene scanned those purple theses.	Irene scanned that purple theses.	-93.5	-93.5	-10.375	-10.375	False	False	morphology	determiner_noun_agreement	Write a natural, coherent English sentence.
415	18	A bank references those popular people.	A bank references that popular people.	-72.5	-72.5	-10.375	-10.375	False	False	morphology	determiner_noun_agreement	Write a natural, coherent English sentence.
416	18	Vincent tours this old oasis.	Vincent tours these old oasis.	-72.5	-72.5	-10.375	-10.3125	False	False	morphology	determiner_noun_agreement	Write a natural, coherent English sentence.
417	18	Alicia kisses that standing woman.	Alicia kisses those standing woman.	-93.0	-93.0	-10.375	-10.375	False	False	morphology	determiner_noun_agreement	Write a natural, coherent English sentence.
418	18	Some candles aren't boring those displeased men.	Some candles aren't boring that displeased men.	-135.0	-135.0	-10.375	-10.375	False	False	morphology	determiner_noun_agreement	Write a natural, coherent English sentence.
419	18	That teenager does care for this old alumnus.	That teenager does care for these old alumnus.	-113.5	-113.5	-10.3125	-10.3125	False	False	morphology	determiner_noun_agreement	Write a natural, coherent English sentence.
420	18	A lot of drawings weren't alarming that displeased man.	A lot of drawings weren't alarming those displeased man.	-155.0	-155.0	-10.375	-10.3125	False	False	morphology	determiner_noun_agreement	Write a natural, coherent English sentence.
421	18	That face astounded that important woman.	That face astounded those important woman.	-93.0	-93.0	-10.375	-10.375	False	False	morphology	determiner_noun_agreement	Write a natural, coherent English sentence.
422	18	Tiffany had approached these unemployed people.	Tiffany had approached this unemployed people.	-103.5	-103.5	-10.375	-10.3125	False	False	morphology	determiner_noun_agreement	Write a natural, coherent English sentence.
423	18	Christina is passing these rough oases.	Christina is passing this rough oases.	-93.0	-93.0	-10.375	-10.375	False	False	morphology	determiner_noun_agreement	Write a natural, coherent English sentence.
424	18	Debra was praising those busy people.	Debra was praising that busy people.	-93.0	-93.5	-10.375	-10.375	True	False	morphology	determiner_noun_agreement	Write a natural, coherent English sentence.
425	18	The doctors didn't care for these scared children.	The doctors didn't care for this scared children.	-113.5	-113.5	-10.3125	-10.3125	False	False	morphology	determiner_noun_agreement	Write a natural, coherent English sentence.
426	18	Those ladders stun these small people.	Those ladders stun this small people.	-104.0	-104.0	-10.375	-10.375	False	False	morphology	determiner_noun_agreement	Write a natural, coherent English sentence.
427	18	Samuel isn't distracting these clever women.	Samuel isn't distracting this clever women.	-103.5	-103.5	-10.375	-10.375	False	False	morphology	determiner_noun_agreement	Write a natural, coherent English sentence.
428	18	Lucille dropped by those new oases.	Lucille dropped by that new oases.	-93.0	-93.0	-10.375	-10.375	False	False	morphology	determiner_noun_agreement	Write a natural, coherent English sentence.
429	18	A legislature should aggravate that busy child.	A legislature should aggravate those busy child.	-113.5	-113.5	-10.3125	-10.3125	False	False	morphology	determiner_noun_agreement	Write a natural, coherent English sentence.
430	18	Larry observed that lucky child.	Larry observed those lucky child.	-62.25	-62.25	-10.375	-10.375	False	False	morphology	determiner_noun_agreement	Write a natural, coherent English sentence.
431	18	Lawrence wasn't approaching those troubled children.	Lawrence wasn't approaching that troubled children.	-103.5	-103.5	-10.375	-10.375	False	False	morphology	determiner_noun_agreement	Write a natural, coherent English sentence.
432	18	Most libraries describe those delighted men.	Most libraries describe that delighted men.	-72.5	-72.5	-10.375	-10.375	False	False	morphology	determiner_noun_agreement	Write a natural, coherent English sentence.
433	18	The Impressionists alarms that sick child.	The Impressionists alarms those sick child.	-103.5	-103.5	-10.375	-10.375	False	False	morphology	determiner_noun_agreement	Write a natural, coherent English sentence.
434	18	A lot of children have this exposed axis.	A lot of children have these exposed axis.	-93.0	-93.0	-10.3125	-10.3125	False	False	morphology	determiner_noun_agreement	Write a natural, coherent English sentence.
435	18	Melissa couldn't reveal that small man.	Melissa couldn't reveal those small man.	-103.5	-103.5	-10.375	-10.375	False	False	morphology	determiner_noun_agreement	Write a natural, coherent English sentence.
436	18	These carriages won't impress those bad men.	These carriages won't impress that bad men.	-114.0	-114.0	-10.375	-10.375	False	False	morphology	determiner_noun_agreement	Write a natural, coherent English sentence.
437	18	Many girls drop by that red oasis.	Many girls drop by those red oasis.	-93.0	-93.0	-10.3125	-10.375	False	True	morphology	determiner_noun_agreement	Write a natural, coherent English sentence.
438	18	The Impressionists fled from this small woman.	The Impressionists fled from these small woman.	-103.5	-103.5	-10.3125	-10.3125	False	False	morphology	determiner_noun_agreement	Write a natural, coherent English sentence.
439	18	Ann arrived at that blue oasis.	Ann arrived at those blue oasis.	-83.0	-83.0	-10.375	-10.375	False	False	morphology	determiner_noun_agreement	Write a natural, coherent English sentence.
440	18	The sock isn't disturbing those lucky children.	The sock isn't disturbing that lucky children.	-114.0	-114.0	-10.375	-10.375	False	False	morphology	determiner_noun_agreement	Write a natural, coherent English sentence.
441	18	Those socks were shocking those unlucky men.	Those socks were shocking that unlucky men.	-113.5	-113.5	-10.3125	-10.3125	False	False	morphology	determiner_noun_agreement	Write a natural, coherent English sentence.
442	18	Christine wasn't walking through those cheap oases.	Christine wasn't walking through that cheap oases.	-124.0	-124.0	-10.375	-10.3125	False	False	morphology	determiner_noun_agreement	Write a natural, coherent English sentence.
443	18	Mary appreciates those content women.	Mary appreciates that content women.	-73.0	-72.5	-10.375	-10.375	False	False	morphology	determiner_noun_agreement	Write a natural, coherent English sentence.
444	18	That lady didn't question this ill person.	That lady didn't question these ill person.	-103.5	-103.5	-10.375	-10.375	False	False	morphology	determiner_noun_agreement	Write a natural, coherent English sentence.
445	18	Most birds annoy this young woman.	Most birds annoy these young woman.	-72.5	-72.5	-10.375	-10.375	False	False	morphology	determiner_noun_agreement	Write a natural, coherent English sentence.
446	18	Amelia is kissing these content men.	Amelia is kissing this content men.	-93.0	-93.0	-10.375	-10.375	False	False	morphology	determiner_noun_agreement	Write a natural, coherent English sentence.
447	18	Judy isn't taking those standing oxen.	Judy isn't taking that standing oxen.	-114.0	-114.0	-10.375	-10.375	False	False	morphology	determiner_noun_agreement	Write a natural, coherent English sentence.
448	18	Irene is discussing those clever alumni.	Irene is discussing that clever alumni.	-103.5	-103.5	-10.375	-10.375	False	False	morphology	determiner_noun_agreement	Write a natural, coherent English sentence.
449	18	Danielle could describe these long analyses.	Danielle could describe this long analyses.	-93.0	-93.0	-10.375	-10.375	False	False	morphology	determiner_noun_agreement	Write a natural, coherent English sentence.
450	18	Eva hasn't praised that lucky woman.	Eva hasn't praised those lucky woman.	-93.0	-93.0	-10.375	-10.375	False	False	morphology	determiner_noun_agreement	Write a natural, coherent English sentence.
451	18	Grace might observe that unlucky woman.	Grace might observe those unlucky woman.	-93.0	-93.0	-10.3125	-10.375	False	True	morphology	determiner_noun_agreement	Write a natural, coherent English sentence.
452	18	The Clintons bothered these clever people.	The Clintons bothered this clever people.	-93.0	-93.0	-10.375	-10.375	False	False	morphology	determiner_noun_agreement	Write a natural, coherent English sentence.
453	18	April hadn't embarrassed those employed alumni.	April hadn't embarrassed that employed alumni.	-114.0	-114.0	-10.375	-10.375	False	False	morphology	determiner_noun_agreement	Write a natural, coherent English sentence.
454	18	Marie shouldn't forget that happy man.	Marie shouldn't forget those happy man.	-93.0	-93.0	-10.3125	-10.3125	False	False	morphology	determiner_noun_agreement	Write a natural, coherent English sentence.
455	18	Renee isn't breaking that cheap foot.	Renee isn't breaking those cheap foot.	-114.0	-114.0	-10.375	-10.375	False	False	morphology	determiner_noun_agreement	Write a natural, coherent English sentence.
456	18	Monica shouldn't sell those new oases.	Monica shouldn't sell that new oases.	-113.5	-113.5	-10.3125	-10.3125	False	False	morphology	determiner_noun_agreement	Write a natural, coherent English sentence.
457	18	Every dancer has returned to that troubled man.	Every dancer has returned to those troubled man.	-114.0	-114.0	-10.3125	-10.3125	False	False	morphology	determiner_noun_agreement	Write a natural, coherent English sentence.
458	18	Those dancers break those green teeth.	Those dancers break that green teeth.	-83.0	-83.0	-10.375	-10.375	False	False	morphology	determiner_noun_agreement	Write a natural, coherent English sentence.
459	18	These teachers talk about these fast women.	These teachers talk about this fast women.	-83.0	-83.0	-10.375	-10.375	False	False	morphology	determiner_noun_agreement	Write a natural, coherent English sentence.
460	18	Spain hasn't praised that happy man.	Spain hasn't praised those happy man.	-93.0	-93.5	-10.375	-10.375	True	False	morphology	determiner_noun_agreement	Write a natural, coherent English sentence.
461	18	Monica does kiss those good people.	Monica does kiss that good people.	-83.0	-83.0	-10.375	-10.375	False	False	morphology	determiner_noun_agreement	Write a natural, coherent English sentence.
462	18	Benjamin can boast about those busy men.	Benjamin can boast about that busy men.	-93.5	-93.5	-10.375	-10.375	False	False	morphology	determiner_noun_agreement	Write a natural, coherent English sentence.
463	18	Donald conceals this lost nucleus.	Donald conceals these lost nucleus.	-83.0	-83.0	-10.375	-10.375	False	False	morphology	determiner_noun_agreement	Write a natural, coherent English sentence.
464	18	Gregory was embarrassing this big woman.	Gregory was embarrassing these big woman.	-83.0	-83.0	-10.375	-10.375	False	False	morphology	determiner_noun_agreement	Write a natural, coherent English sentence.
465	18	The waiter wasn't stunning that hidden child.	The waiter wasn't stunning those hidden child.	-114.0	-114.0	-10.375	-10.375	False	False	morphology	determiner_noun_agreement	Write a natural, coherent English sentence.
466	18	A lot of photographs haven't looked like this red stimulus.	A lot of photographs haven't looked like these red stimulus.	-144.0	-145.0	-10.3125	-10.3125	True	False	morphology	determiner_noun_agreement	Write a natural, coherent English sentence.
467	18	A patient fixed those cheap feet.	A patient fixed that cheap feet.	-72.5	-73.0	-10.375	-10.375	True	False	morphology	determiner_noun_agreement	Write a natural, coherent English sentence.
468	18	Many gates shouldn't astound these unsure alumni.	Many gates shouldn't astound this unsure alumni.	-145.0	-145.0	-10.375	-10.375	False	False	morphology	determiner_noun_agreement	Write a natural, coherent English sentence.
469	18	That picture hasn't looked like these big men.	That picture hasn't looked like this big men.	-114.0	-114.0	-10.375	-10.375	False	False	morphology	determiner_noun_agreement	Write a natural, coherent English sentence.
470	18	These waitresses talk about this hidden thesis.	These waitresses talk about these hidden thesis.	-103.0	-103.0	-10.3125	-10.3125	False	False	morphology	determiner_noun_agreement	Write a natural, coherent English sentence.
471	18	Stacy concealed those gray axes.	Stacy concealed that gray axes.	-93.5	-93.5	-10.375	-10.375	False	False	morphology	determiner_noun_agreement	Write a natural, coherent English sentence.
472	18	Nicole remembers those serious alumni.	Nicole remembers that serious alumni.	-93.0	-93.0	-10.375	-10.375	False	False	morphology	determiner_noun_agreement	Write a natural, coherent English sentence.
473	18	Leslie hadn't gone to that small oasis.	Leslie hadn't gone to those small oasis.	-124.0	-124.0	-10.3125	-10.3125	False	False	morphology	determiner_noun_agreement	Write a natural, coherent English sentence.
474	18	Joel wasn't praising this ill person.	Joel wasn't praising these ill person.	-104.0	-103.5	-10.375	-10.375	False	False	morphology	determiner_noun_agreement	Write a natural, coherent English sentence.
475	18	These drivers embarrasses this young alumnus.	These drivers embarrasses these young alumnus.	-103.0	-103.5	-10.3125	-10.3125	True	False	morphology	determiner_noun_agreement	Write a natural, coherent English sentence.
476	18	Beef bores that delighted woman.	Beef bores those delighted woman.	-83.0	-83.0	-10.375	-10.375	False	False	morphology	determiner_noun_agreement	Write a natural, coherent English sentence.
477	18	Mitchell goes to this gray oasis.	Mitchell goes to these gray oasis.	-83.0	-83.0	-10.375	-10.375	False	False	morphology	determiner_noun_agreement	Write a natural, coherent English sentence.
478	18	The mouth bores these upset men.	The mouth bores this upset men.	-83.0	-83.0	-10.375	-10.375	False	False	morphology	determiner_noun_agreement	Write a natural, coherent English sentence.
479	18	Most legislatures discuss those good people.	Most legislatures discuss that good people.	-83.0	-83.0	-10.375	-10.375	False	False	morphology	determiner_noun_agreement	Write a natural, coherent English sentence.
480	18	The boys mess up those purple feet.	The boys mess up that purple feet.	-83.0	-83.0	-10.375	-10.375	False	False	morphology	determiner_noun_agreement	Write a natural, coherent English sentence.
481	18	Cashiers describe these fast children.	Cashiers describe this fast children.	-72.5	-72.5	-10.375	-10.375	False	False	morphology	determiner_noun_agreement	Write a natural, coherent English sentence.
482	18	Roger has fired those unconvinced men.	Roger has fired that unconvinced men.	-103.5	-103.5	-10.375	-10.375	False	False	morphology	determiner_noun_agreement	Write a natural, coherent English sentence.
483	18	Amy wasn't kissing this content man.	Amy wasn't kissing these content man.	-103.5	-103.5	-10.375	-10.375	False	False	morphology	determiner_noun_agreement	Write a natural, coherent English sentence.
484	18	Every dancer hadn't praised those good analyses.	Every dancer hadn't praised that good analyses.	-124.5	-124.5	-10.375	-10.375	False	False	morphology	determiner_noun_agreement	Write a natural, coherent English sentence.
485	18	Rhonda wasn't hiding those red mice.	Rhonda wasn't hiding that red mice.	-114.0	-114.0	-10.375	-10.375	False	False	morphology	determiner_noun_agreement	Write a natural, coherent English sentence.
486	18	Every pedestrian talks about that bad synopsis.	Every pedestrian talks about those bad synopsis.	-103.5	-103.5	-10.3125	-10.3125	False	False	morphology	determiner_noun_agreement	Write a natural, coherent English sentence.
487	18	The fish shocks these old alumni.	The fish shocks this old alumni.	-103.5	-103.5	-10.375	-10.375	False	False	morphology	determiner_noun_agreement	Write a natural, coherent English sentence.
488	18	Those waitresses visited those scared alumni.	Those waitresses visited that scared alumni.	-113.5	-113.5	-10.3125	-10.3125	False	False	morphology	determiner_noun_agreement	Write a natural, coherent English sentence.
489	18	That library was listening to this nice man.	That library was listening to these nice man.	-93.0	-93.5	-10.375	-10.375	True	False	morphology	determiner_noun_agreement	Write a natural, coherent English sentence.
490	18	Steve wasn't bringing that blue stimulus.	Steve wasn't bringing those blue stimulus.	-103.5	-103.5	-10.3125	-10.375	False	True	morphology	determiner_noun_agreement	Write a natural, coherent English sentence.
491	18	Some guest was hiring that scared woman.	Some guest was hiring those scared woman.	-83.0	-83.0	-10.375	-10.375	False	False	morphology	determiner_noun_agreement	Write a natural, coherent English sentence.
492	18	The spotlights upset this unconvinced alumnus.	The spotlights upset these unconvinced alumnus.	-134.0	-134.0	-10.3125	-10.3125	False	False	morphology	determiner_noun_agreement	Write a natural, coherent English sentence.
493	18	Todd might observe this lost man.	Todd might observe these lost man.	-72.5	-73.0	-10.375	-10.375	True	False	morphology	determiner_noun_agreement	Write a natural, coherent English sentence.
494	18	People could describe that unconvinced person.	People could describe those unconvinced person.	-103.5	-103.5	-10.375	-10.375	False	False	morphology	determiner_noun_agreement	Write a natural, coherent English sentence.
495	18	That waiter had astounded these lucky people.	That waiter had astounded this lucky people.	-113.5	-113.5	-10.3125	-10.3125	False	False	morphology	determiner_noun_agreement	Write a natural, coherent English sentence.
496	18	Kendra disgusted these confident women.	Kendra disgusted this confident women.	-93.0	-93.0	-10.375	-10.375	False	False	morphology	determiner_noun_agreement	Write a natural, coherent English sentence.
497	18	Spain hasn't annoyed those old people.	Spain hasn't annoyed that old people.	-103.5	-103.5	-10.3125	-10.3125	False	False	morphology	determiner_noun_agreement	Write a natural, coherent English sentence.
498	18	Steve kisses these out in the open people.	Steve kisses this out in the open people.	-103.5	-103.5	-10.375	-10.375	False	False	morphology	determiner_noun_agreement	Write a natural, coherent English sentence.
499	18	Wayne kissed those unconvinced men.	Wayne kissed that unconvinced men.	-93.5	-93.5	-10.375	-10.375	False	False	morphology	determiner_noun_agreement	Write a natural, coherent English sentence.
500	18	Douglas has brought those lost cacti.	Douglas has brought that lost cacti.	-93.5	-93.5	-10.375	-10.375	False	False	morphology	determiner_noun_agreement	Write a natural, coherent English sentence.
501	18	Tammy can't reveal that big alumnus.	Tammy can't reveal those big alumnus.	-124.0	-124.5	-10.375	-10.375	True	False	morphology	determiner_noun_agreement	Write a natural, coherent English sentence.
502	18	Deborah fled from those standing children.	Deborah fled from that standing children.	-93.5	-93.5	-10.375	-10.375	False	False	morphology	determiner_noun_agreement	Write a natural, coherent English sentence.
503	18	A man wasn't cleaning that hard fungus.	A man wasn't cleaning those hard fungus.	-124.0	-124.0	-10.375	-10.375	False	False	morphology	determiner_noun_agreement	Write a natural, coherent English sentence.
504	18	Danielle has broken those gray teeth.	Danielle has broken that gray teeth.	-83.0	-83.0	-10.375	-10.375	False	False	morphology	determiner_noun_agreement	Write a natural, coherent English sentence.
505	18	Derek praised this big thesis.	Derek praised these big thesis.	-72.5	-73.0	-10.375	-10.375	True	False	morphology	determiner_noun_agreement	Write a natural, coherent English sentence.
506	18	Gary has disgusted those unsure people.	Gary has disgusted that unsure people.	-93.0	-93.0	-10.375	-10.375	False	False	morphology	determiner_noun_agreement	Write a natural, coherent English sentence.
507	18	A senator insulted this bad synopsis.	A senator insulted these bad synopsis.	-103.5	-103.0	-10.3125	-10.3125	False	False	morphology	determiner_noun_agreement	Write a natural, coherent English sentence.
508	18	A lot of drivers visit these purple oases.	A lot of drivers visit this purple oases.	-103.5	-103.5	-10.3125	-10.3125	False	False	morphology	determiner_noun_agreement	Write a natural, coherent English sentence.
509	18	Richard isn't attacking this fast child.	Richard isn't attacking these fast child.	-93.5	-93.5	-10.375	-10.375	False	False	morphology	determiner_noun_agreement	Write a natural, coherent English sentence.
510	18	Frank shocked that unsure man.	Frank shocked those unsure man.	-73.0	-72.5	-10.375	-10.375	False	False	morphology	determiner_noun_agreement	Write a natural, coherent English sentence.
511	18	Brett returned to that confident man.	Brett returned to those confident man.	-83.0	-83.0	-10.375	-10.375	False	False	morphology	determiner_noun_agreement	Write a natural, coherent English sentence.
512	18	Many ladies weren't passing these old oases.	Many ladies weren't passing this old oases.	-114.0	-114.0	-10.375	-10.375	False	False	morphology	determiner_noun_agreement	Write a natural, coherent English sentence.
513	18	A waiter brought those purple teeth.	A waiter brought that purple teeth.	-83.0	-83.0	-10.375	-10.375	False	False	morphology	determiner_noun_agreement	Write a natural, coherent English sentence.
514	18	Beverly has fired this fast alumnus.	Beverly has fired these fast alumnus.	-103.5	-103.5	-10.3125	-10.3125	False	False	morphology	determiner_noun_agreement	Write a natural, coherent English sentence.
515	18	Men haven't observed that standing man.	Men haven't observed those standing man.	-93.0	-93.5	-10.375	-10.375	True	False	morphology	determiner_noun_agreement	Write a natural, coherent English sentence.
516	18	Tiffany admired this ill child.	Tiffany admired these ill child.	-93.5	-93.0	-10.375	-10.375	False	False	morphology	determiner_noun_agreement	Write a natural, coherent English sentence.
517	18	That patient didn't love that unemployed alumnus.	That patient didn't love those unemployed alumnus.	-134.0	-134.0	-10.3125	-10.3125	False	False	morphology	determiner_noun_agreement	Write a natural, coherent English sentence.
518	18	Aaron reveals that red tooth.	Aaron reveals those red tooth.	-62.25	-62.25	-10.375	-10.375	False	False	morphology	determiner_noun_agreement	Write a natural, coherent English sentence.
519	18	Monica was insulting those bad people.	Monica was insulting that bad people.	-93.0	-93.0	-10.3125	-10.3125	False	False	morphology	determiner_noun_agreement	Write a natural, coherent English sentence.
520	18	These teenagers watch that old alumnus.	These teenagers watch those old alumnus.	-103.0	-103.0	-10.3125	-10.3125	False	False	morphology	determiner_noun_agreement	Write a natural, coherent English sentence.
521	18	Tina might confuse this exposed child.	Tina might confuse these exposed child.	-93.5	-93.5	-10.375	-10.375	False	False	morphology	determiner_noun_agreement	Write a natural, coherent English sentence.
522	18	A face was confusing that nice woman.	A face was confusing those nice woman.	-83.0	-83.0	-10.375	-10.375	False	False	morphology	determiner_noun_agreement	Write a natural, coherent English sentence.
523	18	An adult researches that good analysis.	An adult researches those good analysis.	-103.5	-103.5	-10.375	-10.375	False	False	morphology	determiner_noun_agreement	Write a natural, coherent English sentence.
524	18	Some broccoli isn't annoying these unconvinced women.	Some broccoli isn't annoying this unconvinced women.	-155.0	-155.0	-10.375	-10.375	False	False	morphology	determiner_noun_agreement	Write a natural, coherent English sentence.
525	18	Nancy talks about these content children.	Nancy talks about this content children.	-72.5	-72.5	-10.375	-10.375	False	False	morphology	determiner_noun_agreement	Write a natural, coherent English sentence.
526	18	Regina found this lost ox.	Regina found these lost ox.	-83.0	-83.0	-10.375	-10.375	False	False	morphology	determiner_noun_agreement	Write a natural, coherent English sentence.
527	18	Emily had respected that clever man.	Emily had respected those clever man.	-72.5	-72.5	-10.375	-10.375	False	False	morphology	determiner_noun_agreement	Write a natural, coherent English sentence.
528	18	Kathleen has worked with this confident man.	Kathleen has worked with these confident man.	-93.0	-93.0	-10.375	-10.375	False	False	morphology	determiner_noun_agreement	Write a natural, coherent English sentence.
529	18	Most customers are distracting these determined children.	Most customers are distracting this determined children.	-93.0	-93.0	-10.375	-10.3125	False	False	morphology	determiner_noun_agreement	Write a natural, coherent English sentence.
530	18	Rachelle didn't cure this black octopus.	Rachelle didn't cure these black octopus.	-124.0	-124.0	-10.3125	-10.3125	False	False	morphology	determiner_noun_agreement	Write a natural, coherent English sentence.
531	18	Steven hugs these standing men.	Steven hugs this standing men.	-72.5	-72.5	-10.375	-10.375	False	False	morphology	determiner_noun_agreement	Write a natural, coherent English sentence.
532	18	Every popsicle shocked those excited men.	Every popsicle shocked that excited men.	-93.5	-93.5	-10.375	-10.375	False	False	morphology	determiner_noun_agreement	Write a natural, coherent English sentence.
533	18	Sonia lifts that new oasis.	Sonia lifts those new oasis.	-93.0	-93.0	-10.375	-10.375	False	False	morphology	determiner_noun_agreement	Write a natural, coherent English sentence.
534	18	Cheryl might tour that purple oasis.	Cheryl might tour those purple oasis.	-93.0	-93.0	-10.375	-10.375	False	False	morphology	determiner_noun_agreement	Write a natural, coherent English sentence.
535	18	This doctor appreciates this bad child.	This doctor appreciates these bad child.	-83.0	-83.0	-10.375	-10.375	False	False	morphology	determiner_noun_agreement	Write a natural, coherent English sentence.
536	18	Leslie breaks those red feet.	Leslie breaks that red feet.	-72.5	-72.5	-10.3125	-10.375	False	True	morphology	determiner_noun_agreement	Write a natural, coherent English sentence.
537	18	Bethany hasn't hidden that yellow louse.	Bethany hasn't hidden those yellow louse.	-114.0	-114.0	-10.375	-10.375	False	False	morphology	determiner_noun_agreement	Write a natural, coherent English sentence.
538	18	Some people have criticized this brown thesis.	Some people have criticized these brown thesis.	-93.0	-93.0	-10.3125	-10.3125	False	False	morphology	determiner_noun_agreement	Write a natural, coherent English sentence.
539	18	Noah heals this determined child.	Noah heals these determined child.	-72.5	-72.5	-10.375	-10.375	False	False	morphology	determiner_noun_agreement	Write a natural, coherent English sentence.
540	18	Kevin biked to those big oases.	Kevin biked to that big oases.	-104.0	-104.0	-10.375	-10.375	False	False	morphology	determiner_noun_agreement	Write a natural, coherent English sentence.
541	18	Wayne hadn't bored these sick men.	Wayne hadn't bored this sick men.	-93.5	-93.5	-10.375	-10.375	False	False	morphology	determiner_noun_agreement	Write a natural, coherent English sentence.
542	18	Amy returns to those young alumni.	Amy returns to that young alumni.	-93.5	-93.0	-10.375	-10.375	False	False	morphology	determiner_noun_agreement	Write a natural, coherent English sentence.
543	18	That gate did aggravate this excited woman.	That gate did aggravate these excited woman.	-103.5	-103.5	-10.375	-10.375	False	False	morphology	determiner_noun_agreement	Write a natural, coherent English sentence.
544	18	Melissa observes that bad child.	Melissa observes those bad child.	-83.0	-83.0	-10.375	-10.375	False	False	morphology	determiner_noun_agreement	Write a natural, coherent English sentence.
545	18	Kathleen wasn't scanning those long synopses.	Kathleen wasn't scanning that long synopses.	-135.0	-135.0	-10.375	-10.375	False	False	morphology	determiner_noun_agreement	Write a natural, coherent English sentence.
546	18	That guy dropped by these white oases.	That guy dropped by this white oases.	-93.0	-93.0	-10.375	-10.375	False	False	morphology	determiner_noun_agreement	Write a natural, coherent English sentence.
547	18	Every child might fire this serious child.	Every child might fire these serious child.	-83.0	-83.0	-10.375	-10.375	False	False	morphology	determiner_noun_agreement	Write a natural, coherent English sentence.
548	18	Meredith had concealed that black thesis.	Meredith had concealed those black thesis.	-104.0	-103.5	-10.375	-10.375	False	False	morphology	determiner_noun_agreement	Write a natural, coherent English sentence.
549	18	Randolf didn't see these blue teeth.	Randolf didn't see this blue teeth.	-103.5	-103.5	-10.375	-10.375	False	False	morphology	determiner_noun_agreement	Write a natural, coherent English sentence.
550	18	Some guy passes that rough oasis.	Some guy passes those rough oasis.	-83.0	-83.0	-10.375	-10.375	False	False	morphology	determiner_noun_agreement	Write a natural, coherent English sentence.
551	18	Guys hurts that smart man.	Guys hurts those smart man.	-83.0	-83.0	-10.375	-10.375	False	False	morphology	determiner_noun_agreement	Write a natural, coherent English sentence.
552	18	Many museums should describe this fast man.	Many museums should describe these fast man.	-93.0	-93.0	-10.3125	-10.375	False	True	morphology	determiner_noun_agreement	Write a natural, coherent English sentence.
553	18	A lot of chairs haven't embarrassed this serious man.	A lot of chairs haven't embarrassed these serious man.	-124.0	-124.0	-10.3125	-10.3125	False	False	morphology	determiner_noun_agreement	Write a natural, coherent English sentence.
554	18	Emily talked about that ill alumnus.	Emily talked about those ill alumnus.	-93.0	-93.0	-10.3125	-10.3125	False	False	morphology	determiner_noun_agreement	Write a natural, coherent English sentence.
555	18	A lot of girls notice these black lice.	A lot of girls notice this black lice.	-103.5	-103.0	-10.3125	-10.3125	False	False	morphology	determiner_noun_agreement	Write a natural, coherent English sentence.
556	18	Those schools reference that green thesis.	Those schools reference those green thesis.	-72.5	-72.5	-10.375	-10.375	False	False	morphology	determiner_noun_agreement	Write a natural, coherent English sentence.
557	18	Bradley had bored this delighted alumnus.	Bradley had bored these delighted alumnus.	-103.5	-103.5	-10.375	-10.375	False	False	morphology	determiner_noun_agreement	Write a natural, coherent English sentence.
558	18	Melinda scares this good woman.	Melinda scares these good woman.	-83.0	-83.0	-10.375	-10.375	False	False	morphology	determiner_noun_agreement	Write a natural, coherent English sentence.
559	18	Those pedestrians go to those big oases.	Those pedestrians go to that big oases.	-114.0	-114.0	-10.375	-10.375	False	False	morphology	determiner_noun_agreement	Write a natural, coherent English sentence.
560	18	Many doctors escaped from that lost child.	Many doctors escaped from those lost child.	-83.0	-83.0	-10.375	-10.375	False	False	morphology	determiner_noun_agreement	Write a natural, coherent English sentence.
561	18	Tamara isn't revealing that orange ox.	Tamara isn't revealing those orange ox.	-103.5	-103.5	-10.375	-10.375	False	False	morphology	determiner_noun_agreement	Write a natural, coherent English sentence.
562	18	Many patients arrive at that hidden oasis.	Many patients arrive at those hidden oasis.	-93.0	-93.0	-10.3125	-10.3125	False	False	morphology	determiner_noun_agreement	Write a natural, coherent English sentence.
563	18	Beth leaves these happy children.	Beth leaves this happy children.	-62.25	-62.25	-10.375	-10.375	False	False	morphology	determiner_noun_agreement	Write a natural, coherent English sentence.
564	18	Deanna broke that yellow foot.	Deanna broke those yellow foot.	-72.5	-72.5	-10.375	-10.375	False	False	morphology	determiner_noun_agreement	Write a natural, coherent English sentence.
565	18	Jessica had talked to that concealed man.	Jessica had talked to those concealed man.	-93.0	-93.5	-10.375	-10.375	True	False	morphology	determiner_noun_agreement	Write a natural, coherent English sentence.
566	18	Those actors praise those long synopses.	Those actors praise that long synopses.	-93.5	-93.5	-10.375	-10.375	False	False	morphology	determiner_noun_agreement	Write a natural, coherent English sentence.
567	18	This coat hasn't astounded these popular men.	This coat hasn't astounded this popular men.	-124.0	-124.0	-10.3125	-10.3125	False	False	morphology	determiner_noun_agreement	Write a natural, coherent English sentence.
568	18	Wendy does talk to this scared alumnus.	Wendy does talk to these scared alumnus.	-114.0	-114.0	-10.3125	-10.3125	False	False	morphology	determiner_noun_agreement	Write a natural, coherent English sentence.
569	18	Christine is questioning these happy men.	Christine is questioning this happy men.	-83.0	-83.0	-10.375	-10.375	False	False	morphology	determiner_noun_agreement	Write a natural, coherent English sentence.
570	18	All doctors loved that displeased man.	All doctors loved those displeased man.	-93.0	-93.0	-10.375	-10.375	False	False	morphology	determiner_noun_agreement	Write a natural, coherent English sentence.
571	18	Waitresses researched these long synopses.	Waitresses researched this long synopses.	-134.0	-134.0	-10.3125	-10.3125	False	False	morphology	determiner_noun_agreement	Write a natural, coherent English sentence.
572	18	Alexander can flee from this nice woman.	Alexander can flee from these nice woman.	-93.0	-93.0	-10.375	-10.375	False	False	morphology	determiner_noun_agreement	Write a natural, coherent English sentence.
573	18	Walter hadn't hated this fast man.	Walter hadn't hated these fast man.	-93.5	-93.5	-10.375	-10.375	False	False	morphology	determiner_noun_agreement	Write a natural, coherent English sentence.
574	18	Those cashiers buy those smooth lice.	Those cashiers buy that smooth lice.	-93.0	-93.0	-10.375	-10.375	False	False	morphology	determiner_noun_agreement	Write a natural, coherent English sentence.
575	18	Sonia hid that determined child.	Sonia hid those determined child.	-72.5	-72.5	-10.375	-10.375	False	False	morphology	determiner_noun_agreement	Write a natural, coherent English sentence.
576	18	Barbara is observing that excited person.	Barbara is observing those excited person.	-83.0	-83.0	-10.375	-10.375	False	False	morphology	determiner_noun_agreement	Write a natural, coherent English sentence.
577	18	That company stuns these unconvinced women.	That company stuns this unconvinced women.	-114.0	-114.0	-10.375	-10.375	False	False	morphology	determiner_noun_agreement	Write a natural, coherent English sentence.
578	18	Paul thought about those bad theses.	Paul thought about that bad theses.	-83.0	-83.0	-10.375	-10.375	False	False	morphology	determiner_noun_agreement	Write a natural, coherent English sentence.
579	18	Victoria escaped from these displeased children.	Victoria escaped from this displeased children.	-93.0	-93.0	-10.375	-10.3125	False	False	morphology	determiner_noun_agreement	Write a natural, coherent English sentence.
580	18	Brad notices this big octopus.	Brad notices these big octopus.	-93.0	-93.0	-10.3125	-10.3125	False	False	morphology	determiner_noun_agreement	Write a natural, coherent English sentence.
581	18	Adam is praising those yellow theses.	Adam is praising that yellow theses.	-93.5	-93.5	-10.375	-10.375	False	False	morphology	determiner_noun_agreement	Write a natural, coherent English sentence.
582	18	Douglas did tour those hidden oases.	Douglas did tour that hidden oases.	-83.0	-83.0	-10.375	-10.375	False	False	morphology	determiner_noun_agreement	Write a natural, coherent English sentence.
583	18	Gerald couldn't know these happy men.	Gerald couldn't know this happy men.	-103.5	-103.5	-10.375	-10.375	False	False	morphology	determiner_noun_agreement	Write a natural, coherent English sentence.
584	18	Those women hug that smart man.	Those women hug those smart man.	-72.5	-72.5	-10.375	-10.375	False	False	morphology	determiner_noun_agreement	Write a natural, coherent English sentence.
585	18	These senators wouldn't forget that long synopsis.	These senators wouldn't forget those long synopsis.	-124.0	-124.0	-10.3125	-10.3125	False	False	morphology	determiner_noun_agreement	Write a natural, coherent English sentence.
586	18	Edward took those lost stimuli.	Edward took that lost stimuli.	-72.5	-72.5	-10.375	-10.375	False	False	morphology	determiner_noun_agreement	Write a natural, coherent English sentence.
587	18	The waitresses did know this lucky person.	The waitresses did know these lucky person.	-103.0	-103.0	-10.3125	-10.3125	False	False	morphology	determiner_noun_agreement	Write a natural, coherent English sentence.
588	18	That library might love this important person.	That library might love these important person.	-83.0	-83.0	-10.375	-10.375	False	False	morphology	determiner_noun_agreement	Write a natural, coherent English sentence.
589	18	Carrie was healing this gray octopus.	Carrie was healing these gray octopus.	-103.5	-103.5	-10.375	-10.3125	False	False	morphology	determiner_noun_agreement	Write a natural, coherent English sentence.
590	18	Sonia hadn't cleaned those gray teeth.	Sonia hadn't cleaned that gray teeth.	-103.5	-103.5	-10.375	-10.375	False	False	morphology	determiner_noun_agreement	Write a natural, coherent English sentence.
591	18	The Lutherans alarmed this confident woman.	The Lutherans alarmed these confident woman.	-93.0	-93.0	-10.375	-10.375	False	False	morphology	determiner_noun_agreement	Write a natural, coherent English sentence.
592	18	This shirt impressed those popular people.	This shirt impressed that popular people.	-72.5	-72.5	-10.375	-10.375	False	False	morphology	determiner_noun_agreement	Write a natural, coherent English sentence.
593	18	Some schools love that employed person.	Some schools love those employed person.	-72.5	-72.5	-10.375	-10.375	False	False	morphology	determiner_noun_agreement	Write a natural, coherent English sentence.
594	18	Valerie hasn't known this young child.	Valerie hasn't known these young child.	-103.5	-103.5	-10.375	-10.375	False	False	morphology	determiner_noun_agreement	Write a natural, coherent English sentence.
595	18	Scott respected those displeased men.	Scott respected that displeased men.	-83.0	-83.0	-10.375	-10.375	False	False	morphology	determiner_noun_agreement	Write a natural, coherent English sentence.
596	18	The ladies work with those lost children.	The ladies work with that lost children.	-83.0	-83.0	-10.375	-10.375	False	False	morphology	determiner_noun_agreement	Write a natural, coherent English sentence.
597	18	Dawn had biked to this small oasis.	Dawn had biked to these small oasis.	-124.0	-124.0	-10.3125	-10.375	False	True	morphology	determiner_noun_agreement	Write a natural, coherent English sentence.
598	18	Samantha would explore that gray oasis.	Samantha would explore those gray oasis.	-103.5	-103.5	-10.3125	-10.3125	False	False	morphology	determiner_noun_agreement	Write a natural, coherent English sentence.
599	18	All steps upset those unemployed men.	All steps upset that unemployed men.	-82.5	-83.0	-10.3125	-10.375	True	True	morphology	determiner_noun_agreement	Write a natural, coherent English sentence.
600	18	Marla has described that unemployed woman.	Marla has described those unemployed woman.	-93.0	-93.5	-10.375	-10.375	True	False	morphology	determiner_noun_agreement	Write a natural, coherent English sentence.
601	18	Most universities bore those excited children.	Most universities bore that excited children.	-72.5	-72.5	-10.375	-10.375	False	False	morphology	determiner_noun_agreement	Write a natural, coherent English sentence.
602	18	These banks should reference that purple thesis.	These banks should reference those purple thesis.	-83.0	-83.0	-10.375	-10.375	False	False	morphology	determiner_noun_agreement	Write a natural, coherent English sentence.
603	18	Sherry brought those concealed geese.	Sherry brought that concealed geese.	-93.5	-93.0	-10.375	-10.375	False	False	morphology	determiner_noun_agreement	Write a natural, coherent English sentence.
604	18	Many pedestrians complain about these long analyses.	Many pedestrians complain about this long analyses.	-113.5	-113.5	-10.3125	-10.3125	False	False	morphology	determiner_noun_agreement	Write a natural, coherent English sentence.
605	18	Theresa fixed these small teeth.	Theresa fixed this small teeth.	-72.5	-72.5	-10.375	-10.375	False	False	morphology	determiner_noun_agreement	Write a natural, coherent English sentence.
606	18	This lake disturbed those unconvinced men.	This lake disturbed that unconvinced men.	-114.0	-114.0	-10.375	-10.375	False	False	morphology	determiner_noun_agreement	Write a natural, coherent English sentence.
607	18	Catherine was talking about those bad synopses.	Catherine was talking about that bad synopses.	-103.5	-103.5	-10.3125	-10.3125	False	False	morphology	determiner_noun_agreement	Write a natural, coherent English sentence.
608	18	Alicia had escaped from these hidden men.	Alicia had escaped from this hidden men.	-103.0	-103.5	-10.3125	-10.3125	True	False	morphology	determiner_noun_agreement	Write a natural, coherent English sentence.
609	18	Natalie hasn't worked with this confident woman.	Natalie hasn't worked with these confident woman.	-113.5	-114.0	-10.3125	-10.3125	True	False	morphology	determiner_noun_agreement	Write a natural, coherent English sentence.
610	18	Amelia annoyed this smart man.	Amelia annoyed these smart man.	-82.5	-82.5	-10.3125	-10.3125	False	False	morphology	determiner_noun_agreement	Write a natural, coherent English sentence.
611	18	Every guest is irritating this serious child.	Every guest is irritating these serious child.	-93.5	-93.0	-10.375	-10.375	False	False	morphology	determiner_noun_agreement	Write a natural, coherent English sentence.
612	18	All reports annoyed this hopeful person.	All reports annoyed these hopeful person.	-93.0	-93.0	-10.3125	-10.3125	False	False	morphology	determiner_noun_agreement	Write a natural, coherent English sentence.
613	18	These women break those orange teeth.	These women break that orange teeth.	-72.5	-72.5	-10.3125	-10.3125	False	False	morphology	determiner_noun_agreement	Write a natural, coherent English sentence.
614	18	Christopher could shock this excited child.	Christopher could shock these excited child.	-72.5	-72.5	-10.375	-10.375	False	False	morphology	determiner_noun_agreement	Write a natural, coherent English sentence.
615	18	This spotlight hasn't disgusted that employed child.	This spotlight hasn't disgusted those employed child.	-124.0	-124.0	-10.3125	-10.3125	False	False	morphology	determiner_noun_agreement	Write a natural, coherent English sentence.
616	18	Samantha fled from that busy child.	Samantha fled from those busy child.	-93.0	-93.0	-10.3125	-10.3125	False	False	morphology	determiner_noun_agreement	Write a natural, coherent English sentence.
617	18	Lucille arrived at that hard oasis.	Lucille arrived at those hard oasis.	-93.0	-93.0	-10.3125	-10.3125	False	False	morphology	determiner_noun_agreement	Write a natural, coherent English sentence.
618	18	All teachers see those yellow lice.	All teachers see that yellow lice.	-83.0	-83.0	-10.375	-10.375	False	False	morphology	determiner_noun_agreement	Write a natural, coherent English sentence.
619	18	Some photographs haven't looked like these small octopi.	Some photographs haven't looked like this small octopi.	-134.0	-134.0	-10.375	-10.375	False	False	morphology	determiner_noun_agreement	Write a natural, coherent English sentence.
620	18	Danielle brought those blue feet.	Danielle brought that blue feet.	-72.5	-72.5	-10.375	-10.375	False	False	morphology	determiner_noun_agreement	Write a natural, coherent English sentence.
621	18	Todd hadn't left those exposed men.	Todd hadn't left that exposed men.	-93.0	-93.0	-10.375	-10.375	False	False	morphology	determiner_noun_agreement	Write a natural, coherent English sentence.
622	18	Some doctors embarrasses those delighted alumni.	Some doctors embarrasses that delighted alumni.	-103.5	-103.5	-10.3125	-10.375	False	True	morphology	determiner_noun_agreement	Write a natural, coherent English sentence.
623	18	The actresses forget that unemployed alumnus.	The actresses forget those unemployed alumnus.	-113.5	-113.5	-10.3125	-10.3125	False	False	morphology	determiner_noun_agreement	Write a natural, coherent English sentence.
624	18	A lot of socks alarm this unsure alumnus.	A lot of socks alarm these unsure alumnus.	-123.5	-124.0	-10.3125	-10.3125	True	False	morphology	determiner_noun_agreement	Write a natural, coherent English sentence.
625	18	The customers are thinking about that busy child.	The customers are thinking about those busy child.	-93.0	-93.0	-10.375	-10.3125	False	False	morphology	determiner_noun_agreement	Write a natural, coherent English sentence.
626	18	Kristin wasn't kissing those small men.	Kristin wasn't kissing that small men.	-114.0	-114.0	-10.375	-10.375	False	False	morphology	determiner_noun_agreement	Write a natural, coherent English sentence.
627	18	Omar hasn't broken this broken foot.	Omar hasn't broken these broken foot.	-103.5	-103.5	-10.375	-10.375	False	False	morphology	determiner_noun_agreement	Write a natural, coherent English sentence.
628	18	The actress worked with this nice woman.	The actress worked with these nice woman.	-83.0	-83.0	-10.375	-10.375	False	False	morphology	determiner_noun_agreement	Write a natural, coherent English sentence.
629	18	Patients insult these happy people.	Patients insult this happy people.	-72.5	-72.5	-10.375	-10.375	False	False	morphology	determiner_noun_agreement	Write a natural, coherent English sentence.
630	18	Spain bought those orange lice.	Spain bought that orange lice.	-72.5	-72.5	-10.375	-10.375	False	False	morphology	determiner_noun_agreement	Write a natural, coherent English sentence.
631	18	Those waiters didn't kiss this unlucky child.	Those waiters didn't kiss these unlucky child.	-134.0	-134.0	-10.3125	-10.3125	False	False	morphology	determiner_noun_agreement	Write a natural, coherent English sentence.
632	18	Jennifer isn't touring these old oases.	Jennifer isn't touring this old oases.	-114.0	-114.0	-10.3125	-10.3125	False	False	morphology	determiner_noun_agreement	Write a natural, coherent English sentence.
633	18	Glaciers upset this small child.	Glaciers upset these small child.	-83.0	-83.0	-10.375	-10.375	False	False	morphology	determiner_noun_agreement	Write a natural, coherent English sentence.
634	18	John investigated these old men.	John investigated this old men.	-62.25	-62.25	-10.375	-10.375	False	False	morphology	determiner_noun_agreement	Write a natural, coherent English sentence.
635	18	Some doctors hated these yellow theses.	Some doctors hated this yellow theses.	-83.0	-83.0	-10.375	-10.375	False	False	morphology	determiner_noun_agreement	Write a natural, coherent English sentence.
636	18	Linda described that clever man.	Linda described those clever man.	-62.25	-62.5	-10.375	-10.375	True	False	morphology	determiner_noun_agreement	Write a natural, coherent English sentence.
637	18	Many drawings are looking like these excited women.	Many drawings are looking like this excited women.	-93.5	-93.0	-10.375	-10.375	False	False	morphology	determiner_noun_agreement	Write a natural, coherent English sentence.
638	18	Mitchell had concealed that small tooth.	Mitchell had concealed those small tooth.	-83.0	-83.0	-10.375	-10.375	False	False	morphology	determiner_noun_agreement	Write a natural, coherent English sentence.
639	18	Every dog had irritated this young child.	Every dog had irritated these young child.	-93.0	-93.0	-10.3125	-10.3125	False	False	morphology	determiner_noun_agreement	Write a natural, coherent English sentence.
640	18	Some doctors lift this exposed ox.	Some doctors lift these exposed ox.	-72.5	-72.5	-10.3125	-10.375	False	True	morphology	determiner_noun_agreement	Write a natural, coherent English sentence.
641	18	Valerie was disgusting that happy woman.	Valerie was disgusting those happy woman.	-93.0	-93.0	-10.375	-10.375	False	False	morphology	determiner_noun_agreement	Write a natural, coherent English sentence.
642	18	Claire hugs those clever men.	Claire hugs that clever men.	-73.0	-73.0	-10.375	-10.375	False	False	morphology	determiner_noun_agreement	Write a natural, coherent English sentence.
643	18	All adults go to these white oases.	All adults go to this white oases.	-93.0	-93.0	-10.375	-10.375	False	False	morphology	determiner_noun_agreement	Write a natural, coherent English sentence.
644	18	Bill observed this nice child.	Bill observed these nice child.	-62.5	-62.5	-10.375	-10.375	False	False	morphology	determiner_noun_agreement	Write a natural, coherent English sentence.
645	18	Diana kissed these delighted alumni.	Diana kissed this delighted alumni.	-83.0	-83.0	-10.375	-10.375	False	False	morphology	determiner_noun_agreement	Write a natural, coherent English sentence.
646	18	Governments are describing those sick people.	Governments are describing that sick people.	-82.5	-83.0	-10.3125	-10.375	True	True	morphology	determiner_noun_agreement	Write a natural, coherent English sentence.
647	18	The doctors cure that young woman.	The doctors cure those young woman.	-72.5	-72.5	-10.3125	-10.3125	False	False	morphology	determiner_noun_agreement	Write a natural, coherent English sentence.
648	18	Dancers did disagree with this ill child.	Dancers did disagree with these ill child.	-93.5	-93.5	-10.375	-10.375	False	False	morphology	determiner_noun_agreement	Write a natural, coherent English sentence.
649	18	Veronica couldn't embarrass these exposed men.	Veronica couldn't embarrass this exposed men.	-113.5	-113.5	-10.3125	-10.3125	False	False	morphology	determiner_noun_agreement	Write a natural, coherent English sentence.
650	18	The students cared for that delighted man.	The students cared for those delighted man.	-83.0	-83.0	-10.375	-10.375	False	False	morphology	determiner_noun_agreement	Write a natural, coherent English sentence.
651	18	Steve conceals these important men.	Steve conceals this important men.	-72.5	-72.5	-10.375	-10.375	False	False	morphology	determiner_noun_agreement	Write a natural, coherent English sentence.
652	18	These actresses will talk to these content men.	These actresses will talk to this content men.	-103.5	-103.5	-10.375	-10.3125	False	False	morphology	determiner_noun_agreement	Write a natural, coherent English sentence.
653	18	That teenager wouldn't buy these rough oxen.	That teenager wouldn't buy this rough oxen.	-113.5	-113.5	-10.3125	-10.3125	False	False	morphology	determiner_noun_agreement	Write a natural, coherent English sentence.
654	18	Sheila wouldn't kiss that happy child.	Sheila wouldn't kiss those happy child.	-103.5	-103.5	-10.375	-10.3125	False	False	morphology	determiner_noun_agreement	Write a natural, coherent English sentence.
655	18	Erin drove to these out in the open oases.	Erin drove to this out in the open oases.	-124.0	-124.0	-10.375	-10.375	False	False	morphology	determiner_noun_agreement	Write a natural, coherent English sentence.
656	18	Every hat has embarrassed those hopeful people.	Every hat has embarrassed that hopeful people.	-93.0	-93.0	-10.3125	-10.3125	False	False	morphology	determiner_noun_agreement	Write a natural, coherent English sentence.
657	18	Every man is fleeing from that exposed oasis.	Every man is fleeing from those exposed oasis.	-113.5	-113.5	-10.3125	-10.3125	False	False	morphology	determiner_noun_agreement	Write a natural, coherent English sentence.
658	18	Some adults visit this ill man.	Some adults visit these ill man.	-72.5	-72.5	-10.375	-10.375	False	False	morphology	determiner_noun_agreement	Write a natural, coherent English sentence.
659	18	Janet did lift that good thesis.	Janet did lift those good thesis.	-83.0	-83.0	-10.375	-10.375	False	False	morphology	determiner_noun_agreement	Write a natural, coherent English sentence.
660	18	Katherine was cleaning this orange tooth.	Katherine was cleaning these orange tooth.	-83.0	-83.0	-10.375	-10.375	False	False	morphology	determiner_noun_agreement	Write a natural, coherent English sentence.
661	18	A lot of tomatoes can't confuse these ill alumni.	A lot of tomatoes can't confuse this ill alumni.	-165.0	-165.0	-10.3125	-10.3125	False	False	morphology	determiner_noun_agreement	Write a natural, coherent English sentence.
662	18	Rose goes to those out in the open oases.	Rose goes to that out in the open oases.	-114.0	-114.0	-10.3125	-10.3125	False	False	morphology	determiner_noun_agreement	Write a natural, coherent English sentence.
663	18	These governments criticize those gray oases.	These governments criticize that gray oases.	-93.0	-93.0	-10.375	-10.375	False	False	morphology	determiner_noun_agreement	Write a natural, coherent English sentence.
664	18	Kevin forgot those delighted men.	Kevin forgot that delighted men.	-62.5	-62.5	-10.4375	-10.375	False	False	morphology	determiner_noun_agreement	Write a natural, coherent English sentence.
665	18	Most companies describe that long analysis.	Most companies describe those long analysis.	-72.5	-72.5	-10.375	-10.375	False	False	morphology	determiner_noun_agreement	Write a natural, coherent English sentence.
666	18	Vincent was skated around this small oasis.	Vincent was skated around these small oasis.	-103.5	-103.5	-10.375	-10.375	False	False	morphology	determiner_noun_agreement	Write a natural, coherent English sentence.
667	18	Many guys arrive at these out in the open oases.	Many guys arrive at this out in the open oases.	-124.0	-124.0	-10.3125	-10.3125	False	False	morphology	determiner_noun_agreement	Write a natural, coherent English sentence.
668	18	Gregory hadn't revealed these lost fungi.	Gregory hadn't revealed this lost fungi.	-103.5	-103.5	-10.375	-10.375	False	False	morphology	determiner_noun_agreement	Write a natural, coherent English sentence.
669	18	The cake stuns this standing man.	The cake stuns these standing man.	-83.0	-83.0	-10.375	-10.375	False	False	morphology	determiner_noun_agreement	Write a natural, coherent English sentence.
670	18	Cheryl isn't irritating that clever man.	Cheryl isn't irritating those clever man.	-114.0	-114.0	-10.375	-10.375	False	False	morphology	determiner_noun_agreement	Write a natural, coherent English sentence.
671	18	Some cat bores those old children.	Some cat bores that old children.	-83.0	-83.0	-10.375	-10.375	False	False	morphology	determiner_noun_agreement	Write a natural, coherent English sentence.
672	18	The actress knows that delighted child.	The actress knows those delighted child.	-72.5	-72.5	-10.375	-10.375	False	False	morphology	determiner_noun_agreement	Write a natural, coherent English sentence.
673	18	That actress had driven to these hidden oases.	That actress had driven to this hidden oases.	-104.0	-103.5	-10.375	-10.375	False	False	morphology	determiner_noun_agreement	Write a natural, coherent English sentence.
674	18	The Lutherans arrive at this cheap oasis.	The Lutherans arrive at these cheap oasis.	-103.5	-103.5	-10.3125	-10.3125	False	False	morphology	determiner_noun_agreement	Write a natural, coherent English sentence.
675	18	Diane was kissing those lost women.	Diane was kissing that lost women.	-93.5	-93.5	-10.375	-10.375	False	False	morphology	determiner_noun_agreement	Write a natural, coherent English sentence.
676	18	Larry disturbs this employed woman.	Larry disturbs these employed woman.	-83.0	-83.0	-10.375	-10.375	False	False	morphology	determiner_noun_agreement	Write a natural, coherent English sentence.
677	18	Pies shock this upset woman.	Pies shock these upset woman.	-73.0	-73.0	-10.375	-10.375	False	False	morphology	determiner_noun_agreement	Write a natural, coherent English sentence.
678	18	Some waiters hug this content alumnus.	Some waiters hug these content alumnus.	-103.0	-103.5	-10.3125	-10.3125	True	False	morphology	determiner_noun_agreement	Write a natural, coherent English sentence.
679	18	Anna talked to those unsure men.	Anna talked to that unsure men.	-83.0	-83.0	-10.375	-10.375	False	False	morphology	determiner_noun_agreement	Write a natural, coherent English sentence.
680	18	This school bores this determined man.	This school bores these determined man.	-83.0	-83.0	-10.375	-10.375	False	False	morphology	determiner_noun_agreement	Write a natural, coherent English sentence.
681	18	Omar had thought about these unemployed men.	Omar had thought about this unemployed men.	-103.5	-103.0	-10.3125	-10.3125	False	False	morphology	determiner_noun_agreement	Write a natural, coherent English sentence.
682	18	Winston Churchill cleaned these big nuclei.	Winston Churchill cleaned this big nuclei.	-103.5	-103.5	-10.375	-10.375	False	False	morphology	determiner_noun_agreement	Write a natural, coherent English sentence.
683	18	These organizations aren't concealing that exposed child.	These organizations aren't concealing those exposed child.	-114.0	-114.0	-10.3125	-10.375	False	True	morphology	determiner_noun_agreement	Write a natural, coherent English sentence.
684	18	Erin bought this concealed axis.	Erin bought these concealed axis.	-83.0	-83.0	-10.375	-10.375	False	False	morphology	determiner_noun_agreement	Write a natural, coherent English sentence.
685	18	Dan examines this long analysis.	Dan examines these long analysis.	-72.5	-72.5	-10.375	-10.375	False	False	morphology	determiner_noun_agreement	Write a natural, coherent English sentence.
686	18	These drivers concealed these gray oxen.	These drivers concealed this gray oxen.	-93.0	-93.0	-10.375	-10.375	False	False	morphology	determiner_noun_agreement	Write a natural, coherent English sentence.
687	18	All children impresses this happy man.	All children impresses these happy man.	-82.5	-82.5	-10.3125	-10.3125	False	False	morphology	determiner_noun_agreement	Write a natural, coherent English sentence.
688	18	People will conceal that concealed man.	People will conceal those concealed man.	-93.0	-93.0	-10.3125	-10.375	False	True	morphology	determiner_noun_agreement	Write a natural, coherent English sentence.
689	18	Some patient returns to this old man.	Some patient returns to these old man.	-83.0	-83.0	-10.375	-10.375	False	False	morphology	determiner_noun_agreement	Write a natural, coherent English sentence.
690	18	Many actresses discovered those big oases.	Many actresses discovered that big oases.	-93.0	-93.0	-10.3125	-10.3125	False	False	morphology	determiner_noun_agreement	Write a natural, coherent English sentence.
691	18	The school talks about those young alumni.	The school talks about that young alumni.	-103.5	-103.5	-10.375	-10.3125	False	False	morphology	determiner_noun_agreement	Write a natural, coherent English sentence.
692	18	Omar admired these blue fungi.	Omar admired this blue fungi.	-93.5	-93.5	-10.375	-10.375	False	False	morphology	determiner_noun_agreement	Write a natural, coherent English sentence.
693	18	Some school can't hate these good people.	Some school can't hate this good people.	-103.5	-104.0	-10.375	-10.375	True	False	morphology	determiner_noun_agreement	Write a natural, coherent English sentence.
694	18	A lot of eggplants wouldn't disturb that determined woman.	A lot of eggplants wouldn't disturb those determined woman.	-144.0	-144.0	-10.3125	-10.3125	False	False	morphology	determiner_noun_agreement	Write a natural, coherent English sentence.
695	18	That cake could annoy these uncertain men.	That cake could annoy this uncertain men.	-83.0	-83.0	-10.375	-10.375	False	False	morphology	determiner_noun_agreement	Write a natural, coherent English sentence.
696	18	Lamps are worrying these hopeful alumni.	Lamps are worrying this hopeful alumni.	-114.0	-114.0	-10.375	-10.3125	False	False	morphology	determiner_noun_agreement	Write a natural, coherent English sentence.
697	18	A lot of eggplants bore these excited alumni.	A lot of eggplants bore this excited alumni.	-134.0	-134.0	-10.3125	-10.3125	False	False	morphology	determiner_noun_agreement	Write a natural, coherent English sentence.
698	18	A lot of teachers arrived at these old oases.	A lot of teachers arrived at this old oases.	-113.5	-113.5	-10.3125	-10.3125	False	False	morphology	determiner_noun_agreement	Write a natural, coherent English sentence.
699	18	Most sweaters hurt those happy people.	Most sweaters hurt that happy people.	-83.0	-83.0	-10.375	-10.375	False	False	morphology	determiner_noun_agreement	Write a natural, coherent English sentence.
700	18	Tara scans those good analyses.	Tara scans that good analyses.	-93.5	-93.5	-10.375	-10.375	False	False	morphology	determiner_noun_agreement	Write a natural, coherent English sentence.
701	18	The man doesn't reference this out in the open woman.	The man doesn't reference these out in the open woman.	-135.0	-135.0	-10.375	-10.375	False	False	morphology	determiner_noun_agreement	Write a natural, coherent English sentence.
702	18	This cashier is leaving this employed person.	This cashier is leaving these employed person.	-93.0	-93.0	-10.3125	-10.3125	False	False	morphology	determiner_noun_agreement	Write a natural, coherent English sentence.
703	18	Bananas bother these clever alumni.	Bananas bother this clever alumni.	-93.0	-93.0	-10.3125	-10.3125	False	False	morphology	determiner_noun_agreement	Write a natural, coherent English sentence.
704	18	Some convertibles had worried those fast men.	Some convertibles had worried that fast men.	-93.0	-93.0	-10.375	-10.375	False	False	morphology	determiner_noun_agreement	Write a natural, coherent English sentence.
705	18	Carl bored those nice women.	Carl bored that nice women.	-62.25	-62.25	-10.375	-10.375	False	False	morphology	determiner_noun_agreement	Write a natural, coherent English sentence.
706	18	These teachers explore these old oases.	These teachers explore this old oases.	-83.0	-83.0	-10.375	-10.375	False	False	morphology	determiner_noun_agreement	Write a natural, coherent English sentence.
707	18	Many waiters work with this scared child.	Many waiters work with these scared child.	-93.0	-93.0	-10.375	-10.375	False	False	morphology	determiner_noun_agreement	Write a natural, coherent English sentence.
708	18	Committees admire that smart child.	Committees admire those smart child.	-93.0	-93.0	-10.3125	-10.3125	False	False	morphology	determiner_noun_agreement	Write a natural, coherent English sentence.
709	18	Matt approaches this exposed child.	Matt approaches these exposed child.	-62.25	-62.25	-10.375	-10.375	False	False	morphology	determiner_noun_agreement	Write a natural, coherent English sentence.
710	18	Brian talks to this lucky man.	Brian talks to these lucky man.	-72.5	-72.5	-10.375	-10.375	False	False	morphology	determiner_noun_agreement	Write a natural, coherent English sentence.
711	18	A boy isn't talking about that red oasis.	A boy isn't talking about those red oasis.	-124.0	-124.0	-10.3125	-10.3125	False	False	morphology	determiner_noun_agreement	Write a natural, coherent English sentence.
712	18	Phillip bought those black feet.	Phillip bought that black feet.	-72.5	-72.5	-10.375	-10.375	False	False	morphology	determiner_noun_agreement	Write a natural, coherent English sentence.
713	18	Eric isn't buying those brown geese.	Eric isn't buying that brown geese.	-103.5	-103.5	-10.375	-10.375	False	False	morphology	determiner_noun_agreement	Write a natural, coherent English sentence.
714	18	Elaine remembers this delighted woman.	Elaine remembers these delighted woman.	-83.0	-83.0	-10.375	-10.375	False	False	morphology	determiner_noun_agreement	Write a natural, coherent English sentence.
715	18	This pedestrian arrives at that smooth oasis.	This pedestrian arrives at those smooth oasis.	-103.5	-103.5	-10.375	-10.375	False	False	morphology	determiner_noun_agreement	Write a natural, coherent English sentence.
716	18	Those men forget these smart men.	Those men forget this smart men.	-72.5	-72.5	-10.375	-10.375	False	False	morphology	determiner_noun_agreement	Write a natural, coherent English sentence.
717	18	Tara might alarm this unsure person.	Tara might alarm these unsure person.	-93.5	-93.0	-10.375	-10.375	False	False	morphology	determiner_noun_agreement	Write a natural, coherent English sentence.
718	18	Vanessa was healing those purple geese.	Vanessa was healing that purple geese.	-93.0	-93.0	-10.375	-10.375	False	False	morphology	determiner_noun_agreement	Write a natural, coherent English sentence.
719	18	Steven hasn't questioned those troubled people.	Steven hasn't questioned that troubled people.	-103.5	-103.5	-10.375	-10.375	False	False	morphology	determiner_noun_agreement	Write a natural, coherent English sentence.
720	18	Thomas hides this clever woman.	Thomas hides these clever woman.	-72.5	-72.5	-10.375	-10.375	False	False	morphology	determiner_noun_agreement	Write a natural, coherent English sentence.
721	18	Most eyes confuse these content alumni.	Most eyes confuse this content alumni.	-103.5	-103.5	-10.375	-10.375	False	False	morphology	determiner_noun_agreement	Write a natural, coherent English sentence.
722	18	That dog aggravates this busy child.	That dog aggravates these busy child.	-93.0	-93.0	-10.3125	-10.3125	False	False	morphology	determiner_noun_agreement	Write a natural, coherent English sentence.
723	18	Karen has attacked this popular child.	Karen has attacked these popular child.	-72.5	-72.5	-10.375	-10.375	False	False	morphology	determiner_noun_agreement	Write a natural, coherent English sentence.
724	18	Heidi might confuse those displeased men.	Heidi might confuse that displeased men.	-113.5	-113.5	-10.3125	-10.3125	False	False	morphology	determiner_noun_agreement	Write a natural, coherent English sentence.
725	18	Maria kisses this bad person.	Maria kisses these bad person.	-72.5	-72.5	-10.375	-10.375	False	False	morphology	determiner_noun_agreement	Write a natural, coherent English sentence.
726	18	Tanya passes this purple oasis.	Tanya passes these purple oasis.	-83.0	-83.0	-10.375	-10.375	False	False	morphology	determiner_noun_agreement	Write a natural, coherent English sentence.
727	18	Marla has respected those delighted alumni.	Marla has respected that delighted alumni.	-104.0	-103.5	-10.375	-10.375	False	False	morphology	determiner_noun_agreement	Write a natural, coherent English sentence.
728	18	Paula is investigating this employed alumnus.	Paula is investigating these employed alumnus.	-114.0	-114.0	-10.375	-10.375	False	False	morphology	determiner_noun_agreement	Write a natural, coherent English sentence.
729	18	Most chairs aren't disgusting those serious women.	Most chairs aren't disgusting that serious women.	-114.0	-114.0	-10.375	-10.375	False	False	morphology	determiner_noun_agreement	Write a natural, coherent English sentence.
730	18	Men hadn't run around this purple oasis.	Men hadn't run around these purple oasis.	-114.0	-114.0	-10.375	-10.375	False	False	morphology	determiner_noun_agreement	Write a natural, coherent English sentence.
731	18	Tina hadn't arrived at those green oases.	Tina hadn't arrived at that green oases.	-124.5	-124.0	-10.375	-10.375	False	False	morphology	determiner_noun_agreement	Write a natural, coherent English sentence.
732	18	Karla knew this busy alumnus.	Karla knew these busy alumnus.	-93.5	-93.0	-10.375	-10.375	False	False	morphology	determiner_noun_agreement	Write a natural, coherent English sentence.
733	18	The actors care for these exposed people.	The actors care for this exposed people.	-83.0	-83.0	-10.375	-10.375	False	False	morphology	determiner_noun_agreement	Write a natural, coherent English sentence.
734	18	Michelle might alarm this employed man.	Michelle might alarm these employed man.	-72.5	-72.5	-10.375	-10.375	False	False	morphology	determiner_noun_agreement	Write a natural, coherent English sentence.
735	18	Maria hasn't walked through these hard oases.	Maria hasn't walked through this hard oases.	-114.0	-114.0	-10.375	-10.375	False	False	morphology	determiner_noun_agreement	Write a natural, coherent English sentence.
736	18	That report might disagree with those delighted men.	That report might disagree with that delighted men.	-93.5	-93.5	-10.375	-10.375	False	False	morphology	determiner_noun_agreement	Write a natural, coherent English sentence.
737	18	Actresses discuss this popular person.	Actresses discuss these popular person.	-82.5	-82.5	-10.3125	-10.3125	False	False	morphology	determiner_noun_agreement	Write a natural, coherent English sentence.
738	18	Holly won't watch these unlucky men.	Holly won't watch this unlucky men.	-113.5	-113.5	-10.3125	-10.3125	False	False	morphology	determiner_noun_agreement	Write a natural, coherent English sentence.
739	18	Carl was driving to those blue oases.	Carl was driving to that blue oases.	-93.0	-93.0	-10.375	-10.375	False	False	morphology	determiner_noun_agreement	Write a natural, coherent English sentence.
740	18	Bill passes that rough oasis.	Bill passes those rough oasis.	-72.5	-72.5	-10.375	-10.375	False	False	morphology	determiner_noun_agreement	Write a natural, coherent English sentence.
741	18	All men praise this good thesis.	All men praise these good thesis.	-72.5	-72.5	-10.3125	-10.375	False	True	morphology	determiner_noun_agreement	Write a natural, coherent English sentence.
742	18	Many doctors should escape from these hopeful women.	Many doctors should escape from this hopeful women.	-103.0	-103.5	-10.3125	-10.3125	True	False	morphology	determiner_noun_agreement	Write a natural, coherent English sentence.
743	18	Many girls find these nice men.	Many girls find this nice men.	-72.5	-72.5	-10.375	-10.375	False	False	morphology	determiner_noun_agreement	Write a natural, coherent English sentence.
744	18	Every museum helps those concealed children.	Every museum helps that concealed children.	-83.0	-83.0	-10.375	-10.375	False	False	morphology	determiner_noun_agreement	Write a natural, coherent English sentence.
745	18	Marla was distracting these determined people.	Marla was distracting this determined people.	-93.0	-93.0	-10.375	-10.375	False	False	morphology	determiner_noun_agreement	Write a natural, coherent English sentence.
746	18	Those computers might confuse this nice child.	Those computers might confuse these nice child.	-93.5	-93.0	-10.375	-10.375	False	False	morphology	determiner_noun_agreement	Write a natural, coherent English sentence.
747	18	Tanya hasn't loved that content woman.	Tanya hasn't loved those content woman.	-103.5	-103.5	-10.375	-10.375	False	False	morphology	determiner_noun_agreement	Write a natural, coherent English sentence.
748	18	Theresa won't conceal those lost lice.	Theresa won't conceal that lost lice.	-124.5	-124.5	-10.375	-10.375	False	False	morphology	determiner_noun_agreement	Write a natural, coherent English sentence.
749	18	The Borgias do cure these out in the open octopi.	The Borgias do cure this out in the open octopi.	-156.0	-156.0	-10.375	-10.375	False	False	morphology	determiner_noun_agreement	Write a natural, coherent English sentence.
750	18	Kenneth messed up those lost teeth.	Kenneth messed up that lost teeth.	-93.0	-93.0	-10.375	-10.375	False	False	morphology	determiner_noun_agreement	Write a natural, coherent English sentence.
751	18	Jodi doesn't alarm these unsure people.	Jodi doesn't alarm this unsure people.	-114.0	-114.0	-10.375	-10.375	False	False	morphology	determiner_noun_agreement	Write a natural, coherent English sentence.
752	18	This customer scans those good analyses.	This customer scans that good analyses.	-93.0	-93.0	-10.375	-10.375	False	False	morphology	determiner_noun_agreement	Write a natural, coherent English sentence.
753	18	Vincent can't watch this hopeful alumnus.	Vincent can't watch these hopeful alumnus.	-124.0	-124.0	-10.375	-10.375	False	False	morphology	determiner_noun_agreement	Write a natural, coherent English sentence.
754	18	Jodi talked to this unconvinced child.	Jodi talked to these unconvinced child.	-114.0	-114.0	-10.375	-10.375	False	False	morphology	determiner_noun_agreement	Write a natural, coherent English sentence.
755	18	Katherine exited these exposed oases.	Katherine exited this exposed oases.	-93.0	-93.0	-10.375	-10.375	False	False	morphology	determiner_noun_agreement	Write a natural, coherent English sentence.
756	18	Beverly hasn't brought these rough fungi.	Beverly hasn't brought this rough fungi.	-114.0	-114.0	-10.375	-10.375	False	False	morphology	determiner_noun_agreement	Write a natural, coherent English sentence.
757	18	That unicycle is boring those standing children.	That unicycle is boring that standing children.	-103.5	-103.5	-10.375	-10.375	False	False	morphology	determiner_noun_agreement	Write a natural, coherent English sentence.
758	18	That boy can't escape from those unsure children.	That boy can't escape from that unsure children.	-124.0	-124.0	-10.3125	-10.375	False	True	morphology	determiner_noun_agreement	Write a natural, coherent English sentence.
759	18	An adult bought these black axes.	An adult bought this black axes.	-83.0	-83.0	-10.375	-10.375	False	False	morphology	determiner_noun_agreement	Write a natural, coherent English sentence.
760	18	Sara isn't kissing this nice woman.	Sara isn't kissing these nice woman.	-103.5	-103.5	-10.375	-10.375	False	False	morphology	determiner_noun_agreement	Write a natural, coherent English sentence.
761	18	Robert couldn't embarrass those scared people.	Robert couldn't embarrass that scared people.	-93.5	-93.0	-10.375	-10.375	False	False	morphology	determiner_noun_agreement	Write a natural, coherent English sentence.
762	18	Deborah had fled from that important woman.	Deborah had fled from those important woman.	-103.5	-103.5	-10.375	-10.375	False	False	morphology	determiner_noun_agreement	Write a natural, coherent English sentence.
763	18	Brenda discussed that serious woman.	Brenda discussed those serious woman.	-72.5	-72.5	-10.375	-10.375	False	False	morphology	determiner_noun_agreement	Write a natural, coherent English sentence.
764	18	Some women questioned that big woman.	Some women questioned those big woman.	-72.5	-72.5	-10.3125	-10.375	False	True	morphology	determiner_noun_agreement	Write a natural, coherent English sentence.
765	18	Rodney didn't kiss those displeased women.	Rodney didn't kiss that displeased women.	-124.0	-124.0	-10.375	-10.375	False	False	morphology	determiner_noun_agreement	Write a natural, coherent English sentence.
766	18	Carrie can help those lost alumni.	Carrie can help that lost alumni.	-103.5	-103.5	-10.3125	-10.3125	False	False	morphology	determiner_noun_agreement	Write a natural, coherent English sentence.
767	18	Many guests approach this lucky man.	Many guests approach these lucky man.	-72.5	-72.5	-10.3125	-10.3125	False	False	morphology	determiner_noun_agreement	Write a natural, coherent English sentence.
768	18	Some student messes up that hard foot.	Some student messes up those hard foot.	-93.0	-93.0	-10.375	-10.3125	False	False	morphology	determiner_noun_agreement	Write a natural, coherent English sentence.
769	18	Some men had skated around these hard oases.	Some men had skated around this hard oases.	-114.0	-114.0	-10.3125	-10.3125	False	False	morphology	determiner_noun_agreement	Write a natural, coherent English sentence.
770	18	Some light would annoy those happy alumni.	Some light would annoy that happy alumni.	-103.5	-103.5	-10.3125	-10.3125	False	False	morphology	determiner_noun_agreement	Write a natural, coherent English sentence.
771	18	Many casseroles shock these unconvinced men.	Many casseroles shock this unconvinced men.	-124.0	-124.0	-10.3125	-10.375	False	True	morphology	determiner_noun_agreement	Write a natural, coherent English sentence.
772	18	Carl talks about those confident children.	Carl talks about that confident children.	-72.5	-72.5	-10.375	-10.375	False	False	morphology	determiner_noun_agreement	Write a natural, coherent English sentence.
773	18	Timothy was dropping by those new oases.	Timothy was dropping by that new oases.	-103.5	-103.5	-10.375	-10.375	False	False	morphology	determiner_noun_agreement	Write a natural, coherent English sentence.
774	18	Lori has approached these scared people.	Lori has approached this scared people.	-83.0	-83.0	-10.375	-10.375	False	False	morphology	determiner_noun_agreement	Write a natural, coherent English sentence.
775	18	Jodi wouldn't mess up those orange feet.	Jodi wouldn't mess up that orange feet.	-114.0	-114.0	-10.375	-10.375	False	False	morphology	determiner_noun_agreement	Write a natural, coherent English sentence.
776	18	This newspaper article will embarrass this determined child.	This newspaper article will embarrass these determined child.	-93.0	-93.0	-10.3125	-10.3125	False	False	morphology	determiner_noun_agreement	Write a natural, coherent English sentence.
777	18	A lot of guys conceal this long analysis.	A lot of guys conceal these long analysis.	-103.5	-103.5	-10.3125	-10.3125	False	False	morphology	determiner_noun_agreement	Write a natural, coherent English sentence.
778	18	Lawrence fired that serious woman.	Lawrence fired those serious woman.	-62.25	-62.5	-10.375	-10.375	True	False	morphology	determiner_noun_agreement	Write a natural, coherent English sentence.
779	18	This story didn't bore this serious man.	This story didn't bore these serious man.	-103.5	-103.5	-10.375	-10.375	False	False	morphology	determiner_noun_agreement	Write a natural, coherent English sentence.
780	18	Mary can't remember that clever person.	Mary can't remember those clever person.	-93.5	-93.5	-10.375	-10.375	False	False	morphology	determiner_noun_agreement	Write a natural, coherent English sentence.
781	18	Marie could listen to that big woman.	Marie could listen to those big woman.	-83.0	-83.0	-10.375	-10.375	False	False	morphology	determiner_noun_agreement	Write a natural, coherent English sentence.
782	18	Clyde had those exposed axes.	Clyde had that exposed axes.	-93.5	-93.5	-10.375	-10.375	False	False	morphology	determiner_noun_agreement	Write a natural, coherent English sentence.
783	18	Victoria has left these delighted men.	Victoria has left this delighted men.	-72.5	-72.5	-10.375	-10.375	False	False	morphology	determiner_noun_agreement	Write a natural, coherent English sentence.
784	18	The Impressionists disagree with those bad analyses.	The Impressionists disagree with that bad analyses.	-113.5	-113.5	-10.3125	-10.3125	False	False	morphology	determiner_noun_agreement	Write a natural, coherent English sentence.
785	18	Amy took that hidden fungus.	Amy took those hidden fungus.	-83.0	-83.0	-10.375	-10.375	False	False	morphology	determiner_noun_agreement	Write a natural, coherent English sentence.
786	18	Rose was fixing this hard foot.	Rose was fixing these hard foot.	-72.5	-72.5	-10.375	-10.375	False	False	morphology	determiner_noun_agreement	Write a natural, coherent English sentence.
787	18	Most dishes weren't astounding these scared men.	Most dishes weren't astounding this scared men.	-124.5	-124.0	-10.375	-10.375	False	False	morphology	determiner_noun_agreement	Write a natural, coherent English sentence.
788	18	The doctor sees those smooth cacti.	The doctor sees that smooth cacti.	-93.0	-93.0	-10.375	-10.375	False	False	morphology	determiner_noun_agreement	Write a natural, coherent English sentence.
789	18	Rodney hadn't cured these white octopi.	Rodney hadn't cured this white octopi.	-135.0	-134.0	-10.375	-10.375	False	False	morphology	determiner_noun_agreement	Write a natural, coherent English sentence.
790	18	This museum hadn't disgusted these troubled men.	This museum hadn't disgusted this troubled men.	-124.0	-124.0	-10.375	-10.3125	False	False	morphology	determiner_noun_agreement	Write a natural, coherent English sentence.
791	18	Patrick complained about those scared men.	Patrick complained about that scared men.	-72.5	-72.5	-10.375	-10.375	False	False	morphology	determiner_noun_agreement	Write a natural, coherent English sentence.
792	18	Jacqueline should stun these determined alumni.	Jacqueline should stun this determined alumni.	-124.5	-124.0	-10.375	-10.375	False	False	morphology	determiner_noun_agreement	Write a natural, coherent English sentence.
793	18	All apples worry this serious man.	All apples worry these serious man.	-82.5	-82.5	-10.3125	-10.3125	False	False	morphology	determiner_noun_agreement	Write a natural, coherent English sentence.
794	18	The drawing isn't scaring that old child.	The drawing isn't scaring those old child.	-114.0	-114.0	-10.375	-10.375	False	False	morphology	determiner_noun_agreement	Write a natural, coherent English sentence.
795	18	Veronica questioned this uncertain woman.	Veronica questioned these uncertain woman.	-82.5	-82.5	-10.3125	-10.3125	False	False	morphology	determiner_noun_agreement	Write a natural, coherent English sentence.
796	18	Vanessa hadn't known this determined alumnus.	Vanessa hadn't known these determined alumnus.	-124.0	-124.0	-10.3125	-10.3125	False	False	morphology	determiner_noun_agreement	Write a natural, coherent English sentence.
797	18	Cynthia hadn't kissed this unemployed man.	Cynthia hadn't kissed these unemployed man.	-134.0	-134.0	-10.3125	-10.3125	False	False	morphology	determiner_noun_agreement	Write a natural, coherent English sentence.
798	18	These companies irritate that exposed woman.	These companies irritate those exposed woman.	-83.0	-83.0	-10.375	-10.375	False	False	morphology	determiner_noun_agreement	Write a natural, coherent English sentence.
799	18	This dancer wasn't biking to this orange oasis.	This dancer wasn't biking to these orange oasis.	-145.0	-145.0	-10.375	-10.375	False	False	morphology	determiner_noun_agreement	Write a natural, coherent English sentence.
800	18	Those legislatures could disturb this upset alumnus.	Those legislatures could disturb these upset alumnus.	-113.5	-113.5	-10.3125	-10.3125	False	False	morphology	determiner_noun_agreement	Write a natural, coherent English sentence.
801	18	Some adult hasn't hidden these ill men.	Some adult hasn't hidden this ill men.	-103.5	-103.5	-10.375	-10.375	False	False	morphology	determiner_noun_agreement	Write a natural, coherent English sentence.
802	18	A cashier should insult these hidden children.	A cashier should insult this hidden children.	-93.0	-93.0	-10.375	-10.375	False	False	morphology	determiner_noun_agreement	Write a natural, coherent English sentence.
803	18	Danielle could annoy that confident man.	Danielle could annoy those confident man.	-83.0	-83.0	-10.375	-10.375	False	False	morphology	determiner_noun_agreement	Write a natural, coherent English sentence.
804	18	These teachers lift this exposed goose.	These teachers lift these exposed goose.	-82.5	-83.0	-10.3125	-10.375	True	True	morphology	determiner_noun_agreement	Write a natural, coherent English sentence.
805	18	Christina drove to that exposed oasis.	Christina drove to those exposed oasis.	-93.0	-93.0	-10.3125	-10.3125	False	False	morphology	determiner_noun_agreement	Write a natural, coherent English sentence.
806	18	Jesus hadn't sounded like these hidden people.	Jesus hadn't sounded like this hidden people.	-103.5	-103.5	-10.375	-10.375	False	False	morphology	determiner_noun_agreement	Write a natural, coherent English sentence.
807	18	Many mushrooms irritate that upset man.	Many mushrooms irritate those upset man.	-93.0	-93.0	-10.3125	-10.3125	False	False	morphology	determiner_noun_agreement	Write a natural, coherent English sentence.
808	18	Some committee bought those white lice.	Some committee bought that white lice.	-83.0	-83.0	-10.375	-10.375	False	False	morphology	determiner_noun_agreement	Write a natural, coherent English sentence.
809	18	Daniel hasn't known this determined man.	Daniel hasn't known these determined man.	-93.0	-93.0	-10.375	-10.375	False	False	morphology	determiner_noun_agreement	Write a natural, coherent English sentence.
810	18	Art hadn't scared these serious alumni.	Art hadn't scared this serious alumni.	-114.0	-114.0	-10.375	-10.375	False	False	morphology	determiner_noun_agreement	Write a natural, coherent English sentence.
811	18	Alice fires this unconvinced child.	Alice fires these unconvinced child.	-93.5	-93.5	-10.375	-10.375	False	False	morphology	determiner_noun_agreement	Write a natural, coherent English sentence.
812	18	Melanie hid that exposed tooth.	Melanie hid those exposed tooth.	-72.5	-72.0	-10.3125	-10.3125	False	False	morphology	determiner_noun_agreement	Write a natural, coherent English sentence.
813	18	Most hamsters find that red tooth.	Most hamsters find those red tooth.	-82.5	-83.0	-10.3125	-10.375	True	True	morphology	determiner_noun_agreement	Write a natural, coherent English sentence.
814	18	Those children explore those small oases.	Those children explore that small oases.	-82.5	-83.0	-10.3125	-10.375	True	True	morphology	determiner_noun_agreement	Write a natural, coherent English sentence.
815	18	Most museums listen to this troubled man.	Most museums listen to these troubled man.	-103.0	-103.0	-10.3125	-10.3125	False	False	morphology	determiner_noun_agreement	Write a natural, coherent English sentence.
816	18	Patrick embarrassed this unemployed person.	Patrick embarrassed these unemployed person.	-72.0	-72.5	-10.3125	-10.3125	True	False	morphology	determiner_noun_agreement	Write a natural, coherent English sentence.
817	18	A lot of icicles had alarmed that hidden woman.	A lot of icicles had alarmed those hidden woman.	-124.0	-124.0	-10.375	-10.375	False	False	morphology	determiner_noun_agreement	Write a natural, coherent English sentence.
818	18	Matt hadn't impressed this exposed child.	Matt hadn't impressed these exposed child.	-93.5	-93.5	-10.375	-10.375	False	False	morphology	determiner_noun_agreement	Write a natural, coherent English sentence.
819	18	Eric might see those new feet.	Eric might see that new feet.	-72.5	-72.5	-10.375	-10.375	False	False	morphology	determiner_noun_agreement	Write a natural, coherent English sentence.
820	18	Some turtle can confuse this old alumnus.	Some turtle can confuse these old alumnus.	-134.0	-134.0	-10.3125	-10.375	False	True	morphology	determiner_noun_agreement	Write a natural, coherent English sentence.
821	18	Most guests explore these smooth oases.	Most guests explore this smooth oases.	-83.0	-83.0	-10.375	-10.375	False	False	morphology	determiner_noun_agreement	Write a natural, coherent English sentence.
822	18	Brian has praised that happy alumnus.	Brian has praised those happy alumnus.	-93.0	-93.0	-10.3125	-10.3125	False	False	morphology	determiner_noun_agreement	Write a natural, coherent English sentence.
823	18	Karen sees these ill lice.	Karen sees this ill lice.	-72.5	-72.5	-10.375	-10.375	False	False	morphology	determiner_noun_agreement	Write a natural, coherent English sentence.
824	18	Alicia doesn't observe this confident alumnus.	Alicia doesn't observe these confident alumnus.	-134.0	-134.0	-10.3125	-10.3125	False	False	morphology	determiner_noun_agreement	Write a natural, coherent English sentence.
825	18	That horse does find this lost octopus.	That horse does find these lost octopus.	-103.5	-103.5	-10.375	-10.3125	False	False	morphology	determiner_noun_agreement	Write a natural, coherent English sentence.
826	18	Those customers haven't annoyed those delighted children.	Those customers haven't annoyed that delighted children.	-113.5	-113.5	-10.3125	-10.3125	False	False	morphology	determiner_noun_agreement	Write a natural, coherent English sentence.
827	18	The Great Lakes confused these hidden women.	The Great Lakes confused this hidden women.	-93.0	-93.5	-10.375	-10.375	True	False	morphology	determiner_noun_agreement	Write a natural, coherent English sentence.
828	18	Russell watches these unsure women.	Russell watches this unsure women.	-72.5	-72.5	-10.3125	-10.375	False	True	morphology	determiner_noun_agreement	Write a natural, coherent English sentence.
829	18	Jacqueline has concealed these long synopses.	Jacqueline has concealed this long synopses.	-124.0	-124.0	-10.375	-10.3125	False	False	morphology	determiner_noun_agreement	Write a natural, coherent English sentence.
830	18	Carrie isn't hiring this small woman.	Carrie isn't hiring these small woman.	-103.5	-103.5	-10.375	-10.375	False	False	morphology	determiner_noun_agreement	Write a natural, coherent English sentence.
831	18	Charles doesn't admire these big mice.	Charles doesn't admire this big mice.	-114.0	-114.0	-10.375	-10.375	False	False	morphology	determiner_noun_agreement	Write a natural, coherent English sentence.
832	18	The Impressionists might think about that white thesis.	The Impressionists might think about those white thesis.	-113.5	-113.5	-10.3125	-10.3125	False	False	morphology	determiner_noun_agreement	Write a natural, coherent English sentence.
833	18	Most men question those bad people.	Most men question that bad people.	-72.5	-72.5	-10.375	-10.375	False	False	morphology	determiner_noun_agreement	Write a natural, coherent English sentence.
834	18	Lissa hasn't left this upset woman.	Lissa hasn't left these upset woman.	-103.5	-103.5	-10.375	-10.375	False	False	morphology	determiner_noun_agreement	Write a natural, coherent English sentence.
835	18	Janice won't fire that determined child.	Janice won't fire those determined child.	-104.0	-103.5	-10.375	-10.375	False	False	morphology	determiner_noun_agreement	Write a natural, coherent English sentence.
836	18	This company criticized this lucky man.	This company criticized these lucky man.	-82.5	-83.0	-10.3125	-10.375	True	True	morphology	determiner_noun_agreement	Write a natural, coherent English sentence.
837	18	The banks hurt that excited woman.	The banks hurt those excited woman.	-72.5	-72.5	-10.375	-10.375	False	False	morphology	determiner_noun_agreement	Write a natural, coherent English sentence.
838	18	Peter wasn't walking through those red oases.	Peter wasn't walking through that red oases.	-113.5	-114.0	-10.3125	-10.3125	True	False	morphology	determiner_noun_agreement	Write a natural, coherent English sentence.
839	18	Rebecca wasn't referencing this long synopsis.	Rebecca wasn't referencing these long synopsis.	-114.0	-114.0	-10.3125	-10.3125	False	False	morphology	determiner_noun_agreement	Write a natural, coherent English sentence.
840	18	Naomi notices this smooth octopus.	Naomi notices these smooth octopus.	-103.0	-103.0	-10.3125	-10.3125	False	False	morphology	determiner_noun_agreement	Write a natural, coherent English sentence.
841	18	Patrick conceals this hard stimulus.	Patrick conceals these hard stimulus.	-83.0	-83.0	-10.375	-10.375	False	False	morphology	determiner_noun_agreement	Write a natural, coherent English sentence.
842	18	Candice shouldn't bring those smooth feet.	Candice shouldn't bring that smooth feet.	-103.5	-103.5	-10.375	-10.375	False	False	morphology	determiner_noun_agreement	Write a natural, coherent English sentence.
843	18	All books sound like those content women.	All books sound like that content women.	-83.0	-83.0	-10.375	-10.375	False	False	morphology	determiner_noun_agreement	Write a natural, coherent English sentence.
844	18	Bethany hasn't arrived at this white oasis.	Bethany hasn't arrived at these white oasis.	-124.0	-124.0	-10.3125	-10.3125	False	False	morphology	determiner_noun_agreement	Write a natural, coherent English sentence.
845	18	Steve reveals these unemployed alumni.	Steve reveals this unemployed alumni.	-93.0	-93.0	-10.3125	-10.3125	False	False	morphology	determiner_noun_agreement	Write a natural, coherent English sentence.
846	18	Sonia was upsetting that ill woman.	Sonia was upsetting those ill woman.	-93.0	-93.0	-10.3125	-10.3125	False	False	morphology	determiner_noun_agreement	Write a natural, coherent English sentence.
847	18	Keith wasn't boring these delighted men.	Keith wasn't boring this delighted men.	-93.5	-93.5	-10.375	-10.375	False	False	morphology	determiner_noun_agreement	Write a natural, coherent English sentence.
848	18	The Borgias admire these hard mice.	The Borgias admire this hard mice.	-114.5	-114.5	-10.375	-10.375	False	False	morphology	determiner_noun_agreement	Write a natural, coherent English sentence.
849	18	These drivers had forgotten this good analysis.	These drivers had forgotten these good analysis.	-83.0	-83.0	-10.375	-10.375	False	False	morphology	determiner_noun_agreement	Write a natural, coherent English sentence.
850	18	Helen skates around this blue oasis.	Helen skates around these blue oasis.	-93.0	-93.0	-10.3125	-10.3125	False	False	morphology	determiner_noun_agreement	Write a natural, coherent English sentence.
851	18	Galileo found that smooth stimulus.	Galileo found those smooth stimulus.	-93.0	-93.0	-10.3125	-10.375	False	True	morphology	determiner_noun_agreement	Write a natural, coherent English sentence.
852	18	Kimberley isn't curing these small octopi.	Kimberley isn't curing this small octopi.	-145.0	-145.0	-10.375	-10.375	False	False	morphology	determiner_noun_agreement	Write a natural, coherent English sentence.
853	18	Debra didn't conceal these popular men.	Debra didn't conceal this popular men.	-114.0	-114.0	-10.375	-10.375	False	False	morphology	determiner_noun_agreement	Write a natural, coherent English sentence.
854	18	A lot of doctors hug these scared children.	A lot of doctors hug this scared children.	-93.0	-93.0	-10.3125	-10.3125	False	False	morphology	determiner_noun_agreement	Write a natural, coherent English sentence.
855	18	Those pedestrians weren't fleeing from these concealed men.	Those pedestrians weren't fleeing from this concealed men.	-155.0	-155.0	-10.375	-10.375	False	False	morphology	determiner_noun_agreement	Write a natural, coherent English sentence.
856	18	Those children find that exposed thesis.	Those children find those exposed thesis.	-72.5	-72.5	-10.375	-10.375	False	False	morphology	determiner_noun_agreement	Write a natural, coherent English sentence.
857	18	Debra admires these blue octopi.	Debra admires this blue octopi.	-103.5	-103.5	-10.375	-10.375	False	False	morphology	determiner_noun_agreement	Write a natural, coherent English sentence.
858	18	Bruce wasn't approaching that clever alumnus.	Bruce wasn't approaching those clever alumnus.	-114.0	-114.0	-10.375	-10.375	False	False	morphology	determiner_noun_agreement	Write a natural, coherent English sentence.
859	18	Lawrence isn't questioning that nice woman.	Lawrence isn't questioning those nice woman.	-93.5	-93.5	-10.375	-10.375	False	False	morphology	determiner_noun_agreement	Write a natural, coherent English sentence.
860	18	Some waitresses have this big octopus.	Some waitresses have these big octopus.	-113.0	-113.0	-10.3125	-10.3125	False	False	morphology	determiner_noun_agreement	Write a natural, coherent English sentence.
861	18	Carolyn had embarrassed that busy alumnus.	Carolyn had embarrassed those busy alumnus.	-103.5	-103.5	-10.375	-10.375	False	False	morphology	determiner_noun_agreement	Write a natural, coherent English sentence.
862	18	Jeffrey aggravated that smart man.	Jeffrey aggravated those smart man.	-93.0	-93.0	-10.3125	-10.3125	False	False	morphology	determiner_noun_agreement	Write a natural, coherent English sentence.
863	18	Guy messed up this yellow foot.	Guy messed up these yellow foot.	-83.0	-83.0	-10.375	-10.375	False	False	morphology	determiner_noun_agreement	Write a natural, coherent English sentence.
864	18	Every book is embarrassing this small woman.	Every book is embarrassing these small woman.	-93.0	-93.0	-10.3125	-10.3125	False	False	morphology	determiner_noun_agreement	Write a natural, coherent English sentence.
865	18	These associations were talking about these scared women.	These associations were talking about this scared women.	-93.0	-93.0	-10.375	-10.375	False	False	morphology	determiner_noun_agreement	Write a natural, coherent English sentence.
866	18	Todd disturbs this upset child.	Todd disturbs these upset child.	-83.0	-83.0	-10.375	-10.375	False	False	morphology	determiner_noun_agreement	Write a natural, coherent English sentence.
867	18	That window alarms these exposed women.	That window alarms this exposed women.	-83.0	-83.0	-10.375	-10.375	False	False	morphology	determiner_noun_agreement	Write a natural, coherent English sentence.
868	18	A window upsets these upset men.	A window upsets this upset men.	-83.0	-83.0	-10.375	-10.375	False	False	morphology	determiner_noun_agreement	Write a natural, coherent English sentence.
869	18	Monet is fixing that brown foot.	Monet is fixing those brown foot.	-83.0	-83.0	-10.375	-10.375	False	False	morphology	determiner_noun_agreement	Write a natural, coherent English sentence.
870	18	Adam left these big alumni.	Adam left this big alumni.	-83.0	-83.0	-10.375	-10.375	False	False	morphology	determiner_noun_agreement	Write a natural, coherent English sentence.
871	18	Stacy can exit that big oasis.	Stacy can exit those big oasis.	-93.5	-93.0	-10.375	-10.375	False	False	morphology	determiner_noun_agreement	Write a natural, coherent English sentence.
872	18	Roger was returning to those happy alumni.	Roger was returning to that happy alumni.	-103.5	-103.5	-10.375	-10.3125	False	False	morphology	determiner_noun_agreement	Write a natural, coherent English sentence.
873	18	Dana isn't investigating this ill woman.	Dana isn't investigating these ill woman.	-114.0	-114.0	-10.375	-10.375	False	False	morphology	determiner_noun_agreement	Write a natural, coherent English sentence.
874	18	Tammy has those yellow axes.	Tammy has that yellow axes.	-83.0	-83.0	-10.375	-10.375	False	False	morphology	determiner_noun_agreement	Write a natural, coherent English sentence.
875	18	Marla leaves those employed children.	Marla leaves that employed children.	-73.0	-72.5	-10.375	-10.375	False	False	morphology	determiner_noun_agreement	Write a natural, coherent English sentence.
876	18	Sarah referenced that ill child.	Sarah referenced those ill child.	-72.5	-72.5	-10.3125	-10.3125	False	False	morphology	determiner_noun_agreement	Write a natural, coherent English sentence.
877	18	Edward complained about this serious child.	Edward complained about these serious child.	-72.5	-72.5	-10.375	-10.375	False	False	morphology	determiner_noun_agreement	Write a natural, coherent English sentence.
878	18	Carolyn healed those bad women.	Carolyn healed that bad women.	-83.0	-83.0	-10.375	-10.375	False	False	morphology	determiner_noun_agreement	Write a natural, coherent English sentence.
879	18	The waitresses fired those upset alumni.	The waitresses fired that upset alumni.	-113.5	-113.5	-10.3125	-10.3125	False	False	morphology	determiner_noun_agreement	Write a natural, coherent English sentence.
880	18	Every driver dropped by that old oasis.	Every driver dropped by those old oasis.	-93.0	-93.0	-10.375	-10.375	False	False	morphology	determiner_noun_agreement	Write a natural, coherent English sentence.
881	18	William hadn't hugged these hopeful alumni.	William hadn't hugged this hopeful alumni.	-134.0	-134.0	-10.3125	-10.3125	False	False	morphology	determiner_noun_agreement	Write a natural, coherent English sentence.
882	18	The Lutherans had messed up those lost feet.	The Lutherans had messed up that lost feet.	-114.0	-114.0	-10.375	-10.375	False	False	morphology	determiner_noun_agreement	Write a natural, coherent English sentence.
883	18	Florence hasn't confused those standing men.	Florence hasn't confused that standing men.	-93.5	-93.5	-10.375	-10.375	False	False	morphology	determiner_noun_agreement	Write a natural, coherent English sentence.
884	18	Some convertible upset this upset woman.	Some convertible upset these upset woman.	-82.5	-82.5	-10.3125	-10.3125	False	False	morphology	determiner_noun_agreement	Write a natural, coherent English sentence.
885	18	Rebecca saw this hidden foot.	Rebecca saw these hidden foot.	-62.0	-62.0	-10.375	-10.375	False	False	morphology	determiner_noun_agreement	Write a natural, coherent English sentence.
886	18	Derek returned to these content men.	Derek returned to this content men.	-83.0	-83.0	-10.375	-10.375	False	False	morphology	determiner_noun_agreement	Write a natural, coherent English sentence.
887	18	Those teachers love those hidden women.	Those teachers love that hidden women.	-72.5	-72.5	-10.375	-10.375	False	False	morphology	determiner_noun_agreement	Write a natural, coherent English sentence.
888	18	Jennifer worried those ill men.	Jennifer worried that ill men.	-62.25	-62.25	-10.375	-10.375	False	False	morphology	determiner_noun_agreement	Write a natural, coherent English sentence.
889	18	A chair was stunning this big man.	A chair was stunning these big man.	-83.0	-83.0	-10.375	-10.375	False	False	morphology	determiner_noun_agreement	Write a natural, coherent English sentence.
890	18	Paintings looked like that gray thesis.	Paintings looked like those gray thesis.	-93.5	-93.5	-10.375	-10.375	False	False	morphology	determiner_noun_agreement	Write a natural, coherent English sentence.
891	18	Karla toured this rough oasis.	Karla toured these rough oasis.	-93.5	-93.5	-10.375	-10.375	False	False	morphology	determiner_noun_agreement	Write a natural, coherent English sentence.
892	18	Walter couldn't boycott those hidden oases.	Walter couldn't boycott that hidden oases.	-114.0	-114.0	-10.375	-10.375	False	False	morphology	determiner_noun_agreement	Write a natural, coherent English sentence.
893	18	Donald has worried this smart man.	Donald has worried these smart man.	-72.0	-72.5	-10.3125	-10.3125	True	False	morphology	determiner_noun_agreement	Write a natural, coherent English sentence.
894	18	Catherine has boycotted those gray oases.	Catherine has boycotted that gray oases.	-103.5	-103.5	-10.375	-10.375	False	False	morphology	determiner_noun_agreement	Write a natural, coherent English sentence.
895	18	Nicole toured those yellow oases.	Nicole toured that yellow oases.	-83.0	-83.0	-10.375	-10.375	False	False	morphology	determiner_noun_agreement	Write a natural, coherent English sentence.
896	18	Barbara praises that young woman.	Barbara praises those young woman.	-72.5	-72.5	-10.375	-10.375	False	False	morphology	determiner_noun_agreement	Write a natural, coherent English sentence.
897	18	The apple aggravates those hopeful children.	The apple aggravates that hopeful children.	-103.0	-103.0	-10.3125	-10.3125	False	False	morphology	determiner_noun_agreement	Write a natural, coherent English sentence.
898	18	All photographs could look like this big fungus.	All photographs could look like these big fungus.	-113.5	-113.5	-10.3125	-10.3125	False	False	morphology	determiner_noun_agreement	Write a natural, coherent English sentence.
899	18	Guys should talk about that good synopsis.	Guys should talk about those good synopsis.	-103.5	-103.0	-10.3125	-10.3125	False	False	morphology	determiner_noun_agreement	Write a natural, coherent English sentence.
900	18	Tracy discovered this concealed alumnus.	Tracy discovered these concealed alumnus.	-103.0	-103.5	-10.3125	-10.375	True	True	morphology	determiner_noun_agreement	Write a natural, coherent English sentence.
901	18	All actresses are helping this troubled man.	All actresses are helping these troubled man.	-103.0	-103.0	-10.25	-10.3125	False	True	morphology	determiner_noun_agreement	Write a natural, coherent English sentence.
902	18	Douglas isn't revealing this dirty foot.	Douglas isn't revealing these dirty foot.	-93.5	-93.5	-10.375	-10.375	False	False	morphology	determiner_noun_agreement	Write a natural, coherent English sentence.
903	18	Most senators confuse that standing child.	Most senators confuse those standing child.	-93.5	-93.0	-10.375	-10.375	False	False	morphology	determiner_noun_agreement	Write a natural, coherent English sentence.
904	18	Those doctors embarrass that upset woman.	Those doctors embarrass those upset woman.	-72.5	-72.5	-10.375	-10.375	False	False	morphology	determiner_noun_agreement	Write a natural, coherent English sentence.
905	18	A lot of customers were healing those sick men.	A lot of customers were healing that sick men.	-103.0	-103.0	-10.3125	-10.3125	False	False	morphology	determiner_noun_agreement	Write a natural, coherent English sentence.
906	18	Sabrina does conceal these old alumni.	Sabrina does conceal this old alumni.	-124.0	-124.0	-10.375	-10.3125	False	False	morphology	determiner_noun_agreement	Write a natural, coherent English sentence.
907	18	Many girls can't observe those young alumni.	Many girls can't observe that young alumni.	-124.5	-124.0	-10.375	-10.375	False	False	morphology	determiner_noun_agreement	Write a natural, coherent English sentence.
908	18	The actresses hire that lucky man.	The actresses hire those lucky man.	-83.0	-82.5	-10.375	-10.3125	False	False	morphology	determiner_noun_agreement	Write a natural, coherent English sentence.
909	18	Andrea is firing that scared child.	Andrea is firing those scared child.	-72.5	-73.0	-10.375	-10.375	True	False	morphology	determiner_noun_agreement	Write a natural, coherent English sentence.
910	18	That dancer scanned that bad synopsis.	That dancer scanned those bad synopsis.	-103.5	-103.5	-10.375	-10.375	False	False	morphology	determiner_noun_agreement	Write a natural, coherent English sentence.
911	18	Daniel breaks these dirty teeth.	Daniel breaks this dirty teeth.	-62.25	-62.0	-10.375	-10.375	False	False	morphology	determiner_noun_agreement	Write a natural, coherent English sentence.
912	18	Students had messed up those purple teeth.	Students had messed up that purple teeth.	-93.0	-93.0	-10.3125	-10.3125	False	False	morphology	determiner_noun_agreement	Write a natural, coherent English sentence.
913	18	Becky boycotted those old oases.	Becky boycotted that old oases.	-103.5	-103.5	-10.375	-10.375	False	False	morphology	determiner_noun_agreement	Write a natural, coherent English sentence.
914	18	Florence talks to those good women.	Florence talks to that good women.	-72.5	-72.5	-10.375	-10.375	False	False	morphology	determiner_noun_agreement	Write a natural, coherent English sentence.
915	18	Carmen won't break this big foot.	Carmen won't break these big foot.	-104.0	-104.0	-10.375	-10.375	False	False	morphology	determiner_noun_agreement	Write a natural, coherent English sentence.
916	18	Stephen fired those employed men.	Stephen fired that employed men.	-62.25	-62.25	-10.375	-10.375	False	False	morphology	determiner_noun_agreement	Write a natural, coherent English sentence.
917	18	Many governments confuse this sick woman.	Many governments confuse these sick woman.	-83.0	-83.0	-10.375	-10.375	False	False	morphology	determiner_noun_agreement	Write a natural, coherent English sentence.
918	18	Heidi healed this troubled child.	Heidi healed these troubled child.	-93.0	-93.0	-10.3125	-10.3125	False	False	morphology	determiner_noun_agreement	Write a natural, coherent English sentence.
919	18	Daniel questions these employed alumni.	Daniel questions this employed alumni.	-83.0	-83.0	-10.375	-10.375	False	False	morphology	determiner_noun_agreement	Write a natural, coherent English sentence.
920	18	People admire these yellow oxen.	People admire this yellow oxen.	-83.0	-83.0	-10.375	-10.375	False	False	morphology	determiner_noun_agreement	Write a natural, coherent English sentence.
921	18	Those adults embarrasses this displeased woman.	Those adults embarrasses these displeased woman.	-103.5	-103.5	-10.3125	-10.375	False	True	morphology	determiner_noun_agreement	Write a natural, coherent English sentence.
922	18	Winston Churchill notices these big nuclei.	Winston Churchill notices this big nuclei.	-113.5	-113.5	-10.3125	-10.3125	False	False	morphology	determiner_noun_agreement	Write a natural, coherent English sentence.
923	18	All women hide those concealed nuclei.	All women hide that concealed nuclei.	-93.0	-93.0	-10.3125	-10.3125	False	False	morphology	determiner_noun_agreement	Write a natural, coherent English sentence.
924	18	Charles was escaping from those lucky men.	Charles was escaping from that lucky men.	-93.0	-93.0	-10.375	-10.375	False	False	morphology	determiner_noun_agreement	Write a natural, coherent English sentence.
925	18	Paul doesn't insult this happy woman.	Paul doesn't insult these happy woman.	-93.0	-93.5	-10.375	-10.375	True	False	morphology	determiner_noun_agreement	Write a natural, coherent English sentence.
926	18	Galileo isn't scanning this brown thesis.	Galileo isn't scanning these brown thesis.	-124.5	-124.5	-10.375	-10.375	False	False	morphology	determiner_noun_agreement	Write a natural, coherent English sentence.
927	18	The newspaper article doesn't annoy that exposed man.	The newspaper article doesn't annoy those exposed man.	-114.0	-114.0	-10.375	-10.375	False	False	morphology	determiner_noun_agreement	Write a natural, coherent English sentence.
928	18	Carmen noticed these gray cacti.	Carmen noticed this gray cacti.	-93.5	-93.5	-10.375	-10.375	False	False	morphology	determiner_noun_agreement	Write a natural, coherent English sentence.
929	18	Teresa approaches this upset man.	Teresa approaches these upset man.	-72.5	-72.5	-10.375	-10.375	False	False	morphology	determiner_noun_agreement	Write a natural, coherent English sentence.
930	18	April was revealing this hidden woman.	April was revealing these hidden woman.	-72.5	-72.5	-10.3125	-10.3125	False	False	morphology	determiner_noun_agreement	Write a natural, coherent English sentence.
931	18	Michael has loved these scared men.	Michael has loved this scared men.	-72.5	-72.5	-10.375	-10.375	False	False	morphology	determiner_noun_agreement	Write a natural, coherent English sentence.
932	18	Joseph hadn't bought those hard lice.	Joseph hadn't bought that hard lice.	-103.5	-103.5	-10.375	-10.375	False	False	morphology	determiner_noun_agreement	Write a natural, coherent English sentence.
933	18	Larry did drive to this out in the open oasis.	Larry did drive to these out in the open oasis.	-124.5	-124.5	-10.375	-10.375	False	False	morphology	determiner_noun_agreement	Write a natural, coherent English sentence.
934	18	Lisa hasn't driven to that new oasis.	Lisa hasn't driven to those new oasis.	-114.0	-114.0	-10.375	-10.375	False	False	morphology	determiner_noun_agreement	Write a natural, coherent English sentence.
935	18	Steve scanned this good synopsis.	Steve scanned these good synopsis.	-83.0	-83.0	-10.375	-10.375	False	False	morphology	determiner_noun_agreement	Write a natural, coherent English sentence.
936	18	The Lutherans care for those hopeful men.	The Lutherans care for that hopeful men.	-103.0	-103.5	-10.3125	-10.3125	True	False	morphology	determiner_noun_agreement	Write a natural, coherent English sentence.
937	18	Christine bikes to these orange oases.	Christine bikes to this orange oases.	-103.5	-103.5	-10.375	-10.375	False	False	morphology	determiner_noun_agreement	Write a natural, coherent English sentence.
938	18	Most actors distracted this popular woman.	Most actors distracted these popular woman.	-83.0	-83.0	-10.375	-10.375	False	False	morphology	determiner_noun_agreement	Write a natural, coherent English sentence.
939	18	Emily should observe those displeased men.	Emily should observe that displeased men.	-93.5	-93.0	-10.375	-10.375	False	False	morphology	determiner_noun_agreement	Write a natural, coherent English sentence.
940	18	The drivers do sell this green thesis.	The drivers do sell these green thesis.	-83.0	-83.0	-10.375	-10.375	False	False	morphology	determiner_noun_agreement	Write a natural, coherent English sentence.
941	18	Most drivers love these unemployed men.	Most drivers love this unemployed men.	-83.0	-83.0	-10.375	-10.375	False	False	morphology	determiner_noun_agreement	Write a natural, coherent English sentence.
942	18	Those doctors care for this hopeful man.	Those doctors care for these hopeful man.	-93.0	-93.0	-10.3125	-10.3125	False	False	morphology	determiner_noun_agreement	Write a natural, coherent English sentence.
943	18	Brad kisses that displeased man.	Brad kisses those displeased man.	-93.0	-93.5	-10.375	-10.375	True	False	morphology	determiner_noun_agreement	Write a natural, coherent English sentence.
944	18	Danielle had argued about those troubled men.	Danielle had argued about that troubled men.	-103.5	-103.0	-10.3125	-10.3125	False	False	morphology	determiner_noun_agreement	Write a natural, coherent English sentence.
945	18	An actor is disgusting those unsure men.	An actor is disgusting that unsure men.	-103.5	-103.5	-10.3125	-10.375	False	True	morphology	determiner_noun_agreement	Write a natural, coherent English sentence.
946	18	Galileo didn't hurt those displeased children.	Galileo didn't hurt that displeased children.	-134.0	-134.0	-10.375	-10.375	False	False	morphology	determiner_noun_agreement	Write a natural, coherent English sentence.
947	18	Omar messed up these small teeth.	Omar messed up this small teeth.	-93.0	-93.0	-10.3125	-10.3125	False	False	morphology	determiner_noun_agreement	Write a natural, coherent English sentence.
948	18	Carmen will watch this smart person.	Carmen will watch these smart person.	-83.0	-83.0	-10.375	-10.375	False	False	morphology	determiner_noun_agreement	Write a natural, coherent English sentence.
949	18	Jeffrey hid that unlucky child.	Jeffrey hid those unlucky child.	-93.0	-93.0	-10.3125	-10.3125	False	False	morphology	determiner_noun_agreement	Write a natural, coherent English sentence.
950	18	Every plane bothers this upset child.	Every plane bothers these upset child.	-82.5	-82.5	-10.3125	-10.3125	False	False	morphology	determiner_noun_agreement	Write a natural, coherent English sentence.
951	18	A lot of hospitals have those blue teeth.	A lot of hospitals have that blue teeth.	-93.0	-93.0	-10.3125	-10.3125	False	False	morphology	determiner_noun_agreement	Write a natural, coherent English sentence.
952	18	Nancy wasn't disturbing that clever man.	Nancy wasn't disturbing those clever man.	-103.5	-103.5	-10.375	-10.375	False	False	morphology	determiner_noun_agreement	Write a natural, coherent English sentence.
953	18	These ladies bought that white tooth.	These ladies bought those white tooth.	-72.5	-72.5	-10.3125	-10.375	False	True	morphology	determiner_noun_agreement	Write a natural, coherent English sentence.
954	18	Every skirt annoys that confident person.	Every skirt annoys those confident person.	-93.0	-93.0	-10.375	-10.375	False	False	morphology	determiner_noun_agreement	Write a natural, coherent English sentence.
955	18	These actors weren't biking to these red oases.	These actors weren't biking to this red oases.	-135.0	-135.0	-10.375	-10.375	False	False	morphology	determiner_noun_agreement	Write a natural, coherent English sentence.
956	18	Carmen has described those confident people.	Carmen has described that confident people.	-83.0	-83.0	-10.375	-10.375	False	False	morphology	determiner_noun_agreement	Write a natural, coherent English sentence.
957	18	All legislatures criticize that brown oasis.	All legislatures criticize those brown oasis.	-103.5	-103.5	-10.375	-10.3125	False	False	morphology	determiner_noun_agreement	Write a natural, coherent English sentence.
958	18	Paula works with that clever person.	Paula works with those clever person.	-83.0	-83.0	-10.375	-10.375	False	False	morphology	determiner_noun_agreement	Write a natural, coherent English sentence.
959	18	Benjamin respects those confident children.	Benjamin respects that confident children.	-72.5	-73.0	-10.375	-10.375	True	False	morphology	determiner_noun_agreement	Write a natural, coherent English sentence.
960	18	Mitchell attacked these unsure alumni.	Mitchell attacked this unsure alumni.	-93.0	-93.0	-10.375	-10.3125	False	False	morphology	determiner_noun_agreement	Write a natural, coherent English sentence.
961	18	The Lutherans hadn't cleaned these broken teeth.	The Lutherans hadn't cleaned this broken teeth.	-114.0	-114.0	-10.3125	-10.3125	False	False	morphology	determiner_noun_agreement	Write a natural, coherent English sentence.
962	18	A lot of children observe that young child.	A lot of children observe those young child.	-93.0	-93.0	-10.3125	-10.3125	False	False	morphology	determiner_noun_agreement	Write a natural, coherent English sentence.
963	18	Gary hadn't sounded like this out in the open oasis.	Gary hadn't sounded like these out in the open oasis.	-145.0	-145.0	-10.375	-10.375	False	False	morphology	determiner_noun_agreement	Write a natural, coherent English sentence.
964	18	That fish annoyed this serious alumnus.	That fish annoyed these serious alumnus.	-103.0	-103.0	-10.3125	-10.3125	False	False	morphology	determiner_noun_agreement	Write a natural, coherent English sentence.
965	18	Spotlights worry those standing people.	Spotlights worry that standing people.	-72.5	-72.5	-10.3125	-10.375	False	True	morphology	determiner_noun_agreement	Write a natural, coherent English sentence.
966	18	Rodney returned to these content alumni.	Rodney returned to this content alumni.	-103.5	-103.5	-10.375	-10.375	False	False	morphology	determiner_noun_agreement	Write a natural, coherent English sentence.
967	18	Bruce references this unemployed child.	Bruce references these unemployed child.	-72.5	-72.5	-10.375	-10.3125	False	False	morphology	determiner_noun_agreement	Write a natural, coherent English sentence.
968	18	Many museums criticize this bad analysis.	Many museums criticize these bad analysis.	-93.0	-93.0	-10.3125	-10.3125	False	False	morphology	determiner_noun_agreement	Write a natural, coherent English sentence.
969	18	Danielle knows that concealed man.	Danielle knows those concealed man.	-83.0	-83.0	-10.375	-10.375	False	False	morphology	determiner_noun_agreement	Write a natural, coherent English sentence.
970	18	Katherine sells that smooth oasis.	Katherine sells those smooth oasis.	-93.0	-93.0	-10.375	-10.3125	False	False	morphology	determiner_noun_agreement	Write a natural, coherent English sentence.
971	18	Meredith hadn't scared these clever people.	Meredith hadn't scared this clever people.	-114.0	-114.0	-10.375	-10.375	False	False	morphology	determiner_noun_agreement	Write a natural, coherent English sentence.
972	18	Walter biked to these gray oases.	Walter biked to this gray oases.	-104.0	-104.0	-10.375	-10.375	False	False	morphology	determiner_noun_agreement	Write a natural, coherent English sentence.
973	18	Phillip has investigated this unemployed man.	Phillip has investigated these unemployed man.	-93.0	-93.0	-10.375	-10.375	False	False	morphology	determiner_noun_agreement	Write a natural, coherent English sentence.
974	18	Alice knows that ill woman.	Alice knows those ill woman.	-62.0	-62.25	-10.375	-10.375	True	False	morphology	determiner_noun_agreement	Write a natural, coherent English sentence.
975	18	Daniel bothered that unemployed alumnus.	Daniel bothered those unemployed alumnus.	-93.0	-93.0	-10.3125	-10.3125	False	False	morphology	determiner_noun_agreement	Write a natural, coherent English sentence.
976	18	Some children notice this black thesis.	Some children notice these black thesis.	-72.5	-72.5	-10.375	-10.375	False	False	morphology	determiner_noun_agreement	Write a natural, coherent English sentence.
977	18	George has alarmed these unemployed children.	George has alarmed this unemployed children.	-93.0	-93.0	-10.375	-10.3125	False	False	morphology	determiner_noun_agreement	Write a natural, coherent English sentence.
978	18	Sarah won't drive to this concealed oasis.	Sarah won't drive to these concealed oasis.	-124.5	-124.5	-10.375	-10.375	False	False	morphology	determiner_noun_agreement	Write a natural, coherent English sentence.
979	18	Grace arrived at those small oases.	Grace arrived at that small oases.	-83.0	-82.5	-10.375	-10.3125	False	False	morphology	determiner_noun_agreement	Write a natural, coherent English sentence.
980	18	David kisses that lucky man.	David kisses those lucky man.	-72.5	-72.5	-10.375	-10.375	False	False	morphology	determiner_noun_agreement	Write a natural, coherent English sentence.
981	18	Laura isn't lifting this smooth axis.	Laura isn't lifting these smooth axis.	-93.0	-93.0	-10.375	-10.375	False	False	morphology	determiner_noun_agreement	Write a natural, coherent English sentence.
982	18	Mark embarrassed these confident children.	Mark embarrassed this confident children.	-62.25	-62.25	-10.375	-10.375	False	False	morphology	determiner_noun_agreement	Write a natural, coherent English sentence.
983	18	Patients bothers this employed man.	Patients bothers these employed man.	-82.5	-82.5	-10.3125	-10.3125	False	False	morphology	determiner_noun_agreement	Write a natural, coherent English sentence.
984	18	Christopher has criticized this bad synopsis.	Christopher has criticized these bad synopsis.	-93.0	-93.0	-10.3125	-10.3125	False	False	morphology	determiner_noun_agreement	Write a natural, coherent English sentence.
985	18	Todd hadn't gone to this cheap oasis.	Todd hadn't gone to these cheap oasis.	-114.0	-114.0	-10.375	-10.375	False	False	morphology	determiner_noun_agreement	Write a natural, coherent English sentence.
986	18	Becca does investigate this lucky alumnus.	Becca does investigate these lucky alumnus.	-103.5	-103.5	-10.375	-10.375	False	False	morphology	determiner_noun_agreement	Write a natural, coherent English sentence.
987	18	Sabrina visits those fast women.	Sabrina visits that fast women.	-83.0	-83.0	-10.375	-10.375	False	False	morphology	determiner_noun_agreement	Write a natural, coherent English sentence.
988	18	Janet knew those unconvinced children.	Janet knew that unconvinced children.	-104.0	-103.5	-10.375	-10.375	False	False	morphology	determiner_noun_agreement	Write a natural, coherent English sentence.
989	18	Christine hated this young man.	Christine hated these young man.	-72.5	-72.5	-10.375	-10.375	False	False	morphology	determiner_noun_agreement	Write a natural, coherent English sentence.
990	18	Chad hadn't complained about these big oases.	Chad hadn't complained about this big oases.	-124.0	-124.0	-10.375	-10.375	False	False	morphology	determiner_noun_agreement	Write a natural, coherent English sentence.
991	18	Many bikes stun that nice man.	Many bikes stun those nice man.	-93.5	-93.5	-10.375	-10.375	False	False	morphology	determiner_noun_agreement	Write a natural, coherent English sentence.
992	18	William hasn't investigated these fast men.	William hasn't investigated this fast men.	-93.5	-93.5	-10.375	-10.375	False	False	morphology	determiner_noun_agreement	Write a natural, coherent English sentence.
993	18	Kristin couldn't research these smooth oases.	Kristin couldn't research this smooth oases.	-114.0	-114.0	-10.375	-10.375	False	False	morphology	determiner_noun_agreement	Write a natural, coherent English sentence.
994	18	Travis arrives at these old oases.	Travis arrives at this old oases.	-93.0	-93.0	-10.375	-10.3125	False	False	morphology	determiner_noun_agreement	Write a natural, coherent English sentence.
995	18	Many boys drive to this yellow oasis.	Many boys drive to these yellow oasis.	-93.0	-93.0	-10.375	-10.375	False	False	morphology	determiner_noun_agreement	Write a natural, coherent English sentence.
996	18	Danielle won't heal those unlucky people.	Danielle won't heal that unlucky people.	-124.0	-124.0	-10.375	-10.375	False	False	morphology	determiner_noun_agreement	Write a natural, coherent English sentence.
997	18	Sabrina wouldn't go to that new oasis.	Sabrina wouldn't go to those new oasis.	-134.0	-134.0	-10.3125	-10.375	False	True	morphology	determiner_noun_agreement	Write a natural, coherent English sentence.
998	18	This movie theater annoys these lucky alumni.	This movie theater annoys this lucky alumni.	-124.0	-124.0	-10.3125	-10.3125	False	False	morphology	determiner_noun_agreement	Write a natural, coherent English sentence.
999	18	Stacy doesn't appreciate that out in the open woman.	Stacy doesn't appreciate those out in the open woman.	-134.0	-135.0	-10.3125	-10.375	True	True	morphology	determiner_noun_agreement	Write a natural, coherent English sentence.
0	19	Alexander didn't walk through that new oasis.	Alexander didn't walk through those new oasis.	-113.0	-113.0	-10.3125	-10.3125	False	False	morphology	determiner_noun_agreement	Write a natural, coherent English sentence.
1	19	This hair irritates these old alumni.	This hair irritates this old alumni.	-103.5	-103.5	-10.3125	-10.3125	False	False	morphology	determiner_noun_agreement	Write a natural, coherent English sentence.
2	19	Winston Churchill was escaping from this serious person.	Winston Churchill was escaping from these serious person.	-124.0	-124.0	-10.3125	-10.3125	False	False	morphology	determiner_noun_agreement	Write a natural, coherent English sentence.
3	19	Anna walks through these purple oases.	Anna walks through this purple oases.	-82.5	-82.5	-10.3125	-10.3125	False	False	morphology	determiner_noun_agreement	Write a natural, coherent English sentence.
4	19	Alicia sounded like this good analysis.	Alicia sounded like these good analysis.	-93.0	-93.0	-10.3125	-10.3125	False	False	morphology	determiner_noun_agreement	Write a natural, coherent English sentence.
5	19	Jeffrey might complain about this gray thesis.	Jeffrey might complain about these gray thesis.	-92.5	-93.0	-10.3125	-10.3125	True	False	morphology	determiner_noun_agreement	Write a natural, coherent English sentence.
6	19	Meredith approaches these concealed women.	Meredith approaches this concealed women.	-93.0	-93.0	-10.375	-10.375	False	False	morphology	determiner_noun_agreement	Write a natural, coherent English sentence.
7	19	Julia questioned those small children.	Julia questioned that small children.	-62.5	-62.25	-10.375	-10.375	False	False	morphology	determiner_noun_agreement	Write a natural, coherent English sentence.
8	19	That adult has brought that purple octopus.	That adult has brought those purple octopus.	-103.0	-103.0	-10.3125	-10.3125	False	False	morphology	determiner_noun_agreement	Write a natural, coherent English sentence.
9	19	The people hug this displeased woman.	The people hug these displeased woman.	-93.0	-93.0	-10.375	-10.3125	False	False	morphology	determiner_noun_agreement	Write a natural, coherent English sentence.
10	19	That beef did bore these displeased people.	That beef did bore this displeased people.	-103.5	-104.0	-10.375	-10.375	True	False	morphology	determiner_noun_agreement	Write a natural, coherent English sentence.
11	19	These libraries talk about these long synopses.	These libraries talk about this long synopses.	-103.0	-103.0	-10.3125	-10.3125	False	False	morphology	determiner_noun_agreement	Write a natural, coherent English sentence.
12	19	Lori wasn't hiring those delighted men.	Lori wasn't hiring that delighted men.	-103.5	-103.5	-10.375	-10.375	False	False	morphology	determiner_noun_agreement	Write a natural, coherent English sentence.
13	19	The teachers are running around this concealed oasis.	The teachers are running around these concealed oasis.	-113.5	-113.5	-10.3125	-10.3125	False	False	morphology	determiner_noun_agreement	Write a natural, coherent English sentence.
14	19	Those bananas embarrass these delighted people.	Those bananas embarrass this delighted people.	-83.0	-83.0	-10.375	-10.375	False	False	morphology	determiner_noun_agreement	Write a natural, coherent English sentence.
15	19	Mitchell brought those green oases.	Mitchell brought that green oases.	-72.5	-72.5	-10.3125	-10.3125	False	False	morphology	determiner_noun_agreement	Write a natural, coherent English sentence.
16	19	The actresses complain about this rough thesis.	The actresses complain about these rough thesis.	-93.0	-93.0	-10.3125	-10.3125	False	False	morphology	determiner_noun_agreement	Write a natural, coherent English sentence.
17	19	Russell investigates these fast women.	Russell investigates this fast women.	-72.5	-72.5	-10.375	-10.375	False	False	morphology	determiner_noun_agreement	Write a natural, coherent English sentence.
18	19	Irene praised those bad synopses.	Irene praised that bad synopses.	-93.5	-93.5	-10.375	-10.375	False	False	morphology	determiner_noun_agreement	Write a natural, coherent English sentence.
19	19	Denise did confuse that important woman.	Denise did confuse those important woman.	-93.0	-93.0	-10.3125	-10.3125	False	False	morphology	determiner_noun_agreement	Write a natural, coherent English sentence.
20	19	Some patients dislike those nice women.	Some patients dislike that nice women.	-82.5	-82.5	-10.3125	-10.3125	False	False	morphology	determiner_noun_agreement	Write a natural, coherent English sentence.
21	19	Amelia wasn't observing this hopeful man.	Amelia wasn't observing these hopeful man.	-123.5	-123.5	-10.3125	-10.3125	False	False	morphology	determiner_noun_agreement	Write a natural, coherent English sentence.
22	19	Grace is hugging these popular women.	Grace is hugging this popular women.	-82.5	-82.5	-10.3125	-10.3125	False	False	morphology	determiner_noun_agreement	Write a natural, coherent English sentence.
23	19	Julia might describe this long synopsis.	Julia might describe these long synopsis.	-83.0	-83.0	-10.375	-10.375	False	False	morphology	determiner_noun_agreement	Write a natural, coherent English sentence.
24	19	Many pedestrians do return to these happy men.	Many pedestrians do return to this happy men.	-114.0	-114.0	-10.375	-10.375	False	False	morphology	determiner_noun_agreement	Write a natural, coherent English sentence.
25	19	Laura noticed that determined man.	Laura noticed those determined man.	-62.0	-62.25	-10.375	-10.375	True	False	morphology	determiner_noun_agreement	Write a natural, coherent English sentence.
26	19	Julie would pass those red oases.	Julie would pass that red oases.	-83.0	-83.0	-10.375	-10.375	False	False	morphology	determiner_noun_agreement	Write a natural, coherent English sentence.
27	19	These doctors boast about this out in the open child.	These doctors boast about these out in the open child.	-124.0	-124.0	-10.3125	-10.3125	False	False	morphology	determiner_noun_agreement	Write a natural, coherent English sentence.
28	19	Stephen isn't revealing this brown nucleus.	Stephen isn't revealing these brown nucleus.	-103.5	-103.5	-10.375	-10.375	False	False	morphology	determiner_noun_agreement	Write a natural, coherent English sentence.
29	19	Travel stuns that sick child.	Travel stuns those sick child.	-72.5	-73.0	-10.375	-10.375	True	False	morphology	determiner_noun_agreement	Write a natural, coherent English sentence.
30	19	Amelia healed that unemployed woman.	Amelia healed those unemployed woman.	-93.0	-93.0	-10.3125	-10.3125	False	False	morphology	determiner_noun_agreement	Write a natural, coherent English sentence.
31	19	Noah attacks that ill child.	Noah attacks those ill child.	-62.25	-62.25	-10.375	-10.375	False	False	morphology	determiner_noun_agreement	Write a natural, coherent English sentence.
32	19	Randolf buys those gray fungi.	Randolf buys that gray fungi.	-93.0	-93.0	-10.375	-10.375	False	False	morphology	determiner_noun_agreement	Write a natural, coherent English sentence.
33	19	Some pedestrians disagreed with this big woman.	Some pedestrians disagreed with these big woman.	-114.0	-114.0	-10.375	-10.375	False	False	morphology	determiner_noun_agreement	Write a natural, coherent English sentence.
34	19	Adam might sound like these determined children.	Adam might sound like this determined children.	-83.0	-83.0	-10.375	-10.375	False	False	morphology	determiner_noun_agreement	Write a natural, coherent English sentence.
35	19	Bill has stunned this confident man.	Bill has stunned these confident man.	-83.0	-83.0	-10.375	-10.375	False	False	morphology	determiner_noun_agreement	Write a natural, coherent English sentence.
36	19	Rhonda should see these blue oases.	Rhonda should see this blue oases.	-93.0	-93.0	-10.375	-10.375	False	False	morphology	determiner_noun_agreement	Write a natural, coherent English sentence.
37	19	Stephen cares for that out in the open alumnus.	Stephen cares for those out in the open alumnus.	-124.0	-124.0	-10.3125	-10.3125	False	False	morphology	determiner_noun_agreement	Write a natural, coherent English sentence.
38	19	Cheryl has bought this green oasis.	Cheryl has bought these green oasis.	-93.0	-92.5	-10.3125	-10.3125	False	False	morphology	determiner_noun_agreement	Write a natural, coherent English sentence.
39	19	Every door annoyed this lucky child.	Every door annoyed these lucky child.	-82.5	-82.5	-10.3125	-10.3125	False	False	morphology	determiner_noun_agreement	Write a natural, coherent English sentence.
40	19	Gerald cures that unlucky child.	Gerald cures those unlucky child.	-103.0	-103.0	-10.3125	-10.3125	False	False	morphology	determiner_noun_agreement	Write a natural, coherent English sentence.
41	19	Eyes weren't worrying this troubled child.	Eyes weren't worrying these troubled child.	-114.0	-114.0	-10.375	-10.3125	False	False	morphology	determiner_noun_agreement	Write a natural, coherent English sentence.
42	19	Michael isn't referencing this long synopsis.	Michael isn't referencing these long synopsis.	-114.0	-114.0	-10.3125	-10.3125	False	False	morphology	determiner_noun_agreement	Write a natural, coherent English sentence.
43	19	Robert insults this serious man.	Robert insults these serious man.	-72.5	-72.5	-10.3125	-10.375	False	True	morphology	determiner_noun_agreement	Write a natural, coherent English sentence.
44	19	Waitresses describe that smart alumnus.	Waitresses describe those smart alumnus.	-103.0	-103.0	-10.3125	-10.3125	False	False	morphology	determiner_noun_agreement	Write a natural, coherent English sentence.
45	19	Dan doesn't respect this unemployed alumnus.	Dan doesn't respect these unemployed alumnus.	-123.5	-123.5	-10.3125	-10.3125	False	False	morphology	determiner_noun_agreement	Write a natural, coherent English sentence.
46	19	Eric has upset those scared people.	Eric has upset that scared people.	-72.5	-72.5	-10.375	-10.375	False	False	morphology	determiner_noun_agreement	Write a natural, coherent English sentence.
47	19	Sabrina was biking to this exposed oasis.	Sabrina was biking to these exposed oasis.	-124.0	-124.0	-10.3125	-10.3125	False	False	morphology	determiner_noun_agreement	Write a natural, coherent English sentence.
48	19	Edward can't think about these exposed mice.	Edward can't think about this exposed mice.	-114.0	-114.0	-10.375	-10.375	False	False	morphology	determiner_noun_agreement	Write a natural, coherent English sentence.
49	19	Phillip listened to this standing alumnus.	Phillip listened to these standing alumnus.	-103.5	-103.5	-10.375	-10.375	False	False	morphology	determiner_noun_agreement	Write a natural, coherent English sentence.
50	19	Those men skate around this small oasis.	Those men skate around these small oasis.	-103.5	-103.5	-10.3125	-10.3125	False	False	morphology	determiner_noun_agreement	Write a natural, coherent English sentence.
51	19	Rhonda could think about those content children.	Rhonda could think about that content children.	-93.0	-93.0	-10.375	-10.3125	False	False	morphology	determiner_noun_agreement	Write a natural, coherent English sentence.
52	19	Melissa had remembered that unsure person.	Melissa had remembered those unsure person.	-93.0	-93.0	-10.3125	-10.3125	False	False	morphology	determiner_noun_agreement	Write a natural, coherent English sentence.
53	19	The students talk about this upset person.	The students talk about these upset person.	-82.5	-82.5	-10.3125	-10.3125	False	False	morphology	determiner_noun_agreement	Write a natural, coherent English sentence.
54	19	Leslie insults those upset alumni.	Leslie insults that upset alumni.	-103.0	-103.0	-10.3125	-10.3125	False	False	morphology	determiner_noun_agreement	Write a natural, coherent English sentence.
55	19	Hats distract this ill man.	Hats distract these ill man.	-72.5	-72.5	-10.375	-10.375	False	False	morphology	determiner_noun_agreement	Write a natural, coherent English sentence.
56	19	Dawn sounded like this determined child.	Dawn sounded like these determined child.	-82.5	-82.5	-10.3125	-10.3125	False	False	morphology	determiner_noun_agreement	Write a natural, coherent English sentence.
57	19	Carl had run around that brown oasis.	Carl had run around those brown oasis.	-93.0	-93.0	-10.3125	-10.3125	False	False	morphology	determiner_noun_agreement	Write a natural, coherent English sentence.
58	19	Anna criticizes these concealed children.	Anna criticizes this concealed children.	-83.0	-83.0	-10.375	-10.375	False	False	morphology	determiner_noun_agreement	Write a natural, coherent English sentence.
59	19	The waiter might criticize that unemployed man.	The waiter might criticize those unemployed man.	-113.0	-113.0	-10.3125	-10.3125	False	False	morphology	determiner_noun_agreement	Write a natural, coherent English sentence.
60	19	Tracy was investigating this troubled alumnus.	Tracy was investigating these troubled alumnus.	-123.5	-123.5	-10.3125	-10.3125	False	False	morphology	determiner_noun_agreement	Write a natural, coherent English sentence.
61	19	These newspaper articles astound this clever child.	These newspaper articles astound these clever child.	-93.0	-93.0	-10.3125	-10.3125	False	False	morphology	determiner_noun_agreement	Write a natural, coherent English sentence.
62	19	Dana hadn't attacked this small man.	Dana hadn't attacked these small man.	-103.5	-103.5	-10.375	-10.375	False	False	morphology	determiner_noun_agreement	Write a natural, coherent English sentence.
63	19	Curtis wasn't breaking those hard teeth.	Curtis wasn't breaking that hard teeth.	-103.5	-103.5	-10.3125	-10.3125	False	False	morphology	determiner_noun_agreement	Write a natural, coherent English sentence.
64	19	All customers attack this employed alumnus.	All customers attack these employed alumnus.	-93.0	-93.0	-10.3125	-10.3125	False	False	morphology	determiner_noun_agreement	Write a natural, coherent English sentence.
65	19	Most ladies go to those purple oases.	Most ladies go to that purple oases.	-93.5	-93.5	-10.375	-10.375	False	False	morphology	determiner_noun_agreement	Write a natural, coherent English sentence.
66	19	A dancer tours that blue oasis.	A dancer tours those blue oasis.	-93.0	-93.0	-10.3125	-10.375	False	True	morphology	determiner_noun_agreement	Write a natural, coherent English sentence.
67	19	Steven irritated this unconvinced woman.	Steven irritated these unconvinced woman.	-103.0	-103.0	-10.3125	-10.3125	False	False	morphology	determiner_noun_agreement	Write a natural, coherent English sentence.
68	19	Tara wasn't helping that sick man.	Tara wasn't helping those sick man.	-103.5	-103.5	-10.375	-10.375	False	False	morphology	determiner_noun_agreement	Write a natural, coherent English sentence.
69	19	The dancers aren't cleaning that smooth fungus.	The dancers aren't cleaning those smooth fungus.	-134.0	-135.0	-10.375	-10.375	True	False	morphology	determiner_noun_agreement	Write a natural, coherent English sentence.
70	19	Melissa had talked about these white theses.	Melissa had talked about this white theses.	-103.0	-103.0	-10.3125	-10.3125	False	False	morphology	determiner_noun_agreement	Write a natural, coherent English sentence.
71	19	The man isn't watching those upset men.	The man isn't watching that upset men.	-103.5	-103.5	-10.375	-10.375	False	False	morphology	determiner_noun_agreement	Write a natural, coherent English sentence.
72	19	Sabrina won't worry this out in the open person.	Sabrina won't worry these out in the open person.	-145.0	-145.0	-10.3125	-10.375	False	True	morphology	determiner_noun_agreement	Write a natural, coherent English sentence.
73	19	Every bird embarrassed these unemployed men.	Every bird embarrassed this unemployed men.	-82.5	-82.5	-10.3125	-10.3125	False	False	morphology	determiner_noun_agreement	Write a natural, coherent English sentence.
74	19	The Borgias drive to that small oasis.	The Borgias drive to those small oasis.	-114.0	-114.0	-10.375	-10.375	False	False	morphology	determiner_noun_agreement	Write a natural, coherent English sentence.
75	19	Bradley likes these brown fungi.	Bradley likes this brown fungi.	-82.5	-82.5	-10.3125	-10.3125	False	False	morphology	determiner_noun_agreement	Write a natural, coherent English sentence.
76	19	Most guys go to that black oasis.	Most guys go to those black oasis.	-93.0	-93.0	-10.3125	-10.3125	False	False	morphology	determiner_noun_agreement	Write a natural, coherent English sentence.
77	19	A pedestrian hadn't approached these hopeful women.	A pedestrian hadn't approached this hopeful women.	-123.5	-124.0	-10.3125	-10.3125	True	False	morphology	determiner_noun_agreement	Write a natural, coherent English sentence.
78	19	Some senators aren't healing this unemployed alumnus.	Some senators aren't healing these unemployed alumnus.	-144.0	-145.0	-10.3125	-10.3125	True	False	morphology	determiner_noun_agreement	Write a natural, coherent English sentence.
79	19	That cart wasn't stunning these exposed men.	That cart wasn't stunning this exposed men.	-104.0	-104.0	-10.375	-10.375	False	False	morphology	determiner_noun_agreement	Write a natural, coherent English sentence.
80	19	Joel can think about this smart man.	Joel can think about these smart man.	-83.0	-83.0	-10.375	-10.375	False	False	morphology	determiner_noun_agreement	Write a natural, coherent English sentence.
81	19	Those prints disgust those good people.	Those prints disgust that good people.	-72.0	-72.5	-10.3125	-10.3125	True	False	morphology	determiner_noun_agreement	Write a natural, coherent English sentence.
82	19	Beverly hadn't passed these yellow oases.	Beverly hadn't passed this yellow oases.	-113.5	-113.5	-10.3125	-10.3125	False	False	morphology	determiner_noun_agreement	Write a natural, coherent English sentence.
83	19	A lot of prints irritate this unconvinced woman.	A lot of prints irritate these unconvinced woman.	-134.0	-134.0	-10.3125	-10.3125	False	False	morphology	determiner_noun_agreement	Write a natural, coherent English sentence.
84	19	Many customers hire those standing alumni.	Many customers hire that standing alumni.	-93.0	-93.0	-10.375	-10.375	False	False	morphology	determiner_noun_agreement	Write a natural, coherent English sentence.
85	19	Some rug isn't irritating that nice woman.	Some rug isn't irritating those nice woman.	-114.0	-114.0	-10.375	-10.375	False	False	morphology	determiner_noun_agreement	Write a natural, coherent English sentence.
86	19	Jill embarrassed those busy men.	Jill embarrassed that busy men.	-73.0	-73.0	-10.375	-10.375	False	False	morphology	determiner_noun_agreement	Write a natural, coherent English sentence.
87	19	Most sketches could hurt this uncertain person.	Most sketches could hurt these uncertain person.	-103.5	-103.5	-10.375	-10.375	False	False	morphology	determiner_noun_agreement	Write a natural, coherent English sentence.
88	19	Patricia lifted those purple feet.	Patricia lifted that purple feet.	-82.5	-82.5	-10.3125	-10.3125	False	False	morphology	determiner_noun_agreement	Write a natural, coherent English sentence.
89	19	The girls sell this hard fungus.	The girls sell these hard fungus.	-93.0	-93.0	-10.3125	-10.3125	False	False	morphology	determiner_noun_agreement	Write a natural, coherent English sentence.
90	19	Nicole has seen this yellow cactus.	Nicole has seen these yellow cactus.	-93.0	-93.0	-10.3125	-10.3125	False	False	morphology	determiner_noun_agreement	Write a natural, coherent English sentence.
91	19	Sharon could arrive at those big oases.	Sharon could arrive at that big oases.	-103.5	-103.5	-10.3125	-10.3125	False	False	morphology	determiner_noun_agreement	Write a natural, coherent English sentence.
92	19	This cashier can fire that good woman.	This cashier can fire those good woman.	-93.0	-93.0	-10.375	-10.3125	False	False	morphology	determiner_noun_agreement	Write a natural, coherent English sentence.
93	19	Raymond left those scared children.	Raymond left that scared children.	-62.25	-62.25	-10.375	-10.375	False	False	morphology	determiner_noun_agreement	Write a natural, coherent English sentence.
94	19	Noah could discuss that clever person.	Noah could discuss those clever person.	-72.5	-72.5	-10.375	-10.375	False	False	morphology	determiner_noun_agreement	Write a natural, coherent English sentence.
95	19	Rachelle knew that concealed woman.	Rachelle knew those concealed woman.	-82.5	-83.0	-10.3125	-10.375	True	True	morphology	determiner_noun_agreement	Write a natural, coherent English sentence.
96	19	Dawn hasn't cured those gray oxen.	Dawn hasn't cured that gray oxen.	-124.0	-124.0	-10.3125	-10.3125	False	False	morphology	determiner_noun_agreement	Write a natural, coherent English sentence.
97	19	The Great Lakes haven't disgusted those out in the open people.	The Great Lakes haven't disgusted that out in the open people.	-166.0	-166.0	-10.375	-10.375	False	False	morphology	determiner_noun_agreement	Write a natural, coherent English sentence.
98	19	Wayne doesn't exit those cheap oases.	Wayne doesn't exit that cheap oases.	-103.5	-103.5	-10.375	-10.375	False	False	morphology	determiner_noun_agreement	Write a natural, coherent English sentence.
99	19	These waitresses haven't astounded this fast woman.	These waitresses haven't astounded these fast woman.	-144.0	-144.0	-10.25	-10.25	False	False	morphology	determiner_noun_agreement	Write a natural, coherent English sentence.
100	19	Patrick hasn't lifted this out in the open cactus.	Patrick hasn't lifted these out in the open cactus.	-145.0	-145.0	-10.3125	-10.375	False	True	morphology	determiner_noun_agreement	Write a natural, coherent English sentence.
101	19	Angela isn't embarrassing those excited children.	Angela isn't embarrassing that excited children.	-103.5	-103.5	-10.3125	-10.3125	False	False	morphology	determiner_noun_agreement	Write a natural, coherent English sentence.
102	19	Jennifer hasn't criticized this smart man.	Jennifer hasn't criticized these smart man.	-103.5	-103.5	-10.375	-10.375	False	False	morphology	determiner_noun_agreement	Write a natural, coherent English sentence.
103	19	April watched this big person.	April watched these big person.	-62.25	-62.25	-10.375	-10.375	False	False	morphology	determiner_noun_agreement	Write a natural, coherent English sentence.
104	19	Candice hadn't bothered that serious alumnus.	Candice hadn't bothered those serious alumnus.	-123.5	-123.5	-10.3125	-10.3125	False	False	morphology	determiner_noun_agreement	Write a natural, coherent English sentence.
105	19	The Clintons observe those happy women.	The Clintons observe that happy women.	-93.5	-93.5	-10.375	-10.375	False	False	morphology	determiner_noun_agreement	Write a natural, coherent English sentence.
106	19	The Clintons observe this excited man.	The Clintons observe these excited man.	-93.5	-93.5	-10.375	-10.375	False	False	morphology	determiner_noun_agreement	Write a natural, coherent English sentence.
107	19	Associations were listening to that unlucky child.	Associations were listening to those unlucky child.	-113.5	-113.5	-10.3125	-10.3125	False	False	morphology	determiner_noun_agreement	Write a natural, coherent English sentence.
108	19	Those committees discussed that busy woman.	Those committees discussed those busy woman.	-93.0	-93.0	-10.3125	-10.3125	False	False	morphology	determiner_noun_agreement	Write a natural, coherent English sentence.
109	19	Debra isn't discussing that good analysis.	Debra isn't discussing those good analysis.	-103.5	-103.5	-10.375	-10.375	False	False	morphology	determiner_noun_agreement	Write a natural, coherent English sentence.
110	19	The drawing distracts this lucky woman.	The drawing distracts these lucky woman.	-83.0	-83.0	-10.375	-10.375	False	False	morphology	determiner_noun_agreement	Write a natural, coherent English sentence.
111	19	Holly couldn't dislike this exposed child.	Holly couldn't dislike these exposed child.	-103.5	-103.5	-10.3125	-10.3125	False	False	morphology	determiner_noun_agreement	Write a natural, coherent English sentence.
112	19	Angela examines that good synopsis.	Angela examines those good synopsis.	-83.0	-83.0	-10.375	-10.375	False	False	morphology	determiner_noun_agreement	Write a natural, coherent English sentence.
113	19	These skateboards aggravate that lucky woman.	These skateboards aggravate those lucky woman.	-113.5	-113.5	-10.3125	-10.3125	False	False	morphology	determiner_noun_agreement	Write a natural, coherent English sentence.
114	19	Some play alarms those small women.	Some play alarms that small women.	-83.0	-83.0	-10.375	-10.375	False	False	morphology	determiner_noun_agreement	Write a natural, coherent English sentence.
115	19	Students investigate these nice men.	Students investigate this nice men.	-62.25	-62.25	-10.375	-10.375	False	False	morphology	determiner_noun_agreement	Write a natural, coherent English sentence.
116	19	Tanya wasn't shocking that busy child.	Tanya wasn't shocking those busy child.	-114.0	-113.5	-10.375	-10.3125	False	False	morphology	determiner_noun_agreement	Write a natural, coherent English sentence.
117	19	Brett has boasted about this nice person.	Brett has boasted about these nice person.	-103.5	-103.5	-10.375	-10.375	False	False	morphology	determiner_noun_agreement	Write a natural, coherent English sentence.
118	19	Jennifer described that hidden woman.	Jennifer described those hidden woman.	-62.5	-62.5	-10.375	-10.375	False	False	morphology	determiner_noun_agreement	Write a natural, coherent English sentence.
119	19	Winston Churchill passed these red oases.	Winston Churchill passed this red oases.	-103.0	-103.5	-10.3125	-10.3125	True	False	morphology	determiner_noun_agreement	Write a natural, coherent English sentence.
120	19	Some mirror could scare this nice woman.	Some mirror could scare these nice woman.	-93.0	-93.0	-10.375	-10.375	False	False	morphology	determiner_noun_agreement	Write a natural, coherent English sentence.
121	19	Caroline hadn't fired that scared alumnus.	Caroline hadn't fired those scared alumnus.	-114.0	-113.5	-10.3125	-10.3125	False	False	morphology	determiner_noun_agreement	Write a natural, coherent English sentence.
122	19	Edward wasn't referencing that displeased woman.	Edward wasn't referencing those displeased woman.	-124.0	-124.0	-10.3125	-10.3125	False	False	morphology	determiner_noun_agreement	Write a natural, coherent English sentence.
123	19	Many teachers clean these cheap teeth.	Many teachers clean this cheap teeth.	-72.5	-72.5	-10.3125	-10.375	False	True	morphology	determiner_noun_agreement	Write a natural, coherent English sentence.
124	19	Wayne might remember these new oases.	Wayne might remember this new oases.	-83.0	-83.0	-10.375	-10.375	False	False	morphology	determiner_noun_agreement	Write a natural, coherent English sentence.
125	19	Some high school alarms this determined man.	Some high school alarms these determined man.	-93.0	-93.0	-10.3125	-10.3125	False	False	morphology	determiner_noun_agreement	Write a natural, coherent English sentence.
126	19	Vincent had returned to these out in the open oases.	Vincent had returned to this out in the open oases.	-124.0	-124.0	-10.3125	-10.3125	False	False	morphology	determiner_noun_agreement	Write a natural, coherent English sentence.
127	19	Marla hired this standing child.	Marla hired these standing child.	-72.5	-72.5	-10.375	-10.375	False	False	morphology	determiner_noun_agreement	Write a natural, coherent English sentence.
128	19	Some cucumber has upset those ill men.	Some cucumber has upset that ill men.	-103.5	-103.5	-10.375	-10.375	False	False	morphology	determiner_noun_agreement	Write a natural, coherent English sentence.
129	19	Russell hasn't kissed this content man.	Russell hasn't kissed these content man.	-93.0	-93.5	-10.375	-10.375	True	False	morphology	determiner_noun_agreement	Write a natural, coherent English sentence.
130	19	Guy has left this determined man.	Guy has left these determined man.	-72.5	-72.5	-10.3125	-10.375	False	True	morphology	determiner_noun_agreement	Write a natural, coherent English sentence.
131	19	The Lutherans listen to these employed women.	The Lutherans listen to this employed women.	-93.0	-93.0	-10.375	-10.375	False	False	morphology	determiner_noun_agreement	Write a natural, coherent English sentence.
132	19	Candice disliked these bad analyses.	Candice disliked this bad analyses.	-103.0	-103.0	-10.3125	-10.3125	False	False	morphology	determiner_noun_agreement	Write a natural, coherent English sentence.
133	19	Many women heal these lost geese.	Many women heal this lost geese.	-83.0	-83.0	-10.375	-10.375	False	False	morphology	determiner_noun_agreement	Write a natural, coherent English sentence.
134	19	Wayne has remembered these smart people.	Wayne has remembered this smart people.	-72.5	-73.0	-10.375	-10.375	True	False	morphology	determiner_noun_agreement	Write a natural, coherent English sentence.
135	19	This teenager had dropped by these white oases.	This teenager had dropped by this white oases.	-103.0	-103.5	-10.3125	-10.3125	True	False	morphology	determiner_noun_agreement	Write a natural, coherent English sentence.
136	19	Eva has exited those smooth oases.	Eva has exited that smooth oases.	-93.0	-93.0	-10.375	-10.3125	False	False	morphology	determiner_noun_agreement	Write a natural, coherent English sentence.
137	19	Cheryl wouldn't aggravate that bad person.	Cheryl wouldn't aggravate those bad person.	-123.5	-124.0	-10.3125	-10.3125	True	False	morphology	determiner_noun_agreement	Write a natural, coherent English sentence.
138	19	Katherine hadn't shocked those young children.	Katherine hadn't shocked that young children.	-103.5	-103.5	-10.375	-10.375	False	False	morphology	determiner_noun_agreement	Write a natural, coherent English sentence.
139	19	The student loves these troubled people.	The student loves this troubled people.	-82.5	-82.5	-10.3125	-10.3125	False	False	morphology	determiner_noun_agreement	Write a natural, coherent English sentence.
140	19	Tracy cared for those smart alumni.	Tracy cared for that smart alumni.	-103.5	-103.5	-10.375	-10.375	False	False	morphology	determiner_noun_agreement	Write a natural, coherent English sentence.
141	19	Guys return to these small oases.	Guys return to this small oases.	-93.0	-93.0	-10.3125	-10.3125	False	False	morphology	determiner_noun_agreement	Write a natural, coherent English sentence.
142	19	Marcus won't bike to this white oasis.	Marcus won't bike to these white oasis.	-114.0	-114.0	-10.375	-10.3125	False	False	morphology	determiner_noun_agreement	Write a natural, coherent English sentence.
143	19	Eggplants impressed these unconvinced alumni.	Eggplants impressed this unconvinced alumni.	-145.0	-145.0	-10.3125	-10.3125	False	False	morphology	determiner_noun_agreement	Write a natural, coherent English sentence.
144	19	A turtle has bored those troubled children.	A turtle has bored that troubled children.	-113.5	-113.5	-10.3125	-10.3125	False	False	morphology	determiner_noun_agreement	Write a natural, coherent English sentence.
145	19	The adults were taking those old teeth.	The adults were taking that old teeth.	-83.0	-83.0	-10.375	-10.375	False	False	morphology	determiner_noun_agreement	Write a natural, coherent English sentence.
146	19	Alan wasn't returning to those blue oases.	Alan wasn't returning to that blue oases.	-114.0	-113.5	-10.3125	-10.3125	False	False	morphology	determiner_noun_agreement	Write a natural, coherent English sentence.
147	19	Theodore had lifted this rough cactus.	Theodore had lifted these rough cactus.	-103.5	-103.5	-10.375	-10.3125	False	False	morphology	determiner_noun_agreement	Write a natural, coherent English sentence.
148	19	Joel isn't praising those good synopses.	Joel isn't praising that good synopses.	-124.0	-124.5	-10.375	-10.375	True	False	morphology	determiner_noun_agreement	Write a natural, coherent English sentence.
149	19	The pedestrian knows these standing women.	The pedestrian knows this standing women.	-83.0	-83.0	-10.375	-10.375	False	False	morphology	determiner_noun_agreement	Write a natural, coherent English sentence.
150	19	Some museums forget that good analysis.	Some museums forget those good analysis.	-82.5	-82.5	-10.3125	-10.3125	False	False	morphology	determiner_noun_agreement	Write a natural, coherent English sentence.
151	19	The Clintons might clean that lost fungus.	The Clintons might clean those lost fungus.	-124.5	-124.0	-10.375	-10.375	False	False	morphology	determiner_noun_agreement	Write a natural, coherent English sentence.
152	19	Mary is bothering these out in the open children.	Mary is bothering this out in the open children.	-113.5	-113.5	-10.3125	-10.3125	False	False	morphology	determiner_noun_agreement	Write a natural, coherent English sentence.
153	19	Many customers sell that lost ox.	Many customers sell those lost ox.	-72.5	-72.5	-10.375	-10.375	False	False	morphology	determiner_noun_agreement	Write a natural, coherent English sentence.
154	19	These waitresses praise these troubled men.	These waitresses praise this troubled men.	-102.5	-102.5	-10.25	-10.25	False	False	morphology	determiner_noun_agreement	Write a natural, coherent English sentence.
155	19	Many men didn't admire that nice person.	Many men didn't admire those nice person.	-114.0	-113.5	-10.3125	-10.3125	False	False	morphology	determiner_noun_agreement	Write a natural, coherent English sentence.
156	19	Jesus ran around this exposed oasis.	Jesus ran around these exposed oasis.	-82.5	-82.5	-10.3125	-10.3125	False	False	morphology	determiner_noun_agreement	Write a natural, coherent English sentence.
157	19	Many customers talk about that delighted child.	Many customers talk about those delighted child.	-82.5	-82.5	-10.3125	-10.3125	False	False	morphology	determiner_noun_agreement	Write a natural, coherent English sentence.
158	19	Drawings had disgusted this small woman.	Drawings had disgusted these small woman.	-93.0	-93.0	-10.3125	-10.3125	False	False	morphology	determiner_noun_agreement	Write a natural, coherent English sentence.
159	19	Colleen did care for that good man.	Colleen did care for those good man.	-93.0	-93.0	-10.3125	-10.3125	False	False	morphology	determiner_noun_agreement	Write a natural, coherent English sentence.
160	19	Marcus admired those exposed geese.	Marcus admired that exposed geese.	-83.0	-83.0	-10.375	-10.375	False	False	morphology	determiner_noun_agreement	Write a natural, coherent English sentence.
161	19	Randolf has noticed this clean foot.	Randolf has noticed these clean foot.	-83.0	-83.0	-10.375	-10.375	False	False	morphology	determiner_noun_agreement	Write a natural, coherent English sentence.
162	19	Craig could listen to that determined man.	Craig could listen to those determined man.	-83.0	-83.0	-10.375	-10.375	False	False	morphology	determiner_noun_agreement	Write a natural, coherent English sentence.
163	19	Movies stunned this small man.	Movies stunned these small man.	-83.0	-83.0	-10.375	-10.375	False	False	morphology	determiner_noun_agreement	Write a natural, coherent English sentence.
164	19	Timothy buys this rough ox.	Timothy buys these rough ox.	-82.5	-82.5	-10.3125	-10.3125	False	False	morphology	determiner_noun_agreement	Write a natural, coherent English sentence.
165	19	Some women go to those red oases.	Some women go to that red oases.	-93.0	-93.0	-10.3125	-10.3125	False	False	morphology	determiner_noun_agreement	Write a natural, coherent English sentence.
166	19	Ruth fixed this clean tooth.	Ruth fixed these clean tooth.	-62.5	-62.5	-10.375	-10.375	False	False	morphology	determiner_noun_agreement	Write a natural, coherent English sentence.
167	19	Monica is boring those clever men.	Monica is boring that clever men.	-83.0	-83.0	-10.375	-10.375	False	False	morphology	determiner_noun_agreement	Write a natural, coherent English sentence.
168	19	Janice knows these hidden alumni.	Janice knows this hidden alumni.	-93.0	-93.0	-10.3125	-10.3125	False	False	morphology	determiner_noun_agreement	Write a natural, coherent English sentence.
169	19	Spain insults this delighted alumnus.	Spain insults these delighted alumnus.	-93.0	-93.0	-10.3125	-10.3125	False	False	morphology	determiner_noun_agreement	Write a natural, coherent English sentence.
170	19	Some planes bore that displeased child.	Some planes bore those displeased child.	-93.0	-93.0	-10.3125	-10.3125	False	False	morphology	determiner_noun_agreement	Write a natural, coherent English sentence.
171	19	Dishes should upset these happy men.	Dishes should upset this happy men.	-83.0	-83.0	-10.375	-10.375	False	False	morphology	determiner_noun_agreement	Write a natural, coherent English sentence.
172	19	That painting looked like these yellow stimuli.	That painting looked like this yellow stimuli.	-93.0	-93.0	-10.3125	-10.3125	False	False	morphology	determiner_noun_agreement	Write a natural, coherent English sentence.
173	19	Amy shocked that content man.	Amy shocked those content man.	-62.5	-62.5	-10.375	-10.4375	False	True	morphology	determiner_noun_agreement	Write a natural, coherent English sentence.
174	19	Melinda hasn't hidden this determined woman.	Melinda hasn't hidden these determined woman.	-103.0	-103.0	-10.3125	-10.3125	False	False	morphology	determiner_noun_agreement	Write a natural, coherent English sentence.
175	19	Caroline did drive to this brown oasis.	Caroline did drive to these brown oasis.	-93.0	-93.0	-10.375	-10.3125	False	False	morphology	determiner_noun_agreement	Write a natural, coherent English sentence.
176	19	That rice disturbed those smart alumni.	That rice disturbed that smart alumni.	-103.5	-103.5	-10.375	-10.375	False	False	morphology	determiner_noun_agreement	Write a natural, coherent English sentence.
177	19	Brian will examine these long analyses.	Brian will examine this long analyses.	-83.0	-83.0	-10.375	-10.375	False	False	morphology	determiner_noun_agreement	Write a natural, coherent English sentence.
178	19	Mark dislikes this uncertain child.	Mark dislikes these uncertain child.	-83.0	-83.0	-10.375	-10.375	False	False	morphology	determiner_noun_agreement	Write a natural, coherent English sentence.
179	19	Rose was returning to these out in the open children.	Rose was returning to this out in the open children.	-113.5	-113.5	-10.3125	-10.3125	False	False	morphology	determiner_noun_agreement	Write a natural, coherent English sentence.
180	19	The guest has fixed this red tooth.	The guest has fixed these red tooth.	-83.0	-83.0	-10.375	-10.375	False	False	morphology	determiner_noun_agreement	Write a natural, coherent English sentence.
181	19	Jennifer is breaking this big tooth.	Jennifer is breaking these big tooth.	-72.5	-72.5	-10.375	-10.375	False	False	morphology	determiner_noun_agreement	Write a natural, coherent English sentence.
182	19	Sabrina isn't referencing these red theses.	Sabrina isn't referencing this red theses.	-134.0	-134.0	-10.3125	-10.3125	False	False	morphology	determiner_noun_agreement	Write a natural, coherent English sentence.
183	19	Valerie hadn't exited that exposed oasis.	Valerie hadn't exited those exposed oasis.	-124.0	-124.0	-10.3125	-10.3125	False	False	morphology	determiner_noun_agreement	Write a natural, coherent English sentence.
184	19	Every restaurant had worried this hidden child.	Every restaurant had worried these hidden child.	-83.0	-83.0	-10.375	-10.375	False	False	morphology	determiner_noun_agreement	Write a natural, coherent English sentence.
185	19	A woman was examining those long synopses.	A woman was examining that long synopses.	-113.5	-113.5	-10.3125	-10.3125	False	False	morphology	determiner_noun_agreement	Write a natural, coherent English sentence.
186	19	All actresses approach that content man.	All actresses approach those content man.	-82.5	-82.5	-10.3125	-10.3125	False	False	morphology	determiner_noun_agreement	Write a natural, coherent English sentence.
187	19	Sarah cleaned those yellow feet.	Sarah cleaned that yellow feet.	-62.0	-62.25	-10.375	-10.375	True	False	morphology	determiner_noun_agreement	Write a natural, coherent English sentence.
188	19	Margaret tours those black oases.	Margaret tours that black oases.	-72.5	-72.5	-10.375	-10.375	False	False	morphology	determiner_noun_agreement	Write a natural, coherent English sentence.
189	19	Rachel wasn't messing up this clean foot.	Rachel wasn't messing up these clean foot.	-113.5	-113.5	-10.3125	-10.3125	False	False	morphology	determiner_noun_agreement	Write a natural, coherent English sentence.
190	19	The Lutherans go to that old oasis.	The Lutherans go to those old oasis.	-103.5	-103.5	-10.375	-10.375	False	False	morphology	determiner_noun_agreement	Write a natural, coherent English sentence.
191	19	The lamps shock those hidden alumni.	The lamps shock that hidden alumni.	-103.5	-103.5	-10.375	-10.375	False	False	morphology	determiner_noun_agreement	Write a natural, coherent English sentence.
192	19	Claire conceals those small stimuli.	Claire conceals that small stimuli.	-83.0	-83.0	-10.375	-10.375	False	False	morphology	determiner_noun_agreement	Write a natural, coherent English sentence.
193	19	Most documentaries annoy that busy person.	Most documentaries annoy those busy person.	-82.5	-82.5	-10.3125	-10.3125	False	False	morphology	determiner_noun_agreement	Write a natural, coherent English sentence.
194	19	Pamela shouldn't return to those exposed men.	Pamela shouldn't return to that exposed men.	-113.5	-113.5	-10.3125	-10.3125	False	False	morphology	determiner_noun_agreement	Write a natural, coherent English sentence.
195	19	That person couldn't arrive at that purple oasis.	That person couldn't arrive at those purple oasis.	-124.0	-124.0	-10.3125	-10.3125	False	False	morphology	determiner_noun_agreement	Write a natural, coherent English sentence.
196	19	Alicia won't admire those big nuclei.	Alicia won't admire that big nuclei.	-134.0	-134.0	-10.3125	-10.3125	False	False	morphology	determiner_noun_agreement	Write a natural, coherent English sentence.
197	19	Curtis arrived at that red oasis.	Curtis arrived at those red oasis.	-93.0	-93.0	-10.3125	-10.3125	False	False	morphology	determiner_noun_agreement	Write a natural, coherent English sentence.
198	19	People investigate that smart man.	People investigate those smart man.	-62.25	-62.25	-10.375	-10.375	False	False	morphology	determiner_noun_agreement	Write a natural, coherent English sentence.
199	19	Some boys hire these content alumni.	Some boys hire this content alumni.	-93.0	-93.0	-10.375	-10.375	False	False	morphology	determiner_noun_agreement	Write a natural, coherent English sentence.
200	19	Leslie found these brown feet.	Leslie found this brown feet.	-72.5	-72.5	-10.3125	-10.3125	False	False	morphology	determiner_noun_agreement	Write a natural, coherent English sentence.
201	19	Alexander was firing that displeased woman.	Alexander was firing those displeased woman.	-93.0	-93.0	-10.375	-10.375	False	False	morphology	determiner_noun_agreement	Write a natural, coherent English sentence.
202	19	Florence hasn't argued about those confident children.	Florence hasn't argued about that confident children.	-103.5	-103.5	-10.375	-10.375	False	False	morphology	determiner_noun_agreement	Write a natural, coherent English sentence.
203	19	That adult hadn't complained about that exposed man.	That adult hadn't complained about those exposed man.	-114.0	-114.0	-10.375	-10.375	False	False	morphology	determiner_noun_agreement	Write a natural, coherent English sentence.
204	19	Larry works with these scared women.	Larry works with this scared women.	-72.5	-72.5	-10.375	-10.375	False	False	morphology	determiner_noun_agreement	Write a natural, coherent English sentence.
205	19	Kathleen leaves this old child.	Kathleen leaves these old child.	-72.0	-72.0	-10.3125	-10.3125	False	False	morphology	determiner_noun_agreement	Write a natural, coherent English sentence.
206	19	The actresses weren't watching these scared people.	The actresses weren't watching this scared people.	-113.5	-113.5	-10.3125	-10.3125	False	False	morphology	determiner_noun_agreement	Write a natural, coherent English sentence.
207	19	Derek isn't escaping from these blue oases.	Derek isn't escaping from this blue oases.	-134.0	-134.0	-10.3125	-10.375	False	True	morphology	determiner_noun_agreement	Write a natural, coherent English sentence.
208	19	Naomi isn't talking about that cheap oasis.	Naomi isn't talking about those cheap oasis.	-124.0	-124.0	-10.3125	-10.3125	False	False	morphology	determiner_noun_agreement	Write a natural, coherent English sentence.
209	19	These guests hate these troubled men.	These guests hate this troubled men.	-82.5	-82.5	-10.3125	-10.3125	False	False	morphology	determiner_noun_agreement	Write a natural, coherent English sentence.
210	19	Patricia wasn't hiring those small children.	Patricia wasn't hiring that small children.	-113.5	-113.5	-10.3125	-10.3125	False	False	morphology	determiner_noun_agreement	Write a natural, coherent English sentence.
211	19	All stairs weren't alarming that lucky woman.	All stairs weren't alarming those lucky woman.	-114.0	-113.5	-10.375	-10.3125	False	False	morphology	determiner_noun_agreement	Write a natural, coherent English sentence.
212	19	Many drivers left that confident alumnus.	Many drivers left those confident alumnus.	-93.0	-93.0	-10.3125	-10.3125	False	False	morphology	determiner_noun_agreement	Write a natural, coherent English sentence.
213	19	Every skirt disgusts these smart children.	Every skirt disgusts this smart children.	-83.0	-83.0	-10.375	-10.375	False	False	morphology	determiner_noun_agreement	Write a natural, coherent English sentence.
214	19	Valerie has astounded that lost alumnus.	Valerie has astounded those lost alumnus.	-124.0	-124.0	-10.3125	-10.3125	False	False	morphology	determiner_noun_agreement	Write a natural, coherent English sentence.
215	19	Sonia should describe this determined child.	Sonia should describe these determined child.	-83.0	-83.0	-10.375	-10.375	False	False	morphology	determiner_noun_agreement	Write a natural, coherent English sentence.
216	19	A lot of lakes weren't disgusting that old person.	A lot of lakes weren't disgusting those old person.	-144.0	-144.0	-10.3125	-10.3125	False	False	morphology	determiner_noun_agreement	Write a natural, coherent English sentence.
217	19	Some pants hadn't aggravated that good woman.	Some pants hadn't aggravated those good woman.	-124.0	-124.0	-10.3125	-10.3125	False	False	morphology	determiner_noun_agreement	Write a natural, coherent English sentence.
218	19	Anne does return to that old woman.	Anne does return to those old woman.	-83.0	-82.5	-10.375	-10.3125	False	False	morphology	determiner_noun_agreement	Write a natural, coherent English sentence.
219	19	Alan wasn't listening to that delighted person.	Alan wasn't listening to those delighted person.	-103.5	-103.5	-10.375	-10.375	False	False	morphology	determiner_noun_agreement	Write a natural, coherent English sentence.
220	19	Some icicles annoy those serious alumni.	Some icicles annoy that serious alumni.	-103.5	-103.5	-10.3125	-10.3125	False	False	morphology	determiner_noun_agreement	Write a natural, coherent English sentence.
221	19	Many women won't scare those uncertain men.	Many women won't scare that uncertain men.	-114.0	-114.0	-10.375	-10.375	False	False	morphology	determiner_noun_agreement	Write a natural, coherent English sentence.
222	19	Science disgusts this unconvinced alumnus.	Science disgusts these unconvinced alumnus.	-123.5	-123.5	-10.25	-10.3125	False	True	morphology	determiner_noun_agreement	Write a natural, coherent English sentence.
223	19	Connie tours these rough oases.	Connie tours this rough oases.	-82.5	-83.0	-10.3125	-10.375	True	True	morphology	determiner_noun_agreement	Write a natural, coherent English sentence.
224	19	Those banks were talking about this lost thesis.	Those banks were talking about these lost thesis.	-93.0	-93.0	-10.375	-10.375	False	False	morphology	determiner_noun_agreement	Write a natural, coherent English sentence.
225	19	Some prints didn't look like this rough louse.	Some prints didn't look like these rough louse.	-124.0	-124.0	-10.3125	-10.375	False	True	morphology	determiner_noun_agreement	Write a natural, coherent English sentence.
226	19	All pedestrians like those rough theses.	All pedestrians like that rough theses.	-103.5	-103.5	-10.3125	-10.3125	False	False	morphology	determiner_noun_agreement	Write a natural, coherent English sentence.
227	19	Douglas saw that black fungus.	Douglas saw those black fungus.	-82.5	-83.0	-10.3125	-10.375	True	True	morphology	determiner_noun_agreement	Write a natural, coherent English sentence.
228	19	Sarah examined that bad analysis.	Sarah examined those bad analysis.	-62.25	-62.25	-10.375	-10.375	False	False	morphology	determiner_noun_agreement	Write a natural, coherent English sentence.
229	19	An actress researches this long thesis.	An actress researches these long thesis.	-103.5	-103.5	-10.375	-10.375	False	False	morphology	determiner_noun_agreement	Write a natural, coherent English sentence.
230	19	Those waitresses criticize this hidden child.	Those waitresses criticize these hidden child.	-103.0	-103.0	-10.25	-10.25	False	False	morphology	determiner_noun_agreement	Write a natural, coherent English sentence.
231	19	Most drivers question these upset alumni.	Most drivers question this upset alumni.	-93.0	-93.0	-10.375	-10.3125	False	False	morphology	determiner_noun_agreement	Write a natural, coherent English sentence.
232	19	Phillip isn't working with these small women.	Phillip isn't working with this small women.	-114.0	-114.0	-10.3125	-10.3125	False	False	morphology	determiner_noun_agreement	Write a natural, coherent English sentence.
233	19	Jennifer can't aggravate that unlucky man.	Jennifer can't aggravate those unlucky man.	-134.0	-134.0	-10.3125	-10.3125	False	False	morphology	determiner_noun_agreement	Write a natural, coherent English sentence.
234	19	Essays confuse this good woman.	Essays confuse these good woman.	-83.0	-83.0	-10.375	-10.375	False	False	morphology	determiner_noun_agreement	Write a natural, coherent English sentence.
235	19	Amelia has forgotten those bad analyses.	Amelia has forgotten that bad analyses.	-93.0	-93.0	-10.3125	-10.3125	False	False	morphology	determiner_noun_agreement	Write a natural, coherent English sentence.
236	19	Michael had explored this brown oasis.	Michael had explored these brown oasis.	-83.0	-82.5	-10.375	-10.3125	False	False	morphology	determiner_noun_agreement	Write a natural, coherent English sentence.
237	19	Natalie can aggravate those smart men.	Natalie can aggravate that smart men.	-103.5	-103.5	-10.3125	-10.3125	False	False	morphology	determiner_noun_agreement	Write a natural, coherent English sentence.
238	19	That patient won't go to these cheap oases.	That patient won't go to this cheap oases.	-124.0	-124.5	-10.375	-10.375	True	False	morphology	determiner_noun_agreement	Write a natural, coherent English sentence.
239	19	Heidi had discovered those black feet.	Heidi had discovered that black feet.	-82.5	-82.5	-10.3125	-10.3125	False	False	morphology	determiner_noun_agreement	Write a natural, coherent English sentence.
240	19	David hadn't watched those determined men.	David hadn't watched that determined men.	-93.0	-93.0	-10.375	-10.375	False	False	morphology	determiner_noun_agreement	Write a natural, coherent English sentence.
241	19	Some teenager couldn't walk through these green oases.	Some teenager couldn't walk through this green oases.	-124.0	-124.0	-10.3125	-10.3125	False	False	morphology	determiner_noun_agreement	Write a natural, coherent English sentence.
242	19	Christina shouldn't sell this hard oasis.	Christina shouldn't sell these hard oasis.	-113.5	-113.5	-10.3125	-10.3125	False	False	morphology	determiner_noun_agreement	Write a natural, coherent English sentence.
243	19	Christopher isn't firing those sick men.	Christopher isn't firing that sick men.	-93.5	-93.5	-10.375	-10.375	False	False	morphology	determiner_noun_agreement	Write a natural, coherent English sentence.
244	19	Most students hide that yellow mouse.	Most students hide those yellow mouse.	-72.5	-72.5	-10.375	-10.3125	False	False	morphology	determiner_noun_agreement	Write a natural, coherent English sentence.
245	19	Holly did buy those clean feet.	Holly did buy that clean feet.	-72.5	-72.5	-10.3125	-10.375	False	True	morphology	determiner_noun_agreement	Write a natural, coherent English sentence.
246	19	Many actors clean these brown theses.	Many actors clean this brown theses.	-83.0	-83.0	-10.375	-10.375	False	False	morphology	determiner_noun_agreement	Write a natural, coherent English sentence.
247	19	Stacy would hide those lost lice.	Stacy would hide that lost lice.	-93.5	-93.5	-10.375	-10.375	False	False	morphology	determiner_noun_agreement	Write a natural, coherent English sentence.
248	19	Alan drove to that new oasis.	Alan drove to those new oasis.	-82.0	-82.5	-10.25	-10.3125	True	True	morphology	determiner_noun_agreement	Write a natural, coherent English sentence.
249	19	The Impressionists tour this purple oasis.	The Impressionists tour these purple oasis.	-103.0	-103.0	-10.3125	-10.3125	False	False	morphology	determiner_noun_agreement	Write a natural, coherent English sentence.
250	19	Wayne is talking to this hidden woman.	Wayne is talking to these hidden woman.	-83.0	-83.0	-10.375	-10.375	False	False	morphology	determiner_noun_agreement	Write a natural, coherent English sentence.
251	19	Christopher forgets this happy child.	Christopher forgets these happy child.	-72.5	-72.5	-10.375	-10.3125	False	False	morphology	determiner_noun_agreement	Write a natural, coherent English sentence.
252	19	Julie can boycott those cheap oases.	Julie can boycott that cheap oases.	-93.0	-93.0	-10.375	-10.375	False	False	morphology	determiner_noun_agreement	Write a natural, coherent English sentence.
253	19	Most senators dislike these bad theses.	Most senators dislike this bad theses.	-103.5	-103.5	-10.375	-10.375	False	False	morphology	determiner_noun_agreement	Write a natural, coherent English sentence.
254	19	Denise concealed this content person.	Denise concealed these content person.	-83.0	-83.0	-10.375	-10.375	False	False	morphology	determiner_noun_agreement	Write a natural, coherent English sentence.
255	19	Some bike shocks these nice women.	Some bike shocks this nice women.	-82.5	-83.0	-10.3125	-10.375	True	True	morphology	determiner_noun_agreement	Write a natural, coherent English sentence.
256	19	These teenagers fix those hidden feet.	These teenagers fix that hidden feet.	-82.5	-82.5	-10.3125	-10.3125	False	False	morphology	determiner_noun_agreement	Write a natural, coherent English sentence.
257	19	Ella praised that ill woman.	Ella praised those ill woman.	-72.5	-72.5	-10.375	-10.375	False	False	morphology	determiner_noun_agreement	Write a natural, coherent English sentence.
258	19	Current events stun these lost people.	Current events stun this lost people.	-82.5	-83.0	-10.3125	-10.375	True	True	morphology	determiner_noun_agreement	Write a natural, coherent English sentence.
259	19	Mary tours this gray oasis.	Mary tours these gray oasis.	-72.5	-72.5	-10.375	-10.3125	False	False	morphology	determiner_noun_agreement	Write a natural, coherent English sentence.
260	19	Linda visited those unsure men.	Linda visited that unsure men.	-73.0	-72.5	-10.375	-10.375	False	False	morphology	determiner_noun_agreement	Write a natural, coherent English sentence.
261	19	Dan wouldn't boycott that smooth oasis.	Dan wouldn't boycott those smooth oasis.	-113.5	-113.5	-10.3125	-10.3125	False	False	morphology	determiner_noun_agreement	Write a natural, coherent English sentence.
262	19	Those men leave that brown oasis.	Those men leave those brown oasis.	-83.0	-82.5	-10.375	-10.3125	False	False	morphology	determiner_noun_agreement	Write a natural, coherent English sentence.
263	19	Lissa does pass these black oases.	Lissa does pass this black oases.	-93.5	-93.5	-10.375	-10.375	False	False	morphology	determiner_noun_agreement	Write a natural, coherent English sentence.
264	19	Alice had embarrassed this happy man.	Alice had embarrassed these happy man.	-72.5	-72.5	-10.375	-10.375	False	False	morphology	determiner_noun_agreement	Write a natural, coherent English sentence.
265	19	Wayne is worrying that hopeful child.	Wayne is worrying those hopeful child.	-82.5	-83.0	-10.3125	-10.375	True	True	morphology	determiner_noun_agreement	Write a natural, coherent English sentence.
266	19	Lucille is biking to that green oasis.	Lucille is biking to those green oasis.	-113.5	-113.5	-10.3125	-10.3125	False	False	morphology	determiner_noun_agreement	Write a natural, coherent English sentence.
267	19	Katherine hadn't skated around this white oasis.	Katherine hadn't skated around these white oasis.	-134.0	-134.0	-10.3125	-10.3125	False	False	morphology	determiner_noun_agreement	Write a natural, coherent English sentence.
268	19	James observed this hopeful child.	James observed these hopeful child.	-72.5	-72.0	-10.3125	-10.3125	False	False	morphology	determiner_noun_agreement	Write a natural, coherent English sentence.
269	19	Gerald liked this big child.	Gerald liked these big child.	-72.5	-72.5	-10.3125	-10.375	False	True	morphology	determiner_noun_agreement	Write a natural, coherent English sentence.
270	19	That committee wasn't hiring this displeased alumnus.	That committee wasn't hiring these displeased alumnus.	-145.0	-144.0	-10.3125	-10.3125	False	False	morphology	determiner_noun_agreement	Write a natural, coherent English sentence.
271	19	Gary isn't breaking that white tooth.	Gary isn't breaking those white tooth.	-93.0	-93.0	-10.375	-10.375	False	False	morphology	determiner_noun_agreement	Write a natural, coherent English sentence.
272	19	Walter hasn't seen those content children.	Walter hasn't seen that content children.	-93.5	-93.0	-10.375	-10.375	False	False	morphology	determiner_noun_agreement	Write a natural, coherent English sentence.
273	19	Martha didn't clean these hidden teeth.	Martha didn't clean this hidden teeth.	-93.0	-93.0	-10.3125	-10.3125	False	False	morphology	determiner_noun_agreement	Write a natural, coherent English sentence.
274	19	These teachers are returning to those lost men.	These teachers are returning to that lost men.	-93.0	-93.0	-10.3125	-10.3125	False	False	morphology	determiner_noun_agreement	Write a natural, coherent English sentence.
275	19	Ellen hadn't boycotted that hidden oasis.	Ellen hadn't boycotted those hidden oasis.	-124.0	-124.0	-10.375	-10.375	False	False	morphology	determiner_noun_agreement	Write a natural, coherent English sentence.
276	19	Some patients drive to these brown oases.	Some patients drive to this brown oases.	-93.0	-93.0	-10.3125	-10.3125	False	False	morphology	determiner_noun_agreement	Write a natural, coherent English sentence.
277	19	Nina wasn't referencing this ill person.	Nina wasn't referencing these ill person.	-103.5	-103.5	-10.3125	-10.375	False	True	morphology	determiner_noun_agreement	Write a natural, coherent English sentence.
278	19	Denise praises these fast children.	Denise praises this fast children.	-83.0	-83.0	-10.375	-10.375	False	False	morphology	determiner_noun_agreement	Write a natural, coherent English sentence.
279	19	Most customers attack that clever man.	Most customers attack those clever man.	-72.5	-72.5	-10.375	-10.375	False	False	morphology	determiner_noun_agreement	Write a natural, coherent English sentence.
280	19	Every photograph looks like those exposed people.	Every photograph looks like that exposed people.	-83.0	-82.5	-10.375	-10.3125	False	False	morphology	determiner_noun_agreement	Write a natural, coherent English sentence.
281	19	Cindy shouldn't cure that confident alumnus.	Cindy shouldn't cure those confident alumnus.	-134.0	-134.0	-10.3125	-10.3125	False	False	morphology	determiner_noun_agreement	Write a natural, coherent English sentence.
282	19	The Borgias reveal these blue feet.	The Borgias reveal this blue feet.	-93.5	-93.5	-10.375	-10.375	False	False	morphology	determiner_noun_agreement	Write a natural, coherent English sentence.
283	19	Ella lifts these exposed fungi.	Ella lifts this exposed fungi.	-93.0	-93.0	-10.375	-10.375	False	False	morphology	determiner_noun_agreement	Write a natural, coherent English sentence.
284	19	The Lutherans astound that unsure person.	The Lutherans astound those unsure person.	-103.5	-103.5	-10.375	-10.375	False	False	morphology	determiner_noun_agreement	Write a natural, coherent English sentence.
285	19	These cakes bore that determined woman.	These cakes bore those determined woman.	-83.0	-83.0	-10.375	-10.375	False	False	morphology	determiner_noun_agreement	Write a natural, coherent English sentence.
286	19	Nina lifts this orange cactus.	Nina lifts these orange cactus.	-93.0	-93.0	-10.3125	-10.3125	False	False	morphology	determiner_noun_agreement	Write a natural, coherent English sentence.
287	19	The actors kiss these unconvinced children.	The actors kiss this unconvinced children.	-103.5	-103.5	-10.3125	-10.375	False	True	morphology	determiner_noun_agreement	Write a natural, coherent English sentence.
288	19	Sharon dislikes that brown thesis.	Sharon dislikes those brown thesis.	-93.0	-93.0	-10.375	-10.375	False	False	morphology	determiner_noun_agreement	Write a natural, coherent English sentence.
289	19	The customers sell these rough fungi.	The customers sell this rough fungi.	-83.0	-83.0	-10.375	-10.375	False	False	morphology	determiner_noun_agreement	Write a natural, coherent English sentence.
290	19	Janice didn't cure those employed men.	Janice didn't cure that employed men.	-103.0	-103.0	-10.3125	-10.3125	False	False	morphology	determiner_noun_agreement	Write a natural, coherent English sentence.
291	19	Paula left this uncertain person.	Paula left these uncertain person.	-72.5	-72.5	-10.3125	-10.3125	False	False	morphology	determiner_noun_agreement	Write a natural, coherent English sentence.
292	19	Those guys had escaped from those employed children.	Those guys had escaped from that employed children.	-93.0	-93.0	-10.3125	-10.3125	False	False	morphology	determiner_noun_agreement	Write a natural, coherent English sentence.
293	19	Christine wasn't touring that old oasis.	Christine wasn't touring those old oasis.	-124.0	-124.0	-10.3125	-10.3125	False	False	morphology	determiner_noun_agreement	Write a natural, coherent English sentence.
294	19	These waitresses praise this rough thesis.	These waitresses praise these rough thesis.	-92.5	-92.5	-10.3125	-10.3125	False	False	morphology	determiner_noun_agreement	Write a natural, coherent English sentence.
295	19	Some girls hadn't passed this concealed oasis.	Some girls hadn't passed these concealed oasis.	-124.0	-124.0	-10.3125	-10.3125	False	False	morphology	determiner_noun_agreement	Write a natural, coherent English sentence.
296	19	Andrea lifts these small cacti.	Andrea lifts this small cacti.	-93.0	-93.0	-10.3125	-10.3125	False	False	morphology	determiner_noun_agreement	Write a natural, coherent English sentence.
297	19	Kristen is scanning those bad synopses.	Kristen is scanning that bad synopses.	-114.0	-114.0	-10.375	-10.3125	False	False	morphology	determiner_noun_agreement	Write a natural, coherent English sentence.
298	19	Alan is skated around these cheap oases.	Alan is skated around this cheap oases.	-103.5	-103.5	-10.375	-10.375	False	False	morphology	determiner_noun_agreement	Write a natural, coherent English sentence.
299	19	Kayla has investigated these busy people.	Kayla has investigated this busy people.	-83.0	-83.0	-10.375	-10.375	False	False	morphology	determiner_noun_agreement	Write a natural, coherent English sentence.
300	19	Timothy observes that good woman.	Timothy observes those good woman.	-82.5	-83.0	-10.3125	-10.375	True	True	morphology	determiner_noun_agreement	Write a natural, coherent English sentence.
301	19	Every museum hadn't discussed those hidden theses.	Every museum hadn't discussed that hidden theses.	-113.5	-114.0	-10.3125	-10.3125	True	False	morphology	determiner_noun_agreement	Write a natural, coherent English sentence.
302	19	Some cashiers help this troubled person.	Some cashiers help these troubled person.	-92.5	-92.5	-10.3125	-10.25	False	False	morphology	determiner_noun_agreement	Write a natural, coherent English sentence.
303	19	Amanda was attacking that displeased woman.	Amanda was attacking those displeased woman.	-93.0	-93.0	-10.375	-10.375	False	False	morphology	determiner_noun_agreement	Write a natural, coherent English sentence.
304	19	This window upsets these lost people.	This window upsets this lost people.	-83.0	-83.0	-10.375	-10.375	False	False	morphology	determiner_noun_agreement	Write a natural, coherent English sentence.
305	19	Cindy wasn't bringing those gray cacti.	Cindy wasn't bringing that gray cacti.	-134.0	-134.0	-10.375	-10.3125	False	False	morphology	determiner_noun_agreement	Write a natural, coherent English sentence.
306	19	Peter complained about these good synopses.	Peter complained about this good synopses.	-93.0	-93.0	-10.3125	-10.3125	False	False	morphology	determiner_noun_agreement	Write a natural, coherent English sentence.
307	19	Danielle was touring those new oases.	Danielle was touring that new oases.	-103.0	-103.0	-10.3125	-10.3125	False	False	morphology	determiner_noun_agreement	Write a natural, coherent English sentence.
308	19	Elaine discusses that standing person.	Elaine discusses those standing person.	-83.0	-82.5	-10.375	-10.3125	False	False	morphology	determiner_noun_agreement	Write a natural, coherent English sentence.
309	19	Jacqueline had healed those rough geese.	Jacqueline had healed that rough geese.	-113.5	-113.5	-10.3125	-10.3125	False	False	morphology	determiner_noun_agreement	Write a natural, coherent English sentence.
310	19	All rivers were distracting those standing men.	All rivers were distracting that standing men.	-93.0	-93.0	-10.3125	-10.3125	False	False	morphology	determiner_noun_agreement	Write a natural, coherent English sentence.
311	19	Some people exit those yellow oases.	Some people exit that yellow oases.	-82.5	-83.0	-10.3125	-10.375	True	True	morphology	determiner_noun_agreement	Write a natural, coherent English sentence.
312	19	Becca isn't exploring these hard oases.	Becca isn't exploring this hard oases.	-113.5	-113.5	-10.3125	-10.3125	False	False	morphology	determiner_noun_agreement	Write a natural, coherent English sentence.
313	19	Timothy revealed that big foot.	Timothy revealed those big foot.	-72.0	-72.5	-10.3125	-10.375	True	True	morphology	determiner_noun_agreement	Write a natural, coherent English sentence.
314	19	Adam fires these determined men.	Adam fires this determined men.	-62.25	-62.25	-10.375	-10.375	False	False	morphology	determiner_noun_agreement	Write a natural, coherent English sentence.
315	19	The teenagers clean this purple foot.	The teenagers clean these purple foot.	-82.5	-82.5	-10.3125	-10.3125	False	False	morphology	determiner_noun_agreement	Write a natural, coherent English sentence.
316	19	The Great Lakes could annoy that troubled man.	The Great Lakes could annoy those troubled man.	-113.5	-113.5	-10.3125	-10.3125	False	False	morphology	determiner_noun_agreement	Write a natural, coherent English sentence.
317	19	Karen discusses those bad men.	Karen discusses that bad men.	-72.5	-72.5	-10.375	-10.375	False	False	morphology	determiner_noun_agreement	Write a natural, coherent English sentence.
318	19	Phillip didn't find those ill alumni.	Phillip didn't find that ill alumni.	-124.0	-123.5	-10.3125	-10.3125	False	False	morphology	determiner_noun_agreement	Write a natural, coherent English sentence.
319	19	A lot of men reference these good analyses.	A lot of men reference this good analyses.	-103.5	-103.5	-10.3125	-10.3125	False	False	morphology	determiner_noun_agreement	Write a natural, coherent English sentence.
320	19	Larry had insulted these lucky children.	Larry had insulted this lucky children.	-83.0	-83.0	-10.375	-10.375	False	False	morphology	determiner_noun_agreement	Write a natural, coherent English sentence.
321	19	Debra is firing that determined child.	Debra is firing those determined child.	-83.0	-83.0	-10.375	-10.375	False	False	morphology	determiner_noun_agreement	Write a natural, coherent English sentence.
322	19	Noah was watching that fast woman.	Noah was watching those fast woman.	-72.5	-72.5	-10.375	-10.375	False	False	morphology	determiner_noun_agreement	Write a natural, coherent English sentence.
323	19	Gina works with that displeased person.	Gina works with those displeased person.	-103.5	-103.5	-10.375	-10.375	False	False	morphology	determiner_noun_agreement	Write a natural, coherent English sentence.
324	19	Most doctors would bring these big nuclei.	Most doctors would bring this big nuclei.	-93.0	-93.0	-10.3125	-10.3125	False	False	morphology	determiner_noun_agreement	Write a natural, coherent English sentence.
325	19	All drawings alarm that unconvinced child.	All drawings alarm those unconvinced child.	-103.5	-103.0	-10.3125	-10.3125	False	False	morphology	determiner_noun_agreement	Write a natural, coherent English sentence.
326	19	Some libraries hate that busy man.	Some libraries hate those busy man.	-72.5	-72.5	-10.375	-10.375	False	False	morphology	determiner_noun_agreement	Write a natural, coherent English sentence.
327	19	Derek disgusted that unemployed child.	Derek disgusted those unemployed child.	-93.0	-93.0	-10.3125	-10.3125	False	False	morphology	determiner_noun_agreement	Write a natural, coherent English sentence.
328	19	Marla hadn't fired these good men.	Marla hadn't fired this good men.	-103.5	-103.5	-10.375	-10.375	False	False	morphology	determiner_noun_agreement	Write a natural, coherent English sentence.
329	19	Carmen examined that red thesis.	Carmen examined those red thesis.	-72.5	-72.5	-10.375	-10.375	False	False	morphology	determiner_noun_agreement	Write a natural, coherent English sentence.
330	19	Amelia investigates this smart woman.	Amelia investigates these smart woman.	-83.0	-82.5	-10.375	-10.3125	False	False	morphology	determiner_noun_agreement	Write a natural, coherent English sentence.
331	19	The Borgias hire that displeased alumnus.	The Borgias hire those displeased alumnus.	-135.0	-135.0	-10.375	-10.375	False	False	morphology	determiner_noun_agreement	Write a natural, coherent English sentence.
332	19	Stacey would arrive at these orange oases.	Stacey would arrive at this orange oases.	-113.5	-113.5	-10.3125	-10.3125	False	False	morphology	determiner_noun_agreement	Write a natural, coherent English sentence.
333	19	Anna works with this lucky man.	Anna works with these lucky man.	-72.5	-72.5	-10.375	-10.375	False	False	morphology	determiner_noun_agreement	Write a natural, coherent English sentence.
334	19	Walter has scanned this rough thesis.	Walter has scanned these rough thesis.	-83.0	-83.0	-10.375	-10.375	False	False	morphology	determiner_noun_agreement	Write a natural, coherent English sentence.
335	19	Some mushroom bothered that lucky woman.	Some mushroom bothered those lucky woman.	-82.5	-82.5	-10.3125	-10.3125	False	False	morphology	determiner_noun_agreement	Write a natural, coherent English sentence.
336	19	Cynthia walked through this hard oasis.	Cynthia walked through these hard oasis.	-113.5	-113.5	-10.3125	-10.3125	False	False	morphology	determiner_noun_agreement	Write a natural, coherent English sentence.
337	19	Liam has healed these black oxen.	Liam has healed this black oxen.	-103.5	-103.5	-10.375	-10.375	False	False	morphology	determiner_noun_agreement	Write a natural, coherent English sentence.
338	19	Andrew did notice these white axes.	Andrew did notice this white axes.	-83.0	-83.0	-10.375	-10.375	False	False	morphology	determiner_noun_agreement	Write a natural, coherent English sentence.
339	19	Bethany kisses these serious alumni.	Bethany kisses this serious alumni.	-103.0	-103.0	-10.3125	-10.3125	False	False	morphology	determiner_noun_agreement	Write a natural, coherent English sentence.
340	19	Vanessa watches this nice person.	Vanessa watches these nice person.	-72.5	-72.5	-10.375	-10.375	False	False	morphology	determiner_noun_agreement	Write a natural, coherent English sentence.
341	19	Every window astounded that big man.	Every window astounded those big man.	-93.0	-93.0	-10.3125	-10.3125	False	False	morphology	determiner_noun_agreement	Write a natural, coherent English sentence.
342	19	Donna leaves that upset man.	Donna leaves those upset man.	-72.5	-72.5	-10.375	-10.375	False	False	morphology	determiner_noun_agreement	Write a natural, coherent English sentence.
343	19	Many students drop by that orange oasis.	Many students drop by those orange oasis.	-93.0	-93.0	-10.3125	-10.3125	False	False	morphology	determiner_noun_agreement	Write a natural, coherent English sentence.
344	19	The sketches looked like this unsure man.	The sketches looked like these unsure man.	-113.5	-113.5	-10.3125	-10.3125	False	False	morphology	determiner_noun_agreement	Write a natural, coherent English sentence.
345	19	Helen fixes that broken tooth.	Helen fixes those broken tooth.	-72.0	-72.0	-10.3125	-10.3125	False	False	morphology	determiner_noun_agreement	Write a natural, coherent English sentence.
346	19	Robert wasn't annoying that old person.	Robert wasn't annoying those old person.	-93.0	-93.0	-10.375	-10.375	False	False	morphology	determiner_noun_agreement	Write a natural, coherent English sentence.
347	19	Amy isn't talking to that young woman.	Amy isn't talking to those young woman.	-103.5	-103.5	-10.375	-10.375	False	False	morphology	determiner_noun_agreement	Write a natural, coherent English sentence.
348	19	Alan hadn't remembered these long analyses.	Alan hadn't remembered this long analyses.	-103.5	-103.5	-10.375	-10.375	False	False	morphology	determiner_noun_agreement	Write a natural, coherent English sentence.
349	19	Stephen is working with these out in the open women.	Stephen is working with this out in the open women.	-114.0	-114.0	-10.375	-10.375	False	False	morphology	determiner_noun_agreement	Write a natural, coherent English sentence.
350	19	This library had discussed these employed men.	This library had discussed this employed men.	-83.0	-83.0	-10.375	-10.375	False	False	morphology	determiner_noun_agreement	Write a natural, coherent English sentence.
351	19	This teenager can't worry those delighted men.	This teenager can't worry that delighted men.	-103.5	-103.5	-10.375	-10.375	False	False	morphology	determiner_noun_agreement	Write a natural, coherent English sentence.
352	19	Wendy revealed that sick octopus.	Wendy revealed those sick octopus.	-93.0	-93.0	-10.3125	-10.375	False	True	morphology	determiner_noun_agreement	Write a natural, coherent English sentence.
353	19	The Clintons haven't worked with that young person.	The Clintons haven't worked with those young person.	-134.0	-135.0	-10.375	-10.375	True	False	morphology	determiner_noun_agreement	Write a natural, coherent English sentence.
354	19	Some committee aggravates this unconvinced woman.	Some committee aggravates these unconvinced woman.	-123.5	-124.0	-10.3125	-10.3125	True	False	morphology	determiner_noun_agreement	Write a natural, coherent English sentence.
355	19	Guy bored that troubled man.	Guy bored those troubled man.	-72.5	-72.5	-10.375	-10.375	False	False	morphology	determiner_noun_agreement	Write a natural, coherent English sentence.
356	19	Every actress scanned those bad analyses.	Every actress scanned that bad analyses.	-93.0	-93.0	-10.3125	-10.3125	False	False	morphology	determiner_noun_agreement	Write a natural, coherent English sentence.
357	19	A library alarms that determined child.	A library alarms those determined child.	-83.0	-83.0	-10.375	-10.375	False	False	morphology	determiner_noun_agreement	Write a natural, coherent English sentence.
358	19	Sheila can't notice this clever man.	Sheila can't notice these clever man.	-103.5	-103.5	-10.375	-10.375	False	False	morphology	determiner_noun_agreement	Write a natural, coherent English sentence.
359	19	James forgets this fast alumnus.	James forgets these fast alumnus.	-93.0	-92.5	-10.3125	-10.3125	False	False	morphology	determiner_noun_agreement	Write a natural, coherent English sentence.
360	19	Noah hasn't thought about these smooth lice.	Noah hasn't thought about this smooth lice.	-114.0	-114.0	-10.3125	-10.375	False	True	morphology	determiner_noun_agreement	Write a natural, coherent English sentence.
361	19	Aaron sees these gray oases.	Aaron sees this gray oases.	-72.5	-72.5	-10.375	-10.375	False	False	morphology	determiner_noun_agreement	Write a natural, coherent English sentence.
362	19	Sherry has taken this standing goose.	Sherry has taken these standing goose.	-93.0	-93.0	-10.375	-10.375	False	False	morphology	determiner_noun_agreement	Write a natural, coherent English sentence.
363	19	Marie hasn't found those ill geese.	Marie hasn't found that ill geese.	-103.5	-103.5	-10.375	-10.3125	False	False	morphology	determiner_noun_agreement	Write a natural, coherent English sentence.
364	19	Peter isn't arriving at that red oasis.	Peter isn't arriving at those red oasis.	-113.5	-113.5	-10.3125	-10.3125	False	False	morphology	determiner_noun_agreement	Write a natural, coherent English sentence.
365	19	Jill isn't boycotting those orange oases.	Jill isn't boycotting that orange oases.	-145.0	-145.0	-10.3125	-10.375	False	True	morphology	determiner_noun_agreement	Write a natural, coherent English sentence.
366	19	Julia messes up that orange foot.	Julia messes up those orange foot.	-82.5	-82.5	-10.3125	-10.3125	False	False	morphology	determiner_noun_agreement	Write a natural, coherent English sentence.
367	19	That hill didn't disturb that content woman.	That hill didn't disturb those content woman.	-103.5	-103.5	-10.3125	-10.375	False	True	morphology	determiner_noun_agreement	Write a natural, coherent English sentence.
368	19	Suzanne has concealed that concealed man.	Suzanne has concealed those concealed man.	-103.0	-103.0	-10.25	-10.3125	False	True	morphology	determiner_noun_agreement	Write a natural, coherent English sentence.
369	19	Alicia sells that orange octopus.	Alicia sells those orange octopus.	-113.0	-113.0	-10.3125	-10.3125	False	False	morphology	determiner_noun_agreement	Write a natural, coherent English sentence.
370	19	Leslie has discussed that delighted child.	Leslie has discussed those delighted child.	-83.0	-83.0	-10.375	-10.375	False	False	morphology	determiner_noun_agreement	Write a natural, coherent English sentence.
371	19	Andrea could like these white lice.	Andrea could like this white lice.	-83.0	-83.0	-10.375	-10.375	False	False	morphology	determiner_noun_agreement	Write a natural, coherent English sentence.
372	19	Most children break those rough teeth.	Most children break that rough teeth.	-72.5	-72.5	-10.375	-10.375	False	False	morphology	determiner_noun_agreement	Write a natural, coherent English sentence.
373	19	Richard did work with this clever child.	Richard did work with these clever child.	-83.0	-83.0	-10.375	-10.375	False	False	morphology	determiner_noun_agreement	Write a natural, coherent English sentence.
374	19	Anne hugs this unemployed woman.	Anne hugs these unemployed woman.	-82.5	-82.5	-10.3125	-10.3125	False	False	morphology	determiner_noun_agreement	Write a natural, coherent English sentence.
375	19	Those actors attack that excited child.	Those actors attack those excited child.	-72.5	-72.5	-10.375	-10.375	False	False	morphology	determiner_noun_agreement	Write a natural, coherent English sentence.
376	19	Bruce was hugging that unconvinced man.	Bruce was hugging those unconvinced man.	-113.5	-113.5	-10.3125	-10.3125	False	False	morphology	determiner_noun_agreement	Write a natural, coherent English sentence.
377	19	Patrick hasn't hidden this orange oasis.	Patrick hasn't hidden these orange oasis.	-103.5	-103.5	-10.375	-10.3125	False	False	morphology	determiner_noun_agreement	Write a natural, coherent English sentence.
378	19	Alicia hadn't discussed that uncertain person.	Alicia hadn't discussed those uncertain person.	-114.0	-113.5	-10.3125	-10.3125	False	False	morphology	determiner_noun_agreement	Write a natural, coherent English sentence.
379	19	Susan wasn't talking to those confident men.	Susan wasn't talking to that confident men.	-103.5	-103.5	-10.375	-10.375	False	False	morphology	determiner_noun_agreement	Write a natural, coherent English sentence.
380	19	Cheryl will scan that good synopsis.	Cheryl will scan those good synopsis.	-93.0	-93.0	-10.3125	-10.3125	False	False	morphology	determiner_noun_agreement	Write a natural, coherent English sentence.
381	19	Tamara kissed that unsure man.	Tamara kissed those unsure man.	-82.5	-83.0	-10.3125	-10.375	True	True	morphology	determiner_noun_agreement	Write a natural, coherent English sentence.
382	19	Craig boasts about those bad analyses.	Craig boasts about that bad analyses.	-93.0	-93.0	-10.3125	-10.3125	False	False	morphology	determiner_noun_agreement	Write a natural, coherent English sentence.
383	19	Randolf hadn't hugged those serious people.	Randolf hadn't hugged that serious people.	-113.5	-113.5	-10.3125	-10.3125	False	False	morphology	determiner_noun_agreement	Write a natural, coherent English sentence.
384	19	Many doctors cure these exposed men.	Many doctors cure this exposed men.	-72.5	-72.5	-10.3125	-10.3125	False	False	morphology	determiner_noun_agreement	Write a natural, coherent English sentence.
385	19	Women criticized those smooth theses.	Women criticized that smooth theses.	-83.0	-83.0	-10.375	-10.375	False	False	morphology	determiner_noun_agreement	Write a natural, coherent English sentence.
386	19	Some light disturbs that old person.	Some light disturbs those old person.	-93.0	-93.0	-10.375	-10.375	False	False	morphology	determiner_noun_agreement	Write a natural, coherent English sentence.
387	19	Carol was questioning this big man.	Carol was questioning these big man.	-72.5	-72.5	-10.375	-10.375	False	False	morphology	determiner_noun_agreement	Write a natural, coherent English sentence.
388	19	Sara has gone to that old oasis.	Sara has gone to those old oasis.	-93.0	-92.5	-10.3125	-10.3125	False	False	morphology	determiner_noun_agreement	Write a natural, coherent English sentence.
389	19	Steven brought these red oases.	Steven brought this red oases.	-72.5	-72.5	-10.375	-10.375	False	False	morphology	determiner_noun_agreement	Write a natural, coherent English sentence.
390	19	Diana will disgust these ill children.	Diana will disgust this ill children.	-72.5	-72.5	-10.375	-10.375	False	False	morphology	determiner_noun_agreement	Write a natural, coherent English sentence.
391	19	Steven disturbs these sick alumni.	Steven disturbs this sick alumni.	-104.0	-103.5	-10.375	-10.375	False	False	morphology	determiner_noun_agreement	Write a natural, coherent English sentence.
392	19	Angela wasn't lifting these blue feet.	Angela wasn't lifting this blue feet.	-93.0	-93.0	-10.3125	-10.375	False	True	morphology	determiner_noun_agreement	Write a natural, coherent English sentence.
393	19	Sharon hasn't stunned that unsure child.	Sharon hasn't stunned those unsure child.	-124.0	-124.0	-10.375	-10.375	False	False	morphology	determiner_noun_agreement	Write a natural, coherent English sentence.
394	19	These girls question that concealed man.	These girls question those concealed man.	-83.0	-83.0	-10.375	-10.375	False	False	morphology	determiner_noun_agreement	Write a natural, coherent English sentence.
395	19	Martha wasn't kissing this unemployed man.	Martha wasn't kissing these unemployed man.	-113.0	-113.0	-10.3125	-10.3125	False	False	morphology	determiner_noun_agreement	Write a natural, coherent English sentence.
396	19	Kendra isn't working with this excited child.	Kendra isn't working with these excited child.	-124.0	-124.0	-10.375	-10.375	False	False	morphology	determiner_noun_agreement	Write a natural, coherent English sentence.
397	19	All actresses praise this hard thesis.	All actresses praise these hard thesis.	-82.5	-82.5	-10.3125	-10.3125	False	False	morphology	determiner_noun_agreement	Write a natural, coherent English sentence.
398	19	David cleans that hard tooth.	David cleans those hard tooth.	-72.5	-72.5	-10.375	-10.375	False	False	morphology	determiner_noun_agreement	Write a natural, coherent English sentence.
399	19	Julia sounded like this uncertain person.	Julia sounded like these uncertain person.	-72.5	-72.5	-10.375	-10.375	False	False	morphology	determiner_noun_agreement	Write a natural, coherent English sentence.
400	19	Those actors attacked that happy alumnus.	Those actors attacked those happy alumnus.	-93.0	-93.0	-10.3125	-10.3125	False	False	morphology	determiner_noun_agreement	Write a natural, coherent English sentence.
401	19	Eva hadn't admired these black fungi.	Eva hadn't admired this black fungi.	-113.5	-114.0	-10.3125	-10.375	True	True	morphology	determiner_noun_agreement	Write a natural, coherent English sentence.
402	19	Many chairs aren't disgusting this unlucky child.	Many chairs aren't disgusting these unlucky child.	-134.0	-134.0	-10.3125	-10.3125	False	False	morphology	determiner_noun_agreement	Write a natural, coherent English sentence.
403	19	Those waiters break these rough teeth.	Those waiters break this rough teeth.	-82.5	-82.5	-10.3125	-10.3125	False	False	morphology	determiner_noun_agreement	Write a natural, coherent English sentence.
404	19	Becca leaves this uncertain child.	Becca leaves these uncertain child.	-72.0	-72.0	-10.3125	-10.3125	False	False	morphology	determiner_noun_agreement	Write a natural, coherent English sentence.
405	19	Some steak disturbs these displeased children.	Some steak disturbs this displeased children.	-124.0	-124.0	-10.375	-10.375	False	False	morphology	determiner_noun_agreement	Write a natural, coherent English sentence.
406	19	Christine wouldn't conceal this lost stimulus.	Christine wouldn't conceal these lost stimulus.	-124.0	-124.0	-10.3125	-10.3125	False	False	morphology	determiner_noun_agreement	Write a natural, coherent English sentence.
407	19	Every face irritates those unemployed alumni.	Every face irritates that unemployed alumni.	-113.5	-113.5	-10.3125	-10.3125	False	False	morphology	determiner_noun_agreement	Write a natural, coherent English sentence.
408	19	Susan noticed that unlucky person.	Susan noticed those unlucky person.	-82.5	-82.5	-10.3125	-10.3125	False	False	morphology	determiner_noun_agreement	Write a natural, coherent English sentence.
409	19	Some women drop by those concealed oases.	Some women drop by that concealed oases.	-103.5	-103.5	-10.375	-10.3125	False	False	morphology	determiner_noun_agreement	Write a natural, coherent English sentence.
410	19	The Clintons disagree with these serious men.	The Clintons disagree with this serious men.	-103.5	-103.5	-10.375	-10.375	False	False	morphology	determiner_noun_agreement	Write a natural, coherent English sentence.
411	19	Phillip discovers these busy women.	Phillip discovers this busy women.	-83.0	-82.5	-10.375	-10.3125	False	False	morphology	determiner_noun_agreement	Write a natural, coherent English sentence.
412	19	Waiters investigate that hopeful woman.	Waiters investigate those hopeful woman.	-82.5	-82.5	-10.3125	-10.3125	False	False	morphology	determiner_noun_agreement	Write a natural, coherent English sentence.
413	19	Regina hasn't found these white nuclei.	Regina hasn't found this white nuclei.	-124.0	-124.0	-10.3125	-10.3125	False	False	morphology	determiner_noun_agreement	Write a natural, coherent English sentence.
414	19	Irene scanned those purple theses.	Irene scanned that purple theses.	-93.0	-93.5	-10.375	-10.375	True	False	morphology	determiner_noun_agreement	Write a natural, coherent English sentence.
415	19	A bank references those popular people.	A bank references that popular people.	-72.5	-72.5	-10.375	-10.375	False	False	morphology	determiner_noun_agreement	Write a natural, coherent English sentence.
416	19	Vincent tours this old oasis.	Vincent tours these old oasis.	-72.5	-72.5	-10.3125	-10.3125	False	False	morphology	determiner_noun_agreement	Write a natural, coherent English sentence.
417	19	Alicia kisses that standing woman.	Alicia kisses those standing woman.	-93.0	-93.0	-10.3125	-10.3125	False	False	morphology	determiner_noun_agreement	Write a natural, coherent English sentence.
418	19	Some candles aren't boring those displeased men.	Some candles aren't boring that displeased men.	-134.0	-135.0	-10.375	-10.375	True	False	morphology	determiner_noun_agreement	Write a natural, coherent English sentence.
419	19	That teenager does care for this old alumnus.	That teenager does care for these old alumnus.	-113.5	-113.5	-10.3125	-10.3125	False	False	morphology	determiner_noun_agreement	Write a natural, coherent English sentence.
420	19	A lot of drawings weren't alarming that displeased man.	A lot of drawings weren't alarming those displeased man.	-155.0	-155.0	-10.3125	-10.3125	False	False	morphology	determiner_noun_agreement	Write a natural, coherent English sentence.
421	19	That face astounded that important woman.	That face astounded those important woman.	-93.0	-93.0	-10.3125	-10.375	False	True	morphology	determiner_noun_agreement	Write a natural, coherent English sentence.
422	19	Tiffany had approached these unemployed people.	Tiffany had approached this unemployed people.	-103.0	-103.0	-10.3125	-10.3125	False	False	morphology	determiner_noun_agreement	Write a natural, coherent English sentence.
423	19	Christina is passing these rough oases.	Christina is passing this rough oases.	-93.0	-93.0	-10.3125	-10.375	False	True	morphology	determiner_noun_agreement	Write a natural, coherent English sentence.
424	19	Debra was praising those busy people.	Debra was praising that busy people.	-93.0	-93.0	-10.375	-10.375	False	False	morphology	determiner_noun_agreement	Write a natural, coherent English sentence.
425	19	The doctors didn't care for these scared children.	The doctors didn't care for this scared children.	-113.5	-113.5	-10.3125	-10.3125	False	False	morphology	determiner_noun_agreement	Write a natural, coherent English sentence.
426	19	Those ladders stun these small people.	Those ladders stun this small people.	-103.5	-104.0	-10.375	-10.375	True	False	morphology	determiner_noun_agreement	Write a natural, coherent English sentence.
427	19	Samuel isn't distracting these clever women.	Samuel isn't distracting this clever women.	-103.5	-103.5	-10.3125	-10.375	False	True	morphology	determiner_noun_agreement	Write a natural, coherent English sentence.
428	19	Lucille dropped by those new oases.	Lucille dropped by that new oases.	-93.0	-93.0	-10.3125	-10.3125	False	False	morphology	determiner_noun_agreement	Write a natural, coherent English sentence.
429	19	A legislature should aggravate that busy child.	A legislature should aggravate those busy child.	-113.5	-113.5	-10.3125	-10.3125	False	False	morphology	determiner_noun_agreement	Write a natural, coherent English sentence.
430	19	Larry observed that lucky child.	Larry observed those lucky child.	-62.0	-62.25	-10.375	-10.375	True	False	morphology	determiner_noun_agreement	Write a natural, coherent English sentence.
431	19	Lawrence wasn't approaching those troubled children.	Lawrence wasn't approaching that troubled children.	-103.5	-103.5	-10.3125	-10.3125	False	False	morphology	determiner_noun_agreement	Write a natural, coherent English sentence.
432	19	Most libraries describe those delighted men.	Most libraries describe that delighted men.	-73.0	-72.5	-10.375	-10.375	False	False	morphology	determiner_noun_agreement	Write a natural, coherent English sentence.
433	19	The Impressionists alarms that sick child.	The Impressionists alarms those sick child.	-103.5	-103.5	-10.375	-10.375	False	False	morphology	determiner_noun_agreement	Write a natural, coherent English sentence.
434	19	A lot of children have this exposed axis.	A lot of children have these exposed axis.	-92.5	-92.5	-10.3125	-10.3125	False	False	morphology	determiner_noun_agreement	Write a natural, coherent English sentence.
435	19	Melissa couldn't reveal that small man.	Melissa couldn't reveal those small man.	-103.0	-103.0	-10.3125	-10.3125	False	False	morphology	determiner_noun_agreement	Write a natural, coherent English sentence.
436	19	These carriages won't impress those bad men.	These carriages won't impress that bad men.	-114.0	-114.0	-10.375	-10.375	False	False	morphology	determiner_noun_agreement	Write a natural, coherent English sentence.
437	19	Many girls drop by that red oasis.	Many girls drop by those red oasis.	-93.0	-93.0	-10.3125	-10.3125	False	False	morphology	determiner_noun_agreement	Write a natural, coherent English sentence.
438	19	The Impressionists fled from this small woman.	The Impressionists fled from these small woman.	-103.0	-103.5	-10.3125	-10.3125	True	False	morphology	determiner_noun_agreement	Write a natural, coherent English sentence.
439	19	Ann arrived at that blue oasis.	Ann arrived at those blue oasis.	-82.5	-82.5	-10.3125	-10.3125	False	False	morphology	determiner_noun_agreement	Write a natural, coherent English sentence.
440	19	The sock isn't disturbing those lucky children.	The sock isn't disturbing that lucky children.	-113.5	-113.5	-10.3125	-10.3125	False	False	morphology	determiner_noun_agreement	Write a natural, coherent English sentence.
441	19	Those socks were shocking those unlucky men.	Those socks were shocking that unlucky men.	-113.5	-113.5	-10.3125	-10.3125	False	False	morphology	determiner_noun_agreement	Write a natural, coherent English sentence.
442	19	Christine wasn't walking through those cheap oases.	Christine wasn't walking through that cheap oases.	-124.0	-124.0	-10.3125	-10.3125	False	False	morphology	determiner_noun_agreement	Write a natural, coherent English sentence.
443	19	Mary appreciates those content women.	Mary appreciates that content women.	-72.5	-72.5	-10.375	-10.375	False	False	morphology	determiner_noun_agreement	Write a natural, coherent English sentence.
444	19	That lady didn't question this ill person.	That lady didn't question these ill person.	-103.5	-103.5	-10.375	-10.375	False	False	morphology	determiner_noun_agreement	Write a natural, coherent English sentence.
445	19	Most birds annoy this young woman.	Most birds annoy these young woman.	-72.5	-72.5	-10.3125	-10.3125	False	False	morphology	determiner_noun_agreement	Write a natural, coherent English sentence.
446	19	Amelia is kissing these content men.	Amelia is kissing this content men.	-93.0	-93.0	-10.3125	-10.3125	False	False	morphology	determiner_noun_agreement	Write a natural, coherent English sentence.
447	19	Judy isn't taking those standing oxen.	Judy isn't taking that standing oxen.	-114.0	-114.0	-10.3125	-10.375	False	True	morphology	determiner_noun_agreement	Write a natural, coherent English sentence.
448	19	Irene is discussing those clever alumni.	Irene is discussing that clever alumni.	-104.0	-103.5	-10.375	-10.375	False	False	morphology	determiner_noun_agreement	Write a natural, coherent English sentence.
449	19	Danielle could describe these long analyses.	Danielle could describe this long analyses.	-93.0	-93.0	-10.375	-10.3125	False	False	morphology	determiner_noun_agreement	Write a natural, coherent English sentence.
450	19	Eva hasn't praised that lucky woman.	Eva hasn't praised those lucky woman.	-93.0	-93.0	-10.375	-10.3125	False	False	morphology	determiner_noun_agreement	Write a natural, coherent English sentence.
451	19	Grace might observe that unlucky woman.	Grace might observe those unlucky woman.	-93.0	-93.0	-10.3125	-10.3125	False	False	morphology	determiner_noun_agreement	Write a natural, coherent English sentence.
452	19	The Clintons bothered these clever people.	The Clintons bothered this clever people.	-93.5	-93.5	-10.375	-10.375	False	False	morphology	determiner_noun_agreement	Write a natural, coherent English sentence.
453	19	April hadn't embarrassed those employed alumni.	April hadn't embarrassed that employed alumni.	-114.0	-114.0	-10.3125	-10.3125	False	False	morphology	determiner_noun_agreement	Write a natural, coherent English sentence.
454	19	Marie shouldn't forget that happy man.	Marie shouldn't forget those happy man.	-93.0	-93.0	-10.3125	-10.3125	False	False	morphology	determiner_noun_agreement	Write a natural, coherent English sentence.
455	19	Renee isn't breaking that cheap foot.	Renee isn't breaking those cheap foot.	-114.0	-114.0	-10.375	-10.375	False	False	morphology	determiner_noun_agreement	Write a natural, coherent English sentence.
456	19	Monica shouldn't sell those new oases.	Monica shouldn't sell that new oases.	-113.5	-113.5	-10.3125	-10.3125	False	False	morphology	determiner_noun_agreement	Write a natural, coherent English sentence.
457	19	Every dancer has returned to that troubled man.	Every dancer has returned to those troubled man.	-113.5	-113.5	-10.3125	-10.3125	False	False	morphology	determiner_noun_agreement	Write a natural, coherent English sentence.
458	19	Those dancers break those green teeth.	Those dancers break that green teeth.	-83.0	-83.0	-10.375	-10.375	False	False	morphology	determiner_noun_agreement	Write a natural, coherent English sentence.
459	19	These teachers talk about these fast women.	These teachers talk about this fast women.	-82.5	-83.0	-10.3125	-10.375	True	True	morphology	determiner_noun_agreement	Write a natural, coherent English sentence.
460	19	Spain hasn't praised that happy man.	Spain hasn't praised those happy man.	-93.0	-93.0	-10.375	-10.375	False	False	morphology	determiner_noun_agreement	Write a natural, coherent English sentence.
461	19	Monica does kiss those good people.	Monica does kiss that good people.	-83.0	-83.0	-10.375	-10.375	False	False	morphology	determiner_noun_agreement	Write a natural, coherent English sentence.
462	19	Benjamin can boast about those busy men.	Benjamin can boast about that busy men.	-93.5	-93.5	-10.375	-10.375	False	False	morphology	determiner_noun_agreement	Write a natural, coherent English sentence.
463	19	Donald conceals this lost nucleus.	Donald conceals these lost nucleus.	-83.0	-83.0	-10.375	-10.375	False	False	morphology	determiner_noun_agreement	Write a natural, coherent English sentence.
464	19	Gregory was embarrassing this big woman.	Gregory was embarrassing these big woman.	-82.5	-82.5	-10.3125	-10.3125	False	False	morphology	determiner_noun_agreement	Write a natural, coherent English sentence.
465	19	The waiter wasn't stunning that hidden child.	The waiter wasn't stunning those hidden child.	-114.0	-114.0	-10.3125	-10.375	False	True	morphology	determiner_noun_agreement	Write a natural, coherent English sentence.
466	19	A lot of photographs haven't looked like this red stimulus.	A lot of photographs haven't looked like these red stimulus.	-144.0	-144.0	-10.3125	-10.3125	False	False	morphology	determiner_noun_agreement	Write a natural, coherent English sentence.
467	19	A patient fixed those cheap feet.	A patient fixed that cheap feet.	-72.5	-72.5	-10.375	-10.375	False	False	morphology	determiner_noun_agreement	Write a natural, coherent English sentence.
468	19	Many gates shouldn't astound these unsure alumni.	Many gates shouldn't astound this unsure alumni.	-145.0	-145.0	-10.375	-10.375	False	False	morphology	determiner_noun_agreement	Write a natural, coherent English sentence.
469	19	That picture hasn't looked like these big men.	That picture hasn't looked like this big men.	-113.5	-113.5	-10.3125	-10.3125	False	False	morphology	determiner_noun_agreement	Write a natural, coherent English sentence.
470	19	These waitresses talk about this hidden thesis.	These waitresses talk about these hidden thesis.	-102.5	-102.5	-10.25	-10.25	False	False	morphology	determiner_noun_agreement	Write a natural, coherent English sentence.
471	19	Stacy concealed those gray axes.	Stacy concealed that gray axes.	-93.0	-93.0	-10.375	-10.375	False	False	morphology	determiner_noun_agreement	Write a natural, coherent English sentence.
472	19	Nicole remembers those serious alumni.	Nicole remembers that serious alumni.	-93.0	-93.0	-10.3125	-10.375	False	True	morphology	determiner_noun_agreement	Write a natural, coherent English sentence.
473	19	Leslie hadn't gone to that small oasis.	Leslie hadn't gone to those small oasis.	-123.5	-123.5	-10.3125	-10.3125	False	False	morphology	determiner_noun_agreement	Write a natural, coherent English sentence.
474	19	Joel wasn't praising this ill person.	Joel wasn't praising these ill person.	-103.5	-103.5	-10.375	-10.375	False	False	morphology	determiner_noun_agreement	Write a natural, coherent English sentence.
475	19	These drivers embarrasses this young alumnus.	These drivers embarrasses these young alumnus.	-103.0	-103.0	-10.3125	-10.3125	False	False	morphology	determiner_noun_agreement	Write a natural, coherent English sentence.
476	19	Beef bores that delighted woman.	Beef bores those delighted woman.	-83.0	-83.0	-10.375	-10.375	False	False	morphology	determiner_noun_agreement	Write a natural, coherent English sentence.
477	19	Mitchell goes to this gray oasis.	Mitchell goes to these gray oasis.	-82.5	-82.5	-10.3125	-10.3125	False	False	morphology	determiner_noun_agreement	Write a natural, coherent English sentence.
478	19	The mouth bores these upset men.	The mouth bores this upset men.	-83.0	-83.0	-10.375	-10.375	False	False	morphology	determiner_noun_agreement	Write a natural, coherent English sentence.
479	19	Most legislatures discuss those good people.	Most legislatures discuss that good people.	-83.0	-83.0	-10.375	-10.375	False	False	morphology	determiner_noun_agreement	Write a natural, coherent English sentence.
480	19	The boys mess up those purple feet.	The boys mess up that purple feet.	-83.0	-83.0	-10.375	-10.375	False	False	morphology	determiner_noun_agreement	Write a natural, coherent English sentence.
481	19	Cashiers describe these fast children.	Cashiers describe this fast children.	-72.5	-72.5	-10.3125	-10.3125	False	False	morphology	determiner_noun_agreement	Write a natural, coherent English sentence.
482	19	Roger has fired those unconvinced men.	Roger has fired that unconvinced men.	-103.5	-103.0	-10.375	-10.3125	False	False	morphology	determiner_noun_agreement	Write a natural, coherent English sentence.
483	19	Amy wasn't kissing this content man.	Amy wasn't kissing these content man.	-103.5	-103.5	-10.3125	-10.3125	False	False	morphology	determiner_noun_agreement	Write a natural, coherent English sentence.
484	19	Every dancer hadn't praised those good analyses.	Every dancer hadn't praised that good analyses.	-124.5	-124.5	-10.375	-10.375	False	False	morphology	determiner_noun_agreement	Write a natural, coherent English sentence.
485	19	Rhonda wasn't hiding those red mice.	Rhonda wasn't hiding that red mice.	-114.0	-114.0	-10.375	-10.375	False	False	morphology	determiner_noun_agreement	Write a natural, coherent English sentence.
486	19	Every pedestrian talks about that bad synopsis.	Every pedestrian talks about those bad synopsis.	-103.0	-103.0	-10.3125	-10.3125	False	False	morphology	determiner_noun_agreement	Write a natural, coherent English sentence.
487	19	The fish shocks these old alumni.	The fish shocks this old alumni.	-103.5	-103.5	-10.375	-10.375	False	False	morphology	determiner_noun_agreement	Write a natural, coherent English sentence.
488	19	Those waitresses visited those scared alumni.	Those waitresses visited that scared alumni.	-113.0	-113.0	-10.25	-10.25	False	False	morphology	determiner_noun_agreement	Write a natural, coherent English sentence.
489	19	That library was listening to this nice man.	That library was listening to these nice man.	-93.0	-93.0	-10.375	-10.375	False	False	morphology	determiner_noun_agreement	Write a natural, coherent English sentence.
490	19	Steve wasn't bringing that blue stimulus.	Steve wasn't bringing those blue stimulus.	-103.0	-103.0	-10.3125	-10.3125	False	False	morphology	determiner_noun_agreement	Write a natural, coherent English sentence.
491	19	Some guest was hiring that scared woman.	Some guest was hiring those scared woman.	-83.0	-83.0	-10.375	-10.375	False	False	morphology	determiner_noun_agreement	Write a natural, coherent English sentence.
492	19	The spotlights upset this unconvinced alumnus.	The spotlights upset these unconvinced alumnus.	-134.0	-134.0	-10.3125	-10.3125	False	False	morphology	determiner_noun_agreement	Write a natural, coherent English sentence.
493	19	Todd might observe this lost man.	Todd might observe these lost man.	-72.5	-72.5	-10.375	-10.375	False	False	morphology	determiner_noun_agreement	Write a natural, coherent English sentence.
494	19	People could describe that unconvinced person.	People could describe those unconvinced person.	-103.0	-103.5	-10.3125	-10.3125	True	False	morphology	determiner_noun_agreement	Write a natural, coherent English sentence.
495	19	That waiter had astounded these lucky people.	That waiter had astounded this lucky people.	-113.5	-113.5	-10.3125	-10.3125	False	False	morphology	determiner_noun_agreement	Write a natural, coherent English sentence.
496	19	Kendra disgusted these confident women.	Kendra disgusted this confident women.	-93.0	-93.0	-10.375	-10.3125	False	False	morphology	determiner_noun_agreement	Write a natural, coherent English sentence.
497	19	Spain hasn't annoyed those old people.	Spain hasn't annoyed that old people.	-103.0	-103.0	-10.3125	-10.3125	False	False	morphology	determiner_noun_agreement	Write a natural, coherent English sentence.
498	19	Steve kisses these out in the open people.	Steve kisses this out in the open people.	-103.5	-103.5	-10.3125	-10.3125	False	False	morphology	determiner_noun_agreement	Write a natural, coherent English sentence.
499	19	Wayne kissed those unconvinced men.	Wayne kissed that unconvinced men.	-93.0	-93.0	-10.3125	-10.3125	False	False	morphology	determiner_noun_agreement	Write a natural, coherent English sentence.
500	19	Douglas has brought those lost cacti.	Douglas has brought that lost cacti.	-93.0	-93.0	-10.375	-10.3125	False	False	morphology	determiner_noun_agreement	Write a natural, coherent English sentence.
501	19	Tammy can't reveal that big alumnus.	Tammy can't reveal those big alumnus.	-124.0	-124.0	-10.3125	-10.3125	False	False	morphology	determiner_noun_agreement	Write a natural, coherent English sentence.
502	19	Deborah fled from those standing children.	Deborah fled from that standing children.	-93.0	-93.0	-10.375	-10.375	False	False	morphology	determiner_noun_agreement	Write a natural, coherent English sentence.
503	19	A man wasn't cleaning that hard fungus.	A man wasn't cleaning those hard fungus.	-124.0	-124.0	-10.3125	-10.3125	False	False	morphology	determiner_noun_agreement	Write a natural, coherent English sentence.
504	19	Danielle has broken those gray teeth.	Danielle has broken that gray teeth.	-83.0	-82.5	-10.375	-10.3125	False	False	morphology	determiner_noun_agreement	Write a natural, coherent English sentence.
505	19	Derek praised this big thesis.	Derek praised these big thesis.	-72.5	-72.5	-10.375	-10.375	False	False	morphology	determiner_noun_agreement	Write a natural, coherent English sentence.
506	19	Gary has disgusted those unsure people.	Gary has disgusted that unsure people.	-93.0	-93.0	-10.375	-10.3125	False	False	morphology	determiner_noun_agreement	Write a natural, coherent English sentence.
507	19	A senator insulted this bad synopsis.	A senator insulted these bad synopsis.	-103.0	-103.0	-10.3125	-10.3125	False	False	morphology	determiner_noun_agreement	Write a natural, coherent English sentence.
508	19	A lot of drivers visit these purple oases.	A lot of drivers visit this purple oases.	-103.5	-103.0	-10.3125	-10.3125	False	False	morphology	determiner_noun_agreement	Write a natural, coherent English sentence.
509	19	Richard isn't attacking this fast child.	Richard isn't attacking these fast child.	-93.0	-93.5	-10.375	-10.375	True	False	morphology	determiner_noun_agreement	Write a natural, coherent English sentence.
510	19	Frank shocked that unsure man.	Frank shocked those unsure man.	-73.0	-72.5	-10.375	-10.375	False	False	morphology	determiner_noun_agreement	Write a natural, coherent English sentence.
511	19	Brett returned to that confident man.	Brett returned to those confident man.	-83.0	-83.0	-10.375	-10.375	False	False	morphology	determiner_noun_agreement	Write a natural, coherent English sentence.
512	19	Many ladies weren't passing these old oases.	Many ladies weren't passing this old oases.	-114.0	-114.0	-10.375	-10.375	False	False	morphology	determiner_noun_agreement	Write a natural, coherent English sentence.
513	19	A waiter brought those purple teeth.	A waiter brought that purple teeth.	-82.5	-82.5	-10.3125	-10.3125	False	False	morphology	determiner_noun_agreement	Write a natural, coherent English sentence.
514	19	Beverly has fired this fast alumnus.	Beverly has fired these fast alumnus.	-103.5	-103.5	-10.375	-10.3125	False	False	morphology	determiner_noun_agreement	Write a natural, coherent English sentence.
515	19	Men haven't observed that standing man.	Men haven't observed those standing man.	-93.0	-93.5	-10.375	-10.375	True	False	morphology	determiner_noun_agreement	Write a natural, coherent English sentence.
516	19	Tiffany admired this ill child.	Tiffany admired these ill child.	-93.0	-93.0	-10.3125	-10.3125	False	False	morphology	determiner_noun_agreement	Write a natural, coherent English sentence.
517	19	That patient didn't love that unemployed alumnus.	That patient didn't love those unemployed alumnus.	-134.0	-134.0	-10.3125	-10.3125	False	False	morphology	determiner_noun_agreement	Write a natural, coherent English sentence.
518	19	Aaron reveals that red tooth.	Aaron reveals those red tooth.	-62.25	-62.5	-10.375	-10.375	True	False	morphology	determiner_noun_agreement	Write a natural, coherent English sentence.
519	19	Monica was insulting those bad people.	Monica was insulting that bad people.	-93.0	-93.0	-10.3125	-10.3125	False	False	morphology	determiner_noun_agreement	Write a natural, coherent English sentence.
520	19	These teenagers watch that old alumnus.	These teenagers watch those old alumnus.	-102.5	-102.5	-10.25	-10.25	False	False	morphology	determiner_noun_agreement	Write a natural, coherent English sentence.
521	19	Tina might confuse this exposed child.	Tina might confuse these exposed child.	-93.0	-93.0	-10.375	-10.375	False	False	morphology	determiner_noun_agreement	Write a natural, coherent English sentence.
522	19	A face was confusing that nice woman.	A face was confusing those nice woman.	-83.0	-83.0	-10.375	-10.375	False	False	morphology	determiner_noun_agreement	Write a natural, coherent English sentence.
523	19	An adult researches that good analysis.	An adult researches those good analysis.	-103.5	-103.5	-10.3125	-10.375	False	True	morphology	determiner_noun_agreement	Write a natural, coherent English sentence.
524	19	Some broccoli isn't annoying these unconvinced women.	Some broccoli isn't annoying this unconvinced women.	-155.0	-155.0	-10.3125	-10.3125	False	False	morphology	determiner_noun_agreement	Write a natural, coherent English sentence.
525	19	Nancy talks about these content children.	Nancy talks about this content children.	-72.5	-72.5	-10.3125	-10.3125	False	False	morphology	determiner_noun_agreement	Write a natural, coherent English sentence.
526	19	Regina found this lost ox.	Regina found these lost ox.	-83.0	-83.0	-10.375	-10.375	False	False	morphology	determiner_noun_agreement	Write a natural, coherent English sentence.
527	19	Emily had respected that clever man.	Emily had respected those clever man.	-72.5	-72.5	-10.375	-10.375	False	False	morphology	determiner_noun_agreement	Write a natural, coherent English sentence.
528	19	Kathleen has worked with this confident man.	Kathleen has worked with these confident man.	-93.0	-93.0	-10.3125	-10.3125	False	False	morphology	determiner_noun_agreement	Write a natural, coherent English sentence.
529	19	Most customers are distracting these determined children.	Most customers are distracting this determined children.	-93.0	-93.0	-10.3125	-10.3125	False	False	morphology	determiner_noun_agreement	Write a natural, coherent English sentence.
530	19	Rachelle didn't cure this black octopus.	Rachelle didn't cure these black octopus.	-124.0	-124.0	-10.3125	-10.3125	False	False	morphology	determiner_noun_agreement	Write a natural, coherent English sentence.
531	19	Steven hugs these standing men.	Steven hugs this standing men.	-72.5	-72.5	-10.375	-10.375	False	False	morphology	determiner_noun_agreement	Write a natural, coherent English sentence.
532	19	Every popsicle shocked those excited men.	Every popsicle shocked that excited men.	-93.0	-93.0	-10.375	-10.375	False	False	morphology	determiner_noun_agreement	Write a natural, coherent English sentence.
533	19	Sonia lifts that new oasis.	Sonia lifts those new oasis.	-93.0	-93.0	-10.3125	-10.3125	False	False	morphology	determiner_noun_agreement	Write a natural, coherent English sentence.
534	19	Cheryl might tour that purple oasis.	Cheryl might tour those purple oasis.	-93.0	-93.0	-10.3125	-10.3125	False	False	morphology	determiner_noun_agreement	Write a natural, coherent English sentence.
535	19	This doctor appreciates this bad child.	This doctor appreciates these bad child.	-83.0	-83.0	-10.375	-10.375	False	False	morphology	determiner_noun_agreement	Write a natural, coherent English sentence.
536	19	Leslie breaks those red feet.	Leslie breaks that red feet.	-72.5	-72.5	-10.3125	-10.375	False	True	morphology	determiner_noun_agreement	Write a natural, coherent English sentence.
537	19	Bethany hasn't hidden that yellow louse.	Bethany hasn't hidden those yellow louse.	-114.0	-113.5	-10.3125	-10.3125	False	False	morphology	determiner_noun_agreement	Write a natural, coherent English sentence.
538	19	Some people have criticized this brown thesis.	Some people have criticized these brown thesis.	-92.5	-92.5	-10.3125	-10.3125	False	False	morphology	determiner_noun_agreement	Write a natural, coherent English sentence.
539	19	Noah heals this determined child.	Noah heals these determined child.	-72.5	-72.5	-10.375	-10.375	False	False	morphology	determiner_noun_agreement	Write a natural, coherent English sentence.
540	19	Kevin biked to those big oases.	Kevin biked to that big oases.	-104.0	-103.5	-10.375	-10.375	False	False	morphology	determiner_noun_agreement	Write a natural, coherent English sentence.
541	19	Wayne hadn't bored these sick men.	Wayne hadn't bored this sick men.	-93.0	-93.0	-10.375	-10.375	False	False	morphology	determiner_noun_agreement	Write a natural, coherent English sentence.
542	19	Amy returns to those young alumni.	Amy returns to that young alumni.	-93.0	-93.0	-10.375	-10.375	False	False	morphology	determiner_noun_agreement	Write a natural, coherent English sentence.
543	19	That gate did aggravate this excited woman.	That gate did aggravate these excited woman.	-103.5	-103.5	-10.375	-10.375	False	False	morphology	determiner_noun_agreement	Write a natural, coherent English sentence.
544	19	Melissa observes that bad child.	Melissa observes those bad child.	-82.5	-82.5	-10.3125	-10.3125	False	False	morphology	determiner_noun_agreement	Write a natural, coherent English sentence.
545	19	Kathleen wasn't scanning those long synopses.	Kathleen wasn't scanning that long synopses.	-134.0	-134.0	-10.3125	-10.3125	False	False	morphology	determiner_noun_agreement	Write a natural, coherent English sentence.
546	19	That guy dropped by these white oases.	That guy dropped by this white oases.	-93.0	-93.0	-10.3125	-10.3125	False	False	morphology	determiner_noun_agreement	Write a natural, coherent English sentence.
547	19	Every child might fire this serious child.	Every child might fire these serious child.	-82.5	-82.5	-10.3125	-10.3125	False	False	morphology	determiner_noun_agreement	Write a natural, coherent English sentence.
548	19	Meredith had concealed that black thesis.	Meredith had concealed those black thesis.	-103.5	-103.5	-10.3125	-10.375	False	True	morphology	determiner_noun_agreement	Write a natural, coherent English sentence.
549	19	Randolf didn't see these blue teeth.	Randolf didn't see this blue teeth.	-103.5	-103.5	-10.3125	-10.3125	False	False	morphology	determiner_noun_agreement	Write a natural, coherent English sentence.
550	19	Some guy passes that rough oasis.	Some guy passes those rough oasis.	-83.0	-82.5	-10.375	-10.3125	False	False	morphology	determiner_noun_agreement	Write a natural, coherent English sentence.
551	19	Guys hurts that smart man.	Guys hurts those smart man.	-83.0	-83.0	-10.375	-10.375	False	False	morphology	determiner_noun_agreement	Write a natural, coherent English sentence.
552	19	Many museums should describe this fast man.	Many museums should describe these fast man.	-93.0	-93.0	-10.375	-10.375	False	False	morphology	determiner_noun_agreement	Write a natural, coherent English sentence.
553	19	A lot of chairs haven't embarrassed this serious man.	A lot of chairs haven't embarrassed these serious man.	-124.0	-124.0	-10.3125	-10.3125	False	False	morphology	determiner_noun_agreement	Write a natural, coherent English sentence.
554	19	Emily talked about that ill alumnus.	Emily talked about those ill alumnus.	-92.5	-93.0	-10.3125	-10.3125	True	False	morphology	determiner_noun_agreement	Write a natural, coherent English sentence.
555	19	A lot of girls notice these black lice.	A lot of girls notice this black lice.	-103.0	-103.0	-10.3125	-10.3125	False	False	morphology	determiner_noun_agreement	Write a natural, coherent English sentence.
556	19	Those schools reference that green thesis.	Those schools reference those green thesis.	-73.0	-72.5	-10.375	-10.375	False	False	morphology	determiner_noun_agreement	Write a natural, coherent English sentence.
557	19	Bradley had bored this delighted alumnus.	Bradley had bored these delighted alumnus.	-103.5	-103.5	-10.3125	-10.3125	False	False	morphology	determiner_noun_agreement	Write a natural, coherent English sentence.
558	19	Melinda scares this good woman.	Melinda scares these good woman.	-83.0	-83.0	-10.375	-10.375	False	False	morphology	determiner_noun_agreement	Write a natural, coherent English sentence.
559	19	Those pedestrians go to those big oases.	Those pedestrians go to that big oases.	-114.0	-114.0	-10.375	-10.375	False	False	morphology	determiner_noun_agreement	Write a natural, coherent English sentence.
560	19	Many doctors escaped from that lost child.	Many doctors escaped from those lost child.	-83.0	-83.0	-10.375	-10.375	False	False	morphology	determiner_noun_agreement	Write a natural, coherent English sentence.
561	19	Tamara isn't revealing that orange ox.	Tamara isn't revealing those orange ox.	-103.5	-103.5	-10.375	-10.3125	False	False	morphology	determiner_noun_agreement	Write a natural, coherent English sentence.
562	19	Many patients arrive at that hidden oasis.	Many patients arrive at those hidden oasis.	-93.0	-93.0	-10.3125	-10.3125	False	False	morphology	determiner_noun_agreement	Write a natural, coherent English sentence.
563	19	Beth leaves these happy children.	Beth leaves this happy children.	-62.0	-62.25	-10.375	-10.375	True	False	morphology	determiner_noun_agreement	Write a natural, coherent English sentence.
564	19	Deanna broke that yellow foot.	Deanna broke those yellow foot.	-72.5	-72.5	-10.375	-10.375	False	False	morphology	determiner_noun_agreement	Write a natural, coherent English sentence.
565	19	Jessica had talked to that concealed man.	Jessica had talked to those concealed man.	-93.0	-93.0	-10.375	-10.375	False	False	morphology	determiner_noun_agreement	Write a natural, coherent English sentence.
566	19	Those actors praise those long synopses.	Those actors praise that long synopses.	-93.5	-93.5	-10.375	-10.375	False	False	morphology	determiner_noun_agreement	Write a natural, coherent English sentence.
567	19	This coat hasn't astounded these popular men.	This coat hasn't astounded this popular men.	-124.0	-124.0	-10.3125	-10.3125	False	False	morphology	determiner_noun_agreement	Write a natural, coherent English sentence.
568	19	Wendy does talk to this scared alumnus.	Wendy does talk to these scared alumnus.	-113.5	-113.5	-10.3125	-10.3125	False	False	morphology	determiner_noun_agreement	Write a natural, coherent English sentence.
569	19	Christine is questioning these happy men.	Christine is questioning this happy men.	-83.0	-83.0	-10.375	-10.375	False	False	morphology	determiner_noun_agreement	Write a natural, coherent English sentence.
570	19	All doctors loved that displeased man.	All doctors loved those displeased man.	-93.0	-93.0	-10.375	-10.375	False	False	morphology	determiner_noun_agreement	Write a natural, coherent English sentence.
571	19	Waitresses researched these long synopses.	Waitresses researched this long synopses.	-134.0	-134.0	-10.3125	-10.3125	False	False	morphology	determiner_noun_agreement	Write a natural, coherent English sentence.
572	19	Alexander can flee from this nice woman.	Alexander can flee from these nice woman.	-93.0	-93.0	-10.375	-10.375	False	False	morphology	determiner_noun_agreement	Write a natural, coherent English sentence.
573	19	Walter hadn't hated this fast man.	Walter hadn't hated these fast man.	-93.5	-93.5	-10.375	-10.375	False	False	morphology	determiner_noun_agreement	Write a natural, coherent English sentence.
574	19	Those cashiers buy those smooth lice.	Those cashiers buy that smooth lice.	-93.0	-93.0	-10.3125	-10.3125	False	False	morphology	determiner_noun_agreement	Write a natural, coherent English sentence.
575	19	Sonia hid that determined child.	Sonia hid those determined child.	-72.5	-72.5	-10.375	-10.375	False	False	morphology	determiner_noun_agreement	Write a natural, coherent English sentence.
576	19	Barbara is observing that excited person.	Barbara is observing those excited person.	-82.5	-83.0	-10.3125	-10.375	True	True	morphology	determiner_noun_agreement	Write a natural, coherent English sentence.
577	19	That company stuns these unconvinced women.	That company stuns this unconvinced women.	-114.0	-114.0	-10.375	-10.375	False	False	morphology	determiner_noun_agreement	Write a natural, coherent English sentence.
578	19	Paul thought about those bad theses.	Paul thought about that bad theses.	-83.0	-83.0	-10.375	-10.375	False	False	morphology	determiner_noun_agreement	Write a natural, coherent English sentence.
579	19	Victoria escaped from these displeased children.	Victoria escaped from this displeased children.	-93.0	-93.0	-10.3125	-10.3125	False	False	morphology	determiner_noun_agreement	Write a natural, coherent English sentence.
580	19	Brad notices this big octopus.	Brad notices these big octopus.	-93.0	-93.0	-10.3125	-10.3125	False	False	morphology	determiner_noun_agreement	Write a natural, coherent English sentence.
581	19	Adam is praising those yellow theses.	Adam is praising that yellow theses.	-93.5	-93.5	-10.375	-10.375	False	False	morphology	determiner_noun_agreement	Write a natural, coherent English sentence.
582	19	Douglas did tour those hidden oases.	Douglas did tour that hidden oases.	-83.0	-83.0	-10.375	-10.375	False	False	morphology	determiner_noun_agreement	Write a natural, coherent English sentence.
583	19	Gerald couldn't know these happy men.	Gerald couldn't know this happy men.	-103.5	-103.5	-10.3125	-10.3125	False	False	morphology	determiner_noun_agreement	Write a natural, coherent English sentence.
584	19	Those women hug that smart man.	Those women hug those smart man.	-72.5	-72.5	-10.375	-10.375	False	False	morphology	determiner_noun_agreement	Write a natural, coherent English sentence.
585	19	These senators wouldn't forget that long synopsis.	These senators wouldn't forget those long synopsis.	-124.0	-124.0	-10.3125	-10.3125	False	False	morphology	determiner_noun_agreement	Write a natural, coherent English sentence.
586	19	Edward took those lost stimuli.	Edward took that lost stimuli.	-72.5	-72.5	-10.375	-10.3125	False	False	morphology	determiner_noun_agreement	Write a natural, coherent English sentence.
587	19	The waitresses did know this lucky person.	The waitresses did know these lucky person.	-103.0	-103.0	-10.25	-10.25	False	False	morphology	determiner_noun_agreement	Write a natural, coherent English sentence.
588	19	That library might love this important person.	That library might love these important person.	-83.0	-83.0	-10.375	-10.375	False	False	morphology	determiner_noun_agreement	Write a natural, coherent English sentence.
589	19	Carrie was healing this gray octopus.	Carrie was healing these gray octopus.	-103.5	-103.5	-10.375	-10.3125	False	False	morphology	determiner_noun_agreement	Write a natural, coherent English sentence.
590	19	Sonia hadn't cleaned those gray teeth.	Sonia hadn't cleaned that gray teeth.	-103.0	-103.5	-10.3125	-10.3125	True	False	morphology	determiner_noun_agreement	Write a natural, coherent English sentence.
591	19	The Lutherans alarmed this confident woman.	The Lutherans alarmed these confident woman.	-93.0	-93.5	-10.375	-10.375	True	False	morphology	determiner_noun_agreement	Write a natural, coherent English sentence.
592	19	This shirt impressed those popular people.	This shirt impressed that popular people.	-72.5	-72.5	-10.375	-10.375	False	False	morphology	determiner_noun_agreement	Write a natural, coherent English sentence.
593	19	Some schools love that employed person.	Some schools love those employed person.	-72.5	-72.5	-10.3125	-10.375	False	True	morphology	determiner_noun_agreement	Write a natural, coherent English sentence.
594	19	Valerie hasn't known this young child.	Valerie hasn't known these young child.	-103.0	-103.0	-10.3125	-10.3125	False	False	morphology	determiner_noun_agreement	Write a natural, coherent English sentence.
595	19	Scott respected those displeased men.	Scott respected that displeased men.	-83.0	-83.0	-10.375	-10.375	False	False	morphology	determiner_noun_agreement	Write a natural, coherent English sentence.
596	19	The ladies work with those lost children.	The ladies work with that lost children.	-83.0	-83.0	-10.375	-10.375	False	False	morphology	determiner_noun_agreement	Write a natural, coherent English sentence.
597	19	Dawn had biked to this small oasis.	Dawn had biked to these small oasis.	-123.5	-124.0	-10.3125	-10.3125	True	False	morphology	determiner_noun_agreement	Write a natural, coherent English sentence.
598	19	Samantha would explore that gray oasis.	Samantha would explore those gray oasis.	-103.0	-103.0	-10.3125	-10.3125	False	False	morphology	determiner_noun_agreement	Write a natural, coherent English sentence.
599	19	All steps upset those unemployed men.	All steps upset that unemployed men.	-82.5	-82.5	-10.3125	-10.3125	False	False	morphology	determiner_noun_agreement	Write a natural, coherent English sentence.
600	19	Marla has described that unemployed woman.	Marla has described those unemployed woman.	-93.0	-93.0	-10.3125	-10.3125	False	False	morphology	determiner_noun_agreement	Write a natural, coherent English sentence.
601	19	Most universities bore those excited children.	Most universities bore that excited children.	-72.5	-72.5	-10.375	-10.3125	False	False	morphology	determiner_noun_agreement	Write a natural, coherent English sentence.
602	19	These banks should reference that purple thesis.	These banks should reference those purple thesis.	-83.0	-83.0	-10.375	-10.375	False	False	morphology	determiner_noun_agreement	Write a natural, coherent English sentence.
603	19	Sherry brought those concealed geese.	Sherry brought that concealed geese.	-93.0	-93.0	-10.3125	-10.3125	False	False	morphology	determiner_noun_agreement	Write a natural, coherent English sentence.
604	19	Many pedestrians complain about these long analyses.	Many pedestrians complain about this long analyses.	-114.0	-114.0	-10.3125	-10.3125	False	False	morphology	determiner_noun_agreement	Write a natural, coherent English sentence.
605	19	Theresa fixed these small teeth.	Theresa fixed this small teeth.	-72.5	-72.5	-10.3125	-10.3125	False	False	morphology	determiner_noun_agreement	Write a natural, coherent English sentence.
606	19	This lake disturbed those unconvinced men.	This lake disturbed that unconvinced men.	-114.0	-114.0	-10.375	-10.3125	False	False	morphology	determiner_noun_agreement	Write a natural, coherent English sentence.
607	19	Catherine was talking about those bad synopses.	Catherine was talking about that bad synopses.	-103.0	-103.0	-10.3125	-10.3125	False	False	morphology	determiner_noun_agreement	Write a natural, coherent English sentence.
608	19	Alicia had escaped from these hidden men.	Alicia had escaped from this hidden men.	-103.0	-103.0	-10.3125	-10.3125	False	False	morphology	determiner_noun_agreement	Write a natural, coherent English sentence.
609	19	Natalie hasn't worked with this confident woman.	Natalie hasn't worked with these confident woman.	-113.5	-113.5	-10.3125	-10.3125	False	False	morphology	determiner_noun_agreement	Write a natural, coherent English sentence.
610	19	Amelia annoyed this smart man.	Amelia annoyed these smart man.	-82.0	-82.5	-10.25	-10.3125	True	True	morphology	determiner_noun_agreement	Write a natural, coherent English sentence.
611	19	Every guest is irritating this serious child.	Every guest is irritating these serious child.	-93.5	-93.0	-10.375	-10.375	False	False	morphology	determiner_noun_agreement	Write a natural, coherent English sentence.
612	19	All reports annoyed this hopeful person.	All reports annoyed these hopeful person.	-92.5	-92.5	-10.25	-10.3125	False	True	morphology	determiner_noun_agreement	Write a natural, coherent English sentence.
613	19	These women break those orange teeth.	These women break that orange teeth.	-72.5	-72.0	-10.3125	-10.3125	False	False	morphology	determiner_noun_agreement	Write a natural, coherent English sentence.
614	19	Christopher could shock this excited child.	Christopher could shock these excited child.	-72.5	-72.5	-10.375	-10.375	False	False	morphology	determiner_noun_agreement	Write a natural, coherent English sentence.
615	19	This spotlight hasn't disgusted that employed child.	This spotlight hasn't disgusted those employed child.	-124.0	-124.0	-10.3125	-10.3125	False	False	morphology	determiner_noun_agreement	Write a natural, coherent English sentence.
616	19	Samantha fled from that busy child.	Samantha fled from those busy child.	-93.0	-93.0	-10.3125	-10.3125	False	False	morphology	determiner_noun_agreement	Write a natural, coherent English sentence.
617	19	Lucille arrived at that hard oasis.	Lucille arrived at those hard oasis.	-93.0	-93.0	-10.3125	-10.3125	False	False	morphology	determiner_noun_agreement	Write a natural, coherent English sentence.
618	19	All teachers see those yellow lice.	All teachers see that yellow lice.	-83.0	-83.0	-10.375	-10.375	False	False	morphology	determiner_noun_agreement	Write a natural, coherent English sentence.
619	19	Some photographs haven't looked like these small octopi.	Some photographs haven't looked like this small octopi.	-134.0	-134.0	-10.3125	-10.3125	False	False	morphology	determiner_noun_agreement	Write a natural, coherent English sentence.
620	19	Danielle brought those blue feet.	Danielle brought that blue feet.	-72.5	-72.5	-10.375	-10.375	False	False	morphology	determiner_noun_agreement	Write a natural, coherent English sentence.
621	19	Todd hadn't left those exposed men.	Todd hadn't left that exposed men.	-93.0	-93.0	-10.3125	-10.3125	False	False	morphology	determiner_noun_agreement	Write a natural, coherent English sentence.
622	19	Some doctors embarrasses those delighted alumni.	Some doctors embarrasses that delighted alumni.	-103.5	-103.5	-10.3125	-10.375	False	True	morphology	determiner_noun_agreement	Write a natural, coherent English sentence.
623	19	The actresses forget that unemployed alumnus.	The actresses forget those unemployed alumnus.	-113.0	-113.0	-10.3125	-10.25	False	False	morphology	determiner_noun_agreement	Write a natural, coherent English sentence.
624	19	A lot of socks alarm this unsure alumnus.	A lot of socks alarm these unsure alumnus.	-123.5	-124.0	-10.3125	-10.3125	True	False	morphology	determiner_noun_agreement	Write a natural, coherent English sentence.
625	19	The customers are thinking about that busy child.	The customers are thinking about those busy child.	-93.0	-93.0	-10.375	-10.3125	False	False	morphology	determiner_noun_agreement	Write a natural, coherent English sentence.
626	19	Kristin wasn't kissing those small men.	Kristin wasn't kissing that small men.	-113.5	-113.5	-10.3125	-10.3125	False	False	morphology	determiner_noun_agreement	Write a natural, coherent English sentence.
627	19	Omar hasn't broken this broken foot.	Omar hasn't broken these broken foot.	-103.0	-103.0	-10.3125	-10.3125	False	False	morphology	determiner_noun_agreement	Write a natural, coherent English sentence.
628	19	The actress worked with this nice woman.	The actress worked with these nice woman.	-83.0	-83.0	-10.375	-10.375	False	False	morphology	determiner_noun_agreement	Write a natural, coherent English sentence.
629	19	Patients insult these happy people.	Patients insult this happy people.	-72.5	-72.5	-10.375	-10.375	False	False	morphology	determiner_noun_agreement	Write a natural, coherent English sentence.
630	19	Spain bought those orange lice.	Spain bought that orange lice.	-72.5	-72.5	-10.375	-10.375	False	False	morphology	determiner_noun_agreement	Write a natural, coherent English sentence.
631	19	Those waiters didn't kiss this unlucky child.	Those waiters didn't kiss these unlucky child.	-134.0	-134.0	-10.3125	-10.3125	False	False	morphology	determiner_noun_agreement	Write a natural, coherent English sentence.
632	19	Jennifer isn't touring these old oases.	Jennifer isn't touring this old oases.	-113.5	-113.5	-10.3125	-10.3125	False	False	morphology	determiner_noun_agreement	Write a natural, coherent English sentence.
633	19	Glaciers upset this small child.	Glaciers upset these small child.	-83.0	-83.0	-10.375	-10.375	False	False	morphology	determiner_noun_agreement	Write a natural, coherent English sentence.
634	19	John investigated these old men.	John investigated this old men.	-62.25	-62.25	-10.375	-10.375	False	False	morphology	determiner_noun_agreement	Write a natural, coherent English sentence.
635	19	Some doctors hated these yellow theses.	Some doctors hated this yellow theses.	-83.0	-83.0	-10.375	-10.375	False	False	morphology	determiner_noun_agreement	Write a natural, coherent English sentence.
636	19	Linda described that clever man.	Linda described those clever man.	-62.25	-62.5	-10.375	-10.375	True	False	morphology	determiner_noun_agreement	Write a natural, coherent English sentence.
637	19	Many drawings are looking like these excited women.	Many drawings are looking like this excited women.	-93.5	-93.0	-10.375	-10.375	False	False	morphology	determiner_noun_agreement	Write a natural, coherent English sentence.
638	19	Mitchell had concealed that small tooth.	Mitchell had concealed those small tooth.	-83.0	-83.0	-10.375	-10.375	False	False	morphology	determiner_noun_agreement	Write a natural, coherent English sentence.
639	19	Every dog had irritated this young child.	Every dog had irritated these young child.	-93.0	-93.0	-10.3125	-10.3125	False	False	morphology	determiner_noun_agreement	Write a natural, coherent English sentence.
640	19	Some doctors lift this exposed ox.	Some doctors lift these exposed ox.	-72.5	-72.5	-10.375	-10.375	False	False	morphology	determiner_noun_agreement	Write a natural, coherent English sentence.
641	19	Valerie was disgusting that happy woman.	Valerie was disgusting those happy woman.	-93.0	-93.0	-10.3125	-10.3125	False	False	morphology	determiner_noun_agreement	Write a natural, coherent English sentence.
642	19	Claire hugs those clever men.	Claire hugs that clever men.	-73.0	-72.5	-10.375	-10.375	False	False	morphology	determiner_noun_agreement	Write a natural, coherent English sentence.
643	19	All adults go to these white oases.	All adults go to this white oases.	-93.0	-93.0	-10.3125	-10.3125	False	False	morphology	determiner_noun_agreement	Write a natural, coherent English sentence.
644	19	Bill observed this nice child.	Bill observed these nice child.	-62.25	-62.25	-10.375	-10.375	False	False	morphology	determiner_noun_agreement	Write a natural, coherent English sentence.
645	19	Diana kissed these delighted alumni.	Diana kissed this delighted alumni.	-83.0	-83.0	-10.375	-10.375	False	False	morphology	determiner_noun_agreement	Write a natural, coherent English sentence.
646	19	Governments are describing those sick people.	Governments are describing that sick people.	-83.0	-82.5	-10.375	-10.3125	False	False	morphology	determiner_noun_agreement	Write a natural, coherent English sentence.
647	19	The doctors cure that young woman.	The doctors cure those young woman.	-72.0	-72.5	-10.3125	-10.3125	True	False	morphology	determiner_noun_agreement	Write a natural, coherent English sentence.
648	19	Dancers did disagree with this ill child.	Dancers did disagree with these ill child.	-93.5	-93.5	-10.375	-10.375	False	False	morphology	determiner_noun_agreement	Write a natural, coherent English sentence.
649	19	Veronica couldn't embarrass these exposed men.	Veronica couldn't embarrass this exposed men.	-113.5	-113.5	-10.3125	-10.3125	False	False	morphology	determiner_noun_agreement	Write a natural, coherent English sentence.
650	19	The students cared for that delighted man.	The students cared for those delighted man.	-82.5	-83.0	-10.3125	-10.375	True	True	morphology	determiner_noun_agreement	Write a natural, coherent English sentence.
651	19	Steve conceals these important men.	Steve conceals this important men.	-72.0	-72.5	-10.3125	-10.3125	True	False	morphology	determiner_noun_agreement	Write a natural, coherent English sentence.
652	19	These actresses will talk to these content men.	These actresses will talk to this content men.	-103.0	-103.0	-10.3125	-10.3125	False	False	morphology	determiner_noun_agreement	Write a natural, coherent English sentence.
653	19	That teenager wouldn't buy these rough oxen.	That teenager wouldn't buy this rough oxen.	-113.5	-113.5	-10.3125	-10.3125	False	False	morphology	determiner_noun_agreement	Write a natural, coherent English sentence.
654	19	Sheila wouldn't kiss that happy child.	Sheila wouldn't kiss those happy child.	-103.0	-103.0	-10.3125	-10.3125	False	False	morphology	determiner_noun_agreement	Write a natural, coherent English sentence.
655	19	Erin drove to these out in the open oases.	Erin drove to this out in the open oases.	-124.0	-124.0	-10.3125	-10.3125	False	False	morphology	determiner_noun_agreement	Write a natural, coherent English sentence.
656	19	Every hat has embarrassed those hopeful people.	Every hat has embarrassed that hopeful people.	-93.0	-93.0	-10.3125	-10.3125	False	False	morphology	determiner_noun_agreement	Write a natural, coherent English sentence.
657	19	Every man is fleeing from that exposed oasis.	Every man is fleeing from those exposed oasis.	-113.5	-113.5	-10.3125	-10.3125	False	False	morphology	determiner_noun_agreement	Write a natural, coherent English sentence.
658	19	Some adults visit this ill man.	Some adults visit these ill man.	-72.5	-72.5	-10.375	-10.375	False	False	morphology	determiner_noun_agreement	Write a natural, coherent English sentence.
659	19	Janet did lift that good thesis.	Janet did lift those good thesis.	-83.0	-82.5	-10.375	-10.3125	False	False	morphology	determiner_noun_agreement	Write a natural, coherent English sentence.
660	19	Katherine was cleaning this orange tooth.	Katherine was cleaning these orange tooth.	-82.5	-82.5	-10.3125	-10.3125	False	False	morphology	determiner_noun_agreement	Write a natural, coherent English sentence.
661	19	A lot of tomatoes can't confuse these ill alumni.	A lot of tomatoes can't confuse this ill alumni.	-165.0	-165.0	-10.3125	-10.3125	False	False	morphology	determiner_noun_agreement	Write a natural, coherent English sentence.
662	19	Rose goes to those out in the open oases.	Rose goes to that out in the open oases.	-113.5	-113.5	-10.3125	-10.3125	False	False	morphology	determiner_noun_agreement	Write a natural, coherent English sentence.
663	19	These governments criticize those gray oases.	These governments criticize that gray oases.	-93.0	-93.0	-10.375	-10.375	False	False	morphology	determiner_noun_agreement	Write a natural, coherent English sentence.
664	19	Kevin forgot those delighted men.	Kevin forgot that delighted men.	-62.25	-62.25	-10.375	-10.375	False	False	morphology	determiner_noun_agreement	Write a natural, coherent English sentence.
665	19	Most companies describe that long analysis.	Most companies describe those long analysis.	-72.5	-72.5	-10.375	-10.375	False	False	morphology	determiner_noun_agreement	Write a natural, coherent English sentence.
666	19	Vincent was skated around this small oasis.	Vincent was skated around these small oasis.	-103.5	-103.5	-10.3125	-10.3125	False	False	morphology	determiner_noun_agreement	Write a natural, coherent English sentence.
667	19	Many guys arrive at these out in the open oases.	Many guys arrive at this out in the open oases.	-124.0	-124.0	-10.3125	-10.3125	False	False	morphology	determiner_noun_agreement	Write a natural, coherent English sentence.
668	19	Gregory hadn't revealed these lost fungi.	Gregory hadn't revealed this lost fungi.	-103.5	-103.5	-10.375	-10.375	False	False	morphology	determiner_noun_agreement	Write a natural, coherent English sentence.
669	19	The cake stuns this standing man.	The cake stuns these standing man.	-83.0	-83.0	-10.375	-10.375	False	False	morphology	determiner_noun_agreement	Write a natural, coherent English sentence.
670	19	Cheryl isn't irritating that clever man.	Cheryl isn't irritating those clever man.	-113.5	-114.0	-10.3125	-10.3125	True	False	morphology	determiner_noun_agreement	Write a natural, coherent English sentence.
671	19	Some cat bores those old children.	Some cat bores that old children.	-83.0	-83.0	-10.375	-10.375	False	False	morphology	determiner_noun_agreement	Write a natural, coherent English sentence.
672	19	The actress knows that delighted child.	The actress knows those delighted child.	-72.5	-72.5	-10.375	-10.375	False	False	morphology	determiner_noun_agreement	Write a natural, coherent English sentence.
673	19	That actress had driven to these hidden oases.	That actress had driven to this hidden oases.	-103.5	-103.5	-10.375	-10.375	False	False	morphology	determiner_noun_agreement	Write a natural, coherent English sentence.
674	19	The Lutherans arrive at this cheap oasis.	The Lutherans arrive at these cheap oasis.	-103.5	-103.5	-10.3125	-10.3125	False	False	morphology	determiner_noun_agreement	Write a natural, coherent English sentence.
675	19	Diane was kissing those lost women.	Diane was kissing that lost women.	-93.0	-93.0	-10.375	-10.375	False	False	morphology	determiner_noun_agreement	Write a natural, coherent English sentence.
676	19	Larry disturbs this employed woman.	Larry disturbs these employed woman.	-83.0	-83.0	-10.375	-10.375	False	False	morphology	determiner_noun_agreement	Write a natural, coherent English sentence.
677	19	Pies shock this upset woman.	Pies shock these upset woman.	-72.5	-72.5	-10.375	-10.375	False	False	morphology	determiner_noun_agreement	Write a natural, coherent English sentence.
678	19	Some waiters hug this content alumnus.	Some waiters hug these content alumnus.	-103.0	-103.0	-10.3125	-10.3125	False	False	morphology	determiner_noun_agreement	Write a natural, coherent English sentence.
679	19	Anna talked to those unsure men.	Anna talked to that unsure men.	-83.0	-83.0	-10.375	-10.375	False	False	morphology	determiner_noun_agreement	Write a natural, coherent English sentence.
680	19	This school bores this determined man.	This school bores these determined man.	-83.0	-83.0	-10.375	-10.375	False	False	morphology	determiner_noun_agreement	Write a natural, coherent English sentence.
681	19	Omar had thought about these unemployed men.	Omar had thought about this unemployed men.	-103.0	-103.0	-10.3125	-10.3125	False	False	morphology	determiner_noun_agreement	Write a natural, coherent English sentence.
682	19	Winston Churchill cleaned these big nuclei.	Winston Churchill cleaned this big nuclei.	-103.5	-103.0	-10.3125	-10.3125	False	False	morphology	determiner_noun_agreement	Write a natural, coherent English sentence.
683	19	These organizations aren't concealing that exposed child.	These organizations aren't concealing those exposed child.	-114.0	-114.0	-10.3125	-10.3125	False	False	morphology	determiner_noun_agreement	Write a natural, coherent English sentence.
684	19	Erin bought this concealed axis.	Erin bought these concealed axis.	-83.0	-83.0	-10.375	-10.375	False	False	morphology	determiner_noun_agreement	Write a natural, coherent English sentence.
685	19	Dan examines this long analysis.	Dan examines these long analysis.	-72.5	-72.5	-10.375	-10.375	False	False	morphology	determiner_noun_agreement	Write a natural, coherent English sentence.
686	19	These drivers concealed these gray oxen.	These drivers concealed this gray oxen.	-93.0	-93.0	-10.3125	-10.3125	False	False	morphology	determiner_noun_agreement	Write a natural, coherent English sentence.
687	19	All children impresses this happy man.	All children impresses these happy man.	-82.5	-82.5	-10.3125	-10.3125	False	False	morphology	determiner_noun_agreement	Write a natural, coherent English sentence.
688	19	People will conceal that concealed man.	People will conceal those concealed man.	-92.5	-93.0	-10.3125	-10.3125	True	False	morphology	determiner_noun_agreement	Write a natural, coherent English sentence.
689	19	Some patient returns to this old man.	Some patient returns to these old man.	-83.0	-83.0	-10.375	-10.375	False	False	morphology	determiner_noun_agreement	Write a natural, coherent English sentence.
690	19	Many actresses discovered those big oases.	Many actresses discovered that big oases.	-92.5	-92.5	-10.3125	-10.3125	False	False	morphology	determiner_noun_agreement	Write a natural, coherent English sentence.
691	19	The school talks about those young alumni.	The school talks about that young alumni.	-103.0	-103.0	-10.3125	-10.3125	False	False	morphology	determiner_noun_agreement	Write a natural, coherent English sentence.
692	19	Omar admired these blue fungi.	Omar admired this blue fungi.	-93.0	-93.0	-10.375	-10.375	False	False	morphology	determiner_noun_agreement	Write a natural, coherent English sentence.
693	19	Some school can't hate these good people.	Some school can't hate this good people.	-103.5	-103.5	-10.375	-10.375	False	False	morphology	determiner_noun_agreement	Write a natural, coherent English sentence.
694	19	A lot of eggplants wouldn't disturb that determined woman.	A lot of eggplants wouldn't disturb those determined woman.	-144.0	-144.0	-10.3125	-10.3125	False	False	morphology	determiner_noun_agreement	Write a natural, coherent English sentence.
695	19	That cake could annoy these uncertain men.	That cake could annoy this uncertain men.	-83.0	-83.0	-10.375	-10.375	False	False	morphology	determiner_noun_agreement	Write a natural, coherent English sentence.
696	19	Lamps are worrying these hopeful alumni.	Lamps are worrying this hopeful alumni.	-113.5	-113.5	-10.3125	-10.3125	False	False	morphology	determiner_noun_agreement	Write a natural, coherent English sentence.
697	19	A lot of eggplants bore these excited alumni.	A lot of eggplants bore this excited alumni.	-134.0	-134.0	-10.3125	-10.3125	False	False	morphology	determiner_noun_agreement	Write a natural, coherent English sentence.
698	19	A lot of teachers arrived at these old oases.	A lot of teachers arrived at this old oases.	-113.5	-113.5	-10.3125	-10.3125	False	False	morphology	determiner_noun_agreement	Write a natural, coherent English sentence.
699	19	Most sweaters hurt those happy people.	Most sweaters hurt that happy people.	-83.0	-83.0	-10.375	-10.375	False	False	morphology	determiner_noun_agreement	Write a natural, coherent English sentence.
700	19	Tara scans those good analyses.	Tara scans that good analyses.	-93.5	-93.0	-10.375	-10.375	False	False	morphology	determiner_noun_agreement	Write a natural, coherent English sentence.
701	19	The man doesn't reference this out in the open woman.	The man doesn't reference these out in the open woman.	-135.0	-134.0	-10.375	-10.375	False	False	morphology	determiner_noun_agreement	Write a natural, coherent English sentence.
702	19	This cashier is leaving this employed person.	This cashier is leaving these employed person.	-92.5	-93.0	-10.3125	-10.3125	True	False	morphology	determiner_noun_agreement	Write a natural, coherent English sentence.
703	19	Bananas bother these clever alumni.	Bananas bother this clever alumni.	-93.0	-93.0	-10.3125	-10.3125	False	False	morphology	determiner_noun_agreement	Write a natural, coherent English sentence.
704	19	Some convertibles had worried those fast men.	Some convertibles had worried that fast men.	-93.0	-93.0	-10.3125	-10.3125	False	False	morphology	determiner_noun_agreement	Write a natural, coherent English sentence.
705	19	Carl bored those nice women.	Carl bored that nice women.	-62.5	-62.25	-10.375	-10.375	False	False	morphology	determiner_noun_agreement	Write a natural, coherent English sentence.
706	19	These teachers explore these old oases.	These teachers explore this old oases.	-83.0	-83.0	-10.375	-10.375	False	False	morphology	determiner_noun_agreement	Write a natural, coherent English sentence.
707	19	Many waiters work with this scared child.	Many waiters work with these scared child.	-93.0	-93.0	-10.3125	-10.3125	False	False	morphology	determiner_noun_agreement	Write a natural, coherent English sentence.
708	19	Committees admire that smart child.	Committees admire those smart child.	-93.0	-93.0	-10.3125	-10.3125	False	False	morphology	determiner_noun_agreement	Write a natural, coherent English sentence.
709	19	Matt approaches this exposed child.	Matt approaches these exposed child.	-62.25	-62.25	-10.375	-10.375	False	False	morphology	determiner_noun_agreement	Write a natural, coherent English sentence.
710	19	Brian talks to this lucky man.	Brian talks to these lucky man.	-72.5	-72.5	-10.375	-10.375	False	False	morphology	determiner_noun_agreement	Write a natural, coherent English sentence.
711	19	A boy isn't talking about that red oasis.	A boy isn't talking about those red oasis.	-124.0	-124.0	-10.3125	-10.3125	False	False	morphology	determiner_noun_agreement	Write a natural, coherent English sentence.
712	19	Phillip bought those black feet.	Phillip bought that black feet.	-72.5	-72.5	-10.3125	-10.375	False	True	morphology	determiner_noun_agreement	Write a natural, coherent English sentence.
713	19	Eric isn't buying those brown geese.	Eric isn't buying that brown geese.	-103.5	-103.5	-10.375	-10.375	False	False	morphology	determiner_noun_agreement	Write a natural, coherent English sentence.
714	19	Elaine remembers this delighted woman.	Elaine remembers these delighted woman.	-83.0	-83.0	-10.375	-10.375	False	False	morphology	determiner_noun_agreement	Write a natural, coherent English sentence.
715	19	This pedestrian arrives at that smooth oasis.	This pedestrian arrives at those smooth oasis.	-103.5	-103.0	-10.3125	-10.3125	False	False	morphology	determiner_noun_agreement	Write a natural, coherent English sentence.
716	19	Those men forget these smart men.	Those men forget this smart men.	-72.5	-72.5	-10.375	-10.3125	False	False	morphology	determiner_noun_agreement	Write a natural, coherent English sentence.
717	19	Tara might alarm this unsure person.	Tara might alarm these unsure person.	-93.5	-93.5	-10.375	-10.375	False	False	morphology	determiner_noun_agreement	Write a natural, coherent English sentence.
718	19	Vanessa was healing those purple geese.	Vanessa was healing that purple geese.	-93.0	-93.0	-10.375	-10.375	False	False	morphology	determiner_noun_agreement	Write a natural, coherent English sentence.
719	19	Steven hasn't questioned those troubled people.	Steven hasn't questioned that troubled people.	-103.0	-103.5	-10.3125	-10.3125	True	False	morphology	determiner_noun_agreement	Write a natural, coherent English sentence.
720	19	Thomas hides this clever woman.	Thomas hides these clever woman.	-72.5	-72.5	-10.3125	-10.375	False	True	morphology	determiner_noun_agreement	Write a natural, coherent English sentence.
721	19	Most eyes confuse these content alumni.	Most eyes confuse this content alumni.	-103.5	-103.5	-10.375	-10.375	False	False	morphology	determiner_noun_agreement	Write a natural, coherent English sentence.
722	19	That dog aggravates this busy child.	That dog aggravates these busy child.	-93.0	-93.0	-10.3125	-10.3125	False	False	morphology	determiner_noun_agreement	Write a natural, coherent English sentence.
723	19	Karen has attacked this popular child.	Karen has attacked these popular child.	-72.5	-72.5	-10.375	-10.375	False	False	morphology	determiner_noun_agreement	Write a natural, coherent English sentence.
724	19	Heidi might confuse those displeased men.	Heidi might confuse that displeased men.	-114.0	-113.5	-10.3125	-10.3125	False	False	morphology	determiner_noun_agreement	Write a natural, coherent English sentence.
725	19	Maria kisses this bad person.	Maria kisses these bad person.	-72.5	-72.5	-10.375	-10.375	False	False	morphology	determiner_noun_agreement	Write a natural, coherent English sentence.
726	19	Tanya passes this purple oasis.	Tanya passes these purple oasis.	-83.0	-83.0	-10.375	-10.375	False	False	morphology	determiner_noun_agreement	Write a natural, coherent English sentence.
727	19	Marla has respected those delighted alumni.	Marla has respected that delighted alumni.	-104.0	-104.0	-10.375	-10.375	False	False	morphology	determiner_noun_agreement	Write a natural, coherent English sentence.
728	19	Paula is investigating this employed alumnus.	Paula is investigating these employed alumnus.	-113.5	-113.5	-10.3125	-10.3125	False	False	morphology	determiner_noun_agreement	Write a natural, coherent English sentence.
729	19	Most chairs aren't disgusting those serious women.	Most chairs aren't disgusting that serious women.	-114.0	-114.0	-10.3125	-10.3125	False	False	morphology	determiner_noun_agreement	Write a natural, coherent English sentence.
730	19	Men hadn't run around this purple oasis.	Men hadn't run around these purple oasis.	-113.5	-114.0	-10.3125	-10.3125	True	False	morphology	determiner_noun_agreement	Write a natural, coherent English sentence.
731	19	Tina hadn't arrived at those green oases.	Tina hadn't arrived at that green oases.	-124.0	-124.0	-10.3125	-10.3125	False	False	morphology	determiner_noun_agreement	Write a natural, coherent English sentence.
732	19	Karla knew this busy alumnus.	Karla knew these busy alumnus.	-93.0	-93.0	-10.375	-10.3125	False	False	morphology	determiner_noun_agreement	Write a natural, coherent English sentence.
733	19	The actors care for these exposed people.	The actors care for this exposed people.	-83.0	-83.0	-10.375	-10.375	False	False	morphology	determiner_noun_agreement	Write a natural, coherent English sentence.
734	19	Michelle might alarm this employed man.	Michelle might alarm these employed man.	-72.5	-72.5	-10.375	-10.375	False	False	morphology	determiner_noun_agreement	Write a natural, coherent English sentence.
735	19	Maria hasn't walked through these hard oases.	Maria hasn't walked through this hard oases.	-113.5	-113.5	-10.3125	-10.3125	False	False	morphology	determiner_noun_agreement	Write a natural, coherent English sentence.
736	19	That report might disagree with those delighted men.	That report might disagree with that delighted men.	-93.0	-93.0	-10.375	-10.375	False	False	morphology	determiner_noun_agreement	Write a natural, coherent English sentence.
737	19	Actresses discuss this popular person.	Actresses discuss these popular person.	-82.5	-82.5	-10.3125	-10.3125	False	False	morphology	determiner_noun_agreement	Write a natural, coherent English sentence.
738	19	Holly won't watch these unlucky men.	Holly won't watch this unlucky men.	-113.5	-113.5	-10.3125	-10.3125	False	False	morphology	determiner_noun_agreement	Write a natural, coherent English sentence.
739	19	Carl was driving to those blue oases.	Carl was driving to that blue oases.	-93.0	-93.0	-10.3125	-10.3125	False	False	morphology	determiner_noun_agreement	Write a natural, coherent English sentence.
740	19	Bill passes that rough oasis.	Bill passes those rough oasis.	-72.5	-72.5	-10.375	-10.375	False	False	morphology	determiner_noun_agreement	Write a natural, coherent English sentence.
741	19	All men praise this good thesis.	All men praise these good thesis.	-72.5	-72.5	-10.3125	-10.3125	False	False	morphology	determiner_noun_agreement	Write a natural, coherent English sentence.
742	19	Many doctors should escape from these hopeful women.	Many doctors should escape from this hopeful women.	-103.0	-103.0	-10.3125	-10.3125	False	False	morphology	determiner_noun_agreement	Write a natural, coherent English sentence.
743	19	Many girls find these nice men.	Many girls find this nice men.	-72.5	-72.5	-10.3125	-10.3125	False	False	morphology	determiner_noun_agreement	Write a natural, coherent English sentence.
744	19	Every museum helps those concealed children.	Every museum helps that concealed children.	-83.0	-83.0	-10.375	-10.375	False	False	morphology	determiner_noun_agreement	Write a natural, coherent English sentence.
745	19	Marla was distracting these determined people.	Marla was distracting this determined people.	-93.0	-93.0	-10.375	-10.375	False	False	morphology	determiner_noun_agreement	Write a natural, coherent English sentence.
746	19	Those computers might confuse this nice child.	Those computers might confuse these nice child.	-93.5	-93.0	-10.375	-10.375	False	False	morphology	determiner_noun_agreement	Write a natural, coherent English sentence.
747	19	Tanya hasn't loved that content woman.	Tanya hasn't loved those content woman.	-103.5	-103.5	-10.375	-10.375	False	False	morphology	determiner_noun_agreement	Write a natural, coherent English sentence.
748	19	Theresa won't conceal those lost lice.	Theresa won't conceal that lost lice.	-124.0	-124.0	-10.375	-10.375	False	False	morphology	determiner_noun_agreement	Write a natural, coherent English sentence.
749	19	The Borgias do cure these out in the open octopi.	The Borgias do cure this out in the open octopi.	-156.0	-156.0	-10.375	-10.375	False	False	morphology	determiner_noun_agreement	Write a natural, coherent English sentence.
750	19	Kenneth messed up those lost teeth.	Kenneth messed up that lost teeth.	-93.0	-93.0	-10.3125	-10.3125	False	False	morphology	determiner_noun_agreement	Write a natural, coherent English sentence.
751	19	Jodi doesn't alarm these unsure people.	Jodi doesn't alarm this unsure people.	-114.0	-114.0	-10.375	-10.375	False	False	morphology	determiner_noun_agreement	Write a natural, coherent English sentence.
752	19	This customer scans those good analyses.	This customer scans that good analyses.	-93.0	-93.0	-10.375	-10.3125	False	False	morphology	determiner_noun_agreement	Write a natural, coherent English sentence.
753	19	Vincent can't watch this hopeful alumnus.	Vincent can't watch these hopeful alumnus.	-124.0	-124.0	-10.3125	-10.3125	False	False	morphology	determiner_noun_agreement	Write a natural, coherent English sentence.
754	19	Jodi talked to this unconvinced child.	Jodi talked to these unconvinced child.	-114.0	-114.0	-10.375	-10.375	False	False	morphology	determiner_noun_agreement	Write a natural, coherent English sentence.
755	19	Katherine exited these exposed oases.	Katherine exited this exposed oases.	-93.0	-93.0	-10.3125	-10.3125	False	False	morphology	determiner_noun_agreement	Write a natural, coherent English sentence.
756	19	Beverly hasn't brought these rough fungi.	Beverly hasn't brought this rough fungi.	-114.0	-114.0	-10.3125	-10.3125	False	False	morphology	determiner_noun_agreement	Write a natural, coherent English sentence.
757	19	That unicycle is boring those standing children.	That unicycle is boring that standing children.	-103.5	-103.5	-10.375	-10.375	False	False	morphology	determiner_noun_agreement	Write a natural, coherent English sentence.
758	19	That boy can't escape from those unsure children.	That boy can't escape from that unsure children.	-124.0	-124.0	-10.3125	-10.3125	False	False	morphology	determiner_noun_agreement	Write a natural, coherent English sentence.
759	19	An adult bought these black axes.	An adult bought this black axes.	-83.0	-82.5	-10.375	-10.3125	False	False	morphology	determiner_noun_agreement	Write a natural, coherent English sentence.
760	19	Sara isn't kissing this nice woman.	Sara isn't kissing these nice woman.	-103.5	-103.5	-10.3125	-10.3125	False	False	morphology	determiner_noun_agreement	Write a natural, coherent English sentence.
761	19	Robert couldn't embarrass those scared people.	Robert couldn't embarrass that scared people.	-93.0	-93.0	-10.375	-10.375	False	False	morphology	determiner_noun_agreement	Write a natural, coherent English sentence.
762	19	Deborah had fled from that important woman.	Deborah had fled from those important woman.	-103.5	-103.0	-10.3125	-10.3125	False	False	morphology	determiner_noun_agreement	Write a natural, coherent English sentence.
763	19	Brenda discussed that serious woman.	Brenda discussed those serious woman.	-72.5	-72.5	-10.375	-10.375	False	False	morphology	determiner_noun_agreement	Write a natural, coherent English sentence.
764	19	Some women questioned that big woman.	Some women questioned those big woman.	-72.5	-72.5	-10.3125	-10.375	False	True	morphology	determiner_noun_agreement	Write a natural, coherent English sentence.
765	19	Rodney didn't kiss those displeased women.	Rodney didn't kiss that displeased women.	-124.0	-124.0	-10.3125	-10.3125	False	False	morphology	determiner_noun_agreement	Write a natural, coherent English sentence.
766	19	Carrie can help those lost alumni.	Carrie can help that lost alumni.	-103.0	-103.0	-10.3125	-10.3125	False	False	morphology	determiner_noun_agreement	Write a natural, coherent English sentence.
767	19	Many guests approach this lucky man.	Many guests approach these lucky man.	-72.0	-72.0	-10.3125	-10.3125	False	False	morphology	determiner_noun_agreement	Write a natural, coherent English sentence.
768	19	Some student messes up that hard foot.	Some student messes up those hard foot.	-93.0	-93.0	-10.3125	-10.3125	False	False	morphology	determiner_noun_agreement	Write a natural, coherent English sentence.
769	19	Some men had skated around these hard oases.	Some men had skated around this hard oases.	-113.5	-114.0	-10.3125	-10.375	True	True	morphology	determiner_noun_agreement	Write a natural, coherent English sentence.
770	19	Some light would annoy those happy alumni.	Some light would annoy that happy alumni.	-103.0	-103.0	-10.3125	-10.3125	False	False	morphology	determiner_noun_agreement	Write a natural, coherent English sentence.
771	19	Many casseroles shock these unconvinced men.	Many casseroles shock this unconvinced men.	-124.0	-124.0	-10.3125	-10.3125	False	False	morphology	determiner_noun_agreement	Write a natural, coherent English sentence.
772	19	Carl talks about those confident children.	Carl talks about that confident children.	-72.5	-72.5	-10.3125	-10.3125	False	False	morphology	determiner_noun_agreement	Write a natural, coherent English sentence.
773	19	Timothy was dropping by those new oases.	Timothy was dropping by that new oases.	-103.0	-103.0	-10.3125	-10.3125	False	False	morphology	determiner_noun_agreement	Write a natural, coherent English sentence.
774	19	Lori has approached these scared people.	Lori has approached this scared people.	-83.0	-83.0	-10.375	-10.375	False	False	morphology	determiner_noun_agreement	Write a natural, coherent English sentence.
775	19	Jodi wouldn't mess up those orange feet.	Jodi wouldn't mess up that orange feet.	-114.0	-114.0	-10.375	-10.375	False	False	morphology	determiner_noun_agreement	Write a natural, coherent English sentence.
776	19	This newspaper article will embarrass this determined child.	This newspaper article will embarrass these determined child.	-93.0	-93.0	-10.3125	-10.3125	False	False	morphology	determiner_noun_agreement	Write a natural, coherent English sentence.
777	19	A lot of guys conceal this long analysis.	A lot of guys conceal these long analysis.	-103.0	-103.0	-10.3125	-10.3125	False	False	morphology	determiner_noun_agreement	Write a natural, coherent English sentence.
778	19	Lawrence fired that serious woman.	Lawrence fired those serious woman.	-62.5	-62.5	-10.375	-10.375	False	False	morphology	determiner_noun_agreement	Write a natural, coherent English sentence.
779	19	This story didn't bore this serious man.	This story didn't bore these serious man.	-103.5	-103.5	-10.3125	-10.3125	False	False	morphology	determiner_noun_agreement	Write a natural, coherent English sentence.
780	19	Mary can't remember that clever person.	Mary can't remember those clever person.	-93.0	-93.0	-10.375	-10.375	False	False	morphology	determiner_noun_agreement	Write a natural, coherent English sentence.
781	19	Marie could listen to that big woman.	Marie could listen to those big woman.	-83.0	-83.0	-10.375	-10.375	False	False	morphology	determiner_noun_agreement	Write a natural, coherent English sentence.
782	19	Clyde had those exposed axes.	Clyde had that exposed axes.	-93.5	-93.5	-10.375	-10.375	False	False	morphology	determiner_noun_agreement	Write a natural, coherent English sentence.
783	19	Victoria has left these delighted men.	Victoria has left this delighted men.	-72.5	-72.5	-10.375	-10.375	False	False	morphology	determiner_noun_agreement	Write a natural, coherent English sentence.
784	19	The Impressionists disagree with those bad analyses.	The Impressionists disagree with that bad analyses.	-113.5	-113.5	-10.3125	-10.3125	False	False	morphology	determiner_noun_agreement	Write a natural, coherent English sentence.
785	19	Amy took that hidden fungus.	Amy took those hidden fungus.	-83.0	-83.0	-10.375	-10.375	False	False	morphology	determiner_noun_agreement	Write a natural, coherent English sentence.
786	19	Rose was fixing this hard foot.	Rose was fixing these hard foot.	-72.5	-72.5	-10.375	-10.375	False	False	morphology	determiner_noun_agreement	Write a natural, coherent English sentence.
787	19	Most dishes weren't astounding these scared men.	Most dishes weren't astounding this scared men.	-124.0	-124.0	-10.3125	-10.3125	False	False	morphology	determiner_noun_agreement	Write a natural, coherent English sentence.
788	19	The doctor sees those smooth cacti.	The doctor sees that smooth cacti.	-93.5	-93.0	-10.375	-10.375	False	False	morphology	determiner_noun_agreement	Write a natural, coherent English sentence.
789	19	Rodney hadn't cured these white octopi.	Rodney hadn't cured this white octopi.	-134.0	-134.0	-10.3125	-10.3125	False	False	morphology	determiner_noun_agreement	Write a natural, coherent English sentence.
790	19	This museum hadn't disgusted these troubled men.	This museum hadn't disgusted this troubled men.	-124.0	-124.0	-10.3125	-10.3125	False	False	morphology	determiner_noun_agreement	Write a natural, coherent English sentence.
791	19	Patrick complained about those scared men.	Patrick complained about that scared men.	-72.5	-72.5	-10.375	-10.375	False	False	morphology	determiner_noun_agreement	Write a natural, coherent English sentence.
792	19	Jacqueline should stun these determined alumni.	Jacqueline should stun this determined alumni.	-124.0	-124.0	-10.375	-10.3125	False	False	morphology	determiner_noun_agreement	Write a natural, coherent English sentence.
793	19	All apples worry this serious man.	All apples worry these serious man.	-82.5	-82.5	-10.3125	-10.3125	False	False	morphology	determiner_noun_agreement	Write a natural, coherent English sentence.
794	19	The drawing isn't scaring that old child.	The drawing isn't scaring those old child.	-114.0	-114.0	-10.375	-10.375	False	False	morphology	determiner_noun_agreement	Write a natural, coherent English sentence.
795	19	Veronica questioned this uncertain woman.	Veronica questioned these uncertain woman.	-82.5	-82.5	-10.3125	-10.3125	False	False	morphology	determiner_noun_agreement	Write a natural, coherent English sentence.
796	19	Vanessa hadn't known this determined alumnus.	Vanessa hadn't known these determined alumnus.	-123.5	-123.5	-10.3125	-10.3125	False	False	morphology	determiner_noun_agreement	Write a natural, coherent English sentence.
797	19	Cynthia hadn't kissed this unemployed man.	Cynthia hadn't kissed these unemployed man.	-134.0	-134.0	-10.3125	-10.3125	False	False	morphology	determiner_noun_agreement	Write a natural, coherent English sentence.
798	19	These companies irritate that exposed woman.	These companies irritate those exposed woman.	-83.0	-83.0	-10.375	-10.375	False	False	morphology	determiner_noun_agreement	Write a natural, coherent English sentence.
799	19	This dancer wasn't biking to this orange oasis.	This dancer wasn't biking to these orange oasis.	-145.0	-145.0	-10.3125	-10.3125	False	False	morphology	determiner_noun_agreement	Write a natural, coherent English sentence.
800	19	Those legislatures could disturb this upset alumnus.	Those legislatures could disturb these upset alumnus.	-113.5	-113.5	-10.3125	-10.3125	False	False	morphology	determiner_noun_agreement	Write a natural, coherent English sentence.
801	19	Some adult hasn't hidden these ill men.	Some adult hasn't hidden this ill men.	-103.5	-103.5	-10.375	-10.375	False	False	morphology	determiner_noun_agreement	Write a natural, coherent English sentence.
802	19	A cashier should insult these hidden children.	A cashier should insult this hidden children.	-93.0	-93.0	-10.375	-10.375	False	False	morphology	determiner_noun_agreement	Write a natural, coherent English sentence.
803	19	Danielle could annoy that confident man.	Danielle could annoy those confident man.	-82.5	-82.5	-10.3125	-10.3125	False	False	morphology	determiner_noun_agreement	Write a natural, coherent English sentence.
804	19	These teachers lift this exposed goose.	These teachers lift these exposed goose.	-83.0	-82.5	-10.375	-10.3125	False	False	morphology	determiner_noun_agreement	Write a natural, coherent English sentence.
805	19	Christina drove to that exposed oasis.	Christina drove to those exposed oasis.	-93.0	-93.0	-10.3125	-10.3125	False	False	morphology	determiner_noun_agreement	Write a natural, coherent English sentence.
806	19	Jesus hadn't sounded like these hidden people.	Jesus hadn't sounded like this hidden people.	-103.5	-103.5	-10.3125	-10.3125	False	False	morphology	determiner_noun_agreement	Write a natural, coherent English sentence.
807	19	Many mushrooms irritate that upset man.	Many mushrooms irritate those upset man.	-93.0	-93.0	-10.3125	-10.3125	False	False	morphology	determiner_noun_agreement	Write a natural, coherent English sentence.
808	19	Some committee bought those white lice.	Some committee bought that white lice.	-83.0	-83.0	-10.375	-10.375	False	False	morphology	determiner_noun_agreement	Write a natural, coherent English sentence.
809	19	Daniel hasn't known this determined man.	Daniel hasn't known these determined man.	-93.0	-93.0	-10.3125	-10.3125	False	False	morphology	determiner_noun_agreement	Write a natural, coherent English sentence.
810	19	Art hadn't scared these serious alumni.	Art hadn't scared this serious alumni.	-114.0	-114.0	-10.375	-10.375	False	False	morphology	determiner_noun_agreement	Write a natural, coherent English sentence.
811	19	Alice fires this unconvinced child.	Alice fires these unconvinced child.	-93.0	-93.0	-10.3125	-10.3125	False	False	morphology	determiner_noun_agreement	Write a natural, coherent English sentence.
812	19	Melanie hid that exposed tooth.	Melanie hid those exposed tooth.	-72.0	-72.0	-10.3125	-10.3125	False	False	morphology	determiner_noun_agreement	Write a natural, coherent English sentence.
813	19	Most hamsters find that red tooth.	Most hamsters find those red tooth.	-82.5	-83.0	-10.3125	-10.375	True	True	morphology	determiner_noun_agreement	Write a natural, coherent English sentence.
814	19	Those children explore those small oases.	Those children explore that small oases.	-82.5	-83.0	-10.3125	-10.375	True	True	morphology	determiner_noun_agreement	Write a natural, coherent English sentence.
815	19	Most museums listen to this troubled man.	Most museums listen to these troubled man.	-103.0	-103.0	-10.3125	-10.3125	False	False	morphology	determiner_noun_agreement	Write a natural, coherent English sentence.
816	19	Patrick embarrassed this unemployed person.	Patrick embarrassed these unemployed person.	-72.0	-72.0	-10.3125	-10.3125	False	False	morphology	determiner_noun_agreement	Write a natural, coherent English sentence.
817	19	A lot of icicles had alarmed that hidden woman.	A lot of icicles had alarmed those hidden woman.	-124.0	-124.0	-10.3125	-10.3125	False	False	morphology	determiner_noun_agreement	Write a natural, coherent English sentence.
818	19	Matt hadn't impressed this exposed child.	Matt hadn't impressed these exposed child.	-93.5	-93.5	-10.375	-10.375	False	False	morphology	determiner_noun_agreement	Write a natural, coherent English sentence.
819	19	Eric might see those new feet.	Eric might see that new feet.	-72.5	-72.5	-10.375	-10.375	False	False	morphology	determiner_noun_agreement	Write a natural, coherent English sentence.
820	19	Some turtle can confuse this old alumnus.	Some turtle can confuse these old alumnus.	-134.0	-134.0	-10.3125	-10.3125	False	False	morphology	determiner_noun_agreement	Write a natural, coherent English sentence.
821	19	Most guests explore these smooth oases.	Most guests explore this smooth oases.	-83.0	-83.0	-10.375	-10.375	False	False	morphology	determiner_noun_agreement	Write a natural, coherent English sentence.
822	19	Brian has praised that happy alumnus.	Brian has praised those happy alumnus.	-93.0	-93.0	-10.3125	-10.3125	False	False	morphology	determiner_noun_agreement	Write a natural, coherent English sentence.
823	19	Karen sees these ill lice.	Karen sees this ill lice.	-72.5	-73.0	-10.375	-10.375	True	False	morphology	determiner_noun_agreement	Write a natural, coherent English sentence.
824	19	Alicia doesn't observe this confident alumnus.	Alicia doesn't observe these confident alumnus.	-134.0	-134.0	-10.3125	-10.3125	False	False	morphology	determiner_noun_agreement	Write a natural, coherent English sentence.
825	19	That horse does find this lost octopus.	That horse does find these lost octopus.	-103.5	-103.5	-10.375	-10.3125	False	False	morphology	determiner_noun_agreement	Write a natural, coherent English sentence.
826	19	Those customers haven't annoyed those delighted children.	Those customers haven't annoyed that delighted children.	-113.5	-113.5	-10.3125	-10.3125	False	False	morphology	determiner_noun_agreement	Write a natural, coherent English sentence.
827	19	The Great Lakes confused these hidden women.	The Great Lakes confused this hidden women.	-93.0	-93.5	-10.375	-10.375	True	False	morphology	determiner_noun_agreement	Write a natural, coherent English sentence.
828	19	Russell watches these unsure women.	Russell watches this unsure women.	-72.5	-72.5	-10.375	-10.375	False	False	morphology	determiner_noun_agreement	Write a natural, coherent English sentence.
829	19	Jacqueline has concealed these long synopses.	Jacqueline has concealed this long synopses.	-124.0	-124.0	-10.3125	-10.3125	False	False	morphology	determiner_noun_agreement	Write a natural, coherent English sentence.
830	19	Carrie isn't hiring this small woman.	Carrie isn't hiring these small woman.	-103.5	-103.5	-10.375	-10.375	False	False	morphology	determiner_noun_agreement	Write a natural, coherent English sentence.
831	19	Charles doesn't admire these big mice.	Charles doesn't admire this big mice.	-114.0	-114.0	-10.3125	-10.3125	False	False	morphology	determiner_noun_agreement	Write a natural, coherent English sentence.
832	19	The Impressionists might think about that white thesis.	The Impressionists might think about those white thesis.	-113.5	-113.5	-10.3125	-10.3125	False	False	morphology	determiner_noun_agreement	Write a natural, coherent English sentence.
833	19	Most men question those bad people.	Most men question that bad people.	-73.0	-72.5	-10.375	-10.375	False	False	morphology	determiner_noun_agreement	Write a natural, coherent English sentence.
834	19	Lissa hasn't left this upset woman.	Lissa hasn't left these upset woman.	-103.5	-103.5	-10.3125	-10.375	False	True	morphology	determiner_noun_agreement	Write a natural, coherent English sentence.
835	19	Janice won't fire that determined child.	Janice won't fire those determined child.	-103.5	-103.5	-10.375	-10.375	False	False	morphology	determiner_noun_agreement	Write a natural, coherent English sentence.
836	19	This company criticized this lucky man.	This company criticized these lucky man.	-82.5	-83.0	-10.3125	-10.375	True	True	morphology	determiner_noun_agreement	Write a natural, coherent English sentence.
837	19	The banks hurt that excited woman.	The banks hurt those excited woman.	-72.5	-72.5	-10.375	-10.375	False	False	morphology	determiner_noun_agreement	Write a natural, coherent English sentence.
838	19	Peter wasn't walking through those red oases.	Peter wasn't walking through that red oases.	-113.5	-113.5	-10.3125	-10.3125	False	False	morphology	determiner_noun_agreement	Write a natural, coherent English sentence.
839	19	Rebecca wasn't referencing this long synopsis.	Rebecca wasn't referencing these long synopsis.	-113.5	-113.5	-10.3125	-10.3125	False	False	morphology	determiner_noun_agreement	Write a natural, coherent English sentence.
840	19	Naomi notices this smooth octopus.	Naomi notices these smooth octopus.	-103.0	-103.0	-10.3125	-10.3125	False	False	morphology	determiner_noun_agreement	Write a natural, coherent English sentence.
841	19	Patrick conceals this hard stimulus.	Patrick conceals these hard stimulus.	-83.0	-83.0	-10.375	-10.375	False	False	morphology	determiner_noun_agreement	Write a natural, coherent English sentence.
842	19	Candice shouldn't bring those smooth feet.	Candice shouldn't bring that smooth feet.	-103.0	-103.5	-10.3125	-10.3125	True	False	morphology	determiner_noun_agreement	Write a natural, coherent English sentence.
843	19	All books sound like those content women.	All books sound like that content women.	-83.0	-83.0	-10.375	-10.375	False	False	morphology	determiner_noun_agreement	Write a natural, coherent English sentence.
844	19	Bethany hasn't arrived at this white oasis.	Bethany hasn't arrived at these white oasis.	-123.5	-123.5	-10.3125	-10.3125	False	False	morphology	determiner_noun_agreement	Write a natural, coherent English sentence.
845	19	Steve reveals these unemployed alumni.	Steve reveals this unemployed alumni.	-93.0	-93.0	-10.3125	-10.3125	False	False	morphology	determiner_noun_agreement	Write a natural, coherent English sentence.
846	19	Sonia was upsetting that ill woman.	Sonia was upsetting those ill woman.	-93.0	-93.0	-10.3125	-10.3125	False	False	morphology	determiner_noun_agreement	Write a natural, coherent English sentence.
847	19	Keith wasn't boring these delighted men.	Keith wasn't boring this delighted men.	-93.5	-93.5	-10.375	-10.375	False	False	morphology	determiner_noun_agreement	Write a natural, coherent English sentence.
848	19	The Borgias admire these hard mice.	The Borgias admire this hard mice.	-114.5	-114.5	-10.375	-10.375	False	False	morphology	determiner_noun_agreement	Write a natural, coherent English sentence.
849	19	These drivers had forgotten this good analysis.	These drivers had forgotten these good analysis.	-83.0	-83.0	-10.375	-10.375	False	False	morphology	determiner_noun_agreement	Write a natural, coherent English sentence.
850	19	Helen skates around this blue oasis.	Helen skates around these blue oasis.	-93.0	-93.0	-10.3125	-10.3125	False	False	morphology	determiner_noun_agreement	Write a natural, coherent English sentence.
851	19	Galileo found that smooth stimulus.	Galileo found those smooth stimulus.	-93.0	-93.0	-10.3125	-10.3125	False	False	morphology	determiner_noun_agreement	Write a natural, coherent English sentence.
852	19	Kimberley isn't curing these small octopi.	Kimberley isn't curing this small octopi.	-145.0	-145.0	-10.3125	-10.3125	False	False	morphology	determiner_noun_agreement	Write a natural, coherent English sentence.
853	19	Debra didn't conceal these popular men.	Debra didn't conceal this popular men.	-114.0	-113.5	-10.3125	-10.3125	False	False	morphology	determiner_noun_agreement	Write a natural, coherent English sentence.
854	19	A lot of doctors hug these scared children.	A lot of doctors hug this scared children.	-93.0	-93.0	-10.3125	-10.3125	False	False	morphology	determiner_noun_agreement	Write a natural, coherent English sentence.
855	19	Those pedestrians weren't fleeing from these concealed men.	Those pedestrians weren't fleeing from this concealed men.	-155.0	-155.0	-10.3125	-10.3125	False	False	morphology	determiner_noun_agreement	Write a natural, coherent English sentence.
856	19	Those children find that exposed thesis.	Those children find those exposed thesis.	-72.5	-72.5	-10.375	-10.375	False	False	morphology	determiner_noun_agreement	Write a natural, coherent English sentence.
857	19	Debra admires these blue octopi.	Debra admires this blue octopi.	-103.5	-103.5	-10.3125	-10.375	False	True	morphology	determiner_noun_agreement	Write a natural, coherent English sentence.
858	19	Bruce wasn't approaching that clever alumnus.	Bruce wasn't approaching those clever alumnus.	-113.5	-113.5	-10.3125	-10.3125	False	False	morphology	determiner_noun_agreement	Write a natural, coherent English sentence.
859	19	Lawrence isn't questioning that nice woman.	Lawrence isn't questioning those nice woman.	-93.5	-93.5	-10.375	-10.375	False	False	morphology	determiner_noun_agreement	Write a natural, coherent English sentence.
860	19	Some waitresses have this big octopus.	Some waitresses have these big octopus.	-112.5	-112.5	-10.25	-10.25	False	False	morphology	determiner_noun_agreement	Write a natural, coherent English sentence.
861	19	Carolyn had embarrassed that busy alumnus.	Carolyn had embarrassed those busy alumnus.	-103.0	-103.5	-10.3125	-10.3125	True	False	morphology	determiner_noun_agreement	Write a natural, coherent English sentence.
862	19	Jeffrey aggravated that smart man.	Jeffrey aggravated those smart man.	-93.0	-93.0	-10.3125	-10.3125	False	False	morphology	determiner_noun_agreement	Write a natural, coherent English sentence.
863	19	Guy messed up this yellow foot.	Guy messed up these yellow foot.	-82.5	-82.5	-10.3125	-10.3125	False	False	morphology	determiner_noun_agreement	Write a natural, coherent English sentence.
864	19	Every book is embarrassing this small woman.	Every book is embarrassing these small woman.	-93.0	-93.0	-10.3125	-10.3125	False	False	morphology	determiner_noun_agreement	Write a natural, coherent English sentence.
865	19	These associations were talking about these scared women.	These associations were talking about this scared women.	-93.0	-93.0	-10.3125	-10.375	False	True	morphology	determiner_noun_agreement	Write a natural, coherent English sentence.
866	19	Todd disturbs this upset child.	Todd disturbs these upset child.	-83.0	-83.0	-10.375	-10.375	False	False	morphology	determiner_noun_agreement	Write a natural, coherent English sentence.
867	19	That window alarms these exposed women.	That window alarms this exposed women.	-83.0	-83.0	-10.375	-10.375	False	False	morphology	determiner_noun_agreement	Write a natural, coherent English sentence.
868	19	A window upsets these upset men.	A window upsets this upset men.	-83.0	-83.0	-10.375	-10.375	False	False	morphology	determiner_noun_agreement	Write a natural, coherent English sentence.
869	19	Monet is fixing that brown foot.	Monet is fixing those brown foot.	-83.0	-83.0	-10.375	-10.375	False	False	morphology	determiner_noun_agreement	Write a natural, coherent English sentence.
870	19	Adam left these big alumni.	Adam left this big alumni.	-83.0	-83.0	-10.375	-10.375	False	False	morphology	determiner_noun_agreement	Write a natural, coherent English sentence.
871	19	Stacy can exit that big oasis.	Stacy can exit those big oasis.	-93.0	-93.0	-10.375	-10.375	False	False	morphology	determiner_noun_agreement	Write a natural, coherent English sentence.
872	19	Roger was returning to those happy alumni.	Roger was returning to that happy alumni.	-103.5	-103.5	-10.3125	-10.3125	False	False	morphology	determiner_noun_agreement	Write a natural, coherent English sentence.
873	19	Dana isn't investigating this ill woman.	Dana isn't investigating these ill woman.	-114.0	-114.0	-10.375	-10.375	False	False	morphology	determiner_noun_agreement	Write a natural, coherent English sentence.
874	19	Tammy has those yellow axes.	Tammy has that yellow axes.	-82.5	-82.5	-10.3125	-10.3125	False	False	morphology	determiner_noun_agreement	Write a natural, coherent English sentence.
875	19	Marla leaves those employed children.	Marla leaves that employed children.	-72.5	-72.5	-10.375	-10.375	False	False	morphology	determiner_noun_agreement	Write a natural, coherent English sentence.
876	19	Sarah referenced that ill child.	Sarah referenced those ill child.	-72.5	-72.0	-10.3125	-10.3125	False	False	morphology	determiner_noun_agreement	Write a natural, coherent English sentence.
877	19	Edward complained about this serious child.	Edward complained about these serious child.	-72.5	-72.5	-10.3125	-10.3125	False	False	morphology	determiner_noun_agreement	Write a natural, coherent English sentence.
878	19	Carolyn healed those bad women.	Carolyn healed that bad women.	-83.0	-83.0	-10.375	-10.375	False	False	morphology	determiner_noun_agreement	Write a natural, coherent English sentence.
879	19	The waitresses fired those upset alumni.	The waitresses fired that upset alumni.	-113.0	-113.0	-10.3125	-10.3125	False	False	morphology	determiner_noun_agreement	Write a natural, coherent English sentence.
880	19	Every driver dropped by that old oasis.	Every driver dropped by those old oasis.	-93.0	-93.0	-10.3125	-10.3125	False	False	morphology	determiner_noun_agreement	Write a natural, coherent English sentence.
881	19	William hadn't hugged these hopeful alumni.	William hadn't hugged this hopeful alumni.	-134.0	-134.0	-10.3125	-10.3125	False	False	morphology	determiner_noun_agreement	Write a natural, coherent English sentence.
882	19	The Lutherans had messed up those lost feet.	The Lutherans had messed up that lost feet.	-114.0	-114.0	-10.375	-10.375	False	False	morphology	determiner_noun_agreement	Write a natural, coherent English sentence.
883	19	Florence hasn't confused those standing men.	Florence hasn't confused that standing men.	-93.5	-93.5	-10.375	-10.375	False	False	morphology	determiner_noun_agreement	Write a natural, coherent English sentence.
884	19	Some convertible upset this upset woman.	Some convertible upset these upset woman.	-82.5	-82.5	-10.3125	-10.3125	False	False	morphology	determiner_noun_agreement	Write a natural, coherent English sentence.
885	19	Rebecca saw this hidden foot.	Rebecca saw these hidden foot.	-62.0	-62.25	-10.375	-10.375	True	False	morphology	determiner_noun_agreement	Write a natural, coherent English sentence.
886	19	Derek returned to these content men.	Derek returned to this content men.	-83.0	-83.0	-10.375	-10.375	False	False	morphology	determiner_noun_agreement	Write a natural, coherent English sentence.
887	19	Those teachers love those hidden women.	Those teachers love that hidden women.	-72.5	-72.5	-10.375	-10.375	False	False	morphology	determiner_noun_agreement	Write a natural, coherent English sentence.
888	19	Jennifer worried those ill men.	Jennifer worried that ill men.	-62.0	-62.0	-10.375	-10.375	False	False	morphology	determiner_noun_agreement	Write a natural, coherent English sentence.
889	19	A chair was stunning this big man.	A chair was stunning these big man.	-83.0	-83.0	-10.375	-10.375	False	False	morphology	determiner_noun_agreement	Write a natural, coherent English sentence.
890	19	Paintings looked like that gray thesis.	Paintings looked like those gray thesis.	-93.0	-93.0	-10.375	-10.375	False	False	morphology	determiner_noun_agreement	Write a natural, coherent English sentence.
891	19	Karla toured this rough oasis.	Karla toured these rough oasis.	-93.5	-93.0	-10.375	-10.375	False	False	morphology	determiner_noun_agreement	Write a natural, coherent English sentence.
892	19	Walter couldn't boycott those hidden oases.	Walter couldn't boycott that hidden oases.	-114.0	-114.0	-10.375	-10.375	False	False	morphology	determiner_noun_agreement	Write a natural, coherent English sentence.
893	19	Donald has worried this smart man.	Donald has worried these smart man.	-72.0	-72.5	-10.3125	-10.3125	True	False	morphology	determiner_noun_agreement	Write a natural, coherent English sentence.
894	19	Catherine has boycotted those gray oases.	Catherine has boycotted that gray oases.	-103.5	-103.5	-10.375	-10.375	False	False	morphology	determiner_noun_agreement	Write a natural, coherent English sentence.
895	19	Nicole toured those yellow oases.	Nicole toured that yellow oases.	-83.0	-83.0	-10.375	-10.375	False	False	morphology	determiner_noun_agreement	Write a natural, coherent English sentence.
896	19	Barbara praises that young woman.	Barbara praises those young woman.	-72.5	-72.5	-10.375	-10.375	False	False	morphology	determiner_noun_agreement	Write a natural, coherent English sentence.
897	19	The apple aggravates those hopeful children.	The apple aggravates that hopeful children.	-103.0	-103.0	-10.3125	-10.3125	False	False	morphology	determiner_noun_agreement	Write a natural, coherent English sentence.
898	19	All photographs could look like this big fungus.	All photographs could look like these big fungus.	-113.5	-113.5	-10.3125	-10.3125	False	False	morphology	determiner_noun_agreement	Write a natural, coherent English sentence.
899	19	Guys should talk about that good synopsis.	Guys should talk about those good synopsis.	-103.0	-103.0	-10.3125	-10.3125	False	False	morphology	determiner_noun_agreement	Write a natural, coherent English sentence.
900	19	Tracy discovered this concealed alumnus.	Tracy discovered these concealed alumnus.	-103.0	-103.5	-10.3125	-10.3125	True	False	morphology	determiner_noun_agreement	Write a natural, coherent English sentence.
901	19	All actresses are helping this troubled man.	All actresses are helping these troubled man.	-102.5	-102.5	-10.25	-10.25	False	False	morphology	determiner_noun_agreement	Write a natural, coherent English sentence.
902	19	Douglas isn't revealing this dirty foot.	Douglas isn't revealing these dirty foot.	-93.5	-93.5	-10.375	-10.375	False	False	morphology	determiner_noun_agreement	Write a natural, coherent English sentence.
903	19	Most senators confuse that standing child.	Most senators confuse those standing child.	-93.0	-93.0	-10.375	-10.3125	False	False	morphology	determiner_noun_agreement	Write a natural, coherent English sentence.
904	19	Those doctors embarrass that upset woman.	Those doctors embarrass those upset woman.	-72.5	-72.5	-10.375	-10.375	False	False	morphology	determiner_noun_agreement	Write a natural, coherent English sentence.
905	19	A lot of customers were healing those sick men.	A lot of customers were healing that sick men.	-103.0	-103.0	-10.3125	-10.3125	False	False	morphology	determiner_noun_agreement	Write a natural, coherent English sentence.
906	19	Sabrina does conceal these old alumni.	Sabrina does conceal this old alumni.	-124.0	-124.0	-10.3125	-10.3125	False	False	morphology	determiner_noun_agreement	Write a natural, coherent English sentence.
907	19	Many girls can't observe those young alumni.	Many girls can't observe that young alumni.	-124.0	-124.0	-10.375	-10.375	False	False	morphology	determiner_noun_agreement	Write a natural, coherent English sentence.
908	19	The actresses hire that lucky man.	The actresses hire those lucky man.	-82.5	-82.5	-10.3125	-10.3125	False	False	morphology	determiner_noun_agreement	Write a natural, coherent English sentence.
909	19	Andrea is firing that scared child.	Andrea is firing those scared child.	-72.5	-72.5	-10.375	-10.375	False	False	morphology	determiner_noun_agreement	Write a natural, coherent English sentence.
910	19	That dancer scanned that bad synopsis.	That dancer scanned those bad synopsis.	-103.5	-103.5	-10.375	-10.3125	False	False	morphology	determiner_noun_agreement	Write a natural, coherent English sentence.
911	19	Daniel breaks these dirty teeth.	Daniel breaks this dirty teeth.	-62.25	-62.0	-10.375	-10.375	False	False	morphology	determiner_noun_agreement	Write a natural, coherent English sentence.
912	19	Students had messed up those purple teeth.	Students had messed up that purple teeth.	-93.0	-93.0	-10.3125	-10.3125	False	False	morphology	determiner_noun_agreement	Write a natural, coherent English sentence.
913	19	Becky boycotted those old oases.	Becky boycotted that old oases.	-103.5	-103.5	-10.3125	-10.3125	False	False	morphology	determiner_noun_agreement	Write a natural, coherent English sentence.
914	19	Florence talks to those good women.	Florence talks to that good women.	-72.5	-72.5	-10.375	-10.375	False	False	morphology	determiner_noun_agreement	Write a natural, coherent English sentence.
915	19	Carmen won't break this big foot.	Carmen won't break these big foot.	-104.0	-103.5	-10.375	-10.375	False	False	morphology	determiner_noun_agreement	Write a natural, coherent English sentence.
916	19	Stephen fired those employed men.	Stephen fired that employed men.	-62.25	-62.0	-10.375	-10.375	False	False	morphology	determiner_noun_agreement	Write a natural, coherent English sentence.
917	19	Many governments confuse this sick woman.	Many governments confuse these sick woman.	-83.0	-83.0	-10.375	-10.375	False	False	morphology	determiner_noun_agreement	Write a natural, coherent English sentence.
918	19	Heidi healed this troubled child.	Heidi healed these troubled child.	-92.5	-92.5	-10.3125	-10.3125	False	False	morphology	determiner_noun_agreement	Write a natural, coherent English sentence.
919	19	Daniel questions these employed alumni.	Daniel questions this employed alumni.	-83.0	-83.0	-10.375	-10.375	False	False	morphology	determiner_noun_agreement	Write a natural, coherent English sentence.
920	19	People admire these yellow oxen.	People admire this yellow oxen.	-82.5	-82.5	-10.3125	-10.3125	False	False	morphology	determiner_noun_agreement	Write a natural, coherent English sentence.
921	19	Those adults embarrasses this displeased woman.	Those adults embarrasses these displeased woman.	-103.0	-103.0	-10.3125	-10.3125	False	False	morphology	determiner_noun_agreement	Write a natural, coherent English sentence.
922	19	Winston Churchill notices these big nuclei.	Winston Churchill notices this big nuclei.	-113.5	-113.5	-10.3125	-10.3125	False	False	morphology	determiner_noun_agreement	Write a natural, coherent English sentence.
923	19	All women hide those concealed nuclei.	All women hide that concealed nuclei.	-93.0	-93.0	-10.3125	-10.3125	False	False	morphology	determiner_noun_agreement	Write a natural, coherent English sentence.
924	19	Charles was escaping from those lucky men.	Charles was escaping from that lucky men.	-93.0	-93.0	-10.3125	-10.375	False	True	morphology	determiner_noun_agreement	Write a natural, coherent English sentence.
925	19	Paul doesn't insult this happy woman.	Paul doesn't insult these happy woman.	-93.0	-93.0	-10.375	-10.375	False	False	morphology	determiner_noun_agreement	Write a natural, coherent English sentence.
926	19	Galileo isn't scanning this brown thesis.	Galileo isn't scanning these brown thesis.	-124.0	-124.0	-10.375	-10.375	False	False	morphology	determiner_noun_agreement	Write a natural, coherent English sentence.
927	19	The newspaper article doesn't annoy that exposed man.	The newspaper article doesn't annoy those exposed man.	-113.5	-113.5	-10.3125	-10.3125	False	False	morphology	determiner_noun_agreement	Write a natural, coherent English sentence.
928	19	Carmen noticed these gray cacti.	Carmen noticed this gray cacti.	-93.0	-93.0	-10.3125	-10.375	False	True	morphology	determiner_noun_agreement	Write a natural, coherent English sentence.
929	19	Teresa approaches this upset man.	Teresa approaches these upset man.	-72.5	-72.0	-10.3125	-10.3125	False	False	morphology	determiner_noun_agreement	Write a natural, coherent English sentence.
930	19	April was revealing this hidden woman.	April was revealing these hidden woman.	-72.5	-72.0	-10.3125	-10.3125	False	False	morphology	determiner_noun_agreement	Write a natural, coherent English sentence.
931	19	Michael has loved these scared men.	Michael has loved this scared men.	-72.5	-72.5	-10.375	-10.375	False	False	morphology	determiner_noun_agreement	Write a natural, coherent English sentence.
932	19	Joseph hadn't bought those hard lice.	Joseph hadn't bought that hard lice.	-103.5	-103.5	-10.375	-10.375	False	False	morphology	determiner_noun_agreement	Write a natural, coherent English sentence.
933	19	Larry did drive to this out in the open oasis.	Larry did drive to these out in the open oasis.	-124.0	-124.5	-10.375	-10.375	True	False	morphology	determiner_noun_agreement	Write a natural, coherent English sentence.
934	19	Lisa hasn't driven to that new oasis.	Lisa hasn't driven to those new oasis.	-113.5	-113.5	-10.3125	-10.3125	False	False	morphology	determiner_noun_agreement	Write a natural, coherent English sentence.
935	19	Steve scanned this good synopsis.	Steve scanned these good synopsis.	-83.0	-82.5	-10.375	-10.3125	False	False	morphology	determiner_noun_agreement	Write a natural, coherent English sentence.
936	19	The Lutherans care for those hopeful men.	The Lutherans care for that hopeful men.	-103.5	-103.5	-10.3125	-10.3125	False	False	morphology	determiner_noun_agreement	Write a natural, coherent English sentence.
937	19	Christine bikes to these orange oases.	Christine bikes to this orange oases.	-103.5	-103.5	-10.375	-10.375	False	False	morphology	determiner_noun_agreement	Write a natural, coherent English sentence.
938	19	Most actors distracted this popular woman.	Most actors distracted these popular woman.	-83.0	-83.0	-10.375	-10.375	False	False	morphology	determiner_noun_agreement	Write a natural, coherent English sentence.
939	19	Emily should observe those displeased men.	Emily should observe that displeased men.	-93.0	-93.0	-10.375	-10.3125	False	False	morphology	determiner_noun_agreement	Write a natural, coherent English sentence.
940	19	The drivers do sell this green thesis.	The drivers do sell these green thesis.	-83.0	-83.0	-10.375	-10.375	False	False	morphology	determiner_noun_agreement	Write a natural, coherent English sentence.
941	19	Most drivers love these unemployed men.	Most drivers love this unemployed men.	-82.5	-82.5	-10.3125	-10.3125	False	False	morphology	determiner_noun_agreement	Write a natural, coherent English sentence.
942	19	Those doctors care for this hopeful man.	Those doctors care for these hopeful man.	-93.0	-93.0	-10.3125	-10.3125	False	False	morphology	determiner_noun_agreement	Write a natural, coherent English sentence.
943	19	Brad kisses that displeased man.	Brad kisses those displeased man.	-93.0	-93.0	-10.3125	-10.3125	False	False	morphology	determiner_noun_agreement	Write a natural, coherent English sentence.
944	19	Danielle had argued about those troubled men.	Danielle had argued about that troubled men.	-103.0	-103.0	-10.3125	-10.3125	False	False	morphology	determiner_noun_agreement	Write a natural, coherent English sentence.
945	19	An actor is disgusting those unsure men.	An actor is disgusting that unsure men.	-103.5	-103.5	-10.3125	-10.3125	False	False	morphology	determiner_noun_agreement	Write a natural, coherent English sentence.
946	19	Galileo didn't hurt those displeased children.	Galileo didn't hurt that displeased children.	-134.0	-134.0	-10.3125	-10.3125	False	False	morphology	determiner_noun_agreement	Write a natural, coherent English sentence.
947	19	Omar messed up these small teeth.	Omar messed up this small teeth.	-93.0	-93.0	-10.3125	-10.3125	False	False	morphology	determiner_noun_agreement	Write a natural, coherent English sentence.
948	19	Carmen will watch this smart person.	Carmen will watch these smart person.	-83.0	-83.0	-10.375	-10.375	False	False	morphology	determiner_noun_agreement	Write a natural, coherent English sentence.
949	19	Jeffrey hid that unlucky child.	Jeffrey hid those unlucky child.	-92.5	-92.5	-10.3125	-10.3125	False	False	morphology	determiner_noun_agreement	Write a natural, coherent English sentence.
950	19	Every plane bothers this upset child.	Every plane bothers these upset child.	-82.5	-82.5	-10.3125	-10.3125	False	False	morphology	determiner_noun_agreement	Write a natural, coherent English sentence.
951	19	A lot of hospitals have those blue teeth.	A lot of hospitals have that blue teeth.	-93.0	-93.0	-10.3125	-10.3125	False	False	morphology	determiner_noun_agreement	Write a natural, coherent English sentence.
952	19	Nancy wasn't disturbing that clever man.	Nancy wasn't disturbing those clever man.	-103.5	-103.5	-10.3125	-10.375	False	True	morphology	determiner_noun_agreement	Write a natural, coherent English sentence.
953	19	These ladies bought that white tooth.	These ladies bought those white tooth.	-72.0	-72.5	-10.3125	-10.3125	True	False	morphology	determiner_noun_agreement	Write a natural, coherent English sentence.
954	19	Every skirt annoys that confident person.	Every skirt annoys those confident person.	-93.0	-93.0	-10.375	-10.375	False	False	morphology	determiner_noun_agreement	Write a natural, coherent English sentence.
955	19	These actors weren't biking to these red oases.	These actors weren't biking to this red oases.	-135.0	-135.0	-10.375	-10.375	False	False	morphology	determiner_noun_agreement	Write a natural, coherent English sentence.
956	19	Carmen has described those confident people.	Carmen has described that confident people.	-83.0	-83.0	-10.375	-10.375	False	False	morphology	determiner_noun_agreement	Write a natural, coherent English sentence.
957	19	All legislatures criticize that brown oasis.	All legislatures criticize those brown oasis.	-103.5	-103.0	-10.3125	-10.3125	False	False	morphology	determiner_noun_agreement	Write a natural, coherent English sentence.
958	19	Paula works with that clever person.	Paula works with those clever person.	-83.0	-83.0	-10.375	-10.375	False	False	morphology	determiner_noun_agreement	Write a natural, coherent English sentence.
959	19	Benjamin respects those confident children.	Benjamin respects that confident children.	-73.0	-73.0	-10.375	-10.4375	False	True	morphology	determiner_noun_agreement	Write a natural, coherent English sentence.
960	19	Mitchell attacked these unsure alumni.	Mitchell attacked this unsure alumni.	-93.0	-93.0	-10.375	-10.3125	False	False	morphology	determiner_noun_agreement	Write a natural, coherent English sentence.
961	19	The Lutherans hadn't cleaned these broken teeth.	The Lutherans hadn't cleaned this broken teeth.	-114.0	-114.0	-10.3125	-10.375	False	True	morphology	determiner_noun_agreement	Write a natural, coherent English sentence.
962	19	A lot of children observe that young child.	A lot of children observe those young child.	-92.5	-93.0	-10.3125	-10.3125	True	False	morphology	determiner_noun_agreement	Write a natural, coherent English sentence.
963	19	Gary hadn't sounded like this out in the open oasis.	Gary hadn't sounded like these out in the open oasis.	-145.0	-145.0	-10.3125	-10.3125	False	False	morphology	determiner_noun_agreement	Write a natural, coherent English sentence.
964	19	That fish annoyed this serious alumnus.	That fish annoyed these serious alumnus.	-103.0	-103.0	-10.3125	-10.3125	False	False	morphology	determiner_noun_agreement	Write a natural, coherent English sentence.
965	19	Spotlights worry those standing people.	Spotlights worry that standing people.	-72.5	-72.5	-10.3125	-10.3125	False	False	morphology	determiner_noun_agreement	Write a natural, coherent English sentence.
966	19	Rodney returned to these content alumni.	Rodney returned to this content alumni.	-103.5	-103.0	-10.3125	-10.3125	False	False	morphology	determiner_noun_agreement	Write a natural, coherent English sentence.
967	19	Bruce references this unemployed child.	Bruce references these unemployed child.	-72.5	-72.0	-10.3125	-10.3125	False	False	morphology	determiner_noun_agreement	Write a natural, coherent English sentence.
968	19	Many museums criticize this bad analysis.	Many museums criticize these bad analysis.	-93.0	-93.0	-10.3125	-10.3125	False	False	morphology	determiner_noun_agreement	Write a natural, coherent English sentence.
969	19	Danielle knows that concealed man.	Danielle knows those concealed man.	-83.0	-83.0	-10.375	-10.375	False	False	morphology	determiner_noun_agreement	Write a natural, coherent English sentence.
970	19	Katherine sells that smooth oasis.	Katherine sells those smooth oasis.	-93.0	-93.0	-10.375	-10.3125	False	False	morphology	determiner_noun_agreement	Write a natural, coherent English sentence.
971	19	Meredith hadn't scared these clever people.	Meredith hadn't scared this clever people.	-113.5	-114.0	-10.3125	-10.375	True	True	morphology	determiner_noun_agreement	Write a natural, coherent English sentence.
972	19	Walter biked to these gray oases.	Walter biked to this gray oases.	-104.0	-104.0	-10.375	-10.375	False	False	morphology	determiner_noun_agreement	Write a natural, coherent English sentence.
973	19	Phillip has investigated this unemployed man.	Phillip has investigated these unemployed man.	-93.0	-93.0	-10.3125	-10.3125	False	False	morphology	determiner_noun_agreement	Write a natural, coherent English sentence.
974	19	Alice knows that ill woman.	Alice knows those ill woman.	-62.0	-62.25	-10.375	-10.375	True	False	morphology	determiner_noun_agreement	Write a natural, coherent English sentence.
975	19	Daniel bothered that unemployed alumnus.	Daniel bothered those unemployed alumnus.	-92.5	-93.0	-10.3125	-10.3125	True	False	morphology	determiner_noun_agreement	Write a natural, coherent English sentence.
976	19	Some children notice this black thesis.	Some children notice these black thesis.	-72.5	-72.5	-10.375	-10.375	False	False	morphology	determiner_noun_agreement	Write a natural, coherent English sentence.
977	19	George has alarmed these unemployed children.	George has alarmed this unemployed children.	-93.0	-93.0	-10.3125	-10.3125	False	False	morphology	determiner_noun_agreement	Write a natural, coherent English sentence.
978	19	Sarah won't drive to this concealed oasis.	Sarah won't drive to these concealed oasis.	-124.0	-124.0	-10.3125	-10.3125	False	False	morphology	determiner_noun_agreement	Write a natural, coherent English sentence.
979	19	Grace arrived at those small oases.	Grace arrived at that small oases.	-83.0	-82.5	-10.375	-10.3125	False	False	morphology	determiner_noun_agreement	Write a natural, coherent English sentence.
980	19	David kisses that lucky man.	David kisses those lucky man.	-72.5	-72.0	-10.3125	-10.3125	False	False	morphology	determiner_noun_agreement	Write a natural, coherent English sentence.
981	19	Laura isn't lifting this smooth axis.	Laura isn't lifting these smooth axis.	-93.0	-93.0	-10.375	-10.375	False	False	morphology	determiner_noun_agreement	Write a natural, coherent English sentence.
982	19	Mark embarrassed these confident children.	Mark embarrassed this confident children.	-62.25	-62.0	-10.375	-10.375	False	False	morphology	determiner_noun_agreement	Write a natural, coherent English sentence.
983	19	Patients bothers this employed man.	Patients bothers these employed man.	-82.5	-82.5	-10.3125	-10.3125	False	False	morphology	determiner_noun_agreement	Write a natural, coherent English sentence.
984	19	Christopher has criticized this bad synopsis.	Christopher has criticized these bad synopsis.	-93.0	-93.0	-10.3125	-10.3125	False	False	morphology	determiner_noun_agreement	Write a natural, coherent English sentence.
985	19	Todd hadn't gone to this cheap oasis.	Todd hadn't gone to these cheap oasis.	-113.5	-113.5	-10.3125	-10.3125	False	False	morphology	determiner_noun_agreement	Write a natural, coherent English sentence.
986	19	Becca does investigate this lucky alumnus.	Becca does investigate these lucky alumnus.	-103.5	-103.5	-10.3125	-10.3125	False	False	morphology	determiner_noun_agreement	Write a natural, coherent English sentence.
987	19	Sabrina visits those fast women.	Sabrina visits that fast women.	-83.0	-83.0	-10.375	-10.375	False	False	morphology	determiner_noun_agreement	Write a natural, coherent English sentence.
988	19	Janet knew those unconvinced children.	Janet knew that unconvinced children.	-103.5	-103.5	-10.375	-10.3125	False	False	morphology	determiner_noun_agreement	Write a natural, coherent English sentence.
989	19	Christine hated this young man.	Christine hated these young man.	-72.5	-72.5	-10.375	-10.375	False	False	morphology	determiner_noun_agreement	Write a natural, coherent English sentence.
990	19	Chad hadn't complained about these big oases.	Chad hadn't complained about this big oases.	-124.0	-124.0	-10.3125	-10.3125	False	False	morphology	determiner_noun_agreement	Write a natural, coherent English sentence.
991	19	Many bikes stun that nice man.	Many bikes stun those nice man.	-93.5	-93.5	-10.375	-10.375	False	False	morphology	determiner_noun_agreement	Write a natural, coherent English sentence.
992	19	William hasn't investigated these fast men.	William hasn't investigated this fast men.	-93.0	-93.0	-10.375	-10.375	False	False	morphology	determiner_noun_agreement	Write a natural, coherent English sentence.
993	19	Kristin couldn't research these smooth oases.	Kristin couldn't research this smooth oases.	-114.0	-114.0	-10.375	-10.3125	False	False	morphology	determiner_noun_agreement	Write a natural, coherent English sentence.
994	19	Travis arrives at these old oases.	Travis arrives at this old oases.	-93.0	-93.0	-10.3125	-10.375	False	True	morphology	determiner_noun_agreement	Write a natural, coherent English sentence.
995	19	Many boys drive to this yellow oasis.	Many boys drive to these yellow oasis.	-93.0	-93.0	-10.3125	-10.3125	False	False	morphology	determiner_noun_agreement	Write a natural, coherent English sentence.
996	19	Danielle won't heal those unlucky people.	Danielle won't heal that unlucky people.	-124.0	-124.0	-10.3125	-10.3125	False	False	morphology	determiner_noun_agreement	Write a natural, coherent English sentence.
997	19	Sabrina wouldn't go to that new oasis.	Sabrina wouldn't go to those new oasis.	-134.0	-134.0	-10.3125	-10.3125	False	False	morphology	determiner_noun_agreement	Write a natural, coherent English sentence.
998	19	This movie theater annoys these lucky alumni.	This movie theater annoys this lucky alumni.	-124.0	-124.0	-10.3125	-10.3125	False	False	morphology	determiner_noun_agreement	Write a natural, coherent English sentence.
999	19	Stacy doesn't appreciate that out in the open woman.	Stacy doesn't appreciate those out in the open woman.	-134.0	-134.0	-10.3125	-10.3125	False	False	morphology	determiner_noun_agreement	Write a natural, coherent English sentence.
0	20	Alexander didn't walk through that new oasis.	Alexander didn't walk through those new oasis.	-113.0	-113.0	-10.25	-10.3125	False	True	morphology	determiner_noun_agreement	Write a natural, coherent English sentence.
1	20	This hair irritates these old alumni.	This hair irritates this old alumni.	-103.0	-103.0	-10.3125	-10.3125	False	False	morphology	determiner_noun_agreement	Write a natural, coherent English sentence.
2	20	Winston Churchill was escaping from this serious person.	Winston Churchill was escaping from these serious person.	-123.5	-123.5	-10.3125	-10.3125	False	False	morphology	determiner_noun_agreement	Write a natural, coherent English sentence.
3	20	Anna walks through these purple oases.	Anna walks through this purple oases.	-82.5	-82.5	-10.3125	-10.3125	False	False	morphology	determiner_noun_agreement	Write a natural, coherent English sentence.
4	20	Alicia sounded like this good analysis.	Alicia sounded like these good analysis.	-93.0	-93.0	-10.3125	-10.3125	False	False	morphology	determiner_noun_agreement	Write a natural, coherent English sentence.
5	20	Jeffrey might complain about this gray thesis.	Jeffrey might complain about these gray thesis.	-92.5	-92.5	-10.25	-10.25	False	False	morphology	determiner_noun_agreement	Write a natural, coherent English sentence.
6	20	Meredith approaches these concealed women.	Meredith approaches this concealed women.	-93.0	-93.0	-10.375	-10.3125	False	False	morphology	determiner_noun_agreement	Write a natural, coherent English sentence.
7	20	Julia questioned those small children.	Julia questioned that small children.	-62.5	-62.25	-10.375	-10.375	False	False	morphology	determiner_noun_agreement	Write a natural, coherent English sentence.
8	20	That adult has brought that purple octopus.	That adult has brought those purple octopus.	-103.0	-103.0	-10.3125	-10.3125	False	False	morphology	determiner_noun_agreement	Write a natural, coherent English sentence.
9	20	The people hug this displeased woman.	The people hug these displeased woman.	-93.0	-93.0	-10.3125	-10.3125	False	False	morphology	determiner_noun_agreement	Write a natural, coherent English sentence.
10	20	That beef did bore these displeased people.	That beef did bore this displeased people.	-103.5	-103.5	-10.375	-10.375	False	False	morphology	determiner_noun_agreement	Write a natural, coherent English sentence.
11	20	These libraries talk about these long synopses.	These libraries talk about this long synopses.	-103.0	-103.0	-10.3125	-10.3125	False	False	morphology	determiner_noun_agreement	Write a natural, coherent English sentence.
12	20	Lori wasn't hiring those delighted men.	Lori wasn't hiring that delighted men.	-104.0	-104.0	-10.375	-10.375	False	False	morphology	determiner_noun_agreement	Write a natural, coherent English sentence.
13	20	The teachers are running around this concealed oasis.	The teachers are running around these concealed oasis.	-113.5	-113.5	-10.3125	-10.3125	False	False	morphology	determiner_noun_agreement	Write a natural, coherent English sentence.
14	20	Those bananas embarrass these delighted people.	Those bananas embarrass this delighted people.	-82.5	-82.5	-10.3125	-10.3125	False	False	morphology	determiner_noun_agreement	Write a natural, coherent English sentence.
15	20	Mitchell brought those green oases.	Mitchell brought that green oases.	-72.5	-72.5	-10.3125	-10.3125	False	False	morphology	determiner_noun_agreement	Write a natural, coherent English sentence.
16	20	The actresses complain about this rough thesis.	The actresses complain about these rough thesis.	-93.0	-93.0	-10.3125	-10.3125	False	False	morphology	determiner_noun_agreement	Write a natural, coherent English sentence.
17	20	Russell investigates these fast women.	Russell investigates this fast women.	-72.5	-72.5	-10.3125	-10.3125	False	False	morphology	determiner_noun_agreement	Write a natural, coherent English sentence.
18	20	Irene praised those bad synopses.	Irene praised that bad synopses.	-93.0	-93.5	-10.375	-10.375	True	False	morphology	determiner_noun_agreement	Write a natural, coherent English sentence.
19	20	Denise did confuse that important woman.	Denise did confuse those important woman.	-92.5	-93.0	-10.3125	-10.3125	True	False	morphology	determiner_noun_agreement	Write a natural, coherent English sentence.
20	20	Some patients dislike those nice women.	Some patients dislike that nice women.	-82.5	-82.5	-10.3125	-10.3125	False	False	morphology	determiner_noun_agreement	Write a natural, coherent English sentence.
21	20	Amelia wasn't observing this hopeful man.	Amelia wasn't observing these hopeful man.	-123.5	-123.5	-10.3125	-10.3125	False	False	morphology	determiner_noun_agreement	Write a natural, coherent English sentence.
22	20	Grace is hugging these popular women.	Grace is hugging this popular women.	-82.0	-82.0	-10.25	-10.25	False	False	morphology	determiner_noun_agreement	Write a natural, coherent English sentence.
23	20	Julia might describe this long synopsis.	Julia might describe these long synopsis.	-83.0	-83.0	-10.375	-10.375	False	False	morphology	determiner_noun_agreement	Write a natural, coherent English sentence.
24	20	Many pedestrians do return to these happy men.	Many pedestrians do return to this happy men.	-114.0	-114.0	-10.3125	-10.3125	False	False	morphology	determiner_noun_agreement	Write a natural, coherent English sentence.
25	20	Laura noticed that determined man.	Laura noticed those determined man.	-62.0	-62.25	-10.3125	-10.375	True	True	morphology	determiner_noun_agreement	Write a natural, coherent English sentence.
26	20	Julie would pass those red oases.	Julie would pass that red oases.	-83.0	-83.0	-10.375	-10.375	False	False	morphology	determiner_noun_agreement	Write a natural, coherent English sentence.
27	20	These doctors boast about this out in the open child.	These doctors boast about these out in the open child.	-123.5	-123.5	-10.3125	-10.3125	False	False	morphology	determiner_noun_agreement	Write a natural, coherent English sentence.
28	20	Stephen isn't revealing this brown nucleus.	Stephen isn't revealing these brown nucleus.	-103.5	-103.5	-10.375	-10.375	False	False	morphology	determiner_noun_agreement	Write a natural, coherent English sentence.
29	20	Travel stuns that sick child.	Travel stuns those sick child.	-73.0	-73.0	-10.375	-10.375	False	False	morphology	determiner_noun_agreement	Write a natural, coherent English sentence.
30	20	Amelia healed that unemployed woman.	Amelia healed those unemployed woman.	-93.0	-93.0	-10.3125	-10.3125	False	False	morphology	determiner_noun_agreement	Write a natural, coherent English sentence.
31	20	Noah attacks that ill child.	Noah attacks those ill child.	-62.0	-62.0	-10.375	-10.375	False	False	morphology	determiner_noun_agreement	Write a natural, coherent English sentence.
32	20	Randolf buys those gray fungi.	Randolf buys that gray fungi.	-93.0	-93.0	-10.375	-10.375	False	False	morphology	determiner_noun_agreement	Write a natural, coherent English sentence.
33	20	Some pedestrians disagreed with this big woman.	Some pedestrians disagreed with these big woman.	-113.5	-113.5	-10.3125	-10.3125	False	False	morphology	determiner_noun_agreement	Write a natural, coherent English sentence.
34	20	Adam might sound like these determined children.	Adam might sound like this determined children.	-83.0	-83.0	-10.375	-10.375	False	False	morphology	determiner_noun_agreement	Write a natural, coherent English sentence.
35	20	Bill has stunned this confident man.	Bill has stunned these confident man.	-83.0	-83.0	-10.375	-10.375	False	False	morphology	determiner_noun_agreement	Write a natural, coherent English sentence.
36	20	Rhonda should see these blue oases.	Rhonda should see this blue oases.	-93.0	-93.0	-10.3125	-10.3125	False	False	morphology	determiner_noun_agreement	Write a natural, coherent English sentence.
37	20	Stephen cares for that out in the open alumnus.	Stephen cares for those out in the open alumnus.	-124.0	-124.0	-10.3125	-10.3125	False	False	morphology	determiner_noun_agreement	Write a natural, coherent English sentence.
38	20	Cheryl has bought this green oasis.	Cheryl has bought these green oasis.	-92.5	-92.5	-10.3125	-10.3125	False	False	morphology	determiner_noun_agreement	Write a natural, coherent English sentence.
39	20	Every door annoyed this lucky child.	Every door annoyed these lucky child.	-82.5	-82.5	-10.3125	-10.3125	False	False	morphology	determiner_noun_agreement	Write a natural, coherent English sentence.
40	20	Gerald cures that unlucky child.	Gerald cures those unlucky child.	-103.0	-103.0	-10.3125	-10.25	False	False	morphology	determiner_noun_agreement	Write a natural, coherent English sentence.
41	20	Eyes weren't worrying this troubled child.	Eyes weren't worrying these troubled child.	-114.0	-114.0	-10.375	-10.3125	False	False	morphology	determiner_noun_agreement	Write a natural, coherent English sentence.
42	20	Michael isn't referencing this long synopsis.	Michael isn't referencing these long synopsis.	-113.5	-113.5	-10.3125	-10.3125	False	False	morphology	determiner_noun_agreement	Write a natural, coherent English sentence.
43	20	Robert insults this serious man.	Robert insults these serious man.	-72.5	-72.5	-10.3125	-10.375	False	True	morphology	determiner_noun_agreement	Write a natural, coherent English sentence.
44	20	Waitresses describe that smart alumnus.	Waitresses describe those smart alumnus.	-102.5	-103.0	-10.25	-10.3125	True	True	morphology	determiner_noun_agreement	Write a natural, coherent English sentence.
45	20	Dan doesn't respect this unemployed alumnus.	Dan doesn't respect these unemployed alumnus.	-123.5	-123.5	-10.3125	-10.3125	False	False	morphology	determiner_noun_agreement	Write a natural, coherent English sentence.
46	20	Eric has upset those scared people.	Eric has upset that scared people.	-72.5	-72.5	-10.375	-10.375	False	False	morphology	determiner_noun_agreement	Write a natural, coherent English sentence.
47	20	Sabrina was biking to this exposed oasis.	Sabrina was biking to these exposed oasis.	-123.5	-123.5	-10.3125	-10.3125	False	False	morphology	determiner_noun_agreement	Write a natural, coherent English sentence.
48	20	Edward can't think about these exposed mice.	Edward can't think about this exposed mice.	-113.5	-113.5	-10.3125	-10.3125	False	False	morphology	determiner_noun_agreement	Write a natural, coherent English sentence.
49	20	Phillip listened to this standing alumnus.	Phillip listened to these standing alumnus.	-103.0	-103.0	-10.3125	-10.3125	False	False	morphology	determiner_noun_agreement	Write a natural, coherent English sentence.
50	20	Those men skate around this small oasis.	Those men skate around these small oasis.	-103.0	-103.0	-10.3125	-10.3125	False	False	morphology	determiner_noun_agreement	Write a natural, coherent English sentence.
51	20	Rhonda could think about those content children.	Rhonda could think about that content children.	-93.0	-93.0	-10.3125	-10.3125	False	False	morphology	determiner_noun_agreement	Write a natural, coherent English sentence.
52	20	Melissa had remembered that unsure person.	Melissa had remembered those unsure person.	-92.5	-93.0	-10.3125	-10.3125	True	False	morphology	determiner_noun_agreement	Write a natural, coherent English sentence.
53	20	The students talk about this upset person.	The students talk about these upset person.	-82.5	-82.5	-10.3125	-10.3125	False	False	morphology	determiner_noun_agreement	Write a natural, coherent English sentence.
54	20	Leslie insults those upset alumni.	Leslie insults that upset alumni.	-102.5	-102.5	-10.25	-10.25	False	False	morphology	determiner_noun_agreement	Write a natural, coherent English sentence.
55	20	Hats distract this ill man.	Hats distract these ill man.	-72.5	-72.5	-10.375	-10.375	False	False	morphology	determiner_noun_agreement	Write a natural, coherent English sentence.
56	20	Dawn sounded like this determined child.	Dawn sounded like these determined child.	-82.5	-82.5	-10.3125	-10.3125	False	False	morphology	determiner_noun_agreement	Write a natural, coherent English sentence.
57	20	Carl had run around that brown oasis.	Carl had run around those brown oasis.	-93.0	-92.5	-10.3125	-10.3125	False	False	morphology	determiner_noun_agreement	Write a natural, coherent English sentence.
58	20	Anna criticizes these concealed children.	Anna criticizes this concealed children.	-83.0	-83.0	-10.375	-10.375	False	False	morphology	determiner_noun_agreement	Write a natural, coherent English sentence.
59	20	The waiter might criticize that unemployed man.	The waiter might criticize those unemployed man.	-113.0	-113.5	-10.3125	-10.3125	True	False	morphology	determiner_noun_agreement	Write a natural, coherent English sentence.
60	20	Tracy was investigating this troubled alumnus.	Tracy was investigating these troubled alumnus.	-123.5	-123.5	-10.25	-10.25	False	False	morphology	determiner_noun_agreement	Write a natural, coherent English sentence.
61	20	These newspaper articles astound this clever child.	These newspaper articles astound these clever child.	-92.5	-92.5	-10.3125	-10.3125	False	False	morphology	determiner_noun_agreement	Write a natural, coherent English sentence.
62	20	Dana hadn't attacked this small man.	Dana hadn't attacked these small man.	-103.5	-103.5	-10.375	-10.375	False	False	morphology	determiner_noun_agreement	Write a natural, coherent English sentence.
63	20	Curtis wasn't breaking those hard teeth.	Curtis wasn't breaking that hard teeth.	-103.0	-103.0	-10.3125	-10.3125	False	False	morphology	determiner_noun_agreement	Write a natural, coherent English sentence.
64	20	All customers attack this employed alumnus.	All customers attack these employed alumnus.	-93.0	-93.0	-10.3125	-10.3125	False	False	morphology	determiner_noun_agreement	Write a natural, coherent English sentence.
65	20	Most ladies go to those purple oases.	Most ladies go to that purple oases.	-93.5	-93.5	-10.375	-10.375	False	False	morphology	determiner_noun_agreement	Write a natural, coherent English sentence.
66	20	A dancer tours that blue oasis.	A dancer tours those blue oasis.	-93.0	-93.0	-10.3125	-10.375	False	True	morphology	determiner_noun_agreement	Write a natural, coherent English sentence.
67	20	Steven irritated this unconvinced woman.	Steven irritated these unconvinced woman.	-103.0	-103.0	-10.3125	-10.3125	False	False	morphology	determiner_noun_agreement	Write a natural, coherent English sentence.
68	20	Tara wasn't helping that sick man.	Tara wasn't helping those sick man.	-103.5	-103.5	-10.3125	-10.3125	False	False	morphology	determiner_noun_agreement	Write a natural, coherent English sentence.
69	20	The dancers aren't cleaning that smooth fungus.	The dancers aren't cleaning those smooth fungus.	-135.0	-134.0	-10.375	-10.3125	False	False	morphology	determiner_noun_agreement	Write a natural, coherent English sentence.
70	20	Melissa had talked about these white theses.	Melissa had talked about this white theses.	-102.5	-103.0	-10.25	-10.25	True	False	morphology	determiner_noun_agreement	Write a natural, coherent English sentence.
71	20	The man isn't watching those upset men.	The man isn't watching that upset men.	-103.5	-103.5	-10.375	-10.375	False	False	morphology	determiner_noun_agreement	Write a natural, coherent English sentence.
72	20	Sabrina won't worry this out in the open person.	Sabrina won't worry these out in the open person.	-145.0	-145.0	-10.375	-10.375	False	False	morphology	determiner_noun_agreement	Write a natural, coherent English sentence.
73	20	Every bird embarrassed these unemployed men.	Every bird embarrassed this unemployed men.	-82.5	-82.0	-10.3125	-10.25	False	False	morphology	determiner_noun_agreement	Write a natural, coherent English sentence.
74	20	The Borgias drive to that small oasis.	The Borgias drive to those small oasis.	-113.5	-113.5	-10.3125	-10.3125	False	False	morphology	determiner_noun_agreement	Write a natural, coherent English sentence.
75	20	Bradley likes these brown fungi.	Bradley likes this brown fungi.	-82.0	-82.0	-10.25	-10.25	False	False	morphology	determiner_noun_agreement	Write a natural, coherent English sentence.
76	20	Most guys go to that black oasis.	Most guys go to those black oasis.	-93.0	-93.0	-10.3125	-10.3125	False	False	morphology	determiner_noun_agreement	Write a natural, coherent English sentence.
77	20	A pedestrian hadn't approached these hopeful women.	A pedestrian hadn't approached this hopeful women.	-123.5	-123.5	-10.3125	-10.3125	False	False	morphology	determiner_noun_agreement	Write a natural, coherent English sentence.
78	20	Some senators aren't healing this unemployed alumnus.	Some senators aren't healing these unemployed alumnus.	-144.0	-144.0	-10.3125	-10.3125	False	False	morphology	determiner_noun_agreement	Write a natural, coherent English sentence.
79	20	That cart wasn't stunning these exposed men.	That cart wasn't stunning this exposed men.	-104.0	-104.0	-10.375	-10.375	False	False	morphology	determiner_noun_agreement	Write a natural, coherent English sentence.
80	20	Joel can think about this smart man.	Joel can think about these smart man.	-83.0	-82.5	-10.375	-10.3125	False	False	morphology	determiner_noun_agreement	Write a natural, coherent English sentence.
81	20	Those prints disgust those good people.	Those prints disgust that good people.	-72.0	-72.5	-10.3125	-10.3125	True	False	morphology	determiner_noun_agreement	Write a natural, coherent English sentence.
82	20	Beverly hadn't passed these yellow oases.	Beverly hadn't passed this yellow oases.	-113.5	-113.5	-10.3125	-10.3125	False	False	morphology	determiner_noun_agreement	Write a natural, coherent English sentence.
83	20	A lot of prints irritate this unconvinced woman.	A lot of prints irritate these unconvinced woman.	-134.0	-134.0	-10.3125	-10.3125	False	False	morphology	determiner_noun_agreement	Write a natural, coherent English sentence.
84	20	Many customers hire those standing alumni.	Many customers hire that standing alumni.	-93.0	-93.0	-10.3125	-10.3125	False	False	morphology	determiner_noun_agreement	Write a natural, coherent English sentence.
85	20	Some rug isn't irritating that nice woman.	Some rug isn't irritating those nice woman.	-114.0	-114.0	-10.3125	-10.3125	False	False	morphology	determiner_noun_agreement	Write a natural, coherent English sentence.
86	20	Jill embarrassed those busy men.	Jill embarrassed that busy men.	-72.5	-72.5	-10.375	-10.375	False	False	morphology	determiner_noun_agreement	Write a natural, coherent English sentence.
87	20	Most sketches could hurt this uncertain person.	Most sketches could hurt these uncertain person.	-103.5	-103.5	-10.3125	-10.375	False	True	morphology	determiner_noun_agreement	Write a natural, coherent English sentence.
88	20	Patricia lifted those purple feet.	Patricia lifted that purple feet.	-82.0	-82.5	-10.25	-10.3125	True	True	morphology	determiner_noun_agreement	Write a natural, coherent English sentence.
89	20	The girls sell this hard fungus.	The girls sell these hard fungus.	-93.0	-93.0	-10.3125	-10.3125	False	False	morphology	determiner_noun_agreement	Write a natural, coherent English sentence.
90	20	Nicole has seen this yellow cactus.	Nicole has seen these yellow cactus.	-92.5	-92.5	-10.3125	-10.3125	False	False	morphology	determiner_noun_agreement	Write a natural, coherent English sentence.
91	20	Sharon could arrive at those big oases.	Sharon could arrive at that big oases.	-103.0	-103.0	-10.3125	-10.3125	False	False	morphology	determiner_noun_agreement	Write a natural, coherent English sentence.
92	20	This cashier can fire that good woman.	This cashier can fire those good woman.	-93.0	-93.0	-10.375	-10.375	False	False	morphology	determiner_noun_agreement	Write a natural, coherent English sentence.
93	20	Raymond left those scared children.	Raymond left that scared children.	-62.0	-62.0	-10.375	-10.375	False	False	morphology	determiner_noun_agreement	Write a natural, coherent English sentence.
94	20	Noah could discuss that clever person.	Noah could discuss those clever person.	-72.5	-72.5	-10.375	-10.375	False	False	morphology	determiner_noun_agreement	Write a natural, coherent English sentence.
95	20	Rachelle knew that concealed woman.	Rachelle knew those concealed woman.	-82.5	-83.0	-10.3125	-10.375	True	True	morphology	determiner_noun_agreement	Write a natural, coherent English sentence.
96	20	Dawn hasn't cured those gray oxen.	Dawn hasn't cured that gray oxen.	-123.5	-123.5	-10.3125	-10.3125	False	False	morphology	determiner_noun_agreement	Write a natural, coherent English sentence.
97	20	The Great Lakes haven't disgusted those out in the open people.	The Great Lakes haven't disgusted that out in the open people.	-165.0	-165.0	-10.3125	-10.3125	False	False	morphology	determiner_noun_agreement	Write a natural, coherent English sentence.
98	20	Wayne doesn't exit those cheap oases.	Wayne doesn't exit that cheap oases.	-103.5	-103.5	-10.375	-10.375	False	False	morphology	determiner_noun_agreement	Write a natural, coherent English sentence.
99	20	These waitresses haven't astounded this fast woman.	These waitresses haven't astounded these fast woman.	-144.0	-144.0	-10.25	-10.25	False	False	morphology	determiner_noun_agreement	Write a natural, coherent English sentence.
100	20	Patrick hasn't lifted this out in the open cactus.	Patrick hasn't lifted these out in the open cactus.	-145.0	-145.0	-10.3125	-10.3125	False	False	morphology	determiner_noun_agreement	Write a natural, coherent English sentence.
101	20	Angela isn't embarrassing those excited children.	Angela isn't embarrassing that excited children.	-103.5	-103.5	-10.375	-10.3125	False	False	morphology	determiner_noun_agreement	Write a natural, coherent English sentence.
102	20	Jennifer hasn't criticized this smart man.	Jennifer hasn't criticized these smart man.	-103.5	-103.5	-10.3125	-10.375	False	True	morphology	determiner_noun_agreement	Write a natural, coherent English sentence.
103	20	April watched this big person.	April watched these big person.	-62.0	-62.25	-10.375	-10.375	True	False	morphology	determiner_noun_agreement	Write a natural, coherent English sentence.
104	20	Candice hadn't bothered that serious alumnus.	Candice hadn't bothered those serious alumnus.	-123.5	-123.5	-10.25	-10.25	False	False	morphology	determiner_noun_agreement	Write a natural, coherent English sentence.
105	20	The Clintons observe those happy women.	The Clintons observe that happy women.	-93.0	-93.0	-10.375	-10.375	False	False	morphology	determiner_noun_agreement	Write a natural, coherent English sentence.
106	20	The Clintons observe this excited man.	The Clintons observe these excited man.	-93.0	-93.0	-10.3125	-10.375	False	True	morphology	determiner_noun_agreement	Write a natural, coherent English sentence.
107	20	Associations were listening to that unlucky child.	Associations were listening to those unlucky child.	-113.5	-113.0	-10.3125	-10.3125	False	False	morphology	determiner_noun_agreement	Write a natural, coherent English sentence.
108	20	Those committees discussed that busy woman.	Those committees discussed those busy woman.	-93.0	-93.0	-10.3125	-10.3125	False	False	morphology	determiner_noun_agreement	Write a natural, coherent English sentence.
109	20	Debra isn't discussing that good analysis.	Debra isn't discussing those good analysis.	-103.5	-103.5	-10.375	-10.375	False	False	morphology	determiner_noun_agreement	Write a natural, coherent English sentence.
110	20	The drawing distracts this lucky woman.	The drawing distracts these lucky woman.	-82.5	-82.5	-10.3125	-10.3125	False	False	morphology	determiner_noun_agreement	Write a natural, coherent English sentence.
111	20	Holly couldn't dislike this exposed child.	Holly couldn't dislike these exposed child.	-103.5	-103.5	-10.3125	-10.3125	False	False	morphology	determiner_noun_agreement	Write a natural, coherent English sentence.
112	20	Angela examines that good synopsis.	Angela examines those good synopsis.	-82.5	-82.5	-10.3125	-10.3125	False	False	morphology	determiner_noun_agreement	Write a natural, coherent English sentence.
113	20	These skateboards aggravate that lucky woman.	These skateboards aggravate those lucky woman.	-113.5	-113.0	-10.3125	-10.3125	False	False	morphology	determiner_noun_agreement	Write a natural, coherent English sentence.
114	20	Some play alarms those small women.	Some play alarms that small women.	-83.0	-83.0	-10.375	-10.375	False	False	morphology	determiner_noun_agreement	Write a natural, coherent English sentence.
115	20	Students investigate these nice men.	Students investigate this nice men.	-62.0	-62.0	-10.375	-10.375	False	False	morphology	determiner_noun_agreement	Write a natural, coherent English sentence.
116	20	Tanya wasn't shocking that busy child.	Tanya wasn't shocking those busy child.	-113.5	-113.5	-10.3125	-10.3125	False	False	morphology	determiner_noun_agreement	Write a natural, coherent English sentence.
117	20	Brett has boasted about this nice person.	Brett has boasted about these nice person.	-103.0	-103.0	-10.3125	-10.3125	False	False	morphology	determiner_noun_agreement	Write a natural, coherent English sentence.
118	20	Jennifer described that hidden woman.	Jennifer described those hidden woman.	-62.5	-62.5	-10.4375	-10.375	False	False	morphology	determiner_noun_agreement	Write a natural, coherent English sentence.
119	20	Winston Churchill passed these red oases.	Winston Churchill passed this red oases.	-103.0	-103.0	-10.3125	-10.3125	False	False	morphology	determiner_noun_agreement	Write a natural, coherent English sentence.
120	20	Some mirror could scare this nice woman.	Some mirror could scare these nice woman.	-93.0	-93.0	-10.3125	-10.375	False	True	morphology	determiner_noun_agreement	Write a natural, coherent English sentence.
121	20	Caroline hadn't fired that scared alumnus.	Caroline hadn't fired those scared alumnus.	-113.5	-113.5	-10.3125	-10.3125	False	False	morphology	determiner_noun_agreement	Write a natural, coherent English sentence.
122	20	Edward wasn't referencing that displeased woman.	Edward wasn't referencing those displeased woman.	-124.0	-124.0	-10.3125	-10.3125	False	False	morphology	determiner_noun_agreement	Write a natural, coherent English sentence.
123	20	Many teachers clean these cheap teeth.	Many teachers clean this cheap teeth.	-72.5	-72.5	-10.3125	-10.3125	False	False	morphology	determiner_noun_agreement	Write a natural, coherent English sentence.
124	20	Wayne might remember these new oases.	Wayne might remember this new oases.	-83.0	-83.0	-10.375	-10.375	False	False	morphology	determiner_noun_agreement	Write a natural, coherent English sentence.
125	20	Some high school alarms this determined man.	Some high school alarms these determined man.	-92.5	-93.0	-10.3125	-10.3125	True	False	morphology	determiner_noun_agreement	Write a natural, coherent English sentence.
126	20	Vincent had returned to these out in the open oases.	Vincent had returned to this out in the open oases.	-123.5	-123.5	-10.3125	-10.3125	False	False	morphology	determiner_noun_agreement	Write a natural, coherent English sentence.
127	20	Marla hired this standing child.	Marla hired these standing child.	-72.5	-72.5	-10.375	-10.375	False	False	morphology	determiner_noun_agreement	Write a natural, coherent English sentence.
128	20	Some cucumber has upset those ill men.	Some cucumber has upset that ill men.	-103.0	-103.0	-10.3125	-10.3125	False	False	morphology	determiner_noun_agreement	Write a natural, coherent English sentence.
129	20	Russell hasn't kissed this content man.	Russell hasn't kissed these content man.	-93.0	-93.0	-10.375	-10.375	False	False	morphology	determiner_noun_agreement	Write a natural, coherent English sentence.
130	20	Guy has left this determined man.	Guy has left these determined man.	-72.5	-72.5	-10.3125	-10.3125	False	False	morphology	determiner_noun_agreement	Write a natural, coherent English sentence.
131	20	The Lutherans listen to these employed women.	The Lutherans listen to this employed women.	-93.0	-93.0	-10.3125	-10.3125	False	False	morphology	determiner_noun_agreement	Write a natural, coherent English sentence.
132	20	Candice disliked these bad analyses.	Candice disliked this bad analyses.	-103.0	-103.0	-10.25	-10.3125	False	True	morphology	determiner_noun_agreement	Write a natural, coherent English sentence.
133	20	Many women heal these lost geese.	Many women heal this lost geese.	-82.5	-82.5	-10.3125	-10.3125	False	False	morphology	determiner_noun_agreement	Write a natural, coherent English sentence.
134	20	Wayne has remembered these smart people.	Wayne has remembered this smart people.	-73.0	-72.5	-10.375	-10.375	False	False	morphology	determiner_noun_agreement	Write a natural, coherent English sentence.
135	20	This teenager had dropped by these white oases.	This teenager had dropped by this white oases.	-103.0	-103.0	-10.3125	-10.3125	False	False	morphology	determiner_noun_agreement	Write a natural, coherent English sentence.
136	20	Eva has exited those smooth oases.	Eva has exited that smooth oases.	-93.0	-93.0	-10.375	-10.3125	False	False	morphology	determiner_noun_agreement	Write a natural, coherent English sentence.
137	20	Cheryl wouldn't aggravate that bad person.	Cheryl wouldn't aggravate those bad person.	-124.0	-123.5	-10.3125	-10.3125	False	False	morphology	determiner_noun_agreement	Write a natural, coherent English sentence.
138	20	Katherine hadn't shocked those young children.	Katherine hadn't shocked that young children.	-103.5	-103.5	-10.375	-10.375	False	False	morphology	determiner_noun_agreement	Write a natural, coherent English sentence.
139	20	The student loves these troubled people.	The student loves this troubled people.	-82.5	-82.5	-10.3125	-10.3125	False	False	morphology	determiner_noun_agreement	Write a natural, coherent English sentence.
140	20	Tracy cared for those smart alumni.	Tracy cared for that smart alumni.	-103.5	-103.5	-10.3125	-10.3125	False	False	morphology	determiner_noun_agreement	Write a natural, coherent English sentence.
141	20	Guys return to these small oases.	Guys return to this small oases.	-93.0	-93.0	-10.3125	-10.3125	False	False	morphology	determiner_noun_agreement	Write a natural, coherent English sentence.
142	20	Marcus won't bike to this white oasis.	Marcus won't bike to these white oasis.	-113.5	-113.5	-10.3125	-10.3125	False	False	morphology	determiner_noun_agreement	Write a natural, coherent English sentence.
143	20	Eggplants impressed these unconvinced alumni.	Eggplants impressed this unconvinced alumni.	-145.0	-144.0	-10.3125	-10.3125	False	False	morphology	determiner_noun_agreement	Write a natural, coherent English sentence.
144	20	A turtle has bored those troubled children.	A turtle has bored that troubled children.	-113.5	-113.5	-10.3125	-10.3125	False	False	morphology	determiner_noun_agreement	Write a natural, coherent English sentence.
145	20	The adults were taking those old teeth.	The adults were taking that old teeth.	-82.5	-82.5	-10.3125	-10.3125	False	False	morphology	determiner_noun_agreement	Write a natural, coherent English sentence.
146	20	Alan wasn't returning to those blue oases.	Alan wasn't returning to that blue oases.	-113.5	-113.5	-10.3125	-10.3125	False	False	morphology	determiner_noun_agreement	Write a natural, coherent English sentence.
147	20	Theodore had lifted this rough cactus.	Theodore had lifted these rough cactus.	-103.0	-103.0	-10.3125	-10.3125	False	False	morphology	determiner_noun_agreement	Write a natural, coherent English sentence.
148	20	Joel isn't praising those good synopses.	Joel isn't praising that good synopses.	-124.0	-124.0	-10.375	-10.375	False	False	morphology	determiner_noun_agreement	Write a natural, coherent English sentence.
149	20	The pedestrian knows these standing women.	The pedestrian knows this standing women.	-82.5	-82.5	-10.3125	-10.3125	False	False	morphology	determiner_noun_agreement	Write a natural, coherent English sentence.
150	20	Some museums forget that good analysis.	Some museums forget those good analysis.	-82.5	-82.5	-10.3125	-10.3125	False	False	morphology	determiner_noun_agreement	Write a natural, coherent English sentence.
151	20	The Clintons might clean that lost fungus.	The Clintons might clean those lost fungus.	-124.5	-124.0	-10.375	-10.375	False	False	morphology	determiner_noun_agreement	Write a natural, coherent English sentence.
152	20	Mary is bothering these out in the open children.	Mary is bothering this out in the open children.	-113.5	-113.5	-10.3125	-10.3125	False	False	morphology	determiner_noun_agreement	Write a natural, coherent English sentence.
153	20	Many customers sell that lost ox.	Many customers sell those lost ox.	-72.5	-72.5	-10.3125	-10.3125	False	False	morphology	determiner_noun_agreement	Write a natural, coherent English sentence.
154	20	These waitresses praise these troubled men.	These waitresses praise this troubled men.	-102.5	-102.5	-10.25	-10.25	False	False	morphology	determiner_noun_agreement	Write a natural, coherent English sentence.
155	20	Many men didn't admire that nice person.	Many men didn't admire those nice person.	-113.5	-113.5	-10.3125	-10.3125	False	False	morphology	determiner_noun_agreement	Write a natural, coherent English sentence.
156	20	Jesus ran around this exposed oasis.	Jesus ran around these exposed oasis.	-82.5	-82.5	-10.3125	-10.3125	False	False	morphology	determiner_noun_agreement	Write a natural, coherent English sentence.
157	20	Many customers talk about that delighted child.	Many customers talk about those delighted child.	-82.5	-82.5	-10.3125	-10.3125	False	False	morphology	determiner_noun_agreement	Write a natural, coherent English sentence.
158	20	Drawings had disgusted this small woman.	Drawings had disgusted these small woman.	-93.0	-93.0	-10.3125	-10.3125	False	False	morphology	determiner_noun_agreement	Write a natural, coherent English sentence.
159	20	Colleen did care for that good man.	Colleen did care for those good man.	-93.0	-93.0	-10.3125	-10.3125	False	False	morphology	determiner_noun_agreement	Write a natural, coherent English sentence.
160	20	Marcus admired those exposed geese.	Marcus admired that exposed geese.	-82.5	-83.0	-10.3125	-10.375	True	True	morphology	determiner_noun_agreement	Write a natural, coherent English sentence.
161	20	Randolf has noticed this clean foot.	Randolf has noticed these clean foot.	-83.0	-83.0	-10.375	-10.375	False	False	morphology	determiner_noun_agreement	Write a natural, coherent English sentence.
162	20	Craig could listen to that determined man.	Craig could listen to those determined man.	-83.0	-83.0	-10.375	-10.375	False	False	morphology	determiner_noun_agreement	Write a natural, coherent English sentence.
163	20	Movies stunned this small man.	Movies stunned these small man.	-82.5	-83.0	-10.3125	-10.375	True	True	morphology	determiner_noun_agreement	Write a natural, coherent English sentence.
164	20	Timothy buys this rough ox.	Timothy buys these rough ox.	-82.5	-82.5	-10.3125	-10.3125	False	False	morphology	determiner_noun_agreement	Write a natural, coherent English sentence.
165	20	Some women go to those red oases.	Some women go to that red oases.	-93.0	-93.0	-10.3125	-10.3125	False	False	morphology	determiner_noun_agreement	Write a natural, coherent English sentence.
166	20	Ruth fixed this clean tooth.	Ruth fixed these clean tooth.	-62.25	-62.25	-10.375	-10.375	False	False	morphology	determiner_noun_agreement	Write a natural, coherent English sentence.
167	20	Monica is boring those clever men.	Monica is boring that clever men.	-82.5	-83.0	-10.3125	-10.375	True	True	morphology	determiner_noun_agreement	Write a natural, coherent English sentence.
168	20	Janice knows these hidden alumni.	Janice knows this hidden alumni.	-92.5	-92.5	-10.3125	-10.3125	False	False	morphology	determiner_noun_agreement	Write a natural, coherent English sentence.
169	20	Spain insults this delighted alumnus.	Spain insults these delighted alumnus.	-92.5	-93.0	-10.3125	-10.3125	True	False	morphology	determiner_noun_agreement	Write a natural, coherent English sentence.
170	20	Some planes bore that displeased child.	Some planes bore those displeased child.	-93.0	-93.0	-10.3125	-10.3125	False	False	morphology	determiner_noun_agreement	Write a natural, coherent English sentence.
171	20	Dishes should upset these happy men.	Dishes should upset this happy men.	-83.0	-83.0	-10.375	-10.375	False	False	morphology	determiner_noun_agreement	Write a natural, coherent English sentence.
172	20	That painting looked like these yellow stimuli.	That painting looked like this yellow stimuli.	-93.0	-93.0	-10.3125	-10.3125	False	False	morphology	determiner_noun_agreement	Write a natural, coherent English sentence.
173	20	Amy shocked that content man.	Amy shocked those content man.	-62.5	-62.5	-10.4375	-10.375	False	False	morphology	determiner_noun_agreement	Write a natural, coherent English sentence.
174	20	Melinda hasn't hidden this determined woman.	Melinda hasn't hidden these determined woman.	-103.0	-103.0	-10.3125	-10.3125	False	False	morphology	determiner_noun_agreement	Write a natural, coherent English sentence.
175	20	Caroline did drive to this brown oasis.	Caroline did drive to these brown oasis.	-93.0	-93.0	-10.3125	-10.3125	False	False	morphology	determiner_noun_agreement	Write a natural, coherent English sentence.
176	20	That rice disturbed those smart alumni.	That rice disturbed that smart alumni.	-103.0	-103.0	-10.3125	-10.3125	False	False	morphology	determiner_noun_agreement	Write a natural, coherent English sentence.
177	20	Brian will examine these long analyses.	Brian will examine this long analyses.	-82.5	-82.5	-10.3125	-10.3125	False	False	morphology	determiner_noun_agreement	Write a natural, coherent English sentence.
178	20	Mark dislikes this uncertain child.	Mark dislikes these uncertain child.	-82.5	-82.5	-10.3125	-10.3125	False	False	morphology	determiner_noun_agreement	Write a natural, coherent English sentence.
179	20	Rose was returning to these out in the open children.	Rose was returning to this out in the open children.	-113.5	-113.5	-10.3125	-10.3125	False	False	morphology	determiner_noun_agreement	Write a natural, coherent English sentence.
180	20	The guest has fixed this red tooth.	The guest has fixed these red tooth.	-82.5	-83.0	-10.3125	-10.375	True	True	morphology	determiner_noun_agreement	Write a natural, coherent English sentence.
181	20	Jennifer is breaking this big tooth.	Jennifer is breaking these big tooth.	-72.5	-72.5	-10.3125	-10.375	False	True	morphology	determiner_noun_agreement	Write a natural, coherent English sentence.
182	20	Sabrina isn't referencing these red theses.	Sabrina isn't referencing this red theses.	-134.0	-134.0	-10.3125	-10.3125	False	False	morphology	determiner_noun_agreement	Write a natural, coherent English sentence.
183	20	Valerie hadn't exited that exposed oasis.	Valerie hadn't exited those exposed oasis.	-124.0	-123.5	-10.3125	-10.3125	False	False	morphology	determiner_noun_agreement	Write a natural, coherent English sentence.
184	20	Every restaurant had worried this hidden child.	Every restaurant had worried these hidden child.	-83.0	-83.0	-10.375	-10.375	False	False	morphology	determiner_noun_agreement	Write a natural, coherent English sentence.
185	20	A woman was examining those long synopses.	A woman was examining that long synopses.	-113.5	-113.0	-10.3125	-10.3125	False	False	morphology	determiner_noun_agreement	Write a natural, coherent English sentence.
186	20	All actresses approach that content man.	All actresses approach those content man.	-82.5	-82.5	-10.3125	-10.3125	False	False	morphology	determiner_noun_agreement	Write a natural, coherent English sentence.
187	20	Sarah cleaned those yellow feet.	Sarah cleaned that yellow feet.	-62.0	-62.0	-10.3125	-10.375	False	True	morphology	determiner_noun_agreement	Write a natural, coherent English sentence.
188	20	Margaret tours those black oases.	Margaret tours that black oases.	-72.5	-72.5	-10.375	-10.375	False	False	morphology	determiner_noun_agreement	Write a natural, coherent English sentence.
189	20	Rachel wasn't messing up this clean foot.	Rachel wasn't messing up these clean foot.	-113.5	-113.5	-10.3125	-10.3125	False	False	morphology	determiner_noun_agreement	Write a natural, coherent English sentence.
190	20	The Lutherans go to that old oasis.	The Lutherans go to those old oasis.	-103.0	-103.5	-10.3125	-10.3125	True	False	morphology	determiner_noun_agreement	Write a natural, coherent English sentence.
191	20	The lamps shock those hidden alumni.	The lamps shock that hidden alumni.	-103.5	-103.5	-10.375	-10.375	False	False	morphology	determiner_noun_agreement	Write a natural, coherent English sentence.
192	20	Claire conceals those small stimuli.	Claire conceals that small stimuli.	-83.0	-83.0	-10.375	-10.375	False	False	morphology	determiner_noun_agreement	Write a natural, coherent English sentence.
193	20	Most documentaries annoy that busy person.	Most documentaries annoy those busy person.	-82.5	-82.5	-10.3125	-10.3125	False	False	morphology	determiner_noun_agreement	Write a natural, coherent English sentence.
194	20	Pamela shouldn't return to those exposed men.	Pamela shouldn't return to that exposed men.	-113.5	-113.5	-10.3125	-10.3125	False	False	morphology	determiner_noun_agreement	Write a natural, coherent English sentence.
195	20	That person couldn't arrive at that purple oasis.	That person couldn't arrive at those purple oasis.	-123.5	-123.5	-10.3125	-10.3125	False	False	morphology	determiner_noun_agreement	Write a natural, coherent English sentence.
196	20	Alicia won't admire those big nuclei.	Alicia won't admire that big nuclei.	-134.0	-134.0	-10.3125	-10.3125	False	False	morphology	determiner_noun_agreement	Write a natural, coherent English sentence.
197	20	Curtis arrived at that red oasis.	Curtis arrived at those red oasis.	-92.5	-92.5	-10.3125	-10.3125	False	False	morphology	determiner_noun_agreement	Write a natural, coherent English sentence.
198	20	People investigate that smart man.	People investigate those smart man.	-62.25	-62.25	-10.375	-10.375	False	False	morphology	determiner_noun_agreement	Write a natural, coherent English sentence.
199	20	Some boys hire these content alumni.	Some boys hire this content alumni.	-93.0	-93.0	-10.3125	-10.3125	False	False	morphology	determiner_noun_agreement	Write a natural, coherent English sentence.
200	20	Leslie found these brown feet.	Leslie found this brown feet.	-72.0	-72.0	-10.3125	-10.3125	False	False	morphology	determiner_noun_agreement	Write a natural, coherent English sentence.
201	20	Alexander was firing that displeased woman.	Alexander was firing those displeased woman.	-93.0	-93.0	-10.3125	-10.375	False	True	morphology	determiner_noun_agreement	Write a natural, coherent English sentence.
202	20	Florence hasn't argued about those confident children.	Florence hasn't argued about that confident children.	-103.5	-103.5	-10.375	-10.375	False	False	morphology	determiner_noun_agreement	Write a natural, coherent English sentence.
203	20	That adult hadn't complained about that exposed man.	That adult hadn't complained about those exposed man.	-114.0	-114.0	-10.375	-10.3125	False	False	morphology	determiner_noun_agreement	Write a natural, coherent English sentence.
204	20	Larry works with these scared women.	Larry works with this scared women.	-72.5	-72.5	-10.375	-10.375	False	False	morphology	determiner_noun_agreement	Write a natural, coherent English sentence.
205	20	Kathleen leaves this old child.	Kathleen leaves these old child.	-72.0	-72.0	-10.3125	-10.3125	False	False	morphology	determiner_noun_agreement	Write a natural, coherent English sentence.
206	20	The actresses weren't watching these scared people.	The actresses weren't watching this scared people.	-113.5	-113.5	-10.3125	-10.3125	False	False	morphology	determiner_noun_agreement	Write a natural, coherent English sentence.
207	20	Derek isn't escaping from these blue oases.	Derek isn't escaping from this blue oases.	-134.0	-134.0	-10.3125	-10.3125	False	False	morphology	determiner_noun_agreement	Write a natural, coherent English sentence.
208	20	Naomi isn't talking about that cheap oasis.	Naomi isn't talking about those cheap oasis.	-123.5	-123.5	-10.3125	-10.3125	False	False	morphology	determiner_noun_agreement	Write a natural, coherent English sentence.
209	20	These guests hate these troubled men.	These guests hate this troubled men.	-82.5	-82.5	-10.3125	-10.3125	False	False	morphology	determiner_noun_agreement	Write a natural, coherent English sentence.
210	20	Patricia wasn't hiring those small children.	Patricia wasn't hiring that small children.	-113.0	-113.0	-10.3125	-10.3125	False	False	morphology	determiner_noun_agreement	Write a natural, coherent English sentence.
211	20	All stairs weren't alarming that lucky woman.	All stairs weren't alarming those lucky woman.	-114.0	-113.5	-10.3125	-10.3125	False	False	morphology	determiner_noun_agreement	Write a natural, coherent English sentence.
212	20	Many drivers left that confident alumnus.	Many drivers left those confident alumnus.	-93.0	-93.0	-10.3125	-10.3125	False	False	morphology	determiner_noun_agreement	Write a natural, coherent English sentence.
213	20	Every skirt disgusts these smart children.	Every skirt disgusts this smart children.	-82.5	-82.5	-10.3125	-10.3125	False	False	morphology	determiner_noun_agreement	Write a natural, coherent English sentence.
214	20	Valerie has astounded that lost alumnus.	Valerie has astounded those lost alumnus.	-123.0	-123.5	-10.25	-10.25	True	False	morphology	determiner_noun_agreement	Write a natural, coherent English sentence.
215	20	Sonia should describe this determined child.	Sonia should describe these determined child.	-83.0	-83.0	-10.375	-10.375	False	False	morphology	determiner_noun_agreement	Write a natural, coherent English sentence.
216	20	A lot of lakes weren't disgusting that old person.	A lot of lakes weren't disgusting those old person.	-144.0	-144.0	-10.3125	-10.3125	False	False	morphology	determiner_noun_agreement	Write a natural, coherent English sentence.
217	20	Some pants hadn't aggravated that good woman.	Some pants hadn't aggravated those good woman.	-124.0	-124.0	-10.3125	-10.3125	False	False	morphology	determiner_noun_agreement	Write a natural, coherent English sentence.
218	20	Anne does return to that old woman.	Anne does return to those old woman.	-82.5	-82.5	-10.3125	-10.3125	False	False	morphology	determiner_noun_agreement	Write a natural, coherent English sentence.
219	20	Alan wasn't listening to that delighted person.	Alan wasn't listening to those delighted person.	-103.5	-103.5	-10.375	-10.375	False	False	morphology	determiner_noun_agreement	Write a natural, coherent English sentence.
220	20	Some icicles annoy those serious alumni.	Some icicles annoy that serious alumni.	-103.0	-103.0	-10.3125	-10.3125	False	False	morphology	determiner_noun_agreement	Write a natural, coherent English sentence.
221	20	Many women won't scare those uncertain men.	Many women won't scare that uncertain men.	-114.0	-114.0	-10.375	-10.375	False	False	morphology	determiner_noun_agreement	Write a natural, coherent English sentence.
222	20	Science disgusts this unconvinced alumnus.	Science disgusts these unconvinced alumnus.	-123.0	-123.5	-10.25	-10.25	True	False	morphology	determiner_noun_agreement	Write a natural, coherent English sentence.
223	20	Connie tours these rough oases.	Connie tours this rough oases.	-82.5	-82.5	-10.3125	-10.3125	False	False	morphology	determiner_noun_agreement	Write a natural, coherent English sentence.
224	20	Those banks were talking about this lost thesis.	Those banks were talking about these lost thesis.	-93.0	-93.0	-10.3125	-10.3125	False	False	morphology	determiner_noun_agreement	Write a natural, coherent English sentence.
225	20	Some prints didn't look like this rough louse.	Some prints didn't look like these rough louse.	-124.0	-124.0	-10.3125	-10.375	False	True	morphology	determiner_noun_agreement	Write a natural, coherent English sentence.
226	20	All pedestrians like those rough theses.	All pedestrians like that rough theses.	-103.5	-103.5	-10.3125	-10.3125	False	False	morphology	determiner_noun_agreement	Write a natural, coherent English sentence.
227	20	Douglas saw that black fungus.	Douglas saw those black fungus.	-82.5	-83.0	-10.3125	-10.375	True	True	morphology	determiner_noun_agreement	Write a natural, coherent English sentence.
228	20	Sarah examined that bad analysis.	Sarah examined those bad analysis.	-62.25	-62.25	-10.375	-10.375	False	False	morphology	determiner_noun_agreement	Write a natural, coherent English sentence.
229	20	An actress researches this long thesis.	An actress researches these long thesis.	-103.0	-103.0	-10.3125	-10.3125	False	False	morphology	determiner_noun_agreement	Write a natural, coherent English sentence.
230	20	Those waitresses criticize this hidden child.	Those waitresses criticize these hidden child.	-102.5	-102.5	-10.25	-10.25	False	False	morphology	determiner_noun_agreement	Write a natural, coherent English sentence.
231	20	Most drivers question these upset alumni.	Most drivers question this upset alumni.	-93.0	-93.0	-10.375	-10.3125	False	False	morphology	determiner_noun_agreement	Write a natural, coherent English sentence.
232	20	Phillip isn't working with these small women.	Phillip isn't working with this small women.	-113.5	-113.5	-10.3125	-10.3125	False	False	morphology	determiner_noun_agreement	Write a natural, coherent English sentence.
233	20	Jennifer can't aggravate that unlucky man.	Jennifer can't aggravate those unlucky man.	-134.0	-134.0	-10.3125	-10.3125	False	False	morphology	determiner_noun_agreement	Write a natural, coherent English sentence.
234	20	Essays confuse this good woman.	Essays confuse these good woman.	-83.0	-83.0	-10.375	-10.375	False	False	morphology	determiner_noun_agreement	Write a natural, coherent English sentence.
235	20	Amelia has forgotten those bad analyses.	Amelia has forgotten that bad analyses.	-92.5	-93.0	-10.3125	-10.3125	True	False	morphology	determiner_noun_agreement	Write a natural, coherent English sentence.
236	20	Michael had explored this brown oasis.	Michael had explored these brown oasis.	-82.5	-82.5	-10.3125	-10.3125	False	False	morphology	determiner_noun_agreement	Write a natural, coherent English sentence.
237	20	Natalie can aggravate those smart men.	Natalie can aggravate that smart men.	-103.0	-103.0	-10.3125	-10.3125	False	False	morphology	determiner_noun_agreement	Write a natural, coherent English sentence.
238	20	That patient won't go to these cheap oases.	That patient won't go to this cheap oases.	-124.5	-124.0	-10.375	-10.375	False	False	morphology	determiner_noun_agreement	Write a natural, coherent English sentence.
239	20	Heidi had discovered those black feet.	Heidi had discovered that black feet.	-82.5	-82.5	-10.3125	-10.3125	False	False	morphology	determiner_noun_agreement	Write a natural, coherent English sentence.
240	20	David hadn't watched those determined men.	David hadn't watched that determined men.	-93.0	-93.0	-10.375	-10.375	False	False	morphology	determiner_noun_agreement	Write a natural, coherent English sentence.
241	20	Some teenager couldn't walk through these green oases.	Some teenager couldn't walk through this green oases.	-124.0	-124.0	-10.3125	-10.3125	False	False	morphology	determiner_noun_agreement	Write a natural, coherent English sentence.
242	20	Christina shouldn't sell this hard oasis.	Christina shouldn't sell these hard oasis.	-113.0	-113.0	-10.3125	-10.25	False	False	morphology	determiner_noun_agreement	Write a natural, coherent English sentence.
243	20	Christopher isn't firing those sick men.	Christopher isn't firing that sick men.	-93.5	-93.5	-10.375	-10.375	False	False	morphology	determiner_noun_agreement	Write a natural, coherent English sentence.
244	20	Most students hide that yellow mouse.	Most students hide those yellow mouse.	-72.5	-72.5	-10.375	-10.3125	False	False	morphology	determiner_noun_agreement	Write a natural, coherent English sentence.
245	20	Holly did buy those clean feet.	Holly did buy that clean feet.	-72.5	-72.5	-10.3125	-10.375	False	True	morphology	determiner_noun_agreement	Write a natural, coherent English sentence.
246	20	Many actors clean these brown theses.	Many actors clean this brown theses.	-82.5	-83.0	-10.3125	-10.375	True	True	morphology	determiner_noun_agreement	Write a natural, coherent English sentence.
247	20	Stacy would hide those lost lice.	Stacy would hide that lost lice.	-93.5	-93.5	-10.375	-10.375	False	False	morphology	determiner_noun_agreement	Write a natural, coherent English sentence.
248	20	Alan drove to that new oasis.	Alan drove to those new oasis.	-82.0	-82.0	-10.25	-10.25	False	False	morphology	determiner_noun_agreement	Write a natural, coherent English sentence.
249	20	The Impressionists tour this purple oasis.	The Impressionists tour these purple oasis.	-103.0	-103.0	-10.3125	-10.3125	False	False	morphology	determiner_noun_agreement	Write a natural, coherent English sentence.
250	20	Wayne is talking to this hidden woman.	Wayne is talking to these hidden woman.	-83.0	-83.0	-10.375	-10.375	False	False	morphology	determiner_noun_agreement	Write a natural, coherent English sentence.
251	20	Christopher forgets this happy child.	Christopher forgets these happy child.	-72.0	-72.0	-10.3125	-10.3125	False	False	morphology	determiner_noun_agreement	Write a natural, coherent English sentence.
252	20	Julie can boycott those cheap oases.	Julie can boycott that cheap oases.	-93.0	-93.0	-10.3125	-10.3125	False	False	morphology	determiner_noun_agreement	Write a natural, coherent English sentence.
253	20	Most senators dislike these bad theses.	Most senators dislike this bad theses.	-103.5	-103.5	-10.3125	-10.3125	False	False	morphology	determiner_noun_agreement	Write a natural, coherent English sentence.
254	20	Denise concealed this content person.	Denise concealed these content person.	-82.5	-82.5	-10.3125	-10.3125	False	False	morphology	determiner_noun_agreement	Write a natural, coherent English sentence.
255	20	Some bike shocks these nice women.	Some bike shocks this nice women.	-82.5	-83.0	-10.3125	-10.375	True	True	morphology	determiner_noun_agreement	Write a natural, coherent English sentence.
256	20	These teenagers fix those hidden feet.	These teenagers fix that hidden feet.	-82.0	-82.0	-10.25	-10.25	False	False	morphology	determiner_noun_agreement	Write a natural, coherent English sentence.
257	20	Ella praised that ill woman.	Ella praised those ill woman.	-72.5	-72.5	-10.375	-10.375	False	False	morphology	determiner_noun_agreement	Write a natural, coherent English sentence.
258	20	Current events stun these lost people.	Current events stun this lost people.	-83.0	-83.0	-10.375	-10.375	False	False	morphology	determiner_noun_agreement	Write a natural, coherent English sentence.
259	20	Mary tours this gray oasis.	Mary tours these gray oasis.	-72.5	-72.5	-10.3125	-10.3125	False	False	morphology	determiner_noun_agreement	Write a natural, coherent English sentence.
260	20	Linda visited those unsure men.	Linda visited that unsure men.	-73.0	-72.5	-10.375	-10.375	False	False	morphology	determiner_noun_agreement	Write a natural, coherent English sentence.
261	20	Dan wouldn't boycott that smooth oasis.	Dan wouldn't boycott those smooth oasis.	-113.5	-113.5	-10.3125	-10.3125	False	False	morphology	determiner_noun_agreement	Write a natural, coherent English sentence.
262	20	Those men leave that brown oasis.	Those men leave those brown oasis.	-82.5	-82.5	-10.3125	-10.3125	False	False	morphology	determiner_noun_agreement	Write a natural, coherent English sentence.
263	20	Lissa does pass these black oases.	Lissa does pass this black oases.	-93.0	-93.5	-10.375	-10.375	True	False	morphology	determiner_noun_agreement	Write a natural, coherent English sentence.
264	20	Alice had embarrassed this happy man.	Alice had embarrassed these happy man.	-72.5	-72.5	-10.3125	-10.375	False	True	morphology	determiner_noun_agreement	Write a natural, coherent English sentence.
265	20	Wayne is worrying that hopeful child.	Wayne is worrying those hopeful child.	-82.5	-82.5	-10.3125	-10.3125	False	False	morphology	determiner_noun_agreement	Write a natural, coherent English sentence.
266	20	Lucille is biking to that green oasis.	Lucille is biking to those green oasis.	-113.5	-113.5	-10.3125	-10.3125	False	False	morphology	determiner_noun_agreement	Write a natural, coherent English sentence.
267	20	Katherine hadn't skated around this white oasis.	Katherine hadn't skated around these white oasis.	-134.0	-134.0	-10.3125	-10.3125	False	False	morphology	determiner_noun_agreement	Write a natural, coherent English sentence.
268	20	James observed this hopeful child.	James observed these hopeful child.	-72.0	-72.0	-10.3125	-10.3125	False	False	morphology	determiner_noun_agreement	Write a natural, coherent English sentence.
269	20	Gerald liked this big child.	Gerald liked these big child.	-72.0	-72.0	-10.3125	-10.3125	False	False	morphology	determiner_noun_agreement	Write a natural, coherent English sentence.
270	20	That committee wasn't hiring this displeased alumnus.	That committee wasn't hiring these displeased alumnus.	-144.0	-144.0	-10.3125	-10.3125	False	False	morphology	determiner_noun_agreement	Write a natural, coherent English sentence.
271	20	Gary isn't breaking that white tooth.	Gary isn't breaking those white tooth.	-93.0	-93.0	-10.375	-10.375	False	False	morphology	determiner_noun_agreement	Write a natural, coherent English sentence.
272	20	Walter hasn't seen those content children.	Walter hasn't seen that content children.	-93.0	-93.0	-10.375	-10.3125	False	False	morphology	determiner_noun_agreement	Write a natural, coherent English sentence.
273	20	Martha didn't clean these hidden teeth.	Martha didn't clean this hidden teeth.	-93.0	-93.0	-10.3125	-10.3125	False	False	morphology	determiner_noun_agreement	Write a natural, coherent English sentence.
274	20	These teachers are returning to those lost men.	These teachers are returning to that lost men.	-93.0	-93.0	-10.3125	-10.3125	False	False	morphology	determiner_noun_agreement	Write a natural, coherent English sentence.
275	20	Ellen hadn't boycotted that hidden oasis.	Ellen hadn't boycotted those hidden oasis.	-124.0	-124.0	-10.375	-10.375	False	False	morphology	determiner_noun_agreement	Write a natural, coherent English sentence.
276	20	Some patients drive to these brown oases.	Some patients drive to this brown oases.	-93.0	-93.0	-10.3125	-10.3125	False	False	morphology	determiner_noun_agreement	Write a natural, coherent English sentence.
277	20	Nina wasn't referencing this ill person.	Nina wasn't referencing these ill person.	-103.5	-103.0	-10.3125	-10.3125	False	False	morphology	determiner_noun_agreement	Write a natural, coherent English sentence.
278	20	Denise praises these fast children.	Denise praises this fast children.	-82.5	-82.5	-10.3125	-10.3125	False	False	morphology	determiner_noun_agreement	Write a natural, coherent English sentence.
279	20	Most customers attack that clever man.	Most customers attack those clever man.	-72.5	-72.5	-10.375	-10.375	False	False	morphology	determiner_noun_agreement	Write a natural, coherent English sentence.
280	20	Every photograph looks like those exposed people.	Every photograph looks like that exposed people.	-82.5	-82.5	-10.3125	-10.3125	False	False	morphology	determiner_noun_agreement	Write a natural, coherent English sentence.
281	20	Cindy shouldn't cure that confident alumnus.	Cindy shouldn't cure those confident alumnus.	-134.0	-134.0	-10.3125	-10.3125	False	False	morphology	determiner_noun_agreement	Write a natural, coherent English sentence.
282	20	The Borgias reveal these blue feet.	The Borgias reveal this blue feet.	-93.5	-93.5	-10.375	-10.375	False	False	morphology	determiner_noun_agreement	Write a natural, coherent English sentence.
283	20	Ella lifts these exposed fungi.	Ella lifts this exposed fungi.	-93.0	-93.0	-10.3125	-10.3125	False	False	morphology	determiner_noun_agreement	Write a natural, coherent English sentence.
284	20	The Lutherans astound that unsure person.	The Lutherans astound those unsure person.	-103.5	-103.5	-10.375	-10.375	False	False	morphology	determiner_noun_agreement	Write a natural, coherent English sentence.
285	20	These cakes bore that determined woman.	These cakes bore those determined woman.	-83.0	-83.0	-10.375	-10.375	False	False	morphology	determiner_noun_agreement	Write a natural, coherent English sentence.
286	20	Nina lifts this orange cactus.	Nina lifts these orange cactus.	-93.0	-93.0	-10.3125	-10.3125	False	False	morphology	determiner_noun_agreement	Write a natural, coherent English sentence.
287	20	The actors kiss these unconvinced children.	The actors kiss this unconvinced children.	-103.0	-103.5	-10.3125	-10.3125	True	False	morphology	determiner_noun_agreement	Write a natural, coherent English sentence.
288	20	Sharon dislikes that brown thesis.	Sharon dislikes those brown thesis.	-93.0	-93.0	-10.3125	-10.3125	False	False	morphology	determiner_noun_agreement	Write a natural, coherent English sentence.
289	20	The customers sell these rough fungi.	The customers sell this rough fungi.	-82.5	-82.5	-10.3125	-10.3125	False	False	morphology	determiner_noun_agreement	Write a natural, coherent English sentence.
290	20	Janice didn't cure those employed men.	Janice didn't cure that employed men.	-103.0	-103.0	-10.3125	-10.3125	False	False	morphology	determiner_noun_agreement	Write a natural, coherent English sentence.
291	20	Paula left this uncertain person.	Paula left these uncertain person.	-72.0	-72.0	-10.3125	-10.3125	False	False	morphology	determiner_noun_agreement	Write a natural, coherent English sentence.
292	20	Those guys had escaped from those employed children.	Those guys had escaped from that employed children.	-93.0	-93.0	-10.3125	-10.3125	False	False	morphology	determiner_noun_agreement	Write a natural, coherent English sentence.
293	20	Christine wasn't touring that old oasis.	Christine wasn't touring those old oasis.	-123.5	-123.5	-10.3125	-10.3125	False	False	morphology	determiner_noun_agreement	Write a natural, coherent English sentence.
294	20	These waitresses praise this rough thesis.	These waitresses praise these rough thesis.	-92.5	-92.5	-10.25	-10.25	False	False	morphology	determiner_noun_agreement	Write a natural, coherent English sentence.
295	20	Some girls hadn't passed this concealed oasis.	Some girls hadn't passed these concealed oasis.	-124.0	-124.0	-10.3125	-10.3125	False	False	morphology	determiner_noun_agreement	Write a natural, coherent English sentence.
296	20	Andrea lifts these small cacti.	Andrea lifts this small cacti.	-93.0	-93.0	-10.3125	-10.3125	False	False	morphology	determiner_noun_agreement	Write a natural, coherent English sentence.
297	20	Kristen is scanning those bad synopses.	Kristen is scanning that bad synopses.	-113.5	-113.5	-10.3125	-10.3125	False	False	morphology	determiner_noun_agreement	Write a natural, coherent English sentence.
298	20	Alan is skated around these cheap oases.	Alan is skated around this cheap oases.	-103.5	-103.5	-10.375	-10.375	False	False	morphology	determiner_noun_agreement	Write a natural, coherent English sentence.
299	20	Kayla has investigated these busy people.	Kayla has investigated this busy people.	-82.5	-82.5	-10.3125	-10.3125	False	False	morphology	determiner_noun_agreement	Write a natural, coherent English sentence.
300	20	Timothy observes that good woman.	Timothy observes those good woman.	-82.5	-82.5	-10.3125	-10.3125	False	False	morphology	determiner_noun_agreement	Write a natural, coherent English sentence.
301	20	Every museum hadn't discussed those hidden theses.	Every museum hadn't discussed that hidden theses.	-113.5	-113.5	-10.3125	-10.3125	False	False	morphology	determiner_noun_agreement	Write a natural, coherent English sentence.
302	20	Some cashiers help this troubled person.	Some cashiers help these troubled person.	-92.5	-92.5	-10.25	-10.25	False	False	morphology	determiner_noun_agreement	Write a natural, coherent English sentence.
303	20	Amanda was attacking that displeased woman.	Amanda was attacking those displeased woman.	-93.5	-93.0	-10.375	-10.375	False	False	morphology	determiner_noun_agreement	Write a natural, coherent English sentence.
304	20	This window upsets these lost people.	This window upsets this lost people.	-83.0	-83.0	-10.375	-10.375	False	False	morphology	determiner_noun_agreement	Write a natural, coherent English sentence.
305	20	Cindy wasn't bringing those gray cacti.	Cindy wasn't bringing that gray cacti.	-134.0	-134.0	-10.3125	-10.375	False	True	morphology	determiner_noun_agreement	Write a natural, coherent English sentence.
306	20	Peter complained about these good synopses.	Peter complained about this good synopses.	-93.0	-93.0	-10.3125	-10.3125	False	False	morphology	determiner_noun_agreement	Write a natural, coherent English sentence.
307	20	Danielle was touring those new oases.	Danielle was touring that new oases.	-103.0	-103.0	-10.3125	-10.3125	False	False	morphology	determiner_noun_agreement	Write a natural, coherent English sentence.
308	20	Elaine discusses that standing person.	Elaine discusses those standing person.	-82.5	-82.5	-10.3125	-10.3125	False	False	morphology	determiner_noun_agreement	Write a natural, coherent English sentence.
309	20	Jacqueline had healed those rough geese.	Jacqueline had healed that rough geese.	-113.5	-113.5	-10.3125	-10.3125	False	False	morphology	determiner_noun_agreement	Write a natural, coherent English sentence.
310	20	All rivers were distracting those standing men.	All rivers were distracting that standing men.	-93.0	-93.0	-10.375	-10.3125	False	False	morphology	determiner_noun_agreement	Write a natural, coherent English sentence.
311	20	Some people exit those yellow oases.	Some people exit that yellow oases.	-82.5	-82.5	-10.3125	-10.3125	False	False	morphology	determiner_noun_agreement	Write a natural, coherent English sentence.
312	20	Becca isn't exploring these hard oases.	Becca isn't exploring this hard oases.	-113.5	-114.0	-10.3125	-10.3125	True	False	morphology	determiner_noun_agreement	Write a natural, coherent English sentence.
313	20	Timothy revealed that big foot.	Timothy revealed those big foot.	-72.0	-72.0	-10.3125	-10.3125	False	False	morphology	determiner_noun_agreement	Write a natural, coherent English sentence.
314	20	Adam fires these determined men.	Adam fires this determined men.	-62.25	-62.25	-10.375	-10.375	False	False	morphology	determiner_noun_agreement	Write a natural, coherent English sentence.
315	20	The teenagers clean this purple foot.	The teenagers clean these purple foot.	-82.0	-82.0	-10.25	-10.25	False	False	morphology	determiner_noun_agreement	Write a natural, coherent English sentence.
316	20	The Great Lakes could annoy that troubled man.	The Great Lakes could annoy those troubled man.	-113.5	-113.5	-10.3125	-10.3125	False	False	morphology	determiner_noun_agreement	Write a natural, coherent English sentence.
317	20	Karen discusses those bad men.	Karen discusses that bad men.	-72.5	-72.5	-10.375	-10.3125	False	False	morphology	determiner_noun_agreement	Write a natural, coherent English sentence.
318	20	Phillip didn't find those ill alumni.	Phillip didn't find that ill alumni.	-123.5	-123.0	-10.25	-10.25	False	False	morphology	determiner_noun_agreement	Write a natural, coherent English sentence.
319	20	A lot of men reference these good analyses.	A lot of men reference this good analyses.	-103.0	-103.0	-10.3125	-10.3125	False	False	morphology	determiner_noun_agreement	Write a natural, coherent English sentence.
320	20	Larry had insulted these lucky children.	Larry had insulted this lucky children.	-82.5	-82.5	-10.3125	-10.3125	False	False	morphology	determiner_noun_agreement	Write a natural, coherent English sentence.
321	20	Debra is firing that determined child.	Debra is firing those determined child.	-83.0	-83.0	-10.375	-10.375	False	False	morphology	determiner_noun_agreement	Write a natural, coherent English sentence.
322	20	Noah was watching that fast woman.	Noah was watching those fast woman.	-72.0	-72.0	-10.3125	-10.3125	False	False	morphology	determiner_noun_agreement	Write a natural, coherent English sentence.
323	20	Gina works with that displeased person.	Gina works with those displeased person.	-103.5	-103.5	-10.375	-10.375	False	False	morphology	determiner_noun_agreement	Write a natural, coherent English sentence.
324	20	Most doctors would bring these big nuclei.	Most doctors would bring this big nuclei.	-93.0	-93.0	-10.375	-10.3125	False	False	morphology	determiner_noun_agreement	Write a natural, coherent English sentence.
325	20	All drawings alarm that unconvinced child.	All drawings alarm those unconvinced child.	-103.5	-103.0	-10.375	-10.3125	False	False	morphology	determiner_noun_agreement	Write a natural, coherent English sentence.
326	20	Some libraries hate that busy man.	Some libraries hate those busy man.	-72.5	-72.5	-10.3125	-10.3125	False	False	morphology	determiner_noun_agreement	Write a natural, coherent English sentence.
327	20	Derek disgusted that unemployed child.	Derek disgusted those unemployed child.	-92.5	-93.0	-10.3125	-10.3125	True	False	morphology	determiner_noun_agreement	Write a natural, coherent English sentence.
328	20	Marla hadn't fired these good men.	Marla hadn't fired this good men.	-103.5	-103.5	-10.375	-10.375	False	False	morphology	determiner_noun_agreement	Write a natural, coherent English sentence.
329	20	Carmen examined that red thesis.	Carmen examined those red thesis.	-72.5	-72.5	-10.375	-10.375	False	False	morphology	determiner_noun_agreement	Write a natural, coherent English sentence.
330	20	Amelia investigates this smart woman.	Amelia investigates these smart woman.	-82.5	-82.5	-10.3125	-10.3125	False	False	morphology	determiner_noun_agreement	Write a natural, coherent English sentence.
331	20	The Borgias hire that displeased alumnus.	The Borgias hire those displeased alumnus.	-134.0	-134.0	-10.3125	-10.3125	False	False	morphology	determiner_noun_agreement	Write a natural, coherent English sentence.
332	20	Stacey would arrive at these orange oases.	Stacey would arrive at this orange oases.	-113.5	-113.0	-10.3125	-10.3125	False	False	morphology	determiner_noun_agreement	Write a natural, coherent English sentence.
333	20	Anna works with this lucky man.	Anna works with these lucky man.	-72.5	-72.5	-10.375	-10.3125	False	False	morphology	determiner_noun_agreement	Write a natural, coherent English sentence.
334	20	Walter has scanned this rough thesis.	Walter has scanned these rough thesis.	-83.0	-83.0	-10.375	-10.375	False	False	morphology	determiner_noun_agreement	Write a natural, coherent English sentence.
335	20	Some mushroom bothered that lucky woman.	Some mushroom bothered those lucky woman.	-82.5	-82.5	-10.3125	-10.3125	False	False	morphology	determiner_noun_agreement	Write a natural, coherent English sentence.
336	20	Cynthia walked through this hard oasis.	Cynthia walked through these hard oasis.	-113.0	-113.0	-10.3125	-10.25	False	False	morphology	determiner_noun_agreement	Write a natural, coherent English sentence.
337	20	Liam has healed these black oxen.	Liam has healed this black oxen.	-103.5	-103.5	-10.3125	-10.3125	False	False	morphology	determiner_noun_agreement	Write a natural, coherent English sentence.
338	20	Andrew did notice these white axes.	Andrew did notice this white axes.	-83.0	-83.0	-10.375	-10.375	False	False	morphology	determiner_noun_agreement	Write a natural, coherent English sentence.
339	20	Bethany kisses these serious alumni.	Bethany kisses this serious alumni.	-103.0	-103.0	-10.3125	-10.3125	False	False	morphology	determiner_noun_agreement	Write a natural, coherent English sentence.
340	20	Vanessa watches this nice person.	Vanessa watches these nice person.	-72.5	-72.5	-10.3125	-10.3125	False	False	morphology	determiner_noun_agreement	Write a natural, coherent English sentence.
341	20	Every window astounded that big man.	Every window astounded those big man.	-93.0	-93.0	-10.3125	-10.3125	False	False	morphology	determiner_noun_agreement	Write a natural, coherent English sentence.
342	20	Donna leaves that upset man.	Donna leaves those upset man.	-72.5	-72.5	-10.3125	-10.375	False	True	morphology	determiner_noun_agreement	Write a natural, coherent English sentence.
343	20	Many students drop by that orange oasis.	Many students drop by those orange oasis.	-92.5	-93.0	-10.3125	-10.3125	True	False	morphology	determiner_noun_agreement	Write a natural, coherent English sentence.
344	20	The sketches looked like this unsure man.	The sketches looked like these unsure man.	-113.5	-113.5	-10.3125	-10.3125	False	False	morphology	determiner_noun_agreement	Write a natural, coherent English sentence.
345	20	Helen fixes that broken tooth.	Helen fixes those broken tooth.	-72.0	-72.0	-10.25	-10.25	False	False	morphology	determiner_noun_agreement	Write a natural, coherent English sentence.
346	20	Robert wasn't annoying that old person.	Robert wasn't annoying those old person.	-93.0	-93.0	-10.375	-10.3125	False	False	morphology	determiner_noun_agreement	Write a natural, coherent English sentence.
347	20	Amy isn't talking to that young woman.	Amy isn't talking to those young woman.	-103.5	-104.0	-10.375	-10.375	True	False	morphology	determiner_noun_agreement	Write a natural, coherent English sentence.
348	20	Alan hadn't remembered these long analyses.	Alan hadn't remembered this long analyses.	-103.5	-103.5	-10.375	-10.375	False	False	morphology	determiner_noun_agreement	Write a natural, coherent English sentence.
349	20	Stephen is working with these out in the open women.	Stephen is working with this out in the open women.	-114.0	-114.0	-10.375	-10.375	False	False	morphology	determiner_noun_agreement	Write a natural, coherent English sentence.
350	20	This library had discussed these employed men.	This library had discussed this employed men.	-83.0	-83.0	-10.375	-10.375	False	False	morphology	determiner_noun_agreement	Write a natural, coherent English sentence.
351	20	This teenager can't worry those delighted men.	This teenager can't worry that delighted men.	-103.5	-103.5	-10.375	-10.375	False	False	morphology	determiner_noun_agreement	Write a natural, coherent English sentence.
352	20	Wendy revealed that sick octopus.	Wendy revealed those sick octopus.	-93.0	-93.0	-10.3125	-10.3125	False	False	morphology	determiner_noun_agreement	Write a natural, coherent English sentence.
353	20	The Clintons haven't worked with that young person.	The Clintons haven't worked with those young person.	-134.0	-135.0	-10.3125	-10.375	True	True	morphology	determiner_noun_agreement	Write a natural, coherent English sentence.
354	20	Some committee aggravates this unconvinced woman.	Some committee aggravates these unconvinced woman.	-123.5	-123.5	-10.3125	-10.3125	False	False	morphology	determiner_noun_agreement	Write a natural, coherent English sentence.
355	20	Guy bored that troubled man.	Guy bored those troubled man.	-72.5	-72.5	-10.3125	-10.3125	False	False	morphology	determiner_noun_agreement	Write a natural, coherent English sentence.
356	20	Every actress scanned those bad analyses.	Every actress scanned that bad analyses.	-93.0	-93.0	-10.3125	-10.3125	False	False	morphology	determiner_noun_agreement	Write a natural, coherent English sentence.
357	20	A library alarms that determined child.	A library alarms those determined child.	-83.0	-83.0	-10.375	-10.375	False	False	morphology	determiner_noun_agreement	Write a natural, coherent English sentence.
358	20	Sheila can't notice this clever man.	Sheila can't notice these clever man.	-103.0	-103.0	-10.3125	-10.3125	False	False	morphology	determiner_noun_agreement	Write a natural, coherent English sentence.
359	20	James forgets this fast alumnus.	James forgets these fast alumnus.	-92.5	-92.5	-10.3125	-10.3125	False	False	morphology	determiner_noun_agreement	Write a natural, coherent English sentence.
360	20	Noah hasn't thought about these smooth lice.	Noah hasn't thought about this smooth lice.	-113.5	-113.5	-10.3125	-10.3125	False	False	morphology	determiner_noun_agreement	Write a natural, coherent English sentence.
361	20	Aaron sees these gray oases.	Aaron sees this gray oases.	-72.5	-72.5	-10.375	-10.375	False	False	morphology	determiner_noun_agreement	Write a natural, coherent English sentence.
362	20	Sherry has taken this standing goose.	Sherry has taken these standing goose.	-93.0	-93.0	-10.3125	-10.3125	False	False	morphology	determiner_noun_agreement	Write a natural, coherent English sentence.
363	20	Marie hasn't found those ill geese.	Marie hasn't found that ill geese.	-103.0	-103.0	-10.3125	-10.3125	False	False	morphology	determiner_noun_agreement	Write a natural, coherent English sentence.
364	20	Peter isn't arriving at that red oasis.	Peter isn't arriving at those red oasis.	-113.5	-113.5	-10.3125	-10.3125	False	False	morphology	determiner_noun_agreement	Write a natural, coherent English sentence.
365	20	Jill isn't boycotting those orange oases.	Jill isn't boycotting that orange oases.	-144.0	-145.0	-10.3125	-10.3125	True	False	morphology	determiner_noun_agreement	Write a natural, coherent English sentence.
366	20	Julia messes up that orange foot.	Julia messes up those orange foot.	-82.5	-82.5	-10.3125	-10.3125	False	False	morphology	determiner_noun_agreement	Write a natural, coherent English sentence.
367	20	That hill didn't disturb that content woman.	That hill didn't disturb those content woman.	-103.5	-103.5	-10.375	-10.375	False	False	morphology	determiner_noun_agreement	Write a natural, coherent English sentence.
368	20	Suzanne has concealed that concealed man.	Suzanne has concealed those concealed man.	-102.5	-102.5	-10.25	-10.25	False	False	morphology	determiner_noun_agreement	Write a natural, coherent English sentence.
369	20	Alicia sells that orange octopus.	Alicia sells those orange octopus.	-113.0	-113.0	-10.25	-10.25	False	False	morphology	determiner_noun_agreement	Write a natural, coherent English sentence.
370	20	Leslie has discussed that delighted child.	Leslie has discussed those delighted child.	-83.0	-83.0	-10.375	-10.375	False	False	morphology	determiner_noun_agreement	Write a natural, coherent English sentence.
371	20	Andrea could like these white lice.	Andrea could like this white lice.	-83.0	-83.0	-10.375	-10.375	False	False	morphology	determiner_noun_agreement	Write a natural, coherent English sentence.
372	20	Most children break those rough teeth.	Most children break that rough teeth.	-72.5	-72.5	-10.375	-10.375	False	False	morphology	determiner_noun_agreement	Write a natural, coherent English sentence.
373	20	Richard did work with this clever child.	Richard did work with these clever child.	-83.0	-83.0	-10.375	-10.375	False	False	morphology	determiner_noun_agreement	Write a natural, coherent English sentence.
374	20	Anne hugs this unemployed woman.	Anne hugs these unemployed woman.	-82.5	-82.5	-10.3125	-10.3125	False	False	morphology	determiner_noun_agreement	Write a natural, coherent English sentence.
375	20	Those actors attack that excited child.	Those actors attack those excited child.	-72.5	-72.5	-10.375	-10.375	False	False	morphology	determiner_noun_agreement	Write a natural, coherent English sentence.
376	20	Bruce was hugging that unconvinced man.	Bruce was hugging those unconvinced man.	-113.0	-113.0	-10.25	-10.25	False	False	morphology	determiner_noun_agreement	Write a natural, coherent English sentence.
377	20	Patrick hasn't hidden this orange oasis.	Patrick hasn't hidden these orange oasis.	-103.5	-103.5	-10.3125	-10.3125	False	False	morphology	determiner_noun_agreement	Write a natural, coherent English sentence.
378	20	Alicia hadn't discussed that uncertain person.	Alicia hadn't discussed those uncertain person.	-113.5	-113.5	-10.3125	-10.3125	False	False	morphology	determiner_noun_agreement	Write a natural, coherent English sentence.
379	20	Susan wasn't talking to those confident men.	Susan wasn't talking to that confident men.	-103.5	-103.5	-10.375	-10.375	False	False	morphology	determiner_noun_agreement	Write a natural, coherent English sentence.
380	20	Cheryl will scan that good synopsis.	Cheryl will scan those good synopsis.	-93.0	-93.0	-10.3125	-10.3125	False	False	morphology	determiner_noun_agreement	Write a natural, coherent English sentence.
381	20	Tamara kissed that unsure man.	Tamara kissed those unsure man.	-82.5	-82.5	-10.3125	-10.3125	False	False	morphology	determiner_noun_agreement	Write a natural, coherent English sentence.
382	20	Craig boasts about those bad analyses.	Craig boasts about that bad analyses.	-93.0	-93.0	-10.3125	-10.3125	False	False	morphology	determiner_noun_agreement	Write a natural, coherent English sentence.
383	20	Randolf hadn't hugged those serious people.	Randolf hadn't hugged that serious people.	-113.5	-113.5	-10.3125	-10.3125	False	False	morphology	determiner_noun_agreement	Write a natural, coherent English sentence.
384	20	Many doctors cure these exposed men.	Many doctors cure this exposed men.	-72.0	-72.0	-10.3125	-10.3125	False	False	morphology	determiner_noun_agreement	Write a natural, coherent English sentence.
385	20	Women criticized those smooth theses.	Women criticized that smooth theses.	-82.5	-82.5	-10.3125	-10.3125	False	False	morphology	determiner_noun_agreement	Write a natural, coherent English sentence.
386	20	Some light disturbs that old person.	Some light disturbs those old person.	-93.0	-93.0	-10.375	-10.375	False	False	morphology	determiner_noun_agreement	Write a natural, coherent English sentence.
387	20	Carol was questioning this big man.	Carol was questioning these big man.	-72.5	-72.5	-10.375	-10.375	False	False	morphology	determiner_noun_agreement	Write a natural, coherent English sentence.
388	20	Sara has gone to that old oasis.	Sara has gone to those old oasis.	-93.0	-93.0	-10.3125	-10.3125	False	False	morphology	determiner_noun_agreement	Write a natural, coherent English sentence.
389	20	Steven brought these red oases.	Steven brought this red oases.	-72.5	-72.5	-10.3125	-10.3125	False	False	morphology	determiner_noun_agreement	Write a natural, coherent English sentence.
390	20	Diana will disgust these ill children.	Diana will disgust this ill children.	-72.5	-72.5	-10.375	-10.375	False	False	morphology	determiner_noun_agreement	Write a natural, coherent English sentence.
391	20	Steven disturbs these sick alumni.	Steven disturbs this sick alumni.	-103.5	-103.5	-10.375	-10.375	False	False	morphology	determiner_noun_agreement	Write a natural, coherent English sentence.
392	20	Angela wasn't lifting these blue feet.	Angela wasn't lifting this blue feet.	-93.0	-93.0	-10.3125	-10.375	False	True	morphology	determiner_noun_agreement	Write a natural, coherent English sentence.
393	20	Sharon hasn't stunned that unsure child.	Sharon hasn't stunned those unsure child.	-124.0	-124.0	-10.375	-10.375	False	False	morphology	determiner_noun_agreement	Write a natural, coherent English sentence.
394	20	These girls question that concealed man.	These girls question those concealed man.	-82.5	-82.5	-10.3125	-10.3125	False	False	morphology	determiner_noun_agreement	Write a natural, coherent English sentence.
395	20	Martha wasn't kissing this unemployed man.	Martha wasn't kissing these unemployed man.	-113.0	-113.0	-10.25	-10.3125	False	True	morphology	determiner_noun_agreement	Write a natural, coherent English sentence.
396	20	Kendra isn't working with this excited child.	Kendra isn't working with these excited child.	-124.0	-124.0	-10.3125	-10.3125	False	False	morphology	determiner_noun_agreement	Write a natural, coherent English sentence.
397	20	All actresses praise this hard thesis.	All actresses praise these hard thesis.	-82.5	-82.5	-10.3125	-10.3125	False	False	morphology	determiner_noun_agreement	Write a natural, coherent English sentence.
398	20	David cleans that hard tooth.	David cleans those hard tooth.	-72.5	-72.5	-10.375	-10.3125	False	False	morphology	determiner_noun_agreement	Write a natural, coherent English sentence.
399	20	Julia sounded like this uncertain person.	Julia sounded like these uncertain person.	-72.5	-72.5	-10.375	-10.375	False	False	morphology	determiner_noun_agreement	Write a natural, coherent English sentence.
400	20	Those actors attacked that happy alumnus.	Those actors attacked those happy alumnus.	-93.0	-93.0	-10.3125	-10.3125	False	False	morphology	determiner_noun_agreement	Write a natural, coherent English sentence.
401	20	Eva hadn't admired these black fungi.	Eva hadn't admired this black fungi.	-113.5	-113.5	-10.3125	-10.3125	False	False	morphology	determiner_noun_agreement	Write a natural, coherent English sentence.
402	20	Many chairs aren't disgusting this unlucky child.	Many chairs aren't disgusting these unlucky child.	-134.0	-134.0	-10.3125	-10.3125	False	False	morphology	determiner_noun_agreement	Write a natural, coherent English sentence.
403	20	Those waiters break these rough teeth.	Those waiters break this rough teeth.	-82.5	-82.5	-10.3125	-10.3125	False	False	morphology	determiner_noun_agreement	Write a natural, coherent English sentence.
404	20	Becca leaves this uncertain child.	Becca leaves these uncertain child.	-72.0	-72.0	-10.3125	-10.3125	False	False	morphology	determiner_noun_agreement	Write a natural, coherent English sentence.
405	20	Some steak disturbs these displeased children.	Some steak disturbs this displeased children.	-124.0	-124.0	-10.3125	-10.3125	False	False	morphology	determiner_noun_agreement	Write a natural, coherent English sentence.
406	20	Christine wouldn't conceal this lost stimulus.	Christine wouldn't conceal these lost stimulus.	-123.5	-123.5	-10.3125	-10.3125	False	False	morphology	determiner_noun_agreement	Write a natural, coherent English sentence.
407	20	Every face irritates those unemployed alumni.	Every face irritates that unemployed alumni.	-113.0	-113.0	-10.3125	-10.25	False	False	morphology	determiner_noun_agreement	Write a natural, coherent English sentence.
408	20	Susan noticed that unlucky person.	Susan noticed those unlucky person.	-82.0	-82.5	-10.25	-10.3125	True	True	morphology	determiner_noun_agreement	Write a natural, coherent English sentence.
409	20	Some women drop by those concealed oases.	Some women drop by that concealed oases.	-103.5	-103.5	-10.375	-10.3125	False	False	morphology	determiner_noun_agreement	Write a natural, coherent English sentence.
410	20	The Clintons disagree with these serious men.	The Clintons disagree with this serious men.	-103.5	-103.5	-10.375	-10.375	False	False	morphology	determiner_noun_agreement	Write a natural, coherent English sentence.
411	20	Phillip discovers these busy women.	Phillip discovers this busy women.	-82.5	-82.5	-10.3125	-10.3125	False	False	morphology	determiner_noun_agreement	Write a natural, coherent English sentence.
412	20	Waiters investigate that hopeful woman.	Waiters investigate those hopeful woman.	-82.5	-82.5	-10.3125	-10.3125	False	False	morphology	determiner_noun_agreement	Write a natural, coherent English sentence.
413	20	Regina hasn't found these white nuclei.	Regina hasn't found this white nuclei.	-124.0	-124.0	-10.3125	-10.3125	False	False	morphology	determiner_noun_agreement	Write a natural, coherent English sentence.
414	20	Irene scanned those purple theses.	Irene scanned that purple theses.	-93.0	-93.0	-10.3125	-10.375	False	True	morphology	determiner_noun_agreement	Write a natural, coherent English sentence.
415	20	A bank references those popular people.	A bank references that popular people.	-72.5	-72.5	-10.375	-10.375	False	False	morphology	determiner_noun_agreement	Write a natural, coherent English sentence.
416	20	Vincent tours this old oasis.	Vincent tours these old oasis.	-72.5	-72.0	-10.3125	-10.3125	False	False	morphology	determiner_noun_agreement	Write a natural, coherent English sentence.
417	20	Alicia kisses that standing woman.	Alicia kisses those standing woman.	-93.0	-93.0	-10.3125	-10.3125	False	False	morphology	determiner_noun_agreement	Write a natural, coherent English sentence.
418	20	Some candles aren't boring those displeased men.	Some candles aren't boring that displeased men.	-134.0	-134.0	-10.3125	-10.3125	False	False	morphology	determiner_noun_agreement	Write a natural, coherent English sentence.
419	20	That teenager does care for this old alumnus.	That teenager does care for these old alumnus.	-113.0	-113.0	-10.3125	-10.25	False	False	morphology	determiner_noun_agreement	Write a natural, coherent English sentence.
420	20	A lot of drawings weren't alarming that displeased man.	A lot of drawings weren't alarming those displeased man.	-155.0	-155.0	-10.3125	-10.3125	False	False	morphology	determiner_noun_agreement	Write a natural, coherent English sentence.
421	20	That face astounded that important woman.	That face astounded those important woman.	-93.0	-93.0	-10.3125	-10.3125	False	False	morphology	determiner_noun_agreement	Write a natural, coherent English sentence.
422	20	Tiffany had approached these unemployed people.	Tiffany had approached this unemployed people.	-103.0	-103.0	-10.3125	-10.3125	False	False	morphology	determiner_noun_agreement	Write a natural, coherent English sentence.
423	20	Christina is passing these rough oases.	Christina is passing this rough oases.	-93.0	-93.0	-10.3125	-10.3125	False	False	morphology	determiner_noun_agreement	Write a natural, coherent English sentence.
424	20	Debra was praising those busy people.	Debra was praising that busy people.	-93.0	-93.0	-10.3125	-10.3125	False	False	morphology	determiner_noun_agreement	Write a natural, coherent English sentence.
425	20	The doctors didn't care for these scared children.	The doctors didn't care for this scared children.	-113.5	-113.5	-10.3125	-10.3125	False	False	morphology	determiner_noun_agreement	Write a natural, coherent English sentence.
426	20	Those ladders stun these small people.	Those ladders stun this small people.	-103.5	-104.0	-10.375	-10.375	True	False	morphology	determiner_noun_agreement	Write a natural, coherent English sentence.
427	20	Samuel isn't distracting these clever women.	Samuel isn't distracting this clever women.	-103.5	-103.5	-10.375	-10.375	False	False	morphology	determiner_noun_agreement	Write a natural, coherent English sentence.
428	20	Lucille dropped by those new oases.	Lucille dropped by that new oases.	-93.0	-93.0	-10.3125	-10.3125	False	False	morphology	determiner_noun_agreement	Write a natural, coherent English sentence.
429	20	A legislature should aggravate that busy child.	A legislature should aggravate those busy child.	-113.5	-113.5	-10.3125	-10.3125	False	False	morphology	determiner_noun_agreement	Write a natural, coherent English sentence.
430	20	Larry observed that lucky child.	Larry observed those lucky child.	-62.0	-62.25	-10.375	-10.375	True	False	morphology	determiner_noun_agreement	Write a natural, coherent English sentence.
431	20	Lawrence wasn't approaching those troubled children.	Lawrence wasn't approaching that troubled children.	-103.0	-103.5	-10.3125	-10.3125	True	False	morphology	determiner_noun_agreement	Write a natural, coherent English sentence.
432	20	Most libraries describe those delighted men.	Most libraries describe that delighted men.	-73.0	-72.5	-10.375	-10.375	False	False	morphology	determiner_noun_agreement	Write a natural, coherent English sentence.
433	20	The Impressionists alarms that sick child.	The Impressionists alarms those sick child.	-103.0	-103.5	-10.3125	-10.3125	True	False	morphology	determiner_noun_agreement	Write a natural, coherent English sentence.
434	20	A lot of children have this exposed axis.	A lot of children have these exposed axis.	-92.5	-92.5	-10.3125	-10.3125	False	False	morphology	determiner_noun_agreement	Write a natural, coherent English sentence.
435	20	Melissa couldn't reveal that small man.	Melissa couldn't reveal those small man.	-103.0	-103.0	-10.3125	-10.3125	False	False	morphology	determiner_noun_agreement	Write a natural, coherent English sentence.
436	20	These carriages won't impress those bad men.	These carriages won't impress that bad men.	-114.0	-114.0	-10.3125	-10.375	False	True	morphology	determiner_noun_agreement	Write a natural, coherent English sentence.
437	20	Many girls drop by that red oasis.	Many girls drop by those red oasis.	-93.0	-93.0	-10.3125	-10.3125	False	False	morphology	determiner_noun_agreement	Write a natural, coherent English sentence.
438	20	The Impressionists fled from this small woman.	The Impressionists fled from these small woman.	-103.0	-103.0	-10.25	-10.3125	False	True	morphology	determiner_noun_agreement	Write a natural, coherent English sentence.
439	20	Ann arrived at that blue oasis.	Ann arrived at those blue oasis.	-82.5	-82.5	-10.3125	-10.3125	False	False	morphology	determiner_noun_agreement	Write a natural, coherent English sentence.
440	20	The sock isn't disturbing those lucky children.	The sock isn't disturbing that lucky children.	-113.5	-113.5	-10.3125	-10.3125	False	False	morphology	determiner_noun_agreement	Write a natural, coherent English sentence.
441	20	Those socks were shocking those unlucky men.	Those socks were shocking that unlucky men.	-113.0	-113.0	-10.3125	-10.3125	False	False	morphology	determiner_noun_agreement	Write a natural, coherent English sentence.
442	20	Christine wasn't walking through those cheap oases.	Christine wasn't walking through that cheap oases.	-124.0	-124.0	-10.3125	-10.3125	False	False	morphology	determiner_noun_agreement	Write a natural, coherent English sentence.
443	20	Mary appreciates those content women.	Mary appreciates that content women.	-72.5	-72.5	-10.375	-10.375	False	False	morphology	determiner_noun_agreement	Write a natural, coherent English sentence.
444	20	That lady didn't question this ill person.	That lady didn't question these ill person.	-103.5	-103.5	-10.3125	-10.3125	False	False	morphology	determiner_noun_agreement	Write a natural, coherent English sentence.
445	20	Most birds annoy this young woman.	Most birds annoy these young woman.	-72.0	-72.5	-10.3125	-10.3125	True	False	morphology	determiner_noun_agreement	Write a natural, coherent English sentence.
446	20	Amelia is kissing these content men.	Amelia is kissing this content men.	-93.0	-93.0	-10.3125	-10.3125	False	False	morphology	determiner_noun_agreement	Write a natural, coherent English sentence.
447	20	Judy isn't taking those standing oxen.	Judy isn't taking that standing oxen.	-113.5	-113.5	-10.3125	-10.3125	False	False	morphology	determiner_noun_agreement	Write a natural, coherent English sentence.
448	20	Irene is discussing those clever alumni.	Irene is discussing that clever alumni.	-103.5	-103.5	-10.375	-10.3125	False	False	morphology	determiner_noun_agreement	Write a natural, coherent English sentence.
449	20	Danielle could describe these long analyses.	Danielle could describe this long analyses.	-93.0	-92.5	-10.3125	-10.3125	False	False	morphology	determiner_noun_agreement	Write a natural, coherent English sentence.
450	20	Eva hasn't praised that lucky woman.	Eva hasn't praised those lucky woman.	-93.0	-93.0	-10.375	-10.375	False	False	morphology	determiner_noun_agreement	Write a natural, coherent English sentence.
451	20	Grace might observe that unlucky woman.	Grace might observe those unlucky woman.	-92.5	-93.0	-10.3125	-10.3125	True	False	morphology	determiner_noun_agreement	Write a natural, coherent English sentence.
452	20	The Clintons bothered these clever people.	The Clintons bothered this clever people.	-93.0	-93.0	-10.375	-10.375	False	False	morphology	determiner_noun_agreement	Write a natural, coherent English sentence.
453	20	April hadn't embarrassed those employed alumni.	April hadn't embarrassed that employed alumni.	-114.0	-113.5	-10.375	-10.3125	False	False	morphology	determiner_noun_agreement	Write a natural, coherent English sentence.
454	20	Marie shouldn't forget that happy man.	Marie shouldn't forget those happy man.	-92.5	-92.5	-10.3125	-10.3125	False	False	morphology	determiner_noun_agreement	Write a natural, coherent English sentence.
455	20	Renee isn't breaking that cheap foot.	Renee isn't breaking those cheap foot.	-114.0	-114.0	-10.375	-10.375	False	False	morphology	determiner_noun_agreement	Write a natural, coherent English sentence.
456	20	Monica shouldn't sell those new oases.	Monica shouldn't sell that new oases.	-113.0	-113.0	-10.3125	-10.3125	False	False	morphology	determiner_noun_agreement	Write a natural, coherent English sentence.
457	20	Every dancer has returned to that troubled man.	Every dancer has returned to those troubled man.	-113.5	-113.5	-10.3125	-10.3125	False	False	morphology	determiner_noun_agreement	Write a natural, coherent English sentence.
458	20	Those dancers break those green teeth.	Those dancers break that green teeth.	-83.0	-83.0	-10.375	-10.375	False	False	morphology	determiner_noun_agreement	Write a natural, coherent English sentence.
459	20	These teachers talk about these fast women.	These teachers talk about this fast women.	-82.5	-83.0	-10.3125	-10.375	True	True	morphology	determiner_noun_agreement	Write a natural, coherent English sentence.
460	20	Spain hasn't praised that happy man.	Spain hasn't praised those happy man.	-93.0	-93.0	-10.375	-10.375	False	False	morphology	determiner_noun_agreement	Write a natural, coherent English sentence.
461	20	Monica does kiss those good people.	Monica does kiss that good people.	-82.5	-83.0	-10.3125	-10.375	True	True	morphology	determiner_noun_agreement	Write a natural, coherent English sentence.
462	20	Benjamin can boast about those busy men.	Benjamin can boast about that busy men.	-93.0	-93.0	-10.3125	-10.375	False	True	morphology	determiner_noun_agreement	Write a natural, coherent English sentence.
463	20	Donald conceals this lost nucleus.	Donald conceals these lost nucleus.	-83.0	-82.5	-10.375	-10.3125	False	False	morphology	determiner_noun_agreement	Write a natural, coherent English sentence.
464	20	Gregory was embarrassing this big woman.	Gregory was embarrassing these big woman.	-82.5	-82.5	-10.3125	-10.3125	False	False	morphology	determiner_noun_agreement	Write a natural, coherent English sentence.
465	20	The waiter wasn't stunning that hidden child.	The waiter wasn't stunning those hidden child.	-114.0	-114.0	-10.3125	-10.3125	False	False	morphology	determiner_noun_agreement	Write a natural, coherent English sentence.
466	20	A lot of photographs haven't looked like this red stimulus.	A lot of photographs haven't looked like these red stimulus.	-144.0	-144.0	-10.3125	-10.3125	False	False	morphology	determiner_noun_agreement	Write a natural, coherent English sentence.
467	20	A patient fixed those cheap feet.	A patient fixed that cheap feet.	-72.5	-72.5	-10.375	-10.375	False	False	morphology	determiner_noun_agreement	Write a natural, coherent English sentence.
468	20	Many gates shouldn't astound these unsure alumni.	Many gates shouldn't astound this unsure alumni.	-145.0	-145.0	-10.375	-10.3125	False	False	morphology	determiner_noun_agreement	Write a natural, coherent English sentence.
469	20	That picture hasn't looked like these big men.	That picture hasn't looked like this big men.	-114.0	-113.5	-10.375	-10.3125	False	False	morphology	determiner_noun_agreement	Write a natural, coherent English sentence.
470	20	These waitresses talk about this hidden thesis.	These waitresses talk about these hidden thesis.	-102.5	-102.5	-10.25	-10.25	False	False	morphology	determiner_noun_agreement	Write a natural, coherent English sentence.
471	20	Stacy concealed those gray axes.	Stacy concealed that gray axes.	-93.5	-93.0	-10.375	-10.375	False	False	morphology	determiner_noun_agreement	Write a natural, coherent English sentence.
472	20	Nicole remembers those serious alumni.	Nicole remembers that serious alumni.	-93.0	-93.0	-10.3125	-10.3125	False	False	morphology	determiner_noun_agreement	Write a natural, coherent English sentence.
473	20	Leslie hadn't gone to that small oasis.	Leslie hadn't gone to those small oasis.	-123.5	-123.5	-10.25	-10.25	False	False	morphology	determiner_noun_agreement	Write a natural, coherent English sentence.
474	20	Joel wasn't praising this ill person.	Joel wasn't praising these ill person.	-103.5	-103.5	-10.375	-10.375	False	False	morphology	determiner_noun_agreement	Write a natural, coherent English sentence.
475	20	These drivers embarrasses this young alumnus.	These drivers embarrasses these young alumnus.	-103.0	-103.0	-10.3125	-10.3125	False	False	morphology	determiner_noun_agreement	Write a natural, coherent English sentence.
476	20	Beef bores that delighted woman.	Beef bores those delighted woman.	-83.0	-83.0	-10.375	-10.375	False	False	morphology	determiner_noun_agreement	Write a natural, coherent English sentence.
477	20	Mitchell goes to this gray oasis.	Mitchell goes to these gray oasis.	-83.0	-83.0	-10.375	-10.375	False	False	morphology	determiner_noun_agreement	Write a natural, coherent English sentence.
478	20	The mouth bores these upset men.	The mouth bores this upset men.	-83.0	-83.0	-10.375	-10.375	False	False	morphology	determiner_noun_agreement	Write a natural, coherent English sentence.
479	20	Most legislatures discuss those good people.	Most legislatures discuss that good people.	-83.0	-83.0	-10.375	-10.375	False	False	morphology	determiner_noun_agreement	Write a natural, coherent English sentence.
480	20	The boys mess up those purple feet.	The boys mess up that purple feet.	-83.0	-83.0	-10.375	-10.375	False	False	morphology	determiner_noun_agreement	Write a natural, coherent English sentence.
481	20	Cashiers describe these fast children.	Cashiers describe this fast children.	-72.0	-72.0	-10.3125	-10.3125	False	False	morphology	determiner_noun_agreement	Write a natural, coherent English sentence.
482	20	Roger has fired those unconvinced men.	Roger has fired that unconvinced men.	-103.5	-103.5	-10.3125	-10.3125	False	False	morphology	determiner_noun_agreement	Write a natural, coherent English sentence.
483	20	Amy wasn't kissing this content man.	Amy wasn't kissing these content man.	-103.0	-103.5	-10.3125	-10.3125	True	False	morphology	determiner_noun_agreement	Write a natural, coherent English sentence.
484	20	Every dancer hadn't praised those good analyses.	Every dancer hadn't praised that good analyses.	-124.0	-124.0	-10.375	-10.375	False	False	morphology	determiner_noun_agreement	Write a natural, coherent English sentence.
485	20	Rhonda wasn't hiding those red mice.	Rhonda wasn't hiding that red mice.	-113.5	-113.5	-10.3125	-10.3125	False	False	morphology	determiner_noun_agreement	Write a natural, coherent English sentence.
486	20	Every pedestrian talks about that bad synopsis.	Every pedestrian talks about those bad synopsis.	-103.0	-103.0	-10.25	-10.25	False	False	morphology	determiner_noun_agreement	Write a natural, coherent English sentence.
487	20	The fish shocks these old alumni.	The fish shocks this old alumni.	-103.5	-103.5	-10.3125	-10.3125	False	False	morphology	determiner_noun_agreement	Write a natural, coherent English sentence.
488	20	Those waitresses visited those scared alumni.	Those waitresses visited that scared alumni.	-113.0	-113.0	-10.25	-10.25	False	False	morphology	determiner_noun_agreement	Write a natural, coherent English sentence.
489	20	That library was listening to this nice man.	That library was listening to these nice man.	-93.0	-93.0	-10.3125	-10.3125	False	False	morphology	determiner_noun_agreement	Write a natural, coherent English sentence.
490	20	Steve wasn't bringing that blue stimulus.	Steve wasn't bringing those blue stimulus.	-103.0	-103.0	-10.3125	-10.3125	False	False	morphology	determiner_noun_agreement	Write a natural, coherent English sentence.
491	20	Some guest was hiring that scared woman.	Some guest was hiring those scared woman.	-83.0	-83.0	-10.375	-10.375	False	False	morphology	determiner_noun_agreement	Write a natural, coherent English sentence.
492	20	The spotlights upset this unconvinced alumnus.	The spotlights upset these unconvinced alumnus.	-134.0	-134.0	-10.3125	-10.3125	False	False	morphology	determiner_noun_agreement	Write a natural, coherent English sentence.
493	20	Todd might observe this lost man.	Todd might observe these lost man.	-72.5	-72.5	-10.375	-10.375	False	False	morphology	determiner_noun_agreement	Write a natural, coherent English sentence.
494	20	People could describe that unconvinced person.	People could describe those unconvinced person.	-103.0	-103.5	-10.3125	-10.3125	True	False	morphology	determiner_noun_agreement	Write a natural, coherent English sentence.
495	20	That waiter had astounded these lucky people.	That waiter had astounded this lucky people.	-113.0	-113.5	-10.3125	-10.3125	True	False	morphology	determiner_noun_agreement	Write a natural, coherent English sentence.
496	20	Kendra disgusted these confident women.	Kendra disgusted this confident women.	-93.0	-93.0	-10.375	-10.375	False	False	morphology	determiner_noun_agreement	Write a natural, coherent English sentence.
497	20	Spain hasn't annoyed those old people.	Spain hasn't annoyed that old people.	-103.0	-103.0	-10.3125	-10.3125	False	False	morphology	determiner_noun_agreement	Write a natural, coherent English sentence.
498	20	Steve kisses these out in the open people.	Steve kisses this out in the open people.	-103.0	-103.0	-10.3125	-10.3125	False	False	morphology	determiner_noun_agreement	Write a natural, coherent English sentence.
499	20	Wayne kissed those unconvinced men.	Wayne kissed that unconvinced men.	-93.0	-93.0	-10.375	-10.375	False	False	morphology	determiner_noun_agreement	Write a natural, coherent English sentence.
500	20	Douglas has brought those lost cacti.	Douglas has brought that lost cacti.	-93.0	-93.0	-10.3125	-10.3125	False	False	morphology	determiner_noun_agreement	Write a natural, coherent English sentence.
501	20	Tammy can't reveal that big alumnus.	Tammy can't reveal those big alumnus.	-123.5	-124.0	-10.3125	-10.3125	True	False	morphology	determiner_noun_agreement	Write a natural, coherent English sentence.
502	20	Deborah fled from those standing children.	Deborah fled from that standing children.	-93.0	-93.0	-10.3125	-10.3125	False	False	morphology	determiner_noun_agreement	Write a natural, coherent English sentence.
503	20	A man wasn't cleaning that hard fungus.	A man wasn't cleaning those hard fungus.	-124.0	-124.0	-10.3125	-10.3125	False	False	morphology	determiner_noun_agreement	Write a natural, coherent English sentence.
504	20	Danielle has broken those gray teeth.	Danielle has broken that gray teeth.	-82.5	-82.5	-10.3125	-10.3125	False	False	morphology	determiner_noun_agreement	Write a natural, coherent English sentence.
505	20	Derek praised this big thesis.	Derek praised these big thesis.	-72.5	-72.5	-10.375	-10.375	False	False	morphology	determiner_noun_agreement	Write a natural, coherent English sentence.
506	20	Gary has disgusted those unsure people.	Gary has disgusted that unsure people.	-93.5	-93.0	-10.375	-10.375	False	False	morphology	determiner_noun_agreement	Write a natural, coherent English sentence.
507	20	A senator insulted this bad synopsis.	A senator insulted these bad synopsis.	-103.0	-103.0	-10.3125	-10.3125	False	False	morphology	determiner_noun_agreement	Write a natural, coherent English sentence.
508	20	A lot of drivers visit these purple oases.	A lot of drivers visit this purple oases.	-103.0	-103.5	-10.3125	-10.3125	True	False	morphology	determiner_noun_agreement	Write a natural, coherent English sentence.
509	20	Richard isn't attacking this fast child.	Richard isn't attacking these fast child.	-93.5	-93.0	-10.375	-10.375	False	False	morphology	determiner_noun_agreement	Write a natural, coherent English sentence.
510	20	Frank shocked that unsure man.	Frank shocked those unsure man.	-73.0	-72.5	-10.375	-10.375	False	False	morphology	determiner_noun_agreement	Write a natural, coherent English sentence.
511	20	Brett returned to that confident man.	Brett returned to those confident man.	-82.5	-82.5	-10.3125	-10.3125	False	False	morphology	determiner_noun_agreement	Write a natural, coherent English sentence.
512	20	Many ladies weren't passing these old oases.	Many ladies weren't passing this old oases.	-113.5	-113.5	-10.3125	-10.3125	False	False	morphology	determiner_noun_agreement	Write a natural, coherent English sentence.
513	20	A waiter brought those purple teeth.	A waiter brought that purple teeth.	-82.5	-82.5	-10.3125	-10.3125	False	False	morphology	determiner_noun_agreement	Write a natural, coherent English sentence.
514	20	Beverly has fired this fast alumnus.	Beverly has fired these fast alumnus.	-103.0	-103.0	-10.3125	-10.3125	False	False	morphology	determiner_noun_agreement	Write a natural, coherent English sentence.
515	20	Men haven't observed that standing man.	Men haven't observed those standing man.	-93.0	-93.5	-10.375	-10.375	True	False	morphology	determiner_noun_agreement	Write a natural, coherent English sentence.
516	20	Tiffany admired this ill child.	Tiffany admired these ill child.	-93.0	-93.0	-10.3125	-10.3125	False	False	morphology	determiner_noun_agreement	Write a natural, coherent English sentence.
517	20	That patient didn't love that unemployed alumnus.	That patient didn't love those unemployed alumnus.	-134.0	-134.0	-10.3125	-10.3125	False	False	morphology	determiner_noun_agreement	Write a natural, coherent English sentence.
518	20	Aaron reveals that red tooth.	Aaron reveals those red tooth.	-62.25	-62.25	-10.375	-10.375	False	False	morphology	determiner_noun_agreement	Write a natural, coherent English sentence.
519	20	Monica was insulting those bad people.	Monica was insulting that bad people.	-92.5	-93.0	-10.3125	-10.3125	True	False	morphology	determiner_noun_agreement	Write a natural, coherent English sentence.
520	20	These teenagers watch that old alumnus.	These teenagers watch those old alumnus.	-102.5	-102.5	-10.25	-10.25	False	False	morphology	determiner_noun_agreement	Write a natural, coherent English sentence.
521	20	Tina might confuse this exposed child.	Tina might confuse these exposed child.	-93.0	-93.0	-10.375	-10.375	False	False	morphology	determiner_noun_agreement	Write a natural, coherent English sentence.
522	20	A face was confusing that nice woman.	A face was confusing those nice woman.	-83.0	-83.0	-10.375	-10.375	False	False	morphology	determiner_noun_agreement	Write a natural, coherent English sentence.
523	20	An adult researches that good analysis.	An adult researches those good analysis.	-103.0	-103.5	-10.3125	-10.375	True	True	morphology	determiner_noun_agreement	Write a natural, coherent English sentence.
524	20	Some broccoli isn't annoying these unconvinced women.	Some broccoli isn't annoying this unconvinced women.	-155.0	-155.0	-10.3125	-10.3125	False	False	morphology	determiner_noun_agreement	Write a natural, coherent English sentence.
525	20	Nancy talks about these content children.	Nancy talks about this content children.	-72.5	-72.5	-10.3125	-10.3125	False	False	morphology	determiner_noun_agreement	Write a natural, coherent English sentence.
526	20	Regina found this lost ox.	Regina found these lost ox.	-82.5	-82.5	-10.3125	-10.3125	False	False	morphology	determiner_noun_agreement	Write a natural, coherent English sentence.
527	20	Emily had respected that clever man.	Emily had respected those clever man.	-72.5	-72.5	-10.3125	-10.3125	False	False	morphology	determiner_noun_agreement	Write a natural, coherent English sentence.
528	20	Kathleen has worked with this confident man.	Kathleen has worked with these confident man.	-93.0	-92.5	-10.3125	-10.3125	False	False	morphology	determiner_noun_agreement	Write a natural, coherent English sentence.
529	20	Most customers are distracting these determined children.	Most customers are distracting this determined children.	-93.0	-93.0	-10.3125	-10.3125	False	False	morphology	determiner_noun_agreement	Write a natural, coherent English sentence.
530	20	Rachelle didn't cure this black octopus.	Rachelle didn't cure these black octopus.	-123.5	-123.5	-10.3125	-10.3125	False	False	morphology	determiner_noun_agreement	Write a natural, coherent English sentence.
531	20	Steven hugs these standing men.	Steven hugs this standing men.	-72.5	-72.5	-10.375	-10.375	False	False	morphology	determiner_noun_agreement	Write a natural, coherent English sentence.
532	20	Every popsicle shocked those excited men.	Every popsicle shocked that excited men.	-93.0	-93.0	-10.375	-10.3125	False	False	morphology	determiner_noun_agreement	Write a natural, coherent English sentence.
533	20	Sonia lifts that new oasis.	Sonia lifts those new oasis.	-93.0	-93.0	-10.3125	-10.3125	False	False	morphology	determiner_noun_agreement	Write a natural, coherent English sentence.
534	20	Cheryl might tour that purple oasis.	Cheryl might tour those purple oasis.	-93.0	-93.0	-10.3125	-10.3125	False	False	morphology	determiner_noun_agreement	Write a natural, coherent English sentence.
535	20	This doctor appreciates this bad child.	This doctor appreciates these bad child.	-82.5	-82.5	-10.3125	-10.3125	False	False	morphology	determiner_noun_agreement	Write a natural, coherent English sentence.
536	20	Leslie breaks those red feet.	Leslie breaks that red feet.	-72.0	-72.5	-10.3125	-10.3125	True	False	morphology	determiner_noun_agreement	Write a natural, coherent English sentence.
537	20	Bethany hasn't hidden that yellow louse.	Bethany hasn't hidden those yellow louse.	-113.5	-113.5	-10.3125	-10.3125	False	False	morphology	determiner_noun_agreement	Write a natural, coherent English sentence.
538	20	Some people have criticized this brown thesis.	Some people have criticized these brown thesis.	-92.5	-92.5	-10.25	-10.25	False	False	morphology	determiner_noun_agreement	Write a natural, coherent English sentence.
539	20	Noah heals this determined child.	Noah heals these determined child.	-72.5	-72.5	-10.375	-10.3125	False	False	morphology	determiner_noun_agreement	Write a natural, coherent English sentence.
540	20	Kevin biked to those big oases.	Kevin biked to that big oases.	-103.5	-103.5	-10.375	-10.3125	False	False	morphology	determiner_noun_agreement	Write a natural, coherent English sentence.
541	20	Wayne hadn't bored these sick men.	Wayne hadn't bored this sick men.	-93.5	-93.5	-10.375	-10.375	False	False	morphology	determiner_noun_agreement	Write a natural, coherent English sentence.
542	20	Amy returns to those young alumni.	Amy returns to that young alumni.	-93.0	-93.0	-10.3125	-10.3125	False	False	morphology	determiner_noun_agreement	Write a natural, coherent English sentence.
543	20	That gate did aggravate this excited woman.	That gate did aggravate these excited woman.	-103.5	-103.5	-10.3125	-10.375	False	True	morphology	determiner_noun_agreement	Write a natural, coherent English sentence.
544	20	Melissa observes that bad child.	Melissa observes those bad child.	-82.5	-82.5	-10.3125	-10.3125	False	False	morphology	determiner_noun_agreement	Write a natural, coherent English sentence.
545	20	Kathleen wasn't scanning those long synopses.	Kathleen wasn't scanning that long synopses.	-134.0	-134.0	-10.3125	-10.3125	False	False	morphology	determiner_noun_agreement	Write a natural, coherent English sentence.
546	20	That guy dropped by these white oases.	That guy dropped by this white oases.	-93.0	-93.0	-10.3125	-10.3125	False	False	morphology	determiner_noun_agreement	Write a natural, coherent English sentence.
547	20	Every child might fire this serious child.	Every child might fire these serious child.	-82.5	-82.5	-10.3125	-10.3125	False	False	morphology	determiner_noun_agreement	Write a natural, coherent English sentence.
548	20	Meredith had concealed that black thesis.	Meredith had concealed those black thesis.	-103.0	-103.0	-10.3125	-10.3125	False	False	morphology	determiner_noun_agreement	Write a natural, coherent English sentence.
549	20	Randolf didn't see these blue teeth.	Randolf didn't see this blue teeth.	-103.0	-103.0	-10.3125	-10.3125	False	False	morphology	determiner_noun_agreement	Write a natural, coherent English sentence.
550	20	Some guy passes that rough oasis.	Some guy passes those rough oasis.	-82.5	-82.5	-10.3125	-10.3125	False	False	morphology	determiner_noun_agreement	Write a natural, coherent English sentence.
551	20	Guys hurts that smart man.	Guys hurts those smart man.	-83.0	-83.0	-10.375	-10.375	False	False	morphology	determiner_noun_agreement	Write a natural, coherent English sentence.
552	20	Many museums should describe this fast man.	Many museums should describe these fast man.	-93.0	-93.0	-10.3125	-10.3125	False	False	morphology	determiner_noun_agreement	Write a natural, coherent English sentence.
553	20	A lot of chairs haven't embarrassed this serious man.	A lot of chairs haven't embarrassed these serious man.	-124.0	-124.0	-10.3125	-10.3125	False	False	morphology	determiner_noun_agreement	Write a natural, coherent English sentence.
554	20	Emily talked about that ill alumnus.	Emily talked about those ill alumnus.	-92.5	-92.5	-10.3125	-10.3125	False	False	morphology	determiner_noun_agreement	Write a natural, coherent English sentence.
555	20	A lot of girls notice these black lice.	A lot of girls notice this black lice.	-103.0	-103.0	-10.3125	-10.3125	False	False	morphology	determiner_noun_agreement	Write a natural, coherent English sentence.
556	20	Those schools reference that green thesis.	Those schools reference those green thesis.	-72.5	-72.5	-10.375	-10.375	False	False	morphology	determiner_noun_agreement	Write a natural, coherent English sentence.
557	20	Bradley had bored this delighted alumnus.	Bradley had bored these delighted alumnus.	-103.0	-103.0	-10.3125	-10.3125	False	False	morphology	determiner_noun_agreement	Write a natural, coherent English sentence.
558	20	Melinda scares this good woman.	Melinda scares these good woman.	-82.5	-82.5	-10.3125	-10.3125	False	False	morphology	determiner_noun_agreement	Write a natural, coherent English sentence.
559	20	Those pedestrians go to those big oases.	Those pedestrians go to that big oases.	-114.0	-114.0	-10.375	-10.375	False	False	morphology	determiner_noun_agreement	Write a natural, coherent English sentence.
560	20	Many doctors escaped from that lost child.	Many doctors escaped from those lost child.	-82.5	-82.5	-10.3125	-10.3125	False	False	morphology	determiner_noun_agreement	Write a natural, coherent English sentence.
561	20	Tamara isn't revealing that orange ox.	Tamara isn't revealing those orange ox.	-103.0	-103.5	-10.3125	-10.3125	True	False	morphology	determiner_noun_agreement	Write a natural, coherent English sentence.
562	20	Many patients arrive at that hidden oasis.	Many patients arrive at those hidden oasis.	-92.5	-92.5	-10.3125	-10.3125	False	False	morphology	determiner_noun_agreement	Write a natural, coherent English sentence.
563	20	Beth leaves these happy children.	Beth leaves this happy children.	-62.0	-62.0	-10.3125	-10.375	False	True	morphology	determiner_noun_agreement	Write a natural, coherent English sentence.
564	20	Deanna broke that yellow foot.	Deanna broke those yellow foot.	-72.5	-72.0	-10.3125	-10.3125	False	False	morphology	determiner_noun_agreement	Write a natural, coherent English sentence.
565	20	Jessica had talked to that concealed man.	Jessica had talked to those concealed man.	-93.0	-93.0	-10.3125	-10.3125	False	False	morphology	determiner_noun_agreement	Write a natural, coherent English sentence.
566	20	Those actors praise those long synopses.	Those actors praise that long synopses.	-93.0	-93.0	-10.375	-10.375	False	False	morphology	determiner_noun_agreement	Write a natural, coherent English sentence.
567	20	This coat hasn't astounded these popular men.	This coat hasn't astounded this popular men.	-123.5	-123.5	-10.3125	-10.3125	False	False	morphology	determiner_noun_agreement	Write a natural, coherent English sentence.
568	20	Wendy does talk to this scared alumnus.	Wendy does talk to these scared alumnus.	-113.5	-113.5	-10.3125	-10.3125	False	False	morphology	determiner_noun_agreement	Write a natural, coherent English sentence.
569	20	Christine is questioning these happy men.	Christine is questioning this happy men.	-83.0	-83.0	-10.375	-10.375	False	False	morphology	determiner_noun_agreement	Write a natural, coherent English sentence.
570	20	All doctors loved that displeased man.	All doctors loved those displeased man.	-93.0	-93.0	-10.375	-10.375	False	False	morphology	determiner_noun_agreement	Write a natural, coherent English sentence.
571	20	Waitresses researched these long synopses.	Waitresses researched this long synopses.	-134.0	-134.0	-10.25	-10.25	False	False	morphology	determiner_noun_agreement	Write a natural, coherent English sentence.
572	20	Alexander can flee from this nice woman.	Alexander can flee from these nice woman.	-93.0	-93.0	-10.3125	-10.3125	False	False	morphology	determiner_noun_agreement	Write a natural, coherent English sentence.
573	20	Walter hadn't hated this fast man.	Walter hadn't hated these fast man.	-93.0	-93.0	-10.375	-10.375	False	False	morphology	determiner_noun_agreement	Write a natural, coherent English sentence.
574	20	Those cashiers buy those smooth lice.	Those cashiers buy that smooth lice.	-93.0	-93.0	-10.3125	-10.3125	False	False	morphology	determiner_noun_agreement	Write a natural, coherent English sentence.
575	20	Sonia hid that determined child.	Sonia hid those determined child.	-72.5	-72.5	-10.375	-10.3125	False	False	morphology	determiner_noun_agreement	Write a natural, coherent English sentence.
576	20	Barbara is observing that excited person.	Barbara is observing those excited person.	-82.5	-83.0	-10.3125	-10.375	True	True	morphology	determiner_noun_agreement	Write a natural, coherent English sentence.
577	20	That company stuns these unconvinced women.	That company stuns this unconvinced women.	-114.0	-114.0	-10.375	-10.375	False	False	morphology	determiner_noun_agreement	Write a natural, coherent English sentence.
578	20	Paul thought about those bad theses.	Paul thought about that bad theses.	-82.5	-83.0	-10.3125	-10.375	True	True	morphology	determiner_noun_agreement	Write a natural, coherent English sentence.
579	20	Victoria escaped from these displeased children.	Victoria escaped from this displeased children.	-93.0	-93.0	-10.3125	-10.3125	False	False	morphology	determiner_noun_agreement	Write a natural, coherent English sentence.
580	20	Brad notices this big octopus.	Brad notices these big octopus.	-92.5	-92.5	-10.3125	-10.3125	False	False	morphology	determiner_noun_agreement	Write a natural, coherent English sentence.
581	20	Adam is praising those yellow theses.	Adam is praising that yellow theses.	-93.0	-93.5	-10.375	-10.375	True	False	morphology	determiner_noun_agreement	Write a natural, coherent English sentence.
582	20	Douglas did tour those hidden oases.	Douglas did tour that hidden oases.	-83.0	-83.0	-10.375	-10.375	False	False	morphology	determiner_noun_agreement	Write a natural, coherent English sentence.
583	20	Gerald couldn't know these happy men.	Gerald couldn't know this happy men.	-103.0	-103.0	-10.3125	-10.3125	False	False	morphology	determiner_noun_agreement	Write a natural, coherent English sentence.
584	20	Those women hug that smart man.	Those women hug those smart man.	-72.5	-72.5	-10.375	-10.3125	False	False	morphology	determiner_noun_agreement	Write a natural, coherent English sentence.
585	20	These senators wouldn't forget that long synopsis.	These senators wouldn't forget those long synopsis.	-124.0	-124.0	-10.3125	-10.3125	False	False	morphology	determiner_noun_agreement	Write a natural, coherent English sentence.
586	20	Edward took those lost stimuli.	Edward took that lost stimuli.	-72.5	-72.0	-10.3125	-10.3125	False	False	morphology	determiner_noun_agreement	Write a natural, coherent English sentence.
587	20	The waitresses did know this lucky person.	The waitresses did know these lucky person.	-102.5	-102.5	-10.25	-10.25	False	False	morphology	determiner_noun_agreement	Write a natural, coherent English sentence.
588	20	That library might love this important person.	That library might love these important person.	-83.0	-83.0	-10.375	-10.375	False	False	morphology	determiner_noun_agreement	Write a natural, coherent English sentence.
589	20	Carrie was healing this gray octopus.	Carrie was healing these gray octopus.	-103.0	-103.0	-10.3125	-10.3125	False	False	morphology	determiner_noun_agreement	Write a natural, coherent English sentence.
590	20	Sonia hadn't cleaned those gray teeth.	Sonia hadn't cleaned that gray teeth.	-103.0	-103.5	-10.3125	-10.3125	True	False	morphology	determiner_noun_agreement	Write a natural, coherent English sentence.
591	20	The Lutherans alarmed this confident woman.	The Lutherans alarmed these confident woman.	-93.0	-93.0	-10.3125	-10.375	False	True	morphology	determiner_noun_agreement	Write a natural, coherent English sentence.
592	20	This shirt impressed those popular people.	This shirt impressed that popular people.	-72.5	-72.5	-10.375	-10.375	False	False	morphology	determiner_noun_agreement	Write a natural, coherent English sentence.
593	20	Some schools love that employed person.	Some schools love those employed person.	-72.5	-72.5	-10.3125	-10.375	False	True	morphology	determiner_noun_agreement	Write a natural, coherent English sentence.
594	20	Valerie hasn't known this young child.	Valerie hasn't known these young child.	-103.0	-103.0	-10.3125	-10.3125	False	False	morphology	determiner_noun_agreement	Write a natural, coherent English sentence.
595	20	Scott respected those displeased men.	Scott respected that displeased men.	-83.0	-83.0	-10.375	-10.375	False	False	morphology	determiner_noun_agreement	Write a natural, coherent English sentence.
596	20	The ladies work with those lost children.	The ladies work with that lost children.	-83.0	-83.0	-10.375	-10.375	False	False	morphology	determiner_noun_agreement	Write a natural, coherent English sentence.
597	20	Dawn had biked to this small oasis.	Dawn had biked to these small oasis.	-123.5	-123.5	-10.25	-10.25	False	False	morphology	determiner_noun_agreement	Write a natural, coherent English sentence.
598	20	Samantha would explore that gray oasis.	Samantha would explore those gray oasis.	-102.5	-102.5	-10.25	-10.25	False	False	morphology	determiner_noun_agreement	Write a natural, coherent English sentence.
599	20	All steps upset those unemployed men.	All steps upset that unemployed men.	-82.5	-82.5	-10.3125	-10.3125	False	False	morphology	determiner_noun_agreement	Write a natural, coherent English sentence.
600	20	Marla has described that unemployed woman.	Marla has described those unemployed woman.	-93.0	-93.0	-10.3125	-10.3125	False	False	morphology	determiner_noun_agreement	Write a natural, coherent English sentence.
601	20	Most universities bore those excited children.	Most universities bore that excited children.	-72.5	-72.5	-10.375	-10.3125	False	False	morphology	determiner_noun_agreement	Write a natural, coherent English sentence.
602	20	These banks should reference that purple thesis.	These banks should reference those purple thesis.	-83.0	-83.0	-10.375	-10.375	False	False	morphology	determiner_noun_agreement	Write a natural, coherent English sentence.
603	20	Sherry brought those concealed geese.	Sherry brought that concealed geese.	-93.0	-93.0	-10.3125	-10.3125	False	False	morphology	determiner_noun_agreement	Write a natural, coherent English sentence.
604	20	Many pedestrians complain about these long analyses.	Many pedestrians complain about this long analyses.	-113.0	-113.5	-10.3125	-10.3125	True	False	morphology	determiner_noun_agreement	Write a natural, coherent English sentence.
605	20	Theresa fixed these small teeth.	Theresa fixed this small teeth.	-72.0	-72.0	-10.3125	-10.3125	False	False	morphology	determiner_noun_agreement	Write a natural, coherent English sentence.
606	20	This lake disturbed those unconvinced men.	This lake disturbed that unconvinced men.	-113.5	-113.5	-10.3125	-10.3125	False	False	morphology	determiner_noun_agreement	Write a natural, coherent English sentence.
607	20	Catherine was talking about those bad synopses.	Catherine was talking about that bad synopses.	-103.0	-103.0	-10.3125	-10.3125	False	False	morphology	determiner_noun_agreement	Write a natural, coherent English sentence.
608	20	Alicia had escaped from these hidden men.	Alicia had escaped from this hidden men.	-103.0	-103.0	-10.3125	-10.3125	False	False	morphology	determiner_noun_agreement	Write a natural, coherent English sentence.
609	20	Natalie hasn't worked with this confident woman.	Natalie hasn't worked with these confident woman.	-113.5	-113.5	-10.3125	-10.3125	False	False	morphology	determiner_noun_agreement	Write a natural, coherent English sentence.
610	20	Amelia annoyed this smart man.	Amelia annoyed these smart man.	-82.0	-82.0	-10.25	-10.25	False	False	morphology	determiner_noun_agreement	Write a natural, coherent English sentence.
611	20	Every guest is irritating this serious child.	Every guest is irritating these serious child.	-93.0	-93.0	-10.375	-10.3125	False	False	morphology	determiner_noun_agreement	Write a natural, coherent English sentence.
612	20	All reports annoyed this hopeful person.	All reports annoyed these hopeful person.	-92.5	-92.5	-10.25	-10.3125	False	True	morphology	determiner_noun_agreement	Write a natural, coherent English sentence.
613	20	These women break those orange teeth.	These women break that orange teeth.	-72.5	-72.5	-10.3125	-10.3125	False	False	morphology	determiner_noun_agreement	Write a natural, coherent English sentence.
614	20	Christopher could shock this excited child.	Christopher could shock these excited child.	-72.5	-72.5	-10.375	-10.3125	False	False	morphology	determiner_noun_agreement	Write a natural, coherent English sentence.
615	20	This spotlight hasn't disgusted that employed child.	This spotlight hasn't disgusted those employed child.	-124.0	-124.0	-10.3125	-10.3125	False	False	morphology	determiner_noun_agreement	Write a natural, coherent English sentence.
616	20	Samantha fled from that busy child.	Samantha fled from those busy child.	-92.5	-92.5	-10.3125	-10.25	False	False	morphology	determiner_noun_agreement	Write a natural, coherent English sentence.
617	20	Lucille arrived at that hard oasis.	Lucille arrived at those hard oasis.	-92.5	-92.5	-10.3125	-10.3125	False	False	morphology	determiner_noun_agreement	Write a natural, coherent English sentence.
618	20	All teachers see those yellow lice.	All teachers see that yellow lice.	-83.0	-83.0	-10.375	-10.375	False	False	morphology	determiner_noun_agreement	Write a natural, coherent English sentence.
619	20	Some photographs haven't looked like these small octopi.	Some photographs haven't looked like this small octopi.	-134.0	-134.0	-10.3125	-10.3125	False	False	morphology	determiner_noun_agreement	Write a natural, coherent English sentence.
620	20	Danielle brought those blue feet.	Danielle brought that blue feet.	-72.0	-72.0	-10.3125	-10.3125	False	False	morphology	determiner_noun_agreement	Write a natural, coherent English sentence.
621	20	Todd hadn't left those exposed men.	Todd hadn't left that exposed men.	-93.0	-93.0	-10.3125	-10.3125	False	False	morphology	determiner_noun_agreement	Write a natural, coherent English sentence.
622	20	Some doctors embarrasses those delighted alumni.	Some doctors embarrasses that delighted alumni.	-103.0	-103.5	-10.3125	-10.3125	True	False	morphology	determiner_noun_agreement	Write a natural, coherent English sentence.
623	20	The actresses forget that unemployed alumnus.	The actresses forget those unemployed alumnus.	-113.0	-113.0	-10.25	-10.25	False	False	morphology	determiner_noun_agreement	Write a natural, coherent English sentence.
624	20	A lot of socks alarm this unsure alumnus.	A lot of socks alarm these unsure alumnus.	-123.5	-123.5	-10.3125	-10.3125	False	False	morphology	determiner_noun_agreement	Write a natural, coherent English sentence.
625	20	The customers are thinking about that busy child.	The customers are thinking about those busy child.	-93.0	-93.0	-10.3125	-10.3125	False	False	morphology	determiner_noun_agreement	Write a natural, coherent English sentence.
626	20	Kristin wasn't kissing those small men.	Kristin wasn't kissing that small men.	-113.5	-113.5	-10.3125	-10.3125	False	False	morphology	determiner_noun_agreement	Write a natural, coherent English sentence.
627	20	Omar hasn't broken this broken foot.	Omar hasn't broken these broken foot.	-103.0	-103.0	-10.3125	-10.3125	False	False	morphology	determiner_noun_agreement	Write a natural, coherent English sentence.
628	20	The actress worked with this nice woman.	The actress worked with these nice woman.	-83.0	-83.0	-10.375	-10.375	False	False	morphology	determiner_noun_agreement	Write a natural, coherent English sentence.
629	20	Patients insult these happy people.	Patients insult this happy people.	-72.5	-72.5	-10.375	-10.375	False	False	morphology	determiner_noun_agreement	Write a natural, coherent English sentence.
630	20	Spain bought those orange lice.	Spain bought that orange lice.	-72.5	-72.5	-10.3125	-10.375	False	True	morphology	determiner_noun_agreement	Write a natural, coherent English sentence.
631	20	Those waiters didn't kiss this unlucky child.	Those waiters didn't kiss these unlucky child.	-134.0	-134.0	-10.3125	-10.3125	False	False	morphology	determiner_noun_agreement	Write a natural, coherent English sentence.
632	20	Jennifer isn't touring these old oases.	Jennifer isn't touring this old oases.	-113.5	-113.5	-10.3125	-10.3125	False	False	morphology	determiner_noun_agreement	Write a natural, coherent English sentence.
633	20	Glaciers upset this small child.	Glaciers upset these small child.	-83.0	-83.0	-10.375	-10.375	False	False	morphology	determiner_noun_agreement	Write a natural, coherent English sentence.
634	20	John investigated these old men.	John investigated this old men.	-62.0	-62.0	-10.375	-10.375	False	False	morphology	determiner_noun_agreement	Write a natural, coherent English sentence.
635	20	Some doctors hated these yellow theses.	Some doctors hated this yellow theses.	-82.5	-82.5	-10.3125	-10.3125	False	False	morphology	determiner_noun_agreement	Write a natural, coherent English sentence.
636	20	Linda described that clever man.	Linda described those clever man.	-62.25	-62.25	-10.375	-10.375	False	False	morphology	determiner_noun_agreement	Write a natural, coherent English sentence.
637	20	Many drawings are looking like these excited women.	Many drawings are looking like this excited women.	-93.0	-93.0	-10.375	-10.3125	False	False	morphology	determiner_noun_agreement	Write a natural, coherent English sentence.
638	20	Mitchell had concealed that small tooth.	Mitchell had concealed those small tooth.	-82.5	-82.5	-10.3125	-10.3125	False	False	morphology	determiner_noun_agreement	Write a natural, coherent English sentence.
639	20	Every dog had irritated this young child.	Every dog had irritated these young child.	-92.5	-92.5	-10.3125	-10.3125	False	False	morphology	determiner_noun_agreement	Write a natural, coherent English sentence.
640	20	Some doctors lift this exposed ox.	Some doctors lift these exposed ox.	-72.5	-72.5	-10.375	-10.375	False	False	morphology	determiner_noun_agreement	Write a natural, coherent English sentence.
641	20	Valerie was disgusting that happy woman.	Valerie was disgusting those happy woman.	-93.0	-93.0	-10.3125	-10.3125	False	False	morphology	determiner_noun_agreement	Write a natural, coherent English sentence.
642	20	Claire hugs those clever men.	Claire hugs that clever men.	-72.5	-72.5	-10.375	-10.375	False	False	morphology	determiner_noun_agreement	Write a natural, coherent English sentence.
643	20	All adults go to these white oases.	All adults go to this white oases.	-93.0	-93.0	-10.375	-10.3125	False	False	morphology	determiner_noun_agreement	Write a natural, coherent English sentence.
644	20	Bill observed this nice child.	Bill observed these nice child.	-62.25	-62.25	-10.375	-10.375	False	False	morphology	determiner_noun_agreement	Write a natural, coherent English sentence.
645	20	Diana kissed these delighted alumni.	Diana kissed this delighted alumni.	-83.0	-83.0	-10.375	-10.375	False	False	morphology	determiner_noun_agreement	Write a natural, coherent English sentence.
646	20	Governments are describing those sick people.	Governments are describing that sick people.	-82.5	-82.5	-10.3125	-10.3125	False	False	morphology	determiner_noun_agreement	Write a natural, coherent English sentence.
647	20	The doctors cure that young woman.	The doctors cure those young woman.	-72.0	-72.0	-10.3125	-10.3125	False	False	morphology	determiner_noun_agreement	Write a natural, coherent English sentence.
648	20	Dancers did disagree with this ill child.	Dancers did disagree with these ill child.	-93.5	-93.5	-10.375	-10.375	False	False	morphology	determiner_noun_agreement	Write a natural, coherent English sentence.
649	20	Veronica couldn't embarrass these exposed men.	Veronica couldn't embarrass this exposed men.	-113.5	-113.5	-10.3125	-10.3125	False	False	morphology	determiner_noun_agreement	Write a natural, coherent English sentence.
650	20	The students cared for that delighted man.	The students cared for those delighted man.	-83.0	-82.5	-10.375	-10.3125	False	False	morphology	determiner_noun_agreement	Write a natural, coherent English sentence.
651	20	Steve conceals these important men.	Steve conceals this important men.	-72.0	-72.5	-10.3125	-10.3125	True	False	morphology	determiner_noun_agreement	Write a natural, coherent English sentence.
652	20	These actresses will talk to these content men.	These actresses will talk to this content men.	-103.0	-103.0	-10.3125	-10.3125	False	False	morphology	determiner_noun_agreement	Write a natural, coherent English sentence.
653	20	That teenager wouldn't buy these rough oxen.	That teenager wouldn't buy this rough oxen.	-113.5	-113.5	-10.3125	-10.3125	False	False	morphology	determiner_noun_agreement	Write a natural, coherent English sentence.
654	20	Sheila wouldn't kiss that happy child.	Sheila wouldn't kiss those happy child.	-103.0	-103.0	-10.3125	-10.3125	False	False	morphology	determiner_noun_agreement	Write a natural, coherent English sentence.
655	20	Erin drove to these out in the open oases.	Erin drove to this out in the open oases.	-124.0	-123.5	-10.3125	-10.3125	False	False	morphology	determiner_noun_agreement	Write a natural, coherent English sentence.
656	20	Every hat has embarrassed those hopeful people.	Every hat has embarrassed that hopeful people.	-92.5	-92.5	-10.3125	-10.3125	False	False	morphology	determiner_noun_agreement	Write a natural, coherent English sentence.
657	20	Every man is fleeing from that exposed oasis.	Every man is fleeing from those exposed oasis.	-113.5	-113.0	-10.3125	-10.3125	False	False	morphology	determiner_noun_agreement	Write a natural, coherent English sentence.
658	20	Some adults visit this ill man.	Some adults visit these ill man.	-72.5	-72.5	-10.375	-10.3125	False	False	morphology	determiner_noun_agreement	Write a natural, coherent English sentence.
659	20	Janet did lift that good thesis.	Janet did lift those good thesis.	-82.5	-82.5	-10.3125	-10.3125	False	False	morphology	determiner_noun_agreement	Write a natural, coherent English sentence.
660	20	Katherine was cleaning this orange tooth.	Katherine was cleaning these orange tooth.	-82.5	-82.5	-10.3125	-10.3125	False	False	morphology	determiner_noun_agreement	Write a natural, coherent English sentence.
661	20	A lot of tomatoes can't confuse these ill alumni.	A lot of tomatoes can't confuse this ill alumni.	-164.0	-164.0	-10.25	-10.25	False	False	morphology	determiner_noun_agreement	Write a natural, coherent English sentence.
662	20	Rose goes to those out in the open oases.	Rose goes to that out in the open oases.	-113.5	-113.5	-10.3125	-10.3125	False	False	morphology	determiner_noun_agreement	Write a natural, coherent English sentence.
663	20	These governments criticize those gray oases.	These governments criticize that gray oases.	-93.0	-93.0	-10.375	-10.375	False	False	morphology	determiner_noun_agreement	Write a natural, coherent English sentence.
664	20	Kevin forgot those delighted men.	Kevin forgot that delighted men.	-62.5	-62.25	-10.375	-10.375	False	False	morphology	determiner_noun_agreement	Write a natural, coherent English sentence.
665	20	Most companies describe that long analysis.	Most companies describe those long analysis.	-72.5	-72.5	-10.375	-10.375	False	False	morphology	determiner_noun_agreement	Write a natural, coherent English sentence.
666	20	Vincent was skated around this small oasis.	Vincent was skated around these small oasis.	-103.0	-103.0	-10.3125	-10.3125	False	False	morphology	determiner_noun_agreement	Write a natural, coherent English sentence.
667	20	Many guys arrive at these out in the open oases.	Many guys arrive at this out in the open oases.	-123.5	-123.5	-10.3125	-10.3125	False	False	morphology	determiner_noun_agreement	Write a natural, coherent English sentence.
668	20	Gregory hadn't revealed these lost fungi.	Gregory hadn't revealed this lost fungi.	-103.5	-103.5	-10.375	-10.375	False	False	morphology	determiner_noun_agreement	Write a natural, coherent English sentence.
669	20	The cake stuns this standing man.	The cake stuns these standing man.	-82.5	-83.0	-10.3125	-10.375	True	True	morphology	determiner_noun_agreement	Write a natural, coherent English sentence.
670	20	Cheryl isn't irritating that clever man.	Cheryl isn't irritating those clever man.	-113.5	-113.5	-10.3125	-10.3125	False	False	morphology	determiner_noun_agreement	Write a natural, coherent English sentence.
671	20	Some cat bores those old children.	Some cat bores that old children.	-83.0	-83.0	-10.375	-10.375	False	False	morphology	determiner_noun_agreement	Write a natural, coherent English sentence.
672	20	The actress knows that delighted child.	The actress knows those delighted child.	-72.5	-72.5	-10.375	-10.375	False	False	morphology	determiner_noun_agreement	Write a natural, coherent English sentence.
673	20	That actress had driven to these hidden oases.	That actress had driven to this hidden oases.	-103.5	-103.5	-10.375	-10.375	False	False	morphology	determiner_noun_agreement	Write a natural, coherent English sentence.
674	20	The Lutherans arrive at this cheap oasis.	The Lutherans arrive at these cheap oasis.	-103.0	-103.0	-10.3125	-10.3125	False	False	morphology	determiner_noun_agreement	Write a natural, coherent English sentence.
675	20	Diane was kissing those lost women.	Diane was kissing that lost women.	-93.0	-93.0	-10.375	-10.375	False	False	morphology	determiner_noun_agreement	Write a natural, coherent English sentence.
676	20	Larry disturbs this employed woman.	Larry disturbs these employed woman.	-83.0	-83.0	-10.375	-10.375	False	False	morphology	determiner_noun_agreement	Write a natural, coherent English sentence.
677	20	Pies shock this upset woman.	Pies shock these upset woman.	-72.5	-73.0	-10.375	-10.375	True	False	morphology	determiner_noun_agreement	Write a natural, coherent English sentence.
678	20	Some waiters hug this content alumnus.	Some waiters hug these content alumnus.	-103.0	-103.0	-10.3125	-10.3125	False	False	morphology	determiner_noun_agreement	Write a natural, coherent English sentence.
679	20	Anna talked to those unsure men.	Anna talked to that unsure men.	-83.0	-83.0	-10.375	-10.375	False	False	morphology	determiner_noun_agreement	Write a natural, coherent English sentence.
680	20	This school bores this determined man.	This school bores these determined man.	-82.5	-82.5	-10.3125	-10.3125	False	False	morphology	determiner_noun_agreement	Write a natural, coherent English sentence.
681	20	Omar had thought about these unemployed men.	Omar had thought about this unemployed men.	-103.0	-103.0	-10.3125	-10.3125	False	False	morphology	determiner_noun_agreement	Write a natural, coherent English sentence.
682	20	Winston Churchill cleaned these big nuclei.	Winston Churchill cleaned this big nuclei.	-103.0	-103.0	-10.3125	-10.3125	False	False	morphology	determiner_noun_agreement	Write a natural, coherent English sentence.
683	20	These organizations aren't concealing that exposed child.	These organizations aren't concealing those exposed child.	-113.5	-114.0	-10.3125	-10.375	True	True	morphology	determiner_noun_agreement	Write a natural, coherent English sentence.
684	20	Erin bought this concealed axis.	Erin bought these concealed axis.	-82.5	-83.0	-10.3125	-10.375	True	True	morphology	determiner_noun_agreement	Write a natural, coherent English sentence.
685	20	Dan examines this long analysis.	Dan examines these long analysis.	-72.5	-72.0	-10.3125	-10.3125	False	False	morphology	determiner_noun_agreement	Write a natural, coherent English sentence.
686	20	These drivers concealed these gray oxen.	These drivers concealed this gray oxen.	-93.0	-93.0	-10.3125	-10.3125	False	False	morphology	determiner_noun_agreement	Write a natural, coherent English sentence.
687	20	All children impresses this happy man.	All children impresses these happy man.	-82.5	-82.5	-10.3125	-10.3125	False	False	morphology	determiner_noun_agreement	Write a natural, coherent English sentence.
688	20	People will conceal that concealed man.	People will conceal those concealed man.	-93.0	-93.0	-10.3125	-10.3125	False	False	morphology	determiner_noun_agreement	Write a natural, coherent English sentence.
689	20	Some patient returns to this old man.	Some patient returns to these old man.	-82.5	-82.5	-10.3125	-10.3125	False	False	morphology	determiner_noun_agreement	Write a natural, coherent English sentence.
690	20	Many actresses discovered those big oases.	Many actresses discovered that big oases.	-92.5	-92.5	-10.3125	-10.3125	False	False	morphology	determiner_noun_agreement	Write a natural, coherent English sentence.
691	20	The school talks about those young alumni.	The school talks about that young alumni.	-103.0	-103.0	-10.3125	-10.3125	False	False	morphology	determiner_noun_agreement	Write a natural, coherent English sentence.
692	20	Omar admired these blue fungi.	Omar admired this blue fungi.	-93.0	-93.0	-10.3125	-10.3125	False	False	morphology	determiner_noun_agreement	Write a natural, coherent English sentence.
693	20	Some school can't hate these good people.	Some school can't hate this good people.	-103.5	-104.0	-10.375	-10.375	True	False	morphology	determiner_noun_agreement	Write a natural, coherent English sentence.
694	20	A lot of eggplants wouldn't disturb that determined woman.	A lot of eggplants wouldn't disturb those determined woman.	-144.0	-144.0	-10.3125	-10.3125	False	False	morphology	determiner_noun_agreement	Write a natural, coherent English sentence.
695	20	That cake could annoy these uncertain men.	That cake could annoy this uncertain men.	-83.0	-83.0	-10.375	-10.375	False	False	morphology	determiner_noun_agreement	Write a natural, coherent English sentence.
696	20	Lamps are worrying these hopeful alumni.	Lamps are worrying this hopeful alumni.	-113.5	-113.5	-10.3125	-10.3125	False	False	morphology	determiner_noun_agreement	Write a natural, coherent English sentence.
697	20	A lot of eggplants bore these excited alumni.	A lot of eggplants bore this excited alumni.	-134.0	-134.0	-10.3125	-10.3125	False	False	morphology	determiner_noun_agreement	Write a natural, coherent English sentence.
698	20	A lot of teachers arrived at these old oases.	A lot of teachers arrived at this old oases.	-113.5	-113.5	-10.3125	-10.3125	False	False	morphology	determiner_noun_agreement	Write a natural, coherent English sentence.
699	20	Most sweaters hurt those happy people.	Most sweaters hurt that happy people.	-83.0	-83.0	-10.375	-10.375	False	False	morphology	determiner_noun_agreement	Write a natural, coherent English sentence.
700	20	Tara scans those good analyses.	Tara scans that good analyses.	-93.0	-93.0	-10.3125	-10.3125	False	False	morphology	determiner_noun_agreement	Write a natural, coherent English sentence.
701	20	The man doesn't reference this out in the open woman.	The man doesn't reference these out in the open woman.	-134.0	-134.0	-10.375	-10.375	False	False	morphology	determiner_noun_agreement	Write a natural, coherent English sentence.
702	20	This cashier is leaving this employed person.	This cashier is leaving these employed person.	-92.5	-93.0	-10.3125	-10.3125	True	False	morphology	determiner_noun_agreement	Write a natural, coherent English sentence.
703	20	Bananas bother these clever alumni.	Bananas bother this clever alumni.	-92.5	-92.5	-10.3125	-10.25	False	False	morphology	determiner_noun_agreement	Write a natural, coherent English sentence.
704	20	Some convertibles had worried those fast men.	Some convertibles had worried that fast men.	-93.0	-93.0	-10.3125	-10.3125	False	False	morphology	determiner_noun_agreement	Write a natural, coherent English sentence.
705	20	Carl bored those nice women.	Carl bored that nice women.	-62.25	-62.25	-10.375	-10.375	False	False	morphology	determiner_noun_agreement	Write a natural, coherent English sentence.
706	20	These teachers explore these old oases.	These teachers explore this old oases.	-83.0	-83.0	-10.375	-10.375	False	False	morphology	determiner_noun_agreement	Write a natural, coherent English sentence.
707	20	Many waiters work with this scared child.	Many waiters work with these scared child.	-93.0	-93.0	-10.3125	-10.3125	False	False	morphology	determiner_noun_agreement	Write a natural, coherent English sentence.
708	20	Committees admire that smart child.	Committees admire those smart child.	-93.0	-93.0	-10.3125	-10.3125	False	False	morphology	determiner_noun_agreement	Write a natural, coherent English sentence.
709	20	Matt approaches this exposed child.	Matt approaches these exposed child.	-62.25	-62.25	-10.375	-10.375	False	False	morphology	determiner_noun_agreement	Write a natural, coherent English sentence.
710	20	Brian talks to this lucky man.	Brian talks to these lucky man.	-72.5	-72.5	-10.375	-10.375	False	False	morphology	determiner_noun_agreement	Write a natural, coherent English sentence.
711	20	A boy isn't talking about that red oasis.	A boy isn't talking about those red oasis.	-124.0	-123.5	-10.3125	-10.3125	False	False	morphology	determiner_noun_agreement	Write a natural, coherent English sentence.
712	20	Phillip bought those black feet.	Phillip bought that black feet.	-72.0	-72.0	-10.3125	-10.3125	False	False	morphology	determiner_noun_agreement	Write a natural, coherent English sentence.
713	20	Eric isn't buying those brown geese.	Eric isn't buying that brown geese.	-103.5	-103.5	-10.375	-10.375	False	False	morphology	determiner_noun_agreement	Write a natural, coherent English sentence.
714	20	Elaine remembers this delighted woman.	Elaine remembers these delighted woman.	-83.0	-83.0	-10.375	-10.375	False	False	morphology	determiner_noun_agreement	Write a natural, coherent English sentence.
715	20	This pedestrian arrives at that smooth oasis.	This pedestrian arrives at those smooth oasis.	-103.0	-103.0	-10.3125	-10.3125	False	False	morphology	determiner_noun_agreement	Write a natural, coherent English sentence.
716	20	Those men forget these smart men.	Those men forget this smart men.	-72.5	-72.5	-10.3125	-10.375	False	True	morphology	determiner_noun_agreement	Write a natural, coherent English sentence.
717	20	Tara might alarm this unsure person.	Tara might alarm these unsure person.	-93.0	-93.0	-10.375	-10.375	False	False	morphology	determiner_noun_agreement	Write a natural, coherent English sentence.
718	20	Vanessa was healing those purple geese.	Vanessa was healing that purple geese.	-93.0	-93.0	-10.3125	-10.3125	False	False	morphology	determiner_noun_agreement	Write a natural, coherent English sentence.
719	20	Steven hasn't questioned those troubled people.	Steven hasn't questioned that troubled people.	-103.0	-103.5	-10.3125	-10.3125	True	False	morphology	determiner_noun_agreement	Write a natural, coherent English sentence.
720	20	Thomas hides this clever woman.	Thomas hides these clever woman.	-72.0	-72.0	-10.3125	-10.3125	False	False	morphology	determiner_noun_agreement	Write a natural, coherent English sentence.
721	20	Most eyes confuse these content alumni.	Most eyes confuse this content alumni.	-103.5	-103.5	-10.3125	-10.3125	False	False	morphology	determiner_noun_agreement	Write a natural, coherent English sentence.
722	20	That dog aggravates this busy child.	That dog aggravates these busy child.	-93.0	-93.0	-10.3125	-10.3125	False	False	morphology	determiner_noun_agreement	Write a natural, coherent English sentence.
723	20	Karen has attacked this popular child.	Karen has attacked these popular child.	-72.5	-72.5	-10.375	-10.375	False	False	morphology	determiner_noun_agreement	Write a natural, coherent English sentence.
724	20	Heidi might confuse those displeased men.	Heidi might confuse that displeased men.	-113.5	-113.5	-10.3125	-10.3125	False	False	morphology	determiner_noun_agreement	Write a natural, coherent English sentence.
725	20	Maria kisses this bad person.	Maria kisses these bad person.	-72.5	-72.5	-10.375	-10.3125	False	False	morphology	determiner_noun_agreement	Write a natural, coherent English sentence.
726	20	Tanya passes this purple oasis.	Tanya passes these purple oasis.	-83.0	-82.5	-10.375	-10.3125	False	False	morphology	determiner_noun_agreement	Write a natural, coherent English sentence.
727	20	Marla has respected those delighted alumni.	Marla has respected that delighted alumni.	-103.5	-103.5	-10.375	-10.375	False	False	morphology	determiner_noun_agreement	Write a natural, coherent English sentence.
728	20	Paula is investigating this employed alumnus.	Paula is investigating these employed alumnus.	-113.5	-113.5	-10.3125	-10.3125	False	False	morphology	determiner_noun_agreement	Write a natural, coherent English sentence.
729	20	Most chairs aren't disgusting those serious women.	Most chairs aren't disgusting that serious women.	-113.5	-113.5	-10.3125	-10.3125	False	False	morphology	determiner_noun_agreement	Write a natural, coherent English sentence.
730	20	Men hadn't run around this purple oasis.	Men hadn't run around these purple oasis.	-113.5	-113.5	-10.3125	-10.3125	False	False	morphology	determiner_noun_agreement	Write a natural, coherent English sentence.
731	20	Tina hadn't arrived at those green oases.	Tina hadn't arrived at that green oases.	-124.0	-124.0	-10.3125	-10.3125	False	False	morphology	determiner_noun_agreement	Write a natural, coherent English sentence.
732	20	Karla knew this busy alumnus.	Karla knew these busy alumnus.	-93.0	-93.0	-10.3125	-10.3125	False	False	morphology	determiner_noun_agreement	Write a natural, coherent English sentence.
733	20	The actors care for these exposed people.	The actors care for this exposed people.	-83.0	-83.0	-10.375	-10.375	False	False	morphology	determiner_noun_agreement	Write a natural, coherent English sentence.
734	20	Michelle might alarm this employed man.	Michelle might alarm these employed man.	-72.5	-72.5	-10.375	-10.375	False	False	morphology	determiner_noun_agreement	Write a natural, coherent English sentence.
735	20	Maria hasn't walked through these hard oases.	Maria hasn't walked through this hard oases.	-113.5	-113.5	-10.3125	-10.3125	False	False	morphology	determiner_noun_agreement	Write a natural, coherent English sentence.
736	20	That report might disagree with those delighted men.	That report might disagree with that delighted men.	-93.0	-93.5	-10.375	-10.375	True	False	morphology	determiner_noun_agreement	Write a natural, coherent English sentence.
737	20	Actresses discuss this popular person.	Actresses discuss these popular person.	-82.0	-82.0	-10.25	-10.25	False	False	morphology	determiner_noun_agreement	Write a natural, coherent English sentence.
738	20	Holly won't watch these unlucky men.	Holly won't watch this unlucky men.	-113.5	-114.0	-10.3125	-10.3125	True	False	morphology	determiner_noun_agreement	Write a natural, coherent English sentence.
739	20	Carl was driving to those blue oases.	Carl was driving to that blue oases.	-93.0	-93.0	-10.3125	-10.3125	False	False	morphology	determiner_noun_agreement	Write a natural, coherent English sentence.
740	20	Bill passes that rough oasis.	Bill passes those rough oasis.	-72.5	-72.5	-10.375	-10.3125	False	False	morphology	determiner_noun_agreement	Write a natural, coherent English sentence.
741	20	All men praise this good thesis.	All men praise these good thesis.	-72.5	-72.5	-10.3125	-10.375	False	True	morphology	determiner_noun_agreement	Write a natural, coherent English sentence.
742	20	Many doctors should escape from these hopeful women.	Many doctors should escape from this hopeful women.	-103.0	-103.0	-10.3125	-10.3125	False	False	morphology	determiner_noun_agreement	Write a natural, coherent English sentence.
743	20	Many girls find these nice men.	Many girls find this nice men.	-72.0	-72.0	-10.3125	-10.3125	False	False	morphology	determiner_noun_agreement	Write a natural, coherent English sentence.
744	20	Every museum helps those concealed children.	Every museum helps that concealed children.	-83.0	-83.0	-10.375	-10.375	False	False	morphology	determiner_noun_agreement	Write a natural, coherent English sentence.
745	20	Marla was distracting these determined people.	Marla was distracting this determined people.	-93.0	-93.0	-10.3125	-10.375	False	True	morphology	determiner_noun_agreement	Write a natural, coherent English sentence.
746	20	Those computers might confuse this nice child.	Those computers might confuse these nice child.	-93.0	-93.0	-10.3125	-10.3125	False	False	morphology	determiner_noun_agreement	Write a natural, coherent English sentence.
747	20	Tanya hasn't loved that content woman.	Tanya hasn't loved those content woman.	-103.5	-103.5	-10.375	-10.375	False	False	morphology	determiner_noun_agreement	Write a natural, coherent English sentence.
748	20	Theresa won't conceal those lost lice.	Theresa won't conceal that lost lice.	-124.0	-124.0	-10.3125	-10.375	False	True	morphology	determiner_noun_agreement	Write a natural, coherent English sentence.
749	20	The Borgias do cure these out in the open octopi.	The Borgias do cure this out in the open octopi.	-155.0	-155.0	-10.375	-10.375	False	False	morphology	determiner_noun_agreement	Write a natural, coherent English sentence.
750	20	Kenneth messed up those lost teeth.	Kenneth messed up that lost teeth.	-92.5	-92.5	-10.3125	-10.3125	False	False	morphology	determiner_noun_agreement	Write a natural, coherent English sentence.
751	20	Jodi doesn't alarm these unsure people.	Jodi doesn't alarm this unsure people.	-114.0	-114.0	-10.375	-10.375	False	False	morphology	determiner_noun_agreement	Write a natural, coherent English sentence.
752	20	This customer scans those good analyses.	This customer scans that good analyses.	-93.0	-93.0	-10.3125	-10.3125	False	False	morphology	determiner_noun_agreement	Write a natural, coherent English sentence.
753	20	Vincent can't watch this hopeful alumnus.	Vincent can't watch these hopeful alumnus.	-123.5	-123.5	-10.3125	-10.3125	False	False	morphology	determiner_noun_agreement	Write a natural, coherent English sentence.
754	20	Jodi talked to this unconvinced child.	Jodi talked to these unconvinced child.	-114.0	-114.0	-10.375	-10.375	False	False	morphology	determiner_noun_agreement	Write a natural, coherent English sentence.
755	20	Katherine exited these exposed oases.	Katherine exited this exposed oases.	-93.0	-93.0	-10.3125	-10.3125	False	False	morphology	determiner_noun_agreement	Write a natural, coherent English sentence.
756	20	Beverly hasn't brought these rough fungi.	Beverly hasn't brought this rough fungi.	-113.5	-113.5	-10.3125	-10.3125	False	False	morphology	determiner_noun_agreement	Write a natural, coherent English sentence.
757	20	That unicycle is boring those standing children.	That unicycle is boring that standing children.	-103.0	-103.0	-10.3125	-10.3125	False	False	morphology	determiner_noun_agreement	Write a natural, coherent English sentence.
758	20	That boy can't escape from those unsure children.	That boy can't escape from that unsure children.	-124.0	-124.0	-10.3125	-10.3125	False	False	morphology	determiner_noun_agreement	Write a natural, coherent English sentence.
759	20	An adult bought these black axes.	An adult bought this black axes.	-82.5	-82.5	-10.3125	-10.3125	False	False	morphology	determiner_noun_agreement	Write a natural, coherent English sentence.
760	20	Sara isn't kissing this nice woman.	Sara isn't kissing these nice woman.	-103.5	-103.5	-10.375	-10.375	False	False	morphology	determiner_noun_agreement	Write a natural, coherent English sentence.
761	20	Robert couldn't embarrass those scared people.	Robert couldn't embarrass that scared people.	-93.5	-93.0	-10.375	-10.375	False	False	morphology	determiner_noun_agreement	Write a natural, coherent English sentence.
762	20	Deborah had fled from that important woman.	Deborah had fled from those important woman.	-103.0	-103.0	-10.3125	-10.3125	False	False	morphology	determiner_noun_agreement	Write a natural, coherent English sentence.
763	20	Brenda discussed that serious woman.	Brenda discussed those serious woman.	-72.5	-72.5	-10.375	-10.3125	False	False	morphology	determiner_noun_agreement	Write a natural, coherent English sentence.
764	20	Some women questioned that big woman.	Some women questioned those big woman.	-72.5	-72.5	-10.3125	-10.375	False	True	morphology	determiner_noun_agreement	Write a natural, coherent English sentence.
765	20	Rodney didn't kiss those displeased women.	Rodney didn't kiss that displeased women.	-123.5	-123.5	-10.3125	-10.3125	False	False	morphology	determiner_noun_agreement	Write a natural, coherent English sentence.
766	20	Carrie can help those lost alumni.	Carrie can help that lost alumni.	-103.0	-103.0	-10.3125	-10.3125	False	False	morphology	determiner_noun_agreement	Write a natural, coherent English sentence.
767	20	Many guests approach this lucky man.	Many guests approach these lucky man.	-72.0	-72.0	-10.3125	-10.3125	False	False	morphology	determiner_noun_agreement	Write a natural, coherent English sentence.
768	20	Some student messes up that hard foot.	Some student messes up those hard foot.	-93.0	-92.5	-10.3125	-10.3125	False	False	morphology	determiner_noun_agreement	Write a natural, coherent English sentence.
769	20	Some men had skated around these hard oases.	Some men had skated around this hard oases.	-113.5	-113.5	-10.3125	-10.3125	False	False	morphology	determiner_noun_agreement	Write a natural, coherent English sentence.
770	20	Some light would annoy those happy alumni.	Some light would annoy that happy alumni.	-103.0	-103.0	-10.3125	-10.3125	False	False	morphology	determiner_noun_agreement	Write a natural, coherent English sentence.
771	20	Many casseroles shock these unconvinced men.	Many casseroles shock this unconvinced men.	-123.5	-123.5	-10.3125	-10.3125	False	False	morphology	determiner_noun_agreement	Write a natural, coherent English sentence.
772	20	Carl talks about those confident children.	Carl talks about that confident children.	-72.5	-72.5	-10.375	-10.375	False	False	morphology	determiner_noun_agreement	Write a natural, coherent English sentence.
773	20	Timothy was dropping by those new oases.	Timothy was dropping by that new oases.	-103.0	-103.0	-10.25	-10.3125	False	True	morphology	determiner_noun_agreement	Write a natural, coherent English sentence.
774	20	Lori has approached these scared people.	Lori has approached this scared people.	-83.0	-83.0	-10.375	-10.375	False	False	morphology	determiner_noun_agreement	Write a natural, coherent English sentence.
775	20	Jodi wouldn't mess up those orange feet.	Jodi wouldn't mess up that orange feet.	-114.0	-114.0	-10.375	-10.375	False	False	morphology	determiner_noun_agreement	Write a natural, coherent English sentence.
776	20	This newspaper article will embarrass this determined child.	This newspaper article will embarrass these determined child.	-92.5	-92.5	-10.3125	-10.3125	False	False	morphology	determiner_noun_agreement	Write a natural, coherent English sentence.
777	20	A lot of guys conceal this long analysis.	A lot of guys conceal these long analysis.	-103.0	-103.0	-10.3125	-10.3125	False	False	morphology	determiner_noun_agreement	Write a natural, coherent English sentence.
778	20	Lawrence fired that serious woman.	Lawrence fired those serious woman.	-62.5	-62.5	-10.375	-10.375	False	False	morphology	determiner_noun_agreement	Write a natural, coherent English sentence.
779	20	This story didn't bore this serious man.	This story didn't bore these serious man.	-103.5	-103.5	-10.3125	-10.3125	False	False	morphology	determiner_noun_agreement	Write a natural, coherent English sentence.
780	20	Mary can't remember that clever person.	Mary can't remember those clever person.	-93.0	-93.0	-10.375	-10.375	False	False	morphology	determiner_noun_agreement	Write a natural, coherent English sentence.
781	20	Marie could listen to that big woman.	Marie could listen to those big woman.	-83.0	-83.0	-10.375	-10.375	False	False	morphology	determiner_noun_agreement	Write a natural, coherent English sentence.
782	20	Clyde had those exposed axes.	Clyde had that exposed axes.	-93.0	-93.0	-10.375	-10.375	False	False	morphology	determiner_noun_agreement	Write a natural, coherent English sentence.
783	20	Victoria has left these delighted men.	Victoria has left this delighted men.	-72.5	-72.5	-10.375	-10.375	False	False	morphology	determiner_noun_agreement	Write a natural, coherent English sentence.
784	20	The Impressionists disagree with those bad analyses.	The Impressionists disagree with that bad analyses.	-113.0	-113.0	-10.3125	-10.3125	False	False	morphology	determiner_noun_agreement	Write a natural, coherent English sentence.
785	20	Amy took that hidden fungus.	Amy took those hidden fungus.	-83.0	-83.0	-10.375	-10.375	False	False	morphology	determiner_noun_agreement	Write a natural, coherent English sentence.
786	20	Rose was fixing this hard foot.	Rose was fixing these hard foot.	-72.5	-72.5	-10.375	-10.3125	False	False	morphology	determiner_noun_agreement	Write a natural, coherent English sentence.
787	20	Most dishes weren't astounding these scared men.	Most dishes weren't astounding this scared men.	-124.0	-124.0	-10.3125	-10.3125	False	False	morphology	determiner_noun_agreement	Write a natural, coherent English sentence.
788	20	The doctor sees those smooth cacti.	The doctor sees that smooth cacti.	-93.0	-93.0	-10.375	-10.375	False	False	morphology	determiner_noun_agreement	Write a natural, coherent English sentence.
789	20	Rodney hadn't cured these white octopi.	Rodney hadn't cured this white octopi.	-134.0	-134.0	-10.3125	-10.3125	False	False	morphology	determiner_noun_agreement	Write a natural, coherent English sentence.
790	20	This museum hadn't disgusted these troubled men.	This museum hadn't disgusted this troubled men.	-123.5	-123.5	-10.3125	-10.3125	False	False	morphology	determiner_noun_agreement	Write a natural, coherent English sentence.
791	20	Patrick complained about those scared men.	Patrick complained about that scared men.	-72.5	-72.5	-10.375	-10.375	False	False	morphology	determiner_noun_agreement	Write a natural, coherent English sentence.
792	20	Jacqueline should stun these determined alumni.	Jacqueline should stun this determined alumni.	-124.0	-124.0	-10.3125	-10.3125	False	False	morphology	determiner_noun_agreement	Write a natural, coherent English sentence.
793	20	All apples worry this serious man.	All apples worry these serious man.	-82.5	-82.5	-10.3125	-10.3125	False	False	morphology	determiner_noun_agreement	Write a natural, coherent English sentence.
794	20	The drawing isn't scaring that old child.	The drawing isn't scaring those old child.	-114.0	-114.0	-10.375	-10.375	False	False	morphology	determiner_noun_agreement	Write a natural, coherent English sentence.
795	20	Veronica questioned this uncertain woman.	Veronica questioned these uncertain woman.	-82.5	-82.5	-10.3125	-10.3125	False	False	morphology	determiner_noun_agreement	Write a natural, coherent English sentence.
796	20	Vanessa hadn't known this determined alumnus.	Vanessa hadn't known these determined alumnus.	-123.5	-123.5	-10.25	-10.3125	False	True	morphology	determiner_noun_agreement	Write a natural, coherent English sentence.
797	20	Cynthia hadn't kissed this unemployed man.	Cynthia hadn't kissed these unemployed man.	-134.0	-134.0	-10.25	-10.3125	False	True	morphology	determiner_noun_agreement	Write a natural, coherent English sentence.
798	20	These companies irritate that exposed woman.	These companies irritate those exposed woman.	-82.5	-82.5	-10.3125	-10.3125	False	False	morphology	determiner_noun_agreement	Write a natural, coherent English sentence.
799	20	This dancer wasn't biking to this orange oasis.	This dancer wasn't biking to these orange oasis.	-144.0	-145.0	-10.3125	-10.3125	True	False	morphology	determiner_noun_agreement	Write a natural, coherent English sentence.
800	20	Those legislatures could disturb this upset alumnus.	Those legislatures could disturb these upset alumnus.	-113.0	-113.5	-10.3125	-10.3125	True	False	morphology	determiner_noun_agreement	Write a natural, coherent English sentence.
801	20	Some adult hasn't hidden these ill men.	Some adult hasn't hidden this ill men.	-103.5	-103.5	-10.375	-10.375	False	False	morphology	determiner_noun_agreement	Write a natural, coherent English sentence.
802	20	A cashier should insult these hidden children.	A cashier should insult this hidden children.	-93.0	-93.0	-10.3125	-10.3125	False	False	morphology	determiner_noun_agreement	Write a natural, coherent English sentence.
803	20	Danielle could annoy that confident man.	Danielle could annoy those confident man.	-82.5	-82.5	-10.3125	-10.3125	False	False	morphology	determiner_noun_agreement	Write a natural, coherent English sentence.
804	20	These teachers lift this exposed goose.	These teachers lift these exposed goose.	-82.5	-82.5	-10.3125	-10.3125	False	False	morphology	determiner_noun_agreement	Write a natural, coherent English sentence.
805	20	Christina drove to that exposed oasis.	Christina drove to those exposed oasis.	-92.5	-92.5	-10.3125	-10.3125	False	False	morphology	determiner_noun_agreement	Write a natural, coherent English sentence.
806	20	Jesus hadn't sounded like these hidden people.	Jesus hadn't sounded like this hidden people.	-103.0	-103.0	-10.3125	-10.3125	False	False	morphology	determiner_noun_agreement	Write a natural, coherent English sentence.
807	20	Many mushrooms irritate that upset man.	Many mushrooms irritate those upset man.	-92.5	-92.5	-10.25	-10.25	False	False	morphology	determiner_noun_agreement	Write a natural, coherent English sentence.
808	20	Some committee bought those white lice.	Some committee bought that white lice.	-83.0	-83.0	-10.375	-10.375	False	False	morphology	determiner_noun_agreement	Write a natural, coherent English sentence.
809	20	Daniel hasn't known this determined man.	Daniel hasn't known these determined man.	-93.0	-93.0	-10.375	-10.3125	False	False	morphology	determiner_noun_agreement	Write a natural, coherent English sentence.
810	20	Art hadn't scared these serious alumni.	Art hadn't scared this serious alumni.	-114.0	-113.5	-10.3125	-10.3125	False	False	morphology	determiner_noun_agreement	Write a natural, coherent English sentence.
811	20	Alice fires this unconvinced child.	Alice fires these unconvinced child.	-93.0	-93.0	-10.3125	-10.3125	False	False	morphology	determiner_noun_agreement	Write a natural, coherent English sentence.
812	20	Melanie hid that exposed tooth.	Melanie hid those exposed tooth.	-72.0	-72.0	-10.25	-10.25	False	False	morphology	determiner_noun_agreement	Write a natural, coherent English sentence.
813	20	Most hamsters find that red tooth.	Most hamsters find those red tooth.	-82.5	-82.5	-10.3125	-10.3125	False	False	morphology	determiner_noun_agreement	Write a natural, coherent English sentence.
814	20	Those children explore those small oases.	Those children explore that small oases.	-82.5	-83.0	-10.3125	-10.375	True	True	morphology	determiner_noun_agreement	Write a natural, coherent English sentence.
815	20	Most museums listen to this troubled man.	Most museums listen to these troubled man.	-103.0	-103.0	-10.25	-10.25	False	False	morphology	determiner_noun_agreement	Write a natural, coherent English sentence.
816	20	Patrick embarrassed this unemployed person.	Patrick embarrassed these unemployed person.	-72.0	-72.0	-10.3125	-10.3125	False	False	morphology	determiner_noun_agreement	Write a natural, coherent English sentence.
817	20	A lot of icicles had alarmed that hidden woman.	A lot of icicles had alarmed those hidden woman.	-124.0	-124.0	-10.3125	-10.3125	False	False	morphology	determiner_noun_agreement	Write a natural, coherent English sentence.
818	20	Matt hadn't impressed this exposed child.	Matt hadn't impressed these exposed child.	-93.5	-93.5	-10.375	-10.375	False	False	morphology	determiner_noun_agreement	Write a natural, coherent English sentence.
819	20	Eric might see those new feet.	Eric might see that new feet.	-72.5	-72.5	-10.375	-10.375	False	False	morphology	determiner_noun_agreement	Write a natural, coherent English sentence.
820	20	Some turtle can confuse this old alumnus.	Some turtle can confuse these old alumnus.	-134.0	-134.0	-10.3125	-10.3125	False	False	morphology	determiner_noun_agreement	Write a natural, coherent English sentence.
821	20	Most guests explore these smooth oases.	Most guests explore this smooth oases.	-83.0	-83.0	-10.375	-10.375	False	False	morphology	determiner_noun_agreement	Write a natural, coherent English sentence.
822	20	Brian has praised that happy alumnus.	Brian has praised those happy alumnus.	-93.0	-93.0	-10.3125	-10.3125	False	False	morphology	determiner_noun_agreement	Write a natural, coherent English sentence.
823	20	Karen sees these ill lice.	Karen sees this ill lice.	-73.0	-73.0	-10.375	-10.375	False	False	morphology	determiner_noun_agreement	Write a natural, coherent English sentence.
824	20	Alicia doesn't observe this confident alumnus.	Alicia doesn't observe these confident alumnus.	-134.0	-134.0	-10.3125	-10.3125	False	False	morphology	determiner_noun_agreement	Write a natural, coherent English sentence.
825	20	That horse does find this lost octopus.	That horse does find these lost octopus.	-103.0	-103.5	-10.3125	-10.3125	True	False	morphology	determiner_noun_agreement	Write a natural, coherent English sentence.
826	20	Those customers haven't annoyed those delighted children.	Those customers haven't annoyed that delighted children.	-113.5	-113.5	-10.3125	-10.3125	False	False	morphology	determiner_noun_agreement	Write a natural, coherent English sentence.
827	20	The Great Lakes confused these hidden women.	The Great Lakes confused this hidden women.	-93.0	-93.0	-10.375	-10.375	False	False	morphology	determiner_noun_agreement	Write a natural, coherent English sentence.
828	20	Russell watches these unsure women.	Russell watches this unsure women.	-72.5	-72.5	-10.375	-10.375	False	False	morphology	determiner_noun_agreement	Write a natural, coherent English sentence.
829	20	Jacqueline has concealed these long synopses.	Jacqueline has concealed this long synopses.	-123.5	-123.5	-10.3125	-10.3125	False	False	morphology	determiner_noun_agreement	Write a natural, coherent English sentence.
830	20	Carrie isn't hiring this small woman.	Carrie isn't hiring these small woman.	-103.5	-103.5	-10.375	-10.375	False	False	morphology	determiner_noun_agreement	Write a natural, coherent English sentence.
831	20	Charles doesn't admire these big mice.	Charles doesn't admire this big mice.	-114.0	-113.5	-10.3125	-10.3125	False	False	morphology	determiner_noun_agreement	Write a natural, coherent English sentence.
832	20	The Impressionists might think about that white thesis.	The Impressionists might think about those white thesis.	-113.5	-113.5	-10.3125	-10.3125	False	False	morphology	determiner_noun_agreement	Write a natural, coherent English sentence.
833	20	Most men question those bad people.	Most men question that bad people.	-72.5	-72.5	-10.375	-10.375	False	False	morphology	determiner_noun_agreement	Write a natural, coherent English sentence.
834	20	Lissa hasn't left this upset woman.	Lissa hasn't left these upset woman.	-103.5	-103.5	-10.3125	-10.375	False	True	morphology	determiner_noun_agreement	Write a natural, coherent English sentence.
835	20	Janice won't fire that determined child.	Janice won't fire those determined child.	-103.5	-103.5	-10.375	-10.375	False	False	morphology	determiner_noun_agreement	Write a natural, coherent English sentence.
836	20	This company criticized this lucky man.	This company criticized these lucky man.	-82.5	-83.0	-10.3125	-10.375	True	True	morphology	determiner_noun_agreement	Write a natural, coherent English sentence.
837	20	The banks hurt that excited woman.	The banks hurt those excited woman.	-72.5	-72.5	-10.375	-10.375	False	False	morphology	determiner_noun_agreement	Write a natural, coherent English sentence.
838	20	Peter wasn't walking through those red oases.	Peter wasn't walking through that red oases.	-113.5	-113.5	-10.3125	-10.3125	False	False	morphology	determiner_noun_agreement	Write a natural, coherent English sentence.
839	20	Rebecca wasn't referencing this long synopsis.	Rebecca wasn't referencing these long synopsis.	-113.0	-113.5	-10.3125	-10.3125	True	False	morphology	determiner_noun_agreement	Write a natural, coherent English sentence.
840	20	Naomi notices this smooth octopus.	Naomi notices these smooth octopus.	-102.5	-102.5	-10.25	-10.25	False	False	morphology	determiner_noun_agreement	Write a natural, coherent English sentence.
841	20	Patrick conceals this hard stimulus.	Patrick conceals these hard stimulus.	-82.5	-82.5	-10.3125	-10.3125	False	False	morphology	determiner_noun_agreement	Write a natural, coherent English sentence.
842	20	Candice shouldn't bring those smooth feet.	Candice shouldn't bring that smooth feet.	-103.0	-103.0	-10.3125	-10.3125	False	False	morphology	determiner_noun_agreement	Write a natural, coherent English sentence.
843	20	All books sound like those content women.	All books sound like that content women.	-83.0	-83.0	-10.375	-10.375	False	False	morphology	determiner_noun_agreement	Write a natural, coherent English sentence.
844	20	Bethany hasn't arrived at this white oasis.	Bethany hasn't arrived at these white oasis.	-123.5	-123.5	-10.3125	-10.3125	False	False	morphology	determiner_noun_agreement	Write a natural, coherent English sentence.
845	20	Steve reveals these unemployed alumni.	Steve reveals this unemployed alumni.	-93.0	-92.5	-10.3125	-10.3125	False	False	morphology	determiner_noun_agreement	Write a natural, coherent English sentence.
846	20	Sonia was upsetting that ill woman.	Sonia was upsetting those ill woman.	-92.5	-92.5	-10.3125	-10.3125	False	False	morphology	determiner_noun_agreement	Write a natural, coherent English sentence.
847	20	Keith wasn't boring these delighted men.	Keith wasn't boring this delighted men.	-93.5	-93.5	-10.375	-10.375	False	False	morphology	determiner_noun_agreement	Write a natural, coherent English sentence.
848	20	The Borgias admire these hard mice.	The Borgias admire this hard mice.	-114.0	-114.0	-10.375	-10.375	False	False	morphology	determiner_noun_agreement	Write a natural, coherent English sentence.
849	20	These drivers had forgotten this good analysis.	These drivers had forgotten these good analysis.	-83.0	-83.0	-10.375	-10.375	False	False	morphology	determiner_noun_agreement	Write a natural, coherent English sentence.
850	20	Helen skates around this blue oasis.	Helen skates around these blue oasis.	-92.5	-92.5	-10.25	-10.25	False	False	morphology	determiner_noun_agreement	Write a natural, coherent English sentence.
851	20	Galileo found that smooth stimulus.	Galileo found those smooth stimulus.	-92.5	-93.0	-10.25	-10.3125	True	True	morphology	determiner_noun_agreement	Write a natural, coherent English sentence.
852	20	Kimberley isn't curing these small octopi.	Kimberley isn't curing this small octopi.	-144.0	-144.0	-10.3125	-10.3125	False	False	morphology	determiner_noun_agreement	Write a natural, coherent English sentence.
853	20	Debra didn't conceal these popular men.	Debra didn't conceal this popular men.	-113.5	-113.5	-10.3125	-10.3125	False	False	morphology	determiner_noun_agreement	Write a natural, coherent English sentence.
854	20	A lot of doctors hug these scared children.	A lot of doctors hug this scared children.	-92.5	-92.5	-10.3125	-10.3125	False	False	morphology	determiner_noun_agreement	Write a natural, coherent English sentence.
855	20	Those pedestrians weren't fleeing from these concealed men.	Those pedestrians weren't fleeing from this concealed men.	-155.0	-155.0	-10.3125	-10.3125	False	False	morphology	determiner_noun_agreement	Write a natural, coherent English sentence.
856	20	Those children find that exposed thesis.	Those children find those exposed thesis.	-72.5	-72.5	-10.3125	-10.375	False	True	morphology	determiner_noun_agreement	Write a natural, coherent English sentence.
857	20	Debra admires these blue octopi.	Debra admires this blue octopi.	-103.0	-103.0	-10.3125	-10.3125	False	False	morphology	determiner_noun_agreement	Write a natural, coherent English sentence.
858	20	Bruce wasn't approaching that clever alumnus.	Bruce wasn't approaching those clever alumnus.	-113.5	-113.5	-10.3125	-10.3125	False	False	morphology	determiner_noun_agreement	Write a natural, coherent English sentence.
859	20	Lawrence isn't questioning that nice woman.	Lawrence isn't questioning those nice woman.	-93.5	-93.5	-10.375	-10.375	False	False	morphology	determiner_noun_agreement	Write a natural, coherent English sentence.
860	20	Some waitresses have this big octopus.	Some waitresses have these big octopus.	-112.5	-112.5	-10.1875	-10.1875	False	False	morphology	determiner_noun_agreement	Write a natural, coherent English sentence.
861	20	Carolyn had embarrassed that busy alumnus.	Carolyn had embarrassed those busy alumnus.	-103.0	-103.0	-10.3125	-10.3125	False	False	morphology	determiner_noun_agreement	Write a natural, coherent English sentence.
862	20	Jeffrey aggravated that smart man.	Jeffrey aggravated those smart man.	-92.5	-92.5	-10.25	-10.25	False	False	morphology	determiner_noun_agreement	Write a natural, coherent English sentence.
863	20	Guy messed up this yellow foot.	Guy messed up these yellow foot.	-82.5	-82.0	-10.3125	-10.25	False	False	morphology	determiner_noun_agreement	Write a natural, coherent English sentence.
864	20	Every book is embarrassing this small woman.	Every book is embarrassing these small woman.	-93.0	-93.0	-10.3125	-10.3125	False	False	morphology	determiner_noun_agreement	Write a natural, coherent English sentence.
865	20	These associations were talking about these scared women.	These associations were talking about this scared women.	-93.0	-93.0	-10.3125	-10.3125	False	False	morphology	determiner_noun_agreement	Write a natural, coherent English sentence.
866	20	Todd disturbs this upset child.	Todd disturbs these upset child.	-83.0	-83.0	-10.375	-10.375	False	False	morphology	determiner_noun_agreement	Write a natural, coherent English sentence.
867	20	That window alarms these exposed women.	That window alarms this exposed women.	-83.0	-83.0	-10.375	-10.375	False	False	morphology	determiner_noun_agreement	Write a natural, coherent English sentence.
868	20	A window upsets these upset men.	A window upsets this upset men.	-83.0	-83.0	-10.375	-10.375	False	False	morphology	determiner_noun_agreement	Write a natural, coherent English sentence.
869	20	Monet is fixing that brown foot.	Monet is fixing those brown foot.	-83.0	-82.5	-10.375	-10.3125	False	False	morphology	determiner_noun_agreement	Write a natural, coherent English sentence.
870	20	Adam left these big alumni.	Adam left this big alumni.	-82.5	-82.5	-10.3125	-10.3125	False	False	morphology	determiner_noun_agreement	Write a natural, coherent English sentence.
871	20	Stacy can exit that big oasis.	Stacy can exit those big oasis.	-93.0	-93.0	-10.375	-10.375	False	False	morphology	determiner_noun_agreement	Write a natural, coherent English sentence.
872	20	Roger was returning to those happy alumni.	Roger was returning to that happy alumni.	-103.0	-103.0	-10.3125	-10.3125	False	False	morphology	determiner_noun_agreement	Write a natural, coherent English sentence.
873	20	Dana isn't investigating this ill woman.	Dana isn't investigating these ill woman.	-114.0	-114.0	-10.375	-10.3125	False	False	morphology	determiner_noun_agreement	Write a natural, coherent English sentence.
874	20	Tammy has those yellow axes.	Tammy has that yellow axes.	-82.5	-82.5	-10.3125	-10.3125	False	False	morphology	determiner_noun_agreement	Write a natural, coherent English sentence.
875	20	Marla leaves those employed children.	Marla leaves that employed children.	-72.5	-72.5	-10.375	-10.375	False	False	morphology	determiner_noun_agreement	Write a natural, coherent English sentence.
876	20	Sarah referenced that ill child.	Sarah referenced those ill child.	-72.0	-72.0	-10.3125	-10.3125	False	False	morphology	determiner_noun_agreement	Write a natural, coherent English sentence.
877	20	Edward complained about this serious child.	Edward complained about these serious child.	-72.5	-72.5	-10.3125	-10.3125	False	False	morphology	determiner_noun_agreement	Write a natural, coherent English sentence.
878	20	Carolyn healed those bad women.	Carolyn healed that bad women.	-82.5	-82.5	-10.3125	-10.3125	False	False	morphology	determiner_noun_agreement	Write a natural, coherent English sentence.
879	20	The waitresses fired those upset alumni.	The waitresses fired that upset alumni.	-113.0	-113.0	-10.25	-10.25	False	False	morphology	determiner_noun_agreement	Write a natural, coherent English sentence.
880	20	Every driver dropped by that old oasis.	Every driver dropped by those old oasis.	-93.0	-93.0	-10.3125	-10.3125	False	False	morphology	determiner_noun_agreement	Write a natural, coherent English sentence.
881	20	William hadn't hugged these hopeful alumni.	William hadn't hugged this hopeful alumni.	-134.0	-134.0	-10.3125	-10.3125	False	False	morphology	determiner_noun_agreement	Write a natural, coherent English sentence.
882	20	The Lutherans had messed up those lost feet.	The Lutherans had messed up that lost feet.	-113.5	-113.5	-10.3125	-10.3125	False	False	morphology	determiner_noun_agreement	Write a natural, coherent English sentence.
883	20	Florence hasn't confused those standing men.	Florence hasn't confused that standing men.	-93.5	-93.5	-10.375	-10.375	False	False	morphology	determiner_noun_agreement	Write a natural, coherent English sentence.
884	20	Some convertible upset this upset woman.	Some convertible upset these upset woman.	-82.5	-82.5	-10.3125	-10.3125	False	False	morphology	determiner_noun_agreement	Write a natural, coherent English sentence.
885	20	Rebecca saw this hidden foot.	Rebecca saw these hidden foot.	-62.0	-62.0	-10.3125	-10.3125	False	False	morphology	determiner_noun_agreement	Write a natural, coherent English sentence.
886	20	Derek returned to these content men.	Derek returned to this content men.	-83.0	-83.0	-10.375	-10.375	False	False	morphology	determiner_noun_agreement	Write a natural, coherent English sentence.
887	20	Those teachers love those hidden women.	Those teachers love that hidden women.	-72.5	-72.5	-10.375	-10.375	False	False	morphology	determiner_noun_agreement	Write a natural, coherent English sentence.
888	20	Jennifer worried those ill men.	Jennifer worried that ill men.	-62.0	-62.0	-10.375	-10.375	False	False	morphology	determiner_noun_agreement	Write a natural, coherent English sentence.
889	20	A chair was stunning this big man.	A chair was stunning these big man.	-82.5	-83.0	-10.3125	-10.375	True	True	morphology	determiner_noun_agreement	Write a natural, coherent English sentence.
890	20	Paintings looked like that gray thesis.	Paintings looked like those gray thesis.	-93.0	-93.0	-10.375	-10.375	False	False	morphology	determiner_noun_agreement	Write a natural, coherent English sentence.
891	20	Karla toured this rough oasis.	Karla toured these rough oasis.	-93.0	-93.0	-10.375	-10.3125	False	False	morphology	determiner_noun_agreement	Write a natural, coherent English sentence.
892	20	Walter couldn't boycott those hidden oases.	Walter couldn't boycott that hidden oases.	-114.0	-114.0	-10.3125	-10.3125	False	False	morphology	determiner_noun_agreement	Write a natural, coherent English sentence.
893	20	Donald has worried this smart man.	Donald has worried these smart man.	-72.0	-72.5	-10.3125	-10.3125	True	False	morphology	determiner_noun_agreement	Write a natural, coherent English sentence.
894	20	Catherine has boycotted those gray oases.	Catherine has boycotted that gray oases.	-103.5	-103.5	-10.375	-10.375	False	False	morphology	determiner_noun_agreement	Write a natural, coherent English sentence.
895	20	Nicole toured those yellow oases.	Nicole toured that yellow oases.	-82.5	-82.5	-10.3125	-10.3125	False	False	morphology	determiner_noun_agreement	Write a natural, coherent English sentence.
896	20	Barbara praises that young woman.	Barbara praises those young woman.	-72.5	-72.5	-10.3125	-10.375	False	True	morphology	determiner_noun_agreement	Write a natural, coherent English sentence.
897	20	The apple aggravates those hopeful children.	The apple aggravates that hopeful children.	-102.5	-102.5	-10.25	-10.25	False	False	morphology	determiner_noun_agreement	Write a natural, coherent English sentence.
898	20	All photographs could look like this big fungus.	All photographs could look like these big fungus.	-113.5	-113.5	-10.3125	-10.3125	False	False	morphology	determiner_noun_agreement	Write a natural, coherent English sentence.
899	20	Guys should talk about that good synopsis.	Guys should talk about those good synopsis.	-103.0	-103.0	-10.3125	-10.3125	False	False	morphology	determiner_noun_agreement	Write a natural, coherent English sentence.
900	20	Tracy discovered this concealed alumnus.	Tracy discovered these concealed alumnus.	-103.0	-103.0	-10.3125	-10.3125	False	False	morphology	determiner_noun_agreement	Write a natural, coherent English sentence.
901	20	All actresses are helping this troubled man.	All actresses are helping these troubled man.	-102.0	-102.0	-10.1875	-10.25	False	True	morphology	determiner_noun_agreement	Write a natural, coherent English sentence.
902	20	Douglas isn't revealing this dirty foot.	Douglas isn't revealing these dirty foot.	-93.5	-93.0	-10.375	-10.375	False	False	morphology	determiner_noun_agreement	Write a natural, coherent English sentence.
903	20	Most senators confuse that standing child.	Most senators confuse those standing child.	-93.0	-93.0	-10.3125	-10.3125	False	False	morphology	determiner_noun_agreement	Write a natural, coherent English sentence.
904	20	Those doctors embarrass that upset woman.	Those doctors embarrass those upset woman.	-72.5	-72.5	-10.375	-10.375	False	False	morphology	determiner_noun_agreement	Write a natural, coherent English sentence.
905	20	A lot of customers were healing those sick men.	A lot of customers were healing that sick men.	-103.0	-103.0	-10.3125	-10.3125	False	False	morphology	determiner_noun_agreement	Write a natural, coherent English sentence.
906	20	Sabrina does conceal these old alumni.	Sabrina does conceal this old alumni.	-124.0	-123.5	-10.3125	-10.3125	False	False	morphology	determiner_noun_agreement	Write a natural, coherent English sentence.
907	20	Many girls can't observe those young alumni.	Many girls can't observe that young alumni.	-124.0	-124.0	-10.375	-10.3125	False	False	morphology	determiner_noun_agreement	Write a natural, coherent English sentence.
908	20	The actresses hire that lucky man.	The actresses hire those lucky man.	-82.5	-82.5	-10.3125	-10.3125	False	False	morphology	determiner_noun_agreement	Write a natural, coherent English sentence.
909	20	Andrea is firing that scared child.	Andrea is firing those scared child.	-72.5	-72.5	-10.375	-10.375	False	False	morphology	determiner_noun_agreement	Write a natural, coherent English sentence.
910	20	That dancer scanned that bad synopsis.	That dancer scanned those bad synopsis.	-103.0	-103.0	-10.3125	-10.3125	False	False	morphology	determiner_noun_agreement	Write a natural, coherent English sentence.
911	20	Daniel breaks these dirty teeth.	Daniel breaks this dirty teeth.	-62.0	-62.0	-10.375	-10.375	False	False	morphology	determiner_noun_agreement	Write a natural, coherent English sentence.
912	20	Students had messed up those purple teeth.	Students had messed up that purple teeth.	-93.0	-93.0	-10.3125	-10.3125	False	False	morphology	determiner_noun_agreement	Write a natural, coherent English sentence.
913	20	Becky boycotted those old oases.	Becky boycotted that old oases.	-103.5	-103.0	-10.3125	-10.3125	False	False	morphology	determiner_noun_agreement	Write a natural, coherent English sentence.
914	20	Florence talks to those good women.	Florence talks to that good women.	-72.5	-72.5	-10.375	-10.375	False	False	morphology	determiner_noun_agreement	Write a natural, coherent English sentence.
915	20	Carmen won't break this big foot.	Carmen won't break these big foot.	-103.5	-103.5	-10.375	-10.375	False	False	morphology	determiner_noun_agreement	Write a natural, coherent English sentence.
916	20	Stephen fired those employed men.	Stephen fired that employed men.	-62.25	-62.25	-10.375	-10.375	False	False	morphology	determiner_noun_agreement	Write a natural, coherent English sentence.
917	20	Many governments confuse this sick woman.	Many governments confuse these sick woman.	-82.5	-83.0	-10.3125	-10.375	True	True	morphology	determiner_noun_agreement	Write a natural, coherent English sentence.
918	20	Heidi healed this troubled child.	Heidi healed these troubled child.	-92.5	-92.5	-10.3125	-10.25	False	False	morphology	determiner_noun_agreement	Write a natural, coherent English sentence.
919	20	Daniel questions these employed alumni.	Daniel questions this employed alumni.	-83.0	-83.0	-10.375	-10.375	False	False	morphology	determiner_noun_agreement	Write a natural, coherent English sentence.
920	20	People admire these yellow oxen.	People admire this yellow oxen.	-82.5	-82.5	-10.3125	-10.3125	False	False	morphology	determiner_noun_agreement	Write a natural, coherent English sentence.
921	20	Those adults embarrasses this displeased woman.	Those adults embarrasses these displeased woman.	-103.0	-103.0	-10.3125	-10.3125	False	False	morphology	determiner_noun_agreement	Write a natural, coherent English sentence.
922	20	Winston Churchill notices these big nuclei.	Winston Churchill notices this big nuclei.	-113.0	-113.0	-10.25	-10.3125	False	True	morphology	determiner_noun_agreement	Write a natural, coherent English sentence.
923	20	All women hide those concealed nuclei.	All women hide that concealed nuclei.	-93.0	-93.0	-10.3125	-10.3125	False	False	morphology	determiner_noun_agreement	Write a natural, coherent English sentence.
924	20	Charles was escaping from those lucky men.	Charles was escaping from that lucky men.	-93.0	-93.0	-10.3125	-10.3125	False	False	morphology	determiner_noun_agreement	Write a natural, coherent English sentence.
925	20	Paul doesn't insult this happy woman.	Paul doesn't insult these happy woman.	-93.0	-93.0	-10.375	-10.375	False	False	morphology	determiner_noun_agreement	Write a natural, coherent English sentence.
926	20	Galileo isn't scanning this brown thesis.	Galileo isn't scanning these brown thesis.	-124.0	-124.0	-10.3125	-10.3125	False	False	morphology	determiner_noun_agreement	Write a natural, coherent English sentence.
927	20	The newspaper article doesn't annoy that exposed man.	The newspaper article doesn't annoy those exposed man.	-113.5	-113.5	-10.3125	-10.3125	False	False	morphology	determiner_noun_agreement	Write a natural, coherent English sentence.
928	20	Carmen noticed these gray cacti.	Carmen noticed this gray cacti.	-93.0	-93.0	-10.375	-10.3125	False	False	morphology	determiner_noun_agreement	Write a natural, coherent English sentence.
929	20	Teresa approaches this upset man.	Teresa approaches these upset man.	-72.0	-72.0	-10.3125	-10.3125	False	False	morphology	determiner_noun_agreement	Write a natural, coherent English sentence.
930	20	April was revealing this hidden woman.	April was revealing these hidden woman.	-72.5	-72.0	-10.3125	-10.3125	False	False	morphology	determiner_noun_agreement	Write a natural, coherent English sentence.
931	20	Michael has loved these scared men.	Michael has loved this scared men.	-72.5	-72.5	-10.375	-10.375	False	False	morphology	determiner_noun_agreement	Write a natural, coherent English sentence.
932	20	Joseph hadn't bought those hard lice.	Joseph hadn't bought that hard lice.	-103.5	-103.5	-10.375	-10.375	False	False	morphology	determiner_noun_agreement	Write a natural, coherent English sentence.
933	20	Larry did drive to this out in the open oasis.	Larry did drive to these out in the open oasis.	-124.0	-124.0	-10.3125	-10.3125	False	False	morphology	determiner_noun_agreement	Write a natural, coherent English sentence.
934	20	Lisa hasn't driven to that new oasis.	Lisa hasn't driven to those new oasis.	-113.5	-113.5	-10.3125	-10.3125	False	False	morphology	determiner_noun_agreement	Write a natural, coherent English sentence.
935	20	Steve scanned this good synopsis.	Steve scanned these good synopsis.	-82.5	-82.5	-10.3125	-10.3125	False	False	morphology	determiner_noun_agreement	Write a natural, coherent English sentence.
936	20	The Lutherans care for those hopeful men.	The Lutherans care for that hopeful men.	-103.0	-103.0	-10.3125	-10.3125	False	False	morphology	determiner_noun_agreement	Write a natural, coherent English sentence.
937	20	Christine bikes to these orange oases.	Christine bikes to this orange oases.	-103.5	-103.0	-10.3125	-10.3125	False	False	morphology	determiner_noun_agreement	Write a natural, coherent English sentence.
938	20	Most actors distracted this popular woman.	Most actors distracted these popular woman.	-83.0	-83.0	-10.375	-10.375	False	False	morphology	determiner_noun_agreement	Write a natural, coherent English sentence.
939	20	Emily should observe those displeased men.	Emily should observe that displeased men.	-93.0	-93.0	-10.375	-10.3125	False	False	morphology	determiner_noun_agreement	Write a natural, coherent English sentence.
940	20	The drivers do sell this green thesis.	The drivers do sell these green thesis.	-83.0	-82.5	-10.375	-10.3125	False	False	morphology	determiner_noun_agreement	Write a natural, coherent English sentence.
941	20	Most drivers love these unemployed men.	Most drivers love this unemployed men.	-82.5	-82.5	-10.3125	-10.3125	False	False	morphology	determiner_noun_agreement	Write a natural, coherent English sentence.
942	20	Those doctors care for this hopeful man.	Those doctors care for these hopeful man.	-92.5	-92.5	-10.25	-10.25	False	False	morphology	determiner_noun_agreement	Write a natural, coherent English sentence.
943	20	Brad kisses that displeased man.	Brad kisses those displeased man.	-93.0	-93.0	-10.3125	-10.3125	False	False	morphology	determiner_noun_agreement	Write a natural, coherent English sentence.
944	20	Danielle had argued about those troubled men.	Danielle had argued about that troubled men.	-103.0	-103.0	-10.3125	-10.3125	False	False	morphology	determiner_noun_agreement	Write a natural, coherent English sentence.
945	20	An actor is disgusting those unsure men.	An actor is disgusting that unsure men.	-103.0	-103.5	-10.3125	-10.3125	True	False	morphology	determiner_noun_agreement	Write a natural, coherent English sentence.
946	20	Galileo didn't hurt those displeased children.	Galileo didn't hurt that displeased children.	-134.0	-134.0	-10.3125	-10.3125	False	False	morphology	determiner_noun_agreement	Write a natural, coherent English sentence.
947	20	Omar messed up these small teeth.	Omar messed up this small teeth.	-92.5	-92.5	-10.3125	-10.3125	False	False	morphology	determiner_noun_agreement	Write a natural, coherent English sentence.
948	20	Carmen will watch this smart person.	Carmen will watch these smart person.	-83.0	-83.0	-10.375	-10.375	False	False	morphology	determiner_noun_agreement	Write a natural, coherent English sentence.
949	20	Jeffrey hid that unlucky child.	Jeffrey hid those unlucky child.	-92.0	-92.0	-10.25	-10.25	False	False	morphology	determiner_noun_agreement	Write a natural, coherent English sentence.
950	20	Every plane bothers this upset child.	Every plane bothers these upset child.	-82.5	-82.5	-10.3125	-10.3125	False	False	morphology	determiner_noun_agreement	Write a natural, coherent English sentence.
951	20	A lot of hospitals have those blue teeth.	A lot of hospitals have that blue teeth.	-93.0	-93.0	-10.3125	-10.3125	False	False	morphology	determiner_noun_agreement	Write a natural, coherent English sentence.
952	20	Nancy wasn't disturbing that clever man.	Nancy wasn't disturbing those clever man.	-103.5	-103.5	-10.3125	-10.3125	False	False	morphology	determiner_noun_agreement	Write a natural, coherent English sentence.
953	20	These ladies bought that white tooth.	These ladies bought those white tooth.	-72.5	-72.0	-10.3125	-10.3125	False	False	morphology	determiner_noun_agreement	Write a natural, coherent English sentence.
954	20	Every skirt annoys that confident person.	Every skirt annoys those confident person.	-93.0	-93.0	-10.375	-10.375	False	False	morphology	determiner_noun_agreement	Write a natural, coherent English sentence.
955	20	These actors weren't biking to these red oases.	These actors weren't biking to this red oases.	-134.0	-134.0	-10.3125	-10.3125	False	False	morphology	determiner_noun_agreement	Write a natural, coherent English sentence.
956	20	Carmen has described those confident people.	Carmen has described that confident people.	-83.0	-83.0	-10.375	-10.375	False	False	morphology	determiner_noun_agreement	Write a natural, coherent English sentence.
957	20	All legislatures criticize that brown oasis.	All legislatures criticize those brown oasis.	-103.5	-103.0	-10.3125	-10.3125	False	False	morphology	determiner_noun_agreement	Write a natural, coherent English sentence.
958	20	Paula works with that clever person.	Paula works with those clever person.	-83.0	-83.0	-10.375	-10.375	False	False	morphology	determiner_noun_agreement	Write a natural, coherent English sentence.
959	20	Benjamin respects those confident children.	Benjamin respects that confident children.	-72.5	-73.0	-10.375	-10.375	True	False	morphology	determiner_noun_agreement	Write a natural, coherent English sentence.
960	20	Mitchell attacked these unsure alumni.	Mitchell attacked this unsure alumni.	-93.0	-93.0	-10.3125	-10.3125	False	False	morphology	determiner_noun_agreement	Write a natural, coherent English sentence.
961	20	The Lutherans hadn't cleaned these broken teeth.	The Lutherans hadn't cleaned this broken teeth.	-113.5	-113.5	-10.3125	-10.3125	False	False	morphology	determiner_noun_agreement	Write a natural, coherent English sentence.
962	20	A lot of children observe that young child.	A lot of children observe those young child.	-92.5	-93.0	-10.3125	-10.3125	True	False	morphology	determiner_noun_agreement	Write a natural, coherent English sentence.
963	20	Gary hadn't sounded like this out in the open oasis.	Gary hadn't sounded like these out in the open oasis.	-144.0	-144.0	-10.3125	-10.3125	False	False	morphology	determiner_noun_agreement	Write a natural, coherent English sentence.
964	20	That fish annoyed this serious alumnus.	That fish annoyed these serious alumnus.	-103.0	-103.0	-10.25	-10.25	False	False	morphology	determiner_noun_agreement	Write a natural, coherent English sentence.
965	20	Spotlights worry those standing people.	Spotlights worry that standing people.	-72.5	-72.5	-10.3125	-10.3125	False	False	morphology	determiner_noun_agreement	Write a natural, coherent English sentence.
966	20	Rodney returned to these content alumni.	Rodney returned to this content alumni.	-103.0	-103.0	-10.3125	-10.25	False	False	morphology	determiner_noun_agreement	Write a natural, coherent English sentence.
967	20	Bruce references this unemployed child.	Bruce references these unemployed child.	-72.5	-72.5	-10.3125	-10.3125	False	False	morphology	determiner_noun_agreement	Write a natural, coherent English sentence.
968	20	Many museums criticize this bad analysis.	Many museums criticize these bad analysis.	-92.5	-92.5	-10.25	-10.3125	False	True	morphology	determiner_noun_agreement	Write a natural, coherent English sentence.
969	20	Danielle knows that concealed man.	Danielle knows those concealed man.	-82.5	-83.0	-10.3125	-10.375	True	True	morphology	determiner_noun_agreement	Write a natural, coherent English sentence.
970	20	Katherine sells that smooth oasis.	Katherine sells those smooth oasis.	-93.0	-93.0	-10.3125	-10.3125	False	False	morphology	determiner_noun_agreement	Write a natural, coherent English sentence.
971	20	Meredith hadn't scared these clever people.	Meredith hadn't scared this clever people.	-114.0	-114.0	-10.3125	-10.375	False	True	morphology	determiner_noun_agreement	Write a natural, coherent English sentence.
972	20	Walter biked to these gray oases.	Walter biked to this gray oases.	-104.0	-103.5	-10.375	-10.375	False	False	morphology	determiner_noun_agreement	Write a natural, coherent English sentence.
973	20	Phillip has investigated this unemployed man.	Phillip has investigated these unemployed man.	-92.5	-92.5	-10.3125	-10.3125	False	False	morphology	determiner_noun_agreement	Write a natural, coherent English sentence.
974	20	Alice knows that ill woman.	Alice knows those ill woman.	-62.0	-62.25	-10.375	-10.375	True	False	morphology	determiner_noun_agreement	Write a natural, coherent English sentence.
975	20	Daniel bothered that unemployed alumnus.	Daniel bothered those unemployed alumnus.	-92.5	-92.5	-10.25	-10.3125	False	True	morphology	determiner_noun_agreement	Write a natural, coherent English sentence.
976	20	Some children notice this black thesis.	Some children notice these black thesis.	-72.5	-72.5	-10.3125	-10.375	False	True	morphology	determiner_noun_agreement	Write a natural, coherent English sentence.
977	20	George has alarmed these unemployed children.	George has alarmed this unemployed children.	-93.0	-93.0	-10.3125	-10.3125	False	False	morphology	determiner_noun_agreement	Write a natural, coherent English sentence.
978	20	Sarah won't drive to this concealed oasis.	Sarah won't drive to these concealed oasis.	-124.0	-124.0	-10.3125	-10.3125	False	False	morphology	determiner_noun_agreement	Write a natural, coherent English sentence.
979	20	Grace arrived at those small oases.	Grace arrived at that small oases.	-82.5	-82.5	-10.3125	-10.3125	False	False	morphology	determiner_noun_agreement	Write a natural, coherent English sentence.
980	20	David kisses that lucky man.	David kisses those lucky man.	-72.0	-72.0	-10.3125	-10.25	False	False	morphology	determiner_noun_agreement	Write a natural, coherent English sentence.
981	20	Laura isn't lifting this smooth axis.	Laura isn't lifting these smooth axis.	-93.0	-93.0	-10.375	-10.375	False	False	morphology	determiner_noun_agreement	Write a natural, coherent English sentence.
982	20	Mark embarrassed these confident children.	Mark embarrassed this confident children.	-62.25	-62.25	-10.375	-10.375	False	False	morphology	determiner_noun_agreement	Write a natural, coherent English sentence.
983	20	Patients bothers this employed man.	Patients bothers these employed man.	-82.5	-82.5	-10.3125	-10.3125	False	False	morphology	determiner_noun_agreement	Write a natural, coherent English sentence.
984	20	Christopher has criticized this bad synopsis.	Christopher has criticized these bad synopsis.	-93.0	-93.0	-10.3125	-10.3125	False	False	morphology	determiner_noun_agreement	Write a natural, coherent English sentence.
985	20	Todd hadn't gone to this cheap oasis.	Todd hadn't gone to these cheap oasis.	-113.5	-113.5	-10.3125	-10.3125	False	False	morphology	determiner_noun_agreement	Write a natural, coherent English sentence.
986	20	Becca does investigate this lucky alumnus.	Becca does investigate these lucky alumnus.	-103.0	-103.0	-10.3125	-10.3125	False	False	morphology	determiner_noun_agreement	Write a natural, coherent English sentence.
987	20	Sabrina visits those fast women.	Sabrina visits that fast women.	-82.5	-82.5	-10.3125	-10.3125	False	False	morphology	determiner_noun_agreement	Write a natural, coherent English sentence.
988	20	Janet knew those unconvinced children.	Janet knew that unconvinced children.	-103.5	-103.0	-10.375	-10.3125	False	False	morphology	determiner_noun_agreement	Write a natural, coherent English sentence.
989	20	Christine hated this young man.	Christine hated these young man.	-72.5	-72.5	-10.375	-10.375	False	False	morphology	determiner_noun_agreement	Write a natural, coherent English sentence.
990	20	Chad hadn't complained about these big oases.	Chad hadn't complained about this big oases.	-124.0	-123.5	-10.3125	-10.3125	False	False	morphology	determiner_noun_agreement	Write a natural, coherent English sentence.
991	20	Many bikes stun that nice man.	Many bikes stun those nice man.	-93.5	-93.0	-10.375	-10.375	False	False	morphology	determiner_noun_agreement	Write a natural, coherent English sentence.
992	20	William hasn't investigated these fast men.	William hasn't investigated this fast men.	-93.0	-93.0	-10.375	-10.375	False	False	morphology	determiner_noun_agreement	Write a natural, coherent English sentence.
993	20	Kristin couldn't research these smooth oases.	Kristin couldn't research this smooth oases.	-113.5	-113.5	-10.3125	-10.3125	False	False	morphology	determiner_noun_agreement	Write a natural, coherent English sentence.
994	20	Travis arrives at these old oases.	Travis arrives at this old oases.	-93.0	-93.0	-10.3125	-10.3125	False	False	morphology	determiner_noun_agreement	Write a natural, coherent English sentence.
995	20	Many boys drive to this yellow oasis.	Many boys drive to these yellow oasis.	-93.0	-93.0	-10.3125	-10.3125	False	False	morphology	determiner_noun_agreement	Write a natural, coherent English sentence.
996	20	Danielle won't heal those unlucky people.	Danielle won't heal that unlucky people.	-124.0	-124.0	-10.3125	-10.3125	False	False	morphology	determiner_noun_agreement	Write a natural, coherent English sentence.
997	20	Sabrina wouldn't go to that new oasis.	Sabrina wouldn't go to those new oasis.	-134.0	-134.0	-10.3125	-10.3125	False	False	morphology	determiner_noun_agreement	Write a natural, coherent English sentence.
998	20	This movie theater annoys these lucky alumni.	This movie theater annoys this lucky alumni.	-123.5	-123.5	-10.3125	-10.3125	False	False	morphology	determiner_noun_agreement	Write a natural, coherent English sentence.
999	20	Stacy doesn't appreciate that out in the open woman.	Stacy doesn't appreciate those out in the open woman.	-134.0	-134.0	-10.3125	-10.3125	False	False	morphology	determiner_noun_agreement	Write a natural, coherent English sentence.
0	21	Alexander didn't walk through that new oasis.	Alexander didn't walk through those new oasis.	-113.0	-113.0	-10.25	-10.25	False	False	morphology	determiner_noun_agreement	Write a natural, coherent English sentence.
1	21	This hair irritates these old alumni.	This hair irritates this old alumni.	-103.0	-103.0	-10.3125	-10.3125	False	False	morphology	determiner_noun_agreement	Write a natural, coherent English sentence.
2	21	Winston Churchill was escaping from this serious person.	Winston Churchill was escaping from these serious person.	-123.0	-123.0	-10.25	-10.25	False	False	morphology	determiner_noun_agreement	Write a natural, coherent English sentence.
3	21	Anna walks through these purple oases.	Anna walks through this purple oases.	-82.5	-82.5	-10.3125	-10.3125	False	False	morphology	determiner_noun_agreement	Write a natural, coherent English sentence.
4	21	Alicia sounded like this good analysis.	Alicia sounded like these good analysis.	-93.0	-93.0	-10.3125	-10.3125	False	False	morphology	determiner_noun_agreement	Write a natural, coherent English sentence.
5	21	Jeffrey might complain about this gray thesis.	Jeffrey might complain about these gray thesis.	-92.0	-92.0	-10.25	-10.25	False	False	morphology	determiner_noun_agreement	Write a natural, coherent English sentence.
6	21	Meredith approaches these concealed women.	Meredith approaches this concealed women.	-93.0	-93.0	-10.3125	-10.3125	False	False	morphology	determiner_noun_agreement	Write a natural, coherent English sentence.
7	21	Julia questioned those small children.	Julia questioned that small children.	-62.5	-62.5	-10.4375	-10.375	False	False	morphology	determiner_noun_agreement	Write a natural, coherent English sentence.
8	21	That adult has brought that purple octopus.	That adult has brought those purple octopus.	-103.0	-103.0	-10.3125	-10.3125	False	False	morphology	determiner_noun_agreement	Write a natural, coherent English sentence.
9	21	The people hug this displeased woman.	The people hug these displeased woman.	-93.0	-93.0	-10.3125	-10.3125	False	False	morphology	determiner_noun_agreement	Write a natural, coherent English sentence.
10	21	That beef did bore these displeased people.	That beef did bore this displeased people.	-103.5	-103.5	-10.375	-10.375	False	False	morphology	determiner_noun_agreement	Write a natural, coherent English sentence.
11	21	These libraries talk about these long synopses.	These libraries talk about this long synopses.	-102.5	-102.5	-10.25	-10.25	False	False	morphology	determiner_noun_agreement	Write a natural, coherent English sentence.
12	21	Lori wasn't hiring those delighted men.	Lori wasn't hiring that delighted men.	-104.0	-104.0	-10.375	-10.375	False	False	morphology	determiner_noun_agreement	Write a natural, coherent English sentence.
13	21	The teachers are running around this concealed oasis.	The teachers are running around these concealed oasis.	-113.0	-113.0	-10.3125	-10.3125	False	False	morphology	determiner_noun_agreement	Write a natural, coherent English sentence.
14	21	Those bananas embarrass these delighted people.	Those bananas embarrass this delighted people.	-82.5	-82.5	-10.3125	-10.3125	False	False	morphology	determiner_noun_agreement	Write a natural, coherent English sentence.
15	21	Mitchell brought those green oases.	Mitchell brought that green oases.	-72.0	-72.0	-10.3125	-10.3125	False	False	morphology	determiner_noun_agreement	Write a natural, coherent English sentence.
16	21	The actresses complain about this rough thesis.	The actresses complain about these rough thesis.	-92.0	-92.0	-10.25	-10.25	False	False	morphology	determiner_noun_agreement	Write a natural, coherent English sentence.
17	21	Russell investigates these fast women.	Russell investigates this fast women.	-72.0	-72.5	-10.3125	-10.3125	True	False	morphology	determiner_noun_agreement	Write a natural, coherent English sentence.
18	21	Irene praised those bad synopses.	Irene praised that bad synopses.	-92.5	-93.0	-10.3125	-10.3125	True	False	morphology	determiner_noun_agreement	Write a natural, coherent English sentence.
19	21	Denise did confuse that important woman.	Denise did confuse those important woman.	-92.5	-92.5	-10.25	-10.3125	False	True	morphology	determiner_noun_agreement	Write a natural, coherent English sentence.
20	21	Some patients dislike those nice women.	Some patients dislike that nice women.	-82.5	-82.5	-10.3125	-10.3125	False	False	morphology	determiner_noun_agreement	Write a natural, coherent English sentence.
21	21	Amelia wasn't observing this hopeful man.	Amelia wasn't observing these hopeful man.	-123.0	-123.0	-10.25	-10.25	False	False	morphology	determiner_noun_agreement	Write a natural, coherent English sentence.
22	21	Grace is hugging these popular women.	Grace is hugging this popular women.	-82.0	-82.0	-10.25	-10.25	False	False	morphology	determiner_noun_agreement	Write a natural, coherent English sentence.
23	21	Julia might describe this long synopsis.	Julia might describe these long synopsis.	-82.5	-82.5	-10.3125	-10.3125	False	False	morphology	determiner_noun_agreement	Write a natural, coherent English sentence.
24	21	Many pedestrians do return to these happy men.	Many pedestrians do return to this happy men.	-114.0	-114.0	-10.375	-10.375	False	False	morphology	determiner_noun_agreement	Write a natural, coherent English sentence.
25	21	Laura noticed that determined man.	Laura noticed those determined man.	-62.0	-62.25	-10.375	-10.375	True	False	morphology	determiner_noun_agreement	Write a natural, coherent English sentence.
26	21	Julie would pass those red oases.	Julie would pass that red oases.	-82.5	-82.5	-10.3125	-10.3125	False	False	morphology	determiner_noun_agreement	Write a natural, coherent English sentence.
27	21	These doctors boast about this out in the open child.	These doctors boast about these out in the open child.	-123.5	-123.5	-10.3125	-10.3125	False	False	morphology	determiner_noun_agreement	Write a natural, coherent English sentence.
28	21	Stephen isn't revealing this brown nucleus.	Stephen isn't revealing these brown nucleus.	-103.5	-103.5	-10.375	-10.375	False	False	morphology	determiner_noun_agreement	Write a natural, coherent English sentence.
29	21	Travel stuns that sick child.	Travel stuns those sick child.	-72.5	-72.5	-10.375	-10.375	False	False	morphology	determiner_noun_agreement	Write a natural, coherent English sentence.
30	21	Amelia healed that unemployed woman.	Amelia healed those unemployed woman.	-92.5	-92.5	-10.25	-10.25	False	False	morphology	determiner_noun_agreement	Write a natural, coherent English sentence.
31	21	Noah attacks that ill child.	Noah attacks those ill child.	-62.0	-62.0	-10.375	-10.3125	False	False	morphology	determiner_noun_agreement	Write a natural, coherent English sentence.
32	21	Randolf buys those gray fungi.	Randolf buys that gray fungi.	-93.0	-93.0	-10.3125	-10.3125	False	False	morphology	determiner_noun_agreement	Write a natural, coherent English sentence.
33	21	Some pedestrians disagreed with this big woman.	Some pedestrians disagreed with these big woman.	-113.5	-113.5	-10.3125	-10.3125	False	False	morphology	determiner_noun_agreement	Write a natural, coherent English sentence.
34	21	Adam might sound like these determined children.	Adam might sound like this determined children.	-83.0	-83.0	-10.375	-10.375	False	False	morphology	determiner_noun_agreement	Write a natural, coherent English sentence.
35	21	Bill has stunned this confident man.	Bill has stunned these confident man.	-83.0	-83.0	-10.375	-10.375	False	False	morphology	determiner_noun_agreement	Write a natural, coherent English sentence.
36	21	Rhonda should see these blue oases.	Rhonda should see this blue oases.	-92.5	-92.5	-10.3125	-10.3125	False	False	morphology	determiner_noun_agreement	Write a natural, coherent English sentence.
37	21	Stephen cares for that out in the open alumnus.	Stephen cares for those out in the open alumnus.	-124.0	-124.0	-10.3125	-10.3125	False	False	morphology	determiner_noun_agreement	Write a natural, coherent English sentence.
38	21	Cheryl has bought this green oasis.	Cheryl has bought these green oasis.	-92.5	-92.5	-10.25	-10.25	False	False	morphology	determiner_noun_agreement	Write a natural, coherent English sentence.
39	21	Every door annoyed this lucky child.	Every door annoyed these lucky child.	-82.5	-82.5	-10.3125	-10.3125	False	False	morphology	determiner_noun_agreement	Write a natural, coherent English sentence.
40	21	Gerald cures that unlucky child.	Gerald cures those unlucky child.	-102.5	-102.5	-10.25	-10.25	False	False	morphology	determiner_noun_agreement	Write a natural, coherent English sentence.
41	21	Eyes weren't worrying this troubled child.	Eyes weren't worrying these troubled child.	-114.0	-113.5	-10.3125	-10.3125	False	False	morphology	determiner_noun_agreement	Write a natural, coherent English sentence.
42	21	Michael isn't referencing this long synopsis.	Michael isn't referencing these long synopsis.	-113.0	-113.5	-10.3125	-10.3125	True	False	morphology	determiner_noun_agreement	Write a natural, coherent English sentence.
43	21	Robert insults this serious man.	Robert insults these serious man.	-72.5	-72.0	-10.3125	-10.3125	False	False	morphology	determiner_noun_agreement	Write a natural, coherent English sentence.
44	21	Waitresses describe that smart alumnus.	Waitresses describe those smart alumnus.	-102.0	-102.5	-10.25	-10.25	True	False	morphology	determiner_noun_agreement	Write a natural, coherent English sentence.
45	21	Dan doesn't respect this unemployed alumnus.	Dan doesn't respect these unemployed alumnus.	-123.5	-123.0	-10.25	-10.25	False	False	morphology	determiner_noun_agreement	Write a natural, coherent English sentence.
46	21	Eric has upset those scared people.	Eric has upset that scared people.	-72.5	-72.5	-10.375	-10.375	False	False	morphology	determiner_noun_agreement	Write a natural, coherent English sentence.
47	21	Sabrina was biking to this exposed oasis.	Sabrina was biking to these exposed oasis.	-123.5	-123.5	-10.25	-10.3125	False	True	morphology	determiner_noun_agreement	Write a natural, coherent English sentence.
48	21	Edward can't think about these exposed mice.	Edward can't think about this exposed mice.	-113.5	-113.5	-10.3125	-10.3125	False	False	morphology	determiner_noun_agreement	Write a natural, coherent English sentence.
49	21	Phillip listened to this standing alumnus.	Phillip listened to these standing alumnus.	-103.0	-103.0	-10.3125	-10.3125	False	False	morphology	determiner_noun_agreement	Write a natural, coherent English sentence.
50	21	Those men skate around this small oasis.	Those men skate around these small oasis.	-103.0	-103.0	-10.3125	-10.3125	False	False	morphology	determiner_noun_agreement	Write a natural, coherent English sentence.
51	21	Rhonda could think about those content children.	Rhonda could think about that content children.	-93.0	-93.0	-10.3125	-10.3125	False	False	morphology	determiner_noun_agreement	Write a natural, coherent English sentence.
52	21	Melissa had remembered that unsure person.	Melissa had remembered those unsure person.	-93.0	-93.0	-10.3125	-10.3125	False	False	morphology	determiner_noun_agreement	Write a natural, coherent English sentence.
53	21	The students talk about this upset person.	The students talk about these upset person.	-82.0	-82.0	-10.25	-10.25	False	False	morphology	determiner_noun_agreement	Write a natural, coherent English sentence.
54	21	Leslie insults those upset alumni.	Leslie insults that upset alumni.	-102.0	-102.5	-10.25	-10.25	True	False	morphology	determiner_noun_agreement	Write a natural, coherent English sentence.
55	21	Hats distract this ill man.	Hats distract these ill man.	-72.5	-72.5	-10.3125	-10.3125	False	False	morphology	determiner_noun_agreement	Write a natural, coherent English sentence.
56	21	Dawn sounded like this determined child.	Dawn sounded like these determined child.	-82.0	-82.0	-10.25	-10.25	False	False	morphology	determiner_noun_agreement	Write a natural, coherent English sentence.
57	21	Carl had run around that brown oasis.	Carl had run around those brown oasis.	-92.5	-92.5	-10.3125	-10.25	False	False	morphology	determiner_noun_agreement	Write a natural, coherent English sentence.
58	21	Anna criticizes these concealed children.	Anna criticizes this concealed children.	-83.0	-82.5	-10.375	-10.3125	False	False	morphology	determiner_noun_agreement	Write a natural, coherent English sentence.
59	21	The waiter might criticize that unemployed man.	The waiter might criticize those unemployed man.	-113.0	-113.0	-10.25	-10.25	False	False	morphology	determiner_noun_agreement	Write a natural, coherent English sentence.
60	21	Tracy was investigating this troubled alumnus.	Tracy was investigating these troubled alumnus.	-123.0	-123.0	-10.25	-10.25	False	False	morphology	determiner_noun_agreement	Write a natural, coherent English sentence.
61	21	These newspaper articles astound this clever child.	These newspaper articles astound these clever child.	-92.5	-92.5	-10.25	-10.25	False	False	morphology	determiner_noun_agreement	Write a natural, coherent English sentence.
62	21	Dana hadn't attacked this small man.	Dana hadn't attacked these small man.	-103.5	-103.5	-10.375	-10.375	False	False	morphology	determiner_noun_agreement	Write a natural, coherent English sentence.
63	21	Curtis wasn't breaking those hard teeth.	Curtis wasn't breaking that hard teeth.	-103.0	-103.0	-10.3125	-10.3125	False	False	morphology	determiner_noun_agreement	Write a natural, coherent English sentence.
64	21	All customers attack this employed alumnus.	All customers attack these employed alumnus.	-92.5	-93.0	-10.3125	-10.3125	True	False	morphology	determiner_noun_agreement	Write a natural, coherent English sentence.
65	21	Most ladies go to those purple oases.	Most ladies go to that purple oases.	-93.5	-93.5	-10.375	-10.375	False	False	morphology	determiner_noun_agreement	Write a natural, coherent English sentence.
66	21	A dancer tours that blue oasis.	A dancer tours those blue oasis.	-93.0	-93.0	-10.3125	-10.375	False	True	morphology	determiner_noun_agreement	Write a natural, coherent English sentence.
67	21	Steven irritated this unconvinced woman.	Steven irritated these unconvinced woman.	-102.5	-103.0	-10.25	-10.3125	True	True	morphology	determiner_noun_agreement	Write a natural, coherent English sentence.
68	21	Tara wasn't helping that sick man.	Tara wasn't helping those sick man.	-103.5	-103.5	-10.3125	-10.3125	False	False	morphology	determiner_noun_agreement	Write a natural, coherent English sentence.
69	21	The dancers aren't cleaning that smooth fungus.	The dancers aren't cleaning those smooth fungus.	-134.0	-134.0	-10.3125	-10.3125	False	False	morphology	determiner_noun_agreement	Write a natural, coherent English sentence.
70	21	Melissa had talked about these white theses.	Melissa had talked about this white theses.	-102.5	-102.5	-10.25	-10.25	False	False	morphology	determiner_noun_agreement	Write a natural, coherent English sentence.
71	21	The man isn't watching those upset men.	The man isn't watching that upset men.	-103.5	-103.5	-10.375	-10.375	False	False	morphology	determiner_noun_agreement	Write a natural, coherent English sentence.
72	21	Sabrina won't worry this out in the open person.	Sabrina won't worry these out in the open person.	-144.0	-145.0	-10.3125	-10.3125	True	False	morphology	determiner_noun_agreement	Write a natural, coherent English sentence.
73	21	Every bird embarrassed these unemployed men.	Every bird embarrassed this unemployed men.	-82.0	-82.0	-10.25	-10.25	False	False	morphology	determiner_noun_agreement	Write a natural, coherent English sentence.
74	21	The Borgias drive to that small oasis.	The Borgias drive to those small oasis.	-113.5	-113.5	-10.3125	-10.3125	False	False	morphology	determiner_noun_agreement	Write a natural, coherent English sentence.
75	21	Bradley likes these brown fungi.	Bradley likes this brown fungi.	-82.0	-82.0	-10.25	-10.25	False	False	morphology	determiner_noun_agreement	Write a natural, coherent English sentence.
76	21	Most guys go to that black oasis.	Most guys go to those black oasis.	-93.0	-93.0	-10.3125	-10.3125	False	False	morphology	determiner_noun_agreement	Write a natural, coherent English sentence.
77	21	A pedestrian hadn't approached these hopeful women.	A pedestrian hadn't approached this hopeful women.	-123.5	-124.0	-10.3125	-10.3125	True	False	morphology	determiner_noun_agreement	Write a natural, coherent English sentence.
78	21	Some senators aren't healing this unemployed alumnus.	Some senators aren't healing these unemployed alumnus.	-144.0	-144.0	-10.25	-10.3125	False	True	morphology	determiner_noun_agreement	Write a natural, coherent English sentence.
79	21	That cart wasn't stunning these exposed men.	That cart wasn't stunning this exposed men.	-104.0	-104.0	-10.375	-10.375	False	False	morphology	determiner_noun_agreement	Write a natural, coherent English sentence.
80	21	Joel can think about this smart man.	Joel can think about these smart man.	-82.5	-82.5	-10.3125	-10.3125	False	False	morphology	determiner_noun_agreement	Write a natural, coherent English sentence.
81	21	Those prints disgust those good people.	Those prints disgust that good people.	-72.0	-72.0	-10.3125	-10.3125	False	False	morphology	determiner_noun_agreement	Write a natural, coherent English sentence.
82	21	Beverly hadn't passed these yellow oases.	Beverly hadn't passed this yellow oases.	-113.0	-113.5	-10.3125	-10.3125	True	False	morphology	determiner_noun_agreement	Write a natural, coherent English sentence.
83	21	A lot of prints irritate this unconvinced woman.	A lot of prints irritate these unconvinced woman.	-134.0	-134.0	-10.25	-10.25	False	False	morphology	determiner_noun_agreement	Write a natural, coherent English sentence.
84	21	Many customers hire those standing alumni.	Many customers hire that standing alumni.	-93.0	-93.0	-10.3125	-10.3125	False	False	morphology	determiner_noun_agreement	Write a natural, coherent English sentence.
85	21	Some rug isn't irritating that nice woman.	Some rug isn't irritating those nice woman.	-113.5	-113.5	-10.3125	-10.3125	False	False	morphology	determiner_noun_agreement	Write a natural, coherent English sentence.
86	21	Jill embarrassed those busy men.	Jill embarrassed that busy men.	-72.5	-72.5	-10.375	-10.375	False	False	morphology	determiner_noun_agreement	Write a natural, coherent English sentence.
87	21	Most sketches could hurt this uncertain person.	Most sketches could hurt these uncertain person.	-103.5	-103.5	-10.3125	-10.3125	False	False	morphology	determiner_noun_agreement	Write a natural, coherent English sentence.
88	21	Patricia lifted those purple feet.	Patricia lifted that purple feet.	-82.0	-82.0	-10.25	-10.25	False	False	morphology	determiner_noun_agreement	Write a natural, coherent English sentence.
89	21	The girls sell this hard fungus.	The girls sell these hard fungus.	-93.0	-93.0	-10.3125	-10.3125	False	False	morphology	determiner_noun_agreement	Write a natural, coherent English sentence.
90	21	Nicole has seen this yellow cactus.	Nicole has seen these yellow cactus.	-92.5	-92.5	-10.3125	-10.3125	False	False	morphology	determiner_noun_agreement	Write a natural, coherent English sentence.
91	21	Sharon could arrive at those big oases.	Sharon could arrive at that big oases.	-103.0	-103.0	-10.3125	-10.3125	False	False	morphology	determiner_noun_agreement	Write a natural, coherent English sentence.
92	21	This cashier can fire that good woman.	This cashier can fire those good woman.	-93.0	-93.0	-10.3125	-10.3125	False	False	morphology	determiner_noun_agreement	Write a natural, coherent English sentence.
93	21	Raymond left those scared children.	Raymond left that scared children.	-62.0	-62.0	-10.3125	-10.3125	False	False	morphology	determiner_noun_agreement	Write a natural, coherent English sentence.
94	21	Noah could discuss that clever person.	Noah could discuss those clever person.	-72.5	-72.5	-10.375	-10.375	False	False	morphology	determiner_noun_agreement	Write a natural, coherent English sentence.
95	21	Rachelle knew that concealed woman.	Rachelle knew those concealed woman.	-82.5	-82.5	-10.3125	-10.3125	False	False	morphology	determiner_noun_agreement	Write a natural, coherent English sentence.
96	21	Dawn hasn't cured those gray oxen.	Dawn hasn't cured that gray oxen.	-123.0	-123.0	-10.25	-10.25	False	False	morphology	determiner_noun_agreement	Write a natural, coherent English sentence.
97	21	The Great Lakes haven't disgusted those out in the open people.	The Great Lakes haven't disgusted that out in the open people.	-165.0	-165.0	-10.3125	-10.3125	False	False	morphology	determiner_noun_agreement	Write a natural, coherent English sentence.
98	21	Wayne doesn't exit those cheap oases.	Wayne doesn't exit that cheap oases.	-103.5	-103.5	-10.3125	-10.375	False	True	morphology	determiner_noun_agreement	Write a natural, coherent English sentence.
99	21	These waitresses haven't astounded this fast woman.	These waitresses haven't astounded these fast woman.	-143.0	-143.0	-10.25	-10.25	False	False	morphology	determiner_noun_agreement	Write a natural, coherent English sentence.
100	21	Patrick hasn't lifted this out in the open cactus.	Patrick hasn't lifted these out in the open cactus.	-144.0	-144.0	-10.3125	-10.3125	False	False	morphology	determiner_noun_agreement	Write a natural, coherent English sentence.
101	21	Angela isn't embarrassing those excited children.	Angela isn't embarrassing that excited children.	-103.0	-103.5	-10.3125	-10.3125	True	False	morphology	determiner_noun_agreement	Write a natural, coherent English sentence.
102	21	Jennifer hasn't criticized this smart man.	Jennifer hasn't criticized these smart man.	-103.5	-103.5	-10.3125	-10.3125	False	False	morphology	determiner_noun_agreement	Write a natural, coherent English sentence.
103	21	April watched this big person.	April watched these big person.	-62.0	-62.25	-10.375	-10.375	True	False	morphology	determiner_noun_agreement	Write a natural, coherent English sentence.
104	21	Candice hadn't bothered that serious alumnus.	Candice hadn't bothered those serious alumnus.	-123.5	-123.5	-10.25	-10.25	False	False	morphology	determiner_noun_agreement	Write a natural, coherent English sentence.
105	21	The Clintons observe those happy women.	The Clintons observe that happy women.	-93.0	-93.0	-10.375	-10.375	False	False	morphology	determiner_noun_agreement	Write a natural, coherent English sentence.
106	21	The Clintons observe this excited man.	The Clintons observe these excited man.	-93.0	-93.0	-10.375	-10.375	False	False	morphology	determiner_noun_agreement	Write a natural, coherent English sentence.
107	21	Associations were listening to that unlucky child.	Associations were listening to those unlucky child.	-113.5	-113.0	-10.3125	-10.3125	False	False	morphology	determiner_noun_agreement	Write a natural, coherent English sentence.
108	21	Those committees discussed that busy woman.	Those committees discussed those busy woman.	-92.5	-92.5	-10.3125	-10.3125	False	False	morphology	determiner_noun_agreement	Write a natural, coherent English sentence.
109	21	Debra isn't discussing that good analysis.	Debra isn't discussing those good analysis.	-103.5	-103.5	-10.375	-10.3125	False	False	morphology	determiner_noun_agreement	Write a natural, coherent English sentence.
110	21	The drawing distracts this lucky woman.	The drawing distracts these lucky woman.	-82.5	-82.5	-10.3125	-10.3125	False	False	morphology	determiner_noun_agreement	Write a natural, coherent English sentence.
111	21	Holly couldn't dislike this exposed child.	Holly couldn't dislike these exposed child.	-103.5	-103.5	-10.3125	-10.3125	False	False	morphology	determiner_noun_agreement	Write a natural, coherent English sentence.
112	21	Angela examines that good synopsis.	Angela examines those good synopsis.	-82.5	-82.5	-10.3125	-10.3125	False	False	morphology	determiner_noun_agreement	Write a natural, coherent English sentence.
113	21	These skateboards aggravate that lucky woman.	These skateboards aggravate those lucky woman.	-113.0	-113.0	-10.25	-10.25	False	False	morphology	determiner_noun_agreement	Write a natural, coherent English sentence.
114	21	Some play alarms those small women.	Some play alarms that small women.	-83.0	-83.0	-10.375	-10.375	False	False	morphology	determiner_noun_agreement	Write a natural, coherent English sentence.
115	21	Students investigate these nice men.	Students investigate this nice men.	-62.25	-62.25	-10.375	-10.375	False	False	morphology	determiner_noun_agreement	Write a natural, coherent English sentence.
116	21	Tanya wasn't shocking that busy child.	Tanya wasn't shocking those busy child.	-114.0	-114.0	-10.3125	-10.375	False	True	morphology	determiner_noun_agreement	Write a natural, coherent English sentence.
117	21	Brett has boasted about this nice person.	Brett has boasted about these nice person.	-102.5	-103.0	-10.25	-10.25	True	False	morphology	determiner_noun_agreement	Write a natural, coherent English sentence.
118	21	Jennifer described that hidden woman.	Jennifer described those hidden woman.	-62.5	-62.5	-10.4375	-10.375	False	False	morphology	determiner_noun_agreement	Write a natural, coherent English sentence.
119	21	Winston Churchill passed these red oases.	Winston Churchill passed this red oases.	-103.0	-103.0	-10.3125	-10.3125	False	False	morphology	determiner_noun_agreement	Write a natural, coherent English sentence.
120	21	Some mirror could scare this nice woman.	Some mirror could scare these nice woman.	-93.0	-93.0	-10.375	-10.375	False	False	morphology	determiner_noun_agreement	Write a natural, coherent English sentence.
121	21	Caroline hadn't fired that scared alumnus.	Caroline hadn't fired those scared alumnus.	-113.5	-113.5	-10.3125	-10.3125	False	False	morphology	determiner_noun_agreement	Write a natural, coherent English sentence.
122	21	Edward wasn't referencing that displeased woman.	Edward wasn't referencing those displeased woman.	-123.5	-123.5	-10.3125	-10.3125	False	False	morphology	determiner_noun_agreement	Write a natural, coherent English sentence.
123	21	Many teachers clean these cheap teeth.	Many teachers clean this cheap teeth.	-72.5	-72.5	-10.3125	-10.375	False	True	morphology	determiner_noun_agreement	Write a natural, coherent English sentence.
124	21	Wayne might remember these new oases.	Wayne might remember this new oases.	-83.0	-83.0	-10.375	-10.375	False	False	morphology	determiner_noun_agreement	Write a natural, coherent English sentence.
125	21	Some high school alarms this determined man.	Some high school alarms these determined man.	-92.5	-93.0	-10.3125	-10.3125	True	False	morphology	determiner_noun_agreement	Write a natural, coherent English sentence.
126	21	Vincent had returned to these out in the open oases.	Vincent had returned to this out in the open oases.	-123.5	-123.5	-10.3125	-10.3125	False	False	morphology	determiner_noun_agreement	Write a natural, coherent English sentence.
127	21	Marla hired this standing child.	Marla hired these standing child.	-72.5	-72.5	-10.375	-10.375	False	False	morphology	determiner_noun_agreement	Write a natural, coherent English sentence.
128	21	Some cucumber has upset those ill men.	Some cucumber has upset that ill men.	-103.0	-103.0	-10.3125	-10.3125	False	False	morphology	determiner_noun_agreement	Write a natural, coherent English sentence.
129	21	Russell hasn't kissed this content man.	Russell hasn't kissed these content man.	-93.0	-93.0	-10.3125	-10.375	False	True	morphology	determiner_noun_agreement	Write a natural, coherent English sentence.
130	21	Guy has left this determined man.	Guy has left these determined man.	-72.0	-72.5	-10.3125	-10.3125	True	False	morphology	determiner_noun_agreement	Write a natural, coherent English sentence.
131	21	The Lutherans listen to these employed women.	The Lutherans listen to this employed women.	-93.0	-93.0	-10.3125	-10.3125	False	False	morphology	determiner_noun_agreement	Write a natural, coherent English sentence.
132	21	Candice disliked these bad analyses.	Candice disliked this bad analyses.	-102.5	-102.5	-10.25	-10.25	False	False	morphology	determiner_noun_agreement	Write a natural, coherent English sentence.
133	21	Many women heal these lost geese.	Many women heal this lost geese.	-82.5	-82.5	-10.3125	-10.3125	False	False	morphology	determiner_noun_agreement	Write a natural, coherent English sentence.
134	21	Wayne has remembered these smart people.	Wayne has remembered this smart people.	-73.0	-72.5	-10.375	-10.375	False	False	morphology	determiner_noun_agreement	Write a natural, coherent English sentence.
135	21	This teenager had dropped by these white oases.	This teenager had dropped by this white oases.	-103.0	-103.0	-10.3125	-10.3125	False	False	morphology	determiner_noun_agreement	Write a natural, coherent English sentence.
136	21	Eva has exited those smooth oases.	Eva has exited that smooth oases.	-93.0	-93.0	-10.3125	-10.3125	False	False	morphology	determiner_noun_agreement	Write a natural, coherent English sentence.
137	21	Cheryl wouldn't aggravate that bad person.	Cheryl wouldn't aggravate those bad person.	-123.5	-123.5	-10.3125	-10.25	False	False	morphology	determiner_noun_agreement	Write a natural, coherent English sentence.
138	21	Katherine hadn't shocked those young children.	Katherine hadn't shocked that young children.	-103.5	-103.5	-10.3125	-10.375	False	True	morphology	determiner_noun_agreement	Write a natural, coherent English sentence.
139	21	The student loves these troubled people.	The student loves this troubled people.	-82.5	-82.5	-10.3125	-10.3125	False	False	morphology	determiner_noun_agreement	Write a natural, coherent English sentence.
140	21	Tracy cared for those smart alumni.	Tracy cared for that smart alumni.	-103.0	-103.5	-10.3125	-10.3125	True	False	morphology	determiner_noun_agreement	Write a natural, coherent English sentence.
141	21	Guys return to these small oases.	Guys return to this small oases.	-93.0	-93.0	-10.3125	-10.3125	False	False	morphology	determiner_noun_agreement	Write a natural, coherent English sentence.
142	21	Marcus won't bike to this white oasis.	Marcus won't bike to these white oasis.	-113.5	-113.5	-10.3125	-10.3125	False	False	morphology	determiner_noun_agreement	Write a natural, coherent English sentence.
143	21	Eggplants impressed these unconvinced alumni.	Eggplants impressed this unconvinced alumni.	-144.0	-144.0	-10.3125	-10.3125	False	False	morphology	determiner_noun_agreement	Write a natural, coherent English sentence.
144	21	A turtle has bored those troubled children.	A turtle has bored that troubled children.	-113.0	-113.0	-10.3125	-10.25	False	False	morphology	determiner_noun_agreement	Write a natural, coherent English sentence.
145	21	The adults were taking those old teeth.	The adults were taking that old teeth.	-82.5	-82.5	-10.3125	-10.3125	False	False	morphology	determiner_noun_agreement	Write a natural, coherent English sentence.
146	21	Alan wasn't returning to those blue oases.	Alan wasn't returning to that blue oases.	-113.5	-113.5	-10.3125	-10.3125	False	False	morphology	determiner_noun_agreement	Write a natural, coherent English sentence.
147	21	Theodore had lifted this rough cactus.	Theodore had lifted these rough cactus.	-103.0	-103.0	-10.3125	-10.3125	False	False	morphology	determiner_noun_agreement	Write a natural, coherent English sentence.
148	21	Joel isn't praising those good synopses.	Joel isn't praising that good synopses.	-124.0	-124.0	-10.3125	-10.3125	False	False	morphology	determiner_noun_agreement	Write a natural, coherent English sentence.
149	21	The pedestrian knows these standing women.	The pedestrian knows this standing women.	-83.0	-83.0	-10.375	-10.375	False	False	morphology	determiner_noun_agreement	Write a natural, coherent English sentence.
150	21	Some museums forget that good analysis.	Some museums forget those good analysis.	-82.0	-82.5	-10.25	-10.3125	True	True	morphology	determiner_noun_agreement	Write a natural, coherent English sentence.
151	21	The Clintons might clean that lost fungus.	The Clintons might clean those lost fungus.	-124.0	-124.0	-10.375	-10.375	False	False	morphology	determiner_noun_agreement	Write a natural, coherent English sentence.
152	21	Mary is bothering these out in the open children.	Mary is bothering this out in the open children.	-113.5	-113.5	-10.3125	-10.3125	False	False	morphology	determiner_noun_agreement	Write a natural, coherent English sentence.
153	21	Many customers sell that lost ox.	Many customers sell those lost ox.	-72.5	-72.5	-10.3125	-10.3125	False	False	morphology	determiner_noun_agreement	Write a natural, coherent English sentence.
154	21	These waitresses praise these troubled men.	These waitresses praise this troubled men.	-102.0	-102.0	-10.1875	-10.1875	False	False	morphology	determiner_noun_agreement	Write a natural, coherent English sentence.
155	21	Many men didn't admire that nice person.	Many men didn't admire those nice person.	-113.5	-113.5	-10.3125	-10.3125	False	False	morphology	determiner_noun_agreement	Write a natural, coherent English sentence.
156	21	Jesus ran around this exposed oasis.	Jesus ran around these exposed oasis.	-82.5	-82.5	-10.3125	-10.3125	False	False	morphology	determiner_noun_agreement	Write a natural, coherent English sentence.
157	21	Many customers talk about that delighted child.	Many customers talk about those delighted child.	-82.5	-82.5	-10.3125	-10.3125	False	False	morphology	determiner_noun_agreement	Write a natural, coherent English sentence.
158	21	Drawings had disgusted this small woman.	Drawings had disgusted these small woman.	-93.0	-93.0	-10.3125	-10.3125	False	False	morphology	determiner_noun_agreement	Write a natural, coherent English sentence.
159	21	Colleen did care for that good man.	Colleen did care for those good man.	-92.5	-92.5	-10.3125	-10.3125	False	False	morphology	determiner_noun_agreement	Write a natural, coherent English sentence.
160	21	Marcus admired those exposed geese.	Marcus admired that exposed geese.	-82.5	-82.5	-10.3125	-10.3125	False	False	morphology	determiner_noun_agreement	Write a natural, coherent English sentence.
161	21	Randolf has noticed this clean foot.	Randolf has noticed these clean foot.	-83.0	-82.5	-10.375	-10.3125	False	False	morphology	determiner_noun_agreement	Write a natural, coherent English sentence.
162	21	Craig could listen to that determined man.	Craig could listen to those determined man.	-83.0	-83.0	-10.375	-10.375	False	False	morphology	determiner_noun_agreement	Write a natural, coherent English sentence.
163	21	Movies stunned this small man.	Movies stunned these small man.	-82.5	-82.5	-10.3125	-10.3125	False	False	morphology	determiner_noun_agreement	Write a natural, coherent English sentence.
164	21	Timothy buys this rough ox.	Timothy buys these rough ox.	-82.5	-82.5	-10.3125	-10.3125	False	False	morphology	determiner_noun_agreement	Write a natural, coherent English sentence.
165	21	Some women go to those red oases.	Some women go to that red oases.	-93.0	-93.0	-10.3125	-10.3125	False	False	morphology	determiner_noun_agreement	Write a natural, coherent English sentence.
166	21	Ruth fixed this clean tooth.	Ruth fixed these clean tooth.	-62.0	-62.25	-10.375	-10.375	True	False	morphology	determiner_noun_agreement	Write a natural, coherent English sentence.
167	21	Monica is boring those clever men.	Monica is boring that clever men.	-82.5	-83.0	-10.3125	-10.375	True	True	morphology	determiner_noun_agreement	Write a natural, coherent English sentence.
168	21	Janice knows these hidden alumni.	Janice knows this hidden alumni.	-92.5	-92.5	-10.25	-10.25	False	False	morphology	determiner_noun_agreement	Write a natural, coherent English sentence.
169	21	Spain insults this delighted alumnus.	Spain insults these delighted alumnus.	-92.5	-92.5	-10.3125	-10.3125	False	False	morphology	determiner_noun_agreement	Write a natural, coherent English sentence.
170	21	Some planes bore that displeased child.	Some planes bore those displeased child.	-92.5	-93.0	-10.3125	-10.3125	True	False	morphology	determiner_noun_agreement	Write a natural, coherent English sentence.
171	21	Dishes should upset these happy men.	Dishes should upset this happy men.	-83.0	-83.0	-10.375	-10.375	False	False	morphology	determiner_noun_agreement	Write a natural, coherent English sentence.
172	21	That painting looked like these yellow stimuli.	That painting looked like this yellow stimuli.	-92.5	-92.5	-10.25	-10.25	False	False	morphology	determiner_noun_agreement	Write a natural, coherent English sentence.
173	21	Amy shocked that content man.	Amy shocked those content man.	-62.5	-62.5	-10.375	-10.375	False	False	morphology	determiner_noun_agreement	Write a natural, coherent English sentence.
174	21	Melinda hasn't hidden this determined woman.	Melinda hasn't hidden these determined woman.	-103.0	-103.0	-10.3125	-10.3125	False	False	morphology	determiner_noun_agreement	Write a natural, coherent English sentence.
175	21	Caroline did drive to this brown oasis.	Caroline did drive to these brown oasis.	-93.0	-93.0	-10.3125	-10.3125	False	False	morphology	determiner_noun_agreement	Write a natural, coherent English sentence.
176	21	That rice disturbed those smart alumni.	That rice disturbed that smart alumni.	-103.0	-103.0	-10.3125	-10.3125	False	False	morphology	determiner_noun_agreement	Write a natural, coherent English sentence.
177	21	Brian will examine these long analyses.	Brian will examine this long analyses.	-82.5	-82.5	-10.3125	-10.3125	False	False	morphology	determiner_noun_agreement	Write a natural, coherent English sentence.
178	21	Mark dislikes this uncertain child.	Mark dislikes these uncertain child.	-82.5	-82.5	-10.3125	-10.3125	False	False	morphology	determiner_noun_agreement	Write a natural, coherent English sentence.
179	21	Rose was returning to these out in the open children.	Rose was returning to this out in the open children.	-113.5	-113.5	-10.3125	-10.3125	False	False	morphology	determiner_noun_agreement	Write a natural, coherent English sentence.
180	21	The guest has fixed this red tooth.	The guest has fixed these red tooth.	-82.5	-83.0	-10.3125	-10.375	True	True	morphology	determiner_noun_agreement	Write a natural, coherent English sentence.
181	21	Jennifer is breaking this big tooth.	Jennifer is breaking these big tooth.	-72.0	-72.0	-10.3125	-10.3125	False	False	morphology	determiner_noun_agreement	Write a natural, coherent English sentence.
182	21	Sabrina isn't referencing these red theses.	Sabrina isn't referencing this red theses.	-134.0	-134.0	-10.3125	-10.3125	False	False	morphology	determiner_noun_agreement	Write a natural, coherent English sentence.
183	21	Valerie hadn't exited that exposed oasis.	Valerie hadn't exited those exposed oasis.	-123.5	-123.5	-10.3125	-10.3125	False	False	morphology	determiner_noun_agreement	Write a natural, coherent English sentence.
184	21	Every restaurant had worried this hidden child.	Every restaurant had worried these hidden child.	-83.0	-83.0	-10.375	-10.375	False	False	morphology	determiner_noun_agreement	Write a natural, coherent English sentence.
185	21	A woman was examining those long synopses.	A woman was examining that long synopses.	-113.0	-113.0	-10.25	-10.25	False	False	morphology	determiner_noun_agreement	Write a natural, coherent English sentence.
186	21	All actresses approach that content man.	All actresses approach those content man.	-82.5	-82.5	-10.3125	-10.3125	False	False	morphology	determiner_noun_agreement	Write a natural, coherent English sentence.
187	21	Sarah cleaned those yellow feet.	Sarah cleaned that yellow feet.	-62.0	-62.0	-10.3125	-10.375	False	True	morphology	determiner_noun_agreement	Write a natural, coherent English sentence.
188	21	Margaret tours those black oases.	Margaret tours that black oases.	-72.5	-72.5	-10.375	-10.375	False	False	morphology	determiner_noun_agreement	Write a natural, coherent English sentence.
189	21	Rachel wasn't messing up this clean foot.	Rachel wasn't messing up these clean foot.	-113.0	-113.5	-10.3125	-10.3125	True	False	morphology	determiner_noun_agreement	Write a natural, coherent English sentence.
190	21	The Lutherans go to that old oasis.	The Lutherans go to those old oasis.	-103.0	-103.0	-10.3125	-10.3125	False	False	morphology	determiner_noun_agreement	Write a natural, coherent English sentence.
191	21	The lamps shock those hidden alumni.	The lamps shock that hidden alumni.	-103.5	-103.5	-10.375	-10.3125	False	False	morphology	determiner_noun_agreement	Write a natural, coherent English sentence.
192	21	Claire conceals those small stimuli.	Claire conceals that small stimuli.	-83.0	-83.0	-10.375	-10.375	False	False	morphology	determiner_noun_agreement	Write a natural, coherent English sentence.
193	21	Most documentaries annoy that busy person.	Most documentaries annoy those busy person.	-82.5	-82.5	-10.3125	-10.3125	False	False	morphology	determiner_noun_agreement	Write a natural, coherent English sentence.
194	21	Pamela shouldn't return to those exposed men.	Pamela shouldn't return to that exposed men.	-113.0	-113.0	-10.3125	-10.3125	False	False	morphology	determiner_noun_agreement	Write a natural, coherent English sentence.
195	21	That person couldn't arrive at that purple oasis.	That person couldn't arrive at those purple oasis.	-123.5	-123.5	-10.3125	-10.25	False	False	morphology	determiner_noun_agreement	Write a natural, coherent English sentence.
196	21	Alicia won't admire those big nuclei.	Alicia won't admire that big nuclei.	-134.0	-134.0	-10.3125	-10.3125	False	False	morphology	determiner_noun_agreement	Write a natural, coherent English sentence.
197	21	Curtis arrived at that red oasis.	Curtis arrived at those red oasis.	-92.5	-92.5	-10.25	-10.25	False	False	morphology	determiner_noun_agreement	Write a natural, coherent English sentence.
198	21	People investigate that smart man.	People investigate those smart man.	-62.25	-62.0	-10.375	-10.375	False	False	morphology	determiner_noun_agreement	Write a natural, coherent English sentence.
199	21	Some boys hire these content alumni.	Some boys hire this content alumni.	-93.0	-93.0	-10.3125	-10.3125	False	False	morphology	determiner_noun_agreement	Write a natural, coherent English sentence.
200	21	Leslie found these brown feet.	Leslie found this brown feet.	-71.5	-72.0	-10.25	-10.25	True	False	morphology	determiner_noun_agreement	Write a natural, coherent English sentence.
201	21	Alexander was firing that displeased woman.	Alexander was firing those displeased woman.	-93.0	-93.0	-10.375	-10.375	False	False	morphology	determiner_noun_agreement	Write a natural, coherent English sentence.
202	21	Florence hasn't argued about those confident children.	Florence hasn't argued about that confident children.	-103.5	-103.5	-10.375	-10.3125	False	False	morphology	determiner_noun_agreement	Write a natural, coherent English sentence.
203	21	That adult hadn't complained about that exposed man.	That adult hadn't complained about those exposed man.	-113.5	-113.5	-10.3125	-10.3125	False	False	morphology	determiner_noun_agreement	Write a natural, coherent English sentence.
204	21	Larry works with these scared women.	Larry works with this scared women.	-72.5	-72.5	-10.375	-10.375	False	False	morphology	determiner_noun_agreement	Write a natural, coherent English sentence.
205	21	Kathleen leaves this old child.	Kathleen leaves these old child.	-72.0	-72.0	-10.25	-10.25	False	False	morphology	determiner_noun_agreement	Write a natural, coherent English sentence.
206	21	The actresses weren't watching these scared people.	The actresses weren't watching this scared people.	-113.5	-113.5	-10.3125	-10.3125	False	False	morphology	determiner_noun_agreement	Write a natural, coherent English sentence.
207	21	Derek isn't escaping from these blue oases.	Derek isn't escaping from this blue oases.	-134.0	-134.0	-10.3125	-10.3125	False	False	morphology	determiner_noun_agreement	Write a natural, coherent English sentence.
208	21	Naomi isn't talking about that cheap oasis.	Naomi isn't talking about those cheap oasis.	-123.5	-123.0	-10.25	-10.25	False	False	morphology	determiner_noun_agreement	Write a natural, coherent English sentence.
209	21	These guests hate these troubled men.	These guests hate this troubled men.	-82.5	-82.5	-10.3125	-10.3125	False	False	morphology	determiner_noun_agreement	Write a natural, coherent English sentence.
210	21	Patricia wasn't hiring those small children.	Patricia wasn't hiring that small children.	-113.0	-113.0	-10.3125	-10.3125	False	False	morphology	determiner_noun_agreement	Write a natural, coherent English sentence.
211	21	All stairs weren't alarming that lucky woman.	All stairs weren't alarming those lucky woman.	-114.0	-113.5	-10.375	-10.3125	False	False	morphology	determiner_noun_agreement	Write a natural, coherent English sentence.
212	21	Many drivers left that confident alumnus.	Many drivers left those confident alumnus.	-93.0	-93.0	-10.3125	-10.3125	False	False	morphology	determiner_noun_agreement	Write a natural, coherent English sentence.
213	21	Every skirt disgusts these smart children.	Every skirt disgusts this smart children.	-82.5	-82.5	-10.3125	-10.3125	False	False	morphology	determiner_noun_agreement	Write a natural, coherent English sentence.
214	21	Valerie has astounded that lost alumnus.	Valerie has astounded those lost alumnus.	-123.0	-123.0	-10.25	-10.25	False	False	morphology	determiner_noun_agreement	Write a natural, coherent English sentence.
215	21	Sonia should describe this determined child.	Sonia should describe these determined child.	-83.0	-83.0	-10.375	-10.375	False	False	morphology	determiner_noun_agreement	Write a natural, coherent English sentence.
216	21	A lot of lakes weren't disgusting that old person.	A lot of lakes weren't disgusting those old person.	-144.0	-144.0	-10.25	-10.25	False	False	morphology	determiner_noun_agreement	Write a natural, coherent English sentence.
217	21	Some pants hadn't aggravated that good woman.	Some pants hadn't aggravated those good woman.	-124.0	-124.0	-10.3125	-10.3125	False	False	morphology	determiner_noun_agreement	Write a natural, coherent English sentence.
218	21	Anne does return to that old woman.	Anne does return to those old woman.	-82.5	-82.5	-10.3125	-10.3125	False	False	morphology	determiner_noun_agreement	Write a natural, coherent English sentence.
219	21	Alan wasn't listening to that delighted person.	Alan wasn't listening to those delighted person.	-103.5	-103.5	-10.3125	-10.3125	False	False	morphology	determiner_noun_agreement	Write a natural, coherent English sentence.
220	21	Some icicles annoy those serious alumni.	Some icicles annoy that serious alumni.	-103.0	-103.0	-10.3125	-10.3125	False	False	morphology	determiner_noun_agreement	Write a natural, coherent English sentence.
221	21	Many women won't scare those uncertain men.	Many women won't scare that uncertain men.	-114.0	-114.0	-10.375	-10.375	False	False	morphology	determiner_noun_agreement	Write a natural, coherent English sentence.
222	21	Science disgusts this unconvinced alumnus.	Science disgusts these unconvinced alumnus.	-123.0	-123.0	-10.25	-10.25	False	False	morphology	determiner_noun_agreement	Write a natural, coherent English sentence.
223	21	Connie tours these rough oases.	Connie tours this rough oases.	-82.5	-82.5	-10.3125	-10.3125	False	False	morphology	determiner_noun_agreement	Write a natural, coherent English sentence.
224	21	Those banks were talking about this lost thesis.	Those banks were talking about these lost thesis.	-93.0	-93.0	-10.3125	-10.3125	False	False	morphology	determiner_noun_agreement	Write a natural, coherent English sentence.
225	21	Some prints didn't look like this rough louse.	Some prints didn't look like these rough louse.	-124.0	-124.0	-10.3125	-10.3125	False	False	morphology	determiner_noun_agreement	Write a natural, coherent English sentence.
226	21	All pedestrians like those rough theses.	All pedestrians like that rough theses.	-103.5	-103.5	-10.3125	-10.3125	False	False	morphology	determiner_noun_agreement	Write a natural, coherent English sentence.
227	21	Douglas saw that black fungus.	Douglas saw those black fungus.	-82.5	-83.0	-10.3125	-10.375	True	True	morphology	determiner_noun_agreement	Write a natural, coherent English sentence.
228	21	Sarah examined that bad analysis.	Sarah examined those bad analysis.	-62.5	-62.5	-10.375	-10.375	False	False	morphology	determiner_noun_agreement	Write a natural, coherent English sentence.
229	21	An actress researches this long thesis.	An actress researches these long thesis.	-103.0	-103.0	-10.3125	-10.3125	False	False	morphology	determiner_noun_agreement	Write a natural, coherent English sentence.
230	21	Those waitresses criticize this hidden child.	Those waitresses criticize these hidden child.	-102.5	-102.5	-10.25	-10.25	False	False	morphology	determiner_noun_agreement	Write a natural, coherent English sentence.
231	21	Most drivers question these upset alumni.	Most drivers question this upset alumni.	-93.0	-93.0	-10.375	-10.3125	False	False	morphology	determiner_noun_agreement	Write a natural, coherent English sentence.
232	21	Phillip isn't working with these small women.	Phillip isn't working with this small women.	-113.5	-113.5	-10.3125	-10.3125	False	False	morphology	determiner_noun_agreement	Write a natural, coherent English sentence.
233	21	Jennifer can't aggravate that unlucky man.	Jennifer can't aggravate those unlucky man.	-134.0	-134.0	-10.3125	-10.3125	False	False	morphology	determiner_noun_agreement	Write a natural, coherent English sentence.
234	21	Essays confuse this good woman.	Essays confuse these good woman.	-83.0	-83.0	-10.375	-10.375	False	False	morphology	determiner_noun_agreement	Write a natural, coherent English sentence.
235	21	Amelia has forgotten those bad analyses.	Amelia has forgotten that bad analyses.	-92.5	-92.5	-10.25	-10.25	False	False	morphology	determiner_noun_agreement	Write a natural, coherent English sentence.
236	21	Michael had explored this brown oasis.	Michael had explored these brown oasis.	-82.5	-82.5	-10.3125	-10.3125	False	False	morphology	determiner_noun_agreement	Write a natural, coherent English sentence.
237	21	Natalie can aggravate those smart men.	Natalie can aggravate that smart men.	-102.5	-103.0	-10.25	-10.3125	True	True	morphology	determiner_noun_agreement	Write a natural, coherent English sentence.
238	21	That patient won't go to these cheap oases.	That patient won't go to this cheap oases.	-124.0	-124.0	-10.375	-10.375	False	False	morphology	determiner_noun_agreement	Write a natural, coherent English sentence.
239	21	Heidi had discovered those black feet.	Heidi had discovered that black feet.	-82.5	-82.5	-10.3125	-10.3125	False	False	morphology	determiner_noun_agreement	Write a natural, coherent English sentence.
240	21	David hadn't watched those determined men.	David hadn't watched that determined men.	-93.0	-93.0	-10.3125	-10.3125	False	False	morphology	determiner_noun_agreement	Write a natural, coherent English sentence.
241	21	Some teenager couldn't walk through these green oases.	Some teenager couldn't walk through this green oases.	-123.5	-123.5	-10.3125	-10.3125	False	False	morphology	determiner_noun_agreement	Write a natural, coherent English sentence.
242	21	Christina shouldn't sell this hard oasis.	Christina shouldn't sell these hard oasis.	-113.0	-113.0	-10.25	-10.25	False	False	morphology	determiner_noun_agreement	Write a natural, coherent English sentence.
243	21	Christopher isn't firing those sick men.	Christopher isn't firing that sick men.	-93.5	-93.0	-10.375	-10.375	False	False	morphology	determiner_noun_agreement	Write a natural, coherent English sentence.
244	21	Most students hide that yellow mouse.	Most students hide those yellow mouse.	-72.5	-72.0	-10.3125	-10.3125	False	False	morphology	determiner_noun_agreement	Write a natural, coherent English sentence.
245	21	Holly did buy those clean feet.	Holly did buy that clean feet.	-72.0	-72.5	-10.3125	-10.3125	True	False	morphology	determiner_noun_agreement	Write a natural, coherent English sentence.
246	21	Many actors clean these brown theses.	Many actors clean this brown theses.	-83.0	-82.5	-10.375	-10.3125	False	False	morphology	determiner_noun_agreement	Write a natural, coherent English sentence.
247	21	Stacy would hide those lost lice.	Stacy would hide that lost lice.	-93.5	-93.0	-10.375	-10.375	False	False	morphology	determiner_noun_agreement	Write a natural, coherent English sentence.
248	21	Alan drove to that new oasis.	Alan drove to those new oasis.	-82.0	-82.0	-10.25	-10.25	False	False	morphology	determiner_noun_agreement	Write a natural, coherent English sentence.
249	21	The Impressionists tour this purple oasis.	The Impressionists tour these purple oasis.	-103.0	-103.0	-10.25	-10.25	False	False	morphology	determiner_noun_agreement	Write a natural, coherent English sentence.
250	21	Wayne is talking to this hidden woman.	Wayne is talking to these hidden woman.	-83.0	-83.0	-10.375	-10.375	False	False	morphology	determiner_noun_agreement	Write a natural, coherent English sentence.
251	21	Christopher forgets this happy child.	Christopher forgets these happy child.	-72.0	-72.0	-10.3125	-10.3125	False	False	morphology	determiner_noun_agreement	Write a natural, coherent English sentence.
252	21	Julie can boycott those cheap oases.	Julie can boycott that cheap oases.	-93.0	-93.0	-10.3125	-10.3125	False	False	morphology	determiner_noun_agreement	Write a natural, coherent English sentence.
253	21	Most senators dislike these bad theses.	Most senators dislike this bad theses.	-103.0	-103.0	-10.3125	-10.3125	False	False	morphology	determiner_noun_agreement	Write a natural, coherent English sentence.
254	21	Denise concealed this content person.	Denise concealed these content person.	-82.5	-82.5	-10.3125	-10.3125	False	False	morphology	determiner_noun_agreement	Write a natural, coherent English sentence.
255	21	Some bike shocks these nice women.	Some bike shocks this nice women.	-82.5	-83.0	-10.3125	-10.375	True	True	morphology	determiner_noun_agreement	Write a natural, coherent English sentence.
256	21	These teenagers fix those hidden feet.	These teenagers fix that hidden feet.	-82.0	-82.0	-10.25	-10.25	False	False	morphology	determiner_noun_agreement	Write a natural, coherent English sentence.
257	21	Ella praised that ill woman.	Ella praised those ill woman.	-72.5	-72.5	-10.375	-10.375	False	False	morphology	determiner_noun_agreement	Write a natural, coherent English sentence.
258	21	Current events stun these lost people.	Current events stun this lost people.	-82.5	-83.0	-10.3125	-10.375	True	True	morphology	determiner_noun_agreement	Write a natural, coherent English sentence.
259	21	Mary tours this gray oasis.	Mary tours these gray oasis.	-72.0	-72.5	-10.3125	-10.3125	True	False	morphology	determiner_noun_agreement	Write a natural, coherent English sentence.
260	21	Linda visited those unsure men.	Linda visited that unsure men.	-73.0	-72.5	-10.375	-10.375	False	False	morphology	determiner_noun_agreement	Write a natural, coherent English sentence.
261	21	Dan wouldn't boycott that smooth oasis.	Dan wouldn't boycott those smooth oasis.	-113.5	-113.0	-10.3125	-10.25	False	False	morphology	determiner_noun_agreement	Write a natural, coherent English sentence.
262	21	Those men leave that brown oasis.	Those men leave those brown oasis.	-82.5	-82.0	-10.3125	-10.25	False	False	morphology	determiner_noun_agreement	Write a natural, coherent English sentence.
263	21	Lissa does pass these black oases.	Lissa does pass this black oases.	-93.5	-93.5	-10.375	-10.375	False	False	morphology	determiner_noun_agreement	Write a natural, coherent English sentence.
264	21	Alice had embarrassed this happy man.	Alice had embarrassed these happy man.	-72.5	-72.5	-10.375	-10.375	False	False	morphology	determiner_noun_agreement	Write a natural, coherent English sentence.
265	21	Wayne is worrying that hopeful child.	Wayne is worrying those hopeful child.	-82.5	-82.5	-10.3125	-10.3125	False	False	morphology	determiner_noun_agreement	Write a natural, coherent English sentence.
266	21	Lucille is biking to that green oasis.	Lucille is biking to those green oasis.	-113.0	-113.0	-10.25	-10.25	False	False	morphology	determiner_noun_agreement	Write a natural, coherent English sentence.
267	21	Katherine hadn't skated around this white oasis.	Katherine hadn't skated around these white oasis.	-134.0	-134.0	-10.3125	-10.3125	False	False	morphology	determiner_noun_agreement	Write a natural, coherent English sentence.
268	21	James observed this hopeful child.	James observed these hopeful child.	-72.0	-72.0	-10.3125	-10.25	False	False	morphology	determiner_noun_agreement	Write a natural, coherent English sentence.
269	21	Gerald liked this big child.	Gerald liked these big child.	-72.0	-72.0	-10.3125	-10.3125	False	False	morphology	determiner_noun_agreement	Write a natural, coherent English sentence.
270	21	That committee wasn't hiring this displeased alumnus.	That committee wasn't hiring these displeased alumnus.	-144.0	-144.0	-10.3125	-10.3125	False	False	morphology	determiner_noun_agreement	Write a natural, coherent English sentence.
271	21	Gary isn't breaking that white tooth.	Gary isn't breaking those white tooth.	-93.0	-93.5	-10.375	-10.375	True	False	morphology	determiner_noun_agreement	Write a natural, coherent English sentence.
272	21	Walter hasn't seen those content children.	Walter hasn't seen that content children.	-93.0	-93.0	-10.375	-10.3125	False	False	morphology	determiner_noun_agreement	Write a natural, coherent English sentence.
273	21	Martha didn't clean these hidden teeth.	Martha didn't clean this hidden teeth.	-93.0	-93.0	-10.3125	-10.3125	False	False	morphology	determiner_noun_agreement	Write a natural, coherent English sentence.
274	21	These teachers are returning to those lost men.	These teachers are returning to that lost men.	-93.0	-93.0	-10.3125	-10.3125	False	False	morphology	determiner_noun_agreement	Write a natural, coherent English sentence.
275	21	Ellen hadn't boycotted that hidden oasis.	Ellen hadn't boycotted those hidden oasis.	-124.0	-124.0	-10.3125	-10.3125	False	False	morphology	determiner_noun_agreement	Write a natural, coherent English sentence.
276	21	Some patients drive to these brown oases.	Some patients drive to this brown oases.	-93.0	-93.0	-10.3125	-10.3125	False	False	morphology	determiner_noun_agreement	Write a natural, coherent English sentence.
277	21	Nina wasn't referencing this ill person.	Nina wasn't referencing these ill person.	-103.0	-103.0	-10.3125	-10.3125	False	False	morphology	determiner_noun_agreement	Write a natural, coherent English sentence.
278	21	Denise praises these fast children.	Denise praises this fast children.	-82.5	-82.5	-10.3125	-10.3125	False	False	morphology	determiner_noun_agreement	Write a natural, coherent English sentence.
279	21	Most customers attack that clever man.	Most customers attack those clever man.	-72.5	-72.5	-10.375	-10.375	False	False	morphology	determiner_noun_agreement	Write a natural, coherent English sentence.
280	21	Every photograph looks like those exposed people.	Every photograph looks like that exposed people.	-82.5	-82.5	-10.3125	-10.3125	False	False	morphology	determiner_noun_agreement	Write a natural, coherent English sentence.
281	21	Cindy shouldn't cure that confident alumnus.	Cindy shouldn't cure those confident alumnus.	-134.0	-134.0	-10.3125	-10.3125	False	False	morphology	determiner_noun_agreement	Write a natural, coherent English sentence.
282	21	The Borgias reveal these blue feet.	The Borgias reveal this blue feet.	-93.5	-93.5	-10.375	-10.375	False	False	morphology	determiner_noun_agreement	Write a natural, coherent English sentence.
283	21	Ella lifts these exposed fungi.	Ella lifts this exposed fungi.	-93.0	-93.0	-10.3125	-10.3125	False	False	morphology	determiner_noun_agreement	Write a natural, coherent English sentence.
284	21	The Lutherans astound that unsure person.	The Lutherans astound those unsure person.	-103.5	-103.5	-10.3125	-10.3125	False	False	morphology	determiner_noun_agreement	Write a natural, coherent English sentence.
285	21	These cakes bore that determined woman.	These cakes bore those determined woman.	-82.5	-82.5	-10.3125	-10.3125	False	False	morphology	determiner_noun_agreement	Write a natural, coherent English sentence.
286	21	Nina lifts this orange cactus.	Nina lifts these orange cactus.	-93.0	-93.0	-10.3125	-10.3125	False	False	morphology	determiner_noun_agreement	Write a natural, coherent English sentence.
287	21	The actors kiss these unconvinced children.	The actors kiss this unconvinced children.	-103.0	-103.0	-10.3125	-10.3125	False	False	morphology	determiner_noun_agreement	Write a natural, coherent English sentence.
288	21	Sharon dislikes that brown thesis.	Sharon dislikes those brown thesis.	-93.0	-93.0	-10.3125	-10.3125	False	False	morphology	determiner_noun_agreement	Write a natural, coherent English sentence.
289	21	The customers sell these rough fungi.	The customers sell this rough fungi.	-82.5	-83.0	-10.3125	-10.375	True	True	morphology	determiner_noun_agreement	Write a natural, coherent English sentence.
290	21	Janice didn't cure those employed men.	Janice didn't cure that employed men.	-103.0	-103.0	-10.3125	-10.3125	False	False	morphology	determiner_noun_agreement	Write a natural, coherent English sentence.
291	21	Paula left this uncertain person.	Paula left these uncertain person.	-72.0	-72.0	-10.3125	-10.3125	False	False	morphology	determiner_noun_agreement	Write a natural, coherent English sentence.
292	21	Those guys had escaped from those employed children.	Those guys had escaped from that employed children.	-92.5	-93.0	-10.3125	-10.3125	True	False	morphology	determiner_noun_agreement	Write a natural, coherent English sentence.
293	21	Christine wasn't touring that old oasis.	Christine wasn't touring those old oasis.	-123.5	-123.5	-10.3125	-10.3125	False	False	morphology	determiner_noun_agreement	Write a natural, coherent English sentence.
294	21	These waitresses praise this rough thesis.	These waitresses praise these rough thesis.	-92.0	-92.0	-10.25	-10.25	False	False	morphology	determiner_noun_agreement	Write a natural, coherent English sentence.
295	21	Some girls hadn't passed this concealed oasis.	Some girls hadn't passed these concealed oasis.	-124.0	-124.0	-10.3125	-10.3125	False	False	morphology	determiner_noun_agreement	Write a natural, coherent English sentence.
296	21	Andrea lifts these small cacti.	Andrea lifts this small cacti.	-93.0	-93.0	-10.3125	-10.3125	False	False	morphology	determiner_noun_agreement	Write a natural, coherent English sentence.
297	21	Kristen is scanning those bad synopses.	Kristen is scanning that bad synopses.	-113.0	-113.0	-10.3125	-10.3125	False	False	morphology	determiner_noun_agreement	Write a natural, coherent English sentence.
298	21	Alan is skated around these cheap oases.	Alan is skated around this cheap oases.	-103.5	-103.5	-10.3125	-10.375	False	True	morphology	determiner_noun_agreement	Write a natural, coherent English sentence.
299	21	Kayla has investigated these busy people.	Kayla has investigated this busy people.	-83.0	-83.0	-10.375	-10.375	False	False	morphology	determiner_noun_agreement	Write a natural, coherent English sentence.
300	21	Timothy observes that good woman.	Timothy observes those good woman.	-82.5	-82.5	-10.3125	-10.3125	False	False	morphology	determiner_noun_agreement	Write a natural, coherent English sentence.
301	21	Every museum hadn't discussed those hidden theses.	Every museum hadn't discussed that hidden theses.	-113.5	-114.0	-10.3125	-10.3125	True	False	morphology	determiner_noun_agreement	Write a natural, coherent English sentence.
302	21	Some cashiers help this troubled person.	Some cashiers help these troubled person.	-92.0	-92.0	-10.25	-10.25	False	False	morphology	determiner_noun_agreement	Write a natural, coherent English sentence.
303	21	Amanda was attacking that displeased woman.	Amanda was attacking those displeased woman.	-93.0	-93.0	-10.375	-10.375	False	False	morphology	determiner_noun_agreement	Write a natural, coherent English sentence.
304	21	This window upsets these lost people.	This window upsets this lost people.	-83.0	-83.0	-10.375	-10.375	False	False	morphology	determiner_noun_agreement	Write a natural, coherent English sentence.
305	21	Cindy wasn't bringing those gray cacti.	Cindy wasn't bringing that gray cacti.	-134.0	-134.0	-10.3125	-10.3125	False	False	morphology	determiner_noun_agreement	Write a natural, coherent English sentence.
306	21	Peter complained about these good synopses.	Peter complained about this good synopses.	-92.5	-92.5	-10.25	-10.25	False	False	morphology	determiner_noun_agreement	Write a natural, coherent English sentence.
307	21	Danielle was touring those new oases.	Danielle was touring that new oases.	-103.0	-102.5	-10.25	-10.25	False	False	morphology	determiner_noun_agreement	Write a natural, coherent English sentence.
308	21	Elaine discusses that standing person.	Elaine discusses those standing person.	-82.0	-82.5	-10.25	-10.3125	True	True	morphology	determiner_noun_agreement	Write a natural, coherent English sentence.
309	21	Jacqueline had healed those rough geese.	Jacqueline had healed that rough geese.	-113.5	-113.0	-10.3125	-10.3125	False	False	morphology	determiner_noun_agreement	Write a natural, coherent English sentence.
310	21	All rivers were distracting those standing men.	All rivers were distracting that standing men.	-93.0	-93.5	-10.375	-10.375	True	False	morphology	determiner_noun_agreement	Write a natural, coherent English sentence.
311	21	Some people exit those yellow oases.	Some people exit that yellow oases.	-82.5	-82.5	-10.3125	-10.3125	False	False	morphology	determiner_noun_agreement	Write a natural, coherent English sentence.
312	21	Becca isn't exploring these hard oases.	Becca isn't exploring this hard oases.	-113.5	-113.5	-10.3125	-10.3125	False	False	morphology	determiner_noun_agreement	Write a natural, coherent English sentence.
313	21	Timothy revealed that big foot.	Timothy revealed those big foot.	-72.0	-72.0	-10.25	-10.25	False	False	morphology	determiner_noun_agreement	Write a natural, coherent English sentence.
314	21	Adam fires these determined men.	Adam fires this determined men.	-62.25	-62.25	-10.375	-10.375	False	False	morphology	determiner_noun_agreement	Write a natural, coherent English sentence.
315	21	The teenagers clean this purple foot.	The teenagers clean these purple foot.	-82.0	-82.0	-10.25	-10.25	False	False	morphology	determiner_noun_agreement	Write a natural, coherent English sentence.
316	21	The Great Lakes could annoy that troubled man.	The Great Lakes could annoy those troubled man.	-113.5	-113.5	-10.3125	-10.3125	False	False	morphology	determiner_noun_agreement	Write a natural, coherent English sentence.
317	21	Karen discusses those bad men.	Karen discusses that bad men.	-72.0	-72.0	-10.3125	-10.3125	False	False	morphology	determiner_noun_agreement	Write a natural, coherent English sentence.
318	21	Phillip didn't find those ill alumni.	Phillip didn't find that ill alumni.	-123.0	-123.0	-10.25	-10.25	False	False	morphology	determiner_noun_agreement	Write a natural, coherent English sentence.
319	21	A lot of men reference these good analyses.	A lot of men reference this good analyses.	-103.0	-103.0	-10.3125	-10.3125	False	False	morphology	determiner_noun_agreement	Write a natural, coherent English sentence.
320	21	Larry had insulted these lucky children.	Larry had insulted this lucky children.	-82.5	-82.5	-10.3125	-10.3125	False	False	morphology	determiner_noun_agreement	Write a natural, coherent English sentence.
321	21	Debra is firing that determined child.	Debra is firing those determined child.	-83.0	-83.0	-10.375	-10.375	False	False	morphology	determiner_noun_agreement	Write a natural, coherent English sentence.
322	21	Noah was watching that fast woman.	Noah was watching those fast woman.	-72.0	-72.0	-10.3125	-10.3125	False	False	morphology	determiner_noun_agreement	Write a natural, coherent English sentence.
323	21	Gina works with that displeased person.	Gina works with those displeased person.	-103.5	-103.5	-10.3125	-10.3125	False	False	morphology	determiner_noun_agreement	Write a natural, coherent English sentence.
324	21	Most doctors would bring these big nuclei.	Most doctors would bring this big nuclei.	-93.0	-93.0	-10.375	-10.375	False	False	morphology	determiner_noun_agreement	Write a natural, coherent English sentence.
325	21	All drawings alarm that unconvinced child.	All drawings alarm those unconvinced child.	-103.5	-103.0	-10.375	-10.3125	False	False	morphology	determiner_noun_agreement	Write a natural, coherent English sentence.
326	21	Some libraries hate that busy man.	Some libraries hate those busy man.	-72.5	-72.5	-10.3125	-10.3125	False	False	morphology	determiner_noun_agreement	Write a natural, coherent English sentence.
327	21	Derek disgusted that unemployed child.	Derek disgusted those unemployed child.	-92.5	-92.5	-10.3125	-10.3125	False	False	morphology	determiner_noun_agreement	Write a natural, coherent English sentence.
328	21	Marla hadn't fired these good men.	Marla hadn't fired this good men.	-103.5	-103.5	-10.375	-10.375	False	False	morphology	determiner_noun_agreement	Write a natural, coherent English sentence.
329	21	Carmen examined that red thesis.	Carmen examined those red thesis.	-72.5	-72.5	-10.375	-10.375	False	False	morphology	determiner_noun_agreement	Write a natural, coherent English sentence.
330	21	Amelia investigates this smart woman.	Amelia investigates these smart woman.	-82.5	-82.5	-10.3125	-10.3125	False	False	morphology	determiner_noun_agreement	Write a natural, coherent English sentence.
331	21	The Borgias hire that displeased alumnus.	The Borgias hire those displeased alumnus.	-134.0	-134.0	-10.3125	-10.3125	False	False	morphology	determiner_noun_agreement	Write a natural, coherent English sentence.
332	21	Stacey would arrive at these orange oases.	Stacey would arrive at this orange oases.	-113.0	-113.0	-10.3125	-10.25	False	False	morphology	determiner_noun_agreement	Write a natural, coherent English sentence.
333	21	Anna works with this lucky man.	Anna works with these lucky man.	-72.5	-72.0	-10.375	-10.3125	False	False	morphology	determiner_noun_agreement	Write a natural, coherent English sentence.
334	21	Walter has scanned this rough thesis.	Walter has scanned these rough thesis.	-83.0	-83.0	-10.375	-10.375	False	False	morphology	determiner_noun_agreement	Write a natural, coherent English sentence.
335	21	Some mushroom bothered that lucky woman.	Some mushroom bothered those lucky woman.	-82.5	-82.5	-10.3125	-10.3125	False	False	morphology	determiner_noun_agreement	Write a natural, coherent English sentence.
336	21	Cynthia walked through this hard oasis.	Cynthia walked through these hard oasis.	-113.0	-113.0	-10.25	-10.25	False	False	morphology	determiner_noun_agreement	Write a natural, coherent English sentence.
337	21	Liam has healed these black oxen.	Liam has healed this black oxen.	-103.0	-103.0	-10.3125	-10.3125	False	False	morphology	determiner_noun_agreement	Write a natural, coherent English sentence.
338	21	Andrew did notice these white axes.	Andrew did notice this white axes.	-83.0	-83.0	-10.375	-10.375	False	False	morphology	determiner_noun_agreement	Write a natural, coherent English sentence.
339	21	Bethany kisses these serious alumni.	Bethany kisses this serious alumni.	-102.5	-102.5	-10.25	-10.25	False	False	morphology	determiner_noun_agreement	Write a natural, coherent English sentence.
340	21	Vanessa watches this nice person.	Vanessa watches these nice person.	-72.0	-72.0	-10.3125	-10.3125	False	False	morphology	determiner_noun_agreement	Write a natural, coherent English sentence.
341	21	Every window astounded that big man.	Every window astounded those big man.	-92.5	-92.5	-10.25	-10.3125	False	True	morphology	determiner_noun_agreement	Write a natural, coherent English sentence.
342	21	Donna leaves that upset man.	Donna leaves those upset man.	-72.0	-72.0	-10.3125	-10.3125	False	False	morphology	determiner_noun_agreement	Write a natural, coherent English sentence.
343	21	Many students drop by that orange oasis.	Many students drop by those orange oasis.	-92.5	-92.5	-10.3125	-10.3125	False	False	morphology	determiner_noun_agreement	Write a natural, coherent English sentence.
344	21	The sketches looked like this unsure man.	The sketches looked like these unsure man.	-113.0	-113.5	-10.3125	-10.3125	True	False	morphology	determiner_noun_agreement	Write a natural, coherent English sentence.
345	21	Helen fixes that broken tooth.	Helen fixes those broken tooth.	-71.5	-71.5	-10.25	-10.25	False	False	morphology	determiner_noun_agreement	Write a natural, coherent English sentence.
346	21	Robert wasn't annoying that old person.	Robert wasn't annoying those old person.	-93.0	-93.0	-10.3125	-10.3125	False	False	morphology	determiner_noun_agreement	Write a natural, coherent English sentence.
347	21	Amy isn't talking to that young woman.	Amy isn't talking to those young woman.	-103.5	-103.5	-10.375	-10.375	False	False	morphology	determiner_noun_agreement	Write a natural, coherent English sentence.
348	21	Alan hadn't remembered these long analyses.	Alan hadn't remembered this long analyses.	-103.0	-103.0	-10.3125	-10.3125	False	False	morphology	determiner_noun_agreement	Write a natural, coherent English sentence.
349	21	Stephen is working with these out in the open women.	Stephen is working with this out in the open women.	-114.0	-114.0	-10.375	-10.375	False	False	morphology	determiner_noun_agreement	Write a natural, coherent English sentence.
350	21	This library had discussed these employed men.	This library had discussed this employed men.	-83.0	-83.0	-10.375	-10.375	False	False	morphology	determiner_noun_agreement	Write a natural, coherent English sentence.
351	21	This teenager can't worry those delighted men.	This teenager can't worry that delighted men.	-103.5	-103.5	-10.375	-10.375	False	False	morphology	determiner_noun_agreement	Write a natural, coherent English sentence.
352	21	Wendy revealed that sick octopus.	Wendy revealed those sick octopus.	-93.0	-92.5	-10.3125	-10.3125	False	False	morphology	determiner_noun_agreement	Write a natural, coherent English sentence.
353	21	The Clintons haven't worked with that young person.	The Clintons haven't worked with those young person.	-134.0	-134.0	-10.3125	-10.3125	False	False	morphology	determiner_noun_agreement	Write a natural, coherent English sentence.
354	21	Some committee aggravates this unconvinced woman.	Some committee aggravates these unconvinced woman.	-123.5	-123.5	-10.25	-10.25	False	False	morphology	determiner_noun_agreement	Write a natural, coherent English sentence.
355	21	Guy bored that troubled man.	Guy bored those troubled man.	-72.5	-72.5	-10.3125	-10.3125	False	False	morphology	determiner_noun_agreement	Write a natural, coherent English sentence.
356	21	Every actress scanned those bad analyses.	Every actress scanned that bad analyses.	-93.0	-93.0	-10.3125	-10.3125	False	False	morphology	determiner_noun_agreement	Write a natural, coherent English sentence.
357	21	A library alarms that determined child.	A library alarms those determined child.	-83.0	-83.0	-10.375	-10.375	False	False	morphology	determiner_noun_agreement	Write a natural, coherent English sentence.
358	21	Sheila can't notice this clever man.	Sheila can't notice these clever man.	-103.0	-103.0	-10.3125	-10.3125	False	False	morphology	determiner_noun_agreement	Write a natural, coherent English sentence.
359	21	James forgets this fast alumnus.	James forgets these fast alumnus.	-92.5	-92.5	-10.25	-10.25	False	False	morphology	determiner_noun_agreement	Write a natural, coherent English sentence.
360	21	Noah hasn't thought about these smooth lice.	Noah hasn't thought about this smooth lice.	-113.5	-113.5	-10.3125	-10.3125	False	False	morphology	determiner_noun_agreement	Write a natural, coherent English sentence.
361	21	Aaron sees these gray oases.	Aaron sees this gray oases.	-72.5	-72.5	-10.375	-10.375	False	False	morphology	determiner_noun_agreement	Write a natural, coherent English sentence.
362	21	Sherry has taken this standing goose.	Sherry has taken these standing goose.	-93.0	-93.0	-10.3125	-10.3125	False	False	morphology	determiner_noun_agreement	Write a natural, coherent English sentence.
363	21	Marie hasn't found those ill geese.	Marie hasn't found that ill geese.	-103.5	-103.5	-10.3125	-10.375	False	True	morphology	determiner_noun_agreement	Write a natural, coherent English sentence.
364	21	Peter isn't arriving at that red oasis.	Peter isn't arriving at those red oasis.	-113.0	-113.5	-10.3125	-10.3125	True	False	morphology	determiner_noun_agreement	Write a natural, coherent English sentence.
365	21	Jill isn't boycotting those orange oases.	Jill isn't boycotting that orange oases.	-144.0	-145.0	-10.3125	-10.3125	True	False	morphology	determiner_noun_agreement	Write a natural, coherent English sentence.
366	21	Julia messes up that orange foot.	Julia messes up those orange foot.	-82.5	-82.5	-10.3125	-10.3125	False	False	morphology	determiner_noun_agreement	Write a natural, coherent English sentence.
367	21	That hill didn't disturb that content woman.	That hill didn't disturb those content woman.	-103.5	-103.5	-10.375	-10.375	False	False	morphology	determiner_noun_agreement	Write a natural, coherent English sentence.
368	21	Suzanne has concealed that concealed man.	Suzanne has concealed those concealed man.	-102.5	-102.5	-10.25	-10.25	False	False	morphology	determiner_noun_agreement	Write a natural, coherent English sentence.
369	21	Alicia sells that orange octopus.	Alicia sells those orange octopus.	-113.0	-113.0	-10.25	-10.25	False	False	morphology	determiner_noun_agreement	Write a natural, coherent English sentence.
370	21	Leslie has discussed that delighted child.	Leslie has discussed those delighted child.	-82.5	-82.5	-10.3125	-10.3125	False	False	morphology	determiner_noun_agreement	Write a natural, coherent English sentence.
371	21	Andrea could like these white lice.	Andrea could like this white lice.	-83.0	-83.0	-10.375	-10.375	False	False	morphology	determiner_noun_agreement	Write a natural, coherent English sentence.
372	21	Most children break those rough teeth.	Most children break that rough teeth.	-72.5	-72.5	-10.3125	-10.375	False	True	morphology	determiner_noun_agreement	Write a natural, coherent English sentence.
373	21	Richard did work with this clever child.	Richard did work with these clever child.	-82.5	-82.5	-10.3125	-10.3125	False	False	morphology	determiner_noun_agreement	Write a natural, coherent English sentence.
374	21	Anne hugs this unemployed woman.	Anne hugs these unemployed woman.	-82.5	-82.0	-10.3125	-10.25	False	False	morphology	determiner_noun_agreement	Write a natural, coherent English sentence.
375	21	Those actors attack that excited child.	Those actors attack those excited child.	-72.5	-72.5	-10.375	-10.375	False	False	morphology	determiner_noun_agreement	Write a natural, coherent English sentence.
376	21	Bruce was hugging that unconvinced man.	Bruce was hugging those unconvinced man.	-113.0	-113.0	-10.25	-10.25	False	False	morphology	determiner_noun_agreement	Write a natural, coherent English sentence.
377	21	Patrick hasn't hidden this orange oasis.	Patrick hasn't hidden these orange oasis.	-103.0	-103.0	-10.3125	-10.3125	False	False	morphology	determiner_noun_agreement	Write a natural, coherent English sentence.
378	21	Alicia hadn't discussed that uncertain person.	Alicia hadn't discussed those uncertain person.	-113.5	-113.5	-10.3125	-10.3125	False	False	morphology	determiner_noun_agreement	Write a natural, coherent English sentence.
379	21	Susan wasn't talking to those confident men.	Susan wasn't talking to that confident men.	-103.5	-103.5	-10.3125	-10.3125	False	False	morphology	determiner_noun_agreement	Write a natural, coherent English sentence.
380	21	Cheryl will scan that good synopsis.	Cheryl will scan those good synopsis.	-93.0	-92.5	-10.3125	-10.3125	False	False	morphology	determiner_noun_agreement	Write a natural, coherent English sentence.
381	21	Tamara kissed that unsure man.	Tamara kissed those unsure man.	-82.5	-82.5	-10.3125	-10.3125	False	False	morphology	determiner_noun_agreement	Write a natural, coherent English sentence.
382	21	Craig boasts about those bad analyses.	Craig boasts about that bad analyses.	-92.5	-92.5	-10.3125	-10.25	False	False	morphology	determiner_noun_agreement	Write a natural, coherent English sentence.
383	21	Randolf hadn't hugged those serious people.	Randolf hadn't hugged that serious people.	-113.5	-113.5	-10.3125	-10.3125	False	False	morphology	determiner_noun_agreement	Write a natural, coherent English sentence.
384	21	Many doctors cure these exposed men.	Many doctors cure this exposed men.	-72.5	-72.0	-10.3125	-10.3125	False	False	morphology	determiner_noun_agreement	Write a natural, coherent English sentence.
385	21	Women criticized those smooth theses.	Women criticized that smooth theses.	-82.5	-82.5	-10.3125	-10.3125	False	False	morphology	determiner_noun_agreement	Write a natural, coherent English sentence.
386	21	Some light disturbs that old person.	Some light disturbs those old person.	-93.0	-93.0	-10.3125	-10.3125	False	False	morphology	determiner_noun_agreement	Write a natural, coherent English sentence.
387	21	Carol was questioning this big man.	Carol was questioning these big man.	-72.5	-72.5	-10.375	-10.375	False	False	morphology	determiner_noun_agreement	Write a natural, coherent English sentence.
388	21	Sara has gone to that old oasis.	Sara has gone to those old oasis.	-92.5	-92.5	-10.3125	-10.3125	False	False	morphology	determiner_noun_agreement	Write a natural, coherent English sentence.
389	21	Steven brought these red oases.	Steven brought this red oases.	-72.0	-72.0	-10.3125	-10.3125	False	False	morphology	determiner_noun_agreement	Write a natural, coherent English sentence.
390	21	Diana will disgust these ill children.	Diana will disgust this ill children.	-72.5	-72.5	-10.375	-10.375	False	False	morphology	determiner_noun_agreement	Write a natural, coherent English sentence.
391	21	Steven disturbs these sick alumni.	Steven disturbs this sick alumni.	-103.5	-103.0	-10.3125	-10.3125	False	False	morphology	determiner_noun_agreement	Write a natural, coherent English sentence.
392	21	Angela wasn't lifting these blue feet.	Angela wasn't lifting this blue feet.	-93.0	-93.0	-10.3125	-10.375	False	True	morphology	determiner_noun_agreement	Write a natural, coherent English sentence.
393	21	Sharon hasn't stunned that unsure child.	Sharon hasn't stunned those unsure child.	-124.5	-124.0	-10.375	-10.375	False	False	morphology	determiner_noun_agreement	Write a natural, coherent English sentence.
394	21	These girls question that concealed man.	These girls question those concealed man.	-82.5	-82.5	-10.3125	-10.3125	False	False	morphology	determiner_noun_agreement	Write a natural, coherent English sentence.
395	21	Martha wasn't kissing this unemployed man.	Martha wasn't kissing these unemployed man.	-113.0	-113.0	-10.25	-10.25	False	False	morphology	determiner_noun_agreement	Write a natural, coherent English sentence.
396	21	Kendra isn't working with this excited child.	Kendra isn't working with these excited child.	-124.0	-124.0	-10.3125	-10.3125	False	False	morphology	determiner_noun_agreement	Write a natural, coherent English sentence.
397	21	All actresses praise this hard thesis.	All actresses praise these hard thesis.	-82.0	-82.0	-10.25	-10.25	False	False	morphology	determiner_noun_agreement	Write a natural, coherent English sentence.
398	21	David cleans that hard tooth.	David cleans those hard tooth.	-72.5	-72.0	-10.3125	-10.3125	False	False	morphology	determiner_noun_agreement	Write a natural, coherent English sentence.
399	21	Julia sounded like this uncertain person.	Julia sounded like these uncertain person.	-72.5	-72.5	-10.375	-10.3125	False	False	morphology	determiner_noun_agreement	Write a natural, coherent English sentence.
400	21	Those actors attacked that happy alumnus.	Those actors attacked those happy alumnus.	-93.0	-92.5	-10.3125	-10.3125	False	False	morphology	determiner_noun_agreement	Write a natural, coherent English sentence.
401	21	Eva hadn't admired these black fungi.	Eva hadn't admired this black fungi.	-113.5	-113.5	-10.3125	-10.3125	False	False	morphology	determiner_noun_agreement	Write a natural, coherent English sentence.
402	21	Many chairs aren't disgusting this unlucky child.	Many chairs aren't disgusting these unlucky child.	-134.0	-134.0	-10.3125	-10.3125	False	False	morphology	determiner_noun_agreement	Write a natural, coherent English sentence.
403	21	Those waiters break these rough teeth.	Those waiters break this rough teeth.	-82.5	-82.5	-10.3125	-10.3125	False	False	morphology	determiner_noun_agreement	Write a natural, coherent English sentence.
404	21	Becca leaves this uncertain child.	Becca leaves these uncertain child.	-72.0	-72.0	-10.3125	-10.3125	False	False	morphology	determiner_noun_agreement	Write a natural, coherent English sentence.
405	21	Some steak disturbs these displeased children.	Some steak disturbs this displeased children.	-124.0	-124.0	-10.3125	-10.3125	False	False	morphology	determiner_noun_agreement	Write a natural, coherent English sentence.
406	21	Christine wouldn't conceal this lost stimulus.	Christine wouldn't conceal these lost stimulus.	-123.5	-123.5	-10.3125	-10.3125	False	False	morphology	determiner_noun_agreement	Write a natural, coherent English sentence.
407	21	Every face irritates those unemployed alumni.	Every face irritates that unemployed alumni.	-113.0	-113.0	-10.25	-10.25	False	False	morphology	determiner_noun_agreement	Write a natural, coherent English sentence.
408	21	Susan noticed that unlucky person.	Susan noticed those unlucky person.	-82.0	-82.0	-10.25	-10.25	False	False	morphology	determiner_noun_agreement	Write a natural, coherent English sentence.
409	21	Some women drop by those concealed oases.	Some women drop by that concealed oases.	-103.5	-103.5	-10.375	-10.3125	False	False	morphology	determiner_noun_agreement	Write a natural, coherent English sentence.
410	21	The Clintons disagree with these serious men.	The Clintons disagree with this serious men.	-103.5	-103.5	-10.375	-10.375	False	False	morphology	determiner_noun_agreement	Write a natural, coherent English sentence.
411	21	Phillip discovers these busy women.	Phillip discovers this busy women.	-82.5	-82.5	-10.3125	-10.3125	False	False	morphology	determiner_noun_agreement	Write a natural, coherent English sentence.
412	21	Waiters investigate that hopeful woman.	Waiters investigate those hopeful woman.	-82.0	-82.0	-10.25	-10.25	False	False	morphology	determiner_noun_agreement	Write a natural, coherent English sentence.
413	21	Regina hasn't found these white nuclei.	Regina hasn't found this white nuclei.	-124.0	-124.0	-10.3125	-10.3125	False	False	morphology	determiner_noun_agreement	Write a natural, coherent English sentence.
414	21	Irene scanned those purple theses.	Irene scanned that purple theses.	-92.5	-93.0	-10.3125	-10.3125	True	False	morphology	determiner_noun_agreement	Write a natural, coherent English sentence.
415	21	A bank references those popular people.	A bank references that popular people.	-73.0	-73.0	-10.375	-10.375	False	False	morphology	determiner_noun_agreement	Write a natural, coherent English sentence.
416	21	Vincent tours this old oasis.	Vincent tours these old oasis.	-72.0	-72.0	-10.3125	-10.3125	False	False	morphology	determiner_noun_agreement	Write a natural, coherent English sentence.
417	21	Alicia kisses that standing woman.	Alicia kisses those standing woman.	-92.5	-92.5	-10.3125	-10.3125	False	False	morphology	determiner_noun_agreement	Write a natural, coherent English sentence.
418	21	Some candles aren't boring those displeased men.	Some candles aren't boring that displeased men.	-134.0	-134.0	-10.3125	-10.3125	False	False	morphology	determiner_noun_agreement	Write a natural, coherent English sentence.
419	21	That teenager does care for this old alumnus.	That teenager does care for these old alumnus.	-113.0	-113.0	-10.25	-10.25	False	False	morphology	determiner_noun_agreement	Write a natural, coherent English sentence.
420	21	A lot of drawings weren't alarming that displeased man.	A lot of drawings weren't alarming those displeased man.	-155.0	-154.0	-10.3125	-10.3125	False	False	morphology	determiner_noun_agreement	Write a natural, coherent English sentence.
421	21	That face astounded that important woman.	That face astounded those important woman.	-93.0	-93.0	-10.3125	-10.3125	False	False	morphology	determiner_noun_agreement	Write a natural, coherent English sentence.
422	21	Tiffany had approached these unemployed people.	Tiffany had approached this unemployed people.	-103.0	-103.0	-10.25	-10.25	False	False	morphology	determiner_noun_agreement	Write a natural, coherent English sentence.
423	21	Christina is passing these rough oases.	Christina is passing this rough oases.	-92.5	-92.5	-10.3125	-10.3125	False	False	morphology	determiner_noun_agreement	Write a natural, coherent English sentence.
424	21	Debra was praising those busy people.	Debra was praising that busy people.	-93.0	-93.0	-10.3125	-10.3125	False	False	morphology	determiner_noun_agreement	Write a natural, coherent English sentence.
425	21	The doctors didn't care for these scared children.	The doctors didn't care for this scared children.	-113.5	-113.5	-10.3125	-10.3125	False	False	morphology	determiner_noun_agreement	Write a natural, coherent English sentence.
426	21	Those ladders stun these small people.	Those ladders stun this small people.	-103.5	-104.0	-10.375	-10.375	True	False	morphology	determiner_noun_agreement	Write a natural, coherent English sentence.
427	21	Samuel isn't distracting these clever women.	Samuel isn't distracting this clever women.	-103.5	-103.5	-10.3125	-10.375	False	True	morphology	determiner_noun_agreement	Write a natural, coherent English sentence.
428	21	Lucille dropped by those new oases.	Lucille dropped by that new oases.	-92.5	-93.0	-10.3125	-10.3125	True	False	morphology	determiner_noun_agreement	Write a natural, coherent English sentence.
429	21	A legislature should aggravate that busy child.	A legislature should aggravate those busy child.	-113.0	-113.0	-10.3125	-10.3125	False	False	morphology	determiner_noun_agreement	Write a natural, coherent English sentence.
430	21	Larry observed that lucky child.	Larry observed those lucky child.	-62.0	-62.0	-10.3125	-10.375	False	True	morphology	determiner_noun_agreement	Write a natural, coherent English sentence.
431	21	Lawrence wasn't approaching those troubled children.	Lawrence wasn't approaching that troubled children.	-103.0	-103.0	-10.3125	-10.3125	False	False	morphology	determiner_noun_agreement	Write a natural, coherent English sentence.
432	21	Most libraries describe those delighted men.	Most libraries describe that delighted men.	-73.0	-72.5	-10.375	-10.375	False	False	morphology	determiner_noun_agreement	Write a natural, coherent English sentence.
433	21	The Impressionists alarms that sick child.	The Impressionists alarms those sick child.	-103.0	-103.0	-10.3125	-10.3125	False	False	morphology	determiner_noun_agreement	Write a natural, coherent English sentence.
434	21	A lot of children have this exposed axis.	A lot of children have these exposed axis.	-92.5	-92.5	-10.3125	-10.3125	False	False	morphology	determiner_noun_agreement	Write a natural, coherent English sentence.
435	21	Melissa couldn't reveal that small man.	Melissa couldn't reveal those small man.	-103.0	-103.0	-10.3125	-10.3125	False	False	morphology	determiner_noun_agreement	Write a natural, coherent English sentence.
436	21	These carriages won't impress those bad men.	These carriages won't impress that bad men.	-113.5	-114.0	-10.3125	-10.375	True	True	morphology	determiner_noun_agreement	Write a natural, coherent English sentence.
437	21	Many girls drop by that red oasis.	Many girls drop by those red oasis.	-93.0	-93.0	-10.3125	-10.3125	False	False	morphology	determiner_noun_agreement	Write a natural, coherent English sentence.
438	21	The Impressionists fled from this small woman.	The Impressionists fled from these small woman.	-102.5	-102.5	-10.25	-10.25	False	False	morphology	determiner_noun_agreement	Write a natural, coherent English sentence.
439	21	Ann arrived at that blue oasis.	Ann arrived at those blue oasis.	-82.0	-82.5	-10.25	-10.3125	True	True	morphology	determiner_noun_agreement	Write a natural, coherent English sentence.
440	21	The sock isn't disturbing those lucky children.	The sock isn't disturbing that lucky children.	-113.0	-113.5	-10.3125	-10.3125	True	False	morphology	determiner_noun_agreement	Write a natural, coherent English sentence.
441	21	Those socks were shocking those unlucky men.	Those socks were shocking that unlucky men.	-113.0	-113.0	-10.25	-10.25	False	False	morphology	determiner_noun_agreement	Write a natural, coherent English sentence.
442	21	Christine wasn't walking through those cheap oases.	Christine wasn't walking through that cheap oases.	-124.0	-123.5	-10.3125	-10.3125	False	False	morphology	determiner_noun_agreement	Write a natural, coherent English sentence.
443	21	Mary appreciates those content women.	Mary appreciates that content women.	-72.5	-72.5	-10.375	-10.375	False	False	morphology	determiner_noun_agreement	Write a natural, coherent English sentence.
444	21	That lady didn't question this ill person.	That lady didn't question these ill person.	-103.5	-103.5	-10.3125	-10.3125	False	False	morphology	determiner_noun_agreement	Write a natural, coherent English sentence.
445	21	Most birds annoy this young woman.	Most birds annoy these young woman.	-72.0	-72.0	-10.3125	-10.3125	False	False	morphology	determiner_noun_agreement	Write a natural, coherent English sentence.
446	21	Amelia is kissing these content men.	Amelia is kissing this content men.	-92.5	-92.5	-10.3125	-10.3125	False	False	morphology	determiner_noun_agreement	Write a natural, coherent English sentence.
447	21	Judy isn't taking those standing oxen.	Judy isn't taking that standing oxen.	-113.5	-113.5	-10.3125	-10.3125	False	False	morphology	determiner_noun_agreement	Write a natural, coherent English sentence.
448	21	Irene is discussing those clever alumni.	Irene is discussing that clever alumni.	-103.0	-103.0	-10.3125	-10.3125	False	False	morphology	determiner_noun_agreement	Write a natural, coherent English sentence.
449	21	Danielle could describe these long analyses.	Danielle could describe this long analyses.	-93.0	-92.5	-10.3125	-10.3125	False	False	morphology	determiner_noun_agreement	Write a natural, coherent English sentence.
450	21	Eva hasn't praised that lucky woman.	Eva hasn't praised those lucky woman.	-93.0	-93.0	-10.375	-10.375	False	False	morphology	determiner_noun_agreement	Write a natural, coherent English sentence.
451	21	Grace might observe that unlucky woman.	Grace might observe those unlucky woman.	-92.5	-92.5	-10.25	-10.3125	False	True	morphology	determiner_noun_agreement	Write a natural, coherent English sentence.
452	21	The Clintons bothered these clever people.	The Clintons bothered this clever people.	-93.0	-93.0	-10.3125	-10.375	False	True	morphology	determiner_noun_agreement	Write a natural, coherent English sentence.
453	21	April hadn't embarrassed those employed alumni.	April hadn't embarrassed that employed alumni.	-113.5	-113.5	-10.3125	-10.3125	False	False	morphology	determiner_noun_agreement	Write a natural, coherent English sentence.
454	21	Marie shouldn't forget that happy man.	Marie shouldn't forget those happy man.	-92.5	-92.5	-10.25	-10.25	False	False	morphology	determiner_noun_agreement	Write a natural, coherent English sentence.
455	21	Renee isn't breaking that cheap foot.	Renee isn't breaking those cheap foot.	-114.0	-114.0	-10.3125	-10.3125	False	False	morphology	determiner_noun_agreement	Write a natural, coherent English sentence.
456	21	Monica shouldn't sell those new oases.	Monica shouldn't sell that new oases.	-113.0	-113.0	-10.25	-10.3125	False	True	morphology	determiner_noun_agreement	Write a natural, coherent English sentence.
457	21	Every dancer has returned to that troubled man.	Every dancer has returned to those troubled man.	-113.0	-113.5	-10.3125	-10.3125	True	False	morphology	determiner_noun_agreement	Write a natural, coherent English sentence.
458	21	Those dancers break those green teeth.	Those dancers break that green teeth.	-83.0	-83.0	-10.375	-10.375	False	False	morphology	determiner_noun_agreement	Write a natural, coherent English sentence.
459	21	These teachers talk about these fast women.	These teachers talk about this fast women.	-82.5	-82.5	-10.3125	-10.3125	False	False	morphology	determiner_noun_agreement	Write a natural, coherent English sentence.
460	21	Spain hasn't praised that happy man.	Spain hasn't praised those happy man.	-93.0	-93.5	-10.375	-10.375	True	False	morphology	determiner_noun_agreement	Write a natural, coherent English sentence.
461	21	Monica does kiss those good people.	Monica does kiss that good people.	-83.0	-83.0	-10.375	-10.375	False	False	morphology	determiner_noun_agreement	Write a natural, coherent English sentence.
462	21	Benjamin can boast about those busy men.	Benjamin can boast about that busy men.	-93.0	-93.0	-10.3125	-10.3125	False	False	morphology	determiner_noun_agreement	Write a natural, coherent English sentence.
463	21	Donald conceals this lost nucleus.	Donald conceals these lost nucleus.	-82.5	-82.5	-10.3125	-10.3125	False	False	morphology	determiner_noun_agreement	Write a natural, coherent English sentence.
464	21	Gregory was embarrassing this big woman.	Gregory was embarrassing these big woman.	-82.5	-82.5	-10.3125	-10.3125	False	False	morphology	determiner_noun_agreement	Write a natural, coherent English sentence.
465	21	The waiter wasn't stunning that hidden child.	The waiter wasn't stunning those hidden child.	-114.0	-114.0	-10.375	-10.3125	False	False	morphology	determiner_noun_agreement	Write a natural, coherent English sentence.
466	21	A lot of photographs haven't looked like this red stimulus.	A lot of photographs haven't looked like these red stimulus.	-144.0	-144.0	-10.25	-10.3125	False	True	morphology	determiner_noun_agreement	Write a natural, coherent English sentence.
467	21	A patient fixed those cheap feet.	A patient fixed that cheap feet.	-72.5	-72.5	-10.375	-10.375	False	False	morphology	determiner_noun_agreement	Write a natural, coherent English sentence.
468	21	Many gates shouldn't astound these unsure alumni.	Many gates shouldn't astound this unsure alumni.	-145.0	-144.0	-10.3125	-10.3125	False	False	morphology	determiner_noun_agreement	Write a natural, coherent English sentence.
469	21	That picture hasn't looked like these big men.	That picture hasn't looked like this big men.	-113.5	-113.5	-10.3125	-10.3125	False	False	morphology	determiner_noun_agreement	Write a natural, coherent English sentence.
470	21	These waitresses talk about this hidden thesis.	These waitresses talk about these hidden thesis.	-102.0	-102.0	-10.25	-10.25	False	False	morphology	determiner_noun_agreement	Write a natural, coherent English sentence.
471	21	Stacy concealed those gray axes.	Stacy concealed that gray axes.	-93.0	-93.0	-10.3125	-10.3125	False	False	morphology	determiner_noun_agreement	Write a natural, coherent English sentence.
472	21	Nicole remembers those serious alumni.	Nicole remembers that serious alumni.	-93.0	-93.0	-10.3125	-10.3125	False	False	morphology	determiner_noun_agreement	Write a natural, coherent English sentence.
473	21	Leslie hadn't gone to that small oasis.	Leslie hadn't gone to those small oasis.	-123.0	-123.0	-10.25	-10.25	False	False	morphology	determiner_noun_agreement	Write a natural, coherent English sentence.
474	21	Joel wasn't praising this ill person.	Joel wasn't praising these ill person.	-103.5	-103.5	-10.375	-10.375	False	False	morphology	determiner_noun_agreement	Write a natural, coherent English sentence.
475	21	These drivers embarrasses this young alumnus.	These drivers embarrasses these young alumnus.	-102.5	-103.0	-10.25	-10.25	True	False	morphology	determiner_noun_agreement	Write a natural, coherent English sentence.
476	21	Beef bores that delighted woman.	Beef bores those delighted woman.	-82.5	-83.0	-10.3125	-10.375	True	True	morphology	determiner_noun_agreement	Write a natural, coherent English sentence.
477	21	Mitchell goes to this gray oasis.	Mitchell goes to these gray oasis.	-82.5	-83.0	-10.3125	-10.375	True	True	morphology	determiner_noun_agreement	Write a natural, coherent English sentence.
478	21	The mouth bores these upset men.	The mouth bores this upset men.	-83.0	-83.0	-10.375	-10.375	False	False	morphology	determiner_noun_agreement	Write a natural, coherent English sentence.
479	21	Most legislatures discuss those good people.	Most legislatures discuss that good people.	-83.0	-83.0	-10.375	-10.375	False	False	morphology	determiner_noun_agreement	Write a natural, coherent English sentence.
480	21	The boys mess up those purple feet.	The boys mess up that purple feet.	-82.5	-82.5	-10.3125	-10.3125	False	False	morphology	determiner_noun_agreement	Write a natural, coherent English sentence.
481	21	Cashiers describe these fast children.	Cashiers describe this fast children.	-72.0	-72.0	-10.3125	-10.3125	False	False	morphology	determiner_noun_agreement	Write a natural, coherent English sentence.
482	21	Roger has fired those unconvinced men.	Roger has fired that unconvinced men.	-103.0	-103.0	-10.3125	-10.3125	False	False	morphology	determiner_noun_agreement	Write a natural, coherent English sentence.
483	21	Amy wasn't kissing this content man.	Amy wasn't kissing these content man.	-103.0	-103.0	-10.3125	-10.3125	False	False	morphology	determiner_noun_agreement	Write a natural, coherent English sentence.
484	21	Every dancer hadn't praised those good analyses.	Every dancer hadn't praised that good analyses.	-124.0	-124.0	-10.375	-10.375	False	False	morphology	determiner_noun_agreement	Write a natural, coherent English sentence.
485	21	Rhonda wasn't hiding those red mice.	Rhonda wasn't hiding that red mice.	-113.5	-113.5	-10.3125	-10.3125	False	False	morphology	determiner_noun_agreement	Write a natural, coherent English sentence.
486	21	Every pedestrian talks about that bad synopsis.	Every pedestrian talks about those bad synopsis.	-102.5	-102.5	-10.25	-10.25	False	False	morphology	determiner_noun_agreement	Write a natural, coherent English sentence.
487	21	The fish shocks these old alumni.	The fish shocks this old alumni.	-103.0	-103.0	-10.3125	-10.3125	False	False	morphology	determiner_noun_agreement	Write a natural, coherent English sentence.
488	21	Those waitresses visited those scared alumni.	Those waitresses visited that scared alumni.	-112.5	-112.5	-10.25	-10.25	False	False	morphology	determiner_noun_agreement	Write a natural, coherent English sentence.
489	21	That library was listening to this nice man.	That library was listening to these nice man.	-93.0	-93.0	-10.3125	-10.3125	False	False	morphology	determiner_noun_agreement	Write a natural, coherent English sentence.
490	21	Steve wasn't bringing that blue stimulus.	Steve wasn't bringing those blue stimulus.	-103.0	-103.0	-10.3125	-10.3125	False	False	morphology	determiner_noun_agreement	Write a natural, coherent English sentence.
491	21	Some guest was hiring that scared woman.	Some guest was hiring those scared woman.	-83.0	-83.0	-10.375	-10.375	False	False	morphology	determiner_noun_agreement	Write a natural, coherent English sentence.
492	21	The spotlights upset this unconvinced alumnus.	The spotlights upset these unconvinced alumnus.	-133.0	-134.0	-10.25	-10.25	True	False	morphology	determiner_noun_agreement	Write a natural, coherent English sentence.
493	21	Todd might observe this lost man.	Todd might observe these lost man.	-72.5	-72.5	-10.375	-10.375	False	False	morphology	determiner_noun_agreement	Write a natural, coherent English sentence.
494	21	People could describe that unconvinced person.	People could describe those unconvinced person.	-103.0	-103.0	-10.3125	-10.3125	False	False	morphology	determiner_noun_agreement	Write a natural, coherent English sentence.
495	21	That waiter had astounded these lucky people.	That waiter had astounded this lucky people.	-113.0	-113.0	-10.25	-10.3125	False	True	morphology	determiner_noun_agreement	Write a natural, coherent English sentence.
496	21	Kendra disgusted these confident women.	Kendra disgusted this confident women.	-93.0	-93.0	-10.375	-10.375	False	False	morphology	determiner_noun_agreement	Write a natural, coherent English sentence.
497	21	Spain hasn't annoyed those old people.	Spain hasn't annoyed that old people.	-103.0	-103.0	-10.3125	-10.3125	False	False	morphology	determiner_noun_agreement	Write a natural, coherent English sentence.
498	21	Steve kisses these out in the open people.	Steve kisses this out in the open people.	-103.0	-103.0	-10.3125	-10.3125	False	False	morphology	determiner_noun_agreement	Write a natural, coherent English sentence.
499	21	Wayne kissed those unconvinced men.	Wayne kissed that unconvinced men.	-93.0	-93.0	-10.3125	-10.3125	False	False	morphology	determiner_noun_agreement	Write a natural, coherent English sentence.
500	21	Douglas has brought those lost cacti.	Douglas has brought that lost cacti.	-93.0	-93.0	-10.3125	-10.3125	False	False	morphology	determiner_noun_agreement	Write a natural, coherent English sentence.
501	21	Tammy can't reveal that big alumnus.	Tammy can't reveal those big alumnus.	-123.5	-123.5	-10.3125	-10.3125	False	False	morphology	determiner_noun_agreement	Write a natural, coherent English sentence.
502	21	Deborah fled from those standing children.	Deborah fled from that standing children.	-93.0	-93.0	-10.3125	-10.3125	False	False	morphology	determiner_noun_agreement	Write a natural, coherent English sentence.
503	21	A man wasn't cleaning that hard fungus.	A man wasn't cleaning those hard fungus.	-124.0	-124.0	-10.3125	-10.3125	False	False	morphology	determiner_noun_agreement	Write a natural, coherent English sentence.
504	21	Danielle has broken those gray teeth.	Danielle has broken that gray teeth.	-82.5	-82.5	-10.3125	-10.3125	False	False	morphology	determiner_noun_agreement	Write a natural, coherent English sentence.
505	21	Derek praised this big thesis.	Derek praised these big thesis.	-72.5	-73.0	-10.375	-10.375	True	False	morphology	determiner_noun_agreement	Write a natural, coherent English sentence.
506	21	Gary has disgusted those unsure people.	Gary has disgusted that unsure people.	-93.0	-93.0	-10.375	-10.375	False	False	morphology	determiner_noun_agreement	Write a natural, coherent English sentence.
507	21	A senator insulted this bad synopsis.	A senator insulted these bad synopsis.	-102.5	-102.5	-10.25	-10.25	False	False	morphology	determiner_noun_agreement	Write a natural, coherent English sentence.
508	21	A lot of drivers visit these purple oases.	A lot of drivers visit this purple oases.	-103.0	-103.0	-10.3125	-10.3125	False	False	morphology	determiner_noun_agreement	Write a natural, coherent English sentence.
509	21	Richard isn't attacking this fast child.	Richard isn't attacking these fast child.	-93.0	-93.0	-10.375	-10.375	False	False	morphology	determiner_noun_agreement	Write a natural, coherent English sentence.
510	21	Frank shocked that unsure man.	Frank shocked those unsure man.	-73.0	-72.5	-10.375	-10.375	False	False	morphology	determiner_noun_agreement	Write a natural, coherent English sentence.
511	21	Brett returned to that confident man.	Brett returned to those confident man.	-82.5	-82.5	-10.3125	-10.3125	False	False	morphology	determiner_noun_agreement	Write a natural, coherent English sentence.
512	21	Many ladies weren't passing these old oases.	Many ladies weren't passing this old oases.	-113.5	-113.5	-10.3125	-10.3125	False	False	morphology	determiner_noun_agreement	Write a natural, coherent English sentence.
513	21	A waiter brought those purple teeth.	A waiter brought that purple teeth.	-82.5	-82.5	-10.3125	-10.3125	False	False	morphology	determiner_noun_agreement	Write a natural, coherent English sentence.
514	21	Beverly has fired this fast alumnus.	Beverly has fired these fast alumnus.	-103.0	-103.0	-10.25	-10.3125	False	True	morphology	determiner_noun_agreement	Write a natural, coherent English sentence.
515	21	Men haven't observed that standing man.	Men haven't observed those standing man.	-93.0	-93.0	-10.375	-10.375	False	False	morphology	determiner_noun_agreement	Write a natural, coherent English sentence.
516	21	Tiffany admired this ill child.	Tiffany admired these ill child.	-92.5	-92.5	-10.3125	-10.3125	False	False	morphology	determiner_noun_agreement	Write a natural, coherent English sentence.
517	21	That patient didn't love that unemployed alumnus.	That patient didn't love those unemployed alumnus.	-134.0	-134.0	-10.25	-10.3125	False	True	morphology	determiner_noun_agreement	Write a natural, coherent English sentence.
518	21	Aaron reveals that red tooth.	Aaron reveals those red tooth.	-62.25	-62.5	-10.375	-10.375	True	False	morphology	determiner_noun_agreement	Write a natural, coherent English sentence.
519	21	Monica was insulting those bad people.	Monica was insulting that bad people.	-92.5	-93.0	-10.25	-10.3125	True	True	morphology	determiner_noun_agreement	Write a natural, coherent English sentence.
520	21	These teenagers watch that old alumnus.	These teenagers watch those old alumnus.	-102.0	-102.0	-10.1875	-10.1875	False	False	morphology	determiner_noun_agreement	Write a natural, coherent English sentence.
521	21	Tina might confuse this exposed child.	Tina might confuse these exposed child.	-93.0	-93.0	-10.375	-10.375	False	False	morphology	determiner_noun_agreement	Write a natural, coherent English sentence.
522	21	A face was confusing that nice woman.	A face was confusing those nice woman.	-83.0	-83.0	-10.375	-10.375	False	False	morphology	determiner_noun_agreement	Write a natural, coherent English sentence.
523	21	An adult researches that good analysis.	An adult researches those good analysis.	-103.5	-103.5	-10.3125	-10.375	False	True	morphology	determiner_noun_agreement	Write a natural, coherent English sentence.
524	21	Some broccoli isn't annoying these unconvinced women.	Some broccoli isn't annoying this unconvinced women.	-154.0	-154.0	-10.3125	-10.3125	False	False	morphology	determiner_noun_agreement	Write a natural, coherent English sentence.
525	21	Nancy talks about these content children.	Nancy talks about this content children.	-72.0	-72.0	-10.3125	-10.3125	False	False	morphology	determiner_noun_agreement	Write a natural, coherent English sentence.
526	21	Regina found this lost ox.	Regina found these lost ox.	-82.5	-82.5	-10.3125	-10.3125	False	False	morphology	determiner_noun_agreement	Write a natural, coherent English sentence.
527	21	Emily had respected that clever man.	Emily had respected those clever man.	-72.5	-72.5	-10.3125	-10.3125	False	False	morphology	determiner_noun_agreement	Write a natural, coherent English sentence.
528	21	Kathleen has worked with this confident man.	Kathleen has worked with these confident man.	-92.5	-92.5	-10.3125	-10.3125	False	False	morphology	determiner_noun_agreement	Write a natural, coherent English sentence.
529	21	Most customers are distracting these determined children.	Most customers are distracting this determined children.	-93.0	-93.0	-10.3125	-10.3125	False	False	morphology	determiner_noun_agreement	Write a natural, coherent English sentence.
530	21	Rachelle didn't cure this black octopus.	Rachelle didn't cure these black octopus.	-123.5	-123.5	-10.25	-10.3125	False	True	morphology	determiner_noun_agreement	Write a natural, coherent English sentence.
531	21	Steven hugs these standing men.	Steven hugs this standing men.	-72.5	-72.5	-10.3125	-10.375	False	True	morphology	determiner_noun_agreement	Write a natural, coherent English sentence.
532	21	Every popsicle shocked those excited men.	Every popsicle shocked that excited men.	-93.0	-93.0	-10.3125	-10.3125	False	False	morphology	determiner_noun_agreement	Write a natural, coherent English sentence.
533	21	Sonia lifts that new oasis.	Sonia lifts those new oasis.	-92.5	-92.5	-10.3125	-10.3125	False	False	morphology	determiner_noun_agreement	Write a natural, coherent English sentence.
534	21	Cheryl might tour that purple oasis.	Cheryl might tour those purple oasis.	-93.0	-93.0	-10.3125	-10.3125	False	False	morphology	determiner_noun_agreement	Write a natural, coherent English sentence.
535	21	This doctor appreciates this bad child.	This doctor appreciates these bad child.	-82.5	-82.5	-10.3125	-10.3125	False	False	morphology	determiner_noun_agreement	Write a natural, coherent English sentence.
536	21	Leslie breaks those red feet.	Leslie breaks that red feet.	-72.0	-72.0	-10.25	-10.3125	False	True	morphology	determiner_noun_agreement	Write a natural, coherent English sentence.
537	21	Bethany hasn't hidden that yellow louse.	Bethany hasn't hidden those yellow louse.	-113.5	-113.5	-10.3125	-10.3125	False	False	morphology	determiner_noun_agreement	Write a natural, coherent English sentence.
538	21	Some people have criticized this brown thesis.	Some people have criticized these brown thesis.	-92.0	-92.0	-10.25	-10.25	False	False	morphology	determiner_noun_agreement	Write a natural, coherent English sentence.
539	21	Noah heals this determined child.	Noah heals these determined child.	-72.5	-72.5	-10.375	-10.375	False	False	morphology	determiner_noun_agreement	Write a natural, coherent English sentence.
540	21	Kevin biked to those big oases.	Kevin biked to that big oases.	-103.5	-103.0	-10.375	-10.3125	False	False	morphology	determiner_noun_agreement	Write a natural, coherent English sentence.
541	21	Wayne hadn't bored these sick men.	Wayne hadn't bored this sick men.	-93.0	-93.0	-10.375	-10.375	False	False	morphology	determiner_noun_agreement	Write a natural, coherent English sentence.
542	21	Amy returns to those young alumni.	Amy returns to that young alumni.	-93.0	-93.0	-10.3125	-10.3125	False	False	morphology	determiner_noun_agreement	Write a natural, coherent English sentence.
543	21	That gate did aggravate this excited woman.	That gate did aggravate these excited woman.	-103.0	-103.0	-10.3125	-10.3125	False	False	morphology	determiner_noun_agreement	Write a natural, coherent English sentence.
544	21	Melissa observes that bad child.	Melissa observes those bad child.	-82.5	-82.5	-10.3125	-10.3125	False	False	morphology	determiner_noun_agreement	Write a natural, coherent English sentence.
545	21	Kathleen wasn't scanning those long synopses.	Kathleen wasn't scanning that long synopses.	-134.0	-134.0	-10.25	-10.25	False	False	morphology	determiner_noun_agreement	Write a natural, coherent English sentence.
546	21	That guy dropped by these white oases.	That guy dropped by this white oases.	-93.0	-93.0	-10.3125	-10.3125	False	False	morphology	determiner_noun_agreement	Write a natural, coherent English sentence.
547	21	Every child might fire this serious child.	Every child might fire these serious child.	-82.5	-82.5	-10.3125	-10.3125	False	False	morphology	determiner_noun_agreement	Write a natural, coherent English sentence.
548	21	Meredith had concealed that black thesis.	Meredith had concealed those black thesis.	-103.0	-103.0	-10.3125	-10.3125	False	False	morphology	determiner_noun_agreement	Write a natural, coherent English sentence.
549	21	Randolf didn't see these blue teeth.	Randolf didn't see this blue teeth.	-103.0	-103.0	-10.3125	-10.3125	False	False	morphology	determiner_noun_agreement	Write a natural, coherent English sentence.
550	21	Some guy passes that rough oasis.	Some guy passes those rough oasis.	-82.5	-82.5	-10.3125	-10.3125	False	False	morphology	determiner_noun_agreement	Write a natural, coherent English sentence.
551	21	Guys hurts that smart man.	Guys hurts those smart man.	-82.5	-82.5	-10.3125	-10.3125	False	False	morphology	determiner_noun_agreement	Write a natural, coherent English sentence.
552	21	Many museums should describe this fast man.	Many museums should describe these fast man.	-93.0	-93.0	-10.3125	-10.3125	False	False	morphology	determiner_noun_agreement	Write a natural, coherent English sentence.
553	21	A lot of chairs haven't embarrassed this serious man.	A lot of chairs haven't embarrassed these serious man.	-124.0	-124.0	-10.3125	-10.3125	False	False	morphology	determiner_noun_agreement	Write a natural, coherent English sentence.
554	21	Emily talked about that ill alumnus.	Emily talked about those ill alumnus.	-92.0	-92.0	-10.25	-10.25	False	False	morphology	determiner_noun_agreement	Write a natural, coherent English sentence.
555	21	A lot of girls notice these black lice.	A lot of girls notice this black lice.	-103.0	-103.0	-10.3125	-10.3125	False	False	morphology	determiner_noun_agreement	Write a natural, coherent English sentence.
556	21	Those schools reference that green thesis.	Those schools reference those green thesis.	-72.5	-72.5	-10.375	-10.375	False	False	morphology	determiner_noun_agreement	Write a natural, coherent English sentence.
557	21	Bradley had bored this delighted alumnus.	Bradley had bored these delighted alumnus.	-103.0	-103.0	-10.25	-10.25	False	False	morphology	determiner_noun_agreement	Write a natural, coherent English sentence.
558	21	Melinda scares this good woman.	Melinda scares these good woman.	-83.0	-83.0	-10.375	-10.375	False	False	morphology	determiner_noun_agreement	Write a natural, coherent English sentence.
559	21	Those pedestrians go to those big oases.	Those pedestrians go to that big oases.	-114.0	-114.0	-10.375	-10.375	False	False	morphology	determiner_noun_agreement	Write a natural, coherent English sentence.
560	21	Many doctors escaped from that lost child.	Many doctors escaped from those lost child.	-82.5	-82.5	-10.3125	-10.3125	False	False	morphology	determiner_noun_agreement	Write a natural, coherent English sentence.
561	21	Tamara isn't revealing that orange ox.	Tamara isn't revealing those orange ox.	-103.0	-103.0	-10.3125	-10.3125	False	False	morphology	determiner_noun_agreement	Write a natural, coherent English sentence.
562	21	Many patients arrive at that hidden oasis.	Many patients arrive at those hidden oasis.	-92.5	-92.5	-10.25	-10.25	False	False	morphology	determiner_noun_agreement	Write a natural, coherent English sentence.
563	21	Beth leaves these happy children.	Beth leaves this happy children.	-62.0	-62.0	-10.3125	-10.375	False	True	morphology	determiner_noun_agreement	Write a natural, coherent English sentence.
564	21	Deanna broke that yellow foot.	Deanna broke those yellow foot.	-72.0	-72.0	-10.3125	-10.3125	False	False	morphology	determiner_noun_agreement	Write a natural, coherent English sentence.
565	21	Jessica had talked to that concealed man.	Jessica had talked to those concealed man.	-93.0	-93.0	-10.3125	-10.3125	False	False	morphology	determiner_noun_agreement	Write a natural, coherent English sentence.
566	21	Those actors praise those long synopses.	Those actors praise that long synopses.	-93.0	-93.0	-10.3125	-10.3125	False	False	morphology	determiner_noun_agreement	Write a natural, coherent English sentence.
567	21	This coat hasn't astounded these popular men.	This coat hasn't astounded this popular men.	-123.5	-123.5	-10.25	-10.25	False	False	morphology	determiner_noun_agreement	Write a natural, coherent English sentence.
568	21	Wendy does talk to this scared alumnus.	Wendy does talk to these scared alumnus.	-113.5	-113.5	-10.3125	-10.3125	False	False	morphology	determiner_noun_agreement	Write a natural, coherent English sentence.
569	21	Christine is questioning these happy men.	Christine is questioning this happy men.	-83.0	-82.5	-10.375	-10.3125	False	False	morphology	determiner_noun_agreement	Write a natural, coherent English sentence.
570	21	All doctors loved that displeased man.	All doctors loved those displeased man.	-93.0	-93.0	-10.3125	-10.3125	False	False	morphology	determiner_noun_agreement	Write a natural, coherent English sentence.
571	21	Waitresses researched these long synopses.	Waitresses researched this long synopses.	-133.0	-133.0	-10.25	-10.25	False	False	morphology	determiner_noun_agreement	Write a natural, coherent English sentence.
572	21	Alexander can flee from this nice woman.	Alexander can flee from these nice woman.	-93.0	-93.0	-10.3125	-10.375	False	True	morphology	determiner_noun_agreement	Write a natural, coherent English sentence.
573	21	Walter hadn't hated this fast man.	Walter hadn't hated these fast man.	-93.0	-93.0	-10.375	-10.375	False	False	morphology	determiner_noun_agreement	Write a natural, coherent English sentence.
574	21	Those cashiers buy those smooth lice.	Those cashiers buy that smooth lice.	-93.0	-93.0	-10.3125	-10.3125	False	False	morphology	determiner_noun_agreement	Write a natural, coherent English sentence.
575	21	Sonia hid that determined child.	Sonia hid those determined child.	-72.5	-72.5	-10.375	-10.375	False	False	morphology	determiner_noun_agreement	Write a natural, coherent English sentence.
576	21	Barbara is observing that excited person.	Barbara is observing those excited person.	-82.5	-82.5	-10.3125	-10.3125	False	False	morphology	determiner_noun_agreement	Write a natural, coherent English sentence.
577	21	That company stuns these unconvinced women.	That company stuns this unconvinced women.	-114.0	-113.5	-10.3125	-10.3125	False	False	morphology	determiner_noun_agreement	Write a natural, coherent English sentence.
578	21	Paul thought about those bad theses.	Paul thought about that bad theses.	-82.5	-83.0	-10.3125	-10.375	True	True	morphology	determiner_noun_agreement	Write a natural, coherent English sentence.
579	21	Victoria escaped from these displeased children.	Victoria escaped from this displeased children.	-92.5	-93.0	-10.3125	-10.3125	True	False	morphology	determiner_noun_agreement	Write a natural, coherent English sentence.
580	21	Brad notices this big octopus.	Brad notices these big octopus.	-92.5	-92.5	-10.3125	-10.3125	False	False	morphology	determiner_noun_agreement	Write a natural, coherent English sentence.
581	21	Adam is praising those yellow theses.	Adam is praising that yellow theses.	-93.0	-93.5	-10.375	-10.375	True	False	morphology	determiner_noun_agreement	Write a natural, coherent English sentence.
582	21	Douglas did tour those hidden oases.	Douglas did tour that hidden oases.	-82.5	-83.0	-10.3125	-10.375	True	True	morphology	determiner_noun_agreement	Write a natural, coherent English sentence.
583	21	Gerald couldn't know these happy men.	Gerald couldn't know this happy men.	-103.0	-103.0	-10.3125	-10.3125	False	False	morphology	determiner_noun_agreement	Write a natural, coherent English sentence.
584	21	Those women hug that smart man.	Those women hug those smart man.	-72.5	-72.0	-10.375	-10.3125	False	False	morphology	determiner_noun_agreement	Write a natural, coherent English sentence.
585	21	These senators wouldn't forget that long synopsis.	These senators wouldn't forget those long synopsis.	-123.5	-123.5	-10.3125	-10.3125	False	False	morphology	determiner_noun_agreement	Write a natural, coherent English sentence.
586	21	Edward took those lost stimuli.	Edward took that lost stimuli.	-72.0	-72.0	-10.3125	-10.3125	False	False	morphology	determiner_noun_agreement	Write a natural, coherent English sentence.
587	21	The waitresses did know this lucky person.	The waitresses did know these lucky person.	-102.5	-102.5	-10.25	-10.25	False	False	morphology	determiner_noun_agreement	Write a natural, coherent English sentence.
588	21	That library might love this important person.	That library might love these important person.	-83.0	-83.0	-10.375	-10.375	False	False	morphology	determiner_noun_agreement	Write a natural, coherent English sentence.
589	21	Carrie was healing this gray octopus.	Carrie was healing these gray octopus.	-103.0	-103.0	-10.3125	-10.3125	False	False	morphology	determiner_noun_agreement	Write a natural, coherent English sentence.
590	21	Sonia hadn't cleaned those gray teeth.	Sonia hadn't cleaned that gray teeth.	-103.0	-103.0	-10.3125	-10.3125	False	False	morphology	determiner_noun_agreement	Write a natural, coherent English sentence.
591	21	The Lutherans alarmed this confident woman.	The Lutherans alarmed these confident woman.	-93.0	-93.0	-10.3125	-10.375	False	True	morphology	determiner_noun_agreement	Write a natural, coherent English sentence.
592	21	This shirt impressed those popular people.	This shirt impressed that popular people.	-72.5	-72.5	-10.375	-10.375	False	False	morphology	determiner_noun_agreement	Write a natural, coherent English sentence.
593	21	Some schools love that employed person.	Some schools love those employed person.	-72.0	-72.5	-10.3125	-10.3125	True	False	morphology	determiner_noun_agreement	Write a natural, coherent English sentence.
594	21	Valerie hasn't known this young child.	Valerie hasn't known these young child.	-103.0	-103.0	-10.3125	-10.3125	False	False	morphology	determiner_noun_agreement	Write a natural, coherent English sentence.
595	21	Scott respected those displeased men.	Scott respected that displeased men.	-83.0	-83.0	-10.375	-10.375	False	False	morphology	determiner_noun_agreement	Write a natural, coherent English sentence.
596	21	The ladies work with those lost children.	The ladies work with that lost children.	-83.0	-82.5	-10.375	-10.3125	False	False	morphology	determiner_noun_agreement	Write a natural, coherent English sentence.
597	21	Dawn had biked to this small oasis.	Dawn had biked to these small oasis.	-123.0	-123.0	-10.25	-10.25	False	False	morphology	determiner_noun_agreement	Write a natural, coherent English sentence.
598	21	Samantha would explore that gray oasis.	Samantha would explore those gray oasis.	-102.5	-102.5	-10.25	-10.25	False	False	morphology	determiner_noun_agreement	Write a natural, coherent English sentence.
599	21	All steps upset those unemployed men.	All steps upset that unemployed men.	-82.5	-82.5	-10.3125	-10.3125	False	False	morphology	determiner_noun_agreement	Write a natural, coherent English sentence.
600	21	Marla has described that unemployed woman.	Marla has described those unemployed woman.	-93.0	-93.0	-10.3125	-10.3125	False	False	morphology	determiner_noun_agreement	Write a natural, coherent English sentence.
601	21	Most universities bore those excited children.	Most universities bore that excited children.	-72.5	-72.5	-10.375	-10.375	False	False	morphology	determiner_noun_agreement	Write a natural, coherent English sentence.
602	21	These banks should reference that purple thesis.	These banks should reference those purple thesis.	-83.0	-83.0	-10.375	-10.375	False	False	morphology	determiner_noun_agreement	Write a natural, coherent English sentence.
603	21	Sherry brought those concealed geese.	Sherry brought that concealed geese.	-92.5	-92.5	-10.3125	-10.3125	False	False	morphology	determiner_noun_agreement	Write a natural, coherent English sentence.
604	21	Many pedestrians complain about these long analyses.	Many pedestrians complain about this long analyses.	-113.0	-113.0	-10.25	-10.25	False	False	morphology	determiner_noun_agreement	Write a natural, coherent English sentence.
605	21	Theresa fixed these small teeth.	Theresa fixed this small teeth.	-72.0	-72.0	-10.3125	-10.3125	False	False	morphology	determiner_noun_agreement	Write a natural, coherent English sentence.
606	21	This lake disturbed those unconvinced men.	This lake disturbed that unconvinced men.	-113.5	-113.5	-10.3125	-10.3125	False	False	morphology	determiner_noun_agreement	Write a natural, coherent English sentence.
607	21	Catherine was talking about those bad synopses.	Catherine was talking about that bad synopses.	-102.5	-102.5	-10.25	-10.25	False	False	morphology	determiner_noun_agreement	Write a natural, coherent English sentence.
608	21	Alicia had escaped from these hidden men.	Alicia had escaped from this hidden men.	-103.0	-103.0	-10.25	-10.25	False	False	morphology	determiner_noun_agreement	Write a natural, coherent English sentence.
609	21	Natalie hasn't worked with this confident woman.	Natalie hasn't worked with these confident woman.	-113.0	-113.0	-10.3125	-10.3125	False	False	morphology	determiner_noun_agreement	Write a natural, coherent English sentence.
610	21	Amelia annoyed this smart man.	Amelia annoyed these smart man.	-82.0	-82.0	-10.25	-10.25	False	False	morphology	determiner_noun_agreement	Write a natural, coherent English sentence.
611	21	Every guest is irritating this serious child.	Every guest is irritating these serious child.	-93.0	-93.0	-10.3125	-10.3125	False	False	morphology	determiner_noun_agreement	Write a natural, coherent English sentence.
612	21	All reports annoyed this hopeful person.	All reports annoyed these hopeful person.	-92.0	-92.5	-10.25	-10.25	True	False	morphology	determiner_noun_agreement	Write a natural, coherent English sentence.
613	21	These women break those orange teeth.	These women break that orange teeth.	-72.5	-72.5	-10.375	-10.3125	False	False	morphology	determiner_noun_agreement	Write a natural, coherent English sentence.
614	21	Christopher could shock this excited child.	Christopher could shock these excited child.	-72.5	-72.5	-10.3125	-10.3125	False	False	morphology	determiner_noun_agreement	Write a natural, coherent English sentence.
615	21	This spotlight hasn't disgusted that employed child.	This spotlight hasn't disgusted those employed child.	-123.5	-123.5	-10.3125	-10.3125	False	False	morphology	determiner_noun_agreement	Write a natural, coherent English sentence.
616	21	Samantha fled from that busy child.	Samantha fled from those busy child.	-92.5	-92.5	-10.25	-10.25	False	False	morphology	determiner_noun_agreement	Write a natural, coherent English sentence.
617	21	Lucille arrived at that hard oasis.	Lucille arrived at those hard oasis.	-92.5	-92.5	-10.25	-10.25	False	False	morphology	determiner_noun_agreement	Write a natural, coherent English sentence.
618	21	All teachers see those yellow lice.	All teachers see that yellow lice.	-83.0	-83.0	-10.375	-10.375	False	False	morphology	determiner_noun_agreement	Write a natural, coherent English sentence.
619	21	Some photographs haven't looked like these small octopi.	Some photographs haven't looked like this small octopi.	-134.0	-134.0	-10.3125	-10.3125	False	False	morphology	determiner_noun_agreement	Write a natural, coherent English sentence.
620	21	Danielle brought those blue feet.	Danielle brought that blue feet.	-72.0	-72.0	-10.3125	-10.3125	False	False	morphology	determiner_noun_agreement	Write a natural, coherent English sentence.
621	21	Todd hadn't left those exposed men.	Todd hadn't left that exposed men.	-93.0	-93.0	-10.3125	-10.3125	False	False	morphology	determiner_noun_agreement	Write a natural, coherent English sentence.
622	21	Some doctors embarrasses those delighted alumni.	Some doctors embarrasses that delighted alumni.	-103.0	-103.0	-10.3125	-10.3125	False	False	morphology	determiner_noun_agreement	Write a natural, coherent English sentence.
623	21	The actresses forget that unemployed alumnus.	The actresses forget those unemployed alumnus.	-112.5	-112.5	-10.25	-10.25	False	False	morphology	determiner_noun_agreement	Write a natural, coherent English sentence.
624	21	A lot of socks alarm this unsure alumnus.	A lot of socks alarm these unsure alumnus.	-123.5	-123.5	-10.25	-10.3125	False	True	morphology	determiner_noun_agreement	Write a natural, coherent English sentence.
625	21	The customers are thinking about that busy child.	The customers are thinking about those busy child.	-93.0	-93.0	-10.3125	-10.3125	False	False	morphology	determiner_noun_agreement	Write a natural, coherent English sentence.
626	21	Kristin wasn't kissing those small men.	Kristin wasn't kissing that small men.	-113.5	-113.5	-10.3125	-10.3125	False	False	morphology	determiner_noun_agreement	Write a natural, coherent English sentence.
627	21	Omar hasn't broken this broken foot.	Omar hasn't broken these broken foot.	-103.0	-103.0	-10.3125	-10.3125	False	False	morphology	determiner_noun_agreement	Write a natural, coherent English sentence.
628	21	The actress worked with this nice woman.	The actress worked with these nice woman.	-83.0	-83.0	-10.375	-10.375	False	False	morphology	determiner_noun_agreement	Write a natural, coherent English sentence.
629	21	Patients insult these happy people.	Patients insult this happy people.	-72.5	-72.5	-10.375	-10.375	False	False	morphology	determiner_noun_agreement	Write a natural, coherent English sentence.
630	21	Spain bought those orange lice.	Spain bought that orange lice.	-72.5	-72.5	-10.3125	-10.3125	False	False	morphology	determiner_noun_agreement	Write a natural, coherent English sentence.
631	21	Those waiters didn't kiss this unlucky child.	Those waiters didn't kiss these unlucky child.	-134.0	-134.0	-10.3125	-10.3125	False	False	morphology	determiner_noun_agreement	Write a natural, coherent English sentence.
632	21	Jennifer isn't touring these old oases.	Jennifer isn't touring this old oases.	-113.5	-113.5	-10.3125	-10.3125	False	False	morphology	determiner_noun_agreement	Write a natural, coherent English sentence.
633	21	Glaciers upset this small child.	Glaciers upset these small child.	-82.5	-82.5	-10.3125	-10.3125	False	False	morphology	determiner_noun_agreement	Write a natural, coherent English sentence.
634	21	John investigated these old men.	John investigated this old men.	-62.0	-62.0	-10.375	-10.375	False	False	morphology	determiner_noun_agreement	Write a natural, coherent English sentence.
635	21	Some doctors hated these yellow theses.	Some doctors hated this yellow theses.	-82.5	-82.5	-10.3125	-10.3125	False	False	morphology	determiner_noun_agreement	Write a natural, coherent English sentence.
636	21	Linda described that clever man.	Linda described those clever man.	-62.25	-62.25	-10.375	-10.375	False	False	morphology	determiner_noun_agreement	Write a natural, coherent English sentence.
637	21	Many drawings are looking like these excited women.	Many drawings are looking like this excited women.	-93.0	-93.0	-10.375	-10.375	False	False	morphology	determiner_noun_agreement	Write a natural, coherent English sentence.
638	21	Mitchell had concealed that small tooth.	Mitchell had concealed those small tooth.	-82.5	-82.5	-10.3125	-10.3125	False	False	morphology	determiner_noun_agreement	Write a natural, coherent English sentence.
639	21	Every dog had irritated this young child.	Every dog had irritated these young child.	-92.5	-92.5	-10.25	-10.3125	False	True	morphology	determiner_noun_agreement	Write a natural, coherent English sentence.
640	21	Some doctors lift this exposed ox.	Some doctors lift these exposed ox.	-72.5	-72.5	-10.3125	-10.3125	False	False	morphology	determiner_noun_agreement	Write a natural, coherent English sentence.
641	21	Valerie was disgusting that happy woman.	Valerie was disgusting those happy woman.	-93.0	-93.0	-10.3125	-10.3125	False	False	morphology	determiner_noun_agreement	Write a natural, coherent English sentence.
642	21	Claire hugs those clever men.	Claire hugs that clever men.	-72.5	-72.5	-10.375	-10.375	False	False	morphology	determiner_noun_agreement	Write a natural, coherent English sentence.
643	21	All adults go to these white oases.	All adults go to this white oases.	-93.0	-93.0	-10.3125	-10.3125	False	False	morphology	determiner_noun_agreement	Write a natural, coherent English sentence.
644	21	Bill observed this nice child.	Bill observed these nice child.	-62.25	-62.25	-10.375	-10.375	False	False	morphology	determiner_noun_agreement	Write a natural, coherent English sentence.
645	21	Diana kissed these delighted alumni.	Diana kissed this delighted alumni.	-83.0	-82.5	-10.375	-10.3125	False	False	morphology	determiner_noun_agreement	Write a natural, coherent English sentence.
646	21	Governments are describing those sick people.	Governments are describing that sick people.	-82.5	-82.5	-10.3125	-10.3125	False	False	morphology	determiner_noun_agreement	Write a natural, coherent English sentence.
647	21	The doctors cure that young woman.	The doctors cure those young woman.	-72.0	-72.0	-10.25	-10.3125	False	True	morphology	determiner_noun_agreement	Write a natural, coherent English sentence.
648	21	Dancers did disagree with this ill child.	Dancers did disagree with these ill child.	-93.5	-93.5	-10.375	-10.375	False	False	morphology	determiner_noun_agreement	Write a natural, coherent English sentence.
649	21	Veronica couldn't embarrass these exposed men.	Veronica couldn't embarrass this exposed men.	-113.0	-113.0	-10.3125	-10.3125	False	False	morphology	determiner_noun_agreement	Write a natural, coherent English sentence.
650	21	The students cared for that delighted man.	The students cared for those delighted man.	-82.5	-82.5	-10.3125	-10.3125	False	False	morphology	determiner_noun_agreement	Write a natural, coherent English sentence.
651	21	Steve conceals these important men.	Steve conceals this important men.	-72.5	-72.5	-10.3125	-10.3125	False	False	morphology	determiner_noun_agreement	Write a natural, coherent English sentence.
652	21	These actresses will talk to these content men.	These actresses will talk to this content men.	-103.0	-102.5	-10.3125	-10.25	False	False	morphology	determiner_noun_agreement	Write a natural, coherent English sentence.
653	21	That teenager wouldn't buy these rough oxen.	That teenager wouldn't buy this rough oxen.	-113.5	-113.5	-10.3125	-10.3125	False	False	morphology	determiner_noun_agreement	Write a natural, coherent English sentence.
654	21	Sheila wouldn't kiss that happy child.	Sheila wouldn't kiss those happy child.	-103.0	-103.0	-10.3125	-10.3125	False	False	morphology	determiner_noun_agreement	Write a natural, coherent English sentence.
655	21	Erin drove to these out in the open oases.	Erin drove to this out in the open oases.	-123.5	-123.5	-10.3125	-10.3125	False	False	morphology	determiner_noun_agreement	Write a natural, coherent English sentence.
656	21	Every hat has embarrassed those hopeful people.	Every hat has embarrassed that hopeful people.	-92.5	-92.5	-10.25	-10.25	False	False	morphology	determiner_noun_agreement	Write a natural, coherent English sentence.
657	21	Every man is fleeing from that exposed oasis.	Every man is fleeing from those exposed oasis.	-113.5	-113.5	-10.3125	-10.3125	False	False	morphology	determiner_noun_agreement	Write a natural, coherent English sentence.
658	21	Some adults visit this ill man.	Some adults visit these ill man.	-72.5	-72.5	-10.375	-10.3125	False	False	morphology	determiner_noun_agreement	Write a natural, coherent English sentence.
659	21	Janet did lift that good thesis.	Janet did lift those good thesis.	-82.5	-82.5	-10.3125	-10.3125	False	False	morphology	determiner_noun_agreement	Write a natural, coherent English sentence.
660	21	Katherine was cleaning this orange tooth.	Katherine was cleaning these orange tooth.	-82.5	-82.5	-10.3125	-10.3125	False	False	morphology	determiner_noun_agreement	Write a natural, coherent English sentence.
661	21	A lot of tomatoes can't confuse these ill alumni.	A lot of tomatoes can't confuse this ill alumni.	-164.0	-164.0	-10.25	-10.25	False	False	morphology	determiner_noun_agreement	Write a natural, coherent English sentence.
662	21	Rose goes to those out in the open oases.	Rose goes to that out in the open oases.	-113.5	-113.5	-10.3125	-10.3125	False	False	morphology	determiner_noun_agreement	Write a natural, coherent English sentence.
663	21	These governments criticize those gray oases.	These governments criticize that gray oases.	-93.0	-93.0	-10.375	-10.375	False	False	morphology	determiner_noun_agreement	Write a natural, coherent English sentence.
664	21	Kevin forgot those delighted men.	Kevin forgot that delighted men.	-62.25	-62.25	-10.375	-10.375	False	False	morphology	determiner_noun_agreement	Write a natural, coherent English sentence.
665	21	Most companies describe that long analysis.	Most companies describe those long analysis.	-73.0	-73.0	-10.375	-10.375	False	False	morphology	determiner_noun_agreement	Write a natural, coherent English sentence.
666	21	Vincent was skated around this small oasis.	Vincent was skated around these small oasis.	-103.0	-103.0	-10.3125	-10.3125	False	False	morphology	determiner_noun_agreement	Write a natural, coherent English sentence.
667	21	Many guys arrive at these out in the open oases.	Many guys arrive at this out in the open oases.	-123.5	-123.5	-10.3125	-10.25	False	False	morphology	determiner_noun_agreement	Write a natural, coherent English sentence.
668	21	Gregory hadn't revealed these lost fungi.	Gregory hadn't revealed this lost fungi.	-103.0	-103.0	-10.3125	-10.3125	False	False	morphology	determiner_noun_agreement	Write a natural, coherent English sentence.
669	21	The cake stuns this standing man.	The cake stuns these standing man.	-82.5	-83.0	-10.3125	-10.375	True	True	morphology	determiner_noun_agreement	Write a natural, coherent English sentence.
670	21	Cheryl isn't irritating that clever man.	Cheryl isn't irritating those clever man.	-113.5	-113.5	-10.3125	-10.3125	False	False	morphology	determiner_noun_agreement	Write a natural, coherent English sentence.
671	21	Some cat bores those old children.	Some cat bores that old children.	-83.0	-83.0	-10.375	-10.375	False	False	morphology	determiner_noun_agreement	Write a natural, coherent English sentence.
672	21	The actress knows that delighted child.	The actress knows those delighted child.	-72.5	-72.5	-10.375	-10.375	False	False	morphology	determiner_noun_agreement	Write a natural, coherent English sentence.
673	21	That actress had driven to these hidden oases.	That actress had driven to this hidden oases.	-103.5	-103.5	-10.375	-10.3125	False	False	morphology	determiner_noun_agreement	Write a natural, coherent English sentence.
674	21	The Lutherans arrive at this cheap oasis.	The Lutherans arrive at these cheap oasis.	-103.0	-103.0	-10.3125	-10.3125	False	False	morphology	determiner_noun_agreement	Write a natural, coherent English sentence.
675	21	Diane was kissing those lost women.	Diane was kissing that lost women.	-93.0	-93.0	-10.375	-10.375	False	False	morphology	determiner_noun_agreement	Write a natural, coherent English sentence.
676	21	Larry disturbs this employed woman.	Larry disturbs these employed woman.	-83.0	-83.0	-10.375	-10.375	False	False	morphology	determiner_noun_agreement	Write a natural, coherent English sentence.
677	21	Pies shock this upset woman.	Pies shock these upset woman.	-72.5	-73.0	-10.375	-10.375	True	False	morphology	determiner_noun_agreement	Write a natural, coherent English sentence.
678	21	Some waiters hug this content alumnus.	Some waiters hug these content alumnus.	-103.0	-103.0	-10.3125	-10.3125	False	False	morphology	determiner_noun_agreement	Write a natural, coherent English sentence.
679	21	Anna talked to those unsure men.	Anna talked to that unsure men.	-83.0	-83.0	-10.375	-10.375	False	False	morphology	determiner_noun_agreement	Write a natural, coherent English sentence.
680	21	This school bores this determined man.	This school bores these determined man.	-82.5	-82.5	-10.3125	-10.3125	False	False	morphology	determiner_noun_agreement	Write a natural, coherent English sentence.
681	21	Omar had thought about these unemployed men.	Omar had thought about this unemployed men.	-103.0	-102.5	-10.25	-10.25	False	False	morphology	determiner_noun_agreement	Write a natural, coherent English sentence.
682	21	Winston Churchill cleaned these big nuclei.	Winston Churchill cleaned this big nuclei.	-103.0	-103.0	-10.25	-10.25	False	False	morphology	determiner_noun_agreement	Write a natural, coherent English sentence.
683	21	These organizations aren't concealing that exposed child.	These organizations aren't concealing those exposed child.	-113.5	-114.0	-10.3125	-10.3125	True	False	morphology	determiner_noun_agreement	Write a natural, coherent English sentence.
684	21	Erin bought this concealed axis.	Erin bought these concealed axis.	-82.5	-82.5	-10.3125	-10.3125	False	False	morphology	determiner_noun_agreement	Write a natural, coherent English sentence.
685	21	Dan examines this long analysis.	Dan examines these long analysis.	-72.5	-72.5	-10.3125	-10.3125	False	False	morphology	determiner_noun_agreement	Write a natural, coherent English sentence.
686	21	These drivers concealed these gray oxen.	These drivers concealed this gray oxen.	-93.0	-93.0	-10.3125	-10.3125	False	False	morphology	determiner_noun_agreement	Write a natural, coherent English sentence.
687	21	All children impresses this happy man.	All children impresses these happy man.	-82.0	-82.0	-10.25	-10.25	False	False	morphology	determiner_noun_agreement	Write a natural, coherent English sentence.
688	21	People will conceal that concealed man.	People will conceal those concealed man.	-92.5	-92.5	-10.25	-10.3125	False	True	morphology	determiner_noun_agreement	Write a natural, coherent English sentence.
689	21	Some patient returns to this old man.	Some patient returns to these old man.	-82.5	-82.5	-10.3125	-10.3125	False	False	morphology	determiner_noun_agreement	Write a natural, coherent English sentence.
690	21	Many actresses discovered those big oases.	Many actresses discovered that big oases.	-92.5	-92.5	-10.25	-10.25	False	False	morphology	determiner_noun_agreement	Write a natural, coherent English sentence.
691	21	The school talks about those young alumni.	The school talks about that young alumni.	-103.0	-103.0	-10.25	-10.25	False	False	morphology	determiner_noun_agreement	Write a natural, coherent English sentence.
692	21	Omar admired these blue fungi.	Omar admired this blue fungi.	-93.0	-93.0	-10.3125	-10.3125	False	False	morphology	determiner_noun_agreement	Write a natural, coherent English sentence.
693	21	Some school can't hate these good people.	Some school can't hate this good people.	-103.5	-104.0	-10.375	-10.375	True	False	morphology	determiner_noun_agreement	Write a natural, coherent English sentence.
694	21	A lot of eggplants wouldn't disturb that determined woman.	A lot of eggplants wouldn't disturb those determined woman.	-144.0	-144.0	-10.3125	-10.3125	False	False	morphology	determiner_noun_agreement	Write a natural, coherent English sentence.
695	21	That cake could annoy these uncertain men.	That cake could annoy this uncertain men.	-82.5	-83.0	-10.3125	-10.375	True	True	morphology	determiner_noun_agreement	Write a natural, coherent English sentence.
696	21	Lamps are worrying these hopeful alumni.	Lamps are worrying this hopeful alumni.	-113.5	-113.0	-10.3125	-10.3125	False	False	morphology	determiner_noun_agreement	Write a natural, coherent English sentence.
697	21	A lot of eggplants bore these excited alumni.	A lot of eggplants bore this excited alumni.	-134.0	-134.0	-10.3125	-10.3125	False	False	morphology	determiner_noun_agreement	Write a natural, coherent English sentence.
698	21	A lot of teachers arrived at these old oases.	A lot of teachers arrived at this old oases.	-113.0	-113.0	-10.3125	-10.3125	False	False	morphology	determiner_noun_agreement	Write a natural, coherent English sentence.
699	21	Most sweaters hurt those happy people.	Most sweaters hurt that happy people.	-82.5	-83.0	-10.3125	-10.375	True	True	morphology	determiner_noun_agreement	Write a natural, coherent English sentence.
700	21	Tara scans those good analyses.	Tara scans that good analyses.	-93.0	-93.0	-10.3125	-10.3125	False	False	morphology	determiner_noun_agreement	Write a natural, coherent English sentence.
701	21	The man doesn't reference this out in the open woman.	The man doesn't reference these out in the open woman.	-134.0	-134.0	-10.3125	-10.3125	False	False	morphology	determiner_noun_agreement	Write a natural, coherent English sentence.
702	21	This cashier is leaving this employed person.	This cashier is leaving these employed person.	-92.5	-92.5	-10.25	-10.3125	False	True	morphology	determiner_noun_agreement	Write a natural, coherent English sentence.
703	21	Bananas bother these clever alumni.	Bananas bother this clever alumni.	-92.5	-92.5	-10.25	-10.25	False	False	morphology	determiner_noun_agreement	Write a natural, coherent English sentence.
704	21	Some convertibles had worried those fast men.	Some convertibles had worried that fast men.	-93.0	-93.0	-10.3125	-10.3125	False	False	morphology	determiner_noun_agreement	Write a natural, coherent English sentence.
705	21	Carl bored those nice women.	Carl bored that nice women.	-62.0	-62.25	-10.375	-10.375	True	False	morphology	determiner_noun_agreement	Write a natural, coherent English sentence.
706	21	These teachers explore these old oases.	These teachers explore this old oases.	-82.5	-83.0	-10.3125	-10.375	True	True	morphology	determiner_noun_agreement	Write a natural, coherent English sentence.
707	21	Many waiters work with this scared child.	Many waiters work with these scared child.	-93.0	-93.0	-10.375	-10.3125	False	False	morphology	determiner_noun_agreement	Write a natural, coherent English sentence.
708	21	Committees admire that smart child.	Committees admire those smart child.	-92.5	-92.5	-10.3125	-10.25	False	False	morphology	determiner_noun_agreement	Write a natural, coherent English sentence.
709	21	Matt approaches this exposed child.	Matt approaches these exposed child.	-62.25	-62.25	-10.375	-10.375	False	False	morphology	determiner_noun_agreement	Write a natural, coherent English sentence.
710	21	Brian talks to this lucky man.	Brian talks to these lucky man.	-72.5	-72.5	-10.3125	-10.375	False	True	morphology	determiner_noun_agreement	Write a natural, coherent English sentence.
711	21	A boy isn't talking about that red oasis.	A boy isn't talking about those red oasis.	-123.5	-123.5	-10.3125	-10.3125	False	False	morphology	determiner_noun_agreement	Write a natural, coherent English sentence.
712	21	Phillip bought those black feet.	Phillip bought that black feet.	-72.0	-72.0	-10.25	-10.3125	False	True	morphology	determiner_noun_agreement	Write a natural, coherent English sentence.
713	21	Eric isn't buying those brown geese.	Eric isn't buying that brown geese.	-103.5	-103.5	-10.375	-10.375	False	False	morphology	determiner_noun_agreement	Write a natural, coherent English sentence.
714	21	Elaine remembers this delighted woman.	Elaine remembers these delighted woman.	-82.5	-82.5	-10.3125	-10.3125	False	False	morphology	determiner_noun_agreement	Write a natural, coherent English sentence.
715	21	This pedestrian arrives at that smooth oasis.	This pedestrian arrives at those smooth oasis.	-103.0	-103.0	-10.25	-10.3125	False	True	morphology	determiner_noun_agreement	Write a natural, coherent English sentence.
716	21	Those men forget these smart men.	Those men forget this smart men.	-72.5	-72.5	-10.3125	-10.375	False	True	morphology	determiner_noun_agreement	Write a natural, coherent English sentence.
717	21	Tara might alarm this unsure person.	Tara might alarm these unsure person.	-93.5	-93.5	-10.375	-10.375	False	False	morphology	determiner_noun_agreement	Write a natural, coherent English sentence.
718	21	Vanessa was healing those purple geese.	Vanessa was healing that purple geese.	-92.5	-92.5	-10.3125	-10.3125	False	False	morphology	determiner_noun_agreement	Write a natural, coherent English sentence.
719	21	Steven hasn't questioned those troubled people.	Steven hasn't questioned that troubled people.	-103.0	-103.0	-10.3125	-10.3125	False	False	morphology	determiner_noun_agreement	Write a natural, coherent English sentence.
720	21	Thomas hides this clever woman.	Thomas hides these clever woman.	-72.0	-72.0	-10.3125	-10.3125	False	False	morphology	determiner_noun_agreement	Write a natural, coherent English sentence.
721	21	Most eyes confuse these content alumni.	Most eyes confuse this content alumni.	-103.5	-103.5	-10.375	-10.3125	False	False	morphology	determiner_noun_agreement	Write a natural, coherent English sentence.
722	21	That dog aggravates this busy child.	That dog aggravates these busy child.	-92.5	-92.5	-10.3125	-10.3125	False	False	morphology	determiner_noun_agreement	Write a natural, coherent English sentence.
723	21	Karen has attacked this popular child.	Karen has attacked these popular child.	-72.5	-72.5	-10.3125	-10.375	False	True	morphology	determiner_noun_agreement	Write a natural, coherent English sentence.
724	21	Heidi might confuse those displeased men.	Heidi might confuse that displeased men.	-113.0	-113.0	-10.3125	-10.3125	False	False	morphology	determiner_noun_agreement	Write a natural, coherent English sentence.
725	21	Maria kisses this bad person.	Maria kisses these bad person.	-72.5	-72.0	-10.3125	-10.3125	False	False	morphology	determiner_noun_agreement	Write a natural, coherent English sentence.
726	21	Tanya passes this purple oasis.	Tanya passes these purple oasis.	-82.5	-83.0	-10.3125	-10.375	True	True	morphology	determiner_noun_agreement	Write a natural, coherent English sentence.
727	21	Marla has respected those delighted alumni.	Marla has respected that delighted alumni.	-103.5	-103.5	-10.375	-10.375	False	False	morphology	determiner_noun_agreement	Write a natural, coherent English sentence.
728	21	Paula is investigating this employed alumnus.	Paula is investigating these employed alumnus.	-113.0	-113.0	-10.3125	-10.3125	False	False	morphology	determiner_noun_agreement	Write a natural, coherent English sentence.
729	21	Most chairs aren't disgusting those serious women.	Most chairs aren't disgusting that serious women.	-114.0	-113.5	-10.3125	-10.3125	False	False	morphology	determiner_noun_agreement	Write a natural, coherent English sentence.
730	21	Men hadn't run around this purple oasis.	Men hadn't run around these purple oasis.	-113.5	-113.5	-10.3125	-10.3125	False	False	morphology	determiner_noun_agreement	Write a natural, coherent English sentence.
731	21	Tina hadn't arrived at those green oases.	Tina hadn't arrived at that green oases.	-124.0	-124.0	-10.3125	-10.3125	False	False	morphology	determiner_noun_agreement	Write a natural, coherent English sentence.
732	21	Karla knew this busy alumnus.	Karla knew these busy alumnus.	-93.0	-92.5	-10.3125	-10.3125	False	False	morphology	determiner_noun_agreement	Write a natural, coherent English sentence.
733	21	The actors care for these exposed people.	The actors care for this exposed people.	-83.0	-83.0	-10.375	-10.375	False	False	morphology	determiner_noun_agreement	Write a natural, coherent English sentence.
734	21	Michelle might alarm this employed man.	Michelle might alarm these employed man.	-72.5	-72.5	-10.375	-10.375	False	False	morphology	determiner_noun_agreement	Write a natural, coherent English sentence.
735	21	Maria hasn't walked through these hard oases.	Maria hasn't walked through this hard oases.	-113.5	-113.5	-10.3125	-10.3125	False	False	morphology	determiner_noun_agreement	Write a natural, coherent English sentence.
736	21	That report might disagree with those delighted men.	That report might disagree with that delighted men.	-93.0	-93.0	-10.3125	-10.3125	False	False	morphology	determiner_noun_agreement	Write a natural, coherent English sentence.
737	21	Actresses discuss this popular person.	Actresses discuss these popular person.	-82.0	-82.0	-10.25	-10.25	False	False	morphology	determiner_noun_agreement	Write a natural, coherent English sentence.
738	21	Holly won't watch these unlucky men.	Holly won't watch this unlucky men.	-113.5	-113.5	-10.3125	-10.3125	False	False	morphology	determiner_noun_agreement	Write a natural, coherent English sentence.
739	21	Carl was driving to those blue oases.	Carl was driving to that blue oases.	-93.0	-93.0	-10.3125	-10.3125	False	False	morphology	determiner_noun_agreement	Write a natural, coherent English sentence.
740	21	Bill passes that rough oasis.	Bill passes those rough oasis.	-72.5	-72.5	-10.3125	-10.3125	False	False	morphology	determiner_noun_agreement	Write a natural, coherent English sentence.
741	21	All men praise this good thesis.	All men praise these good thesis.	-72.5	-72.5	-10.375	-10.375	False	False	morphology	determiner_noun_agreement	Write a natural, coherent English sentence.
742	21	Many doctors should escape from these hopeful women.	Many doctors should escape from this hopeful women.	-103.0	-103.0	-10.3125	-10.3125	False	False	morphology	determiner_noun_agreement	Write a natural, coherent English sentence.
743	21	Many girls find these nice men.	Many girls find this nice men.	-72.5	-72.5	-10.375	-10.3125	False	False	morphology	determiner_noun_agreement	Write a natural, coherent English sentence.
744	21	Every museum helps those concealed children.	Every museum helps that concealed children.	-82.5	-82.5	-10.3125	-10.3125	False	False	morphology	determiner_noun_agreement	Write a natural, coherent English sentence.
745	21	Marla was distracting these determined people.	Marla was distracting this determined people.	-93.0	-93.0	-10.3125	-10.375	False	True	morphology	determiner_noun_agreement	Write a natural, coherent English sentence.
746	21	Those computers might confuse this nice child.	Those computers might confuse these nice child.	-93.0	-93.0	-10.3125	-10.3125	False	False	morphology	determiner_noun_agreement	Write a natural, coherent English sentence.
747	21	Tanya hasn't loved that content woman.	Tanya hasn't loved those content woman.	-103.5	-103.5	-10.375	-10.375	False	False	morphology	determiner_noun_agreement	Write a natural, coherent English sentence.
748	21	Theresa won't conceal those lost lice.	Theresa won't conceal that lost lice.	-123.5	-123.5	-10.3125	-10.3125	False	False	morphology	determiner_noun_agreement	Write a natural, coherent English sentence.
749	21	The Borgias do cure these out in the open octopi.	The Borgias do cure this out in the open octopi.	-155.0	-155.0	-10.375	-10.375	False	False	morphology	determiner_noun_agreement	Write a natural, coherent English sentence.
750	21	Kenneth messed up those lost teeth.	Kenneth messed up that lost teeth.	-92.5	-92.5	-10.25	-10.25	False	False	morphology	determiner_noun_agreement	Write a natural, coherent English sentence.
751	21	Jodi doesn't alarm these unsure people.	Jodi doesn't alarm this unsure people.	-114.0	-114.0	-10.375	-10.375	False	False	morphology	determiner_noun_agreement	Write a natural, coherent English sentence.
752	21	This customer scans those good analyses.	This customer scans that good analyses.	-93.0	-93.0	-10.3125	-10.3125	False	False	morphology	determiner_noun_agreement	Write a natural, coherent English sentence.
753	21	Vincent can't watch this hopeful alumnus.	Vincent can't watch these hopeful alumnus.	-123.5	-123.5	-10.3125	-10.3125	False	False	morphology	determiner_noun_agreement	Write a natural, coherent English sentence.
754	21	Jodi talked to this unconvinced child.	Jodi talked to these unconvinced child.	-113.5	-113.5	-10.3125	-10.3125	False	False	morphology	determiner_noun_agreement	Write a natural, coherent English sentence.
755	21	Katherine exited these exposed oases.	Katherine exited this exposed oases.	-93.0	-93.0	-10.3125	-10.3125	False	False	morphology	determiner_noun_agreement	Write a natural, coherent English sentence.
756	21	Beverly hasn't brought these rough fungi.	Beverly hasn't brought this rough fungi.	-113.0	-113.0	-10.3125	-10.3125	False	False	morphology	determiner_noun_agreement	Write a natural, coherent English sentence.
757	21	That unicycle is boring those standing children.	That unicycle is boring that standing children.	-103.0	-102.5	-10.25	-10.25	False	False	morphology	determiner_noun_agreement	Write a natural, coherent English sentence.
758	21	That boy can't escape from those unsure children.	That boy can't escape from that unsure children.	-124.0	-124.0	-10.3125	-10.3125	False	False	morphology	determiner_noun_agreement	Write a natural, coherent English sentence.
759	21	An adult bought these black axes.	An adult bought this black axes.	-82.5	-82.5	-10.3125	-10.3125	False	False	morphology	determiner_noun_agreement	Write a natural, coherent English sentence.
760	21	Sara isn't kissing this nice woman.	Sara isn't kissing these nice woman.	-103.5	-103.5	-10.3125	-10.375	False	True	morphology	determiner_noun_agreement	Write a natural, coherent English sentence.
761	21	Robert couldn't embarrass those scared people.	Robert couldn't embarrass that scared people.	-93.0	-93.0	-10.375	-10.3125	False	False	morphology	determiner_noun_agreement	Write a natural, coherent English sentence.
762	21	Deborah had fled from that important woman.	Deborah had fled from those important woman.	-103.0	-103.0	-10.3125	-10.3125	False	False	morphology	determiner_noun_agreement	Write a natural, coherent English sentence.
763	21	Brenda discussed that serious woman.	Brenda discussed those serious woman.	-72.5	-72.5	-10.375	-10.3125	False	False	morphology	determiner_noun_agreement	Write a natural, coherent English sentence.
764	21	Some women questioned that big woman.	Some women questioned those big woman.	-72.0	-72.5	-10.3125	-10.3125	True	False	morphology	determiner_noun_agreement	Write a natural, coherent English sentence.
765	21	Rodney didn't kiss those displeased women.	Rodney didn't kiss that displeased women.	-123.0	-123.5	-10.25	-10.25	True	False	morphology	determiner_noun_agreement	Write a natural, coherent English sentence.
766	21	Carrie can help those lost alumni.	Carrie can help that lost alumni.	-103.0	-103.0	-10.3125	-10.3125	False	False	morphology	determiner_noun_agreement	Write a natural, coherent English sentence.
767	21	Many guests approach this lucky man.	Many guests approach these lucky man.	-72.0	-72.0	-10.25	-10.25	False	False	morphology	determiner_noun_agreement	Write a natural, coherent English sentence.
768	21	Some student messes up that hard foot.	Some student messes up those hard foot.	-92.5	-92.5	-10.3125	-10.3125	False	False	morphology	determiner_noun_agreement	Write a natural, coherent English sentence.
769	21	Some men had skated around these hard oases.	Some men had skated around this hard oases.	-113.5	-113.5	-10.3125	-10.3125	False	False	morphology	determiner_noun_agreement	Write a natural, coherent English sentence.
770	21	Some light would annoy those happy alumni.	Some light would annoy that happy alumni.	-103.0	-103.0	-10.3125	-10.3125	False	False	morphology	determiner_noun_agreement	Write a natural, coherent English sentence.
771	21	Many casseroles shock these unconvinced men.	Many casseroles shock this unconvinced men.	-123.5	-123.5	-10.3125	-10.3125	False	False	morphology	determiner_noun_agreement	Write a natural, coherent English sentence.
772	21	Carl talks about those confident children.	Carl talks about that confident children.	-72.5	-72.5	-10.3125	-10.3125	False	False	morphology	determiner_noun_agreement	Write a natural, coherent English sentence.
773	21	Timothy was dropping by those new oases.	Timothy was dropping by that new oases.	-102.5	-103.0	-10.25	-10.25	True	False	morphology	determiner_noun_agreement	Write a natural, coherent English sentence.
774	21	Lori has approached these scared people.	Lori has approached this scared people.	-83.0	-83.0	-10.375	-10.375	False	False	morphology	determiner_noun_agreement	Write a natural, coherent English sentence.
775	21	Jodi wouldn't mess up those orange feet.	Jodi wouldn't mess up that orange feet.	-113.5	-113.5	-10.3125	-10.3125	False	False	morphology	determiner_noun_agreement	Write a natural, coherent English sentence.
776	21	This newspaper article will embarrass this determined child.	This newspaper article will embarrass these determined child.	-92.5	-92.5	-10.25	-10.25	False	False	morphology	determiner_noun_agreement	Write a natural, coherent English sentence.
777	21	A lot of guys conceal this long analysis.	A lot of guys conceal these long analysis.	-103.0	-103.0	-10.3125	-10.3125	False	False	morphology	determiner_noun_agreement	Write a natural, coherent English sentence.
778	21	Lawrence fired that serious woman.	Lawrence fired those serious woman.	-62.25	-62.5	-10.375	-10.375	True	False	morphology	determiner_noun_agreement	Write a natural, coherent English sentence.
779	21	This story didn't bore this serious man.	This story didn't bore these serious man.	-103.0	-103.0	-10.3125	-10.3125	False	False	morphology	determiner_noun_agreement	Write a natural, coherent English sentence.
780	21	Mary can't remember that clever person.	Mary can't remember those clever person.	-93.0	-93.0	-10.3125	-10.3125	False	False	morphology	determiner_noun_agreement	Write a natural, coherent English sentence.
781	21	Marie could listen to that big woman.	Marie could listen to those big woman.	-83.0	-83.0	-10.375	-10.375	False	False	morphology	determiner_noun_agreement	Write a natural, coherent English sentence.
782	21	Clyde had those exposed axes.	Clyde had that exposed axes.	-93.0	-93.0	-10.375	-10.375	False	False	morphology	determiner_noun_agreement	Write a natural, coherent English sentence.
783	21	Victoria has left these delighted men.	Victoria has left this delighted men.	-72.5	-72.5	-10.3125	-10.375	False	True	morphology	determiner_noun_agreement	Write a natural, coherent English sentence.
784	21	The Impressionists disagree with those bad analyses.	The Impressionists disagree with that bad analyses.	-113.0	-113.0	-10.25	-10.25	False	False	morphology	determiner_noun_agreement	Write a natural, coherent English sentence.
785	21	Amy took that hidden fungus.	Amy took those hidden fungus.	-83.0	-83.0	-10.375	-10.375	False	False	morphology	determiner_noun_agreement	Write a natural, coherent English sentence.
786	21	Rose was fixing this hard foot.	Rose was fixing these hard foot.	-72.5	-72.5	-10.375	-10.375	False	False	morphology	determiner_noun_agreement	Write a natural, coherent English sentence.
787	21	Most dishes weren't astounding these scared men.	Most dishes weren't astounding this scared men.	-124.0	-124.0	-10.3125	-10.3125	False	False	morphology	determiner_noun_agreement	Write a natural, coherent English sentence.
788	21	The doctor sees those smooth cacti.	The doctor sees that smooth cacti.	-93.0	-93.0	-10.375	-10.3125	False	False	morphology	determiner_noun_agreement	Write a natural, coherent English sentence.
789	21	Rodney hadn't cured these white octopi.	Rodney hadn't cured this white octopi.	-134.0	-134.0	-10.3125	-10.3125	False	False	morphology	determiner_noun_agreement	Write a natural, coherent English sentence.
790	21	This museum hadn't disgusted these troubled men.	This museum hadn't disgusted this troubled men.	-123.5	-123.5	-10.25	-10.3125	False	True	morphology	determiner_noun_agreement	Write a natural, coherent English sentence.
791	21	Patrick complained about those scared men.	Patrick complained about that scared men.	-72.5	-72.0	-10.3125	-10.3125	False	False	morphology	determiner_noun_agreement	Write a natural, coherent English sentence.
792	21	Jacqueline should stun these determined alumni.	Jacqueline should stun this determined alumni.	-123.5	-123.5	-10.3125	-10.3125	False	False	morphology	determiner_noun_agreement	Write a natural, coherent English sentence.
793	21	All apples worry this serious man.	All apples worry these serious man.	-82.5	-82.5	-10.3125	-10.3125	False	False	morphology	determiner_noun_agreement	Write a natural, coherent English sentence.
794	21	The drawing isn't scaring that old child.	The drawing isn't scaring those old child.	-114.0	-114.0	-10.375	-10.375	False	False	morphology	determiner_noun_agreement	Write a natural, coherent English sentence.
795	21	Veronica questioned this uncertain woman.	Veronica questioned these uncertain woman.	-82.5	-82.5	-10.3125	-10.3125	False	False	morphology	determiner_noun_agreement	Write a natural, coherent English sentence.
796	21	Vanessa hadn't known this determined alumnus.	Vanessa hadn't known these determined alumnus.	-123.0	-123.0	-10.25	-10.25	False	False	morphology	determiner_noun_agreement	Write a natural, coherent English sentence.
797	21	Cynthia hadn't kissed this unemployed man.	Cynthia hadn't kissed these unemployed man.	-134.0	-134.0	-10.25	-10.25	False	False	morphology	determiner_noun_agreement	Write a natural, coherent English sentence.
798	21	These companies irritate that exposed woman.	These companies irritate those exposed woman.	-82.5	-82.5	-10.3125	-10.3125	False	False	morphology	determiner_noun_agreement	Write a natural, coherent English sentence.
799	21	This dancer wasn't biking to this orange oasis.	This dancer wasn't biking to these orange oasis.	-144.0	-144.0	-10.3125	-10.3125	False	False	morphology	determiner_noun_agreement	Write a natural, coherent English sentence.
800	21	Those legislatures could disturb this upset alumnus.	Those legislatures could disturb these upset alumnus.	-113.0	-113.0	-10.3125	-10.3125	False	False	morphology	determiner_noun_agreement	Write a natural, coherent English sentence.
801	21	Some adult hasn't hidden these ill men.	Some adult hasn't hidden this ill men.	-103.5	-103.5	-10.375	-10.375	False	False	morphology	determiner_noun_agreement	Write a natural, coherent English sentence.
802	21	A cashier should insult these hidden children.	A cashier should insult this hidden children.	-93.0	-93.0	-10.375	-10.375	False	False	morphology	determiner_noun_agreement	Write a natural, coherent English sentence.
803	21	Danielle could annoy that confident man.	Danielle could annoy those confident man.	-82.0	-82.0	-10.25	-10.25	False	False	morphology	determiner_noun_agreement	Write a natural, coherent English sentence.
804	21	These teachers lift this exposed goose.	These teachers lift these exposed goose.	-82.5	-82.5	-10.3125	-10.3125	False	False	morphology	determiner_noun_agreement	Write a natural, coherent English sentence.
805	21	Christina drove to that exposed oasis.	Christina drove to those exposed oasis.	-92.5	-92.5	-10.25	-10.3125	False	True	morphology	determiner_noun_agreement	Write a natural, coherent English sentence.
806	21	Jesus hadn't sounded like these hidden people.	Jesus hadn't sounded like this hidden people.	-103.0	-103.0	-10.3125	-10.3125	False	False	morphology	determiner_noun_agreement	Write a natural, coherent English sentence.
807	21	Many mushrooms irritate that upset man.	Many mushrooms irritate those upset man.	-92.5	-92.5	-10.25	-10.25	False	False	morphology	determiner_noun_agreement	Write a natural, coherent English sentence.
808	21	Some committee bought those white lice.	Some committee bought that white lice.	-82.5	-83.0	-10.3125	-10.375	True	True	morphology	determiner_noun_agreement	Write a natural, coherent English sentence.
809	21	Daniel hasn't known this determined man.	Daniel hasn't known these determined man.	-93.0	-93.0	-10.3125	-10.375	False	True	morphology	determiner_noun_agreement	Write a natural, coherent English sentence.
810	21	Art hadn't scared these serious alumni.	Art hadn't scared this serious alumni.	-113.5	-114.0	-10.3125	-10.3125	True	False	morphology	determiner_noun_agreement	Write a natural, coherent English sentence.
811	21	Alice fires this unconvinced child.	Alice fires these unconvinced child.	-93.0	-93.0	-10.3125	-10.3125	False	False	morphology	determiner_noun_agreement	Write a natural, coherent English sentence.
812	21	Melanie hid that exposed tooth.	Melanie hid those exposed tooth.	-72.0	-72.0	-10.25	-10.25	False	False	morphology	determiner_noun_agreement	Write a natural, coherent English sentence.
813	21	Most hamsters find that red tooth.	Most hamsters find those red tooth.	-82.5	-82.5	-10.3125	-10.3125	False	False	morphology	determiner_noun_agreement	Write a natural, coherent English sentence.
814	21	Those children explore those small oases.	Those children explore that small oases.	-82.5	-82.5	-10.3125	-10.3125	False	False	morphology	determiner_noun_agreement	Write a natural, coherent English sentence.
815	21	Most museums listen to this troubled man.	Most museums listen to these troubled man.	-102.5	-102.5	-10.25	-10.25	False	False	morphology	determiner_noun_agreement	Write a natural, coherent English sentence.
816	21	Patrick embarrassed this unemployed person.	Patrick embarrassed these unemployed person.	-71.5	-72.0	-10.25	-10.25	True	False	morphology	determiner_noun_agreement	Write a natural, coherent English sentence.
817	21	A lot of icicles had alarmed that hidden woman.	A lot of icicles had alarmed those hidden woman.	-124.0	-124.0	-10.3125	-10.3125	False	False	morphology	determiner_noun_agreement	Write a natural, coherent English sentence.
818	21	Matt hadn't impressed this exposed child.	Matt hadn't impressed these exposed child.	-93.5	-93.5	-10.375	-10.375	False	False	morphology	determiner_noun_agreement	Write a natural, coherent English sentence.
819	21	Eric might see those new feet.	Eric might see that new feet.	-72.5	-73.0	-10.375	-10.375	True	False	morphology	determiner_noun_agreement	Write a natural, coherent English sentence.
820	21	Some turtle can confuse this old alumnus.	Some turtle can confuse these old alumnus.	-134.0	-134.0	-10.25	-10.25	False	False	morphology	determiner_noun_agreement	Write a natural, coherent English sentence.
821	21	Most guests explore these smooth oases.	Most guests explore this smooth oases.	-82.5	-82.5	-10.3125	-10.3125	False	False	morphology	determiner_noun_agreement	Write a natural, coherent English sentence.
822	21	Brian has praised that happy alumnus.	Brian has praised those happy alumnus.	-93.0	-93.0	-10.3125	-10.3125	False	False	morphology	determiner_noun_agreement	Write a natural, coherent English sentence.
823	21	Karen sees these ill lice.	Karen sees this ill lice.	-73.0	-72.5	-10.375	-10.375	False	False	morphology	determiner_noun_agreement	Write a natural, coherent English sentence.
824	21	Alicia doesn't observe this confident alumnus.	Alicia doesn't observe these confident alumnus.	-134.0	-134.0	-10.3125	-10.3125	False	False	morphology	determiner_noun_agreement	Write a natural, coherent English sentence.
825	21	That horse does find this lost octopus.	That horse does find these lost octopus.	-103.0	-103.0	-10.3125	-10.3125	False	False	morphology	determiner_noun_agreement	Write a natural, coherent English sentence.
826	21	Those customers haven't annoyed those delighted children.	Those customers haven't annoyed that delighted children.	-113.5	-113.0	-10.3125	-10.3125	False	False	morphology	determiner_noun_agreement	Write a natural, coherent English sentence.
827	21	The Great Lakes confused these hidden women.	The Great Lakes confused this hidden women.	-93.5	-93.5	-10.375	-10.375	False	False	morphology	determiner_noun_agreement	Write a natural, coherent English sentence.
828	21	Russell watches these unsure women.	Russell watches this unsure women.	-72.5	-72.5	-10.375	-10.375	False	False	morphology	determiner_noun_agreement	Write a natural, coherent English sentence.
829	21	Jacqueline has concealed these long synopses.	Jacqueline has concealed this long synopses.	-123.0	-123.0	-10.25	-10.25	False	False	morphology	determiner_noun_agreement	Write a natural, coherent English sentence.
830	21	Carrie isn't hiring this small woman.	Carrie isn't hiring these small woman.	-103.5	-103.5	-10.375	-10.375	False	False	morphology	determiner_noun_agreement	Write a natural, coherent English sentence.
831	21	Charles doesn't admire these big mice.	Charles doesn't admire this big mice.	-113.5	-113.5	-10.3125	-10.3125	False	False	morphology	determiner_noun_agreement	Write a natural, coherent English sentence.
832	21	The Impressionists might think about that white thesis.	The Impressionists might think about those white thesis.	-113.0	-113.0	-10.25	-10.25	False	False	morphology	determiner_noun_agreement	Write a natural, coherent English sentence.
833	21	Most men question those bad people.	Most men question that bad people.	-73.0	-73.0	-10.4375	-10.4375	False	False	morphology	determiner_noun_agreement	Write a natural, coherent English sentence.
834	21	Lissa hasn't left this upset woman.	Lissa hasn't left these upset woman.	-103.5	-103.5	-10.3125	-10.375	False	True	morphology	determiner_noun_agreement	Write a natural, coherent English sentence.
835	21	Janice won't fire that determined child.	Janice won't fire those determined child.	-103.5	-103.5	-10.375	-10.375	False	False	morphology	determiner_noun_agreement	Write a natural, coherent English sentence.
836	21	This company criticized this lucky man.	This company criticized these lucky man.	-82.5	-83.0	-10.3125	-10.375	True	True	morphology	determiner_noun_agreement	Write a natural, coherent English sentence.
837	21	The banks hurt that excited woman.	The banks hurt those excited woman.	-72.5	-72.5	-10.375	-10.375	False	False	morphology	determiner_noun_agreement	Write a natural, coherent English sentence.
838	21	Peter wasn't walking through those red oases.	Peter wasn't walking through that red oases.	-113.0	-113.0	-10.3125	-10.3125	False	False	morphology	determiner_noun_agreement	Write a natural, coherent English sentence.
839	21	Rebecca wasn't referencing this long synopsis.	Rebecca wasn't referencing these long synopsis.	-113.0	-113.0	-10.3125	-10.3125	False	False	morphology	determiner_noun_agreement	Write a natural, coherent English sentence.
840	21	Naomi notices this smooth octopus.	Naomi notices these smooth octopus.	-102.5	-102.5	-10.25	-10.25	False	False	morphology	determiner_noun_agreement	Write a natural, coherent English sentence.
841	21	Patrick conceals this hard stimulus.	Patrick conceals these hard stimulus.	-82.5	-82.5	-10.3125	-10.3125	False	False	morphology	determiner_noun_agreement	Write a natural, coherent English sentence.
842	21	Candice shouldn't bring those smooth feet.	Candice shouldn't bring that smooth feet.	-103.0	-103.0	-10.3125	-10.3125	False	False	morphology	determiner_noun_agreement	Write a natural, coherent English sentence.
843	21	All books sound like those content women.	All books sound like that content women.	-83.0	-83.0	-10.375	-10.375	False	False	morphology	determiner_noun_agreement	Write a natural, coherent English sentence.
844	21	Bethany hasn't arrived at this white oasis.	Bethany hasn't arrived at these white oasis.	-123.0	-123.0	-10.25	-10.25	False	False	morphology	determiner_noun_agreement	Write a natural, coherent English sentence.
845	21	Steve reveals these unemployed alumni.	Steve reveals this unemployed alumni.	-92.5	-92.5	-10.3125	-10.25	False	False	morphology	determiner_noun_agreement	Write a natural, coherent English sentence.
846	21	Sonia was upsetting that ill woman.	Sonia was upsetting those ill woman.	-92.5	-92.5	-10.3125	-10.25	False	False	morphology	determiner_noun_agreement	Write a natural, coherent English sentence.
847	21	Keith wasn't boring these delighted men.	Keith wasn't boring this delighted men.	-93.5	-93.5	-10.375	-10.375	False	False	morphology	determiner_noun_agreement	Write a natural, coherent English sentence.
848	21	The Borgias admire these hard mice.	The Borgias admire this hard mice.	-114.0	-114.0	-10.375	-10.375	False	False	morphology	determiner_noun_agreement	Write a natural, coherent English sentence.
849	21	These drivers had forgotten this good analysis.	These drivers had forgotten these good analysis.	-83.0	-83.0	-10.375	-10.375	False	False	morphology	determiner_noun_agreement	Write a natural, coherent English sentence.
850	21	Helen skates around this blue oasis.	Helen skates around these blue oasis.	-92.0	-92.0	-10.25	-10.25	False	False	morphology	determiner_noun_agreement	Write a natural, coherent English sentence.
851	21	Galileo found that smooth stimulus.	Galileo found those smooth stimulus.	-92.5	-92.5	-10.25	-10.3125	False	True	morphology	determiner_noun_agreement	Write a natural, coherent English sentence.
852	21	Kimberley isn't curing these small octopi.	Kimberley isn't curing this small octopi.	-144.0	-144.0	-10.3125	-10.3125	False	False	morphology	determiner_noun_agreement	Write a natural, coherent English sentence.
853	21	Debra didn't conceal these popular men.	Debra didn't conceal this popular men.	-113.5	-113.5	-10.3125	-10.3125	False	False	morphology	determiner_noun_agreement	Write a natural, coherent English sentence.
854	21	A lot of doctors hug these scared children.	A lot of doctors hug this scared children.	-92.5	-92.5	-10.3125	-10.3125	False	False	morphology	determiner_noun_agreement	Write a natural, coherent English sentence.
855	21	Those pedestrians weren't fleeing from these concealed men.	Those pedestrians weren't fleeing from this concealed men.	-155.0	-155.0	-10.3125	-10.3125	False	False	morphology	determiner_noun_agreement	Write a natural, coherent English sentence.
856	21	Those children find that exposed thesis.	Those children find those exposed thesis.	-72.5	-72.5	-10.3125	-10.3125	False	False	morphology	determiner_noun_agreement	Write a natural, coherent English sentence.
857	21	Debra admires these blue octopi.	Debra admires this blue octopi.	-103.0	-103.0	-10.3125	-10.3125	False	False	morphology	determiner_noun_agreement	Write a natural, coherent English sentence.
858	21	Bruce wasn't approaching that clever alumnus.	Bruce wasn't approaching those clever alumnus.	-113.5	-113.5	-10.3125	-10.3125	False	False	morphology	determiner_noun_agreement	Write a natural, coherent English sentence.
859	21	Lawrence isn't questioning that nice woman.	Lawrence isn't questioning those nice woman.	-93.0	-93.5	-10.375	-10.375	True	False	morphology	determiner_noun_agreement	Write a natural, coherent English sentence.
860	21	Some waitresses have this big octopus.	Some waitresses have these big octopus.	-112.0	-112.0	-10.1875	-10.1875	False	False	morphology	determiner_noun_agreement	Write a natural, coherent English sentence.
861	21	Carolyn had embarrassed that busy alumnus.	Carolyn had embarrassed those busy alumnus.	-103.0	-103.0	-10.3125	-10.3125	False	False	morphology	determiner_noun_agreement	Write a natural, coherent English sentence.
862	21	Jeffrey aggravated that smart man.	Jeffrey aggravated those smart man.	-92.0	-92.0	-10.25	-10.25	False	False	morphology	determiner_noun_agreement	Write a natural, coherent English sentence.
863	21	Guy messed up this yellow foot.	Guy messed up these yellow foot.	-82.0	-82.0	-10.25	-10.25	False	False	morphology	determiner_noun_agreement	Write a natural, coherent English sentence.
864	21	Every book is embarrassing this small woman.	Every book is embarrassing these small woman.	-93.0	-93.0	-10.3125	-10.3125	False	False	morphology	determiner_noun_agreement	Write a natural, coherent English sentence.
865	21	These associations were talking about these scared women.	These associations were talking about this scared women.	-93.0	-93.0	-10.3125	-10.3125	False	False	morphology	determiner_noun_agreement	Write a natural, coherent English sentence.
866	21	Todd disturbs this upset child.	Todd disturbs these upset child.	-82.5	-82.5	-10.3125	-10.3125	False	False	morphology	determiner_noun_agreement	Write a natural, coherent English sentence.
867	21	That window alarms these exposed women.	That window alarms this exposed women.	-83.0	-83.0	-10.375	-10.375	False	False	morphology	determiner_noun_agreement	Write a natural, coherent English sentence.
868	21	A window upsets these upset men.	A window upsets this upset men.	-82.5	-82.5	-10.3125	-10.3125	False	False	morphology	determiner_noun_agreement	Write a natural, coherent English sentence.
869	21	Monet is fixing that brown foot.	Monet is fixing those brown foot.	-83.0	-83.0	-10.375	-10.375	False	False	morphology	determiner_noun_agreement	Write a natural, coherent English sentence.
870	21	Adam left these big alumni.	Adam left this big alumni.	-82.5	-82.5	-10.3125	-10.3125	False	False	morphology	determiner_noun_agreement	Write a natural, coherent English sentence.
871	21	Stacy can exit that big oasis.	Stacy can exit those big oasis.	-93.0	-93.0	-10.375	-10.3125	False	False	morphology	determiner_noun_agreement	Write a natural, coherent English sentence.
872	21	Roger was returning to those happy alumni.	Roger was returning to that happy alumni.	-103.0	-103.0	-10.25	-10.3125	False	True	morphology	determiner_noun_agreement	Write a natural, coherent English sentence.
873	21	Dana isn't investigating this ill woman.	Dana isn't investigating these ill woman.	-114.0	-114.0	-10.375	-10.3125	False	False	morphology	determiner_noun_agreement	Write a natural, coherent English sentence.
874	21	Tammy has those yellow axes.	Tammy has that yellow axes.	-82.0	-82.5	-10.25	-10.3125	True	True	morphology	determiner_noun_agreement	Write a natural, coherent English sentence.
875	21	Marla leaves those employed children.	Marla leaves that employed children.	-72.5	-72.5	-10.375	-10.375	False	False	morphology	determiner_noun_agreement	Write a natural, coherent English sentence.
876	21	Sarah referenced that ill child.	Sarah referenced those ill child.	-72.0	-72.0	-10.3125	-10.3125	False	False	morphology	determiner_noun_agreement	Write a natural, coherent English sentence.
877	21	Edward complained about this serious child.	Edward complained about these serious child.	-72.0	-72.0	-10.3125	-10.3125	False	False	morphology	determiner_noun_agreement	Write a natural, coherent English sentence.
878	21	Carolyn healed those bad women.	Carolyn healed that bad women.	-82.5	-82.5	-10.3125	-10.3125	False	False	morphology	determiner_noun_agreement	Write a natural, coherent English sentence.
879	21	The waitresses fired those upset alumni.	The waitresses fired that upset alumni.	-112.5	-112.5	-10.25	-10.25	False	False	morphology	determiner_noun_agreement	Write a natural, coherent English sentence.
880	21	Every driver dropped by that old oasis.	Every driver dropped by those old oasis.	-93.0	-93.0	-10.3125	-10.3125	False	False	morphology	determiner_noun_agreement	Write a natural, coherent English sentence.
881	21	William hadn't hugged these hopeful alumni.	William hadn't hugged this hopeful alumni.	-133.0	-134.0	-10.25	-10.25	True	False	morphology	determiner_noun_agreement	Write a natural, coherent English sentence.
882	21	The Lutherans had messed up those lost feet.	The Lutherans had messed up that lost feet.	-113.5	-113.5	-10.3125	-10.3125	False	False	morphology	determiner_noun_agreement	Write a natural, coherent English sentence.
883	21	Florence hasn't confused those standing men.	Florence hasn't confused that standing men.	-93.0	-93.0	-10.375	-10.375	False	False	morphology	determiner_noun_agreement	Write a natural, coherent English sentence.
884	21	Some convertible upset this upset woman.	Some convertible upset these upset woman.	-82.0	-82.5	-10.25	-10.3125	True	True	morphology	determiner_noun_agreement	Write a natural, coherent English sentence.
885	21	Rebecca saw this hidden foot.	Rebecca saw these hidden foot.	-62.0	-62.0	-10.375	-10.3125	False	False	morphology	determiner_noun_agreement	Write a natural, coherent English sentence.
886	21	Derek returned to these content men.	Derek returned to this content men.	-83.0	-83.0	-10.375	-10.375	False	False	morphology	determiner_noun_agreement	Write a natural, coherent English sentence.
887	21	Those teachers love those hidden women.	Those teachers love that hidden women.	-72.5	-72.5	-10.375	-10.375	False	False	morphology	determiner_noun_agreement	Write a natural, coherent English sentence.
888	21	Jennifer worried those ill men.	Jennifer worried that ill men.	-62.0	-62.0	-10.375	-10.375	False	False	morphology	determiner_noun_agreement	Write a natural, coherent English sentence.
889	21	A chair was stunning this big man.	A chair was stunning these big man.	-83.0	-83.0	-10.375	-10.375	False	False	morphology	determiner_noun_agreement	Write a natural, coherent English sentence.
890	21	Paintings looked like that gray thesis.	Paintings looked like those gray thesis.	-93.0	-93.0	-10.3125	-10.3125	False	False	morphology	determiner_noun_agreement	Write a natural, coherent English sentence.
891	21	Karla toured this rough oasis.	Karla toured these rough oasis.	-93.0	-93.0	-10.3125	-10.3125	False	False	morphology	determiner_noun_agreement	Write a natural, coherent English sentence.
892	21	Walter couldn't boycott those hidden oases.	Walter couldn't boycott that hidden oases.	-113.5	-113.5	-10.3125	-10.3125	False	False	morphology	determiner_noun_agreement	Write a natural, coherent English sentence.
893	21	Donald has worried this smart man.	Donald has worried these smart man.	-72.5	-72.5	-10.3125	-10.375	False	True	morphology	determiner_noun_agreement	Write a natural, coherent English sentence.
894	21	Catherine has boycotted those gray oases.	Catherine has boycotted that gray oases.	-103.5	-103.5	-10.375	-10.375	False	False	morphology	determiner_noun_agreement	Write a natural, coherent English sentence.
895	21	Nicole toured those yellow oases.	Nicole toured that yellow oases.	-82.5	-82.5	-10.3125	-10.3125	False	False	morphology	determiner_noun_agreement	Write a natural, coherent English sentence.
896	21	Barbara praises that young woman.	Barbara praises those young woman.	-72.5	-72.5	-10.3125	-10.375	False	True	morphology	determiner_noun_agreement	Write a natural, coherent English sentence.
897	21	The apple aggravates those hopeful children.	The apple aggravates that hopeful children.	-102.5	-102.5	-10.25	-10.25	False	False	morphology	determiner_noun_agreement	Write a natural, coherent English sentence.
898	21	All photographs could look like this big fungus.	All photographs could look like these big fungus.	-113.5	-113.5	-10.3125	-10.3125	False	False	morphology	determiner_noun_agreement	Write a natural, coherent English sentence.
899	21	Guys should talk about that good synopsis.	Guys should talk about those good synopsis.	-102.5	-102.5	-10.25	-10.25	False	False	morphology	determiner_noun_agreement	Write a natural, coherent English sentence.
900	21	Tracy discovered this concealed alumnus.	Tracy discovered these concealed alumnus.	-103.0	-103.0	-10.3125	-10.3125	False	False	morphology	determiner_noun_agreement	Write a natural, coherent English sentence.
901	21	All actresses are helping this troubled man.	All actresses are helping these troubled man.	-102.0	-102.0	-10.1875	-10.1875	False	False	morphology	determiner_noun_agreement	Write a natural, coherent English sentence.
902	21	Douglas isn't revealing this dirty foot.	Douglas isn't revealing these dirty foot.	-93.0	-93.0	-10.375	-10.375	False	False	morphology	determiner_noun_agreement	Write a natural, coherent English sentence.
903	21	Most senators confuse that standing child.	Most senators confuse those standing child.	-93.0	-93.0	-10.3125	-10.3125	False	False	morphology	determiner_noun_agreement	Write a natural, coherent English sentence.
904	21	Those doctors embarrass that upset woman.	Those doctors embarrass those upset woman.	-72.5	-72.5	-10.3125	-10.375	False	True	morphology	determiner_noun_agreement	Write a natural, coherent English sentence.
905	21	A lot of customers were healing those sick men.	A lot of customers were healing that sick men.	-102.5	-103.0	-10.25	-10.25	True	False	morphology	determiner_noun_agreement	Write a natural, coherent English sentence.
906	21	Sabrina does conceal these old alumni.	Sabrina does conceal this old alumni.	-123.5	-123.5	-10.3125	-10.3125	False	False	morphology	determiner_noun_agreement	Write a natural, coherent English sentence.
907	21	Many girls can't observe those young alumni.	Many girls can't observe that young alumni.	-124.0	-124.0	-10.375	-10.3125	False	False	morphology	determiner_noun_agreement	Write a natural, coherent English sentence.
908	21	The actresses hire that lucky man.	The actresses hire those lucky man.	-82.5	-82.0	-10.3125	-10.25	False	False	morphology	determiner_noun_agreement	Write a natural, coherent English sentence.
909	21	Andrea is firing that scared child.	Andrea is firing those scared child.	-72.5	-72.5	-10.375	-10.375	False	False	morphology	determiner_noun_agreement	Write a natural, coherent English sentence.
910	21	That dancer scanned that bad synopsis.	That dancer scanned those bad synopsis.	-103.0	-103.0	-10.3125	-10.3125	False	False	morphology	determiner_noun_agreement	Write a natural, coherent English sentence.
911	21	Daniel breaks these dirty teeth.	Daniel breaks this dirty teeth.	-62.0	-62.0	-10.3125	-10.375	False	True	morphology	determiner_noun_agreement	Write a natural, coherent English sentence.
912	21	Students had messed up those purple teeth.	Students had messed up that purple teeth.	-93.0	-92.5	-10.3125	-10.3125	False	False	morphology	determiner_noun_agreement	Write a natural, coherent English sentence.
913	21	Becky boycotted those old oases.	Becky boycotted that old oases.	-103.0	-103.0	-10.3125	-10.3125	False	False	morphology	determiner_noun_agreement	Write a natural, coherent English sentence.
914	21	Florence talks to those good women.	Florence talks to that good women.	-72.5	-72.5	-10.375	-10.375	False	False	morphology	determiner_noun_agreement	Write a natural, coherent English sentence.
915	21	Carmen won't break this big foot.	Carmen won't break these big foot.	-103.5	-103.5	-10.375	-10.375	False	False	morphology	determiner_noun_agreement	Write a natural, coherent English sentence.
916	21	Stephen fired those employed men.	Stephen fired that employed men.	-62.25	-62.0	-10.375	-10.375	False	False	morphology	determiner_noun_agreement	Write a natural, coherent English sentence.
917	21	Many governments confuse this sick woman.	Many governments confuse these sick woman.	-83.0	-83.0	-10.375	-10.375	False	False	morphology	determiner_noun_agreement	Write a natural, coherent English sentence.
918	21	Heidi healed this troubled child.	Heidi healed these troubled child.	-92.0	-92.0	-10.25	-10.25	False	False	morphology	determiner_noun_agreement	Write a natural, coherent English sentence.
919	21	Daniel questions these employed alumni.	Daniel questions this employed alumni.	-83.0	-83.0	-10.375	-10.375	False	False	morphology	determiner_noun_agreement	Write a natural, coherent English sentence.
920	21	People admire these yellow oxen.	People admire this yellow oxen.	-82.5	-82.5	-10.3125	-10.3125	False	False	morphology	determiner_noun_agreement	Write a natural, coherent English sentence.
921	21	Those adults embarrasses this displeased woman.	Those adults embarrasses these displeased woman.	-103.0	-103.0	-10.25	-10.3125	False	True	morphology	determiner_noun_agreement	Write a natural, coherent English sentence.
922	21	Winston Churchill notices these big nuclei.	Winston Churchill notices this big nuclei.	-113.0	-113.0	-10.25	-10.25	False	False	morphology	determiner_noun_agreement	Write a natural, coherent English sentence.
923	21	All women hide those concealed nuclei.	All women hide that concealed nuclei.	-92.5	-92.5	-10.3125	-10.3125	False	False	morphology	determiner_noun_agreement	Write a natural, coherent English sentence.
924	21	Charles was escaping from those lucky men.	Charles was escaping from that lucky men.	-92.5	-92.5	-10.3125	-10.3125	False	False	morphology	determiner_noun_agreement	Write a natural, coherent English sentence.
925	21	Paul doesn't insult this happy woman.	Paul doesn't insult these happy woman.	-93.0	-93.0	-10.375	-10.375	False	False	morphology	determiner_noun_agreement	Write a natural, coherent English sentence.
926	21	Galileo isn't scanning this brown thesis.	Galileo isn't scanning these brown thesis.	-123.5	-123.5	-10.3125	-10.3125	False	False	morphology	determiner_noun_agreement	Write a natural, coherent English sentence.
927	21	The newspaper article doesn't annoy that exposed man.	The newspaper article doesn't annoy those exposed man.	-113.5	-113.5	-10.3125	-10.3125	False	False	morphology	determiner_noun_agreement	Write a natural, coherent English sentence.
928	21	Carmen noticed these gray cacti.	Carmen noticed this gray cacti.	-93.0	-93.0	-10.3125	-10.3125	False	False	morphology	determiner_noun_agreement	Write a natural, coherent English sentence.
929	21	Teresa approaches this upset man.	Teresa approaches these upset man.	-72.0	-72.0	-10.3125	-10.3125	False	False	morphology	determiner_noun_agreement	Write a natural, coherent English sentence.
930	21	April was revealing this hidden woman.	April was revealing these hidden woman.	-72.5	-72.5	-10.3125	-10.3125	False	False	morphology	determiner_noun_agreement	Write a natural, coherent English sentence.
931	21	Michael has loved these scared men.	Michael has loved this scared men.	-73.0	-72.5	-10.375	-10.375	False	False	morphology	determiner_noun_agreement	Write a natural, coherent English sentence.
932	21	Joseph hadn't bought those hard lice.	Joseph hadn't bought that hard lice.	-103.5	-103.5	-10.3125	-10.3125	False	False	morphology	determiner_noun_agreement	Write a natural, coherent English sentence.
933	21	Larry did drive to this out in the open oasis.	Larry did drive to these out in the open oasis.	-124.0	-124.0	-10.3125	-10.3125	False	False	morphology	determiner_noun_agreement	Write a natural, coherent English sentence.
934	21	Lisa hasn't driven to that new oasis.	Lisa hasn't driven to those new oasis.	-113.0	-113.0	-10.3125	-10.3125	False	False	morphology	determiner_noun_agreement	Write a natural, coherent English sentence.
935	21	Steve scanned this good synopsis.	Steve scanned these good synopsis.	-82.5	-82.5	-10.3125	-10.3125	False	False	morphology	determiner_noun_agreement	Write a natural, coherent English sentence.
936	21	The Lutherans care for those hopeful men.	The Lutherans care for that hopeful men.	-103.0	-103.0	-10.3125	-10.3125	False	False	morphology	determiner_noun_agreement	Write a natural, coherent English sentence.
937	21	Christine bikes to these orange oases.	Christine bikes to this orange oases.	-103.0	-103.0	-10.3125	-10.3125	False	False	morphology	determiner_noun_agreement	Write a natural, coherent English sentence.
938	21	Most actors distracted this popular woman.	Most actors distracted these popular woman.	-83.0	-83.0	-10.375	-10.375	False	False	morphology	determiner_noun_agreement	Write a natural, coherent English sentence.
939	21	Emily should observe those displeased men.	Emily should observe that displeased men.	-93.0	-93.0	-10.3125	-10.3125	False	False	morphology	determiner_noun_agreement	Write a natural, coherent English sentence.
940	21	The drivers do sell this green thesis.	The drivers do sell these green thesis.	-83.0	-83.0	-10.375	-10.375	False	False	morphology	determiner_noun_agreement	Write a natural, coherent English sentence.
941	21	Most drivers love these unemployed men.	Most drivers love this unemployed men.	-82.5	-82.5	-10.3125	-10.3125	False	False	morphology	determiner_noun_agreement	Write a natural, coherent English sentence.
942	21	Those doctors care for this hopeful man.	Those doctors care for these hopeful man.	-92.5	-92.5	-10.25	-10.25	False	False	morphology	determiner_noun_agreement	Write a natural, coherent English sentence.
943	21	Brad kisses that displeased man.	Brad kisses those displeased man.	-93.0	-92.5	-10.3125	-10.3125	False	False	morphology	determiner_noun_agreement	Write a natural, coherent English sentence.
944	21	Danielle had argued about those troubled men.	Danielle had argued about that troubled men.	-102.5	-103.0	-10.25	-10.25	True	False	morphology	determiner_noun_agreement	Write a natural, coherent English sentence.
945	21	An actor is disgusting those unsure men.	An actor is disgusting that unsure men.	-103.0	-103.5	-10.3125	-10.3125	True	False	morphology	determiner_noun_agreement	Write a natural, coherent English sentence.
946	21	Galileo didn't hurt those displeased children.	Galileo didn't hurt that displeased children.	-134.0	-134.0	-10.3125	-10.25	False	False	morphology	determiner_noun_agreement	Write a natural, coherent English sentence.
947	21	Omar messed up these small teeth.	Omar messed up this small teeth.	-92.5	-92.5	-10.25	-10.25	False	False	morphology	determiner_noun_agreement	Write a natural, coherent English sentence.
948	21	Carmen will watch this smart person.	Carmen will watch these smart person.	-82.5	-82.5	-10.3125	-10.3125	False	False	morphology	determiner_noun_agreement	Write a natural, coherent English sentence.
949	21	Jeffrey hid that unlucky child.	Jeffrey hid those unlucky child.	-92.0	-92.0	-10.25	-10.25	False	False	morphology	determiner_noun_agreement	Write a natural, coherent English sentence.
950	21	Every plane bothers this upset child.	Every plane bothers these upset child.	-82.0	-82.0	-10.25	-10.25	False	False	morphology	determiner_noun_agreement	Write a natural, coherent English sentence.
951	21	A lot of hospitals have those blue teeth.	A lot of hospitals have that blue teeth.	-92.5	-93.0	-10.3125	-10.3125	True	False	morphology	determiner_noun_agreement	Write a natural, coherent English sentence.
952	21	Nancy wasn't disturbing that clever man.	Nancy wasn't disturbing those clever man.	-103.0	-103.0	-10.3125	-10.3125	False	False	morphology	determiner_noun_agreement	Write a natural, coherent English sentence.
953	21	These ladies bought that white tooth.	These ladies bought those white tooth.	-72.5	-72.5	-10.3125	-10.3125	False	False	morphology	determiner_noun_agreement	Write a natural, coherent English sentence.
954	21	Every skirt annoys that confident person.	Every skirt annoys those confident person.	-93.0	-93.0	-10.3125	-10.375	False	True	morphology	determiner_noun_agreement	Write a natural, coherent English sentence.
955	21	These actors weren't biking to these red oases.	These actors weren't biking to this red oases.	-134.0	-134.0	-10.3125	-10.3125	False	False	morphology	determiner_noun_agreement	Write a natural, coherent English sentence.
956	21	Carmen has described those confident people.	Carmen has described that confident people.	-83.0	-83.0	-10.375	-10.375	False	False	morphology	determiner_noun_agreement	Write a natural, coherent English sentence.
957	21	All legislatures criticize that brown oasis.	All legislatures criticize those brown oasis.	-103.0	-103.0	-10.3125	-10.3125	False	False	morphology	determiner_noun_agreement	Write a natural, coherent English sentence.
958	21	Paula works with that clever person.	Paula works with those clever person.	-82.5	-83.0	-10.3125	-10.375	True	True	morphology	determiner_noun_agreement	Write a natural, coherent English sentence.
959	21	Benjamin respects those confident children.	Benjamin respects that confident children.	-72.5	-73.0	-10.375	-10.375	True	False	morphology	determiner_noun_agreement	Write a natural, coherent English sentence.
960	21	Mitchell attacked these unsure alumni.	Mitchell attacked this unsure alumni.	-93.0	-93.0	-10.3125	-10.3125	False	False	morphology	determiner_noun_agreement	Write a natural, coherent English sentence.
961	21	The Lutherans hadn't cleaned these broken teeth.	The Lutherans hadn't cleaned this broken teeth.	-113.5	-113.5	-10.3125	-10.3125	False	False	morphology	determiner_noun_agreement	Write a natural, coherent English sentence.
962	21	A lot of children observe that young child.	A lot of children observe those young child.	-92.5	-92.5	-10.25	-10.3125	False	True	morphology	determiner_noun_agreement	Write a natural, coherent English sentence.
963	21	Gary hadn't sounded like this out in the open oasis.	Gary hadn't sounded like these out in the open oasis.	-144.0	-144.0	-10.3125	-10.3125	False	False	morphology	determiner_noun_agreement	Write a natural, coherent English sentence.
964	21	That fish annoyed this serious alumnus.	That fish annoyed these serious alumnus.	-102.5	-102.5	-10.25	-10.25	False	False	morphology	determiner_noun_agreement	Write a natural, coherent English sentence.
965	21	Spotlights worry those standing people.	Spotlights worry that standing people.	-72.0	-72.5	-10.3125	-10.3125	True	False	morphology	determiner_noun_agreement	Write a natural, coherent English sentence.
966	21	Rodney returned to these content alumni.	Rodney returned to this content alumni.	-103.0	-102.5	-10.25	-10.25	False	False	morphology	determiner_noun_agreement	Write a natural, coherent English sentence.
967	21	Bruce references this unemployed child.	Bruce references these unemployed child.	-72.0	-72.0	-10.3125	-10.3125	False	False	morphology	determiner_noun_agreement	Write a natural, coherent English sentence.
968	21	Many museums criticize this bad analysis.	Many museums criticize these bad analysis.	-92.5	-92.5	-10.25	-10.25	False	False	morphology	determiner_noun_agreement	Write a natural, coherent English sentence.
969	21	Danielle knows that concealed man.	Danielle knows those concealed man.	-82.5	-82.5	-10.3125	-10.3125	False	False	morphology	determiner_noun_agreement	Write a natural, coherent English sentence.
970	21	Katherine sells that smooth oasis.	Katherine sells those smooth oasis.	-92.5	-92.5	-10.3125	-10.25	False	False	morphology	determiner_noun_agreement	Write a natural, coherent English sentence.
971	21	Meredith hadn't scared these clever people.	Meredith hadn't scared this clever people.	-113.5	-113.5	-10.3125	-10.3125	False	False	morphology	determiner_noun_agreement	Write a natural, coherent English sentence.
972	21	Walter biked to these gray oases.	Walter biked to this gray oases.	-103.5	-103.5	-10.375	-10.375	False	False	morphology	determiner_noun_agreement	Write a natural, coherent English sentence.
973	21	Phillip has investigated this unemployed man.	Phillip has investigated these unemployed man.	-92.5	-92.5	-10.25	-10.25	False	False	morphology	determiner_noun_agreement	Write a natural, coherent English sentence.
974	21	Alice knows that ill woman.	Alice knows those ill woman.	-62.0	-62.25	-10.375	-10.375	True	False	morphology	determiner_noun_agreement	Write a natural, coherent English sentence.
975	21	Daniel bothered that unemployed alumnus.	Daniel bothered those unemployed alumnus.	-92.5	-92.5	-10.25	-10.25	False	False	morphology	determiner_noun_agreement	Write a natural, coherent English sentence.
976	21	Some children notice this black thesis.	Some children notice these black thesis.	-72.0	-72.5	-10.3125	-10.3125	True	False	morphology	determiner_noun_agreement	Write a natural, coherent English sentence.
977	21	George has alarmed these unemployed children.	George has alarmed this unemployed children.	-92.5	-92.5	-10.25	-10.25	False	False	morphology	determiner_noun_agreement	Write a natural, coherent English sentence.
978	21	Sarah won't drive to this concealed oasis.	Sarah won't drive to these concealed oasis.	-124.0	-124.0	-10.3125	-10.3125	False	False	morphology	determiner_noun_agreement	Write a natural, coherent English sentence.
979	21	Grace arrived at those small oases.	Grace arrived at that small oases.	-82.5	-82.5	-10.3125	-10.3125	False	False	morphology	determiner_noun_agreement	Write a natural, coherent English sentence.
980	21	David kisses that lucky man.	David kisses those lucky man.	-72.0	-72.0	-10.25	-10.25	False	False	morphology	determiner_noun_agreement	Write a natural, coherent English sentence.
981	21	Laura isn't lifting this smooth axis.	Laura isn't lifting these smooth axis.	-93.5	-93.5	-10.375	-10.375	False	False	morphology	determiner_noun_agreement	Write a natural, coherent English sentence.
982	21	Mark embarrassed these confident children.	Mark embarrassed this confident children.	-62.0	-62.25	-10.375	-10.375	True	False	morphology	determiner_noun_agreement	Write a natural, coherent English sentence.
983	21	Patients bothers this employed man.	Patients bothers these employed man.	-82.5	-82.5	-10.3125	-10.3125	False	False	morphology	determiner_noun_agreement	Write a natural, coherent English sentence.
984	21	Christopher has criticized this bad synopsis.	Christopher has criticized these bad synopsis.	-92.5	-92.5	-10.25	-10.3125	False	True	morphology	determiner_noun_agreement	Write a natural, coherent English sentence.
985	21	Todd hadn't gone to this cheap oasis.	Todd hadn't gone to these cheap oasis.	-113.5	-113.5	-10.3125	-10.3125	False	False	morphology	determiner_noun_agreement	Write a natural, coherent English sentence.
986	21	Becca does investigate this lucky alumnus.	Becca does investigate these lucky alumnus.	-103.0	-103.0	-10.3125	-10.3125	False	False	morphology	determiner_noun_agreement	Write a natural, coherent English sentence.
987	21	Sabrina visits those fast women.	Sabrina visits that fast women.	-82.5	-82.5	-10.3125	-10.3125	False	False	morphology	determiner_noun_agreement	Write a natural, coherent English sentence.
988	21	Janet knew those unconvinced children.	Janet knew that unconvinced children.	-103.5	-103.0	-10.3125	-10.3125	False	False	morphology	determiner_noun_agreement	Write a natural, coherent English sentence.
989	21	Christine hated this young man.	Christine hated these young man.	-72.5	-72.5	-10.3125	-10.375	False	True	morphology	determiner_noun_agreement	Write a natural, coherent English sentence.
990	21	Chad hadn't complained about these big oases.	Chad hadn't complained about this big oases.	-123.5	-123.5	-10.3125	-10.25	False	False	morphology	determiner_noun_agreement	Write a natural, coherent English sentence.
991	21	Many bikes stun that nice man.	Many bikes stun those nice man.	-93.5	-93.5	-10.375	-10.375	False	False	morphology	determiner_noun_agreement	Write a natural, coherent English sentence.
992	21	William hasn't investigated these fast men.	William hasn't investigated this fast men.	-93.0	-93.0	-10.375	-10.375	False	False	morphology	determiner_noun_agreement	Write a natural, coherent English sentence.
993	21	Kristin couldn't research these smooth oases.	Kristin couldn't research this smooth oases.	-113.5	-113.5	-10.3125	-10.3125	False	False	morphology	determiner_noun_agreement	Write a natural, coherent English sentence.
994	21	Travis arrives at these old oases.	Travis arrives at this old oases.	-93.0	-93.0	-10.3125	-10.3125	False	False	morphology	determiner_noun_agreement	Write a natural, coherent English sentence.
995	21	Many boys drive to this yellow oasis.	Many boys drive to these yellow oasis.	-93.0	-93.0	-10.3125	-10.3125	False	False	morphology	determiner_noun_agreement	Write a natural, coherent English sentence.
996	21	Danielle won't heal those unlucky people.	Danielle won't heal that unlucky people.	-123.5	-123.5	-10.25	-10.3125	False	True	morphology	determiner_noun_agreement	Write a natural, coherent English sentence.
997	21	Sabrina wouldn't go to that new oasis.	Sabrina wouldn't go to those new oasis.	-134.0	-134.0	-10.25	-10.25	False	False	morphology	determiner_noun_agreement	Write a natural, coherent English sentence.
998	21	This movie theater annoys these lucky alumni.	This movie theater annoys this lucky alumni.	-123.5	-123.5	-10.25	-10.25	False	False	morphology	determiner_noun_agreement	Write a natural, coherent English sentence.
999	21	Stacy doesn't appreciate that out in the open woman.	Stacy doesn't appreciate those out in the open woman.	-134.0	-134.0	-10.3125	-10.3125	False	False	morphology	determiner_noun_agreement	Write a natural, coherent English sentence.
0	22	Alexander didn't walk through that new oasis.	Alexander didn't walk through those new oasis.	-112.5	-112.5	-10.25	-10.25	False	False	morphology	determiner_noun_agreement	Write a natural, coherent English sentence.
1	22	This hair irritates these old alumni.	This hair irritates this old alumni.	-102.5	-102.5	-10.25	-10.25	False	False	morphology	determiner_noun_agreement	Write a natural, coherent English sentence.
2	22	Winston Churchill was escaping from this serious person.	Winston Churchill was escaping from these serious person.	-123.0	-123.0	-10.25	-10.25	False	False	morphology	determiner_noun_agreement	Write a natural, coherent English sentence.
3	22	Anna walks through these purple oases.	Anna walks through this purple oases.	-82.0	-82.0	-10.25	-10.25	False	False	morphology	determiner_noun_agreement	Write a natural, coherent English sentence.
4	22	Alicia sounded like this good analysis.	Alicia sounded like these good analysis.	-92.5	-92.5	-10.3125	-10.3125	False	False	morphology	determiner_noun_agreement	Write a natural, coherent English sentence.
5	22	Jeffrey might complain about this gray thesis.	Jeffrey might complain about these gray thesis.	-91.5	-92.0	-10.1875	-10.1875	True	False	morphology	determiner_noun_agreement	Write a natural, coherent English sentence.
6	22	Meredith approaches these concealed women.	Meredith approaches this concealed women.	-93.0	-92.5	-10.3125	-10.3125	False	False	morphology	determiner_noun_agreement	Write a natural, coherent English sentence.
7	22	Julia questioned those small children.	Julia questioned that small children.	-62.25	-62.25	-10.375	-10.375	False	False	morphology	determiner_noun_agreement	Write a natural, coherent English sentence.
8	22	That adult has brought that purple octopus.	That adult has brought those purple octopus.	-102.5	-102.5	-10.25	-10.25	False	False	morphology	determiner_noun_agreement	Write a natural, coherent English sentence.
9	22	The people hug this displeased woman.	The people hug these displeased woman.	-92.5	-93.0	-10.25	-10.3125	True	True	morphology	determiner_noun_agreement	Write a natural, coherent English sentence.
10	22	That beef did bore these displeased people.	That beef did bore this displeased people.	-103.5	-103.0	-10.3125	-10.3125	False	False	morphology	determiner_noun_agreement	Write a natural, coherent English sentence.
11	22	These libraries talk about these long synopses.	These libraries talk about this long synopses.	-102.5	-102.5	-10.25	-10.25	False	False	morphology	determiner_noun_agreement	Write a natural, coherent English sentence.
12	22	Lori wasn't hiring those delighted men.	Lori wasn't hiring that delighted men.	-103.5	-103.5	-10.375	-10.375	False	False	morphology	determiner_noun_agreement	Write a natural, coherent English sentence.
13	22	The teachers are running around this concealed oasis.	The teachers are running around these concealed oasis.	-113.0	-113.0	-10.25	-10.25	False	False	morphology	determiner_noun_agreement	Write a natural, coherent English sentence.
14	22	Those bananas embarrass these delighted people.	Those bananas embarrass this delighted people.	-82.0	-82.0	-10.25	-10.25	False	False	morphology	determiner_noun_agreement	Write a natural, coherent English sentence.
15	22	Mitchell brought those green oases.	Mitchell brought that green oases.	-72.0	-72.0	-10.3125	-10.3125	False	False	morphology	determiner_noun_agreement	Write a natural, coherent English sentence.
16	22	The actresses complain about this rough thesis.	The actresses complain about these rough thesis.	-92.0	-92.0	-10.25	-10.25	False	False	morphology	determiner_noun_agreement	Write a natural, coherent English sentence.
17	22	Russell investigates these fast women.	Russell investigates this fast women.	-72.0	-72.5	-10.3125	-10.3125	True	False	morphology	determiner_noun_agreement	Write a natural, coherent English sentence.
18	22	Irene praised those bad synopses.	Irene praised that bad synopses.	-92.5	-93.0	-10.3125	-10.3125	True	False	morphology	determiner_noun_agreement	Write a natural, coherent English sentence.
19	22	Denise did confuse that important woman.	Denise did confuse those important woman.	-92.0	-92.5	-10.25	-10.25	True	False	morphology	determiner_noun_agreement	Write a natural, coherent English sentence.
20	22	Some patients dislike those nice women.	Some patients dislike that nice women.	-82.5	-82.5	-10.3125	-10.3125	False	False	morphology	determiner_noun_agreement	Write a natural, coherent English sentence.
21	22	Amelia wasn't observing this hopeful man.	Amelia wasn't observing these hopeful man.	-122.5	-123.0	-10.25	-10.25	True	False	morphology	determiner_noun_agreement	Write a natural, coherent English sentence.
22	22	Grace is hugging these popular women.	Grace is hugging this popular women.	-82.0	-82.0	-10.25	-10.25	False	False	morphology	determiner_noun_agreement	Write a natural, coherent English sentence.
23	22	Julia might describe this long synopsis.	Julia might describe these long synopsis.	-82.5	-82.5	-10.3125	-10.3125	False	False	morphology	determiner_noun_agreement	Write a natural, coherent English sentence.
24	22	Many pedestrians do return to these happy men.	Many pedestrians do return to this happy men.	-113.5	-113.5	-10.3125	-10.3125	False	False	morphology	determiner_noun_agreement	Write a natural, coherent English sentence.
25	22	Laura noticed that determined man.	Laura noticed those determined man.	-62.0	-62.25	-10.3125	-10.375	True	True	morphology	determiner_noun_agreement	Write a natural, coherent English sentence.
26	22	Julie would pass those red oases.	Julie would pass that red oases.	-82.5	-82.5	-10.3125	-10.3125	False	False	morphology	determiner_noun_agreement	Write a natural, coherent English sentence.
27	22	These doctors boast about this out in the open child.	These doctors boast about these out in the open child.	-123.0	-123.0	-10.25	-10.25	False	False	morphology	determiner_noun_agreement	Write a natural, coherent English sentence.
28	22	Stephen isn't revealing this brown nucleus.	Stephen isn't revealing these brown nucleus.	-103.0	-103.0	-10.3125	-10.3125	False	False	morphology	determiner_noun_agreement	Write a natural, coherent English sentence.
29	22	Travel stuns that sick child.	Travel stuns those sick child.	-72.5	-72.5	-10.375	-10.375	False	False	morphology	determiner_noun_agreement	Write a natural, coherent English sentence.
30	22	Amelia healed that unemployed woman.	Amelia healed those unemployed woman.	-92.0	-92.0	-10.25	-10.25	False	False	morphology	determiner_noun_agreement	Write a natural, coherent English sentence.
31	22	Noah attacks that ill child.	Noah attacks those ill child.	-62.0	-62.0	-10.3125	-10.3125	False	False	morphology	determiner_noun_agreement	Write a natural, coherent English sentence.
32	22	Randolf buys those gray fungi.	Randolf buys that gray fungi.	-93.0	-93.0	-10.3125	-10.3125	False	False	morphology	determiner_noun_agreement	Write a natural, coherent English sentence.
33	22	Some pedestrians disagreed with this big woman.	Some pedestrians disagreed with these big woman.	-113.0	-113.5	-10.3125	-10.3125	True	False	morphology	determiner_noun_agreement	Write a natural, coherent English sentence.
34	22	Adam might sound like these determined children.	Adam might sound like this determined children.	-83.0	-83.0	-10.375	-10.375	False	False	morphology	determiner_noun_agreement	Write a natural, coherent English sentence.
35	22	Bill has stunned this confident man.	Bill has stunned these confident man.	-82.5	-83.0	-10.3125	-10.375	True	True	morphology	determiner_noun_agreement	Write a natural, coherent English sentence.
36	22	Rhonda should see these blue oases.	Rhonda should see this blue oases.	-92.5	-92.5	-10.3125	-10.3125	False	False	morphology	determiner_noun_agreement	Write a natural, coherent English sentence.
37	22	Stephen cares for that out in the open alumnus.	Stephen cares for those out in the open alumnus.	-123.5	-123.0	-10.3125	-10.25	False	False	morphology	determiner_noun_agreement	Write a natural, coherent English sentence.
38	22	Cheryl has bought this green oasis.	Cheryl has bought these green oasis.	-92.0	-92.0	-10.25	-10.25	False	False	morphology	determiner_noun_agreement	Write a natural, coherent English sentence.
39	22	Every door annoyed this lucky child.	Every door annoyed these lucky child.	-82.5	-82.5	-10.3125	-10.3125	False	False	morphology	determiner_noun_agreement	Write a natural, coherent English sentence.
40	22	Gerald cures that unlucky child.	Gerald cures those unlucky child.	-102.5	-102.5	-10.25	-10.25	False	False	morphology	determiner_noun_agreement	Write a natural, coherent English sentence.
41	22	Eyes weren't worrying this troubled child.	Eyes weren't worrying these troubled child.	-113.0	-113.0	-10.3125	-10.3125	False	False	morphology	determiner_noun_agreement	Write a natural, coherent English sentence.
42	22	Michael isn't referencing this long synopsis.	Michael isn't referencing these long synopsis.	-113.0	-113.0	-10.25	-10.25	False	False	morphology	determiner_noun_agreement	Write a natural, coherent English sentence.
43	22	Robert insults this serious man.	Robert insults these serious man.	-72.0	-72.0	-10.3125	-10.25	False	False	morphology	determiner_noun_agreement	Write a natural, coherent English sentence.
44	22	Waitresses describe that smart alumnus.	Waitresses describe those smart alumnus.	-102.0	-102.0	-10.1875	-10.25	False	True	morphology	determiner_noun_agreement	Write a natural, coherent English sentence.
45	22	Dan doesn't respect this unemployed alumnus.	Dan doesn't respect these unemployed alumnus.	-123.0	-123.0	-10.25	-10.25	False	False	morphology	determiner_noun_agreement	Write a natural, coherent English sentence.
46	22	Eric has upset those scared people.	Eric has upset that scared people.	-72.5	-72.5	-10.375	-10.375	False	False	morphology	determiner_noun_agreement	Write a natural, coherent English sentence.
47	22	Sabrina was biking to this exposed oasis.	Sabrina was biking to these exposed oasis.	-123.0	-123.0	-10.25	-10.25	False	False	morphology	determiner_noun_agreement	Write a natural, coherent English sentence.
48	22	Edward can't think about these exposed mice.	Edward can't think about this exposed mice.	-113.5	-113.5	-10.3125	-10.3125	False	False	morphology	determiner_noun_agreement	Write a natural, coherent English sentence.
49	22	Phillip listened to this standing alumnus.	Phillip listened to these standing alumnus.	-103.0	-103.0	-10.25	-10.25	False	False	morphology	determiner_noun_agreement	Write a natural, coherent English sentence.
50	22	Those men skate around this small oasis.	Those men skate around these small oasis.	-103.0	-103.0	-10.25	-10.25	False	False	morphology	determiner_noun_agreement	Write a natural, coherent English sentence.
51	22	Rhonda could think about those content children.	Rhonda could think about that content children.	-93.0	-92.5	-10.3125	-10.3125	False	False	morphology	determiner_noun_agreement	Write a natural, coherent English sentence.
52	22	Melissa had remembered that unsure person.	Melissa had remembered those unsure person.	-92.5	-92.5	-10.25	-10.3125	False	True	morphology	determiner_noun_agreement	Write a natural, coherent English sentence.
53	22	The students talk about this upset person.	The students talk about these upset person.	-82.0	-82.0	-10.25	-10.25	False	False	morphology	determiner_noun_agreement	Write a natural, coherent English sentence.
54	22	Leslie insults those upset alumni.	Leslie insults that upset alumni.	-102.0	-102.0	-10.1875	-10.1875	False	False	morphology	determiner_noun_agreement	Write a natural, coherent English sentence.
55	22	Hats distract this ill man.	Hats distract these ill man.	-72.0	-72.0	-10.3125	-10.3125	False	False	morphology	determiner_noun_agreement	Write a natural, coherent English sentence.
56	22	Dawn sounded like this determined child.	Dawn sounded like these determined child.	-82.0	-82.0	-10.25	-10.25	False	False	morphology	determiner_noun_agreement	Write a natural, coherent English sentence.
57	22	Carl had run around that brown oasis.	Carl had run around those brown oasis.	-92.5	-92.5	-10.25	-10.25	False	False	morphology	determiner_noun_agreement	Write a natural, coherent English sentence.
58	22	Anna criticizes these concealed children.	Anna criticizes this concealed children.	-82.5	-82.5	-10.3125	-10.3125	False	False	morphology	determiner_noun_agreement	Write a natural, coherent English sentence.
59	22	The waiter might criticize that unemployed man.	The waiter might criticize those unemployed man.	-112.5	-112.5	-10.25	-10.25	False	False	morphology	determiner_noun_agreement	Write a natural, coherent English sentence.
60	22	Tracy was investigating this troubled alumnus.	Tracy was investigating these troubled alumnus.	-123.0	-122.5	-10.25	-10.1875	False	False	morphology	determiner_noun_agreement	Write a natural, coherent English sentence.
61	22	These newspaper articles astound this clever child.	These newspaper articles astound these clever child.	-92.0	-92.0	-10.25	-10.25	False	False	morphology	determiner_noun_agreement	Write a natural, coherent English sentence.
62	22	Dana hadn't attacked this small man.	Dana hadn't attacked these small man.	-103.0	-103.0	-10.3125	-10.3125	False	False	morphology	determiner_noun_agreement	Write a natural, coherent English sentence.
63	22	Curtis wasn't breaking those hard teeth.	Curtis wasn't breaking that hard teeth.	-103.0	-103.0	-10.3125	-10.3125	False	False	morphology	determiner_noun_agreement	Write a natural, coherent English sentence.
64	22	All customers attack this employed alumnus.	All customers attack these employed alumnus.	-92.5	-92.5	-10.25	-10.3125	False	True	morphology	determiner_noun_agreement	Write a natural, coherent English sentence.
65	22	Most ladies go to those purple oases.	Most ladies go to that purple oases.	-93.5	-93.5	-10.375	-10.375	False	False	morphology	determiner_noun_agreement	Write a natural, coherent English sentence.
66	22	A dancer tours that blue oasis.	A dancer tours those blue oasis.	-93.0	-93.0	-10.3125	-10.3125	False	False	morphology	determiner_noun_agreement	Write a natural, coherent English sentence.
67	22	Steven irritated this unconvinced woman.	Steven irritated these unconvinced woman.	-102.5	-103.0	-10.25	-10.25	True	False	morphology	determiner_noun_agreement	Write a natural, coherent English sentence.
68	22	Tara wasn't helping that sick man.	Tara wasn't helping those sick man.	-103.0	-103.0	-10.3125	-10.3125	False	False	morphology	determiner_noun_agreement	Write a natural, coherent English sentence.
69	22	The dancers aren't cleaning that smooth fungus.	The dancers aren't cleaning those smooth fungus.	-134.0	-134.0	-10.25	-10.25	False	False	morphology	determiner_noun_agreement	Write a natural, coherent English sentence.
70	22	Melissa had talked about these white theses.	Melissa had talked about this white theses.	-102.0	-102.0	-10.1875	-10.1875	False	False	morphology	determiner_noun_agreement	Write a natural, coherent English sentence.
71	22	The man isn't watching those upset men.	The man isn't watching that upset men.	-103.0	-103.0	-10.3125	-10.3125	False	False	morphology	determiner_noun_agreement	Write a natural, coherent English sentence.
72	22	Sabrina won't worry this out in the open person.	Sabrina won't worry these out in the open person.	-144.0	-144.0	-10.3125	-10.3125	False	False	morphology	determiner_noun_agreement	Write a natural, coherent English sentence.
73	22	Every bird embarrassed these unemployed men.	Every bird embarrassed this unemployed men.	-82.0	-82.0	-10.25	-10.25	False	False	morphology	determiner_noun_agreement	Write a natural, coherent English sentence.
74	22	The Borgias drive to that small oasis.	The Borgias drive to those small oasis.	-113.0	-113.5	-10.3125	-10.3125	True	False	morphology	determiner_noun_agreement	Write a natural, coherent English sentence.
75	22	Bradley likes these brown fungi.	Bradley likes this brown fungi.	-82.0	-82.0	-10.25	-10.25	False	False	morphology	determiner_noun_agreement	Write a natural, coherent English sentence.
76	22	Most guys go to that black oasis.	Most guys go to those black oasis.	-93.0	-93.0	-10.3125	-10.3125	False	False	morphology	determiner_noun_agreement	Write a natural, coherent English sentence.
77	22	A pedestrian hadn't approached these hopeful women.	A pedestrian hadn't approached this hopeful women.	-123.0	-123.0	-10.25	-10.25	False	False	morphology	determiner_noun_agreement	Write a natural, coherent English sentence.
78	22	Some senators aren't healing this unemployed alumnus.	Some senators aren't healing these unemployed alumnus.	-143.0	-143.0	-10.25	-10.25	False	False	morphology	determiner_noun_agreement	Write a natural, coherent English sentence.
79	22	That cart wasn't stunning these exposed men.	That cart wasn't stunning this exposed men.	-103.5	-103.5	-10.375	-10.375	False	False	morphology	determiner_noun_agreement	Write a natural, coherent English sentence.
80	22	Joel can think about this smart man.	Joel can think about these smart man.	-82.5	-82.5	-10.3125	-10.3125	False	False	morphology	determiner_noun_agreement	Write a natural, coherent English sentence.
81	22	Those prints disgust those good people.	Those prints disgust that good people.	-72.0	-72.0	-10.3125	-10.3125	False	False	morphology	determiner_noun_agreement	Write a natural, coherent English sentence.
82	22	Beverly hadn't passed these yellow oases.	Beverly hadn't passed this yellow oases.	-113.0	-113.0	-10.25	-10.25	False	False	morphology	determiner_noun_agreement	Write a natural, coherent English sentence.
83	22	A lot of prints irritate this unconvinced woman.	A lot of prints irritate these unconvinced woman.	-133.0	-133.0	-10.25	-10.25	False	False	morphology	determiner_noun_agreement	Write a natural, coherent English sentence.
84	22	Many customers hire those standing alumni.	Many customers hire that standing alumni.	-93.0	-93.0	-10.3125	-10.3125	False	False	morphology	determiner_noun_agreement	Write a natural, coherent English sentence.
85	22	Some rug isn't irritating that nice woman.	Some rug isn't irritating those nice woman.	-113.5	-113.5	-10.3125	-10.3125	False	False	morphology	determiner_noun_agreement	Write a natural, coherent English sentence.
86	22	Jill embarrassed those busy men.	Jill embarrassed that busy men.	-72.5	-73.0	-10.375	-10.375	True	False	morphology	determiner_noun_agreement	Write a natural, coherent English sentence.
87	22	Most sketches could hurt this uncertain person.	Most sketches could hurt these uncertain person.	-103.0	-103.5	-10.3125	-10.3125	True	False	morphology	determiner_noun_agreement	Write a natural, coherent English sentence.
88	22	Patricia lifted those purple feet.	Patricia lifted that purple feet.	-82.0	-82.0	-10.25	-10.25	False	False	morphology	determiner_noun_agreement	Write a natural, coherent English sentence.
89	22	The girls sell this hard fungus.	The girls sell these hard fungus.	-92.5	-92.5	-10.25	-10.25	False	False	morphology	determiner_noun_agreement	Write a natural, coherent English sentence.
90	22	Nicole has seen this yellow cactus.	Nicole has seen these yellow cactus.	-92.5	-92.5	-10.25	-10.25	False	False	morphology	determiner_noun_agreement	Write a natural, coherent English sentence.
91	22	Sharon could arrive at those big oases.	Sharon could arrive at that big oases.	-102.5	-102.5	-10.25	-10.25	False	False	morphology	determiner_noun_agreement	Write a natural, coherent English sentence.
92	22	This cashier can fire that good woman.	This cashier can fire those good woman.	-93.0	-93.0	-10.3125	-10.3125	False	False	morphology	determiner_noun_agreement	Write a natural, coherent English sentence.
93	22	Raymond left those scared children.	Raymond left that scared children.	-62.0	-62.0	-10.3125	-10.3125	False	False	morphology	determiner_noun_agreement	Write a natural, coherent English sentence.
94	22	Noah could discuss that clever person.	Noah could discuss those clever person.	-72.5	-72.5	-10.375	-10.375	False	False	morphology	determiner_noun_agreement	Write a natural, coherent English sentence.
95	22	Rachelle knew that concealed woman.	Rachelle knew those concealed woman.	-82.0	-82.5	-10.25	-10.3125	True	True	morphology	determiner_noun_agreement	Write a natural, coherent English sentence.
96	22	Dawn hasn't cured those gray oxen.	Dawn hasn't cured that gray oxen.	-122.5	-123.0	-10.25	-10.25	True	False	morphology	determiner_noun_agreement	Write a natural, coherent English sentence.
97	22	The Great Lakes haven't disgusted those out in the open people.	The Great Lakes haven't disgusted that out in the open people.	-165.0	-165.0	-10.3125	-10.3125	False	False	morphology	determiner_noun_agreement	Write a natural, coherent English sentence.
98	22	Wayne doesn't exit those cheap oases.	Wayne doesn't exit that cheap oases.	-103.0	-103.0	-10.3125	-10.3125	False	False	morphology	determiner_noun_agreement	Write a natural, coherent English sentence.
99	22	These waitresses haven't astounded this fast woman.	These waitresses haven't astounded these fast woman.	-142.0	-142.0	-10.1875	-10.1875	False	False	morphology	determiner_noun_agreement	Write a natural, coherent English sentence.
100	22	Patrick hasn't lifted this out in the open cactus.	Patrick hasn't lifted these out in the open cactus.	-144.0	-144.0	-10.25	-10.25	False	False	morphology	determiner_noun_agreement	Write a natural, coherent English sentence.
101	22	Angela isn't embarrassing those excited children.	Angela isn't embarrassing that excited children.	-103.0	-103.0	-10.25	-10.3125	False	True	morphology	determiner_noun_agreement	Write a natural, coherent English sentence.
102	22	Jennifer hasn't criticized this smart man.	Jennifer hasn't criticized these smart man.	-103.0	-103.0	-10.25	-10.3125	False	True	morphology	determiner_noun_agreement	Write a natural, coherent English sentence.
103	22	April watched this big person.	April watched these big person.	-62.25	-62.25	-10.375	-10.375	False	False	morphology	determiner_noun_agreement	Write a natural, coherent English sentence.
104	22	Candice hadn't bothered that serious alumnus.	Candice hadn't bothered those serious alumnus.	-123.0	-122.5	-10.25	-10.25	False	False	morphology	determiner_noun_agreement	Write a natural, coherent English sentence.
105	22	The Clintons observe those happy women.	The Clintons observe that happy women.	-93.0	-93.0	-10.3125	-10.3125	False	False	morphology	determiner_noun_agreement	Write a natural, coherent English sentence.
106	22	The Clintons observe this excited man.	The Clintons observe these excited man.	-93.0	-93.0	-10.3125	-10.3125	False	False	morphology	determiner_noun_agreement	Write a natural, coherent English sentence.
107	22	Associations were listening to that unlucky child.	Associations were listening to those unlucky child.	-113.0	-113.0	-10.25	-10.25	False	False	morphology	determiner_noun_agreement	Write a natural, coherent English sentence.
108	22	Those committees discussed that busy woman.	Those committees discussed those busy woman.	-92.5	-92.5	-10.25	-10.25	False	False	morphology	determiner_noun_agreement	Write a natural, coherent English sentence.
109	22	Debra isn't discussing that good analysis.	Debra isn't discussing those good analysis.	-103.0	-103.0	-10.3125	-10.3125	False	False	morphology	determiner_noun_agreement	Write a natural, coherent English sentence.
110	22	The drawing distracts this lucky woman.	The drawing distracts these lucky woman.	-82.5	-82.5	-10.3125	-10.3125	False	False	morphology	determiner_noun_agreement	Write a natural, coherent English sentence.
111	22	Holly couldn't dislike this exposed child.	Holly couldn't dislike these exposed child.	-103.0	-103.0	-10.3125	-10.3125	False	False	morphology	determiner_noun_agreement	Write a natural, coherent English sentence.
112	22	Angela examines that good synopsis.	Angela examines those good synopsis.	-82.5	-82.5	-10.3125	-10.3125	False	False	morphology	determiner_noun_agreement	Write a natural, coherent English sentence.
113	22	These skateboards aggravate that lucky woman.	These skateboards aggravate those lucky woman.	-112.5	-112.5	-10.25	-10.25	False	False	morphology	determiner_noun_agreement	Write a natural, coherent English sentence.
114	22	Some play alarms those small women.	Some play alarms that small women.	-83.0	-83.0	-10.375	-10.375	False	False	morphology	determiner_noun_agreement	Write a natural, coherent English sentence.
115	22	Students investigate these nice men.	Students investigate this nice men.	-62.25	-62.0	-10.375	-10.375	False	False	morphology	determiner_noun_agreement	Write a natural, coherent English sentence.
116	22	Tanya wasn't shocking that busy child.	Tanya wasn't shocking those busy child.	-113.5	-113.5	-10.3125	-10.3125	False	False	morphology	determiner_noun_agreement	Write a natural, coherent English sentence.
117	22	Brett has boasted about this nice person.	Brett has boasted about these nice person.	-102.5	-102.5	-10.25	-10.25	False	False	morphology	determiner_noun_agreement	Write a natural, coherent English sentence.
118	22	Jennifer described that hidden woman.	Jennifer described those hidden woman.	-62.25	-62.25	-10.375	-10.375	False	False	morphology	determiner_noun_agreement	Write a natural, coherent English sentence.
119	22	Winston Churchill passed these red oases.	Winston Churchill passed this red oases.	-102.5	-102.5	-10.25	-10.25	False	False	morphology	determiner_noun_agreement	Write a natural, coherent English sentence.
120	22	Some mirror could scare this nice woman.	Some mirror could scare these nice woman.	-93.0	-93.0	-10.3125	-10.375	False	True	morphology	determiner_noun_agreement	Write a natural, coherent English sentence.
121	22	Caroline hadn't fired that scared alumnus.	Caroline hadn't fired those scared alumnus.	-113.0	-113.0	-10.25	-10.25	False	False	morphology	determiner_noun_agreement	Write a natural, coherent English sentence.
122	22	Edward wasn't referencing that displeased woman.	Edward wasn't referencing those displeased woman.	-123.5	-123.5	-10.25	-10.25	False	False	morphology	determiner_noun_agreement	Write a natural, coherent English sentence.
123	22	Many teachers clean these cheap teeth.	Many teachers clean this cheap teeth.	-72.0	-72.5	-10.3125	-10.3125	True	False	morphology	determiner_noun_agreement	Write a natural, coherent English sentence.
124	22	Wayne might remember these new oases.	Wayne might remember this new oases.	-83.0	-83.0	-10.375	-10.375	False	False	morphology	determiner_noun_agreement	Write a natural, coherent English sentence.
125	22	Some high school alarms this determined man.	Some high school alarms these determined man.	-92.5	-93.0	-10.25	-10.3125	True	True	morphology	determiner_noun_agreement	Write a natural, coherent English sentence.
126	22	Vincent had returned to these out in the open oases.	Vincent had returned to this out in the open oases.	-123.5	-123.0	-10.25	-10.25	False	False	morphology	determiner_noun_agreement	Write a natural, coherent English sentence.
127	22	Marla hired this standing child.	Marla hired these standing child.	-72.5	-72.5	-10.375	-10.375	False	False	morphology	determiner_noun_agreement	Write a natural, coherent English sentence.
128	22	Some cucumber has upset those ill men.	Some cucumber has upset that ill men.	-103.0	-103.0	-10.25	-10.25	False	False	morphology	determiner_noun_agreement	Write a natural, coherent English sentence.
129	22	Russell hasn't kissed this content man.	Russell hasn't kissed these content man.	-92.5	-92.5	-10.3125	-10.3125	False	False	morphology	determiner_noun_agreement	Write a natural, coherent English sentence.
130	22	Guy has left this determined man.	Guy has left these determined man.	-72.0	-72.0	-10.3125	-10.3125	False	False	morphology	determiner_noun_agreement	Write a natural, coherent English sentence.
131	22	The Lutherans listen to these employed women.	The Lutherans listen to this employed women.	-93.0	-93.0	-10.3125	-10.3125	False	False	morphology	determiner_noun_agreement	Write a natural, coherent English sentence.
132	22	Candice disliked these bad analyses.	Candice disliked this bad analyses.	-102.5	-102.5	-10.25	-10.25	False	False	morphology	determiner_noun_agreement	Write a natural, coherent English sentence.
133	22	Many women heal these lost geese.	Many women heal this lost geese.	-82.5	-82.5	-10.3125	-10.3125	False	False	morphology	determiner_noun_agreement	Write a natural, coherent English sentence.
134	22	Wayne has remembered these smart people.	Wayne has remembered this smart people.	-72.5	-72.5	-10.375	-10.375	False	False	morphology	determiner_noun_agreement	Write a natural, coherent English sentence.
135	22	This teenager had dropped by these white oases.	This teenager had dropped by this white oases.	-103.0	-103.0	-10.3125	-10.3125	False	False	morphology	determiner_noun_agreement	Write a natural, coherent English sentence.
136	22	Eva has exited those smooth oases.	Eva has exited that smooth oases.	-93.0	-93.0	-10.3125	-10.3125	False	False	morphology	determiner_noun_agreement	Write a natural, coherent English sentence.
137	22	Cheryl wouldn't aggravate that bad person.	Cheryl wouldn't aggravate those bad person.	-123.0	-123.0	-10.25	-10.25	False	False	morphology	determiner_noun_agreement	Write a natural, coherent English sentence.
138	22	Katherine hadn't shocked those young children.	Katherine hadn't shocked that young children.	-103.0	-103.0	-10.3125	-10.3125	False	False	morphology	determiner_noun_agreement	Write a natural, coherent English sentence.
139	22	The student loves these troubled people.	The student loves this troubled people.	-82.5	-82.5	-10.3125	-10.3125	False	False	morphology	determiner_noun_agreement	Write a natural, coherent English sentence.
140	22	Tracy cared for those smart alumni.	Tracy cared for that smart alumni.	-103.0	-103.0	-10.3125	-10.3125	False	False	morphology	determiner_noun_agreement	Write a natural, coherent English sentence.
141	22	Guys return to these small oases.	Guys return to this small oases.	-93.0	-93.0	-10.3125	-10.3125	False	False	morphology	determiner_noun_agreement	Write a natural, coherent English sentence.
142	22	Marcus won't bike to this white oasis.	Marcus won't bike to these white oasis.	-113.0	-113.5	-10.3125	-10.3125	True	False	morphology	determiner_noun_agreement	Write a natural, coherent English sentence.
143	22	Eggplants impressed these unconvinced alumni.	Eggplants impressed this unconvinced alumni.	-144.0	-144.0	-10.25	-10.25	False	False	morphology	determiner_noun_agreement	Write a natural, coherent English sentence.
144	22	A turtle has bored those troubled children.	A turtle has bored that troubled children.	-113.0	-113.0	-10.25	-10.25	False	False	morphology	determiner_noun_agreement	Write a natural, coherent English sentence.
145	22	The adults were taking those old teeth.	The adults were taking that old teeth.	-82.5	-82.5	-10.3125	-10.3125	False	False	morphology	determiner_noun_agreement	Write a natural, coherent English sentence.
146	22	Alan wasn't returning to those blue oases.	Alan wasn't returning to that blue oases.	-113.5	-113.5	-10.3125	-10.3125	False	False	morphology	determiner_noun_agreement	Write a natural, coherent English sentence.
147	22	Theodore had lifted this rough cactus.	Theodore had lifted these rough cactus.	-102.5	-102.5	-10.25	-10.25	False	False	morphology	determiner_noun_agreement	Write a natural, coherent English sentence.
148	22	Joel isn't praising those good synopses.	Joel isn't praising that good synopses.	-123.5	-123.5	-10.3125	-10.3125	False	False	morphology	determiner_noun_agreement	Write a natural, coherent English sentence.
149	22	The pedestrian knows these standing women.	The pedestrian knows this standing women.	-82.5	-82.5	-10.3125	-10.3125	False	False	morphology	determiner_noun_agreement	Write a natural, coherent English sentence.
150	22	Some museums forget that good analysis.	Some museums forget those good analysis.	-82.0	-82.5	-10.25	-10.3125	True	True	morphology	determiner_noun_agreement	Write a natural, coherent English sentence.
151	22	The Clintons might clean that lost fungus.	The Clintons might clean those lost fungus.	-123.5	-123.5	-10.3125	-10.3125	False	False	morphology	determiner_noun_agreement	Write a natural, coherent English sentence.
152	22	Mary is bothering these out in the open children.	Mary is bothering this out in the open children.	-113.0	-113.0	-10.25	-10.3125	False	True	morphology	determiner_noun_agreement	Write a natural, coherent English sentence.
153	22	Many customers sell that lost ox.	Many customers sell those lost ox.	-72.0	-72.0	-10.3125	-10.3125	False	False	morphology	determiner_noun_agreement	Write a natural, coherent English sentence.
154	22	These waitresses praise these troubled men.	These waitresses praise this troubled men.	-101.5	-101.5	-10.1875	-10.1875	False	False	morphology	determiner_noun_agreement	Write a natural, coherent English sentence.
155	22	Many men didn't admire that nice person.	Many men didn't admire those nice person.	-113.0	-113.5	-10.3125	-10.3125	True	False	morphology	determiner_noun_agreement	Write a natural, coherent English sentence.
156	22	Jesus ran around this exposed oasis.	Jesus ran around these exposed oasis.	-82.5	-82.5	-10.3125	-10.3125	False	False	morphology	determiner_noun_agreement	Write a natural, coherent English sentence.
157	22	Many customers talk about that delighted child.	Many customers talk about those delighted child.	-82.5	-82.5	-10.3125	-10.3125	False	False	morphology	determiner_noun_agreement	Write a natural, coherent English sentence.
158	22	Drawings had disgusted this small woman.	Drawings had disgusted these small woman.	-92.5	-93.0	-10.3125	-10.3125	True	False	morphology	determiner_noun_agreement	Write a natural, coherent English sentence.
159	22	Colleen did care for that good man.	Colleen did care for those good man.	-92.5	-92.5	-10.3125	-10.25	False	False	morphology	determiner_noun_agreement	Write a natural, coherent English sentence.
160	22	Marcus admired those exposed geese.	Marcus admired that exposed geese.	-82.5	-83.0	-10.3125	-10.375	True	True	morphology	determiner_noun_agreement	Write a natural, coherent English sentence.
161	22	Randolf has noticed this clean foot.	Randolf has noticed these clean foot.	-82.5	-82.5	-10.3125	-10.3125	False	False	morphology	determiner_noun_agreement	Write a natural, coherent English sentence.
162	22	Craig could listen to that determined man.	Craig could listen to those determined man.	-83.0	-83.0	-10.375	-10.375	False	False	morphology	determiner_noun_agreement	Write a natural, coherent English sentence.
163	22	Movies stunned this small man.	Movies stunned these small man.	-82.5	-82.5	-10.3125	-10.3125	False	False	morphology	determiner_noun_agreement	Write a natural, coherent English sentence.
164	22	Timothy buys this rough ox.	Timothy buys these rough ox.	-82.0	-82.0	-10.25	-10.25	False	False	morphology	determiner_noun_agreement	Write a natural, coherent English sentence.
165	22	Some women go to those red oases.	Some women go to that red oases.	-92.5	-92.5	-10.3125	-10.3125	False	False	morphology	determiner_noun_agreement	Write a natural, coherent English sentence.
166	22	Ruth fixed this clean tooth.	Ruth fixed these clean tooth.	-62.0	-62.25	-10.375	-10.375	True	False	morphology	determiner_noun_agreement	Write a natural, coherent English sentence.
167	22	Monica is boring those clever men.	Monica is boring that clever men.	-82.5	-82.5	-10.3125	-10.3125	False	False	morphology	determiner_noun_agreement	Write a natural, coherent English sentence.
168	22	Janice knows these hidden alumni.	Janice knows this hidden alumni.	-92.0	-92.5	-10.25	-10.25	True	False	morphology	determiner_noun_agreement	Write a natural, coherent English sentence.
169	22	Spain insults this delighted alumnus.	Spain insults these delighted alumnus.	-92.0	-92.5	-10.25	-10.25	True	False	morphology	determiner_noun_agreement	Write a natural, coherent English sentence.
170	22	Some planes bore that displeased child.	Some planes bore those displeased child.	-93.0	-93.0	-10.3125	-10.3125	False	False	morphology	determiner_noun_agreement	Write a natural, coherent English sentence.
171	22	Dishes should upset these happy men.	Dishes should upset this happy men.	-82.5	-82.5	-10.3125	-10.3125	False	False	morphology	determiner_noun_agreement	Write a natural, coherent English sentence.
172	22	That painting looked like these yellow stimuli.	That painting looked like this yellow stimuli.	-92.0	-92.5	-10.25	-10.25	True	False	morphology	determiner_noun_agreement	Write a natural, coherent English sentence.
173	22	Amy shocked that content man.	Amy shocked those content man.	-62.5	-62.5	-10.4375	-10.375	False	False	morphology	determiner_noun_agreement	Write a natural, coherent English sentence.
174	22	Melinda hasn't hidden this determined woman.	Melinda hasn't hidden these determined woman.	-103.0	-103.0	-10.25	-10.25	False	False	morphology	determiner_noun_agreement	Write a natural, coherent English sentence.
175	22	Caroline did drive to this brown oasis.	Caroline did drive to these brown oasis.	-92.5	-92.5	-10.3125	-10.3125	False	False	morphology	determiner_noun_agreement	Write a natural, coherent English sentence.
176	22	That rice disturbed those smart alumni.	That rice disturbed that smart alumni.	-103.0	-103.0	-10.3125	-10.3125	False	False	morphology	determiner_noun_agreement	Write a natural, coherent English sentence.
177	22	Brian will examine these long analyses.	Brian will examine this long analyses.	-82.5	-82.5	-10.3125	-10.3125	False	False	morphology	determiner_noun_agreement	Write a natural, coherent English sentence.
178	22	Mark dislikes this uncertain child.	Mark dislikes these uncertain child.	-82.5	-82.5	-10.3125	-10.3125	False	False	morphology	determiner_noun_agreement	Write a natural, coherent English sentence.
179	22	Rose was returning to these out in the open children.	Rose was returning to this out in the open children.	-113.5	-113.5	-10.3125	-10.3125	False	False	morphology	determiner_noun_agreement	Write a natural, coherent English sentence.
180	22	The guest has fixed this red tooth.	The guest has fixed these red tooth.	-82.5	-82.5	-10.3125	-10.3125	False	False	morphology	determiner_noun_agreement	Write a natural, coherent English sentence.
181	22	Jennifer is breaking this big tooth.	Jennifer is breaking these big tooth.	-72.0	-72.0	-10.3125	-10.3125	False	False	morphology	determiner_noun_agreement	Write a natural, coherent English sentence.
182	22	Sabrina isn't referencing these red theses.	Sabrina isn't referencing this red theses.	-133.0	-133.0	-10.25	-10.25	False	False	morphology	determiner_noun_agreement	Write a natural, coherent English sentence.
183	22	Valerie hadn't exited that exposed oasis.	Valerie hadn't exited those exposed oasis.	-123.0	-123.0	-10.25	-10.25	False	False	morphology	determiner_noun_agreement	Write a natural, coherent English sentence.
184	22	Every restaurant had worried this hidden child.	Every restaurant had worried these hidden child.	-83.0	-83.0	-10.375	-10.375	False	False	morphology	determiner_noun_agreement	Write a natural, coherent English sentence.
185	22	A woman was examining those long synopses.	A woman was examining that long synopses.	-113.0	-113.0	-10.25	-10.25	False	False	morphology	determiner_noun_agreement	Write a natural, coherent English sentence.
186	22	All actresses approach that content man.	All actresses approach those content man.	-82.0	-82.0	-10.25	-10.25	False	False	morphology	determiner_noun_agreement	Write a natural, coherent English sentence.
187	22	Sarah cleaned those yellow feet.	Sarah cleaned that yellow feet.	-62.0	-62.0	-10.3125	-10.375	False	True	morphology	determiner_noun_agreement	Write a natural, coherent English sentence.
188	22	Margaret tours those black oases.	Margaret tours that black oases.	-72.5	-72.5	-10.375	-10.375	False	False	morphology	determiner_noun_agreement	Write a natural, coherent English sentence.
189	22	Rachel wasn't messing up this clean foot.	Rachel wasn't messing up these clean foot.	-113.0	-113.0	-10.25	-10.25	False	False	morphology	determiner_noun_agreement	Write a natural, coherent English sentence.
190	22	The Lutherans go to that old oasis.	The Lutherans go to those old oasis.	-103.0	-103.0	-10.3125	-10.3125	False	False	morphology	determiner_noun_agreement	Write a natural, coherent English sentence.
191	22	The lamps shock those hidden alumni.	The lamps shock that hidden alumni.	-103.0	-103.0	-10.3125	-10.3125	False	False	morphology	determiner_noun_agreement	Write a natural, coherent English sentence.
192	22	Claire conceals those small stimuli.	Claire conceals that small stimuli.	-83.0	-83.0	-10.375	-10.375	False	False	morphology	determiner_noun_agreement	Write a natural, coherent English sentence.
193	22	Most documentaries annoy that busy person.	Most documentaries annoy those busy person.	-82.0	-82.0	-10.25	-10.25	False	False	morphology	determiner_noun_agreement	Write a natural, coherent English sentence.
194	22	Pamela shouldn't return to those exposed men.	Pamela shouldn't return to that exposed men.	-113.0	-113.0	-10.25	-10.25	False	False	morphology	determiner_noun_agreement	Write a natural, coherent English sentence.
195	22	That person couldn't arrive at that purple oasis.	That person couldn't arrive at those purple oasis.	-123.0	-123.0	-10.25	-10.25	False	False	morphology	determiner_noun_agreement	Write a natural, coherent English sentence.
196	22	Alicia won't admire those big nuclei.	Alicia won't admire that big nuclei.	-134.0	-134.0	-10.3125	-10.3125	False	False	morphology	determiner_noun_agreement	Write a natural, coherent English sentence.
197	22	Curtis arrived at that red oasis.	Curtis arrived at those red oasis.	-92.0	-92.0	-10.25	-10.25	False	False	morphology	determiner_noun_agreement	Write a natural, coherent English sentence.
198	22	People investigate that smart man.	People investigate those smart man.	-62.5	-62.0	-10.375	-10.375	False	False	morphology	determiner_noun_agreement	Write a natural, coherent English sentence.
199	22	Some boys hire these content alumni.	Some boys hire this content alumni.	-93.0	-92.5	-10.3125	-10.3125	False	False	morphology	determiner_noun_agreement	Write a natural, coherent English sentence.
200	22	Leslie found these brown feet.	Leslie found this brown feet.	-71.5	-71.5	-10.25	-10.25	False	False	morphology	determiner_noun_agreement	Write a natural, coherent English sentence.
201	22	Alexander was firing that displeased woman.	Alexander was firing those displeased woman.	-93.0	-93.0	-10.3125	-10.375	False	True	morphology	determiner_noun_agreement	Write a natural, coherent English sentence.
202	22	Florence hasn't argued about those confident children.	Florence hasn't argued about that confident children.	-103.0	-103.0	-10.3125	-10.3125	False	False	morphology	determiner_noun_agreement	Write a natural, coherent English sentence.
203	22	That adult hadn't complained about that exposed man.	That adult hadn't complained about those exposed man.	-113.5	-113.5	-10.3125	-10.3125	False	False	morphology	determiner_noun_agreement	Write a natural, coherent English sentence.
204	22	Larry works with these scared women.	Larry works with this scared women.	-72.5	-72.5	-10.3125	-10.375	False	True	morphology	determiner_noun_agreement	Write a natural, coherent English sentence.
205	22	Kathleen leaves this old child.	Kathleen leaves these old child.	-72.0	-72.0	-10.25	-10.25	False	False	morphology	determiner_noun_agreement	Write a natural, coherent English sentence.
206	22	The actresses weren't watching these scared people.	The actresses weren't watching this scared people.	-113.0	-113.0	-10.3125	-10.25	False	False	morphology	determiner_noun_agreement	Write a natural, coherent English sentence.
207	22	Derek isn't escaping from these blue oases.	Derek isn't escaping from this blue oases.	-134.0	-134.0	-10.3125	-10.3125	False	False	morphology	determiner_noun_agreement	Write a natural, coherent English sentence.
208	22	Naomi isn't talking about that cheap oasis.	Naomi isn't talking about those cheap oasis.	-123.0	-123.0	-10.25	-10.25	False	False	morphology	determiner_noun_agreement	Write a natural, coherent English sentence.
209	22	These guests hate these troubled men.	These guests hate this troubled men.	-82.5	-82.5	-10.3125	-10.3125	False	False	morphology	determiner_noun_agreement	Write a natural, coherent English sentence.
210	22	Patricia wasn't hiring those small children.	Patricia wasn't hiring that small children.	-112.5	-112.5	-10.25	-10.25	False	False	morphology	determiner_noun_agreement	Write a natural, coherent English sentence.
211	22	All stairs weren't alarming that lucky woman.	All stairs weren't alarming those lucky woman.	-113.0	-113.0	-10.3125	-10.3125	False	False	morphology	determiner_noun_agreement	Write a natural, coherent English sentence.
212	22	Many drivers left that confident alumnus.	Many drivers left those confident alumnus.	-92.5	-93.0	-10.3125	-10.3125	True	False	morphology	determiner_noun_agreement	Write a natural, coherent English sentence.
213	22	Every skirt disgusts these smart children.	Every skirt disgusts this smart children.	-82.5	-82.5	-10.3125	-10.3125	False	False	morphology	determiner_noun_agreement	Write a natural, coherent English sentence.
214	22	Valerie has astounded that lost alumnus.	Valerie has astounded those lost alumnus.	-122.5	-122.5	-10.1875	-10.25	False	True	morphology	determiner_noun_agreement	Write a natural, coherent English sentence.
215	22	Sonia should describe this determined child.	Sonia should describe these determined child.	-83.0	-82.5	-10.375	-10.3125	False	False	morphology	determiner_noun_agreement	Write a natural, coherent English sentence.
216	22	A lot of lakes weren't disgusting that old person.	A lot of lakes weren't disgusting those old person.	-143.0	-143.0	-10.25	-10.25	False	False	morphology	determiner_noun_agreement	Write a natural, coherent English sentence.
217	22	Some pants hadn't aggravated that good woman.	Some pants hadn't aggravated those good woman.	-123.5	-123.5	-10.3125	-10.3125	False	False	morphology	determiner_noun_agreement	Write a natural, coherent English sentence.
218	22	Anne does return to that old woman.	Anne does return to those old woman.	-82.0	-82.5	-10.25	-10.3125	True	True	morphology	determiner_noun_agreement	Write a natural, coherent English sentence.
219	22	Alan wasn't listening to that delighted person.	Alan wasn't listening to those delighted person.	-103.0	-103.0	-10.3125	-10.3125	False	False	morphology	determiner_noun_agreement	Write a natural, coherent English sentence.
220	22	Some icicles annoy those serious alumni.	Some icicles annoy that serious alumni.	-102.5	-102.5	-10.25	-10.25	False	False	morphology	determiner_noun_agreement	Write a natural, coherent English sentence.
221	22	Many women won't scare those uncertain men.	Many women won't scare that uncertain men.	-114.0	-114.0	-10.3125	-10.3125	False	False	morphology	determiner_noun_agreement	Write a natural, coherent English sentence.
222	22	Science disgusts this unconvinced alumnus.	Science disgusts these unconvinced alumnus.	-122.5	-122.5	-10.25	-10.1875	False	False	morphology	determiner_noun_agreement	Write a natural, coherent English sentence.
223	22	Connie tours these rough oases.	Connie tours this rough oases.	-82.5	-82.5	-10.3125	-10.3125	False	False	morphology	determiner_noun_agreement	Write a natural, coherent English sentence.
224	22	Those banks were talking about this lost thesis.	Those banks were talking about these lost thesis.	-92.5	-92.5	-10.25	-10.25	False	False	morphology	determiner_noun_agreement	Write a natural, coherent English sentence.
225	22	Some prints didn't look like this rough louse.	Some prints didn't look like these rough louse.	-123.5	-123.5	-10.3125	-10.3125	False	False	morphology	determiner_noun_agreement	Write a natural, coherent English sentence.
226	22	All pedestrians like those rough theses.	All pedestrians like that rough theses.	-103.0	-103.0	-10.3125	-10.3125	False	False	morphology	determiner_noun_agreement	Write a natural, coherent English sentence.
227	22	Douglas saw that black fungus.	Douglas saw those black fungus.	-82.0	-82.5	-10.25	-10.3125	True	True	morphology	determiner_noun_agreement	Write a natural, coherent English sentence.
228	22	Sarah examined that bad analysis.	Sarah examined those bad analysis.	-62.25	-62.5	-10.375	-10.375	True	False	morphology	determiner_noun_agreement	Write a natural, coherent English sentence.
229	22	An actress researches this long thesis.	An actress researches these long thesis.	-103.0	-103.0	-10.3125	-10.3125	False	False	morphology	determiner_noun_agreement	Write a natural, coherent English sentence.
230	22	Those waitresses criticize this hidden child.	Those waitresses criticize these hidden child.	-102.0	-102.0	-10.1875	-10.1875	False	False	morphology	determiner_noun_agreement	Write a natural, coherent English sentence.
231	22	Most drivers question these upset alumni.	Most drivers question this upset alumni.	-93.0	-92.5	-10.3125	-10.3125	False	False	morphology	determiner_noun_agreement	Write a natural, coherent English sentence.
232	22	Phillip isn't working with these small women.	Phillip isn't working with this small women.	-113.0	-113.0	-10.25	-10.25	False	False	morphology	determiner_noun_agreement	Write a natural, coherent English sentence.
233	22	Jennifer can't aggravate that unlucky man.	Jennifer can't aggravate those unlucky man.	-134.0	-134.0	-10.3125	-10.3125	False	False	morphology	determiner_noun_agreement	Write a natural, coherent English sentence.
234	22	Essays confuse this good woman.	Essays confuse these good woman.	-82.5	-83.0	-10.3125	-10.375	True	True	morphology	determiner_noun_agreement	Write a natural, coherent English sentence.
235	22	Amelia has forgotten those bad analyses.	Amelia has forgotten that bad analyses.	-92.0	-92.5	-10.25	-10.25	True	False	morphology	determiner_noun_agreement	Write a natural, coherent English sentence.
236	22	Michael had explored this brown oasis.	Michael had explored these brown oasis.	-82.0	-82.0	-10.25	-10.25	False	False	morphology	determiner_noun_agreement	Write a natural, coherent English sentence.
237	22	Natalie can aggravate those smart men.	Natalie can aggravate that smart men.	-102.0	-102.5	-10.1875	-10.25	True	True	morphology	determiner_noun_agreement	Write a natural, coherent English sentence.
238	22	That patient won't go to these cheap oases.	That patient won't go to this cheap oases.	-124.0	-124.0	-10.3125	-10.3125	False	False	morphology	determiner_noun_agreement	Write a natural, coherent English sentence.
239	22	Heidi had discovered those black feet.	Heidi had discovered that black feet.	-82.5	-82.0	-10.3125	-10.25	False	False	morphology	determiner_noun_agreement	Write a natural, coherent English sentence.
240	22	David hadn't watched those determined men.	David hadn't watched that determined men.	-93.0	-93.0	-10.3125	-10.3125	False	False	morphology	determiner_noun_agreement	Write a natural, coherent English sentence.
241	22	Some teenager couldn't walk through these green oases.	Some teenager couldn't walk through this green oases.	-123.5	-123.5	-10.25	-10.25	False	False	morphology	determiner_noun_agreement	Write a natural, coherent English sentence.
242	22	Christina shouldn't sell this hard oasis.	Christina shouldn't sell these hard oasis.	-112.5	-112.5	-10.1875	-10.1875	False	False	morphology	determiner_noun_agreement	Write a natural, coherent English sentence.
243	22	Christopher isn't firing those sick men.	Christopher isn't firing that sick men.	-93.0	-93.0	-10.3125	-10.3125	False	False	morphology	determiner_noun_agreement	Write a natural, coherent English sentence.
244	22	Most students hide that yellow mouse.	Most students hide those yellow mouse.	-72.5	-72.0	-10.3125	-10.3125	False	False	morphology	determiner_noun_agreement	Write a natural, coherent English sentence.
245	22	Holly did buy those clean feet.	Holly did buy that clean feet.	-72.0	-72.0	-10.3125	-10.3125	False	False	morphology	determiner_noun_agreement	Write a natural, coherent English sentence.
246	22	Many actors clean these brown theses.	Many actors clean this brown theses.	-82.5	-82.5	-10.3125	-10.3125	False	False	morphology	determiner_noun_agreement	Write a natural, coherent English sentence.
247	22	Stacy would hide those lost lice.	Stacy would hide that lost lice.	-93.0	-93.0	-10.375	-10.3125	False	False	morphology	determiner_noun_agreement	Write a natural, coherent English sentence.
248	22	Alan drove to that new oasis.	Alan drove to those new oasis.	-82.0	-82.0	-10.25	-10.25	False	False	morphology	determiner_noun_agreement	Write a natural, coherent English sentence.
249	22	The Impressionists tour this purple oasis.	The Impressionists tour these purple oasis.	-102.5	-102.5	-10.25	-10.25	False	False	morphology	determiner_noun_agreement	Write a natural, coherent English sentence.
250	22	Wayne is talking to this hidden woman.	Wayne is talking to these hidden woman.	-82.5	-83.0	-10.3125	-10.375	True	True	morphology	determiner_noun_agreement	Write a natural, coherent English sentence.
251	22	Christopher forgets this happy child.	Christopher forgets these happy child.	-72.0	-72.0	-10.25	-10.3125	False	True	morphology	determiner_noun_agreement	Write a natural, coherent English sentence.
252	22	Julie can boycott those cheap oases.	Julie can boycott that cheap oases.	-92.5	-92.5	-10.3125	-10.3125	False	False	morphology	determiner_noun_agreement	Write a natural, coherent English sentence.
253	22	Most senators dislike these bad theses.	Most senators dislike this bad theses.	-103.0	-103.0	-10.3125	-10.3125	False	False	morphology	determiner_noun_agreement	Write a natural, coherent English sentence.
254	22	Denise concealed this content person.	Denise concealed these content person.	-82.0	-82.5	-10.25	-10.3125	True	True	morphology	determiner_noun_agreement	Write a natural, coherent English sentence.
255	22	Some bike shocks these nice women.	Some bike shocks this nice women.	-82.5	-82.5	-10.3125	-10.3125	False	False	morphology	determiner_noun_agreement	Write a natural, coherent English sentence.
256	22	These teenagers fix those hidden feet.	These teenagers fix that hidden feet.	-82.0	-82.0	-10.25	-10.25	False	False	morphology	determiner_noun_agreement	Write a natural, coherent English sentence.
257	22	Ella praised that ill woman.	Ella praised those ill woman.	-72.5	-72.5	-10.375	-10.3125	False	False	morphology	determiner_noun_agreement	Write a natural, coherent English sentence.
258	22	Current events stun these lost people.	Current events stun this lost people.	-82.5	-83.0	-10.3125	-10.375	True	True	morphology	determiner_noun_agreement	Write a natural, coherent English sentence.
259	22	Mary tours this gray oasis.	Mary tours these gray oasis.	-72.0	-72.0	-10.3125	-10.3125	False	False	morphology	determiner_noun_agreement	Write a natural, coherent English sentence.
260	22	Linda visited those unsure men.	Linda visited that unsure men.	-72.5	-72.5	-10.375	-10.375	False	False	morphology	determiner_noun_agreement	Write a natural, coherent English sentence.
261	22	Dan wouldn't boycott that smooth oasis.	Dan wouldn't boycott those smooth oasis.	-113.0	-112.5	-10.25	-10.25	False	False	morphology	determiner_noun_agreement	Write a natural, coherent English sentence.
262	22	Those men leave that brown oasis.	Those men leave those brown oasis.	-82.5	-82.5	-10.3125	-10.3125	False	False	morphology	determiner_noun_agreement	Write a natural, coherent English sentence.
263	22	Lissa does pass these black oases.	Lissa does pass this black oases.	-93.0	-93.0	-10.3125	-10.375	False	True	morphology	determiner_noun_agreement	Write a natural, coherent English sentence.
264	22	Alice had embarrassed this happy man.	Alice had embarrassed these happy man.	-72.0	-72.5	-10.3125	-10.3125	True	False	morphology	determiner_noun_agreement	Write a natural, coherent English sentence.
265	22	Wayne is worrying that hopeful child.	Wayne is worrying those hopeful child.	-82.5	-82.5	-10.3125	-10.3125	False	False	morphology	determiner_noun_agreement	Write a natural, coherent English sentence.
266	22	Lucille is biking to that green oasis.	Lucille is biking to those green oasis.	-112.5	-112.5	-10.25	-10.25	False	False	morphology	determiner_noun_agreement	Write a natural, coherent English sentence.
267	22	Katherine hadn't skated around this white oasis.	Katherine hadn't skated around these white oasis.	-134.0	-134.0	-10.25	-10.3125	False	True	morphology	determiner_noun_agreement	Write a natural, coherent English sentence.
268	22	James observed this hopeful child.	James observed these hopeful child.	-72.0	-72.0	-10.25	-10.25	False	False	morphology	determiner_noun_agreement	Write a natural, coherent English sentence.
269	22	Gerald liked this big child.	Gerald liked these big child.	-72.0	-72.0	-10.25	-10.25	False	False	morphology	determiner_noun_agreement	Write a natural, coherent English sentence.
270	22	That committee wasn't hiring this displeased alumnus.	That committee wasn't hiring these displeased alumnus.	-143.0	-143.0	-10.25	-10.25	False	False	morphology	determiner_noun_agreement	Write a natural, coherent English sentence.
271	22	Gary isn't breaking that white tooth.	Gary isn't breaking those white tooth.	-93.0	-93.0	-10.3125	-10.3125	False	False	morphology	determiner_noun_agreement	Write a natural, coherent English sentence.
272	22	Walter hasn't seen those content children.	Walter hasn't seen that content children.	-92.5	-92.5	-10.3125	-10.3125	False	False	morphology	determiner_noun_agreement	Write a natural, coherent English sentence.
273	22	Martha didn't clean these hidden teeth.	Martha didn't clean this hidden teeth.	-92.5	-92.5	-10.3125	-10.3125	False	False	morphology	determiner_noun_agreement	Write a natural, coherent English sentence.
274	22	These teachers are returning to those lost men.	These teachers are returning to that lost men.	-92.5	-92.5	-10.3125	-10.3125	False	False	morphology	determiner_noun_agreement	Write a natural, coherent English sentence.
275	22	Ellen hadn't boycotted that hidden oasis.	Ellen hadn't boycotted those hidden oasis.	-124.0	-123.5	-10.3125	-10.3125	False	False	morphology	determiner_noun_agreement	Write a natural, coherent English sentence.
276	22	Some patients drive to these brown oases.	Some patients drive to this brown oases.	-93.0	-93.0	-10.3125	-10.3125	False	False	morphology	determiner_noun_agreement	Write a natural, coherent English sentence.
277	22	Nina wasn't referencing this ill person.	Nina wasn't referencing these ill person.	-103.0	-103.0	-10.3125	-10.3125	False	False	morphology	determiner_noun_agreement	Write a natural, coherent English sentence.
278	22	Denise praises these fast children.	Denise praises this fast children.	-82.0	-82.0	-10.25	-10.25	False	False	morphology	determiner_noun_agreement	Write a natural, coherent English sentence.
279	22	Most customers attack that clever man.	Most customers attack those clever man.	-72.5	-72.5	-10.375	-10.375	False	False	morphology	determiner_noun_agreement	Write a natural, coherent English sentence.
280	22	Every photograph looks like those exposed people.	Every photograph looks like that exposed people.	-82.5	-82.5	-10.3125	-10.3125	False	False	morphology	determiner_noun_agreement	Write a natural, coherent English sentence.
281	22	Cindy shouldn't cure that confident alumnus.	Cindy shouldn't cure those confident alumnus.	-134.0	-134.0	-10.25	-10.25	False	False	morphology	determiner_noun_agreement	Write a natural, coherent English sentence.
282	22	The Borgias reveal these blue feet.	The Borgias reveal this blue feet.	-93.5	-93.5	-10.375	-10.375	False	False	morphology	determiner_noun_agreement	Write a natural, coherent English sentence.
283	22	Ella lifts these exposed fungi.	Ella lifts this exposed fungi.	-93.0	-93.0	-10.3125	-10.3125	False	False	morphology	determiner_noun_agreement	Write a natural, coherent English sentence.
284	22	The Lutherans astound that unsure person.	The Lutherans astound those unsure person.	-103.0	-103.0	-10.3125	-10.3125	False	False	morphology	determiner_noun_agreement	Write a natural, coherent English sentence.
285	22	These cakes bore that determined woman.	These cakes bore those determined woman.	-82.5	-82.5	-10.3125	-10.3125	False	False	morphology	determiner_noun_agreement	Write a natural, coherent English sentence.
286	22	Nina lifts this orange cactus.	Nina lifts these orange cactus.	-92.5	-92.5	-10.3125	-10.3125	False	False	morphology	determiner_noun_agreement	Write a natural, coherent English sentence.
287	22	The actors kiss these unconvinced children.	The actors kiss this unconvinced children.	-103.0	-103.0	-10.3125	-10.3125	False	False	morphology	determiner_noun_agreement	Write a natural, coherent English sentence.
288	22	Sharon dislikes that brown thesis.	Sharon dislikes those brown thesis.	-93.0	-93.0	-10.3125	-10.3125	False	False	morphology	determiner_noun_agreement	Write a natural, coherent English sentence.
289	22	The customers sell these rough fungi.	The customers sell this rough fungi.	-82.5	-82.5	-10.3125	-10.3125	False	False	morphology	determiner_noun_agreement	Write a natural, coherent English sentence.
290	22	Janice didn't cure those employed men.	Janice didn't cure that employed men.	-102.5	-103.0	-10.25	-10.25	True	False	morphology	determiner_noun_agreement	Write a natural, coherent English sentence.
291	22	Paula left this uncertain person.	Paula left these uncertain person.	-72.0	-72.0	-10.25	-10.3125	False	True	morphology	determiner_noun_agreement	Write a natural, coherent English sentence.
292	22	Those guys had escaped from those employed children.	Those guys had escaped from that employed children.	-92.5	-92.5	-10.25	-10.3125	False	True	morphology	determiner_noun_agreement	Write a natural, coherent English sentence.
293	22	Christine wasn't touring that old oasis.	Christine wasn't touring those old oasis.	-123.0	-123.0	-10.25	-10.25	False	False	morphology	determiner_noun_agreement	Write a natural, coherent English sentence.
294	22	These waitresses praise this rough thesis.	These waitresses praise these rough thesis.	-92.0	-92.0	-10.1875	-10.25	False	True	morphology	determiner_noun_agreement	Write a natural, coherent English sentence.
295	22	Some girls hadn't passed this concealed oasis.	Some girls hadn't passed these concealed oasis.	-123.5	-123.5	-10.3125	-10.3125	False	False	morphology	determiner_noun_agreement	Write a natural, coherent English sentence.
296	22	Andrea lifts these small cacti.	Andrea lifts this small cacti.	-93.0	-93.0	-10.3125	-10.3125	False	False	morphology	determiner_noun_agreement	Write a natural, coherent English sentence.
297	22	Kristen is scanning those bad synopses.	Kristen is scanning that bad synopses.	-113.0	-113.0	-10.25	-10.25	False	False	morphology	determiner_noun_agreement	Write a natural, coherent English sentence.
298	22	Alan is skated around these cheap oases.	Alan is skated around this cheap oases.	-103.5	-103.5	-10.3125	-10.3125	False	False	morphology	determiner_noun_agreement	Write a natural, coherent English sentence.
299	22	Kayla has investigated these busy people.	Kayla has investigated this busy people.	-82.5	-82.5	-10.3125	-10.3125	False	False	morphology	determiner_noun_agreement	Write a natural, coherent English sentence.
300	22	Timothy observes that good woman.	Timothy observes those good woman.	-82.0	-82.0	-10.25	-10.25	False	False	morphology	determiner_noun_agreement	Write a natural, coherent English sentence.
301	22	Every museum hadn't discussed those hidden theses.	Every museum hadn't discussed that hidden theses.	-113.0	-113.5	-10.3125	-10.3125	True	False	morphology	determiner_noun_agreement	Write a natural, coherent English sentence.
302	22	Some cashiers help this troubled person.	Some cashiers help these troubled person.	-92.0	-92.0	-10.25	-10.1875	False	False	morphology	determiner_noun_agreement	Write a natural, coherent English sentence.
303	22	Amanda was attacking that displeased woman.	Amanda was attacking those displeased woman.	-93.0	-93.0	-10.3125	-10.3125	False	False	morphology	determiner_noun_agreement	Write a natural, coherent English sentence.
304	22	This window upsets these lost people.	This window upsets this lost people.	-82.5	-83.0	-10.3125	-10.375	True	True	morphology	determiner_noun_agreement	Write a natural, coherent English sentence.
305	22	Cindy wasn't bringing those gray cacti.	Cindy wasn't bringing that gray cacti.	-134.0	-134.0	-10.3125	-10.3125	False	False	morphology	determiner_noun_agreement	Write a natural, coherent English sentence.
306	22	Peter complained about these good synopses.	Peter complained about this good synopses.	-92.5	-92.5	-10.25	-10.25	False	False	morphology	determiner_noun_agreement	Write a natural, coherent English sentence.
307	22	Danielle was touring those new oases.	Danielle was touring that new oases.	-102.5	-102.5	-10.25	-10.25	False	False	morphology	determiner_noun_agreement	Write a natural, coherent English sentence.
308	22	Elaine discusses that standing person.	Elaine discusses those standing person.	-82.5	-82.5	-10.3125	-10.3125	False	False	morphology	determiner_noun_agreement	Write a natural, coherent English sentence.
309	22	Jacqueline had healed those rough geese.	Jacqueline had healed that rough geese.	-113.0	-113.0	-10.25	-10.25	False	False	morphology	determiner_noun_agreement	Write a natural, coherent English sentence.
310	22	All rivers were distracting those standing men.	All rivers were distracting that standing men.	-93.0	-93.0	-10.3125	-10.375	False	True	morphology	determiner_noun_agreement	Write a natural, coherent English sentence.
311	22	Some people exit those yellow oases.	Some people exit that yellow oases.	-82.0	-82.5	-10.25	-10.3125	True	True	morphology	determiner_noun_agreement	Write a natural, coherent English sentence.
312	22	Becca isn't exploring these hard oases.	Becca isn't exploring this hard oases.	-113.0	-113.0	-10.3125	-10.25	False	False	morphology	determiner_noun_agreement	Write a natural, coherent English sentence.
313	22	Timothy revealed that big foot.	Timothy revealed those big foot.	-71.5	-72.0	-10.25	-10.25	True	False	morphology	determiner_noun_agreement	Write a natural, coherent English sentence.
314	22	Adam fires these determined men.	Adam fires this determined men.	-62.25	-62.25	-10.375	-10.375	False	False	morphology	determiner_noun_agreement	Write a natural, coherent English sentence.
315	22	The teenagers clean this purple foot.	The teenagers clean these purple foot.	-82.0	-82.0	-10.25	-10.25	False	False	morphology	determiner_noun_agreement	Write a natural, coherent English sentence.
316	22	The Great Lakes could annoy that troubled man.	The Great Lakes could annoy those troubled man.	-113.0	-113.0	-10.3125	-10.25	False	False	morphology	determiner_noun_agreement	Write a natural, coherent English sentence.
317	22	Karen discusses those bad men.	Karen discusses that bad men.	-72.0	-72.0	-10.3125	-10.3125	False	False	morphology	determiner_noun_agreement	Write a natural, coherent English sentence.
318	22	Phillip didn't find those ill alumni.	Phillip didn't find that ill alumni.	-123.0	-123.0	-10.25	-10.25	False	False	morphology	determiner_noun_agreement	Write a natural, coherent English sentence.
319	22	A lot of men reference these good analyses.	A lot of men reference this good analyses.	-103.0	-103.0	-10.3125	-10.3125	False	False	morphology	determiner_noun_agreement	Write a natural, coherent English sentence.
320	22	Larry had insulted these lucky children.	Larry had insulted this lucky children.	-82.0	-82.5	-10.25	-10.3125	True	True	morphology	determiner_noun_agreement	Write a natural, coherent English sentence.
321	22	Debra is firing that determined child.	Debra is firing those determined child.	-82.5	-82.5	-10.3125	-10.3125	False	False	morphology	determiner_noun_agreement	Write a natural, coherent English sentence.
322	22	Noah was watching that fast woman.	Noah was watching those fast woman.	-72.0	-72.0	-10.3125	-10.3125	False	False	morphology	determiner_noun_agreement	Write a natural, coherent English sentence.
323	22	Gina works with that displeased person.	Gina works with those displeased person.	-103.0	-103.0	-10.3125	-10.3125	False	False	morphology	determiner_noun_agreement	Write a natural, coherent English sentence.
324	22	Most doctors would bring these big nuclei.	Most doctors would bring this big nuclei.	-93.0	-93.0	-10.375	-10.3125	False	False	morphology	determiner_noun_agreement	Write a natural, coherent English sentence.
325	22	All drawings alarm that unconvinced child.	All drawings alarm those unconvinced child.	-103.5	-103.0	-10.375	-10.3125	False	False	morphology	determiner_noun_agreement	Write a natural, coherent English sentence.
326	22	Some libraries hate that busy man.	Some libraries hate those busy man.	-72.5	-72.5	-10.3125	-10.3125	False	False	morphology	determiner_noun_agreement	Write a natural, coherent English sentence.
327	22	Derek disgusted that unemployed child.	Derek disgusted those unemployed child.	-92.5	-92.5	-10.25	-10.25	False	False	morphology	determiner_noun_agreement	Write a natural, coherent English sentence.
328	22	Marla hadn't fired these good men.	Marla hadn't fired this good men.	-103.0	-103.0	-10.3125	-10.3125	False	False	morphology	determiner_noun_agreement	Write a natural, coherent English sentence.
329	22	Carmen examined that red thesis.	Carmen examined those red thesis.	-72.5	-72.5	-10.3125	-10.3125	False	False	morphology	determiner_noun_agreement	Write a natural, coherent English sentence.
330	22	Amelia investigates this smart woman.	Amelia investigates these smart woman.	-82.5	-82.5	-10.3125	-10.3125	False	False	morphology	determiner_noun_agreement	Write a natural, coherent English sentence.
331	22	The Borgias hire that displeased alumnus.	The Borgias hire those displeased alumnus.	-134.0	-134.0	-10.3125	-10.3125	False	False	morphology	determiner_noun_agreement	Write a natural, coherent English sentence.
332	22	Stacey would arrive at these orange oases.	Stacey would arrive at this orange oases.	-113.0	-112.5	-10.25	-10.25	False	False	morphology	determiner_noun_agreement	Write a natural, coherent English sentence.
333	22	Anna works with this lucky man.	Anna works with these lucky man.	-72.5	-72.0	-10.3125	-10.3125	False	False	morphology	determiner_noun_agreement	Write a natural, coherent English sentence.
334	22	Walter has scanned this rough thesis.	Walter has scanned these rough thesis.	-82.5	-83.0	-10.3125	-10.375	True	True	morphology	determiner_noun_agreement	Write a natural, coherent English sentence.
335	22	Some mushroom bothered that lucky woman.	Some mushroom bothered those lucky woman.	-82.0	-82.0	-10.25	-10.25	False	False	morphology	determiner_noun_agreement	Write a natural, coherent English sentence.
336	22	Cynthia walked through this hard oasis.	Cynthia walked through these hard oasis.	-112.5	-112.5	-10.25	-10.25	False	False	morphology	determiner_noun_agreement	Write a natural, coherent English sentence.
337	22	Liam has healed these black oxen.	Liam has healed this black oxen.	-102.5	-102.5	-10.25	-10.25	False	False	morphology	determiner_noun_agreement	Write a natural, coherent English sentence.
338	22	Andrew did notice these white axes.	Andrew did notice this white axes.	-82.5	-82.5	-10.3125	-10.3125	False	False	morphology	determiner_noun_agreement	Write a natural, coherent English sentence.
339	22	Bethany kisses these serious alumni.	Bethany kisses this serious alumni.	-102.5	-102.5	-10.25	-10.25	False	False	morphology	determiner_noun_agreement	Write a natural, coherent English sentence.
340	22	Vanessa watches this nice person.	Vanessa watches these nice person.	-72.0	-72.0	-10.3125	-10.25	False	False	morphology	determiner_noun_agreement	Write a natural, coherent English sentence.
341	22	Every window astounded that big man.	Every window astounded those big man.	-92.0	-92.0	-10.25	-10.25	False	False	morphology	determiner_noun_agreement	Write a natural, coherent English sentence.
342	22	Donna leaves that upset man.	Donna leaves those upset man.	-72.0	-72.0	-10.3125	-10.3125	False	False	morphology	determiner_noun_agreement	Write a natural, coherent English sentence.
343	22	Many students drop by that orange oasis.	Many students drop by those orange oasis.	-92.5	-92.5	-10.25	-10.3125	False	True	morphology	determiner_noun_agreement	Write a natural, coherent English sentence.
344	22	The sketches looked like this unsure man.	The sketches looked like these unsure man.	-113.0	-113.0	-10.25	-10.25	False	False	morphology	determiner_noun_agreement	Write a natural, coherent English sentence.
345	22	Helen fixes that broken tooth.	Helen fixes those broken tooth.	-71.5	-71.5	-10.1875	-10.1875	False	False	morphology	determiner_noun_agreement	Write a natural, coherent English sentence.
346	22	Robert wasn't annoying that old person.	Robert wasn't annoying those old person.	-92.5	-92.5	-10.3125	-10.3125	False	False	morphology	determiner_noun_agreement	Write a natural, coherent English sentence.
347	22	Amy isn't talking to that young woman.	Amy isn't talking to those young woman.	-103.0	-103.0	-10.3125	-10.3125	False	False	morphology	determiner_noun_agreement	Write a natural, coherent English sentence.
348	22	Alan hadn't remembered these long analyses.	Alan hadn't remembered this long analyses.	-103.0	-103.0	-10.3125	-10.3125	False	False	morphology	determiner_noun_agreement	Write a natural, coherent English sentence.
349	22	Stephen is working with these out in the open women.	Stephen is working with this out in the open women.	-113.5	-114.0	-10.3125	-10.3125	True	False	morphology	determiner_noun_agreement	Write a natural, coherent English sentence.
350	22	This library had discussed these employed men.	This library had discussed this employed men.	-83.0	-83.0	-10.375	-10.375	False	False	morphology	determiner_noun_agreement	Write a natural, coherent English sentence.
351	22	This teenager can't worry those delighted men.	This teenager can't worry that delighted men.	-103.5	-103.5	-10.3125	-10.3125	False	False	morphology	determiner_noun_agreement	Write a natural, coherent English sentence.
352	22	Wendy revealed that sick octopus.	Wendy revealed those sick octopus.	-92.0	-92.5	-10.25	-10.25	True	False	morphology	determiner_noun_agreement	Write a natural, coherent English sentence.
353	22	The Clintons haven't worked with that young person.	The Clintons haven't worked with those young person.	-134.0	-134.0	-10.3125	-10.3125	False	False	morphology	determiner_noun_agreement	Write a natural, coherent English sentence.
354	22	Some committee aggravates this unconvinced woman.	Some committee aggravates these unconvinced woman.	-123.0	-123.0	-10.25	-10.25	False	False	morphology	determiner_noun_agreement	Write a natural, coherent English sentence.
355	22	Guy bored that troubled man.	Guy bored those troubled man.	-72.5	-72.5	-10.3125	-10.3125	False	False	morphology	determiner_noun_agreement	Write a natural, coherent English sentence.
356	22	Every actress scanned those bad analyses.	Every actress scanned that bad analyses.	-93.0	-93.0	-10.3125	-10.3125	False	False	morphology	determiner_noun_agreement	Write a natural, coherent English sentence.
357	22	A library alarms that determined child.	A library alarms those determined child.	-83.0	-83.0	-10.375	-10.375	False	False	morphology	determiner_noun_agreement	Write a natural, coherent English sentence.
358	22	Sheila can't notice this clever man.	Sheila can't notice these clever man.	-103.0	-103.0	-10.3125	-10.3125	False	False	morphology	determiner_noun_agreement	Write a natural, coherent English sentence.
359	22	James forgets this fast alumnus.	James forgets these fast alumnus.	-92.0	-92.0	-10.25	-10.1875	False	False	morphology	determiner_noun_agreement	Write a natural, coherent English sentence.
360	22	Noah hasn't thought about these smooth lice.	Noah hasn't thought about this smooth lice.	-113.0	-113.0	-10.3125	-10.3125	False	False	morphology	determiner_noun_agreement	Write a natural, coherent English sentence.
361	22	Aaron sees these gray oases.	Aaron sees this gray oases.	-72.5	-72.5	-10.375	-10.375	False	False	morphology	determiner_noun_agreement	Write a natural, coherent English sentence.
362	22	Sherry has taken this standing goose.	Sherry has taken these standing goose.	-92.5	-92.5	-10.3125	-10.3125	False	False	morphology	determiner_noun_agreement	Write a natural, coherent English sentence.
363	22	Marie hasn't found those ill geese.	Marie hasn't found that ill geese.	-103.0	-103.0	-10.25	-10.25	False	False	morphology	determiner_noun_agreement	Write a natural, coherent English sentence.
364	22	Peter isn't arriving at that red oasis.	Peter isn't arriving at those red oasis.	-112.5	-112.5	-10.25	-10.25	False	False	morphology	determiner_noun_agreement	Write a natural, coherent English sentence.
365	22	Jill isn't boycotting those orange oases.	Jill isn't boycotting that orange oases.	-144.0	-144.0	-10.25	-10.3125	False	True	morphology	determiner_noun_agreement	Write a natural, coherent English sentence.
366	22	Julia messes up that orange foot.	Julia messes up those orange foot.	-82.5	-82.5	-10.3125	-10.3125	False	False	morphology	determiner_noun_agreement	Write a natural, coherent English sentence.
367	22	That hill didn't disturb that content woman.	That hill didn't disturb those content woman.	-103.0	-103.0	-10.3125	-10.3125	False	False	morphology	determiner_noun_agreement	Write a natural, coherent English sentence.
368	22	Suzanne has concealed that concealed man.	Suzanne has concealed those concealed man.	-102.0	-102.0	-10.1875	-10.25	False	True	morphology	determiner_noun_agreement	Write a natural, coherent English sentence.
369	22	Alicia sells that orange octopus.	Alicia sells those orange octopus.	-112.0	-112.0	-10.1875	-10.1875	False	False	morphology	determiner_noun_agreement	Write a natural, coherent English sentence.
370	22	Leslie has discussed that delighted child.	Leslie has discussed those delighted child.	-82.5	-82.5	-10.3125	-10.3125	False	False	morphology	determiner_noun_agreement	Write a natural, coherent English sentence.
371	22	Andrea could like these white lice.	Andrea could like this white lice.	-82.5	-82.5	-10.3125	-10.3125	False	False	morphology	determiner_noun_agreement	Write a natural, coherent English sentence.
372	22	Most children break those rough teeth.	Most children break that rough teeth.	-72.5	-72.5	-10.3125	-10.375	False	True	morphology	determiner_noun_agreement	Write a natural, coherent English sentence.
373	22	Richard did work with this clever child.	Richard did work with these clever child.	-82.5	-82.5	-10.3125	-10.3125	False	False	morphology	determiner_noun_agreement	Write a natural, coherent English sentence.
374	22	Anne hugs this unemployed woman.	Anne hugs these unemployed woman.	-82.0	-82.0	-10.25	-10.25	False	False	morphology	determiner_noun_agreement	Write a natural, coherent English sentence.
375	22	Those actors attack that excited child.	Those actors attack those excited child.	-72.5	-72.5	-10.375	-10.375	False	False	morphology	determiner_noun_agreement	Write a natural, coherent English sentence.
376	22	Bruce was hugging that unconvinced man.	Bruce was hugging those unconvinced man.	-112.5	-113.0	-10.25	-10.25	True	False	morphology	determiner_noun_agreement	Write a natural, coherent English sentence.
377	22	Patrick hasn't hidden this orange oasis.	Patrick hasn't hidden these orange oasis.	-103.0	-103.0	-10.3125	-10.3125	False	False	morphology	determiner_noun_agreement	Write a natural, coherent English sentence.
378	22	Alicia hadn't discussed that uncertain person.	Alicia hadn't discussed those uncertain person.	-113.0	-113.0	-10.3125	-10.3125	False	False	morphology	determiner_noun_agreement	Write a natural, coherent English sentence.
379	22	Susan wasn't talking to those confident men.	Susan wasn't talking to that confident men.	-103.0	-103.0	-10.3125	-10.3125	False	False	morphology	determiner_noun_agreement	Write a natural, coherent English sentence.
380	22	Cheryl will scan that good synopsis.	Cheryl will scan those good synopsis.	-92.5	-92.5	-10.25	-10.25	False	False	morphology	determiner_noun_agreement	Write a natural, coherent English sentence.
381	22	Tamara kissed that unsure man.	Tamara kissed those unsure man.	-82.0	-82.0	-10.25	-10.25	False	False	morphology	determiner_noun_agreement	Write a natural, coherent English sentence.
382	22	Craig boasts about those bad analyses.	Craig boasts about that bad analyses.	-92.5	-92.5	-10.25	-10.25	False	False	morphology	determiner_noun_agreement	Write a natural, coherent English sentence.
383	22	Randolf hadn't hugged those serious people.	Randolf hadn't hugged that serious people.	-113.0	-113.0	-10.25	-10.25	False	False	morphology	determiner_noun_agreement	Write a natural, coherent English sentence.
384	22	Many doctors cure these exposed men.	Many doctors cure this exposed men.	-72.0	-72.0	-10.3125	-10.3125	False	False	morphology	determiner_noun_agreement	Write a natural, coherent English sentence.
385	22	Women criticized those smooth theses.	Women criticized that smooth theses.	-82.0	-82.0	-10.25	-10.25	False	False	morphology	determiner_noun_agreement	Write a natural, coherent English sentence.
386	22	Some light disturbs that old person.	Some light disturbs those old person.	-93.0	-93.0	-10.3125	-10.3125	False	False	morphology	determiner_noun_agreement	Write a natural, coherent English sentence.
387	22	Carol was questioning this big man.	Carol was questioning these big man.	-72.5	-72.5	-10.375	-10.375	False	False	morphology	determiner_noun_agreement	Write a natural, coherent English sentence.
388	22	Sara has gone to that old oasis.	Sara has gone to those old oasis.	-92.5	-92.5	-10.25	-10.25	False	False	morphology	determiner_noun_agreement	Write a natural, coherent English sentence.
389	22	Steven brought these red oases.	Steven brought this red oases.	-72.0	-72.0	-10.3125	-10.3125	False	False	morphology	determiner_noun_agreement	Write a natural, coherent English sentence.
390	22	Diana will disgust these ill children.	Diana will disgust this ill children.	-72.0	-72.5	-10.3125	-10.375	True	True	morphology	determiner_noun_agreement	Write a natural, coherent English sentence.
391	22	Steven disturbs these sick alumni.	Steven disturbs this sick alumni.	-103.0	-103.0	-10.3125	-10.3125	False	False	morphology	determiner_noun_agreement	Write a natural, coherent English sentence.
392	22	Angela wasn't lifting these blue feet.	Angela wasn't lifting this blue feet.	-93.0	-93.0	-10.3125	-10.3125	False	False	morphology	determiner_noun_agreement	Write a natural, coherent English sentence.
393	22	Sharon hasn't stunned that unsure child.	Sharon hasn't stunned those unsure child.	-124.0	-124.0	-10.3125	-10.3125	False	False	morphology	determiner_noun_agreement	Write a natural, coherent English sentence.
394	22	These girls question that concealed man.	These girls question those concealed man.	-82.5	-82.5	-10.3125	-10.3125	False	False	morphology	determiner_noun_agreement	Write a natural, coherent English sentence.
395	22	Martha wasn't kissing this unemployed man.	Martha wasn't kissing these unemployed man.	-112.5	-112.5	-10.1875	-10.25	False	True	morphology	determiner_noun_agreement	Write a natural, coherent English sentence.
396	22	Kendra isn't working with this excited child.	Kendra isn't working with these excited child.	-123.5	-123.5	-10.3125	-10.3125	False	False	morphology	determiner_noun_agreement	Write a natural, coherent English sentence.
397	22	All actresses praise this hard thesis.	All actresses praise these hard thesis.	-82.0	-82.0	-10.25	-10.25	False	False	morphology	determiner_noun_agreement	Write a natural, coherent English sentence.
398	22	David cleans that hard tooth.	David cleans those hard tooth.	-72.0	-72.0	-10.3125	-10.3125	False	False	morphology	determiner_noun_agreement	Write a natural, coherent English sentence.
399	22	Julia sounded like this uncertain person.	Julia sounded like these uncertain person.	-72.0	-72.0	-10.3125	-10.3125	False	False	morphology	determiner_noun_agreement	Write a natural, coherent English sentence.
400	22	Those actors attacked that happy alumnus.	Those actors attacked those happy alumnus.	-92.5	-92.5	-10.3125	-10.3125	False	False	morphology	determiner_noun_agreement	Write a natural, coherent English sentence.
401	22	Eva hadn't admired these black fungi.	Eva hadn't admired this black fungi.	-113.5	-113.5	-10.3125	-10.3125	False	False	morphology	determiner_noun_agreement	Write a natural, coherent English sentence.
402	22	Many chairs aren't disgusting this unlucky child.	Many chairs aren't disgusting these unlucky child.	-133.0	-133.0	-10.25	-10.25	False	False	morphology	determiner_noun_agreement	Write a natural, coherent English sentence.
403	22	Those waiters break these rough teeth.	Those waiters break this rough teeth.	-82.5	-82.5	-10.3125	-10.3125	False	False	morphology	determiner_noun_agreement	Write a natural, coherent English sentence.
404	22	Becca leaves this uncertain child.	Becca leaves these uncertain child.	-72.0	-72.0	-10.3125	-10.3125	False	False	morphology	determiner_noun_agreement	Write a natural, coherent English sentence.
405	22	Some steak disturbs these displeased children.	Some steak disturbs this displeased children.	-123.5	-123.5	-10.3125	-10.3125	False	False	morphology	determiner_noun_agreement	Write a natural, coherent English sentence.
406	22	Christine wouldn't conceal this lost stimulus.	Christine wouldn't conceal these lost stimulus.	-123.0	-123.0	-10.25	-10.25	False	False	morphology	determiner_noun_agreement	Write a natural, coherent English sentence.
407	22	Every face irritates those unemployed alumni.	Every face irritates that unemployed alumni.	-112.5	-112.5	-10.25	-10.25	False	False	morphology	determiner_noun_agreement	Write a natural, coherent English sentence.
408	22	Susan noticed that unlucky person.	Susan noticed those unlucky person.	-82.0	-82.0	-10.25	-10.25	False	False	morphology	determiner_noun_agreement	Write a natural, coherent English sentence.
409	22	Some women drop by those concealed oases.	Some women drop by that concealed oases.	-103.0	-103.0	-10.3125	-10.3125	False	False	morphology	determiner_noun_agreement	Write a natural, coherent English sentence.
410	22	The Clintons disagree with these serious men.	The Clintons disagree with this serious men.	-103.0	-103.0	-10.3125	-10.3125	False	False	morphology	determiner_noun_agreement	Write a natural, coherent English sentence.
411	22	Phillip discovers these busy women.	Phillip discovers this busy women.	-82.0	-82.0	-10.25	-10.25	False	False	morphology	determiner_noun_agreement	Write a natural, coherent English sentence.
412	22	Waiters investigate that hopeful woman.	Waiters investigate those hopeful woman.	-82.0	-82.0	-10.25	-10.25	False	False	morphology	determiner_noun_agreement	Write a natural, coherent English sentence.
413	22	Regina hasn't found these white nuclei.	Regina hasn't found this white nuclei.	-123.5	-123.5	-10.3125	-10.25	False	False	morphology	determiner_noun_agreement	Write a natural, coherent English sentence.
414	22	Irene scanned those purple theses.	Irene scanned that purple theses.	-92.5	-92.5	-10.3125	-10.3125	False	False	morphology	determiner_noun_agreement	Write a natural, coherent English sentence.
415	22	A bank references those popular people.	A bank references that popular people.	-73.0	-73.0	-10.375	-10.375	False	False	morphology	determiner_noun_agreement	Write a natural, coherent English sentence.
416	22	Vincent tours this old oasis.	Vincent tours these old oasis.	-72.0	-72.0	-10.3125	-10.3125	False	False	morphology	determiner_noun_agreement	Write a natural, coherent English sentence.
417	22	Alicia kisses that standing woman.	Alicia kisses those standing woman.	-92.5	-92.5	-10.25	-10.25	False	False	morphology	determiner_noun_agreement	Write a natural, coherent English sentence.
418	22	Some candles aren't boring those displeased men.	Some candles aren't boring that displeased men.	-134.0	-134.0	-10.25	-10.3125	False	True	morphology	determiner_noun_agreement	Write a natural, coherent English sentence.
419	22	That teenager does care for this old alumnus.	That teenager does care for these old alumnus.	-112.5	-112.5	-10.25	-10.25	False	False	morphology	determiner_noun_agreement	Write a natural, coherent English sentence.
420	22	A lot of drawings weren't alarming that displeased man.	A lot of drawings weren't alarming those displeased man.	-154.0	-154.0	-10.3125	-10.25	False	False	morphology	determiner_noun_agreement	Write a natural, coherent English sentence.
421	22	That face astounded that important woman.	That face astounded those important woman.	-92.5	-92.5	-10.25	-10.3125	False	True	morphology	determiner_noun_agreement	Write a natural, coherent English sentence.
422	22	Tiffany had approached these unemployed people.	Tiffany had approached this unemployed people.	-102.5	-102.5	-10.25	-10.25	False	False	morphology	determiner_noun_agreement	Write a natural, coherent English sentence.
423	22	Christina is passing these rough oases.	Christina is passing this rough oases.	-92.5	-92.5	-10.3125	-10.3125	False	False	morphology	determiner_noun_agreement	Write a natural, coherent English sentence.
424	22	Debra was praising those busy people.	Debra was praising that busy people.	-92.5	-92.5	-10.3125	-10.3125	False	False	morphology	determiner_noun_agreement	Write a natural, coherent English sentence.
425	22	The doctors didn't care for these scared children.	The doctors didn't care for this scared children.	-113.0	-113.0	-10.25	-10.25	False	False	morphology	determiner_noun_agreement	Write a natural, coherent English sentence.
426	22	Those ladders stun these small people.	Those ladders stun this small people.	-103.5	-103.5	-10.3125	-10.375	False	True	morphology	determiner_noun_agreement	Write a natural, coherent English sentence.
427	22	Samuel isn't distracting these clever women.	Samuel isn't distracting this clever women.	-103.0	-103.0	-10.3125	-10.3125	False	False	morphology	determiner_noun_agreement	Write a natural, coherent English sentence.
428	22	Lucille dropped by those new oases.	Lucille dropped by that new oases.	-92.5	-92.5	-10.25	-10.25	False	False	morphology	determiner_noun_agreement	Write a natural, coherent English sentence.
429	22	A legislature should aggravate that busy child.	A legislature should aggravate those busy child.	-113.0	-113.0	-10.25	-10.25	False	False	morphology	determiner_noun_agreement	Write a natural, coherent English sentence.
430	22	Larry observed that lucky child.	Larry observed those lucky child.	-62.0	-62.0	-10.3125	-10.375	False	True	morphology	determiner_noun_agreement	Write a natural, coherent English sentence.
431	22	Lawrence wasn't approaching those troubled children.	Lawrence wasn't approaching that troubled children.	-102.5	-103.0	-10.25	-10.25	True	False	morphology	determiner_noun_agreement	Write a natural, coherent English sentence.
432	22	Most libraries describe those delighted men.	Most libraries describe that delighted men.	-72.5	-72.5	-10.375	-10.375	False	False	morphology	determiner_noun_agreement	Write a natural, coherent English sentence.
433	22	The Impressionists alarms that sick child.	The Impressionists alarms those sick child.	-102.5	-103.0	-10.25	-10.25	True	False	morphology	determiner_noun_agreement	Write a natural, coherent English sentence.
434	22	A lot of children have this exposed axis.	A lot of children have these exposed axis.	-92.5	-92.5	-10.25	-10.25	False	False	morphology	determiner_noun_agreement	Write a natural, coherent English sentence.
435	22	Melissa couldn't reveal that small man.	Melissa couldn't reveal those small man.	-102.5	-102.5	-10.25	-10.25	False	False	morphology	determiner_noun_agreement	Write a natural, coherent English sentence.
436	22	These carriages won't impress those bad men.	These carriages won't impress that bad men.	-113.5	-113.5	-10.3125	-10.3125	False	False	morphology	determiner_noun_agreement	Write a natural, coherent English sentence.
437	22	Many girls drop by that red oasis.	Many girls drop by those red oasis.	-93.0	-93.0	-10.3125	-10.3125	False	False	morphology	determiner_noun_agreement	Write a natural, coherent English sentence.
438	22	The Impressionists fled from this small woman.	The Impressionists fled from these small woman.	-102.5	-102.5	-10.25	-10.25	False	False	morphology	determiner_noun_agreement	Write a natural, coherent English sentence.
439	22	Ann arrived at that blue oasis.	Ann arrived at those blue oasis.	-82.0	-82.0	-10.25	-10.25	False	False	morphology	determiner_noun_agreement	Write a natural, coherent English sentence.
440	22	The sock isn't disturbing those lucky children.	The sock isn't disturbing that lucky children.	-112.5	-113.0	-10.25	-10.25	True	False	morphology	determiner_noun_agreement	Write a natural, coherent English sentence.
441	22	Those socks were shocking those unlucky men.	Those socks were shocking that unlucky men.	-112.5	-112.5	-10.25	-10.25	False	False	morphology	determiner_noun_agreement	Write a natural, coherent English sentence.
442	22	Christine wasn't walking through those cheap oases.	Christine wasn't walking through that cheap oases.	-123.0	-123.0	-10.25	-10.25	False	False	morphology	determiner_noun_agreement	Write a natural, coherent English sentence.
443	22	Mary appreciates those content women.	Mary appreciates that content women.	-72.5	-72.5	-10.375	-10.375	False	False	morphology	determiner_noun_agreement	Write a natural, coherent English sentence.
444	22	That lady didn't question this ill person.	That lady didn't question these ill person.	-103.0	-103.0	-10.3125	-10.3125	False	False	morphology	determiner_noun_agreement	Write a natural, coherent English sentence.
445	22	Most birds annoy this young woman.	Most birds annoy these young woman.	-72.0	-72.0	-10.25	-10.3125	False	True	morphology	determiner_noun_agreement	Write a natural, coherent English sentence.
446	22	Amelia is kissing these content men.	Amelia is kissing this content men.	-92.5	-92.5	-10.3125	-10.25	False	False	morphology	determiner_noun_agreement	Write a natural, coherent English sentence.
447	22	Judy isn't taking those standing oxen.	Judy isn't taking that standing oxen.	-113.0	-113.0	-10.3125	-10.3125	False	False	morphology	determiner_noun_agreement	Write a natural, coherent English sentence.
448	22	Irene is discussing those clever alumni.	Irene is discussing that clever alumni.	-103.0	-103.0	-10.3125	-10.3125	False	False	morphology	determiner_noun_agreement	Write a natural, coherent English sentence.
449	22	Danielle could describe these long analyses.	Danielle could describe this long analyses.	-92.5	-92.5	-10.25	-10.25	False	False	morphology	determiner_noun_agreement	Write a natural, coherent English sentence.
450	22	Eva hasn't praised that lucky woman.	Eva hasn't praised those lucky woman.	-93.0	-93.0	-10.3125	-10.3125	False	False	morphology	determiner_noun_agreement	Write a natural, coherent English sentence.
451	22	Grace might observe that unlucky woman.	Grace might observe those unlucky woman.	-92.0	-92.5	-10.25	-10.3125	True	True	morphology	determiner_noun_agreement	Write a natural, coherent English sentence.
452	22	The Clintons bothered these clever people.	The Clintons bothered this clever people.	-93.0	-93.0	-10.3125	-10.3125	False	False	morphology	determiner_noun_agreement	Write a natural, coherent English sentence.
453	22	April hadn't embarrassed those employed alumni.	April hadn't embarrassed that employed alumni.	-113.0	-113.5	-10.3125	-10.3125	True	False	morphology	determiner_noun_agreement	Write a natural, coherent English sentence.
454	22	Marie shouldn't forget that happy man.	Marie shouldn't forget those happy man.	-92.0	-92.0	-10.1875	-10.25	False	True	morphology	determiner_noun_agreement	Write a natural, coherent English sentence.
455	22	Renee isn't breaking that cheap foot.	Renee isn't breaking those cheap foot.	-113.5	-113.5	-10.3125	-10.3125	False	False	morphology	determiner_noun_agreement	Write a natural, coherent English sentence.
456	22	Monica shouldn't sell those new oases.	Monica shouldn't sell that new oases.	-113.0	-113.0	-10.25	-10.25	False	False	morphology	determiner_noun_agreement	Write a natural, coherent English sentence.
457	22	Every dancer has returned to that troubled man.	Every dancer has returned to those troubled man.	-113.0	-113.0	-10.25	-10.3125	False	True	morphology	determiner_noun_agreement	Write a natural, coherent English sentence.
458	22	Those dancers break those green teeth.	Those dancers break that green teeth.	-83.0	-83.0	-10.375	-10.375	False	False	morphology	determiner_noun_agreement	Write a natural, coherent English sentence.
459	22	These teachers talk about these fast women.	These teachers talk about this fast women.	-82.5	-82.5	-10.3125	-10.3125	False	False	morphology	determiner_noun_agreement	Write a natural, coherent English sentence.
460	22	Spain hasn't praised that happy man.	Spain hasn't praised those happy man.	-93.0	-93.0	-10.3125	-10.3125	False	False	morphology	determiner_noun_agreement	Write a natural, coherent English sentence.
461	22	Monica does kiss those good people.	Monica does kiss that good people.	-82.5	-82.5	-10.3125	-10.3125	False	False	morphology	determiner_noun_agreement	Write a natural, coherent English sentence.
462	22	Benjamin can boast about those busy men.	Benjamin can boast about that busy men.	-93.0	-93.0	-10.3125	-10.3125	False	False	morphology	determiner_noun_agreement	Write a natural, coherent English sentence.
463	22	Donald conceals this lost nucleus.	Donald conceals these lost nucleus.	-82.5	-83.0	-10.3125	-10.375	True	True	morphology	determiner_noun_agreement	Write a natural, coherent English sentence.
464	22	Gregory was embarrassing this big woman.	Gregory was embarrassing these big woman.	-82.0	-82.5	-10.25	-10.3125	True	True	morphology	determiner_noun_agreement	Write a natural, coherent English sentence.
465	22	The waiter wasn't stunning that hidden child.	The waiter wasn't stunning those hidden child.	-113.5	-113.5	-10.3125	-10.3125	False	False	morphology	determiner_noun_agreement	Write a natural, coherent English sentence.
466	22	A lot of photographs haven't looked like this red stimulus.	A lot of photographs haven't looked like these red stimulus.	-143.0	-143.0	-10.25	-10.25	False	False	morphology	determiner_noun_agreement	Write a natural, coherent English sentence.
467	22	A patient fixed those cheap feet.	A patient fixed that cheap feet.	-72.5	-72.5	-10.375	-10.375	False	False	morphology	determiner_noun_agreement	Write a natural, coherent English sentence.
468	22	Many gates shouldn't astound these unsure alumni.	Many gates shouldn't astound this unsure alumni.	-144.0	-144.0	-10.3125	-10.25	False	False	morphology	determiner_noun_agreement	Write a natural, coherent English sentence.
469	22	That picture hasn't looked like these big men.	That picture hasn't looked like this big men.	-113.0	-113.0	-10.25	-10.25	False	False	morphology	determiner_noun_agreement	Write a natural, coherent English sentence.
470	22	These waitresses talk about this hidden thesis.	These waitresses talk about these hidden thesis.	-102.0	-102.0	-10.1875	-10.1875	False	False	morphology	determiner_noun_agreement	Write a natural, coherent English sentence.
471	22	Stacy concealed those gray axes.	Stacy concealed that gray axes.	-93.0	-93.0	-10.3125	-10.3125	False	False	morphology	determiner_noun_agreement	Write a natural, coherent English sentence.
472	22	Nicole remembers those serious alumni.	Nicole remembers that serious alumni.	-92.5	-92.5	-10.3125	-10.3125	False	False	morphology	determiner_noun_agreement	Write a natural, coherent English sentence.
473	22	Leslie hadn't gone to that small oasis.	Leslie hadn't gone to those small oasis.	-122.5	-122.5	-10.1875	-10.1875	False	False	morphology	determiner_noun_agreement	Write a natural, coherent English sentence.
474	22	Joel wasn't praising this ill person.	Joel wasn't praising these ill person.	-103.5	-103.5	-10.3125	-10.3125	False	False	morphology	determiner_noun_agreement	Write a natural, coherent English sentence.
475	22	These drivers embarrasses this young alumnus.	These drivers embarrasses these young alumnus.	-102.5	-102.5	-10.25	-10.25	False	False	morphology	determiner_noun_agreement	Write a natural, coherent English sentence.
476	22	Beef bores that delighted woman.	Beef bores those delighted woman.	-82.5	-82.5	-10.3125	-10.3125	False	False	morphology	determiner_noun_agreement	Write a natural, coherent English sentence.
477	22	Mitchell goes to this gray oasis.	Mitchell goes to these gray oasis.	-82.5	-82.5	-10.3125	-10.3125	False	False	morphology	determiner_noun_agreement	Write a natural, coherent English sentence.
478	22	The mouth bores these upset men.	The mouth bores this upset men.	-83.0	-83.0	-10.375	-10.375	False	False	morphology	determiner_noun_agreement	Write a natural, coherent English sentence.
479	22	Most legislatures discuss those good people.	Most legislatures discuss that good people.	-83.0	-83.0	-10.375	-10.375	False	False	morphology	determiner_noun_agreement	Write a natural, coherent English sentence.
480	22	The boys mess up those purple feet.	The boys mess up that purple feet.	-82.5	-82.5	-10.3125	-10.3125	False	False	morphology	determiner_noun_agreement	Write a natural, coherent English sentence.
481	22	Cashiers describe these fast children.	Cashiers describe this fast children.	-72.0	-72.0	-10.3125	-10.3125	False	False	morphology	determiner_noun_agreement	Write a natural, coherent English sentence.
482	22	Roger has fired those unconvinced men.	Roger has fired that unconvinced men.	-103.0	-103.0	-10.3125	-10.3125	False	False	morphology	determiner_noun_agreement	Write a natural, coherent English sentence.
483	22	Amy wasn't kissing this content man.	Amy wasn't kissing these content man.	-103.0	-103.0	-10.25	-10.3125	False	True	morphology	determiner_noun_agreement	Write a natural, coherent English sentence.
484	22	Every dancer hadn't praised those good analyses.	Every dancer hadn't praised that good analyses.	-124.0	-124.0	-10.3125	-10.3125	False	False	morphology	determiner_noun_agreement	Write a natural, coherent English sentence.
485	22	Rhonda wasn't hiding those red mice.	Rhonda wasn't hiding that red mice.	-113.0	-113.0	-10.3125	-10.3125	False	False	morphology	determiner_noun_agreement	Write a natural, coherent English sentence.
486	22	Every pedestrian talks about that bad synopsis.	Every pedestrian talks about those bad synopsis.	-102.0	-102.0	-10.25	-10.25	False	False	morphology	determiner_noun_agreement	Write a natural, coherent English sentence.
487	22	The fish shocks these old alumni.	The fish shocks this old alumni.	-103.0	-103.0	-10.25	-10.3125	False	True	morphology	determiner_noun_agreement	Write a natural, coherent English sentence.
488	22	Those waitresses visited those scared alumni.	Those waitresses visited that scared alumni.	-112.0	-112.0	-10.1875	-10.1875	False	False	morphology	determiner_noun_agreement	Write a natural, coherent English sentence.
489	22	That library was listening to this nice man.	That library was listening to these nice man.	-92.5	-93.0	-10.3125	-10.3125	True	False	morphology	determiner_noun_agreement	Write a natural, coherent English sentence.
490	22	Steve wasn't bringing that blue stimulus.	Steve wasn't bringing those blue stimulus.	-102.5	-102.5	-10.25	-10.25	False	False	morphology	determiner_noun_agreement	Write a natural, coherent English sentence.
491	22	Some guest was hiring that scared woman.	Some guest was hiring those scared woman.	-82.5	-83.0	-10.3125	-10.375	True	True	morphology	determiner_noun_agreement	Write a natural, coherent English sentence.
492	22	The spotlights upset this unconvinced alumnus.	The spotlights upset these unconvinced alumnus.	-133.0	-133.0	-10.25	-10.25	False	False	morphology	determiner_noun_agreement	Write a natural, coherent English sentence.
493	22	Todd might observe this lost man.	Todd might observe these lost man.	-72.5	-72.5	-10.375	-10.375	False	False	morphology	determiner_noun_agreement	Write a natural, coherent English sentence.
494	22	People could describe that unconvinced person.	People could describe those unconvinced person.	-103.0	-103.0	-10.3125	-10.3125	False	False	morphology	determiner_noun_agreement	Write a natural, coherent English sentence.
495	22	That waiter had astounded these lucky people.	That waiter had astounded this lucky people.	-112.5	-113.0	-10.25	-10.25	True	False	morphology	determiner_noun_agreement	Write a natural, coherent English sentence.
496	22	Kendra disgusted these confident women.	Kendra disgusted this confident women.	-93.0	-93.0	-10.3125	-10.3125	False	False	morphology	determiner_noun_agreement	Write a natural, coherent English sentence.
497	22	Spain hasn't annoyed those old people.	Spain hasn't annoyed that old people.	-102.5	-102.5	-10.25	-10.25	False	False	morphology	determiner_noun_agreement	Write a natural, coherent English sentence.
498	22	Steve kisses these out in the open people.	Steve kisses this out in the open people.	-103.0	-103.0	-10.25	-10.3125	False	True	morphology	determiner_noun_agreement	Write a natural, coherent English sentence.
499	22	Wayne kissed those unconvinced men.	Wayne kissed that unconvinced men.	-93.0	-93.0	-10.3125	-10.3125	False	False	morphology	determiner_noun_agreement	Write a natural, coherent English sentence.
500	22	Douglas has brought those lost cacti.	Douglas has brought that lost cacti.	-93.0	-92.5	-10.3125	-10.3125	False	False	morphology	determiner_noun_agreement	Write a natural, coherent English sentence.
501	22	Tammy can't reveal that big alumnus.	Tammy can't reveal those big alumnus.	-123.0	-123.0	-10.25	-10.25	False	False	morphology	determiner_noun_agreement	Write a natural, coherent English sentence.
502	22	Deborah fled from those standing children.	Deborah fled from that standing children.	-92.5	-93.0	-10.3125	-10.3125	True	False	morphology	determiner_noun_agreement	Write a natural, coherent English sentence.
503	22	A man wasn't cleaning that hard fungus.	A man wasn't cleaning those hard fungus.	-123.5	-123.0	-10.25	-10.25	False	False	morphology	determiner_noun_agreement	Write a natural, coherent English sentence.
504	22	Danielle has broken those gray teeth.	Danielle has broken that gray teeth.	-82.5	-82.5	-10.3125	-10.3125	False	False	morphology	determiner_noun_agreement	Write a natural, coherent English sentence.
505	22	Derek praised this big thesis.	Derek praised these big thesis.	-72.5	-72.5	-10.375	-10.375	False	False	morphology	determiner_noun_agreement	Write a natural, coherent English sentence.
506	22	Gary has disgusted those unsure people.	Gary has disgusted that unsure people.	-93.0	-93.0	-10.3125	-10.3125	False	False	morphology	determiner_noun_agreement	Write a natural, coherent English sentence.
507	22	A senator insulted this bad synopsis.	A senator insulted these bad synopsis.	-102.5	-102.5	-10.25	-10.25	False	False	morphology	determiner_noun_agreement	Write a natural, coherent English sentence.
508	22	A lot of drivers visit these purple oases.	A lot of drivers visit this purple oases.	-103.0	-103.0	-10.3125	-10.3125	False	False	morphology	determiner_noun_agreement	Write a natural, coherent English sentence.
509	22	Richard isn't attacking this fast child.	Richard isn't attacking these fast child.	-93.0	-93.0	-10.3125	-10.3125	False	False	morphology	determiner_noun_agreement	Write a natural, coherent English sentence.
510	22	Frank shocked that unsure man.	Frank shocked those unsure man.	-73.0	-73.0	-10.4375	-10.375	False	False	morphology	determiner_noun_agreement	Write a natural, coherent English sentence.
511	22	Brett returned to that confident man.	Brett returned to those confident man.	-82.5	-82.5	-10.3125	-10.3125	False	False	morphology	determiner_noun_agreement	Write a natural, coherent English sentence.
512	22	Many ladies weren't passing these old oases.	Many ladies weren't passing this old oases.	-113.5	-113.5	-10.3125	-10.3125	False	False	morphology	determiner_noun_agreement	Write a natural, coherent English sentence.
513	22	A waiter brought those purple teeth.	A waiter brought that purple teeth.	-82.5	-82.5	-10.3125	-10.3125	False	False	morphology	determiner_noun_agreement	Write a natural, coherent English sentence.
514	22	Beverly has fired this fast alumnus.	Beverly has fired these fast alumnus.	-102.5	-102.5	-10.25	-10.25	False	False	morphology	determiner_noun_agreement	Write a natural, coherent English sentence.
515	22	Men haven't observed that standing man.	Men haven't observed those standing man.	-93.0	-93.0	-10.3125	-10.3125	False	False	morphology	determiner_noun_agreement	Write a natural, coherent English sentence.
516	22	Tiffany admired this ill child.	Tiffany admired these ill child.	-92.5	-92.5	-10.25	-10.25	False	False	morphology	determiner_noun_agreement	Write a natural, coherent English sentence.
517	22	That patient didn't love that unemployed alumnus.	That patient didn't love those unemployed alumnus.	-133.0	-133.0	-10.25	-10.25	False	False	morphology	determiner_noun_agreement	Write a natural, coherent English sentence.
518	22	Aaron reveals that red tooth.	Aaron reveals those red tooth.	-62.0	-62.5	-10.375	-10.375	True	False	morphology	determiner_noun_agreement	Write a natural, coherent English sentence.
519	22	Monica was insulting those bad people.	Monica was insulting that bad people.	-92.0	-92.5	-10.25	-10.25	True	False	morphology	determiner_noun_agreement	Write a natural, coherent English sentence.
520	22	These teenagers watch that old alumnus.	These teenagers watch those old alumnus.	-101.5	-101.5	-10.125	-10.1875	False	True	morphology	determiner_noun_agreement	Write a natural, coherent English sentence.
521	22	Tina might confuse this exposed child.	Tina might confuse these exposed child.	-93.0	-93.0	-10.3125	-10.3125	False	False	morphology	determiner_noun_agreement	Write a natural, coherent English sentence.
522	22	A face was confusing that nice woman.	A face was confusing those nice woman.	-83.0	-83.0	-10.375	-10.375	False	False	morphology	determiner_noun_agreement	Write a natural, coherent English sentence.
523	22	An adult researches that good analysis.	An adult researches those good analysis.	-103.0	-103.5	-10.3125	-10.3125	True	False	morphology	determiner_noun_agreement	Write a natural, coherent English sentence.
524	22	Some broccoli isn't annoying these unconvinced women.	Some broccoli isn't annoying this unconvinced women.	-154.0	-154.0	-10.25	-10.25	False	False	morphology	determiner_noun_agreement	Write a natural, coherent English sentence.
525	22	Nancy talks about these content children.	Nancy talks about this content children.	-72.0	-72.0	-10.3125	-10.3125	False	False	morphology	determiner_noun_agreement	Write a natural, coherent English sentence.
526	22	Regina found this lost ox.	Regina found these lost ox.	-82.5	-82.5	-10.3125	-10.3125	False	False	morphology	determiner_noun_agreement	Write a natural, coherent English sentence.
527	22	Emily had respected that clever man.	Emily had respected those clever man.	-72.0	-72.0	-10.3125	-10.3125	False	False	morphology	determiner_noun_agreement	Write a natural, coherent English sentence.
528	22	Kathleen has worked with this confident man.	Kathleen has worked with these confident man.	-92.5	-92.5	-10.25	-10.3125	False	True	morphology	determiner_noun_agreement	Write a natural, coherent English sentence.
529	22	Most customers are distracting these determined children.	Most customers are distracting this determined children.	-92.5	-93.0	-10.3125	-10.3125	True	False	morphology	determiner_noun_agreement	Write a natural, coherent English sentence.
530	22	Rachelle didn't cure this black octopus.	Rachelle didn't cure these black octopus.	-122.5	-123.0	-10.1875	-10.25	True	True	morphology	determiner_noun_agreement	Write a natural, coherent English sentence.
531	22	Steven hugs these standing men.	Steven hugs this standing men.	-72.5	-72.5	-10.3125	-10.3125	False	False	morphology	determiner_noun_agreement	Write a natural, coherent English sentence.
532	22	Every popsicle shocked those excited men.	Every popsicle shocked that excited men.	-93.0	-93.0	-10.3125	-10.3125	False	False	morphology	determiner_noun_agreement	Write a natural, coherent English sentence.
533	22	Sonia lifts that new oasis.	Sonia lifts those new oasis.	-92.5	-92.5	-10.25	-10.25	False	False	morphology	determiner_noun_agreement	Write a natural, coherent English sentence.
534	22	Cheryl might tour that purple oasis.	Cheryl might tour those purple oasis.	-92.5	-92.5	-10.3125	-10.3125	False	False	morphology	determiner_noun_agreement	Write a natural, coherent English sentence.
535	22	This doctor appreciates this bad child.	This doctor appreciates these bad child.	-82.5	-82.5	-10.3125	-10.3125	False	False	morphology	determiner_noun_agreement	Write a natural, coherent English sentence.
536	22	Leslie breaks those red feet.	Leslie breaks that red feet.	-72.0	-72.0	-10.25	-10.25	False	False	morphology	determiner_noun_agreement	Write a natural, coherent English sentence.
537	22	Bethany hasn't hidden that yellow louse.	Bethany hasn't hidden those yellow louse.	-113.0	-113.0	-10.25	-10.25	False	False	morphology	determiner_noun_agreement	Write a natural, coherent English sentence.
538	22	Some people have criticized this brown thesis.	Some people have criticized these brown thesis.	-92.0	-92.0	-10.1875	-10.1875	False	False	morphology	determiner_noun_agreement	Write a natural, coherent English sentence.
539	22	Noah heals this determined child.	Noah heals these determined child.	-72.5	-72.5	-10.375	-10.375	False	False	morphology	determiner_noun_agreement	Write a natural, coherent English sentence.
540	22	Kevin biked to those big oases.	Kevin biked to that big oases.	-103.0	-103.0	-10.3125	-10.3125	False	False	morphology	determiner_noun_agreement	Write a natural, coherent English sentence.
541	22	Wayne hadn't bored these sick men.	Wayne hadn't bored this sick men.	-93.0	-93.0	-10.3125	-10.3125	False	False	morphology	determiner_noun_agreement	Write a natural, coherent English sentence.
542	22	Amy returns to those young alumni.	Amy returns to that young alumni.	-93.0	-92.5	-10.3125	-10.3125	False	False	morphology	determiner_noun_agreement	Write a natural, coherent English sentence.
543	22	That gate did aggravate this excited woman.	That gate did aggravate these excited woman.	-103.0	-103.0	-10.3125	-10.3125	False	False	morphology	determiner_noun_agreement	Write a natural, coherent English sentence.
544	22	Melissa observes that bad child.	Melissa observes those bad child.	-82.0	-82.5	-10.25	-10.3125	True	True	morphology	determiner_noun_agreement	Write a natural, coherent English sentence.
545	22	Kathleen wasn't scanning those long synopses.	Kathleen wasn't scanning that long synopses.	-133.0	-133.0	-10.25	-10.25	False	False	morphology	determiner_noun_agreement	Write a natural, coherent English sentence.
546	22	That guy dropped by these white oases.	That guy dropped by this white oases.	-92.5	-92.5	-10.3125	-10.3125	False	False	morphology	determiner_noun_agreement	Write a natural, coherent English sentence.
547	22	Every child might fire this serious child.	Every child might fire these serious child.	-82.5	-82.5	-10.3125	-10.3125	False	False	morphology	determiner_noun_agreement	Write a natural, coherent English sentence.
548	22	Meredith had concealed that black thesis.	Meredith had concealed those black thesis.	-103.0	-103.0	-10.3125	-10.3125	False	False	morphology	determiner_noun_agreement	Write a natural, coherent English sentence.
549	22	Randolf didn't see these blue teeth.	Randolf didn't see this blue teeth.	-103.0	-103.0	-10.25	-10.25	False	False	morphology	determiner_noun_agreement	Write a natural, coherent English sentence.
550	22	Some guy passes that rough oasis.	Some guy passes those rough oasis.	-82.5	-82.5	-10.3125	-10.3125	False	False	morphology	determiner_noun_agreement	Write a natural, coherent English sentence.
551	22	Guys hurts that smart man.	Guys hurts those smart man.	-82.5	-82.5	-10.3125	-10.3125	False	False	morphology	determiner_noun_agreement	Write a natural, coherent English sentence.
552	22	Many museums should describe this fast man.	Many museums should describe these fast man.	-93.0	-93.0	-10.3125	-10.3125	False	False	morphology	determiner_noun_agreement	Write a natural, coherent English sentence.
553	22	A lot of chairs haven't embarrassed this serious man.	A lot of chairs haven't embarrassed these serious man.	-123.0	-123.5	-10.25	-10.3125	True	True	morphology	determiner_noun_agreement	Write a natural, coherent English sentence.
554	22	Emily talked about that ill alumnus.	Emily talked about those ill alumnus.	-92.0	-92.0	-10.25	-10.25	False	False	morphology	determiner_noun_agreement	Write a natural, coherent English sentence.
555	22	A lot of girls notice these black lice.	A lot of girls notice this black lice.	-103.0	-103.0	-10.25	-10.25	False	False	morphology	determiner_noun_agreement	Write a natural, coherent English sentence.
556	22	Those schools reference that green thesis.	Those schools reference those green thesis.	-72.5	-72.5	-10.375	-10.375	False	False	morphology	determiner_noun_agreement	Write a natural, coherent English sentence.
557	22	Bradley had bored this delighted alumnus.	Bradley had bored these delighted alumnus.	-102.5	-102.5	-10.25	-10.25	False	False	morphology	determiner_noun_agreement	Write a natural, coherent English sentence.
558	22	Melinda scares this good woman.	Melinda scares these good woman.	-82.5	-83.0	-10.3125	-10.375	True	True	morphology	determiner_noun_agreement	Write a natural, coherent English sentence.
559	22	Those pedestrians go to those big oases.	Those pedestrians go to that big oases.	-113.5	-113.5	-10.3125	-10.3125	False	False	morphology	determiner_noun_agreement	Write a natural, coherent English sentence.
560	22	Many doctors escaped from that lost child.	Many doctors escaped from those lost child.	-82.5	-82.5	-10.3125	-10.3125	False	False	morphology	determiner_noun_agreement	Write a natural, coherent English sentence.
561	22	Tamara isn't revealing that orange ox.	Tamara isn't revealing those orange ox.	-102.5	-102.5	-10.25	-10.25	False	False	morphology	determiner_noun_agreement	Write a natural, coherent English sentence.
562	22	Many patients arrive at that hidden oasis.	Many patients arrive at those hidden oasis.	-92.0	-92.0	-10.25	-10.25	False	False	morphology	determiner_noun_agreement	Write a natural, coherent English sentence.
563	22	Beth leaves these happy children.	Beth leaves this happy children.	-62.0	-62.0	-10.3125	-10.3125	False	False	morphology	determiner_noun_agreement	Write a natural, coherent English sentence.
564	22	Deanna broke that yellow foot.	Deanna broke those yellow foot.	-72.0	-72.0	-10.3125	-10.3125	False	False	morphology	determiner_noun_agreement	Write a natural, coherent English sentence.
565	22	Jessica had talked to that concealed man.	Jessica had talked to those concealed man.	-93.0	-93.0	-10.3125	-10.3125	False	False	morphology	determiner_noun_agreement	Write a natural, coherent English sentence.
566	22	Those actors praise those long synopses.	Those actors praise that long synopses.	-93.0	-93.0	-10.3125	-10.3125	False	False	morphology	determiner_noun_agreement	Write a natural, coherent English sentence.
567	22	This coat hasn't astounded these popular men.	This coat hasn't astounded this popular men.	-123.0	-123.0	-10.25	-10.25	False	False	morphology	determiner_noun_agreement	Write a natural, coherent English sentence.
568	22	Wendy does talk to this scared alumnus.	Wendy does talk to these scared alumnus.	-113.0	-113.0	-10.25	-10.3125	False	True	morphology	determiner_noun_agreement	Write a natural, coherent English sentence.
569	22	Christine is questioning these happy men.	Christine is questioning this happy men.	-82.5	-82.5	-10.3125	-10.3125	False	False	morphology	determiner_noun_agreement	Write a natural, coherent English sentence.
570	22	All doctors loved that displeased man.	All doctors loved those displeased man.	-93.0	-93.0	-10.3125	-10.3125	False	False	morphology	determiner_noun_agreement	Write a natural, coherent English sentence.
571	22	Waitresses researched these long synopses.	Waitresses researched this long synopses.	-133.0	-133.0	-10.25	-10.25	False	False	morphology	determiner_noun_agreement	Write a natural, coherent English sentence.
572	22	Alexander can flee from this nice woman.	Alexander can flee from these nice woman.	-93.0	-93.0	-10.3125	-10.3125	False	False	morphology	determiner_noun_agreement	Write a natural, coherent English sentence.
573	22	Walter hadn't hated this fast man.	Walter hadn't hated these fast man.	-93.0	-93.0	-10.3125	-10.3125	False	False	morphology	determiner_noun_agreement	Write a natural, coherent English sentence.
574	22	Those cashiers buy those smooth lice.	Those cashiers buy that smooth lice.	-92.5	-93.0	-10.3125	-10.3125	True	False	morphology	determiner_noun_agreement	Write a natural, coherent English sentence.
575	22	Sonia hid that determined child.	Sonia hid those determined child.	-72.5	-72.5	-10.375	-10.3125	False	False	morphology	determiner_noun_agreement	Write a natural, coherent English sentence.
576	22	Barbara is observing that excited person.	Barbara is observing those excited person.	-82.5	-82.5	-10.3125	-10.3125	False	False	morphology	determiner_noun_agreement	Write a natural, coherent English sentence.
577	22	That company stuns these unconvinced women.	That company stuns this unconvinced women.	-113.5	-113.5	-10.3125	-10.3125	False	False	morphology	determiner_noun_agreement	Write a natural, coherent English sentence.
578	22	Paul thought about those bad theses.	Paul thought about that bad theses.	-82.5	-82.5	-10.3125	-10.3125	False	False	morphology	determiner_noun_agreement	Write a natural, coherent English sentence.
579	22	Victoria escaped from these displeased children.	Victoria escaped from this displeased children.	-92.5	-92.5	-10.25	-10.3125	False	True	morphology	determiner_noun_agreement	Write a natural, coherent English sentence.
580	22	Brad notices this big octopus.	Brad notices these big octopus.	-92.0	-92.0	-10.25	-10.1875	False	False	morphology	determiner_noun_agreement	Write a natural, coherent English sentence.
581	22	Adam is praising those yellow theses.	Adam is praising that yellow theses.	-93.0	-93.0	-10.3125	-10.375	False	True	morphology	determiner_noun_agreement	Write a natural, coherent English sentence.
582	22	Douglas did tour those hidden oases.	Douglas did tour that hidden oases.	-82.5	-82.5	-10.3125	-10.3125	False	False	morphology	determiner_noun_agreement	Write a natural, coherent English sentence.
583	22	Gerald couldn't know these happy men.	Gerald couldn't know this happy men.	-102.5	-102.5	-10.25	-10.25	False	False	morphology	determiner_noun_agreement	Write a natural, coherent English sentence.
584	22	Those women hug that smart man.	Those women hug those smart man.	-72.5	-72.0	-10.3125	-10.3125	False	False	morphology	determiner_noun_agreement	Write a natural, coherent English sentence.
585	22	These senators wouldn't forget that long synopsis.	These senators wouldn't forget those long synopsis.	-123.0	-123.0	-10.25	-10.25	False	False	morphology	determiner_noun_agreement	Write a natural, coherent English sentence.
586	22	Edward took those lost stimuli.	Edward took that lost stimuli.	-72.0	-72.0	-10.3125	-10.25	False	False	morphology	determiner_noun_agreement	Write a natural, coherent English sentence.
587	22	The waitresses did know this lucky person.	The waitresses did know these lucky person.	-102.0	-102.0	-10.25	-10.25	False	False	morphology	determiner_noun_agreement	Write a natural, coherent English sentence.
588	22	That library might love this important person.	That library might love these important person.	-83.0	-83.0	-10.375	-10.375	False	False	morphology	determiner_noun_agreement	Write a natural, coherent English sentence.
589	22	Carrie was healing this gray octopus.	Carrie was healing these gray octopus.	-102.5	-102.5	-10.25	-10.25	False	False	morphology	determiner_noun_agreement	Write a natural, coherent English sentence.
590	22	Sonia hadn't cleaned those gray teeth.	Sonia hadn't cleaned that gray teeth.	-103.0	-103.0	-10.25	-10.3125	False	True	morphology	determiner_noun_agreement	Write a natural, coherent English sentence.
591	22	The Lutherans alarmed this confident woman.	The Lutherans alarmed these confident woman.	-93.0	-93.0	-10.3125	-10.3125	False	False	morphology	determiner_noun_agreement	Write a natural, coherent English sentence.
592	22	This shirt impressed those popular people.	This shirt impressed that popular people.	-72.0	-72.0	-10.3125	-10.3125	False	False	morphology	determiner_noun_agreement	Write a natural, coherent English sentence.
593	22	Some schools love that employed person.	Some schools love those employed person.	-72.0	-72.5	-10.3125	-10.375	True	True	morphology	determiner_noun_agreement	Write a natural, coherent English sentence.
594	22	Valerie hasn't known this young child.	Valerie hasn't known these young child.	-102.5	-102.5	-10.25	-10.25	False	False	morphology	determiner_noun_agreement	Write a natural, coherent English sentence.
595	22	Scott respected those displeased men.	Scott respected that displeased men.	-83.0	-83.0	-10.375	-10.375	False	False	morphology	determiner_noun_agreement	Write a natural, coherent English sentence.
596	22	The ladies work with those lost children.	The ladies work with that lost children.	-82.5	-82.5	-10.3125	-10.3125	False	False	morphology	determiner_noun_agreement	Write a natural, coherent English sentence.
597	22	Dawn had biked to this small oasis.	Dawn had biked to these small oasis.	-122.5	-122.5	-10.1875	-10.25	False	True	morphology	determiner_noun_agreement	Write a natural, coherent English sentence.
598	22	Samantha would explore that gray oasis.	Samantha would explore those gray oasis.	-102.0	-102.0	-10.1875	-10.25	False	True	morphology	determiner_noun_agreement	Write a natural, coherent English sentence.
599	22	All steps upset those unemployed men.	All steps upset that unemployed men.	-82.0	-82.0	-10.25	-10.25	False	False	morphology	determiner_noun_agreement	Write a natural, coherent English sentence.
600	22	Marla has described that unemployed woman.	Marla has described those unemployed woman.	-92.5	-92.5	-10.25	-10.3125	False	True	morphology	determiner_noun_agreement	Write a natural, coherent English sentence.
601	22	Most universities bore those excited children.	Most universities bore that excited children.	-72.5	-72.5	-10.3125	-10.375	False	True	morphology	determiner_noun_agreement	Write a natural, coherent English sentence.
602	22	These banks should reference that purple thesis.	These banks should reference those purple thesis.	-82.5	-82.5	-10.3125	-10.3125	False	False	morphology	determiner_noun_agreement	Write a natural, coherent English sentence.
603	22	Sherry brought those concealed geese.	Sherry brought that concealed geese.	-92.5	-92.5	-10.25	-10.3125	False	True	morphology	determiner_noun_agreement	Write a natural, coherent English sentence.
604	22	Many pedestrians complain about these long analyses.	Many pedestrians complain about this long analyses.	-112.5	-112.5	-10.25	-10.25	False	False	morphology	determiner_noun_agreement	Write a natural, coherent English sentence.
605	22	Theresa fixed these small teeth.	Theresa fixed this small teeth.	-72.0	-72.0	-10.25	-10.25	False	False	morphology	determiner_noun_agreement	Write a natural, coherent English sentence.
606	22	This lake disturbed those unconvinced men.	This lake disturbed that unconvinced men.	-113.0	-113.0	-10.3125	-10.3125	False	False	morphology	determiner_noun_agreement	Write a natural, coherent English sentence.
607	22	Catherine was talking about those bad synopses.	Catherine was talking about that bad synopses.	-102.5	-102.5	-10.25	-10.25	False	False	morphology	determiner_noun_agreement	Write a natural, coherent English sentence.
608	22	Alicia had escaped from these hidden men.	Alicia had escaped from this hidden men.	-102.5	-102.5	-10.25	-10.25	False	False	morphology	determiner_noun_agreement	Write a natural, coherent English sentence.
609	22	Natalie hasn't worked with this confident woman.	Natalie hasn't worked with these confident woman.	-112.5	-112.5	-10.1875	-10.25	False	True	morphology	determiner_noun_agreement	Write a natural, coherent English sentence.
610	22	Amelia annoyed this smart man.	Amelia annoyed these smart man.	-82.0	-82.0	-10.25	-10.25	False	False	morphology	determiner_noun_agreement	Write a natural, coherent English sentence.
611	22	Every guest is irritating this serious child.	Every guest is irritating these serious child.	-93.0	-93.0	-10.3125	-10.3125	False	False	morphology	determiner_noun_agreement	Write a natural, coherent English sentence.
612	22	All reports annoyed this hopeful person.	All reports annoyed these hopeful person.	-92.0	-92.5	-10.25	-10.25	True	False	morphology	determiner_noun_agreement	Write a natural, coherent English sentence.
613	22	These women break those orange teeth.	These women break that orange teeth.	-72.5	-72.5	-10.375	-10.375	False	False	morphology	determiner_noun_agreement	Write a natural, coherent English sentence.
614	22	Christopher could shock this excited child.	Christopher could shock these excited child.	-72.5	-72.0	-10.3125	-10.3125	False	False	morphology	determiner_noun_agreement	Write a natural, coherent English sentence.
615	22	This spotlight hasn't disgusted that employed child.	This spotlight hasn't disgusted those employed child.	-123.0	-123.5	-10.25	-10.25	True	False	morphology	determiner_noun_agreement	Write a natural, coherent English sentence.
616	22	Samantha fled from that busy child.	Samantha fled from those busy child.	-92.0	-92.0	-10.25	-10.25	False	False	morphology	determiner_noun_agreement	Write a natural, coherent English sentence.
617	22	Lucille arrived at that hard oasis.	Lucille arrived at those hard oasis.	-92.0	-92.0	-10.1875	-10.25	False	True	morphology	determiner_noun_agreement	Write a natural, coherent English sentence.
618	22	All teachers see those yellow lice.	All teachers see that yellow lice.	-83.0	-83.0	-10.375	-10.375	False	False	morphology	determiner_noun_agreement	Write a natural, coherent English sentence.
619	22	Some photographs haven't looked like these small octopi.	Some photographs haven't looked like this small octopi.	-134.0	-134.0	-10.3125	-10.3125	False	False	morphology	determiner_noun_agreement	Write a natural, coherent English sentence.
620	22	Danielle brought those blue feet.	Danielle brought that blue feet.	-72.0	-72.0	-10.25	-10.3125	False	True	morphology	determiner_noun_agreement	Write a natural, coherent English sentence.
621	22	Todd hadn't left those exposed men.	Todd hadn't left that exposed men.	-93.0	-93.0	-10.3125	-10.3125	False	False	morphology	determiner_noun_agreement	Write a natural, coherent English sentence.
622	22	Some doctors embarrasses those delighted alumni.	Some doctors embarrasses that delighted alumni.	-103.0	-103.0	-10.25	-10.3125	False	True	morphology	determiner_noun_agreement	Write a natural, coherent English sentence.
623	22	The actresses forget that unemployed alumnus.	The actresses forget those unemployed alumnus.	-112.0	-112.0	-10.1875	-10.1875	False	False	morphology	determiner_noun_agreement	Write a natural, coherent English sentence.
624	22	A lot of socks alarm this unsure alumnus.	A lot of socks alarm these unsure alumnus.	-123.0	-123.0	-10.25	-10.25	False	False	morphology	determiner_noun_agreement	Write a natural, coherent English sentence.
625	22	The customers are thinking about that busy child.	The customers are thinking about those busy child.	-93.0	-92.5	-10.3125	-10.3125	False	False	morphology	determiner_noun_agreement	Write a natural, coherent English sentence.
626	22	Kristin wasn't kissing those small men.	Kristin wasn't kissing that small men.	-113.0	-113.0	-10.25	-10.25	False	False	morphology	determiner_noun_agreement	Write a natural, coherent English sentence.
627	22	Omar hasn't broken this broken foot.	Omar hasn't broken these broken foot.	-102.5	-102.5	-10.25	-10.25	False	False	morphology	determiner_noun_agreement	Write a natural, coherent English sentence.
628	22	The actress worked with this nice woman.	The actress worked with these nice woman.	-82.5	-82.5	-10.3125	-10.3125	False	False	morphology	determiner_noun_agreement	Write a natural, coherent English sentence.
629	22	Patients insult these happy people.	Patients insult this happy people.	-72.0	-72.5	-10.3125	-10.3125	True	False	morphology	determiner_noun_agreement	Write a natural, coherent English sentence.
630	22	Spain bought those orange lice.	Spain bought that orange lice.	-72.0	-72.0	-10.3125	-10.3125	False	False	morphology	determiner_noun_agreement	Write a natural, coherent English sentence.
631	22	Those waiters didn't kiss this unlucky child.	Those waiters didn't kiss these unlucky child.	-133.0	-133.0	-10.25	-10.25	False	False	morphology	determiner_noun_agreement	Write a natural, coherent English sentence.
632	22	Jennifer isn't touring these old oases.	Jennifer isn't touring this old oases.	-112.5	-113.0	-10.25	-10.25	True	False	morphology	determiner_noun_agreement	Write a natural, coherent English sentence.
633	22	Glaciers upset this small child.	Glaciers upset these small child.	-82.5	-82.5	-10.3125	-10.3125	False	False	morphology	determiner_noun_agreement	Write a natural, coherent English sentence.
634	22	John investigated these old men.	John investigated this old men.	-62.0	-62.0	-10.375	-10.375	False	False	morphology	determiner_noun_agreement	Write a natural, coherent English sentence.
635	22	Some doctors hated these yellow theses.	Some doctors hated this yellow theses.	-82.5	-82.5	-10.3125	-10.3125	False	False	morphology	determiner_noun_agreement	Write a natural, coherent English sentence.
636	22	Linda described that clever man.	Linda described those clever man.	-62.0	-62.25	-10.375	-10.375	True	False	morphology	determiner_noun_agreement	Write a natural, coherent English sentence.
637	22	Many drawings are looking like these excited women.	Many drawings are looking like this excited women.	-93.0	-93.0	-10.375	-10.375	False	False	morphology	determiner_noun_agreement	Write a natural, coherent English sentence.
638	22	Mitchell had concealed that small tooth.	Mitchell had concealed those small tooth.	-82.5	-82.5	-10.3125	-10.3125	False	False	morphology	determiner_noun_agreement	Write a natural, coherent English sentence.
639	22	Every dog had irritated this young child.	Every dog had irritated these young child.	-92.5	-92.5	-10.25	-10.25	False	False	morphology	determiner_noun_agreement	Write a natural, coherent English sentence.
640	22	Some doctors lift this exposed ox.	Some doctors lift these exposed ox.	-72.0	-72.0	-10.3125	-10.3125	False	False	morphology	determiner_noun_agreement	Write a natural, coherent English sentence.
641	22	Valerie was disgusting that happy woman.	Valerie was disgusting those happy woman.	-92.5	-92.5	-10.3125	-10.3125	False	False	morphology	determiner_noun_agreement	Write a natural, coherent English sentence.
642	22	Claire hugs those clever men.	Claire hugs that clever men.	-72.5	-72.5	-10.375	-10.3125	False	False	morphology	determiner_noun_agreement	Write a natural, coherent English sentence.
643	22	All adults go to these white oases.	All adults go to this white oases.	-93.0	-93.0	-10.3125	-10.3125	False	False	morphology	determiner_noun_agreement	Write a natural, coherent English sentence.
644	22	Bill observed this nice child.	Bill observed these nice child.	-62.25	-62.0	-10.375	-10.375	False	False	morphology	determiner_noun_agreement	Write a natural, coherent English sentence.
645	22	Diana kissed these delighted alumni.	Diana kissed this delighted alumni.	-82.5	-82.5	-10.3125	-10.3125	False	False	morphology	determiner_noun_agreement	Write a natural, coherent English sentence.
646	22	Governments are describing those sick people.	Governments are describing that sick people.	-82.0	-82.0	-10.25	-10.25	False	False	morphology	determiner_noun_agreement	Write a natural, coherent English sentence.
647	22	The doctors cure that young woman.	The doctors cure those young woman.	-71.5	-71.5	-10.1875	-10.25	False	True	morphology	determiner_noun_agreement	Write a natural, coherent English sentence.
648	22	Dancers did disagree with this ill child.	Dancers did disagree with these ill child.	-93.0	-93.0	-10.375	-10.375	False	False	morphology	determiner_noun_agreement	Write a natural, coherent English sentence.
649	22	Veronica couldn't embarrass these exposed men.	Veronica couldn't embarrass this exposed men.	-113.0	-113.0	-10.25	-10.25	False	False	morphology	determiner_noun_agreement	Write a natural, coherent English sentence.
650	22	The students cared for that delighted man.	The students cared for those delighted man.	-82.5	-82.5	-10.3125	-10.3125	False	False	morphology	determiner_noun_agreement	Write a natural, coherent English sentence.
651	22	Steve conceals these important men.	Steve conceals this important men.	-72.5	-72.0	-10.3125	-10.3125	False	False	morphology	determiner_noun_agreement	Write a natural, coherent English sentence.
652	22	These actresses will talk to these content men.	These actresses will talk to this content men.	-102.5	-102.5	-10.25	-10.25	False	False	morphology	determiner_noun_agreement	Write a natural, coherent English sentence.
653	22	That teenager wouldn't buy these rough oxen.	That teenager wouldn't buy this rough oxen.	-113.0	-113.0	-10.25	-10.25	False	False	morphology	determiner_noun_agreement	Write a natural, coherent English sentence.
654	22	Sheila wouldn't kiss that happy child.	Sheila wouldn't kiss those happy child.	-103.0	-102.5	-10.25	-10.25	False	False	morphology	determiner_noun_agreement	Write a natural, coherent English sentence.
655	22	Erin drove to these out in the open oases.	Erin drove to this out in the open oases.	-123.5	-123.0	-10.3125	-10.25	False	False	morphology	determiner_noun_agreement	Write a natural, coherent English sentence.
656	22	Every hat has embarrassed those hopeful people.	Every hat has embarrassed that hopeful people.	-92.0	-92.5	-10.25	-10.25	True	False	morphology	determiner_noun_agreement	Write a natural, coherent English sentence.
657	22	Every man is fleeing from that exposed oasis.	Every man is fleeing from those exposed oasis.	-113.0	-113.0	-10.3125	-10.3125	False	False	morphology	determiner_noun_agreement	Write a natural, coherent English sentence.
658	22	Some adults visit this ill man.	Some adults visit these ill man.	-72.5	-72.0	-10.3125	-10.3125	False	False	morphology	determiner_noun_agreement	Write a natural, coherent English sentence.
659	22	Janet did lift that good thesis.	Janet did lift those good thesis.	-82.5	-82.5	-10.3125	-10.3125	False	False	morphology	determiner_noun_agreement	Write a natural, coherent English sentence.
660	22	Katherine was cleaning this orange tooth.	Katherine was cleaning these orange tooth.	-82.0	-82.0	-10.25	-10.25	False	False	morphology	determiner_noun_agreement	Write a natural, coherent English sentence.
661	22	A lot of tomatoes can't confuse these ill alumni.	A lot of tomatoes can't confuse this ill alumni.	-164.0	-164.0	-10.25	-10.25	False	False	morphology	determiner_noun_agreement	Write a natural, coherent English sentence.
662	22	Rose goes to those out in the open oases.	Rose goes to that out in the open oases.	-113.0	-113.0	-10.3125	-10.25	False	False	morphology	determiner_noun_agreement	Write a natural, coherent English sentence.
663	22	These governments criticize those gray oases.	These governments criticize that gray oases.	-93.0	-93.0	-10.3125	-10.375	False	True	morphology	determiner_noun_agreement	Write a natural, coherent English sentence.
664	22	Kevin forgot those delighted men.	Kevin forgot that delighted men.	-62.0	-62.0	-10.375	-10.3125	False	False	morphology	determiner_noun_agreement	Write a natural, coherent English sentence.
665	22	Most companies describe that long analysis.	Most companies describe those long analysis.	-72.5	-72.5	-10.375	-10.375	False	False	morphology	determiner_noun_agreement	Write a natural, coherent English sentence.
666	22	Vincent was skated around this small oasis.	Vincent was skated around these small oasis.	-103.0	-103.0	-10.25	-10.25	False	False	morphology	determiner_noun_agreement	Write a natural, coherent English sentence.
667	22	Many guys arrive at these out in the open oases.	Many guys arrive at this out in the open oases.	-123.0	-122.5	-10.25	-10.25	False	False	morphology	determiner_noun_agreement	Write a natural, coherent English sentence.
668	22	Gregory hadn't revealed these lost fungi.	Gregory hadn't revealed this lost fungi.	-103.0	-103.0	-10.3125	-10.3125	False	False	morphology	determiner_noun_agreement	Write a natural, coherent English sentence.
669	22	The cake stuns this standing man.	The cake stuns these standing man.	-82.5	-82.5	-10.3125	-10.3125	False	False	morphology	determiner_noun_agreement	Write a natural, coherent English sentence.
670	22	Cheryl isn't irritating that clever man.	Cheryl isn't irritating those clever man.	-113.0	-113.0	-10.25	-10.25	False	False	morphology	determiner_noun_agreement	Write a natural, coherent English sentence.
671	22	Some cat bores those old children.	Some cat bores that old children.	-82.5	-82.5	-10.3125	-10.3125	False	False	morphology	determiner_noun_agreement	Write a natural, coherent English sentence.
672	22	The actress knows that delighted child.	The actress knows those delighted child.	-72.0	-72.5	-10.3125	-10.3125	True	False	morphology	determiner_noun_agreement	Write a natural, coherent English sentence.
673	22	That actress had driven to these hidden oases.	That actress had driven to this hidden oases.	-103.0	-103.0	-10.3125	-10.3125	False	False	morphology	determiner_noun_agreement	Write a natural, coherent English sentence.
674	22	The Lutherans arrive at this cheap oasis.	The Lutherans arrive at these cheap oasis.	-102.5	-103.0	-10.25	-10.25	True	False	morphology	determiner_noun_agreement	Write a natural, coherent English sentence.
675	22	Diane was kissing those lost women.	Diane was kissing that lost women.	-93.0	-93.0	-10.3125	-10.3125	False	False	morphology	determiner_noun_agreement	Write a natural, coherent English sentence.
676	22	Larry disturbs this employed woman.	Larry disturbs these employed woman.	-83.0	-83.0	-10.375	-10.375	False	False	morphology	determiner_noun_agreement	Write a natural, coherent English sentence.
677	22	Pies shock this upset woman.	Pies shock these upset woman.	-72.5	-72.5	-10.375	-10.375	False	False	morphology	determiner_noun_agreement	Write a natural, coherent English sentence.
678	22	Some waiters hug this content alumnus.	Some waiters hug these content alumnus.	-102.5	-103.0	-10.25	-10.25	True	False	morphology	determiner_noun_agreement	Write a natural, coherent English sentence.
679	22	Anna talked to those unsure men.	Anna talked to that unsure men.	-83.0	-83.0	-10.375	-10.375	False	False	morphology	determiner_noun_agreement	Write a natural, coherent English sentence.
680	22	This school bores this determined man.	This school bores these determined man.	-82.0	-82.5	-10.25	-10.3125	True	True	morphology	determiner_noun_agreement	Write a natural, coherent English sentence.
681	22	Omar had thought about these unemployed men.	Omar had thought about this unemployed men.	-102.5	-102.0	-10.25	-10.25	False	False	morphology	determiner_noun_agreement	Write a natural, coherent English sentence.
682	22	Winston Churchill cleaned these big nuclei.	Winston Churchill cleaned this big nuclei.	-102.5	-102.5	-10.25	-10.25	False	False	morphology	determiner_noun_agreement	Write a natural, coherent English sentence.
683	22	These organizations aren't concealing that exposed child.	These organizations aren't concealing those exposed child.	-113.5	-113.5	-10.3125	-10.3125	False	False	morphology	determiner_noun_agreement	Write a natural, coherent English sentence.
684	22	Erin bought this concealed axis.	Erin bought these concealed axis.	-82.0	-82.5	-10.25	-10.3125	True	True	morphology	determiner_noun_agreement	Write a natural, coherent English sentence.
685	22	Dan examines this long analysis.	Dan examines these long analysis.	-72.0	-72.5	-10.3125	-10.3125	True	False	morphology	determiner_noun_agreement	Write a natural, coherent English sentence.
686	22	These drivers concealed these gray oxen.	These drivers concealed this gray oxen.	-93.0	-92.5	-10.3125	-10.3125	False	False	morphology	determiner_noun_agreement	Write a natural, coherent English sentence.
687	22	All children impresses this happy man.	All children impresses these happy man.	-82.0	-82.0	-10.25	-10.25	False	False	morphology	determiner_noun_agreement	Write a natural, coherent English sentence.
688	22	People will conceal that concealed man.	People will conceal those concealed man.	-92.5	-92.5	-10.25	-10.3125	False	True	morphology	determiner_noun_agreement	Write a natural, coherent English sentence.
689	22	Some patient returns to this old man.	Some patient returns to these old man.	-82.5	-82.5	-10.3125	-10.3125	False	False	morphology	determiner_noun_agreement	Write a natural, coherent English sentence.
690	22	Many actresses discovered those big oases.	Many actresses discovered that big oases.	-92.0	-92.0	-10.25	-10.25	False	False	morphology	determiner_noun_agreement	Write a natural, coherent English sentence.
691	22	The school talks about those young alumni.	The school talks about that young alumni.	-102.5	-102.5	-10.25	-10.25	False	False	morphology	determiner_noun_agreement	Write a natural, coherent English sentence.
692	22	Omar admired these blue fungi.	Omar admired this blue fungi.	-93.0	-93.0	-10.3125	-10.3125	False	False	morphology	determiner_noun_agreement	Write a natural, coherent English sentence.
693	22	Some school can't hate these good people.	Some school can't hate this good people.	-104.0	-104.0	-10.375	-10.375	False	False	morphology	determiner_noun_agreement	Write a natural, coherent English sentence.
694	22	A lot of eggplants wouldn't disturb that determined woman.	A lot of eggplants wouldn't disturb those determined woman.	-143.0	-144.0	-10.25	-10.25	True	False	morphology	determiner_noun_agreement	Write a natural, coherent English sentence.
695	22	That cake could annoy these uncertain men.	That cake could annoy this uncertain men.	-82.5	-83.0	-10.3125	-10.375	True	True	morphology	determiner_noun_agreement	Write a natural, coherent English sentence.
696	22	Lamps are worrying these hopeful alumni.	Lamps are worrying this hopeful alumni.	-113.0	-113.0	-10.25	-10.25	False	False	morphology	determiner_noun_agreement	Write a natural, coherent English sentence.
697	22	A lot of eggplants bore these excited alumni.	A lot of eggplants bore this excited alumni.	-133.0	-133.0	-10.25	-10.25	False	False	morphology	determiner_noun_agreement	Write a natural, coherent English sentence.
698	22	A lot of teachers arrived at these old oases.	A lot of teachers arrived at this old oases.	-113.0	-113.0	-10.25	-10.25	False	False	morphology	determiner_noun_agreement	Write a natural, coherent English sentence.
699	22	Most sweaters hurt those happy people.	Most sweaters hurt that happy people.	-82.5	-83.0	-10.3125	-10.375	True	True	morphology	determiner_noun_agreement	Write a natural, coherent English sentence.
700	22	Tara scans those good analyses.	Tara scans that good analyses.	-93.0	-93.0	-10.3125	-10.3125	False	False	morphology	determiner_noun_agreement	Write a natural, coherent English sentence.
701	22	The man doesn't reference this out in the open woman.	The man doesn't reference these out in the open woman.	-134.0	-134.0	-10.3125	-10.3125	False	False	morphology	determiner_noun_agreement	Write a natural, coherent English sentence.
702	22	This cashier is leaving this employed person.	This cashier is leaving these employed person.	-92.0	-92.5	-10.25	-10.25	True	False	morphology	determiner_noun_agreement	Write a natural, coherent English sentence.
703	22	Bananas bother these clever alumni.	Bananas bother this clever alumni.	-92.0	-92.0	-10.25	-10.1875	False	False	morphology	determiner_noun_agreement	Write a natural, coherent English sentence.
704	22	Some convertibles had worried those fast men.	Some convertibles had worried that fast men.	-93.0	-92.5	-10.3125	-10.3125	False	False	morphology	determiner_noun_agreement	Write a natural, coherent English sentence.
705	22	Carl bored those nice women.	Carl bored that nice women.	-62.0	-62.25	-10.375	-10.375	True	False	morphology	determiner_noun_agreement	Write a natural, coherent English sentence.
706	22	These teachers explore these old oases.	These teachers explore this old oases.	-82.5	-83.0	-10.3125	-10.375	True	True	morphology	determiner_noun_agreement	Write a natural, coherent English sentence.
707	22	Many waiters work with this scared child.	Many waiters work with these scared child.	-93.0	-93.0	-10.3125	-10.3125	False	False	morphology	determiner_noun_agreement	Write a natural, coherent English sentence.
708	22	Committees admire that smart child.	Committees admire those smart child.	-92.5	-92.5	-10.3125	-10.25	False	False	morphology	determiner_noun_agreement	Write a natural, coherent English sentence.
709	22	Matt approaches this exposed child.	Matt approaches these exposed child.	-62.25	-62.25	-10.375	-10.375	False	False	morphology	determiner_noun_agreement	Write a natural, coherent English sentence.
710	22	Brian talks to this lucky man.	Brian talks to these lucky man.	-72.0	-72.5	-10.3125	-10.3125	True	False	morphology	determiner_noun_agreement	Write a natural, coherent English sentence.
711	22	A boy isn't talking about that red oasis.	A boy isn't talking about those red oasis.	-123.5	-123.0	-10.25	-10.25	False	False	morphology	determiner_noun_agreement	Write a natural, coherent English sentence.
712	22	Phillip bought those black feet.	Phillip bought that black feet.	-72.0	-72.0	-10.25	-10.3125	False	True	morphology	determiner_noun_agreement	Write a natural, coherent English sentence.
713	22	Eric isn't buying those brown geese.	Eric isn't buying that brown geese.	-103.0	-103.0	-10.3125	-10.3125	False	False	morphology	determiner_noun_agreement	Write a natural, coherent English sentence.
714	22	Elaine remembers this delighted woman.	Elaine remembers these delighted woman.	-82.5	-82.5	-10.3125	-10.3125	False	False	morphology	determiner_noun_agreement	Write a natural, coherent English sentence.
715	22	This pedestrian arrives at that smooth oasis.	This pedestrian arrives at those smooth oasis.	-102.5	-102.5	-10.25	-10.25	False	False	morphology	determiner_noun_agreement	Write a natural, coherent English sentence.
716	22	Those men forget these smart men.	Those men forget this smart men.	-72.0	-72.5	-10.3125	-10.3125	True	False	morphology	determiner_noun_agreement	Write a natural, coherent English sentence.
717	22	Tara might alarm this unsure person.	Tara might alarm these unsure person.	-93.0	-93.0	-10.375	-10.375	False	False	morphology	determiner_noun_agreement	Write a natural, coherent English sentence.
718	22	Vanessa was healing those purple geese.	Vanessa was healing that purple geese.	-92.5	-92.5	-10.3125	-10.25	False	False	morphology	determiner_noun_agreement	Write a natural, coherent English sentence.
719	22	Steven hasn't questioned those troubled people.	Steven hasn't questioned that troubled people.	-102.5	-102.5	-10.25	-10.25	False	False	morphology	determiner_noun_agreement	Write a natural, coherent English sentence.
720	22	Thomas hides this clever woman.	Thomas hides these clever woman.	-72.0	-72.0	-10.3125	-10.3125	False	False	morphology	determiner_noun_agreement	Write a natural, coherent English sentence.
721	22	Most eyes confuse these content alumni.	Most eyes confuse this content alumni.	-103.0	-103.0	-10.3125	-10.3125	False	False	morphology	determiner_noun_agreement	Write a natural, coherent English sentence.
722	22	That dog aggravates this busy child.	That dog aggravates these busy child.	-92.0	-92.5	-10.25	-10.25	True	False	morphology	determiner_noun_agreement	Write a natural, coherent English sentence.
723	22	Karen has attacked this popular child.	Karen has attacked these popular child.	-72.0	-72.0	-10.3125	-10.3125	False	False	morphology	determiner_noun_agreement	Write a natural, coherent English sentence.
724	22	Heidi might confuse those displeased men.	Heidi might confuse that displeased men.	-113.0	-113.0	-10.25	-10.3125	False	True	morphology	determiner_noun_agreement	Write a natural, coherent English sentence.
725	22	Maria kisses this bad person.	Maria kisses these bad person.	-72.0	-72.0	-10.25	-10.3125	False	True	morphology	determiner_noun_agreement	Write a natural, coherent English sentence.
726	22	Tanya passes this purple oasis.	Tanya passes these purple oasis.	-82.5	-82.5	-10.3125	-10.3125	False	False	morphology	determiner_noun_agreement	Write a natural, coherent English sentence.
727	22	Marla has respected those delighted alumni.	Marla has respected that delighted alumni.	-103.5	-103.0	-10.3125	-10.3125	False	False	morphology	determiner_noun_agreement	Write a natural, coherent English sentence.
728	22	Paula is investigating this employed alumnus.	Paula is investigating these employed alumnus.	-113.0	-113.0	-10.25	-10.25	False	False	morphology	determiner_noun_agreement	Write a natural, coherent English sentence.
729	22	Most chairs aren't disgusting those serious women.	Most chairs aren't disgusting that serious women.	-113.0	-113.0	-10.3125	-10.3125	False	False	morphology	determiner_noun_agreement	Write a natural, coherent English sentence.
730	22	Men hadn't run around this purple oasis.	Men hadn't run around these purple oasis.	-113.0	-113.0	-10.25	-10.3125	False	True	morphology	determiner_noun_agreement	Write a natural, coherent English sentence.
731	22	Tina hadn't arrived at those green oases.	Tina hadn't arrived at that green oases.	-123.0	-123.0	-10.25	-10.25	False	False	morphology	determiner_noun_agreement	Write a natural, coherent English sentence.
732	22	Karla knew this busy alumnus.	Karla knew these busy alumnus.	-92.5	-92.5	-10.25	-10.25	False	False	morphology	determiner_noun_agreement	Write a natural, coherent English sentence.
733	22	The actors care for these exposed people.	The actors care for this exposed people.	-82.5	-82.5	-10.3125	-10.3125	False	False	morphology	determiner_noun_agreement	Write a natural, coherent English sentence.
734	22	Michelle might alarm this employed man.	Michelle might alarm these employed man.	-72.5	-72.5	-10.375	-10.375	False	False	morphology	determiner_noun_agreement	Write a natural, coherent English sentence.
735	22	Maria hasn't walked through these hard oases.	Maria hasn't walked through this hard oases.	-113.0	-113.0	-10.25	-10.25	False	False	morphology	determiner_noun_agreement	Write a natural, coherent English sentence.
736	22	That report might disagree with those delighted men.	That report might disagree with that delighted men.	-93.0	-93.0	-10.3125	-10.3125	False	False	morphology	determiner_noun_agreement	Write a natural, coherent English sentence.
737	22	Actresses discuss this popular person.	Actresses discuss these popular person.	-82.0	-82.0	-10.25	-10.25	False	False	morphology	determiner_noun_agreement	Write a natural, coherent English sentence.
738	22	Holly won't watch these unlucky men.	Holly won't watch this unlucky men.	-113.0	-113.0	-10.3125	-10.3125	False	False	morphology	determiner_noun_agreement	Write a natural, coherent English sentence.
739	22	Carl was driving to those blue oases.	Carl was driving to that blue oases.	-92.5	-92.5	-10.3125	-10.25	False	False	morphology	determiner_noun_agreement	Write a natural, coherent English sentence.
740	22	Bill passes that rough oasis.	Bill passes those rough oasis.	-72.5	-72.0	-10.3125	-10.3125	False	False	morphology	determiner_noun_agreement	Write a natural, coherent English sentence.
741	22	All men praise this good thesis.	All men praise these good thesis.	-72.5	-72.5	-10.3125	-10.375	False	True	morphology	determiner_noun_agreement	Write a natural, coherent English sentence.
742	22	Many doctors should escape from these hopeful women.	Many doctors should escape from this hopeful women.	-103.0	-102.5	-10.25	-10.25	False	False	morphology	determiner_noun_agreement	Write a natural, coherent English sentence.
743	22	Many girls find these nice men.	Many girls find this nice men.	-72.5	-72.5	-10.3125	-10.3125	False	False	morphology	determiner_noun_agreement	Write a natural, coherent English sentence.
744	22	Every museum helps those concealed children.	Every museum helps that concealed children.	-82.5	-82.5	-10.3125	-10.3125	False	False	morphology	determiner_noun_agreement	Write a natural, coherent English sentence.
745	22	Marla was distracting these determined people.	Marla was distracting this determined people.	-93.0	-93.0	-10.3125	-10.3125	False	False	morphology	determiner_noun_agreement	Write a natural, coherent English sentence.
746	22	Those computers might confuse this nice child.	Those computers might confuse these nice child.	-92.5	-92.5	-10.3125	-10.3125	False	False	morphology	determiner_noun_agreement	Write a natural, coherent English sentence.
747	22	Tanya hasn't loved that content woman.	Tanya hasn't loved those content woman.	-103.0	-103.5	-10.3125	-10.3125	True	False	morphology	determiner_noun_agreement	Write a natural, coherent English sentence.
748	22	Theresa won't conceal those lost lice.	Theresa won't conceal that lost lice.	-123.5	-123.5	-10.3125	-10.3125	False	False	morphology	determiner_noun_agreement	Write a natural, coherent English sentence.
749	22	The Borgias do cure these out in the open octopi.	The Borgias do cure this out in the open octopi.	-155.0	-155.0	-10.3125	-10.3125	False	False	morphology	determiner_noun_agreement	Write a natural, coherent English sentence.
750	22	Kenneth messed up those lost teeth.	Kenneth messed up that lost teeth.	-92.5	-92.5	-10.25	-10.25	False	False	morphology	determiner_noun_agreement	Write a natural, coherent English sentence.
751	22	Jodi doesn't alarm these unsure people.	Jodi doesn't alarm this unsure people.	-113.5	-113.5	-10.3125	-10.3125	False	False	morphology	determiner_noun_agreement	Write a natural, coherent English sentence.
752	22	This customer scans those good analyses.	This customer scans that good analyses.	-92.5	-93.0	-10.3125	-10.3125	True	False	morphology	determiner_noun_agreement	Write a natural, coherent English sentence.
753	22	Vincent can't watch this hopeful alumnus.	Vincent can't watch these hopeful alumnus.	-123.0	-123.0	-10.25	-10.25	False	False	morphology	determiner_noun_agreement	Write a natural, coherent English sentence.
754	22	Jodi talked to this unconvinced child.	Jodi talked to these unconvinced child.	-113.5	-113.5	-10.3125	-10.3125	False	False	morphology	determiner_noun_agreement	Write a natural, coherent English sentence.
755	22	Katherine exited these exposed oases.	Katherine exited this exposed oases.	-92.5	-92.5	-10.3125	-10.3125	False	False	morphology	determiner_noun_agreement	Write a natural, coherent English sentence.
756	22	Beverly hasn't brought these rough fungi.	Beverly hasn't brought this rough fungi.	-113.0	-113.0	-10.25	-10.25	False	False	morphology	determiner_noun_agreement	Write a natural, coherent English sentence.
757	22	That unicycle is boring those standing children.	That unicycle is boring that standing children.	-102.5	-102.5	-10.25	-10.25	False	False	morphology	determiner_noun_agreement	Write a natural, coherent English sentence.
758	22	That boy can't escape from those unsure children.	That boy can't escape from that unsure children.	-124.0	-124.0	-10.3125	-10.3125	False	False	morphology	determiner_noun_agreement	Write a natural, coherent English sentence.
759	22	An adult bought these black axes.	An adult bought this black axes.	-82.5	-82.5	-10.3125	-10.3125	False	False	morphology	determiner_noun_agreement	Write a natural, coherent English sentence.
760	22	Sara isn't kissing this nice woman.	Sara isn't kissing these nice woman.	-103.0	-103.0	-10.25	-10.3125	False	True	morphology	determiner_noun_agreement	Write a natural, coherent English sentence.
761	22	Robert couldn't embarrass those scared people.	Robert couldn't embarrass that scared people.	-93.0	-93.0	-10.3125	-10.3125	False	False	morphology	determiner_noun_agreement	Write a natural, coherent English sentence.
762	22	Deborah had fled from that important woman.	Deborah had fled from those important woman.	-103.0	-103.0	-10.25	-10.25	False	False	morphology	determiner_noun_agreement	Write a natural, coherent English sentence.
763	22	Brenda discussed that serious woman.	Brenda discussed those serious woman.	-72.5	-72.5	-10.375	-10.3125	False	False	morphology	determiner_noun_agreement	Write a natural, coherent English sentence.
764	22	Some women questioned that big woman.	Some women questioned those big woman.	-72.0	-72.0	-10.3125	-10.3125	False	False	morphology	determiner_noun_agreement	Write a natural, coherent English sentence.
765	22	Rodney didn't kiss those displeased women.	Rodney didn't kiss that displeased women.	-122.5	-122.5	-10.25	-10.25	False	False	morphology	determiner_noun_agreement	Write a natural, coherent English sentence.
766	22	Carrie can help those lost alumni.	Carrie can help that lost alumni.	-102.5	-102.5	-10.25	-10.25	False	False	morphology	determiner_noun_agreement	Write a natural, coherent English sentence.
767	22	Many guests approach this lucky man.	Many guests approach these lucky man.	-72.0	-72.0	-10.25	-10.25	False	False	morphology	determiner_noun_agreement	Write a natural, coherent English sentence.
768	22	Some student messes up that hard foot.	Some student messes up those hard foot.	-92.5	-92.5	-10.3125	-10.25	False	False	morphology	determiner_noun_agreement	Write a natural, coherent English sentence.
769	22	Some men had skated around these hard oases.	Some men had skated around this hard oases.	-113.5	-113.5	-10.3125	-10.3125	False	False	morphology	determiner_noun_agreement	Write a natural, coherent English sentence.
770	22	Some light would annoy those happy alumni.	Some light would annoy that happy alumni.	-102.5	-103.0	-10.25	-10.3125	True	True	morphology	determiner_noun_agreement	Write a natural, coherent English sentence.
771	22	Many casseroles shock these unconvinced men.	Many casseroles shock this unconvinced men.	-123.0	-123.5	-10.25	-10.25	True	False	morphology	determiner_noun_agreement	Write a natural, coherent English sentence.
772	22	Carl talks about those confident children.	Carl talks about that confident children.	-72.0	-72.5	-10.3125	-10.3125	True	False	morphology	determiner_noun_agreement	Write a natural, coherent English sentence.
773	22	Timothy was dropping by those new oases.	Timothy was dropping by that new oases.	-102.5	-102.5	-10.25	-10.25	False	False	morphology	determiner_noun_agreement	Write a natural, coherent English sentence.
774	22	Lori has approached these scared people.	Lori has approached this scared people.	-83.0	-83.0	-10.375	-10.375	False	False	morphology	determiner_noun_agreement	Write a natural, coherent English sentence.
775	22	Jodi wouldn't mess up those orange feet.	Jodi wouldn't mess up that orange feet.	-113.5	-113.5	-10.3125	-10.3125	False	False	morphology	determiner_noun_agreement	Write a natural, coherent English sentence.
776	22	This newspaper article will embarrass this determined child.	This newspaper article will embarrass these determined child.	-92.0	-92.0	-10.25	-10.25	False	False	morphology	determiner_noun_agreement	Write a natural, coherent English sentence.
777	22	A lot of guys conceal this long analysis.	A lot of guys conceal these long analysis.	-103.0	-103.0	-10.25	-10.25	False	False	morphology	determiner_noun_agreement	Write a natural, coherent English sentence.
778	22	Lawrence fired that serious woman.	Lawrence fired those serious woman.	-62.25	-62.25	-10.375	-10.375	False	False	morphology	determiner_noun_agreement	Write a natural, coherent English sentence.
779	22	This story didn't bore this serious man.	This story didn't bore these serious man.	-103.0	-103.0	-10.3125	-10.3125	False	False	morphology	determiner_noun_agreement	Write a natural, coherent English sentence.
780	22	Mary can't remember that clever person.	Mary can't remember those clever person.	-92.5	-92.5	-10.3125	-10.3125	False	False	morphology	determiner_noun_agreement	Write a natural, coherent English sentence.
781	22	Marie could listen to that big woman.	Marie could listen to those big woman.	-82.5	-82.5	-10.3125	-10.3125	False	False	morphology	determiner_noun_agreement	Write a natural, coherent English sentence.
782	22	Clyde had those exposed axes.	Clyde had that exposed axes.	-93.0	-93.0	-10.3125	-10.3125	False	False	morphology	determiner_noun_agreement	Write a natural, coherent English sentence.
783	22	Victoria has left these delighted men.	Victoria has left this delighted men.	-72.5	-72.5	-10.3125	-10.3125	False	False	morphology	determiner_noun_agreement	Write a natural, coherent English sentence.
784	22	The Impressionists disagree with those bad analyses.	The Impressionists disagree with that bad analyses.	-112.5	-112.5	-10.25	-10.25	False	False	morphology	determiner_noun_agreement	Write a natural, coherent English sentence.
785	22	Amy took that hidden fungus.	Amy took those hidden fungus.	-82.5	-82.5	-10.3125	-10.3125	False	False	morphology	determiner_noun_agreement	Write a natural, coherent English sentence.
786	22	Rose was fixing this hard foot.	Rose was fixing these hard foot.	-72.5	-72.5	-10.3125	-10.3125	False	False	morphology	determiner_noun_agreement	Write a natural, coherent English sentence.
787	22	Most dishes weren't astounding these scared men.	Most dishes weren't astounding this scared men.	-123.5	-123.5	-10.3125	-10.3125	False	False	morphology	determiner_noun_agreement	Write a natural, coherent English sentence.
788	22	The doctor sees those smooth cacti.	The doctor sees that smooth cacti.	-93.0	-93.0	-10.3125	-10.3125	False	False	morphology	determiner_noun_agreement	Write a natural, coherent English sentence.
789	22	Rodney hadn't cured these white octopi.	Rodney hadn't cured this white octopi.	-133.0	-133.0	-10.25	-10.25	False	False	morphology	determiner_noun_agreement	Write a natural, coherent English sentence.
790	22	This museum hadn't disgusted these troubled men.	This museum hadn't disgusted this troubled men.	-123.0	-123.0	-10.25	-10.25	False	False	morphology	determiner_noun_agreement	Write a natural, coherent English sentence.
791	22	Patrick complained about those scared men.	Patrick complained about that scared men.	-72.0	-72.0	-10.3125	-10.3125	False	False	morphology	determiner_noun_agreement	Write a natural, coherent English sentence.
792	22	Jacqueline should stun these determined alumni.	Jacqueline should stun this determined alumni.	-123.0	-123.0	-10.25	-10.25	False	False	morphology	determiner_noun_agreement	Write a natural, coherent English sentence.
793	22	All apples worry this serious man.	All apples worry these serious man.	-82.5	-82.5	-10.3125	-10.3125	False	False	morphology	determiner_noun_agreement	Write a natural, coherent English sentence.
794	22	The drawing isn't scaring that old child.	The drawing isn't scaring those old child.	-113.5	-113.5	-10.3125	-10.3125	False	False	morphology	determiner_noun_agreement	Write a natural, coherent English sentence.
795	22	Veronica questioned this uncertain woman.	Veronica questioned these uncertain woman.	-82.0	-82.0	-10.25	-10.25	False	False	morphology	determiner_noun_agreement	Write a natural, coherent English sentence.
796	22	Vanessa hadn't known this determined alumnus.	Vanessa hadn't known these determined alumnus.	-122.5	-122.5	-10.1875	-10.1875	False	False	morphology	determiner_noun_agreement	Write a natural, coherent English sentence.
797	22	Cynthia hadn't kissed this unemployed man.	Cynthia hadn't kissed these unemployed man.	-133.0	-133.0	-10.25	-10.25	False	False	morphology	determiner_noun_agreement	Write a natural, coherent English sentence.
798	22	These companies irritate that exposed woman.	These companies irritate those exposed woman.	-82.5	-82.5	-10.3125	-10.3125	False	False	morphology	determiner_noun_agreement	Write a natural, coherent English sentence.
799	22	This dancer wasn't biking to this orange oasis.	This dancer wasn't biking to these orange oasis.	-144.0	-144.0	-10.25	-10.25	False	False	morphology	determiner_noun_agreement	Write a natural, coherent English sentence.
800	22	Those legislatures could disturb this upset alumnus.	Those legislatures could disturb these upset alumnus.	-113.0	-113.0	-10.25	-10.25	False	False	morphology	determiner_noun_agreement	Write a natural, coherent English sentence.
801	22	Some adult hasn't hidden these ill men.	Some adult hasn't hidden this ill men.	-103.0	-103.5	-10.3125	-10.3125	True	False	morphology	determiner_noun_agreement	Write a natural, coherent English sentence.
802	22	A cashier should insult these hidden children.	A cashier should insult this hidden children.	-93.0	-93.0	-10.3125	-10.3125	False	False	morphology	determiner_noun_agreement	Write a natural, coherent English sentence.
803	22	Danielle could annoy that confident man.	Danielle could annoy those confident man.	-82.0	-82.0	-10.25	-10.25	False	False	morphology	determiner_noun_agreement	Write a natural, coherent English sentence.
804	22	These teachers lift this exposed goose.	These teachers lift these exposed goose.	-82.5	-82.5	-10.3125	-10.3125	False	False	morphology	determiner_noun_agreement	Write a natural, coherent English sentence.
805	22	Christina drove to that exposed oasis.	Christina drove to those exposed oasis.	-92.0	-92.5	-10.25	-10.25	True	False	morphology	determiner_noun_agreement	Write a natural, coherent English sentence.
806	22	Jesus hadn't sounded like these hidden people.	Jesus hadn't sounded like this hidden people.	-102.5	-102.5	-10.25	-10.25	False	False	morphology	determiner_noun_agreement	Write a natural, coherent English sentence.
807	22	Many mushrooms irritate that upset man.	Many mushrooms irritate those upset man.	-92.0	-92.0	-10.25	-10.25	False	False	morphology	determiner_noun_agreement	Write a natural, coherent English sentence.
808	22	Some committee bought those white lice.	Some committee bought that white lice.	-82.5	-83.0	-10.3125	-10.375	True	True	morphology	determiner_noun_agreement	Write a natural, coherent English sentence.
809	22	Daniel hasn't known this determined man.	Daniel hasn't known these determined man.	-92.5	-92.5	-10.3125	-10.3125	False	False	morphology	determiner_noun_agreement	Write a natural, coherent English sentence.
810	22	Art hadn't scared these serious alumni.	Art hadn't scared this serious alumni.	-113.0	-113.0	-10.3125	-10.3125	False	False	morphology	determiner_noun_agreement	Write a natural, coherent English sentence.
811	22	Alice fires this unconvinced child.	Alice fires these unconvinced child.	-92.5	-93.0	-10.3125	-10.3125	True	False	morphology	determiner_noun_agreement	Write a natural, coherent English sentence.
812	22	Melanie hid that exposed tooth.	Melanie hid those exposed tooth.	-71.5	-72.0	-10.25	-10.25	True	False	morphology	determiner_noun_agreement	Write a natural, coherent English sentence.
813	22	Most hamsters find that red tooth.	Most hamsters find those red tooth.	-82.5	-82.5	-10.3125	-10.3125	False	False	morphology	determiner_noun_agreement	Write a natural, coherent English sentence.
814	22	Those children explore those small oases.	Those children explore that small oases.	-82.0	-82.5	-10.25	-10.3125	True	True	morphology	determiner_noun_agreement	Write a natural, coherent English sentence.
815	22	Most museums listen to this troubled man.	Most museums listen to these troubled man.	-102.0	-102.5	-10.25	-10.25	True	False	morphology	determiner_noun_agreement	Write a natural, coherent English sentence.
816	22	Patrick embarrassed this unemployed person.	Patrick embarrassed these unemployed person.	-71.5	-72.0	-10.1875	-10.25	True	True	morphology	determiner_noun_agreement	Write a natural, coherent English sentence.
817	22	A lot of icicles had alarmed that hidden woman.	A lot of icicles had alarmed those hidden woman.	-123.5	-123.5	-10.3125	-10.3125	False	False	morphology	determiner_noun_agreement	Write a natural, coherent English sentence.
818	22	Matt hadn't impressed this exposed child.	Matt hadn't impressed these exposed child.	-93.0	-93.0	-10.375	-10.375	False	False	morphology	determiner_noun_agreement	Write a natural, coherent English sentence.
819	22	Eric might see those new feet.	Eric might see that new feet.	-72.5	-72.5	-10.375	-10.375	False	False	morphology	determiner_noun_agreement	Write a natural, coherent English sentence.
820	22	Some turtle can confuse this old alumnus.	Some turtle can confuse these old alumnus.	-133.0	-133.0	-10.25	-10.25	False	False	morphology	determiner_noun_agreement	Write a natural, coherent English sentence.
821	22	Most guests explore these smooth oases.	Most guests explore this smooth oases.	-82.5	-82.5	-10.3125	-10.3125	False	False	morphology	determiner_noun_agreement	Write a natural, coherent English sentence.
822	22	Brian has praised that happy alumnus.	Brian has praised those happy alumnus.	-92.5	-92.5	-10.3125	-10.3125	False	False	morphology	determiner_noun_agreement	Write a natural, coherent English sentence.
823	22	Karen sees these ill lice.	Karen sees this ill lice.	-72.5	-72.5	-10.375	-10.375	False	False	morphology	determiner_noun_agreement	Write a natural, coherent English sentence.
824	22	Alicia doesn't observe this confident alumnus.	Alicia doesn't observe these confident alumnus.	-133.0	-133.0	-10.25	-10.25	False	False	morphology	determiner_noun_agreement	Write a natural, coherent English sentence.
825	22	That horse does find this lost octopus.	That horse does find these lost octopus.	-103.0	-103.0	-10.25	-10.25	False	False	morphology	determiner_noun_agreement	Write a natural, coherent English sentence.
826	22	Those customers haven't annoyed those delighted children.	Those customers haven't annoyed that delighted children.	-112.5	-112.5	-10.25	-10.25	False	False	morphology	determiner_noun_agreement	Write a natural, coherent English sentence.
827	22	The Great Lakes confused these hidden women.	The Great Lakes confused this hidden women.	-93.0	-93.5	-10.375	-10.375	True	False	morphology	determiner_noun_agreement	Write a natural, coherent English sentence.
828	22	Russell watches these unsure women.	Russell watches this unsure women.	-72.5	-72.5	-10.3125	-10.375	False	True	morphology	determiner_noun_agreement	Write a natural, coherent English sentence.
829	22	Jacqueline has concealed these long synopses.	Jacqueline has concealed this long synopses.	-123.0	-123.0	-10.25	-10.25	False	False	morphology	determiner_noun_agreement	Write a natural, coherent English sentence.
830	22	Carrie isn't hiring this small woman.	Carrie isn't hiring these small woman.	-103.0	-103.0	-10.3125	-10.3125	False	False	morphology	determiner_noun_agreement	Write a natural, coherent English sentence.
831	22	Charles doesn't admire these big mice.	Charles doesn't admire this big mice.	-113.0	-113.0	-10.3125	-10.3125	False	False	morphology	determiner_noun_agreement	Write a natural, coherent English sentence.
832	22	The Impressionists might think about that white thesis.	The Impressionists might think about those white thesis.	-112.5	-112.5	-10.25	-10.25	False	False	morphology	determiner_noun_agreement	Write a natural, coherent English sentence.
833	22	Most men question those bad people.	Most men question that bad people.	-73.0	-73.0	-10.375	-10.375	False	False	morphology	determiner_noun_agreement	Write a natural, coherent English sentence.
834	22	Lissa hasn't left this upset woman.	Lissa hasn't left these upset woman.	-103.0	-103.0	-10.3125	-10.3125	False	False	morphology	determiner_noun_agreement	Write a natural, coherent English sentence.
835	22	Janice won't fire that determined child.	Janice won't fire those determined child.	-103.0	-103.0	-10.3125	-10.3125	False	False	morphology	determiner_noun_agreement	Write a natural, coherent English sentence.
836	22	This company criticized this lucky man.	This company criticized these lucky man.	-82.5	-82.5	-10.3125	-10.3125	False	False	morphology	determiner_noun_agreement	Write a natural, coherent English sentence.
837	22	The banks hurt that excited woman.	The banks hurt those excited woman.	-72.5	-72.5	-10.3125	-10.375	False	True	morphology	determiner_noun_agreement	Write a natural, coherent English sentence.
838	22	Peter wasn't walking through those red oases.	Peter wasn't walking through that red oases.	-113.0	-113.0	-10.25	-10.25	False	False	morphology	determiner_noun_agreement	Write a natural, coherent English sentence.
839	22	Rebecca wasn't referencing this long synopsis.	Rebecca wasn't referencing these long synopsis.	-112.5	-113.0	-10.25	-10.25	True	False	morphology	determiner_noun_agreement	Write a natural, coherent English sentence.
840	22	Naomi notices this smooth octopus.	Naomi notices these smooth octopus.	-102.0	-102.0	-10.1875	-10.1875	False	False	morphology	determiner_noun_agreement	Write a natural, coherent English sentence.
841	22	Patrick conceals this hard stimulus.	Patrick conceals these hard stimulus.	-82.5	-82.5	-10.3125	-10.3125	False	False	morphology	determiner_noun_agreement	Write a natural, coherent English sentence.
842	22	Candice shouldn't bring those smooth feet.	Candice shouldn't bring that smooth feet.	-102.5	-103.0	-10.25	-10.25	True	False	morphology	determiner_noun_agreement	Write a natural, coherent English sentence.
843	22	All books sound like those content women.	All books sound like that content women.	-82.5	-83.0	-10.3125	-10.375	True	True	morphology	determiner_noun_agreement	Write a natural, coherent English sentence.
844	22	Bethany hasn't arrived at this white oasis.	Bethany hasn't arrived at these white oasis.	-122.0	-122.5	-10.1875	-10.1875	True	False	morphology	determiner_noun_agreement	Write a natural, coherent English sentence.
845	22	Steve reveals these unemployed alumni.	Steve reveals this unemployed alumni.	-92.5	-92.0	-10.25	-10.25	False	False	morphology	determiner_noun_agreement	Write a natural, coherent English sentence.
846	22	Sonia was upsetting that ill woman.	Sonia was upsetting those ill woman.	-92.5	-92.5	-10.25	-10.25	False	False	morphology	determiner_noun_agreement	Write a natural, coherent English sentence.
847	22	Keith wasn't boring these delighted men.	Keith wasn't boring this delighted men.	-93.0	-93.0	-10.375	-10.375	False	False	morphology	determiner_noun_agreement	Write a natural, coherent English sentence.
848	22	The Borgias admire these hard mice.	The Borgias admire this hard mice.	-113.5	-113.5	-10.3125	-10.3125	False	False	morphology	determiner_noun_agreement	Write a natural, coherent English sentence.
849	22	These drivers had forgotten this good analysis.	These drivers had forgotten these good analysis.	-82.5	-83.0	-10.3125	-10.375	True	True	morphology	determiner_noun_agreement	Write a natural, coherent English sentence.
850	22	Helen skates around this blue oasis.	Helen skates around these blue oasis.	-92.0	-92.0	-10.25	-10.25	False	False	morphology	determiner_noun_agreement	Write a natural, coherent English sentence.
851	22	Galileo found that smooth stimulus.	Galileo found those smooth stimulus.	-92.0	-92.0	-10.1875	-10.25	False	True	morphology	determiner_noun_agreement	Write a natural, coherent English sentence.
852	22	Kimberley isn't curing these small octopi.	Kimberley isn't curing this small octopi.	-143.0	-143.0	-10.25	-10.25	False	False	morphology	determiner_noun_agreement	Write a natural, coherent English sentence.
853	22	Debra didn't conceal these popular men.	Debra didn't conceal this popular men.	-113.0	-113.0	-10.3125	-10.25	False	False	morphology	determiner_noun_agreement	Write a natural, coherent English sentence.
854	22	A lot of doctors hug these scared children.	A lot of doctors hug this scared children.	-92.0	-92.5	-10.25	-10.25	True	False	morphology	determiner_noun_agreement	Write a natural, coherent English sentence.
855	22	Those pedestrians weren't fleeing from these concealed men.	Those pedestrians weren't fleeing from this concealed men.	-154.0	-154.0	-10.25	-10.25	False	False	morphology	determiner_noun_agreement	Write a natural, coherent English sentence.
856	22	Those children find that exposed thesis.	Those children find those exposed thesis.	-72.0	-72.0	-10.3125	-10.3125	False	False	morphology	determiner_noun_agreement	Write a natural, coherent English sentence.
857	22	Debra admires these blue octopi.	Debra admires this blue octopi.	-102.5	-102.5	-10.25	-10.25	False	False	morphology	determiner_noun_agreement	Write a natural, coherent English sentence.
858	22	Bruce wasn't approaching that clever alumnus.	Bruce wasn't approaching those clever alumnus.	-113.0	-113.0	-10.25	-10.3125	False	True	morphology	determiner_noun_agreement	Write a natural, coherent English sentence.
859	22	Lawrence isn't questioning that nice woman.	Lawrence isn't questioning those nice woman.	-93.0	-93.0	-10.3125	-10.375	False	True	morphology	determiner_noun_agreement	Write a natural, coherent English sentence.
860	22	Some waitresses have this big octopus.	Some waitresses have these big octopus.	-111.5	-111.5	-10.125	-10.125	False	False	morphology	determiner_noun_agreement	Write a natural, coherent English sentence.
861	22	Carolyn had embarrassed that busy alumnus.	Carolyn had embarrassed those busy alumnus.	-102.5	-102.5	-10.25	-10.25	False	False	morphology	determiner_noun_agreement	Write a natural, coherent English sentence.
862	22	Jeffrey aggravated that smart man.	Jeffrey aggravated those smart man.	-92.0	-92.0	-10.1875	-10.1875	False	False	morphology	determiner_noun_agreement	Write a natural, coherent English sentence.
863	22	Guy messed up this yellow foot.	Guy messed up these yellow foot.	-82.0	-82.0	-10.25	-10.25	False	False	morphology	determiner_noun_agreement	Write a natural, coherent English sentence.
864	22	Every book is embarrassing this small woman.	Every book is embarrassing these small woman.	-92.5	-92.5	-10.3125	-10.3125	False	False	morphology	determiner_noun_agreement	Write a natural, coherent English sentence.
865	22	These associations were talking about these scared women.	These associations were talking about this scared women.	-92.5	-92.5	-10.3125	-10.3125	False	False	morphology	determiner_noun_agreement	Write a natural, coherent English sentence.
866	22	Todd disturbs this upset child.	Todd disturbs these upset child.	-82.5	-82.5	-10.3125	-10.3125	False	False	morphology	determiner_noun_agreement	Write a natural, coherent English sentence.
867	22	That window alarms these exposed women.	That window alarms this exposed women.	-82.5	-83.0	-10.3125	-10.375	True	True	morphology	determiner_noun_agreement	Write a natural, coherent English sentence.
868	22	A window upsets these upset men.	A window upsets this upset men.	-82.5	-82.5	-10.3125	-10.3125	False	False	morphology	determiner_noun_agreement	Write a natural, coherent English sentence.
869	22	Monet is fixing that brown foot.	Monet is fixing those brown foot.	-82.5	-82.5	-10.3125	-10.3125	False	False	morphology	determiner_noun_agreement	Write a natural, coherent English sentence.
870	22	Adam left these big alumni.	Adam left this big alumni.	-82.0	-82.5	-10.25	-10.3125	True	True	morphology	determiner_noun_agreement	Write a natural, coherent English sentence.
871	22	Stacy can exit that big oasis.	Stacy can exit those big oasis.	-93.0	-93.0	-10.3125	-10.3125	False	False	morphology	determiner_noun_agreement	Write a natural, coherent English sentence.
872	22	Roger was returning to those happy alumni.	Roger was returning to that happy alumni.	-102.5	-102.5	-10.25	-10.25	False	False	morphology	determiner_noun_agreement	Write a natural, coherent English sentence.
873	22	Dana isn't investigating this ill woman.	Dana isn't investigating these ill woman.	-113.5	-113.5	-10.3125	-10.3125	False	False	morphology	determiner_noun_agreement	Write a natural, coherent English sentence.
874	22	Tammy has those yellow axes.	Tammy has that yellow axes.	-82.0	-82.0	-10.25	-10.25	False	False	morphology	determiner_noun_agreement	Write a natural, coherent English sentence.
875	22	Marla leaves those employed children.	Marla leaves that employed children.	-72.5	-72.5	-10.375	-10.3125	False	False	morphology	determiner_noun_agreement	Write a natural, coherent English sentence.
876	22	Sarah referenced that ill child.	Sarah referenced those ill child.	-72.0	-72.0	-10.25	-10.25	False	False	morphology	determiner_noun_agreement	Write a natural, coherent English sentence.
877	22	Edward complained about this serious child.	Edward complained about these serious child.	-72.0	-72.0	-10.3125	-10.3125	False	False	morphology	determiner_noun_agreement	Write a natural, coherent English sentence.
878	22	Carolyn healed those bad women.	Carolyn healed that bad women.	-82.5	-82.5	-10.3125	-10.3125	False	False	morphology	determiner_noun_agreement	Write a natural, coherent English sentence.
879	22	The waitresses fired those upset alumni.	The waitresses fired that upset alumni.	-112.5	-112.5	-10.1875	-10.1875	False	False	morphology	determiner_noun_agreement	Write a natural, coherent English sentence.
880	22	Every driver dropped by that old oasis.	Every driver dropped by those old oasis.	-92.5	-93.0	-10.3125	-10.3125	True	False	morphology	determiner_noun_agreement	Write a natural, coherent English sentence.
881	22	William hadn't hugged these hopeful alumni.	William hadn't hugged this hopeful alumni.	-133.0	-133.0	-10.1875	-10.25	False	True	morphology	determiner_noun_agreement	Write a natural, coherent English sentence.
882	22	The Lutherans had messed up those lost feet.	The Lutherans had messed up that lost feet.	-113.5	-113.5	-10.3125	-10.3125	False	False	morphology	determiner_noun_agreement	Write a natural, coherent English sentence.
883	22	Florence hasn't confused those standing men.	Florence hasn't confused that standing men.	-93.0	-93.0	-10.3125	-10.3125	False	False	morphology	determiner_noun_agreement	Write a natural, coherent English sentence.
884	22	Some convertible upset this upset woman.	Some convertible upset these upset woman.	-82.0	-82.0	-10.25	-10.25	False	False	morphology	determiner_noun_agreement	Write a natural, coherent English sentence.
885	22	Rebecca saw this hidden foot.	Rebecca saw these hidden foot.	-62.0	-62.0	-10.3125	-10.3125	False	False	morphology	determiner_noun_agreement	Write a natural, coherent English sentence.
886	22	Derek returned to these content men.	Derek returned to this content men.	-83.0	-83.0	-10.375	-10.375	False	False	morphology	determiner_noun_agreement	Write a natural, coherent English sentence.
887	22	Those teachers love those hidden women.	Those teachers love that hidden women.	-72.5	-72.5	-10.375	-10.375	False	False	morphology	determiner_noun_agreement	Write a natural, coherent English sentence.
888	22	Jennifer worried those ill men.	Jennifer worried that ill men.	-62.0	-62.0	-10.375	-10.3125	False	False	morphology	determiner_noun_agreement	Write a natural, coherent English sentence.
889	22	A chair was stunning this big man.	A chair was stunning these big man.	-82.5	-83.0	-10.3125	-10.375	True	True	morphology	determiner_noun_agreement	Write a natural, coherent English sentence.
890	22	Paintings looked like that gray thesis.	Paintings looked like those gray thesis.	-93.0	-93.0	-10.3125	-10.3125	False	False	morphology	determiner_noun_agreement	Write a natural, coherent English sentence.
891	22	Karla toured this rough oasis.	Karla toured these rough oasis.	-93.0	-93.0	-10.3125	-10.3125	False	False	morphology	determiner_noun_agreement	Write a natural, coherent English sentence.
892	22	Walter couldn't boycott those hidden oases.	Walter couldn't boycott that hidden oases.	-113.0	-113.5	-10.3125	-10.3125	True	False	morphology	determiner_noun_agreement	Write a natural, coherent English sentence.
893	22	Donald has worried this smart man.	Donald has worried these smart man.	-72.5	-72.5	-10.3125	-10.375	False	True	morphology	determiner_noun_agreement	Write a natural, coherent English sentence.
894	22	Catherine has boycotted those gray oases.	Catherine has boycotted that gray oases.	-103.5	-103.5	-10.375	-10.375	False	False	morphology	determiner_noun_agreement	Write a natural, coherent English sentence.
895	22	Nicole toured those yellow oases.	Nicole toured that yellow oases.	-82.5	-82.5	-10.3125	-10.3125	False	False	morphology	determiner_noun_agreement	Write a natural, coherent English sentence.
896	22	Barbara praises that young woman.	Barbara praises those young woman.	-72.0	-72.5	-10.3125	-10.3125	True	False	morphology	determiner_noun_agreement	Write a natural, coherent English sentence.
897	22	The apple aggravates those hopeful children.	The apple aggravates that hopeful children.	-102.0	-102.0	-10.1875	-10.1875	False	False	morphology	determiner_noun_agreement	Write a natural, coherent English sentence.
898	22	All photographs could look like this big fungus.	All photographs could look like these big fungus.	-113.0	-113.0	-10.25	-10.25	False	False	morphology	determiner_noun_agreement	Write a natural, coherent English sentence.
899	22	Guys should talk about that good synopsis.	Guys should talk about those good synopsis.	-102.5	-102.5	-10.25	-10.25	False	False	morphology	determiner_noun_agreement	Write a natural, coherent English sentence.
900	22	Tracy discovered this concealed alumnus.	Tracy discovered these concealed alumnus.	-102.5	-103.0	-10.25	-10.25	True	False	morphology	determiner_noun_agreement	Write a natural, coherent English sentence.
901	22	All actresses are helping this troubled man.	All actresses are helping these troubled man.	-101.5	-101.5	-10.125	-10.1875	False	True	morphology	determiner_noun_agreement	Write a natural, coherent English sentence.
902	22	Douglas isn't revealing this dirty foot.	Douglas isn't revealing these dirty foot.	-93.0	-93.0	-10.3125	-10.3125	False	False	morphology	determiner_noun_agreement	Write a natural, coherent English sentence.
903	22	Most senators confuse that standing child.	Most senators confuse those standing child.	-93.0	-93.0	-10.3125	-10.3125	False	False	morphology	determiner_noun_agreement	Write a natural, coherent English sentence.
904	22	Those doctors embarrass that upset woman.	Those doctors embarrass those upset woman.	-72.0	-72.5	-10.3125	-10.375	True	True	morphology	determiner_noun_agreement	Write a natural, coherent English sentence.
905	22	A lot of customers were healing those sick men.	A lot of customers were healing that sick men.	-102.5	-103.0	-10.25	-10.25	True	False	morphology	determiner_noun_agreement	Write a natural, coherent English sentence.
906	22	Sabrina does conceal these old alumni.	Sabrina does conceal this old alumni.	-123.0	-123.0	-10.25	-10.25	False	False	morphology	determiner_noun_agreement	Write a natural, coherent English sentence.
907	22	Many girls can't observe those young alumni.	Many girls can't observe that young alumni.	-124.0	-124.0	-10.3125	-10.3125	False	False	morphology	determiner_noun_agreement	Write a natural, coherent English sentence.
908	22	The actresses hire that lucky man.	The actresses hire those lucky man.	-82.0	-82.0	-10.25	-10.25	False	False	morphology	determiner_noun_agreement	Write a natural, coherent English sentence.
909	22	Andrea is firing that scared child.	Andrea is firing those scared child.	-72.5	-72.5	-10.3125	-10.375	False	True	morphology	determiner_noun_agreement	Write a natural, coherent English sentence.
910	22	That dancer scanned that bad synopsis.	That dancer scanned those bad synopsis.	-103.0	-103.0	-10.3125	-10.3125	False	False	morphology	determiner_noun_agreement	Write a natural, coherent English sentence.
911	22	Daniel breaks these dirty teeth.	Daniel breaks this dirty teeth.	-62.0	-62.0	-10.3125	-10.375	False	True	morphology	determiner_noun_agreement	Write a natural, coherent English sentence.
912	22	Students had messed up those purple teeth.	Students had messed up that purple teeth.	-92.5	-92.5	-10.3125	-10.3125	False	False	morphology	determiner_noun_agreement	Write a natural, coherent English sentence.
913	22	Becky boycotted those old oases.	Becky boycotted that old oases.	-103.0	-103.0	-10.3125	-10.3125	False	False	morphology	determiner_noun_agreement	Write a natural, coherent English sentence.
914	22	Florence talks to those good women.	Florence talks to that good women.	-72.5	-72.5	-10.375	-10.375	False	False	morphology	determiner_noun_agreement	Write a natural, coherent English sentence.
915	22	Carmen won't break this big foot.	Carmen won't break these big foot.	-103.0	-103.0	-10.3125	-10.3125	False	False	morphology	determiner_noun_agreement	Write a natural, coherent English sentence.
916	22	Stephen fired those employed men.	Stephen fired that employed men.	-62.0	-62.0	-10.375	-10.375	False	False	morphology	determiner_noun_agreement	Write a natural, coherent English sentence.
917	22	Many governments confuse this sick woman.	Many governments confuse these sick woman.	-82.5	-82.5	-10.3125	-10.3125	False	False	morphology	determiner_noun_agreement	Write a natural, coherent English sentence.
918	22	Heidi healed this troubled child.	Heidi healed these troubled child.	-92.0	-92.0	-10.25	-10.25	False	False	morphology	determiner_noun_agreement	Write a natural, coherent English sentence.
919	22	Daniel questions these employed alumni.	Daniel questions this employed alumni.	-82.5	-82.5	-10.3125	-10.3125	False	False	morphology	determiner_noun_agreement	Write a natural, coherent English sentence.
920	22	People admire these yellow oxen.	People admire this yellow oxen.	-82.0	-82.0	-10.25	-10.25	False	False	morphology	determiner_noun_agreement	Write a natural, coherent English sentence.
921	22	Those adults embarrasses this displeased woman.	Those adults embarrasses these displeased woman.	-102.5	-103.0	-10.25	-10.3125	True	True	morphology	determiner_noun_agreement	Write a natural, coherent English sentence.
922	22	Winston Churchill notices these big nuclei.	Winston Churchill notices this big nuclei.	-112.5	-112.5	-10.25	-10.1875	False	False	morphology	determiner_noun_agreement	Write a natural, coherent English sentence.
923	22	All women hide those concealed nuclei.	All women hide that concealed nuclei.	-92.5	-92.5	-10.3125	-10.3125	False	False	morphology	determiner_noun_agreement	Write a natural, coherent English sentence.
924	22	Charles was escaping from those lucky men.	Charles was escaping from that lucky men.	-92.5	-92.5	-10.25	-10.25	False	False	morphology	determiner_noun_agreement	Write a natural, coherent English sentence.
925	22	Paul doesn't insult this happy woman.	Paul doesn't insult these happy woman.	-93.0	-93.0	-10.3125	-10.3125	False	False	morphology	determiner_noun_agreement	Write a natural, coherent English sentence.
926	22	Galileo isn't scanning this brown thesis.	Galileo isn't scanning these brown thesis.	-123.0	-123.0	-10.25	-10.25	False	False	morphology	determiner_noun_agreement	Write a natural, coherent English sentence.
927	22	The newspaper article doesn't annoy that exposed man.	The newspaper article doesn't annoy those exposed man.	-113.0	-113.0	-10.25	-10.25	False	False	morphology	determiner_noun_agreement	Write a natural, coherent English sentence.
928	22	Carmen noticed these gray cacti.	Carmen noticed this gray cacti.	-93.0	-92.5	-10.3125	-10.25	False	False	morphology	determiner_noun_agreement	Write a natural, coherent English sentence.
929	22	Teresa approaches this upset man.	Teresa approaches these upset man.	-72.0	-72.0	-10.3125	-10.3125	False	False	morphology	determiner_noun_agreement	Write a natural, coherent English sentence.
930	22	April was revealing this hidden woman.	April was revealing these hidden woman.	-72.0	-72.0	-10.3125	-10.3125	False	False	morphology	determiner_noun_agreement	Write a natural, coherent English sentence.
931	22	Michael has loved these scared men.	Michael has loved this scared men.	-73.0	-72.5	-10.375	-10.375	False	False	morphology	determiner_noun_agreement	Write a natural, coherent English sentence.
932	22	Joseph hadn't bought those hard lice.	Joseph hadn't bought that hard lice.	-103.0	-103.0	-10.3125	-10.3125	False	False	morphology	determiner_noun_agreement	Write a natural, coherent English sentence.
933	22	Larry did drive to this out in the open oasis.	Larry did drive to these out in the open oasis.	-123.5	-123.5	-10.3125	-10.3125	False	False	morphology	determiner_noun_agreement	Write a natural, coherent English sentence.
934	22	Lisa hasn't driven to that new oasis.	Lisa hasn't driven to those new oasis.	-112.5	-112.5	-10.25	-10.25	False	False	morphology	determiner_noun_agreement	Write a natural, coherent English sentence.
935	22	Steve scanned this good synopsis.	Steve scanned these good synopsis.	-82.0	-82.0	-10.25	-10.25	False	False	morphology	determiner_noun_agreement	Write a natural, coherent English sentence.
936	22	The Lutherans care for those hopeful men.	The Lutherans care for that hopeful men.	-103.0	-103.0	-10.25	-10.3125	False	True	morphology	determiner_noun_agreement	Write a natural, coherent English sentence.
937	22	Christine bikes to these orange oases.	Christine bikes to this orange oases.	-103.0	-103.0	-10.3125	-10.25	False	False	morphology	determiner_noun_agreement	Write a natural, coherent English sentence.
938	22	Most actors distracted this popular woman.	Most actors distracted these popular woman.	-83.0	-83.0	-10.375	-10.375	False	False	morphology	determiner_noun_agreement	Write a natural, coherent English sentence.
939	22	Emily should observe those displeased men.	Emily should observe that displeased men.	-93.0	-93.0	-10.3125	-10.3125	False	False	morphology	determiner_noun_agreement	Write a natural, coherent English sentence.
940	22	The drivers do sell this green thesis.	The drivers do sell these green thesis.	-82.5	-82.5	-10.3125	-10.3125	False	False	morphology	determiner_noun_agreement	Write a natural, coherent English sentence.
941	22	Most drivers love these unemployed men.	Most drivers love this unemployed men.	-82.5	-82.5	-10.3125	-10.3125	False	False	morphology	determiner_noun_agreement	Write a natural, coherent English sentence.
942	22	Those doctors care for this hopeful man.	Those doctors care for these hopeful man.	-92.0	-92.0	-10.25	-10.25	False	False	morphology	determiner_noun_agreement	Write a natural, coherent English sentence.
943	22	Brad kisses that displeased man.	Brad kisses those displeased man.	-92.5	-92.5	-10.3125	-10.3125	False	False	morphology	determiner_noun_agreement	Write a natural, coherent English sentence.
944	22	Danielle had argued about those troubled men.	Danielle had argued about that troubled men.	-102.5	-102.5	-10.25	-10.25	False	False	morphology	determiner_noun_agreement	Write a natural, coherent English sentence.
945	22	An actor is disgusting those unsure men.	An actor is disgusting that unsure men.	-103.0	-103.0	-10.3125	-10.3125	False	False	morphology	determiner_noun_agreement	Write a natural, coherent English sentence.
946	22	Galileo didn't hurt those displeased children.	Galileo didn't hurt that displeased children.	-133.0	-133.0	-10.25	-10.25	False	False	morphology	determiner_noun_agreement	Write a natural, coherent English sentence.
947	22	Omar messed up these small teeth.	Omar messed up this small teeth.	-92.5	-92.5	-10.25	-10.25	False	False	morphology	determiner_noun_agreement	Write a natural, coherent English sentence.
948	22	Carmen will watch this smart person.	Carmen will watch these smart person.	-82.5	-82.5	-10.3125	-10.3125	False	False	morphology	determiner_noun_agreement	Write a natural, coherent English sentence.
949	22	Jeffrey hid that unlucky child.	Jeffrey hid those unlucky child.	-92.0	-92.0	-10.25	-10.1875	False	False	morphology	determiner_noun_agreement	Write a natural, coherent English sentence.
950	22	Every plane bothers this upset child.	Every plane bothers these upset child.	-82.0	-82.0	-10.25	-10.25	False	False	morphology	determiner_noun_agreement	Write a natural, coherent English sentence.
951	22	A lot of hospitals have those blue teeth.	A lot of hospitals have that blue teeth.	-92.5	-92.5	-10.3125	-10.3125	False	False	morphology	determiner_noun_agreement	Write a natural, coherent English sentence.
952	22	Nancy wasn't disturbing that clever man.	Nancy wasn't disturbing those clever man.	-103.0	-103.0	-10.3125	-10.3125	False	False	morphology	determiner_noun_agreement	Write a natural, coherent English sentence.
953	22	These ladies bought that white tooth.	These ladies bought those white tooth.	-72.5	-72.5	-10.3125	-10.3125	False	False	morphology	determiner_noun_agreement	Write a natural, coherent English sentence.
954	22	Every skirt annoys that confident person.	Every skirt annoys those confident person.	-93.0	-93.0	-10.3125	-10.3125	False	False	morphology	determiner_noun_agreement	Write a natural, coherent English sentence.
955	22	These actors weren't biking to these red oases.	These actors weren't biking to this red oases.	-134.0	-134.0	-10.3125	-10.25	False	False	morphology	determiner_noun_agreement	Write a natural, coherent English sentence.
956	22	Carmen has described those confident people.	Carmen has described that confident people.	-83.0	-82.5	-10.375	-10.3125	False	False	morphology	determiner_noun_agreement	Write a natural, coherent English sentence.
957	22	All legislatures criticize that brown oasis.	All legislatures criticize those brown oasis.	-103.0	-103.0	-10.3125	-10.25	False	False	morphology	determiner_noun_agreement	Write a natural, coherent English sentence.
958	22	Paula works with that clever person.	Paula works with those clever person.	-82.5	-82.5	-10.3125	-10.3125	False	False	morphology	determiner_noun_agreement	Write a natural, coherent English sentence.
959	22	Benjamin respects those confident children.	Benjamin respects that confident children.	-72.5	-72.5	-10.375	-10.375	False	False	morphology	determiner_noun_agreement	Write a natural, coherent English sentence.
960	22	Mitchell attacked these unsure alumni.	Mitchell attacked this unsure alumni.	-92.5	-93.0	-10.3125	-10.3125	True	False	morphology	determiner_noun_agreement	Write a natural, coherent English sentence.
961	22	The Lutherans hadn't cleaned these broken teeth.	The Lutherans hadn't cleaned this broken teeth.	-113.0	-113.0	-10.25	-10.3125	False	True	morphology	determiner_noun_agreement	Write a natural, coherent English sentence.
962	22	A lot of children observe that young child.	A lot of children observe those young child.	-92.5	-92.5	-10.25	-10.25	False	False	morphology	determiner_noun_agreement	Write a natural, coherent English sentence.
963	22	Gary hadn't sounded like this out in the open oasis.	Gary hadn't sounded like these out in the open oasis.	-143.0	-143.0	-10.25	-10.25	False	False	morphology	determiner_noun_agreement	Write a natural, coherent English sentence.
964	22	That fish annoyed this serious alumnus.	That fish annoyed these serious alumnus.	-102.0	-102.0	-10.25	-10.25	False	False	morphology	determiner_noun_agreement	Write a natural, coherent English sentence.
965	22	Spotlights worry those standing people.	Spotlights worry that standing people.	-72.0	-72.5	-10.3125	-10.3125	True	False	morphology	determiner_noun_agreement	Write a natural, coherent English sentence.
966	22	Rodney returned to these content alumni.	Rodney returned to this content alumni.	-102.5	-102.5	-10.25	-10.25	False	False	morphology	determiner_noun_agreement	Write a natural, coherent English sentence.
967	22	Bruce references this unemployed child.	Bruce references these unemployed child.	-72.0	-72.0	-10.3125	-10.3125	False	False	morphology	determiner_noun_agreement	Write a natural, coherent English sentence.
968	22	Many museums criticize this bad analysis.	Many museums criticize these bad analysis.	-92.0	-92.0	-10.25	-10.25	False	False	morphology	determiner_noun_agreement	Write a natural, coherent English sentence.
969	22	Danielle knows that concealed man.	Danielle knows those concealed man.	-82.0	-82.5	-10.25	-10.3125	True	True	morphology	determiner_noun_agreement	Write a natural, coherent English sentence.
970	22	Katherine sells that smooth oasis.	Katherine sells those smooth oasis.	-92.5	-92.5	-10.25	-10.25	False	False	morphology	determiner_noun_agreement	Write a natural, coherent English sentence.
971	22	Meredith hadn't scared these clever people.	Meredith hadn't scared this clever people.	-113.0	-113.5	-10.3125	-10.3125	True	False	morphology	determiner_noun_agreement	Write a natural, coherent English sentence.
972	22	Walter biked to these gray oases.	Walter biked to this gray oases.	-103.5	-103.5	-10.375	-10.3125	False	False	morphology	determiner_noun_agreement	Write a natural, coherent English sentence.
973	22	Phillip has investigated this unemployed man.	Phillip has investigated these unemployed man.	-92.5	-92.5	-10.25	-10.25	False	False	morphology	determiner_noun_agreement	Write a natural, coherent English sentence.
974	22	Alice knows that ill woman.	Alice knows those ill woman.	-62.0	-62.0	-10.3125	-10.375	False	True	morphology	determiner_noun_agreement	Write a natural, coherent English sentence.
975	22	Daniel bothered that unemployed alumnus.	Daniel bothered those unemployed alumnus.	-92.0	-92.0	-10.25	-10.1875	False	False	morphology	determiner_noun_agreement	Write a natural, coherent English sentence.
976	22	Some children notice this black thesis.	Some children notice these black thesis.	-72.0	-72.0	-10.3125	-10.3125	False	False	morphology	determiner_noun_agreement	Write a natural, coherent English sentence.
977	22	George has alarmed these unemployed children.	George has alarmed this unemployed children.	-92.0	-92.5	-10.25	-10.25	True	False	morphology	determiner_noun_agreement	Write a natural, coherent English sentence.
978	22	Sarah won't drive to this concealed oasis.	Sarah won't drive to these concealed oasis.	-123.5	-123.5	-10.3125	-10.3125	False	False	morphology	determiner_noun_agreement	Write a natural, coherent English sentence.
979	22	Grace arrived at those small oases.	Grace arrived at that small oases.	-82.0	-82.0	-10.25	-10.25	False	False	morphology	determiner_noun_agreement	Write a natural, coherent English sentence.
980	22	David kisses that lucky man.	David kisses those lucky man.	-72.0	-72.0	-10.25	-10.25	False	False	morphology	determiner_noun_agreement	Write a natural, coherent English sentence.
981	22	Laura isn't lifting this smooth axis.	Laura isn't lifting these smooth axis.	-92.5	-92.5	-10.3125	-10.3125	False	False	morphology	determiner_noun_agreement	Write a natural, coherent English sentence.
982	22	Mark embarrassed these confident children.	Mark embarrassed this confident children.	-62.0	-62.0	-10.375	-10.375	False	False	morphology	determiner_noun_agreement	Write a natural, coherent English sentence.
983	22	Patients bothers this employed man.	Patients bothers these employed man.	-82.0	-82.5	-10.25	-10.3125	True	True	morphology	determiner_noun_agreement	Write a natural, coherent English sentence.
984	22	Christopher has criticized this bad synopsis.	Christopher has criticized these bad synopsis.	-92.5	-92.0	-10.25	-10.25	False	False	morphology	determiner_noun_agreement	Write a natural, coherent English sentence.
985	22	Todd hadn't gone to this cheap oasis.	Todd hadn't gone to these cheap oasis.	-113.0	-113.0	-10.25	-10.25	False	False	morphology	determiner_noun_agreement	Write a natural, coherent English sentence.
986	22	Becca does investigate this lucky alumnus.	Becca does investigate these lucky alumnus.	-103.0	-102.5	-10.25	-10.25	False	False	morphology	determiner_noun_agreement	Write a natural, coherent English sentence.
987	22	Sabrina visits those fast women.	Sabrina visits that fast women.	-82.5	-82.5	-10.3125	-10.3125	False	False	morphology	determiner_noun_agreement	Write a natural, coherent English sentence.
988	22	Janet knew those unconvinced children.	Janet knew that unconvinced children.	-103.0	-103.0	-10.3125	-10.3125	False	False	morphology	determiner_noun_agreement	Write a natural, coherent English sentence.
989	22	Christine hated this young man.	Christine hated these young man.	-72.5	-72.5	-10.375	-10.375	False	False	morphology	determiner_noun_agreement	Write a natural, coherent English sentence.
990	22	Chad hadn't complained about these big oases.	Chad hadn't complained about this big oases.	-123.0	-123.0	-10.25	-10.25	False	False	morphology	determiner_noun_agreement	Write a natural, coherent English sentence.
991	22	Many bikes stun that nice man.	Many bikes stun those nice man.	-93.0	-93.0	-10.3125	-10.3125	False	False	morphology	determiner_noun_agreement	Write a natural, coherent English sentence.
992	22	William hasn't investigated these fast men.	William hasn't investigated this fast men.	-93.0	-93.0	-10.3125	-10.3125	False	False	morphology	determiner_noun_agreement	Write a natural, coherent English sentence.
993	22	Kristin couldn't research these smooth oases.	Kristin couldn't research this smooth oases.	-113.0	-113.0	-10.3125	-10.3125	False	False	morphology	determiner_noun_agreement	Write a natural, coherent English sentence.
994	22	Travis arrives at these old oases.	Travis arrives at this old oases.	-92.5	-92.5	-10.3125	-10.25	False	False	morphology	determiner_noun_agreement	Write a natural, coherent English sentence.
995	22	Many boys drive to this yellow oasis.	Many boys drive to these yellow oasis.	-93.0	-93.0	-10.3125	-10.3125	False	False	morphology	determiner_noun_agreement	Write a natural, coherent English sentence.
996	22	Danielle won't heal those unlucky people.	Danielle won't heal that unlucky people.	-123.0	-123.5	-10.25	-10.3125	True	True	morphology	determiner_noun_agreement	Write a natural, coherent English sentence.
997	22	Sabrina wouldn't go to that new oasis.	Sabrina wouldn't go to those new oasis.	-133.0	-133.0	-10.25	-10.25	False	False	morphology	determiner_noun_agreement	Write a natural, coherent English sentence.
998	22	This movie theater annoys these lucky alumni.	This movie theater annoys this lucky alumni.	-123.0	-123.0	-10.25	-10.25	False	False	morphology	determiner_noun_agreement	Write a natural, coherent English sentence.
999	22	Stacy doesn't appreciate that out in the open woman.	Stacy doesn't appreciate those out in the open woman.	-134.0	-134.0	-10.3125	-10.3125	False	False	morphology	determiner_noun_agreement	Write a natural, coherent English sentence.
0	23	Alexander didn't walk through that new oasis.	Alexander didn't walk through those new oasis.	-112.5	-112.5	-10.1875	-10.25	False	True	morphology	determiner_noun_agreement	Write a natural, coherent English sentence.
1	23	This hair irritates these old alumni.	This hair irritates this old alumni.	-102.5	-102.5	-10.25	-10.25	False	False	morphology	determiner_noun_agreement	Write a natural, coherent English sentence.
2	23	Winston Churchill was escaping from this serious person.	Winston Churchill was escaping from these serious person.	-122.5	-122.5	-10.1875	-10.1875	False	False	morphology	determiner_noun_agreement	Write a natural, coherent English sentence.
3	23	Anna walks through these purple oases.	Anna walks through this purple oases.	-82.0	-82.0	-10.25	-10.25	False	False	morphology	determiner_noun_agreement	Write a natural, coherent English sentence.
4	23	Alicia sounded like this good analysis.	Alicia sounded like these good analysis.	-92.5	-92.5	-10.3125	-10.3125	False	False	morphology	determiner_noun_agreement	Write a natural, coherent English sentence.
5	23	Jeffrey might complain about this gray thesis.	Jeffrey might complain about these gray thesis.	-91.5	-91.5	-10.1875	-10.1875	False	False	morphology	determiner_noun_agreement	Write a natural, coherent English sentence.
6	23	Meredith approaches these concealed women.	Meredith approaches this concealed women.	-92.5	-92.5	-10.3125	-10.25	False	False	morphology	determiner_noun_agreement	Write a natural, coherent English sentence.
7	23	Julia questioned those small children.	Julia questioned that small children.	-62.25	-62.0	-10.375	-10.375	False	False	morphology	determiner_noun_agreement	Write a natural, coherent English sentence.
8	23	That adult has brought that purple octopus.	That adult has brought those purple octopus.	-102.5	-102.5	-10.25	-10.25	False	False	morphology	determiner_noun_agreement	Write a natural, coherent English sentence.
9	23	The people hug this displeased woman.	The people hug these displeased woman.	-92.0	-92.5	-10.25	-10.25	True	False	morphology	determiner_noun_agreement	Write a natural, coherent English sentence.
10	23	That beef did bore these displeased people.	That beef did bore this displeased people.	-103.0	-103.0	-10.3125	-10.3125	False	False	morphology	determiner_noun_agreement	Write a natural, coherent English sentence.
11	23	These libraries talk about these long synopses.	These libraries talk about this long synopses.	-102.0	-102.0	-10.25	-10.25	False	False	morphology	determiner_noun_agreement	Write a natural, coherent English sentence.
12	23	Lori wasn't hiring those delighted men.	Lori wasn't hiring that delighted men.	-103.5	-103.5	-10.375	-10.375	False	False	morphology	determiner_noun_agreement	Write a natural, coherent English sentence.
13	23	The teachers are running around this concealed oasis.	The teachers are running around these concealed oasis.	-113.0	-113.0	-10.25	-10.25	False	False	morphology	determiner_noun_agreement	Write a natural, coherent English sentence.
14	23	Those bananas embarrass these delighted people.	Those bananas embarrass this delighted people.	-82.0	-82.0	-10.25	-10.25	False	False	morphology	determiner_noun_agreement	Write a natural, coherent English sentence.
15	23	Mitchell brought those green oases.	Mitchell brought that green oases.	-72.0	-72.0	-10.3125	-10.3125	False	False	morphology	determiner_noun_agreement	Write a natural, coherent English sentence.
16	23	The actresses complain about this rough thesis.	The actresses complain about these rough thesis.	-92.0	-92.0	-10.1875	-10.1875	False	False	morphology	determiner_noun_agreement	Write a natural, coherent English sentence.
17	23	Russell investigates these fast women.	Russell investigates this fast women.	-72.5	-72.5	-10.3125	-10.375	False	True	morphology	determiner_noun_agreement	Write a natural, coherent English sentence.
18	23	Irene praised those bad synopses.	Irene praised that bad synopses.	-92.5	-93.0	-10.3125	-10.3125	True	False	morphology	determiner_noun_agreement	Write a natural, coherent English sentence.
19	23	Denise did confuse that important woman.	Denise did confuse those important woman.	-92.0	-92.5	-10.25	-10.25	True	False	morphology	determiner_noun_agreement	Write a natural, coherent English sentence.
20	23	Some patients dislike those nice women.	Some patients dislike that nice women.	-82.5	-82.5	-10.3125	-10.3125	False	False	morphology	determiner_noun_agreement	Write a natural, coherent English sentence.
21	23	Amelia wasn't observing this hopeful man.	Amelia wasn't observing these hopeful man.	-122.5	-122.5	-10.1875	-10.1875	False	False	morphology	determiner_noun_agreement	Write a natural, coherent English sentence.
22	23	Grace is hugging these popular women.	Grace is hugging this popular women.	-82.0	-82.0	-10.25	-10.25	False	False	morphology	determiner_noun_agreement	Write a natural, coherent English sentence.
23	23	Julia might describe this long synopsis.	Julia might describe these long synopsis.	-82.5	-82.5	-10.3125	-10.3125	False	False	morphology	determiner_noun_agreement	Write a natural, coherent English sentence.
24	23	Many pedestrians do return to these happy men.	Many pedestrians do return to this happy men.	-113.5	-113.5	-10.3125	-10.3125	False	False	morphology	determiner_noun_agreement	Write a natural, coherent English sentence.
25	23	Laura noticed that determined man.	Laura noticed those determined man.	-62.0	-62.25	-10.375	-10.375	True	False	morphology	determiner_noun_agreement	Write a natural, coherent English sentence.
26	23	Julie would pass those red oases.	Julie would pass that red oases.	-82.5	-82.5	-10.3125	-10.3125	False	False	morphology	determiner_noun_agreement	Write a natural, coherent English sentence.
27	23	These doctors boast about this out in the open child.	These doctors boast about these out in the open child.	-123.0	-123.0	-10.25	-10.25	False	False	morphology	determiner_noun_agreement	Write a natural, coherent English sentence.
28	23	Stephen isn't revealing this brown nucleus.	Stephen isn't revealing these brown nucleus.	-103.0	-103.5	-10.3125	-10.3125	True	False	morphology	determiner_noun_agreement	Write a natural, coherent English sentence.
29	23	Travel stuns that sick child.	Travel stuns those sick child.	-72.5	-72.5	-10.375	-10.375	False	False	morphology	determiner_noun_agreement	Write a natural, coherent English sentence.
30	23	Amelia healed that unemployed woman.	Amelia healed those unemployed woman.	-92.0	-92.0	-10.25	-10.25	False	False	morphology	determiner_noun_agreement	Write a natural, coherent English sentence.
31	23	Noah attacks that ill child.	Noah attacks those ill child.	-62.0	-62.0	-10.3125	-10.3125	False	False	morphology	determiner_noun_agreement	Write a natural, coherent English sentence.
32	23	Randolf buys those gray fungi.	Randolf buys that gray fungi.	-93.0	-92.5	-10.3125	-10.3125	False	False	morphology	determiner_noun_agreement	Write a natural, coherent English sentence.
33	23	Some pedestrians disagreed with this big woman.	Some pedestrians disagreed with these big woman.	-113.0	-113.0	-10.25	-10.3125	False	True	morphology	determiner_noun_agreement	Write a natural, coherent English sentence.
34	23	Adam might sound like these determined children.	Adam might sound like this determined children.	-83.0	-83.0	-10.375	-10.375	False	False	morphology	determiner_noun_agreement	Write a natural, coherent English sentence.
35	23	Bill has stunned this confident man.	Bill has stunned these confident man.	-83.0	-83.0	-10.375	-10.375	False	False	morphology	determiner_noun_agreement	Write a natural, coherent English sentence.
36	23	Rhonda should see these blue oases.	Rhonda should see this blue oases.	-92.5	-92.5	-10.25	-10.3125	False	True	morphology	determiner_noun_agreement	Write a natural, coherent English sentence.
37	23	Stephen cares for that out in the open alumnus.	Stephen cares for those out in the open alumnus.	-123.5	-123.0	-10.3125	-10.25	False	False	morphology	determiner_noun_agreement	Write a natural, coherent English sentence.
38	23	Cheryl has bought this green oasis.	Cheryl has bought these green oasis.	-92.0	-92.0	-10.1875	-10.25	False	True	morphology	determiner_noun_agreement	Write a natural, coherent English sentence.
39	23	Every door annoyed this lucky child.	Every door annoyed these lucky child.	-82.0	-82.5	-10.25	-10.3125	True	True	morphology	determiner_noun_agreement	Write a natural, coherent English sentence.
40	23	Gerald cures that unlucky child.	Gerald cures those unlucky child.	-102.5	-102.0	-10.25	-10.1875	False	False	morphology	determiner_noun_agreement	Write a natural, coherent English sentence.
41	23	Eyes weren't worrying this troubled child.	Eyes weren't worrying these troubled child.	-113.5	-113.0	-10.3125	-10.3125	False	False	morphology	determiner_noun_agreement	Write a natural, coherent English sentence.
42	23	Michael isn't referencing this long synopsis.	Michael isn't referencing these long synopsis.	-113.0	-113.0	-10.25	-10.25	False	False	morphology	determiner_noun_agreement	Write a natural, coherent English sentence.
43	23	Robert insults this serious man.	Robert insults these serious man.	-72.0	-72.0	-10.25	-10.25	False	False	morphology	determiner_noun_agreement	Write a natural, coherent English sentence.
44	23	Waitresses describe that smart alumnus.	Waitresses describe those smart alumnus.	-102.0	-102.0	-10.1875	-10.1875	False	False	morphology	determiner_noun_agreement	Write a natural, coherent English sentence.
45	23	Dan doesn't respect this unemployed alumnus.	Dan doesn't respect these unemployed alumnus.	-123.0	-123.0	-10.25	-10.25	False	False	morphology	determiner_noun_agreement	Write a natural, coherent English sentence.
46	23	Eric has upset those scared people.	Eric has upset that scared people.	-72.5	-72.5	-10.375	-10.375	False	False	morphology	determiner_noun_agreement	Write a natural, coherent English sentence.
47	23	Sabrina was biking to this exposed oasis.	Sabrina was biking to these exposed oasis.	-123.0	-123.0	-10.25	-10.25	False	False	morphology	determiner_noun_agreement	Write a natural, coherent English sentence.
48	23	Edward can't think about these exposed mice.	Edward can't think about this exposed mice.	-113.0	-113.5	-10.3125	-10.3125	True	False	morphology	determiner_noun_agreement	Write a natural, coherent English sentence.
49	23	Phillip listened to this standing alumnus.	Phillip listened to these standing alumnus.	-102.5	-102.5	-10.25	-10.25	False	False	morphology	determiner_noun_agreement	Write a natural, coherent English sentence.
50	23	Those men skate around this small oasis.	Those men skate around these small oasis.	-102.5	-102.5	-10.25	-10.25	False	False	morphology	determiner_noun_agreement	Write a natural, coherent English sentence.
51	23	Rhonda could think about those content children.	Rhonda could think about that content children.	-93.0	-92.5	-10.3125	-10.3125	False	False	morphology	determiner_noun_agreement	Write a natural, coherent English sentence.
52	23	Melissa had remembered that unsure person.	Melissa had remembered those unsure person.	-92.5	-92.5	-10.25	-10.3125	False	True	morphology	determiner_noun_agreement	Write a natural, coherent English sentence.
53	23	The students talk about this upset person.	The students talk about these upset person.	-81.5	-82.0	-10.1875	-10.25	True	True	morphology	determiner_noun_agreement	Write a natural, coherent English sentence.
54	23	Leslie insults those upset alumni.	Leslie insults that upset alumni.	-102.0	-102.0	-10.1875	-10.1875	False	False	morphology	determiner_noun_agreement	Write a natural, coherent English sentence.
55	23	Hats distract this ill man.	Hats distract these ill man.	-72.0	-72.0	-10.3125	-10.3125	False	False	morphology	determiner_noun_agreement	Write a natural, coherent English sentence.
56	23	Dawn sounded like this determined child.	Dawn sounded like these determined child.	-82.0	-82.0	-10.25	-10.25	False	False	morphology	determiner_noun_agreement	Write a natural, coherent English sentence.
57	23	Carl had run around that brown oasis.	Carl had run around those brown oasis.	-92.0	-92.0	-10.25	-10.25	False	False	morphology	determiner_noun_agreement	Write a natural, coherent English sentence.
58	23	Anna criticizes these concealed children.	Anna criticizes this concealed children.	-82.5	-82.5	-10.3125	-10.3125	False	False	morphology	determiner_noun_agreement	Write a natural, coherent English sentence.
59	23	The waiter might criticize that unemployed man.	The waiter might criticize those unemployed man.	-112.0	-112.0	-10.1875	-10.1875	False	False	morphology	determiner_noun_agreement	Write a natural, coherent English sentence.
60	23	Tracy was investigating this troubled alumnus.	Tracy was investigating these troubled alumnus.	-122.5	-122.5	-10.1875	-10.1875	False	False	morphology	determiner_noun_agreement	Write a natural, coherent English sentence.
61	23	These newspaper articles astound this clever child.	These newspaper articles astound these clever child.	-92.0	-92.0	-10.25	-10.25	False	False	morphology	determiner_noun_agreement	Write a natural, coherent English sentence.
62	23	Dana hadn't attacked this small man.	Dana hadn't attacked these small man.	-103.5	-103.0	-10.3125	-10.3125	False	False	morphology	determiner_noun_agreement	Write a natural, coherent English sentence.
63	23	Curtis wasn't breaking those hard teeth.	Curtis wasn't breaking that hard teeth.	-103.0	-103.0	-10.3125	-10.3125	False	False	morphology	determiner_noun_agreement	Write a natural, coherent English sentence.
64	23	All customers attack this employed alumnus.	All customers attack these employed alumnus.	-92.5	-92.5	-10.25	-10.25	False	False	morphology	determiner_noun_agreement	Write a natural, coherent English sentence.
65	23	Most ladies go to those purple oases.	Most ladies go to that purple oases.	-93.5	-93.0	-10.375	-10.375	False	False	morphology	determiner_noun_agreement	Write a natural, coherent English sentence.
66	23	A dancer tours that blue oasis.	A dancer tours those blue oasis.	-93.0	-93.0	-10.3125	-10.3125	False	False	morphology	determiner_noun_agreement	Write a natural, coherent English sentence.
67	23	Steven irritated this unconvinced woman.	Steven irritated these unconvinced woman.	-102.5	-102.5	-10.25	-10.25	False	False	morphology	determiner_noun_agreement	Write a natural, coherent English sentence.
68	23	Tara wasn't helping that sick man.	Tara wasn't helping those sick man.	-103.0	-103.0	-10.3125	-10.3125	False	False	morphology	determiner_noun_agreement	Write a natural, coherent English sentence.
69	23	The dancers aren't cleaning that smooth fungus.	The dancers aren't cleaning those smooth fungus.	-134.0	-134.0	-10.25	-10.3125	False	True	morphology	determiner_noun_agreement	Write a natural, coherent English sentence.
70	23	Melissa had talked about these white theses.	Melissa had talked about this white theses.	-101.5	-102.0	-10.1875	-10.1875	True	False	morphology	determiner_noun_agreement	Write a natural, coherent English sentence.
71	23	The man isn't watching those upset men.	The man isn't watching that upset men.	-103.0	-103.0	-10.3125	-10.3125	False	False	morphology	determiner_noun_agreement	Write a natural, coherent English sentence.
72	23	Sabrina won't worry this out in the open person.	Sabrina won't worry these out in the open person.	-144.0	-144.0	-10.25	-10.3125	False	True	morphology	determiner_noun_agreement	Write a natural, coherent English sentence.
73	23	Every bird embarrassed these unemployed men.	Every bird embarrassed this unemployed men.	-81.5	-81.5	-10.1875	-10.1875	False	False	morphology	determiner_noun_agreement	Write a natural, coherent English sentence.
74	23	The Borgias drive to that small oasis.	The Borgias drive to those small oasis.	-113.0	-113.5	-10.3125	-10.3125	True	False	morphology	determiner_noun_agreement	Write a natural, coherent English sentence.
75	23	Bradley likes these brown fungi.	Bradley likes this brown fungi.	-82.0	-82.0	-10.25	-10.25	False	False	morphology	determiner_noun_agreement	Write a natural, coherent English sentence.
76	23	Most guys go to that black oasis.	Most guys go to those black oasis.	-92.5	-93.0	-10.3125	-10.3125	True	False	morphology	determiner_noun_agreement	Write a natural, coherent English sentence.
77	23	A pedestrian hadn't approached these hopeful women.	A pedestrian hadn't approached this hopeful women.	-123.0	-123.0	-10.25	-10.25	False	False	morphology	determiner_noun_agreement	Write a natural, coherent English sentence.
78	23	Some senators aren't healing this unemployed alumnus.	Some senators aren't healing these unemployed alumnus.	-144.0	-144.0	-10.25	-10.25	False	False	morphology	determiner_noun_agreement	Write a natural, coherent English sentence.
79	23	That cart wasn't stunning these exposed men.	That cart wasn't stunning this exposed men.	-104.0	-104.0	-10.375	-10.375	False	False	morphology	determiner_noun_agreement	Write a natural, coherent English sentence.
80	23	Joel can think about this smart man.	Joel can think about these smart man.	-82.5	-82.5	-10.3125	-10.3125	False	False	morphology	determiner_noun_agreement	Write a natural, coherent English sentence.
81	23	Those prints disgust those good people.	Those prints disgust that good people.	-72.0	-72.0	-10.25	-10.3125	False	True	morphology	determiner_noun_agreement	Write a natural, coherent English sentence.
82	23	Beverly hadn't passed these yellow oases.	Beverly hadn't passed this yellow oases.	-113.0	-113.0	-10.25	-10.25	False	False	morphology	determiner_noun_agreement	Write a natural, coherent English sentence.
83	23	A lot of prints irritate this unconvinced woman.	A lot of prints irritate these unconvinced woman.	-133.0	-133.0	-10.25	-10.25	False	False	morphology	determiner_noun_agreement	Write a natural, coherent English sentence.
84	23	Many customers hire those standing alumni.	Many customers hire that standing alumni.	-92.5	-93.0	-10.3125	-10.3125	True	False	morphology	determiner_noun_agreement	Write a natural, coherent English sentence.
85	23	Some rug isn't irritating that nice woman.	Some rug isn't irritating those nice woman.	-113.0	-113.0	-10.3125	-10.3125	False	False	morphology	determiner_noun_agreement	Write a natural, coherent English sentence.
86	23	Jill embarrassed those busy men.	Jill embarrassed that busy men.	-72.5	-72.5	-10.375	-10.375	False	False	morphology	determiner_noun_agreement	Write a natural, coherent English sentence.
87	23	Most sketches could hurt this uncertain person.	Most sketches could hurt these uncertain person.	-103.0	-103.5	-10.3125	-10.3125	True	False	morphology	determiner_noun_agreement	Write a natural, coherent English sentence.
88	23	Patricia lifted those purple feet.	Patricia lifted that purple feet.	-81.5	-82.0	-10.1875	-10.25	True	True	morphology	determiner_noun_agreement	Write a natural, coherent English sentence.
89	23	The girls sell this hard fungus.	The girls sell these hard fungus.	-92.5	-92.0	-10.25	-10.25	False	False	morphology	determiner_noun_agreement	Write a natural, coherent English sentence.
90	23	Nicole has seen this yellow cactus.	Nicole has seen these yellow cactus.	-92.5	-92.0	-10.25	-10.25	False	False	morphology	determiner_noun_agreement	Write a natural, coherent English sentence.
91	23	Sharon could arrive at those big oases.	Sharon could arrive at that big oases.	-102.5	-102.5	-10.25	-10.25	False	False	morphology	determiner_noun_agreement	Write a natural, coherent English sentence.
92	23	This cashier can fire that good woman.	This cashier can fire those good woman.	-93.0	-93.0	-10.3125	-10.3125	False	False	morphology	determiner_noun_agreement	Write a natural, coherent English sentence.
93	23	Raymond left those scared children.	Raymond left that scared children.	-62.0	-62.0	-10.3125	-10.3125	False	False	morphology	determiner_noun_agreement	Write a natural, coherent English sentence.
94	23	Noah could discuss that clever person.	Noah could discuss those clever person.	-72.5	-72.5	-10.3125	-10.3125	False	False	morphology	determiner_noun_agreement	Write a natural, coherent English sentence.
95	23	Rachelle knew that concealed woman.	Rachelle knew those concealed woman.	-82.0	-82.5	-10.25	-10.3125	True	True	morphology	determiner_noun_agreement	Write a natural, coherent English sentence.
96	23	Dawn hasn't cured those gray oxen.	Dawn hasn't cured that gray oxen.	-122.5	-122.5	-10.1875	-10.25	False	True	morphology	determiner_noun_agreement	Write a natural, coherent English sentence.
97	23	The Great Lakes haven't disgusted those out in the open people.	The Great Lakes haven't disgusted that out in the open people.	-165.0	-165.0	-10.3125	-10.3125	False	False	morphology	determiner_noun_agreement	Write a natural, coherent English sentence.
98	23	Wayne doesn't exit those cheap oases.	Wayne doesn't exit that cheap oases.	-103.0	-103.0	-10.3125	-10.3125	False	False	morphology	determiner_noun_agreement	Write a natural, coherent English sentence.
99	23	These waitresses haven't astounded this fast woman.	These waitresses haven't astounded these fast woman.	-142.0	-142.0	-10.125	-10.1875	False	True	morphology	determiner_noun_agreement	Write a natural, coherent English sentence.
100	23	Patrick hasn't lifted this out in the open cactus.	Patrick hasn't lifted these out in the open cactus.	-144.0	-144.0	-10.25	-10.25	False	False	morphology	determiner_noun_agreement	Write a natural, coherent English sentence.
101	23	Angela isn't embarrassing those excited children.	Angela isn't embarrassing that excited children.	-103.0	-103.0	-10.25	-10.3125	False	True	morphology	determiner_noun_agreement	Write a natural, coherent English sentence.
102	23	Jennifer hasn't criticized this smart man.	Jennifer hasn't criticized these smart man.	-102.5	-102.5	-10.25	-10.25	False	False	morphology	determiner_noun_agreement	Write a natural, coherent English sentence.
103	23	April watched this big person.	April watched these big person.	-62.0	-62.0	-10.375	-10.375	False	False	morphology	determiner_noun_agreement	Write a natural, coherent English sentence.
104	23	Candice hadn't bothered that serious alumnus.	Candice hadn't bothered those serious alumnus.	-122.5	-122.5	-10.25	-10.25	False	False	morphology	determiner_noun_agreement	Write a natural, coherent English sentence.
105	23	The Clintons observe those happy women.	The Clintons observe that happy women.	-93.0	-93.0	-10.3125	-10.3125	False	False	morphology	determiner_noun_agreement	Write a natural, coherent English sentence.
106	23	The Clintons observe this excited man.	The Clintons observe these excited man.	-93.0	-93.0	-10.3125	-10.3125	False	False	morphology	determiner_noun_agreement	Write a natural, coherent English sentence.
107	23	Associations were listening to that unlucky child.	Associations were listening to those unlucky child.	-113.0	-113.0	-10.25	-10.25	False	False	morphology	determiner_noun_agreement	Write a natural, coherent English sentence.
108	23	Those committees discussed that busy woman.	Those committees discussed those busy woman.	-92.5	-92.5	-10.25	-10.25	False	False	morphology	determiner_noun_agreement	Write a natural, coherent English sentence.
109	23	Debra isn't discussing that good analysis.	Debra isn't discussing those good analysis.	-103.0	-103.0	-10.3125	-10.3125	False	False	morphology	determiner_noun_agreement	Write a natural, coherent English sentence.
110	23	The drawing distracts this lucky woman.	The drawing distracts these lucky woman.	-82.5	-82.5	-10.3125	-10.3125	False	False	morphology	determiner_noun_agreement	Write a natural, coherent English sentence.
111	23	Holly couldn't dislike this exposed child.	Holly couldn't dislike these exposed child.	-103.0	-103.0	-10.3125	-10.3125	False	False	morphology	determiner_noun_agreement	Write a natural, coherent English sentence.
112	23	Angela examines that good synopsis.	Angela examines those good synopsis.	-82.0	-82.0	-10.25	-10.25	False	False	morphology	determiner_noun_agreement	Write a natural, coherent English sentence.
113	23	These skateboards aggravate that lucky woman.	These skateboards aggravate those lucky woman.	-112.0	-112.0	-10.1875	-10.1875	False	False	morphology	determiner_noun_agreement	Write a natural, coherent English sentence.
114	23	Some play alarms those small women.	Some play alarms that small women.	-83.0	-83.0	-10.375	-10.375	False	False	morphology	determiner_noun_agreement	Write a natural, coherent English sentence.
115	23	Students investigate these nice men.	Students investigate this nice men.	-62.0	-62.0	-10.375	-10.375	False	False	morphology	determiner_noun_agreement	Write a natural, coherent English sentence.
116	23	Tanya wasn't shocking that busy child.	Tanya wasn't shocking those busy child.	-113.5	-113.5	-10.3125	-10.3125	False	False	morphology	determiner_noun_agreement	Write a natural, coherent English sentence.
117	23	Brett has boasted about this nice person.	Brett has boasted about these nice person.	-102.5	-102.5	-10.25	-10.25	False	False	morphology	determiner_noun_agreement	Write a natural, coherent English sentence.
118	23	Jennifer described that hidden woman.	Jennifer described those hidden woman.	-62.5	-62.5	-10.375	-10.375	False	False	morphology	determiner_noun_agreement	Write a natural, coherent English sentence.
119	23	Winston Churchill passed these red oases.	Winston Churchill passed this red oases.	-102.5	-102.5	-10.25	-10.25	False	False	morphology	determiner_noun_agreement	Write a natural, coherent English sentence.
120	23	Some mirror could scare this nice woman.	Some mirror could scare these nice woman.	-93.0	-93.0	-10.3125	-10.3125	False	False	morphology	determiner_noun_agreement	Write a natural, coherent English sentence.
121	23	Caroline hadn't fired that scared alumnus.	Caroline hadn't fired those scared alumnus.	-113.0	-113.0	-10.25	-10.25	False	False	morphology	determiner_noun_agreement	Write a natural, coherent English sentence.
122	23	Edward wasn't referencing that displeased woman.	Edward wasn't referencing those displeased woman.	-123.0	-123.0	-10.25	-10.25	False	False	morphology	determiner_noun_agreement	Write a natural, coherent English sentence.
123	23	Many teachers clean these cheap teeth.	Many teachers clean this cheap teeth.	-72.5	-72.5	-10.3125	-10.375	False	True	morphology	determiner_noun_agreement	Write a natural, coherent English sentence.
124	23	Wayne might remember these new oases.	Wayne might remember this new oases.	-83.0	-83.0	-10.375	-10.375	False	False	morphology	determiner_noun_agreement	Write a natural, coherent English sentence.
125	23	Some high school alarms this determined man.	Some high school alarms these determined man.	-92.5	-93.0	-10.3125	-10.3125	True	False	morphology	determiner_noun_agreement	Write a natural, coherent English sentence.
126	23	Vincent had returned to these out in the open oases.	Vincent had returned to this out in the open oases.	-123.5	-123.5	-10.25	-10.25	False	False	morphology	determiner_noun_agreement	Write a natural, coherent English sentence.
127	23	Marla hired this standing child.	Marla hired these standing child.	-72.5	-72.5	-10.375	-10.375	False	False	morphology	determiner_noun_agreement	Write a natural, coherent English sentence.
128	23	Some cucumber has upset those ill men.	Some cucumber has upset that ill men.	-102.5	-102.5	-10.25	-10.25	False	False	morphology	determiner_noun_agreement	Write a natural, coherent English sentence.
129	23	Russell hasn't kissed this content man.	Russell hasn't kissed these content man.	-93.0	-93.0	-10.3125	-10.3125	False	False	morphology	determiner_noun_agreement	Write a natural, coherent English sentence.
130	23	Guy has left this determined man.	Guy has left these determined man.	-72.0	-72.0	-10.3125	-10.3125	False	False	morphology	determiner_noun_agreement	Write a natural, coherent English sentence.
131	23	The Lutherans listen to these employed women.	The Lutherans listen to this employed women.	-92.5	-92.5	-10.3125	-10.3125	False	False	morphology	determiner_noun_agreement	Write a natural, coherent English sentence.
132	23	Candice disliked these bad analyses.	Candice disliked this bad analyses.	-102.0	-102.0	-10.1875	-10.25	False	True	morphology	determiner_noun_agreement	Write a natural, coherent English sentence.
133	23	Many women heal these lost geese.	Many women heal this lost geese.	-82.5	-83.0	-10.3125	-10.375	True	True	morphology	determiner_noun_agreement	Write a natural, coherent English sentence.
134	23	Wayne has remembered these smart people.	Wayne has remembered this smart people.	-72.5	-72.5	-10.375	-10.375	False	False	morphology	determiner_noun_agreement	Write a natural, coherent English sentence.
135	23	This teenager had dropped by these white oases.	This teenager had dropped by this white oases.	-103.0	-103.0	-10.3125	-10.3125	False	False	morphology	determiner_noun_agreement	Write a natural, coherent English sentence.
136	23	Eva has exited those smooth oases.	Eva has exited that smooth oases.	-93.0	-93.0	-10.3125	-10.3125	False	False	morphology	determiner_noun_agreement	Write a natural, coherent English sentence.
137	23	Cheryl wouldn't aggravate that bad person.	Cheryl wouldn't aggravate those bad person.	-123.0	-123.0	-10.25	-10.25	False	False	morphology	determiner_noun_agreement	Write a natural, coherent English sentence.
138	23	Katherine hadn't shocked those young children.	Katherine hadn't shocked that young children.	-103.0	-103.0	-10.3125	-10.3125	False	False	morphology	determiner_noun_agreement	Write a natural, coherent English sentence.
139	23	The student loves these troubled people.	The student loves this troubled people.	-82.5	-82.5	-10.3125	-10.3125	False	False	morphology	determiner_noun_agreement	Write a natural, coherent English sentence.
140	23	Tracy cared for those smart alumni.	Tracy cared for that smart alumni.	-103.0	-103.0	-10.3125	-10.3125	False	False	morphology	determiner_noun_agreement	Write a natural, coherent English sentence.
141	23	Guys return to these small oases.	Guys return to this small oases.	-93.0	-93.0	-10.3125	-10.3125	False	False	morphology	determiner_noun_agreement	Write a natural, coherent English sentence.
142	23	Marcus won't bike to this white oasis.	Marcus won't bike to these white oasis.	-113.0	-113.0	-10.3125	-10.3125	False	False	morphology	determiner_noun_agreement	Write a natural, coherent English sentence.
143	23	Eggplants impressed these unconvinced alumni.	Eggplants impressed this unconvinced alumni.	-143.0	-143.0	-10.25	-10.25	False	False	morphology	determiner_noun_agreement	Write a natural, coherent English sentence.
144	23	A turtle has bored those troubled children.	A turtle has bored that troubled children.	-112.5	-112.5	-10.25	-10.25	False	False	morphology	determiner_noun_agreement	Write a natural, coherent English sentence.
145	23	The adults were taking those old teeth.	The adults were taking that old teeth.	-82.5	-82.5	-10.3125	-10.3125	False	False	morphology	determiner_noun_agreement	Write a natural, coherent English sentence.
146	23	Alan wasn't returning to those blue oases.	Alan wasn't returning to that blue oases.	-113.5	-113.5	-10.3125	-10.3125	False	False	morphology	determiner_noun_agreement	Write a natural, coherent English sentence.
147	23	Theodore had lifted this rough cactus.	Theodore had lifted these rough cactus.	-102.5	-102.5	-10.25	-10.25	False	False	morphology	determiner_noun_agreement	Write a natural, coherent English sentence.
148	23	Joel isn't praising those good synopses.	Joel isn't praising that good synopses.	-123.5	-123.5	-10.25	-10.3125	False	True	morphology	determiner_noun_agreement	Write a natural, coherent English sentence.
149	23	The pedestrian knows these standing women.	The pedestrian knows this standing women.	-82.5	-82.5	-10.3125	-10.3125	False	False	morphology	determiner_noun_agreement	Write a natural, coherent English sentence.
150	23	Some museums forget that good analysis.	Some museums forget those good analysis.	-82.0	-82.0	-10.25	-10.25	False	False	morphology	determiner_noun_agreement	Write a natural, coherent English sentence.
151	23	The Clintons might clean that lost fungus.	The Clintons might clean those lost fungus.	-123.5	-123.5	-10.3125	-10.3125	False	False	morphology	determiner_noun_agreement	Write a natural, coherent English sentence.
152	23	Mary is bothering these out in the open children.	Mary is bothering this out in the open children.	-113.0	-113.0	-10.25	-10.25	False	False	morphology	determiner_noun_agreement	Write a natural, coherent English sentence.
153	23	Many customers sell that lost ox.	Many customers sell those lost ox.	-72.0	-72.0	-10.3125	-10.3125	False	False	morphology	determiner_noun_agreement	Write a natural, coherent English sentence.
154	23	These waitresses praise these troubled men.	These waitresses praise this troubled men.	-101.5	-101.5	-10.125	-10.125	False	False	morphology	determiner_noun_agreement	Write a natural, coherent English sentence.
155	23	Many men didn't admire that nice person.	Many men didn't admire those nice person.	-113.0	-113.0	-10.25	-10.3125	False	True	morphology	determiner_noun_agreement	Write a natural, coherent English sentence.
156	23	Jesus ran around this exposed oasis.	Jesus ran around these exposed oasis.	-82.5	-82.5	-10.3125	-10.3125	False	False	morphology	determiner_noun_agreement	Write a natural, coherent English sentence.
157	23	Many customers talk about that delighted child.	Many customers talk about those delighted child.	-82.0	-82.0	-10.25	-10.25	False	False	morphology	determiner_noun_agreement	Write a natural, coherent English sentence.
158	23	Drawings had disgusted this small woman.	Drawings had disgusted these small woman.	-92.5	-92.5	-10.3125	-10.3125	False	False	morphology	determiner_noun_agreement	Write a natural, coherent English sentence.
159	23	Colleen did care for that good man.	Colleen did care for those good man.	-92.5	-92.5	-10.25	-10.25	False	False	morphology	determiner_noun_agreement	Write a natural, coherent English sentence.
160	23	Marcus admired those exposed geese.	Marcus admired that exposed geese.	-82.5	-82.5	-10.3125	-10.3125	False	False	morphology	determiner_noun_agreement	Write a natural, coherent English sentence.
161	23	Randolf has noticed this clean foot.	Randolf has noticed these clean foot.	-82.5	-82.5	-10.3125	-10.3125	False	False	morphology	determiner_noun_agreement	Write a natural, coherent English sentence.
162	23	Craig could listen to that determined man.	Craig could listen to those determined man.	-82.5	-82.5	-10.3125	-10.3125	False	False	morphology	determiner_noun_agreement	Write a natural, coherent English sentence.
163	23	Movies stunned this small man.	Movies stunned these small man.	-82.5	-82.5	-10.3125	-10.3125	False	False	morphology	determiner_noun_agreement	Write a natural, coherent English sentence.
164	23	Timothy buys this rough ox.	Timothy buys these rough ox.	-82.0	-82.0	-10.25	-10.25	False	False	morphology	determiner_noun_agreement	Write a natural, coherent English sentence.
165	23	Some women go to those red oases.	Some women go to that red oases.	-92.5	-92.5	-10.3125	-10.3125	False	False	morphology	determiner_noun_agreement	Write a natural, coherent English sentence.
166	23	Ruth fixed this clean tooth.	Ruth fixed these clean tooth.	-62.0	-62.25	-10.375	-10.375	True	False	morphology	determiner_noun_agreement	Write a natural, coherent English sentence.
167	23	Monica is boring those clever men.	Monica is boring that clever men.	-82.5	-82.5	-10.3125	-10.3125	False	False	morphology	determiner_noun_agreement	Write a natural, coherent English sentence.
168	23	Janice knows these hidden alumni.	Janice knows this hidden alumni.	-92.0	-92.5	-10.25	-10.25	True	False	morphology	determiner_noun_agreement	Write a natural, coherent English sentence.
169	23	Spain insults this delighted alumnus.	Spain insults these delighted alumnus.	-92.0	-92.0	-10.25	-10.25	False	False	morphology	determiner_noun_agreement	Write a natural, coherent English sentence.
170	23	Some planes bore that displeased child.	Some planes bore those displeased child.	-92.5	-92.5	-10.3125	-10.3125	False	False	morphology	determiner_noun_agreement	Write a natural, coherent English sentence.
171	23	Dishes should upset these happy men.	Dishes should upset this happy men.	-82.5	-82.5	-10.3125	-10.3125	False	False	morphology	determiner_noun_agreement	Write a natural, coherent English sentence.
172	23	That painting looked like these yellow stimuli.	That painting looked like this yellow stimuli.	-92.0	-92.0	-10.25	-10.25	False	False	morphology	determiner_noun_agreement	Write a natural, coherent English sentence.
173	23	Amy shocked that content man.	Amy shocked those content man.	-62.5	-62.5	-10.4375	-10.4375	False	False	morphology	determiner_noun_agreement	Write a natural, coherent English sentence.
174	23	Melinda hasn't hidden this determined woman.	Melinda hasn't hidden these determined woman.	-102.5	-103.0	-10.25	-10.25	True	False	morphology	determiner_noun_agreement	Write a natural, coherent English sentence.
175	23	Caroline did drive to this brown oasis.	Caroline did drive to these brown oasis.	-92.5	-92.5	-10.25	-10.3125	False	True	morphology	determiner_noun_agreement	Write a natural, coherent English sentence.
176	23	That rice disturbed those smart alumni.	That rice disturbed that smart alumni.	-103.0	-103.0	-10.25	-10.3125	False	True	morphology	determiner_noun_agreement	Write a natural, coherent English sentence.
177	23	Brian will examine these long analyses.	Brian will examine this long analyses.	-82.5	-82.5	-10.3125	-10.3125	False	False	morphology	determiner_noun_agreement	Write a natural, coherent English sentence.
178	23	Mark dislikes this uncertain child.	Mark dislikes these uncertain child.	-82.5	-82.5	-10.3125	-10.3125	False	False	morphology	determiner_noun_agreement	Write a natural, coherent English sentence.
179	23	Rose was returning to these out in the open children.	Rose was returning to this out in the open children.	-113.0	-113.0	-10.3125	-10.3125	False	False	morphology	determiner_noun_agreement	Write a natural, coherent English sentence.
180	23	The guest has fixed this red tooth.	The guest has fixed these red tooth.	-82.5	-82.5	-10.3125	-10.3125	False	False	morphology	determiner_noun_agreement	Write a natural, coherent English sentence.
181	23	Jennifer is breaking this big tooth.	Jennifer is breaking these big tooth.	-72.0	-72.0	-10.3125	-10.3125	False	False	morphology	determiner_noun_agreement	Write a natural, coherent English sentence.
182	23	Sabrina isn't referencing these red theses.	Sabrina isn't referencing this red theses.	-133.0	-133.0	-10.25	-10.25	False	False	morphology	determiner_noun_agreement	Write a natural, coherent English sentence.
183	23	Valerie hadn't exited that exposed oasis.	Valerie hadn't exited those exposed oasis.	-123.0	-123.0	-10.25	-10.25	False	False	morphology	determiner_noun_agreement	Write a natural, coherent English sentence.
184	23	Every restaurant had worried this hidden child.	Every restaurant had worried these hidden child.	-83.0	-82.5	-10.375	-10.3125	False	False	morphology	determiner_noun_agreement	Write a natural, coherent English sentence.
185	23	A woman was examining those long synopses.	A woman was examining that long synopses.	-112.5	-112.5	-10.1875	-10.1875	False	False	morphology	determiner_noun_agreement	Write a natural, coherent English sentence.
186	23	All actresses approach that content man.	All actresses approach those content man.	-82.0	-82.0	-10.25	-10.25	False	False	morphology	determiner_noun_agreement	Write a natural, coherent English sentence.
187	23	Sarah cleaned those yellow feet.	Sarah cleaned that yellow feet.	-61.75	-62.0	-10.25	-10.3125	True	True	morphology	determiner_noun_agreement	Write a natural, coherent English sentence.
188	23	Margaret tours those black oases.	Margaret tours that black oases.	-72.5	-73.0	-10.375	-10.375	True	False	morphology	determiner_noun_agreement	Write a natural, coherent English sentence.
189	23	Rachel wasn't messing up this clean foot.	Rachel wasn't messing up these clean foot.	-113.0	-113.0	-10.25	-10.25	False	False	morphology	determiner_noun_agreement	Write a natural, coherent English sentence.
190	23	The Lutherans go to that old oasis.	The Lutherans go to those old oasis.	-102.5	-103.0	-10.25	-10.25	True	False	morphology	determiner_noun_agreement	Write a natural, coherent English sentence.
191	23	The lamps shock those hidden alumni.	The lamps shock that hidden alumni.	-103.0	-103.0	-10.3125	-10.3125	False	False	morphology	determiner_noun_agreement	Write a natural, coherent English sentence.
192	23	Claire conceals those small stimuli.	Claire conceals that small stimuli.	-82.5	-83.0	-10.3125	-10.375	True	True	morphology	determiner_noun_agreement	Write a natural, coherent English sentence.
193	23	Most documentaries annoy that busy person.	Most documentaries annoy those busy person.	-82.0	-82.0	-10.25	-10.25	False	False	morphology	determiner_noun_agreement	Write a natural, coherent English sentence.
194	23	Pamela shouldn't return to those exposed men.	Pamela shouldn't return to that exposed men.	-112.5	-113.0	-10.25	-10.25	True	False	morphology	determiner_noun_agreement	Write a natural, coherent English sentence.
195	23	That person couldn't arrive at that purple oasis.	That person couldn't arrive at those purple oasis.	-122.5	-122.5	-10.25	-10.25	False	False	morphology	determiner_noun_agreement	Write a natural, coherent English sentence.
196	23	Alicia won't admire those big nuclei.	Alicia won't admire that big nuclei.	-134.0	-134.0	-10.3125	-10.3125	False	False	morphology	determiner_noun_agreement	Write a natural, coherent English sentence.
197	23	Curtis arrived at that red oasis.	Curtis arrived at those red oasis.	-92.0	-92.0	-10.1875	-10.1875	False	False	morphology	determiner_noun_agreement	Write a natural, coherent English sentence.
198	23	People investigate that smart man.	People investigate those smart man.	-62.5	-62.25	-10.375	-10.375	False	False	morphology	determiner_noun_agreement	Write a natural, coherent English sentence.
199	23	Some boys hire these content alumni.	Some boys hire this content alumni.	-93.0	-92.5	-10.3125	-10.3125	False	False	morphology	determiner_noun_agreement	Write a natural, coherent English sentence.
200	23	Leslie found these brown feet.	Leslie found this brown feet.	-71.5	-72.0	-10.1875	-10.25	True	True	morphology	determiner_noun_agreement	Write a natural, coherent English sentence.
201	23	Alexander was firing that displeased woman.	Alexander was firing those displeased woman.	-93.0	-93.0	-10.3125	-10.3125	False	False	morphology	determiner_noun_agreement	Write a natural, coherent English sentence.
202	23	Florence hasn't argued about those confident children.	Florence hasn't argued about that confident children.	-103.0	-103.0	-10.3125	-10.3125	False	False	morphology	determiner_noun_agreement	Write a natural, coherent English sentence.
203	23	That adult hadn't complained about that exposed man.	That adult hadn't complained about those exposed man.	-113.0	-113.0	-10.3125	-10.25	False	False	morphology	determiner_noun_agreement	Write a natural, coherent English sentence.
204	23	Larry works with these scared women.	Larry works with this scared women.	-72.5	-72.5	-10.3125	-10.3125	False	False	morphology	determiner_noun_agreement	Write a natural, coherent English sentence.
205	23	Kathleen leaves this old child.	Kathleen leaves these old child.	-71.5	-71.5	-10.25	-10.25	False	False	morphology	determiner_noun_agreement	Write a natural, coherent English sentence.
206	23	The actresses weren't watching these scared people.	The actresses weren't watching this scared people.	-113.0	-113.0	-10.25	-10.25	False	False	morphology	determiner_noun_agreement	Write a natural, coherent English sentence.
207	23	Derek isn't escaping from these blue oases.	Derek isn't escaping from this blue oases.	-134.0	-134.0	-10.3125	-10.3125	False	False	morphology	determiner_noun_agreement	Write a natural, coherent English sentence.
208	23	Naomi isn't talking about that cheap oasis.	Naomi isn't talking about those cheap oasis.	-122.5	-122.5	-10.25	-10.1875	False	False	morphology	determiner_noun_agreement	Write a natural, coherent English sentence.
209	23	These guests hate these troubled men.	These guests hate this troubled men.	-82.5	-82.5	-10.3125	-10.3125	False	False	morphology	determiner_noun_agreement	Write a natural, coherent English sentence.
210	23	Patricia wasn't hiring those small children.	Patricia wasn't hiring that small children.	-112.0	-112.0	-10.1875	-10.1875	False	False	morphology	determiner_noun_agreement	Write a natural, coherent English sentence.
211	23	All stairs weren't alarming that lucky woman.	All stairs weren't alarming those lucky woman.	-113.0	-113.0	-10.3125	-10.3125	False	False	morphology	determiner_noun_agreement	Write a natural, coherent English sentence.
212	23	Many drivers left that confident alumnus.	Many drivers left those confident alumnus.	-92.5	-93.0	-10.3125	-10.3125	True	False	morphology	determiner_noun_agreement	Write a natural, coherent English sentence.
213	23	Every skirt disgusts these smart children.	Every skirt disgusts this smart children.	-82.5	-82.5	-10.3125	-10.3125	False	False	morphology	determiner_noun_agreement	Write a natural, coherent English sentence.
214	23	Valerie has astounded that lost alumnus.	Valerie has astounded those lost alumnus.	-122.5	-122.5	-10.1875	-10.1875	False	False	morphology	determiner_noun_agreement	Write a natural, coherent English sentence.
215	23	Sonia should describe this determined child.	Sonia should describe these determined child.	-82.5	-82.5	-10.3125	-10.3125	False	False	morphology	determiner_noun_agreement	Write a natural, coherent English sentence.
216	23	A lot of lakes weren't disgusting that old person.	A lot of lakes weren't disgusting those old person.	-143.0	-143.0	-10.1875	-10.25	False	True	morphology	determiner_noun_agreement	Write a natural, coherent English sentence.
217	23	Some pants hadn't aggravated that good woman.	Some pants hadn't aggravated those good woman.	-123.5	-123.5	-10.3125	-10.3125	False	False	morphology	determiner_noun_agreement	Write a natural, coherent English sentence.
218	23	Anne does return to that old woman.	Anne does return to those old woman.	-82.0	-82.0	-10.25	-10.25	False	False	morphology	determiner_noun_agreement	Write a natural, coherent English sentence.
219	23	Alan wasn't listening to that delighted person.	Alan wasn't listening to those delighted person.	-103.0	-103.0	-10.25	-10.3125	False	True	morphology	determiner_noun_agreement	Write a natural, coherent English sentence.
220	23	Some icicles annoy those serious alumni.	Some icicles annoy that serious alumni.	-102.5	-102.5	-10.25	-10.25	False	False	morphology	determiner_noun_agreement	Write a natural, coherent English sentence.
221	23	Many women won't scare those uncertain men.	Many women won't scare that uncertain men.	-113.5	-113.5	-10.3125	-10.3125	False	False	morphology	determiner_noun_agreement	Write a natural, coherent English sentence.
222	23	Science disgusts this unconvinced alumnus.	Science disgusts these unconvinced alumnus.	-122.5	-122.5	-10.1875	-10.1875	False	False	morphology	determiner_noun_agreement	Write a natural, coherent English sentence.
223	23	Connie tours these rough oases.	Connie tours this rough oases.	-82.5	-82.5	-10.3125	-10.3125	False	False	morphology	determiner_noun_agreement	Write a natural, coherent English sentence.
224	23	Those banks were talking about this lost thesis.	Those banks were talking about these lost thesis.	-92.0	-92.0	-10.25	-10.25	False	False	morphology	determiner_noun_agreement	Write a natural, coherent English sentence.
225	23	Some prints didn't look like this rough louse.	Some prints didn't look like these rough louse.	-123.0	-123.5	-10.25	-10.3125	True	True	morphology	determiner_noun_agreement	Write a natural, coherent English sentence.
226	23	All pedestrians like those rough theses.	All pedestrians like that rough theses.	-103.0	-103.0	-10.3125	-10.3125	False	False	morphology	determiner_noun_agreement	Write a natural, coherent English sentence.
227	23	Douglas saw that black fungus.	Douglas saw those black fungus.	-82.0	-82.5	-10.25	-10.3125	True	True	morphology	determiner_noun_agreement	Write a natural, coherent English sentence.
228	23	Sarah examined that bad analysis.	Sarah examined those bad analysis.	-62.25	-62.25	-10.375	-10.375	False	False	morphology	determiner_noun_agreement	Write a natural, coherent English sentence.
229	23	An actress researches this long thesis.	An actress researches these long thesis.	-103.0	-103.0	-10.3125	-10.3125	False	False	morphology	determiner_noun_agreement	Write a natural, coherent English sentence.
230	23	Those waitresses criticize this hidden child.	Those waitresses criticize these hidden child.	-102.0	-101.5	-10.1875	-10.1875	False	False	morphology	determiner_noun_agreement	Write a natural, coherent English sentence.
231	23	Most drivers question these upset alumni.	Most drivers question this upset alumni.	-93.0	-93.0	-10.3125	-10.3125	False	False	morphology	determiner_noun_agreement	Write a natural, coherent English sentence.
232	23	Phillip isn't working with these small women.	Phillip isn't working with this small women.	-113.0	-113.0	-10.25	-10.25	False	False	morphology	determiner_noun_agreement	Write a natural, coherent English sentence.
233	23	Jennifer can't aggravate that unlucky man.	Jennifer can't aggravate those unlucky man.	-134.0	-134.0	-10.3125	-10.25	False	False	morphology	determiner_noun_agreement	Write a natural, coherent English sentence.
234	23	Essays confuse this good woman.	Essays confuse these good woman.	-82.5	-83.0	-10.3125	-10.375	True	True	morphology	determiner_noun_agreement	Write a natural, coherent English sentence.
235	23	Amelia has forgotten those bad analyses.	Amelia has forgotten that bad analyses.	-92.0	-92.0	-10.1875	-10.25	False	True	morphology	determiner_noun_agreement	Write a natural, coherent English sentence.
236	23	Michael had explored this brown oasis.	Michael had explored these brown oasis.	-82.0	-82.0	-10.25	-10.25	False	False	morphology	determiner_noun_agreement	Write a natural, coherent English sentence.
237	23	Natalie can aggravate those smart men.	Natalie can aggravate that smart men.	-102.0	-102.5	-10.1875	-10.25	True	True	morphology	determiner_noun_agreement	Write a natural, coherent English sentence.
238	23	That patient won't go to these cheap oases.	That patient won't go to this cheap oases.	-124.0	-124.0	-10.3125	-10.3125	False	False	morphology	determiner_noun_agreement	Write a natural, coherent English sentence.
239	23	Heidi had discovered those black feet.	Heidi had discovered that black feet.	-82.5	-82.0	-10.3125	-10.25	False	False	morphology	determiner_noun_agreement	Write a natural, coherent English sentence.
240	23	David hadn't watched those determined men.	David hadn't watched that determined men.	-93.0	-92.5	-10.3125	-10.3125	False	False	morphology	determiner_noun_agreement	Write a natural, coherent English sentence.
241	23	Some teenager couldn't walk through these green oases.	Some teenager couldn't walk through this green oases.	-123.0	-123.0	-10.25	-10.25	False	False	morphology	determiner_noun_agreement	Write a natural, coherent English sentence.
242	23	Christina shouldn't sell this hard oasis.	Christina shouldn't sell these hard oasis.	-112.5	-112.5	-10.25	-10.1875	False	False	morphology	determiner_noun_agreement	Write a natural, coherent English sentence.
243	23	Christopher isn't firing those sick men.	Christopher isn't firing that sick men.	-93.0	-93.0	-10.3125	-10.3125	False	False	morphology	determiner_noun_agreement	Write a natural, coherent English sentence.
244	23	Most students hide that yellow mouse.	Most students hide those yellow mouse.	-72.5	-72.0	-10.3125	-10.3125	False	False	morphology	determiner_noun_agreement	Write a natural, coherent English sentence.
245	23	Holly did buy those clean feet.	Holly did buy that clean feet.	-72.0	-72.0	-10.3125	-10.3125	False	False	morphology	determiner_noun_agreement	Write a natural, coherent English sentence.
246	23	Many actors clean these brown theses.	Many actors clean this brown theses.	-82.5	-82.5	-10.3125	-10.3125	False	False	morphology	determiner_noun_agreement	Write a natural, coherent English sentence.
247	23	Stacy would hide those lost lice.	Stacy would hide that lost lice.	-93.0	-93.0	-10.3125	-10.3125	False	False	morphology	determiner_noun_agreement	Write a natural, coherent English sentence.
248	23	Alan drove to that new oasis.	Alan drove to those new oasis.	-81.5	-82.0	-10.1875	-10.25	True	True	morphology	determiner_noun_agreement	Write a natural, coherent English sentence.
249	23	The Impressionists tour this purple oasis.	The Impressionists tour these purple oasis.	-102.5	-102.5	-10.25	-10.25	False	False	morphology	determiner_noun_agreement	Write a natural, coherent English sentence.
250	23	Wayne is talking to this hidden woman.	Wayne is talking to these hidden woman.	-83.0	-83.0	-10.375	-10.375	False	False	morphology	determiner_noun_agreement	Write a natural, coherent English sentence.
251	23	Christopher forgets this happy child.	Christopher forgets these happy child.	-72.0	-72.0	-10.25	-10.25	False	False	morphology	determiner_noun_agreement	Write a natural, coherent English sentence.
252	23	Julie can boycott those cheap oases.	Julie can boycott that cheap oases.	-92.5	-92.5	-10.25	-10.3125	False	True	morphology	determiner_noun_agreement	Write a natural, coherent English sentence.
253	23	Most senators dislike these bad theses.	Most senators dislike this bad theses.	-103.0	-103.0	-10.25	-10.3125	False	True	morphology	determiner_noun_agreement	Write a natural, coherent English sentence.
254	23	Denise concealed this content person.	Denise concealed these content person.	-82.0	-82.5	-10.25	-10.3125	True	True	morphology	determiner_noun_agreement	Write a natural, coherent English sentence.
255	23	Some bike shocks these nice women.	Some bike shocks this nice women.	-82.5	-82.5	-10.3125	-10.3125	False	False	morphology	determiner_noun_agreement	Write a natural, coherent English sentence.
256	23	These teenagers fix those hidden feet.	These teenagers fix that hidden feet.	-81.5	-81.5	-10.1875	-10.1875	False	False	morphology	determiner_noun_agreement	Write a natural, coherent English sentence.
257	23	Ella praised that ill woman.	Ella praised those ill woman.	-72.5	-72.5	-10.375	-10.3125	False	False	morphology	determiner_noun_agreement	Write a natural, coherent English sentence.
258	23	Current events stun these lost people.	Current events stun this lost people.	-82.5	-82.5	-10.3125	-10.3125	False	False	morphology	determiner_noun_agreement	Write a natural, coherent English sentence.
259	23	Mary tours this gray oasis.	Mary tours these gray oasis.	-72.0	-72.0	-10.3125	-10.3125	False	False	morphology	determiner_noun_agreement	Write a natural, coherent English sentence.
260	23	Linda visited those unsure men.	Linda visited that unsure men.	-72.5	-72.5	-10.375	-10.375	False	False	morphology	determiner_noun_agreement	Write a natural, coherent English sentence.
261	23	Dan wouldn't boycott that smooth oasis.	Dan wouldn't boycott those smooth oasis.	-113.0	-112.5	-10.25	-10.25	False	False	morphology	determiner_noun_agreement	Write a natural, coherent English sentence.
262	23	Those men leave that brown oasis.	Those men leave those brown oasis.	-82.0	-82.0	-10.25	-10.25	False	False	morphology	determiner_noun_agreement	Write a natural, coherent English sentence.
263	23	Lissa does pass these black oases.	Lissa does pass this black oases.	-93.5	-93.5	-10.375	-10.375	False	False	morphology	determiner_noun_agreement	Write a natural, coherent English sentence.
264	23	Alice had embarrassed this happy man.	Alice had embarrassed these happy man.	-72.0	-72.0	-10.3125	-10.3125	False	False	morphology	determiner_noun_agreement	Write a natural, coherent English sentence.
265	23	Wayne is worrying that hopeful child.	Wayne is worrying those hopeful child.	-82.5	-82.5	-10.3125	-10.3125	False	False	morphology	determiner_noun_agreement	Write a natural, coherent English sentence.
266	23	Lucille is biking to that green oasis.	Lucille is biking to those green oasis.	-112.5	-112.5	-10.1875	-10.25	False	True	morphology	determiner_noun_agreement	Write a natural, coherent English sentence.
267	23	Katherine hadn't skated around this white oasis.	Katherine hadn't skated around these white oasis.	-134.0	-134.0	-10.25	-10.25	False	False	morphology	determiner_noun_agreement	Write a natural, coherent English sentence.
268	23	James observed this hopeful child.	James observed these hopeful child.	-72.0	-71.5	-10.3125	-10.25	False	False	morphology	determiner_noun_agreement	Write a natural, coherent English sentence.
269	23	Gerald liked this big child.	Gerald liked these big child.	-72.0	-72.0	-10.25	-10.25	False	False	morphology	determiner_noun_agreement	Write a natural, coherent English sentence.
270	23	That committee wasn't hiring this displeased alumnus.	That committee wasn't hiring these displeased alumnus.	-144.0	-143.0	-10.25	-10.25	False	False	morphology	determiner_noun_agreement	Write a natural, coherent English sentence.
271	23	Gary isn't breaking that white tooth.	Gary isn't breaking those white tooth.	-93.0	-93.0	-10.3125	-10.3125	False	False	morphology	determiner_noun_agreement	Write a natural, coherent English sentence.
272	23	Walter hasn't seen those content children.	Walter hasn't seen that content children.	-92.5	-92.5	-10.3125	-10.25	False	False	morphology	determiner_noun_agreement	Write a natural, coherent English sentence.
273	23	Martha didn't clean these hidden teeth.	Martha didn't clean this hidden teeth.	-93.0	-93.0	-10.3125	-10.3125	False	False	morphology	determiner_noun_agreement	Write a natural, coherent English sentence.
274	23	These teachers are returning to those lost men.	These teachers are returning to that lost men.	-92.5	-92.5	-10.3125	-10.25	False	False	morphology	determiner_noun_agreement	Write a natural, coherent English sentence.
275	23	Ellen hadn't boycotted that hidden oasis.	Ellen hadn't boycotted those hidden oasis.	-123.5	-123.5	-10.3125	-10.3125	False	False	morphology	determiner_noun_agreement	Write a natural, coherent English sentence.
276	23	Some patients drive to these brown oases.	Some patients drive to this brown oases.	-92.5	-92.5	-10.3125	-10.25	False	False	morphology	determiner_noun_agreement	Write a natural, coherent English sentence.
277	23	Nina wasn't referencing this ill person.	Nina wasn't referencing these ill person.	-103.0	-103.0	-10.3125	-10.3125	False	False	morphology	determiner_noun_agreement	Write a natural, coherent English sentence.
278	23	Denise praises these fast children.	Denise praises this fast children.	-82.0	-82.0	-10.25	-10.25	False	False	morphology	determiner_noun_agreement	Write a natural, coherent English sentence.
279	23	Most customers attack that clever man.	Most customers attack those clever man.	-72.5	-72.5	-10.375	-10.375	False	False	morphology	determiner_noun_agreement	Write a natural, coherent English sentence.
280	23	Every photograph looks like those exposed people.	Every photograph looks like that exposed people.	-82.0	-82.0	-10.25	-10.25	False	False	morphology	determiner_noun_agreement	Write a natural, coherent English sentence.
281	23	Cindy shouldn't cure that confident alumnus.	Cindy shouldn't cure those confident alumnus.	-134.0	-134.0	-10.25	-10.25	False	False	morphology	determiner_noun_agreement	Write a natural, coherent English sentence.
282	23	The Borgias reveal these blue feet.	The Borgias reveal this blue feet.	-93.0	-93.5	-10.375	-10.375	True	False	morphology	determiner_noun_agreement	Write a natural, coherent English sentence.
283	23	Ella lifts these exposed fungi.	Ella lifts this exposed fungi.	-92.5	-92.5	-10.3125	-10.3125	False	False	morphology	determiner_noun_agreement	Write a natural, coherent English sentence.
284	23	The Lutherans astound that unsure person.	The Lutherans astound those unsure person.	-103.0	-103.0	-10.25	-10.25	False	False	morphology	determiner_noun_agreement	Write a natural, coherent English sentence.
285	23	These cakes bore that determined woman.	These cakes bore those determined woman.	-82.5	-82.5	-10.3125	-10.3125	False	False	morphology	determiner_noun_agreement	Write a natural, coherent English sentence.
286	23	Nina lifts this orange cactus.	Nina lifts these orange cactus.	-92.5	-92.5	-10.25	-10.25	False	False	morphology	determiner_noun_agreement	Write a natural, coherent English sentence.
287	23	The actors kiss these unconvinced children.	The actors kiss this unconvinced children.	-103.0	-103.0	-10.25	-10.3125	False	True	morphology	determiner_noun_agreement	Write a natural, coherent English sentence.
288	23	Sharon dislikes that brown thesis.	Sharon dislikes those brown thesis.	-92.5	-92.5	-10.25	-10.25	False	False	morphology	determiner_noun_agreement	Write a natural, coherent English sentence.
289	23	The customers sell these rough fungi.	The customers sell this rough fungi.	-82.5	-82.5	-10.3125	-10.3125	False	False	morphology	determiner_noun_agreement	Write a natural, coherent English sentence.
290	23	Janice didn't cure those employed men.	Janice didn't cure that employed men.	-102.5	-102.5	-10.25	-10.25	False	False	morphology	determiner_noun_agreement	Write a natural, coherent English sentence.
291	23	Paula left this uncertain person.	Paula left these uncertain person.	-72.0	-72.0	-10.3125	-10.3125	False	False	morphology	determiner_noun_agreement	Write a natural, coherent English sentence.
292	23	Those guys had escaped from those employed children.	Those guys had escaped from that employed children.	-92.5	-92.5	-10.25	-10.3125	False	True	morphology	determiner_noun_agreement	Write a natural, coherent English sentence.
293	23	Christine wasn't touring that old oasis.	Christine wasn't touring those old oasis.	-122.5	-123.0	-10.25	-10.25	True	False	morphology	determiner_noun_agreement	Write a natural, coherent English sentence.
294	23	These waitresses praise this rough thesis.	These waitresses praise these rough thesis.	-92.0	-92.0	-10.25	-10.25	False	False	morphology	determiner_noun_agreement	Write a natural, coherent English sentence.
295	23	Some girls hadn't passed this concealed oasis.	Some girls hadn't passed these concealed oasis.	-123.5	-123.5	-10.3125	-10.3125	False	False	morphology	determiner_noun_agreement	Write a natural, coherent English sentence.
296	23	Andrea lifts these small cacti.	Andrea lifts this small cacti.	-93.0	-93.0	-10.3125	-10.3125	False	False	morphology	determiner_noun_agreement	Write a natural, coherent English sentence.
297	23	Kristen is scanning those bad synopses.	Kristen is scanning that bad synopses.	-113.0	-113.0	-10.25	-10.3125	False	True	morphology	determiner_noun_agreement	Write a natural, coherent English sentence.
298	23	Alan is skated around these cheap oases.	Alan is skated around this cheap oases.	-103.0	-103.0	-10.3125	-10.3125	False	False	morphology	determiner_noun_agreement	Write a natural, coherent English sentence.
299	23	Kayla has investigated these busy people.	Kayla has investigated this busy people.	-82.5	-82.5	-10.3125	-10.3125	False	False	morphology	determiner_noun_agreement	Write a natural, coherent English sentence.
300	23	Timothy observes that good woman.	Timothy observes those good woman.	-82.0	-82.0	-10.25	-10.25	False	False	morphology	determiner_noun_agreement	Write a natural, coherent English sentence.
301	23	Every museum hadn't discussed those hidden theses.	Every museum hadn't discussed that hidden theses.	-113.0	-113.5	-10.25	-10.3125	True	True	morphology	determiner_noun_agreement	Write a natural, coherent English sentence.
302	23	Some cashiers help this troubled person.	Some cashiers help these troubled person.	-91.5	-92.0	-10.1875	-10.1875	True	False	morphology	determiner_noun_agreement	Write a natural, coherent English sentence.
303	23	Amanda was attacking that displeased woman.	Amanda was attacking those displeased woman.	-93.0	-93.0	-10.3125	-10.3125	False	False	morphology	determiner_noun_agreement	Write a natural, coherent English sentence.
304	23	This window upsets these lost people.	This window upsets this lost people.	-82.5	-82.5	-10.3125	-10.3125	False	False	morphology	determiner_noun_agreement	Write a natural, coherent English sentence.
305	23	Cindy wasn't bringing those gray cacti.	Cindy wasn't bringing that gray cacti.	-134.0	-134.0	-10.3125	-10.3125	False	False	morphology	determiner_noun_agreement	Write a natural, coherent English sentence.
306	23	Peter complained about these good synopses.	Peter complained about this good synopses.	-92.0	-92.0	-10.25	-10.25	False	False	morphology	determiner_noun_agreement	Write a natural, coherent English sentence.
307	23	Danielle was touring those new oases.	Danielle was touring that new oases.	-102.0	-102.0	-10.1875	-10.1875	False	False	morphology	determiner_noun_agreement	Write a natural, coherent English sentence.
308	23	Elaine discusses that standing person.	Elaine discusses those standing person.	-82.0	-82.0	-10.25	-10.25	False	False	morphology	determiner_noun_agreement	Write a natural, coherent English sentence.
309	23	Jacqueline had healed those rough geese.	Jacqueline had healed that rough geese.	-113.0	-113.0	-10.25	-10.25	False	False	morphology	determiner_noun_agreement	Write a natural, coherent English sentence.
310	23	All rivers were distracting those standing men.	All rivers were distracting that standing men.	-93.0	-93.0	-10.3125	-10.3125	False	False	morphology	determiner_noun_agreement	Write a natural, coherent English sentence.
311	23	Some people exit those yellow oases.	Some people exit that yellow oases.	-82.0	-82.0	-10.25	-10.25	False	False	morphology	determiner_noun_agreement	Write a natural, coherent English sentence.
312	23	Becca isn't exploring these hard oases.	Becca isn't exploring this hard oases.	-113.0	-113.0	-10.3125	-10.25	False	False	morphology	determiner_noun_agreement	Write a natural, coherent English sentence.
313	23	Timothy revealed that big foot.	Timothy revealed those big foot.	-71.5	-71.5	-10.1875	-10.25	False	True	morphology	determiner_noun_agreement	Write a natural, coherent English sentence.
314	23	Adam fires these determined men.	Adam fires this determined men.	-62.25	-62.25	-10.375	-10.375	False	False	morphology	determiner_noun_agreement	Write a natural, coherent English sentence.
315	23	The teenagers clean this purple foot.	The teenagers clean these purple foot.	-81.5	-81.5	-10.1875	-10.1875	False	False	morphology	determiner_noun_agreement	Write a natural, coherent English sentence.
316	23	The Great Lakes could annoy that troubled man.	The Great Lakes could annoy those troubled man.	-113.0	-113.0	-10.25	-10.25	False	False	morphology	determiner_noun_agreement	Write a natural, coherent English sentence.
317	23	Karen discusses those bad men.	Karen discusses that bad men.	-72.0	-72.0	-10.3125	-10.3125	False	False	morphology	determiner_noun_agreement	Write a natural, coherent English sentence.
318	23	Phillip didn't find those ill alumni.	Phillip didn't find that ill alumni.	-122.5	-122.5	-10.25	-10.25	False	False	morphology	determiner_noun_agreement	Write a natural, coherent English sentence.
319	23	A lot of men reference these good analyses.	A lot of men reference this good analyses.	-103.0	-103.0	-10.25	-10.25	False	False	morphology	determiner_noun_agreement	Write a natural, coherent English sentence.
320	23	Larry had insulted these lucky children.	Larry had insulted this lucky children.	-82.0	-82.5	-10.25	-10.3125	True	True	morphology	determiner_noun_agreement	Write a natural, coherent English sentence.
321	23	Debra is firing that determined child.	Debra is firing those determined child.	-82.5	-82.5	-10.3125	-10.3125	False	False	morphology	determiner_noun_agreement	Write a natural, coherent English sentence.
322	23	Noah was watching that fast woman.	Noah was watching those fast woman.	-72.0	-72.0	-10.3125	-10.3125	False	False	morphology	determiner_noun_agreement	Write a natural, coherent English sentence.
323	23	Gina works with that displeased person.	Gina works with those displeased person.	-103.0	-103.0	-10.3125	-10.3125	False	False	morphology	determiner_noun_agreement	Write a natural, coherent English sentence.
324	23	Most doctors would bring these big nuclei.	Most doctors would bring this big nuclei.	-93.0	-93.0	-10.3125	-10.3125	False	False	morphology	determiner_noun_agreement	Write a natural, coherent English sentence.
325	23	All drawings alarm that unconvinced child.	All drawings alarm those unconvinced child.	-103.5	-103.0	-10.3125	-10.3125	False	False	morphology	determiner_noun_agreement	Write a natural, coherent English sentence.
326	23	Some libraries hate that busy man.	Some libraries hate those busy man.	-72.5	-72.0	-10.3125	-10.3125	False	False	morphology	determiner_noun_agreement	Write a natural, coherent English sentence.
327	23	Derek disgusted that unemployed child.	Derek disgusted those unemployed child.	-92.0	-92.0	-10.25	-10.25	False	False	morphology	determiner_noun_agreement	Write a natural, coherent English sentence.
328	23	Marla hadn't fired these good men.	Marla hadn't fired this good men.	-103.0	-103.0	-10.3125	-10.3125	False	False	morphology	determiner_noun_agreement	Write a natural, coherent English sentence.
329	23	Carmen examined that red thesis.	Carmen examined those red thesis.	-72.5	-72.0	-10.3125	-10.3125	False	False	morphology	determiner_noun_agreement	Write a natural, coherent English sentence.
330	23	Amelia investigates this smart woman.	Amelia investigates these smart woman.	-82.5	-82.5	-10.3125	-10.3125	False	False	morphology	determiner_noun_agreement	Write a natural, coherent English sentence.
331	23	The Borgias hire that displeased alumnus.	The Borgias hire those displeased alumnus.	-133.0	-134.0	-10.25	-10.25	True	False	morphology	determiner_noun_agreement	Write a natural, coherent English sentence.
332	23	Stacey would arrive at these orange oases.	Stacey would arrive at this orange oases.	-112.5	-112.5	-10.25	-10.25	False	False	morphology	determiner_noun_agreement	Write a natural, coherent English sentence.
333	23	Anna works with this lucky man.	Anna works with these lucky man.	-72.5	-72.0	-10.3125	-10.3125	False	False	morphology	determiner_noun_agreement	Write a natural, coherent English sentence.
334	23	Walter has scanned this rough thesis.	Walter has scanned these rough thesis.	-83.0	-83.0	-10.375	-10.375	False	False	morphology	determiner_noun_agreement	Write a natural, coherent English sentence.
335	23	Some mushroom bothered that lucky woman.	Some mushroom bothered those lucky woman.	-82.0	-82.0	-10.25	-10.25	False	False	morphology	determiner_noun_agreement	Write a natural, coherent English sentence.
336	23	Cynthia walked through this hard oasis.	Cynthia walked through these hard oasis.	-112.5	-112.5	-10.1875	-10.25	False	True	morphology	determiner_noun_agreement	Write a natural, coherent English sentence.
337	23	Liam has healed these black oxen.	Liam has healed this black oxen.	-103.0	-102.5	-10.25	-10.25	False	False	morphology	determiner_noun_agreement	Write a natural, coherent English sentence.
338	23	Andrew did notice these white axes.	Andrew did notice this white axes.	-82.5	-82.5	-10.3125	-10.3125	False	False	morphology	determiner_noun_agreement	Write a natural, coherent English sentence.
339	23	Bethany kisses these serious alumni.	Bethany kisses this serious alumni.	-102.0	-102.0	-10.25	-10.25	False	False	morphology	determiner_noun_agreement	Write a natural, coherent English sentence.
340	23	Vanessa watches this nice person.	Vanessa watches these nice person.	-72.0	-72.0	-10.25	-10.25	False	False	morphology	determiner_noun_agreement	Write a natural, coherent English sentence.
341	23	Every window astounded that big man.	Every window astounded those big man.	-92.0	-92.0	-10.25	-10.25	False	False	morphology	determiner_noun_agreement	Write a natural, coherent English sentence.
342	23	Donna leaves that upset man.	Donna leaves those upset man.	-72.0	-72.0	-10.25	-10.25	False	False	morphology	determiner_noun_agreement	Write a natural, coherent English sentence.
343	23	Many students drop by that orange oasis.	Many students drop by those orange oasis.	-92.5	-92.5	-10.25	-10.3125	False	True	morphology	determiner_noun_agreement	Write a natural, coherent English sentence.
344	23	The sketches looked like this unsure man.	The sketches looked like these unsure man.	-113.0	-113.0	-10.25	-10.25	False	False	morphology	determiner_noun_agreement	Write a natural, coherent English sentence.
345	23	Helen fixes that broken tooth.	Helen fixes those broken tooth.	-71.0	-71.0	-10.1875	-10.1875	False	False	morphology	determiner_noun_agreement	Write a natural, coherent English sentence.
346	23	Robert wasn't annoying that old person.	Robert wasn't annoying those old person.	-93.0	-93.0	-10.3125	-10.3125	False	False	morphology	determiner_noun_agreement	Write a natural, coherent English sentence.
347	23	Amy isn't talking to that young woman.	Amy isn't talking to those young woman.	-103.0	-103.0	-10.3125	-10.3125	False	False	morphology	determiner_noun_agreement	Write a natural, coherent English sentence.
348	23	Alan hadn't remembered these long analyses.	Alan hadn't remembered this long analyses.	-103.0	-103.0	-10.3125	-10.3125	False	False	morphology	determiner_noun_agreement	Write a natural, coherent English sentence.
349	23	Stephen is working with these out in the open women.	Stephen is working with this out in the open women.	-113.5	-113.5	-10.3125	-10.3125	False	False	morphology	determiner_noun_agreement	Write a natural, coherent English sentence.
350	23	This library had discussed these employed men.	This library had discussed this employed men.	-83.0	-83.0	-10.375	-10.375	False	False	morphology	determiner_noun_agreement	Write a natural, coherent English sentence.
351	23	This teenager can't worry those delighted men.	This teenager can't worry that delighted men.	-103.5	-103.5	-10.375	-10.375	False	False	morphology	determiner_noun_agreement	Write a natural, coherent English sentence.
352	23	Wendy revealed that sick octopus.	Wendy revealed those sick octopus.	-92.0	-92.5	-10.25	-10.25	True	False	morphology	determiner_noun_agreement	Write a natural, coherent English sentence.
353	23	The Clintons haven't worked with that young person.	The Clintons haven't worked with those young person.	-133.0	-134.0	-10.25	-10.25	True	False	morphology	determiner_noun_agreement	Write a natural, coherent English sentence.
354	23	Some committee aggravates this unconvinced woman.	Some committee aggravates these unconvinced woman.	-123.0	-123.0	-10.25	-10.25	False	False	morphology	determiner_noun_agreement	Write a natural, coherent English sentence.
355	23	Guy bored that troubled man.	Guy bored those troubled man.	-72.5	-72.5	-10.3125	-10.3125	False	False	morphology	determiner_noun_agreement	Write a natural, coherent English sentence.
356	23	Every actress scanned those bad analyses.	Every actress scanned that bad analyses.	-93.0	-93.0	-10.3125	-10.3125	False	False	morphology	determiner_noun_agreement	Write a natural, coherent English sentence.
357	23	A library alarms that determined child.	A library alarms those determined child.	-83.0	-83.0	-10.375	-10.375	False	False	morphology	determiner_noun_agreement	Write a natural, coherent English sentence.
358	23	Sheila can't notice this clever man.	Sheila can't notice these clever man.	-103.0	-103.0	-10.3125	-10.3125	False	False	morphology	determiner_noun_agreement	Write a natural, coherent English sentence.
359	23	James forgets this fast alumnus.	James forgets these fast alumnus.	-92.0	-92.0	-10.25	-10.1875	False	False	morphology	determiner_noun_agreement	Write a natural, coherent English sentence.
360	23	Noah hasn't thought about these smooth lice.	Noah hasn't thought about this smooth lice.	-113.0	-113.0	-10.25	-10.25	False	False	morphology	determiner_noun_agreement	Write a natural, coherent English sentence.
361	23	Aaron sees these gray oases.	Aaron sees this gray oases.	-72.5	-72.5	-10.375	-10.3125	False	False	morphology	determiner_noun_agreement	Write a natural, coherent English sentence.
362	23	Sherry has taken this standing goose.	Sherry has taken these standing goose.	-92.5	-92.5	-10.3125	-10.3125	False	False	morphology	determiner_noun_agreement	Write a natural, coherent English sentence.
363	23	Marie hasn't found those ill geese.	Marie hasn't found that ill geese.	-103.0	-103.0	-10.3125	-10.3125	False	False	morphology	determiner_noun_agreement	Write a natural, coherent English sentence.
364	23	Peter isn't arriving at that red oasis.	Peter isn't arriving at those red oasis.	-112.5	-112.5	-10.1875	-10.1875	False	False	morphology	determiner_noun_agreement	Write a natural, coherent English sentence.
365	23	Jill isn't boycotting those orange oases.	Jill isn't boycotting that orange oases.	-144.0	-144.0	-10.25	-10.25	False	False	morphology	determiner_noun_agreement	Write a natural, coherent English sentence.
366	23	Julia messes up that orange foot.	Julia messes up those orange foot.	-82.0	-82.0	-10.25	-10.25	False	False	morphology	determiner_noun_agreement	Write a natural, coherent English sentence.
367	23	That hill didn't disturb that content woman.	That hill didn't disturb those content woman.	-103.0	-103.0	-10.3125	-10.3125	False	False	morphology	determiner_noun_agreement	Write a natural, coherent English sentence.
368	23	Suzanne has concealed that concealed man.	Suzanne has concealed those concealed man.	-102.0	-102.0	-10.1875	-10.1875	False	False	morphology	determiner_noun_agreement	Write a natural, coherent English sentence.
369	23	Alicia sells that orange octopus.	Alicia sells those orange octopus.	-112.0	-112.0	-10.1875	-10.1875	False	False	morphology	determiner_noun_agreement	Write a natural, coherent English sentence.
370	23	Leslie has discussed that delighted child.	Leslie has discussed those delighted child.	-82.0	-82.0	-10.25	-10.25	False	False	morphology	determiner_noun_agreement	Write a natural, coherent English sentence.
371	23	Andrea could like these white lice.	Andrea could like this white lice.	-82.5	-82.5	-10.3125	-10.3125	False	False	morphology	determiner_noun_agreement	Write a natural, coherent English sentence.
372	23	Most children break those rough teeth.	Most children break that rough teeth.	-72.0	-72.0	-10.3125	-10.3125	False	False	morphology	determiner_noun_agreement	Write a natural, coherent English sentence.
373	23	Richard did work with this clever child.	Richard did work with these clever child.	-82.5	-82.5	-10.3125	-10.3125	False	False	morphology	determiner_noun_agreement	Write a natural, coherent English sentence.
374	23	Anne hugs this unemployed woman.	Anne hugs these unemployed woman.	-82.0	-82.0	-10.25	-10.25	False	False	morphology	determiner_noun_agreement	Write a natural, coherent English sentence.
375	23	Those actors attack that excited child.	Those actors attack those excited child.	-72.5	-72.5	-10.375	-10.375	False	False	morphology	determiner_noun_agreement	Write a natural, coherent English sentence.
376	23	Bruce was hugging that unconvinced man.	Bruce was hugging those unconvinced man.	-112.5	-112.5	-10.1875	-10.25	False	True	morphology	determiner_noun_agreement	Write a natural, coherent English sentence.
377	23	Patrick hasn't hidden this orange oasis.	Patrick hasn't hidden these orange oasis.	-103.0	-103.0	-10.3125	-10.3125	False	False	morphology	determiner_noun_agreement	Write a natural, coherent English sentence.
378	23	Alicia hadn't discussed that uncertain person.	Alicia hadn't discussed those uncertain person.	-113.0	-113.0	-10.25	-10.25	False	False	morphology	determiner_noun_agreement	Write a natural, coherent English sentence.
379	23	Susan wasn't talking to those confident men.	Susan wasn't talking to that confident men.	-103.0	-103.0	-10.3125	-10.3125	False	False	morphology	determiner_noun_agreement	Write a natural, coherent English sentence.
380	23	Cheryl will scan that good synopsis.	Cheryl will scan those good synopsis.	-92.5	-92.5	-10.25	-10.25	False	False	morphology	determiner_noun_agreement	Write a natural, coherent English sentence.
381	23	Tamara kissed that unsure man.	Tamara kissed those unsure man.	-82.0	-82.0	-10.25	-10.25	False	False	morphology	determiner_noun_agreement	Write a natural, coherent English sentence.
382	23	Craig boasts about those bad analyses.	Craig boasts about that bad analyses.	-92.0	-92.0	-10.25	-10.25	False	False	morphology	determiner_noun_agreement	Write a natural, coherent English sentence.
383	23	Randolf hadn't hugged those serious people.	Randolf hadn't hugged that serious people.	-113.0	-113.0	-10.25	-10.25	False	False	morphology	determiner_noun_agreement	Write a natural, coherent English sentence.
384	23	Many doctors cure these exposed men.	Many doctors cure this exposed men.	-72.0	-72.0	-10.3125	-10.3125	False	False	morphology	determiner_noun_agreement	Write a natural, coherent English sentence.
385	23	Women criticized those smooth theses.	Women criticized that smooth theses.	-82.0	-81.5	-10.25	-10.1875	False	False	morphology	determiner_noun_agreement	Write a natural, coherent English sentence.
386	23	Some light disturbs that old person.	Some light disturbs those old person.	-92.5	-93.0	-10.25	-10.3125	True	True	morphology	determiner_noun_agreement	Write a natural, coherent English sentence.
387	23	Carol was questioning this big man.	Carol was questioning these big man.	-72.5	-72.5	-10.3125	-10.375	False	True	morphology	determiner_noun_agreement	Write a natural, coherent English sentence.
388	23	Sara has gone to that old oasis.	Sara has gone to those old oasis.	-92.0	-92.0	-10.25	-10.25	False	False	morphology	determiner_noun_agreement	Write a natural, coherent English sentence.
389	23	Steven brought these red oases.	Steven brought this red oases.	-72.0	-72.0	-10.3125	-10.3125	False	False	morphology	determiner_noun_agreement	Write a natural, coherent English sentence.
390	23	Diana will disgust these ill children.	Diana will disgust this ill children.	-72.5	-72.5	-10.375	-10.375	False	False	morphology	determiner_noun_agreement	Write a natural, coherent English sentence.
391	23	Steven disturbs these sick alumni.	Steven disturbs this sick alumni.	-103.0	-103.0	-10.3125	-10.3125	False	False	morphology	determiner_noun_agreement	Write a natural, coherent English sentence.
392	23	Angela wasn't lifting these blue feet.	Angela wasn't lifting this blue feet.	-92.5	-93.0	-10.3125	-10.3125	True	False	morphology	determiner_noun_agreement	Write a natural, coherent English sentence.
393	23	Sharon hasn't stunned that unsure child.	Sharon hasn't stunned those unsure child.	-124.0	-123.5	-10.3125	-10.3125	False	False	morphology	determiner_noun_agreement	Write a natural, coherent English sentence.
394	23	These girls question that concealed man.	These girls question those concealed man.	-82.5	-82.5	-10.3125	-10.3125	False	False	morphology	determiner_noun_agreement	Write a natural, coherent English sentence.
395	23	Martha wasn't kissing this unemployed man.	Martha wasn't kissing these unemployed man.	-112.0	-112.5	-10.1875	-10.25	True	True	morphology	determiner_noun_agreement	Write a natural, coherent English sentence.
396	23	Kendra isn't working with this excited child.	Kendra isn't working with these excited child.	-123.5	-123.5	-10.3125	-10.3125	False	False	morphology	determiner_noun_agreement	Write a natural, coherent English sentence.
397	23	All actresses praise this hard thesis.	All actresses praise these hard thesis.	-82.0	-82.0	-10.25	-10.25	False	False	morphology	determiner_noun_agreement	Write a natural, coherent English sentence.
398	23	David cleans that hard tooth.	David cleans those hard tooth.	-72.0	-72.0	-10.3125	-10.3125	False	False	morphology	determiner_noun_agreement	Write a natural, coherent English sentence.
399	23	Julia sounded like this uncertain person.	Julia sounded like these uncertain person.	-72.0	-72.0	-10.3125	-10.3125	False	False	morphology	determiner_noun_agreement	Write a natural, coherent English sentence.
400	23	Those actors attacked that happy alumnus.	Those actors attacked those happy alumnus.	-92.5	-92.5	-10.3125	-10.25	False	False	morphology	determiner_noun_agreement	Write a natural, coherent English sentence.
401	23	Eva hadn't admired these black fungi.	Eva hadn't admired this black fungi.	-113.0	-113.0	-10.3125	-10.3125	False	False	morphology	determiner_noun_agreement	Write a natural, coherent English sentence.
402	23	Many chairs aren't disgusting this unlucky child.	Many chairs aren't disgusting these unlucky child.	-133.0	-133.0	-10.25	-10.25	False	False	morphology	determiner_noun_agreement	Write a natural, coherent English sentence.
403	23	Those waiters break these rough teeth.	Those waiters break this rough teeth.	-82.5	-82.5	-10.3125	-10.3125	False	False	morphology	determiner_noun_agreement	Write a natural, coherent English sentence.
404	23	Becca leaves this uncertain child.	Becca leaves these uncertain child.	-72.0	-72.0	-10.25	-10.25	False	False	morphology	determiner_noun_agreement	Write a natural, coherent English sentence.
405	23	Some steak disturbs these displeased children.	Some steak disturbs this displeased children.	-123.0	-123.5	-10.25	-10.25	True	False	morphology	determiner_noun_agreement	Write a natural, coherent English sentence.
406	23	Christine wouldn't conceal this lost stimulus.	Christine wouldn't conceal these lost stimulus.	-123.0	-123.0	-10.25	-10.25	False	False	morphology	determiner_noun_agreement	Write a natural, coherent English sentence.
407	23	Every face irritates those unemployed alumni.	Every face irritates that unemployed alumni.	-112.5	-112.0	-10.1875	-10.1875	False	False	morphology	determiner_noun_agreement	Write a natural, coherent English sentence.
408	23	Susan noticed that unlucky person.	Susan noticed those unlucky person.	-81.5	-82.0	-10.1875	-10.25	True	True	morphology	determiner_noun_agreement	Write a natural, coherent English sentence.
409	23	Some women drop by those concealed oases.	Some women drop by that concealed oases.	-103.0	-103.0	-10.3125	-10.3125	False	False	morphology	determiner_noun_agreement	Write a natural, coherent English sentence.
410	23	The Clintons disagree with these serious men.	The Clintons disagree with this serious men.	-103.0	-103.0	-10.3125	-10.3125	False	False	morphology	determiner_noun_agreement	Write a natural, coherent English sentence.
411	23	Phillip discovers these busy women.	Phillip discovers this busy women.	-82.0	-82.0	-10.25	-10.25	False	False	morphology	determiner_noun_agreement	Write a natural, coherent English sentence.
412	23	Waiters investigate that hopeful woman.	Waiters investigate those hopeful woman.	-82.0	-82.0	-10.25	-10.25	False	False	morphology	determiner_noun_agreement	Write a natural, coherent English sentence.
413	23	Regina hasn't found these white nuclei.	Regina hasn't found this white nuclei.	-123.5	-123.5	-10.3125	-10.3125	False	False	morphology	determiner_noun_agreement	Write a natural, coherent English sentence.
414	23	Irene scanned those purple theses.	Irene scanned that purple theses.	-92.5	-92.5	-10.25	-10.3125	False	True	morphology	determiner_noun_agreement	Write a natural, coherent English sentence.
415	23	A bank references those popular people.	A bank references that popular people.	-72.5	-72.5	-10.375	-10.375	False	False	morphology	determiner_noun_agreement	Write a natural, coherent English sentence.
416	23	Vincent tours this old oasis.	Vincent tours these old oasis.	-72.0	-72.0	-10.3125	-10.3125	False	False	morphology	determiner_noun_agreement	Write a natural, coherent English sentence.
417	23	Alicia kisses that standing woman.	Alicia kisses those standing woman.	-92.5	-92.5	-10.25	-10.25	False	False	morphology	determiner_noun_agreement	Write a natural, coherent English sentence.
418	23	Some candles aren't boring those displeased men.	Some candles aren't boring that displeased men.	-134.0	-134.0	-10.25	-10.3125	False	True	morphology	determiner_noun_agreement	Write a natural, coherent English sentence.
419	23	That teenager does care for this old alumnus.	That teenager does care for these old alumnus.	-112.0	-112.5	-10.1875	-10.1875	True	False	morphology	determiner_noun_agreement	Write a natural, coherent English sentence.
420	23	A lot of drawings weren't alarming that displeased man.	A lot of drawings weren't alarming those displeased man.	-154.0	-154.0	-10.25	-10.25	False	False	morphology	determiner_noun_agreement	Write a natural, coherent English sentence.
421	23	That face astounded that important woman.	That face astounded those important woman.	-92.0	-92.0	-10.25	-10.25	False	False	morphology	determiner_noun_agreement	Write a natural, coherent English sentence.
422	23	Tiffany had approached these unemployed people.	Tiffany had approached this unemployed people.	-102.5	-102.5	-10.25	-10.25	False	False	morphology	determiner_noun_agreement	Write a natural, coherent English sentence.
423	23	Christina is passing these rough oases.	Christina is passing this rough oases.	-92.5	-92.5	-10.25	-10.25	False	False	morphology	determiner_noun_agreement	Write a natural, coherent English sentence.
424	23	Debra was praising those busy people.	Debra was praising that busy people.	-92.5	-92.5	-10.25	-10.3125	False	True	morphology	determiner_noun_agreement	Write a natural, coherent English sentence.
425	23	The doctors didn't care for these scared children.	The doctors didn't care for this scared children.	-113.0	-113.0	-10.25	-10.25	False	False	morphology	determiner_noun_agreement	Write a natural, coherent English sentence.
426	23	Those ladders stun these small people.	Those ladders stun this small people.	-103.5	-103.5	-10.375	-10.375	False	False	morphology	determiner_noun_agreement	Write a natural, coherent English sentence.
427	23	Samuel isn't distracting these clever women.	Samuel isn't distracting this clever women.	-103.0	-103.0	-10.25	-10.3125	False	True	morphology	determiner_noun_agreement	Write a natural, coherent English sentence.
428	23	Lucille dropped by those new oases.	Lucille dropped by that new oases.	-92.0	-92.0	-10.25	-10.25	False	False	morphology	determiner_noun_agreement	Write a natural, coherent English sentence.
429	23	A legislature should aggravate that busy child.	A legislature should aggravate those busy child.	-113.0	-113.0	-10.25	-10.25	False	False	morphology	determiner_noun_agreement	Write a natural, coherent English sentence.
430	23	Larry observed that lucky child.	Larry observed those lucky child.	-62.0	-62.0	-10.3125	-10.375	False	True	morphology	determiner_noun_agreement	Write a natural, coherent English sentence.
431	23	Lawrence wasn't approaching those troubled children.	Lawrence wasn't approaching that troubled children.	-102.5	-103.0	-10.25	-10.3125	True	True	morphology	determiner_noun_agreement	Write a natural, coherent English sentence.
432	23	Most libraries describe those delighted men.	Most libraries describe that delighted men.	-72.5	-72.5	-10.375	-10.375	False	False	morphology	determiner_noun_agreement	Write a natural, coherent English sentence.
433	23	The Impressionists alarms that sick child.	The Impressionists alarms those sick child.	-102.5	-102.5	-10.25	-10.25	False	False	morphology	determiner_noun_agreement	Write a natural, coherent English sentence.
434	23	A lot of children have this exposed axis.	A lot of children have these exposed axis.	-92.5	-92.0	-10.25	-10.25	False	False	morphology	determiner_noun_agreement	Write a natural, coherent English sentence.
435	23	Melissa couldn't reveal that small man.	Melissa couldn't reveal those small man.	-102.5	-103.0	-10.25	-10.25	True	False	morphology	determiner_noun_agreement	Write a natural, coherent English sentence.
436	23	These carriages won't impress those bad men.	These carriages won't impress that bad men.	-113.5	-113.5	-10.3125	-10.3125	False	False	morphology	determiner_noun_agreement	Write a natural, coherent English sentence.
437	23	Many girls drop by that red oasis.	Many girls drop by those red oasis.	-92.5	-92.5	-10.3125	-10.3125	False	False	morphology	determiner_noun_agreement	Write a natural, coherent English sentence.
438	23	The Impressionists fled from this small woman.	The Impressionists fled from these small woman.	-102.0	-102.0	-10.1875	-10.25	False	True	morphology	determiner_noun_agreement	Write a natural, coherent English sentence.
439	23	Ann arrived at that blue oasis.	Ann arrived at those blue oasis.	-82.0	-82.0	-10.25	-10.25	False	False	morphology	determiner_noun_agreement	Write a natural, coherent English sentence.
440	23	The sock isn't disturbing those lucky children.	The sock isn't disturbing that lucky children.	-112.5	-113.0	-10.25	-10.25	True	False	morphology	determiner_noun_agreement	Write a natural, coherent English sentence.
441	23	Those socks were shocking those unlucky men.	Those socks were shocking that unlucky men.	-112.5	-112.5	-10.1875	-10.25	False	True	morphology	determiner_noun_agreement	Write a natural, coherent English sentence.
442	23	Christine wasn't walking through those cheap oases.	Christine wasn't walking through that cheap oases.	-123.0	-123.0	-10.25	-10.25	False	False	morphology	determiner_noun_agreement	Write a natural, coherent English sentence.
443	23	Mary appreciates those content women.	Mary appreciates that content women.	-72.5	-72.5	-10.375	-10.375	False	False	morphology	determiner_noun_agreement	Write a natural, coherent English sentence.
444	23	That lady didn't question this ill person.	That lady didn't question these ill person.	-103.0	-103.0	-10.3125	-10.3125	False	False	morphology	determiner_noun_agreement	Write a natural, coherent English sentence.
445	23	Most birds annoy this young woman.	Most birds annoy these young woman.	-71.5	-72.0	-10.25	-10.25	True	False	morphology	determiner_noun_agreement	Write a natural, coherent English sentence.
446	23	Amelia is kissing these content men.	Amelia is kissing this content men.	-92.0	-92.0	-10.25	-10.25	False	False	morphology	determiner_noun_agreement	Write a natural, coherent English sentence.
447	23	Judy isn't taking those standing oxen.	Judy isn't taking that standing oxen.	-113.0	-113.0	-10.3125	-10.3125	False	False	morphology	determiner_noun_agreement	Write a natural, coherent English sentence.
448	23	Irene is discussing those clever alumni.	Irene is discussing that clever alumni.	-102.5	-103.0	-10.25	-10.3125	True	True	morphology	determiner_noun_agreement	Write a natural, coherent English sentence.
449	23	Danielle could describe these long analyses.	Danielle could describe this long analyses.	-92.0	-92.0	-10.25	-10.25	False	False	morphology	determiner_noun_agreement	Write a natural, coherent English sentence.
450	23	Eva hasn't praised that lucky woman.	Eva hasn't praised those lucky woman.	-93.0	-93.0	-10.3125	-10.3125	False	False	morphology	determiner_noun_agreement	Write a natural, coherent English sentence.
451	23	Grace might observe that unlucky woman.	Grace might observe those unlucky woman.	-92.5	-92.5	-10.25	-10.25	False	False	morphology	determiner_noun_agreement	Write a natural, coherent English sentence.
452	23	The Clintons bothered these clever people.	The Clintons bothered this clever people.	-93.0	-93.0	-10.3125	-10.3125	False	False	morphology	determiner_noun_agreement	Write a natural, coherent English sentence.
453	23	April hadn't embarrassed those employed alumni.	April hadn't embarrassed that employed alumni.	-113.5	-113.5	-10.3125	-10.3125	False	False	morphology	determiner_noun_agreement	Write a natural, coherent English sentence.
454	23	Marie shouldn't forget that happy man.	Marie shouldn't forget those happy man.	-92.0	-92.0	-10.25	-10.25	False	False	morphology	determiner_noun_agreement	Write a natural, coherent English sentence.
455	23	Renee isn't breaking that cheap foot.	Renee isn't breaking those cheap foot.	-113.5	-113.5	-10.3125	-10.3125	False	False	morphology	determiner_noun_agreement	Write a natural, coherent English sentence.
456	23	Monica shouldn't sell those new oases.	Monica shouldn't sell that new oases.	-112.5	-113.0	-10.25	-10.25	True	False	morphology	determiner_noun_agreement	Write a natural, coherent English sentence.
457	23	Every dancer has returned to that troubled man.	Every dancer has returned to those troubled man.	-113.0	-113.0	-10.25	-10.25	False	False	morphology	determiner_noun_agreement	Write a natural, coherent English sentence.
458	23	Those dancers break those green teeth.	Those dancers break that green teeth.	-82.5	-83.0	-10.3125	-10.375	True	True	morphology	determiner_noun_agreement	Write a natural, coherent English sentence.
459	23	These teachers talk about these fast women.	These teachers talk about this fast women.	-82.0	-82.5	-10.25	-10.3125	True	True	morphology	determiner_noun_agreement	Write a natural, coherent English sentence.
460	23	Spain hasn't praised that happy man.	Spain hasn't praised those happy man.	-93.0	-93.0	-10.3125	-10.3125	False	False	morphology	determiner_noun_agreement	Write a natural, coherent English sentence.
461	23	Monica does kiss those good people.	Monica does kiss that good people.	-82.5	-82.5	-10.3125	-10.3125	False	False	morphology	determiner_noun_agreement	Write a natural, coherent English sentence.
462	23	Benjamin can boast about those busy men.	Benjamin can boast about that busy men.	-92.5	-92.5	-10.3125	-10.3125	False	False	morphology	determiner_noun_agreement	Write a natural, coherent English sentence.
463	23	Donald conceals this lost nucleus.	Donald conceals these lost nucleus.	-82.5	-82.5	-10.3125	-10.3125	False	False	morphology	determiner_noun_agreement	Write a natural, coherent English sentence.
464	23	Gregory was embarrassing this big woman.	Gregory was embarrassing these big woman.	-82.5	-82.5	-10.3125	-10.3125	False	False	morphology	determiner_noun_agreement	Write a natural, coherent English sentence.
465	23	The waiter wasn't stunning that hidden child.	The waiter wasn't stunning those hidden child.	-113.5	-113.5	-10.3125	-10.3125	False	False	morphology	determiner_noun_agreement	Write a natural, coherent English sentence.
466	23	A lot of photographs haven't looked like this red stimulus.	A lot of photographs haven't looked like these red stimulus.	-143.0	-143.0	-10.1875	-10.25	False	True	morphology	determiner_noun_agreement	Write a natural, coherent English sentence.
467	23	A patient fixed those cheap feet.	A patient fixed that cheap feet.	-72.5	-72.5	-10.375	-10.375	False	False	morphology	determiner_noun_agreement	Write a natural, coherent English sentence.
468	23	Many gates shouldn't astound these unsure alumni.	Many gates shouldn't astound this unsure alumni.	-144.0	-144.0	-10.25	-10.25	False	False	morphology	determiner_noun_agreement	Write a natural, coherent English sentence.
469	23	That picture hasn't looked like these big men.	That picture hasn't looked like this big men.	-112.5	-112.5	-10.25	-10.25	False	False	morphology	determiner_noun_agreement	Write a natural, coherent English sentence.
470	23	These waitresses talk about this hidden thesis.	These waitresses talk about these hidden thesis.	-101.5	-102.0	-10.1875	-10.1875	True	False	morphology	determiner_noun_agreement	Write a natural, coherent English sentence.
471	23	Stacy concealed those gray axes.	Stacy concealed that gray axes.	-93.0	-93.0	-10.3125	-10.3125	False	False	morphology	determiner_noun_agreement	Write a natural, coherent English sentence.
472	23	Nicole remembers those serious alumni.	Nicole remembers that serious alumni.	-92.5	-92.5	-10.25	-10.3125	False	True	morphology	determiner_noun_agreement	Write a natural, coherent English sentence.
473	23	Leslie hadn't gone to that small oasis.	Leslie hadn't gone to those small oasis.	-122.5	-122.5	-10.1875	-10.1875	False	False	morphology	determiner_noun_agreement	Write a natural, coherent English sentence.
474	23	Joel wasn't praising this ill person.	Joel wasn't praising these ill person.	-103.0	-103.5	-10.3125	-10.3125	True	False	morphology	determiner_noun_agreement	Write a natural, coherent English sentence.
475	23	These drivers embarrasses this young alumnus.	These drivers embarrasses these young alumnus.	-102.0	-102.5	-10.25	-10.25	True	False	morphology	determiner_noun_agreement	Write a natural, coherent English sentence.
476	23	Beef bores that delighted woman.	Beef bores those delighted woman.	-82.5	-82.5	-10.3125	-10.3125	False	False	morphology	determiner_noun_agreement	Write a natural, coherent English sentence.
477	23	Mitchell goes to this gray oasis.	Mitchell goes to these gray oasis.	-82.0	-82.5	-10.25	-10.3125	True	True	morphology	determiner_noun_agreement	Write a natural, coherent English sentence.
478	23	The mouth bores these upset men.	The mouth bores this upset men.	-83.0	-83.0	-10.375	-10.375	False	False	morphology	determiner_noun_agreement	Write a natural, coherent English sentence.
479	23	Most legislatures discuss those good people.	Most legislatures discuss that good people.	-83.0	-83.0	-10.375	-10.375	False	False	morphology	determiner_noun_agreement	Write a natural, coherent English sentence.
480	23	The boys mess up those purple feet.	The boys mess up that purple feet.	-82.5	-82.5	-10.3125	-10.3125	False	False	morphology	determiner_noun_agreement	Write a natural, coherent English sentence.
481	23	Cashiers describe these fast children.	Cashiers describe this fast children.	-72.0	-72.0	-10.3125	-10.25	False	False	morphology	determiner_noun_agreement	Write a natural, coherent English sentence.
482	23	Roger has fired those unconvinced men.	Roger has fired that unconvinced men.	-103.0	-103.0	-10.3125	-10.3125	False	False	morphology	determiner_noun_agreement	Write a natural, coherent English sentence.
483	23	Amy wasn't kissing this content man.	Amy wasn't kissing these content man.	-102.5	-103.0	-10.25	-10.25	True	False	morphology	determiner_noun_agreement	Write a natural, coherent English sentence.
484	23	Every dancer hadn't praised those good analyses.	Every dancer hadn't praised that good analyses.	-124.0	-124.0	-10.3125	-10.375	False	True	morphology	determiner_noun_agreement	Write a natural, coherent English sentence.
485	23	Rhonda wasn't hiding those red mice.	Rhonda wasn't hiding that red mice.	-113.0	-113.0	-10.25	-10.25	False	False	morphology	determiner_noun_agreement	Write a natural, coherent English sentence.
486	23	Every pedestrian talks about that bad synopsis.	Every pedestrian talks about those bad synopsis.	-102.0	-102.0	-10.25	-10.1875	False	False	morphology	determiner_noun_agreement	Write a natural, coherent English sentence.
487	23	The fish shocks these old alumni.	The fish shocks this old alumni.	-102.5	-103.0	-10.25	-10.25	True	False	morphology	determiner_noun_agreement	Write a natural, coherent English sentence.
488	23	Those waitresses visited those scared alumni.	Those waitresses visited that scared alumni.	-112.0	-112.0	-10.1875	-10.1875	False	False	morphology	determiner_noun_agreement	Write a natural, coherent English sentence.
489	23	That library was listening to this nice man.	That library was listening to these nice man.	-92.5	-92.5	-10.25	-10.25	False	False	morphology	determiner_noun_agreement	Write a natural, coherent English sentence.
490	23	Steve wasn't bringing that blue stimulus.	Steve wasn't bringing those blue stimulus.	-102.5	-102.5	-10.25	-10.25	False	False	morphology	determiner_noun_agreement	Write a natural, coherent English sentence.
491	23	Some guest was hiring that scared woman.	Some guest was hiring those scared woman.	-82.5	-83.0	-10.3125	-10.375	True	True	morphology	determiner_noun_agreement	Write a natural, coherent English sentence.
492	23	The spotlights upset this unconvinced alumnus.	The spotlights upset these unconvinced alumnus.	-133.0	-133.0	-10.1875	-10.1875	False	False	morphology	determiner_noun_agreement	Write a natural, coherent English sentence.
493	23	Todd might observe this lost man.	Todd might observe these lost man.	-72.5	-72.5	-10.3125	-10.375	False	True	morphology	determiner_noun_agreement	Write a natural, coherent English sentence.
494	23	People could describe that unconvinced person.	People could describe those unconvinced person.	-102.5	-103.0	-10.25	-10.25	True	False	morphology	determiner_noun_agreement	Write a natural, coherent English sentence.
495	23	That waiter had astounded these lucky people.	That waiter had astounded this lucky people.	-112.5	-112.5	-10.1875	-10.25	False	True	morphology	determiner_noun_agreement	Write a natural, coherent English sentence.
496	23	Kendra disgusted these confident women.	Kendra disgusted this confident women.	-93.0	-93.0	-10.3125	-10.3125	False	False	morphology	determiner_noun_agreement	Write a natural, coherent English sentence.
497	23	Spain hasn't annoyed those old people.	Spain hasn't annoyed that old people.	-102.5	-102.5	-10.25	-10.25	False	False	morphology	determiner_noun_agreement	Write a natural, coherent English sentence.
498	23	Steve kisses these out in the open people.	Steve kisses this out in the open people.	-102.5	-103.0	-10.25	-10.25	True	False	morphology	determiner_noun_agreement	Write a natural, coherent English sentence.
499	23	Wayne kissed those unconvinced men.	Wayne kissed that unconvinced men.	-92.5	-92.5	-10.3125	-10.3125	False	False	morphology	determiner_noun_agreement	Write a natural, coherent English sentence.
500	23	Douglas has brought those lost cacti.	Douglas has brought that lost cacti.	-92.5	-93.0	-10.3125	-10.3125	True	False	morphology	determiner_noun_agreement	Write a natural, coherent English sentence.
501	23	Tammy can't reveal that big alumnus.	Tammy can't reveal those big alumnus.	-123.0	-123.0	-10.25	-10.25	False	False	morphology	determiner_noun_agreement	Write a natural, coherent English sentence.
502	23	Deborah fled from those standing children.	Deborah fled from that standing children.	-92.5	-92.5	-10.3125	-10.3125	False	False	morphology	determiner_noun_agreement	Write a natural, coherent English sentence.
503	23	A man wasn't cleaning that hard fungus.	A man wasn't cleaning those hard fungus.	-123.5	-123.0	-10.25	-10.25	False	False	morphology	determiner_noun_agreement	Write a natural, coherent English sentence.
504	23	Danielle has broken those gray teeth.	Danielle has broken that gray teeth.	-82.0	-82.0	-10.25	-10.25	False	False	morphology	determiner_noun_agreement	Write a natural, coherent English sentence.
505	23	Derek praised this big thesis.	Derek praised these big thesis.	-72.5	-72.5	-10.375	-10.375	False	False	morphology	determiner_noun_agreement	Write a natural, coherent English sentence.
506	23	Gary has disgusted those unsure people.	Gary has disgusted that unsure people.	-93.0	-93.0	-10.3125	-10.3125	False	False	morphology	determiner_noun_agreement	Write a natural, coherent English sentence.
507	23	A senator insulted this bad synopsis.	A senator insulted these bad synopsis.	-102.5	-102.5	-10.25	-10.25	False	False	morphology	determiner_noun_agreement	Write a natural, coherent English sentence.
508	23	A lot of drivers visit these purple oases.	A lot of drivers visit this purple oases.	-103.0	-102.5	-10.25	-10.25	False	False	morphology	determiner_noun_agreement	Write a natural, coherent English sentence.
509	23	Richard isn't attacking this fast child.	Richard isn't attacking these fast child.	-93.0	-93.0	-10.3125	-10.3125	False	False	morphology	determiner_noun_agreement	Write a natural, coherent English sentence.
510	23	Frank shocked that unsure man.	Frank shocked those unsure man.	-73.0	-72.5	-10.375	-10.375	False	False	morphology	determiner_noun_agreement	Write a natural, coherent English sentence.
511	23	Brett returned to that confident man.	Brett returned to those confident man.	-82.5	-82.5	-10.3125	-10.3125	False	False	morphology	determiner_noun_agreement	Write a natural, coherent English sentence.
512	23	Many ladies weren't passing these old oases.	Many ladies weren't passing this old oases.	-113.5	-113.5	-10.3125	-10.3125	False	False	morphology	determiner_noun_agreement	Write a natural, coherent English sentence.
513	23	A waiter brought those purple teeth.	A waiter brought that purple teeth.	-82.0	-82.0	-10.25	-10.25	False	False	morphology	determiner_noun_agreement	Write a natural, coherent English sentence.
514	23	Beverly has fired this fast alumnus.	Beverly has fired these fast alumnus.	-102.5	-102.5	-10.25	-10.25	False	False	morphology	determiner_noun_agreement	Write a natural, coherent English sentence.
515	23	Men haven't observed that standing man.	Men haven't observed those standing man.	-93.0	-93.0	-10.3125	-10.3125	False	False	morphology	determiner_noun_agreement	Write a natural, coherent English sentence.
516	23	Tiffany admired this ill child.	Tiffany admired these ill child.	-92.5	-92.0	-10.25	-10.25	False	False	morphology	determiner_noun_agreement	Write a natural, coherent English sentence.
517	23	That patient didn't love that unemployed alumnus.	That patient didn't love those unemployed alumnus.	-133.0	-133.0	-10.25	-10.25	False	False	morphology	determiner_noun_agreement	Write a natural, coherent English sentence.
518	23	Aaron reveals that red tooth.	Aaron reveals those red tooth.	-62.25	-62.5	-10.375	-10.375	True	False	morphology	determiner_noun_agreement	Write a natural, coherent English sentence.
519	23	Monica was insulting those bad people.	Monica was insulting that bad people.	-92.0	-92.0	-10.1875	-10.25	False	True	morphology	determiner_noun_agreement	Write a natural, coherent English sentence.
520	23	These teenagers watch that old alumnus.	These teenagers watch those old alumnus.	-101.5	-101.5	-10.1875	-10.125	False	False	morphology	determiner_noun_agreement	Write a natural, coherent English sentence.
521	23	Tina might confuse this exposed child.	Tina might confuse these exposed child.	-93.0	-93.0	-10.3125	-10.3125	False	False	morphology	determiner_noun_agreement	Write a natural, coherent English sentence.
522	23	A face was confusing that nice woman.	A face was confusing those nice woman.	-83.0	-83.0	-10.375	-10.375	False	False	morphology	determiner_noun_agreement	Write a natural, coherent English sentence.
523	23	An adult researches that good analysis.	An adult researches those good analysis.	-103.0	-103.0	-10.3125	-10.3125	False	False	morphology	determiner_noun_agreement	Write a natural, coherent English sentence.
524	23	Some broccoli isn't annoying these unconvinced women.	Some broccoli isn't annoying this unconvinced women.	-153.0	-154.0	-10.25	-10.25	True	False	morphology	determiner_noun_agreement	Write a natural, coherent English sentence.
525	23	Nancy talks about these content children.	Nancy talks about this content children.	-72.0	-72.0	-10.3125	-10.25	False	False	morphology	determiner_noun_agreement	Write a natural, coherent English sentence.
526	23	Regina found this lost ox.	Regina found these lost ox.	-82.5	-82.5	-10.3125	-10.3125	False	False	morphology	determiner_noun_agreement	Write a natural, coherent English sentence.
527	23	Emily had respected that clever man.	Emily had respected those clever man.	-72.0	-72.0	-10.3125	-10.3125	False	False	morphology	determiner_noun_agreement	Write a natural, coherent English sentence.
528	23	Kathleen has worked with this confident man.	Kathleen has worked with these confident man.	-92.5	-92.5	-10.25	-10.25	False	False	morphology	determiner_noun_agreement	Write a natural, coherent English sentence.
529	23	Most customers are distracting these determined children.	Most customers are distracting this determined children.	-92.5	-92.5	-10.3125	-10.3125	False	False	morphology	determiner_noun_agreement	Write a natural, coherent English sentence.
530	23	Rachelle didn't cure this black octopus.	Rachelle didn't cure these black octopus.	-122.5	-122.5	-10.1875	-10.25	False	True	morphology	determiner_noun_agreement	Write a natural, coherent English sentence.
531	23	Steven hugs these standing men.	Steven hugs this standing men.	-72.5	-72.5	-10.3125	-10.3125	False	False	morphology	determiner_noun_agreement	Write a natural, coherent English sentence.
532	23	Every popsicle shocked those excited men.	Every popsicle shocked that excited men.	-92.5	-93.0	-10.3125	-10.3125	True	False	morphology	determiner_noun_agreement	Write a natural, coherent English sentence.
533	23	Sonia lifts that new oasis.	Sonia lifts those new oasis.	-92.5	-92.5	-10.25	-10.25	False	False	morphology	determiner_noun_agreement	Write a natural, coherent English sentence.
534	23	Cheryl might tour that purple oasis.	Cheryl might tour those purple oasis.	-92.5	-92.5	-10.25	-10.3125	False	True	morphology	determiner_noun_agreement	Write a natural, coherent English sentence.
535	23	This doctor appreciates this bad child.	This doctor appreciates these bad child.	-82.5	-82.5	-10.3125	-10.3125	False	False	morphology	determiner_noun_agreement	Write a natural, coherent English sentence.
536	23	Leslie breaks those red feet.	Leslie breaks that red feet.	-72.0	-72.0	-10.25	-10.25	False	False	morphology	determiner_noun_agreement	Write a natural, coherent English sentence.
537	23	Bethany hasn't hidden that yellow louse.	Bethany hasn't hidden those yellow louse.	-113.0	-113.0	-10.25	-10.25	False	False	morphology	determiner_noun_agreement	Write a natural, coherent English sentence.
538	23	Some people have criticized this brown thesis.	Some people have criticized these brown thesis.	-91.0	-91.5	-10.125	-10.125	True	False	morphology	determiner_noun_agreement	Write a natural, coherent English sentence.
539	23	Noah heals this determined child.	Noah heals these determined child.	-72.5	-72.5	-10.375	-10.375	False	False	morphology	determiner_noun_agreement	Write a natural, coherent English sentence.
540	23	Kevin biked to those big oases.	Kevin biked to that big oases.	-103.0	-103.0	-10.3125	-10.3125	False	False	morphology	determiner_noun_agreement	Write a natural, coherent English sentence.
541	23	Wayne hadn't bored these sick men.	Wayne hadn't bored this sick men.	-93.0	-93.0	-10.3125	-10.375	False	True	morphology	determiner_noun_agreement	Write a natural, coherent English sentence.
542	23	Amy returns to those young alumni.	Amy returns to that young alumni.	-93.0	-92.5	-10.3125	-10.3125	False	False	morphology	determiner_noun_agreement	Write a natural, coherent English sentence.
543	23	That gate did aggravate this excited woman.	That gate did aggravate these excited woman.	-103.0	-103.0	-10.3125	-10.3125	False	False	morphology	determiner_noun_agreement	Write a natural, coherent English sentence.
544	23	Melissa observes that bad child.	Melissa observes those bad child.	-82.0	-82.0	-10.25	-10.25	False	False	morphology	determiner_noun_agreement	Write a natural, coherent English sentence.
545	23	Kathleen wasn't scanning those long synopses.	Kathleen wasn't scanning that long synopses.	-133.0	-133.0	-10.25	-10.25	False	False	morphology	determiner_noun_agreement	Write a natural, coherent English sentence.
546	23	That guy dropped by these white oases.	That guy dropped by this white oases.	-92.5	-92.5	-10.25	-10.25	False	False	morphology	determiner_noun_agreement	Write a natural, coherent English sentence.
547	23	Every child might fire this serious child.	Every child might fire these serious child.	-82.5	-82.5	-10.3125	-10.3125	False	False	morphology	determiner_noun_agreement	Write a natural, coherent English sentence.
548	23	Meredith had concealed that black thesis.	Meredith had concealed those black thesis.	-102.5	-102.5	-10.25	-10.25	False	False	morphology	determiner_noun_agreement	Write a natural, coherent English sentence.
549	23	Randolf didn't see these blue teeth.	Randolf didn't see this blue teeth.	-102.5	-102.5	-10.25	-10.25	False	False	morphology	determiner_noun_agreement	Write a natural, coherent English sentence.
550	23	Some guy passes that rough oasis.	Some guy passes those rough oasis.	-82.0	-82.0	-10.25	-10.25	False	False	morphology	determiner_noun_agreement	Write a natural, coherent English sentence.
551	23	Guys hurts that smart man.	Guys hurts those smart man.	-82.5	-82.5	-10.3125	-10.3125	False	False	morphology	determiner_noun_agreement	Write a natural, coherent English sentence.
552	23	Many museums should describe this fast man.	Many museums should describe these fast man.	-92.5	-92.5	-10.3125	-10.3125	False	False	morphology	determiner_noun_agreement	Write a natural, coherent English sentence.
553	23	A lot of chairs haven't embarrassed this serious man.	A lot of chairs haven't embarrassed these serious man.	-123.5	-123.5	-10.25	-10.3125	False	True	morphology	determiner_noun_agreement	Write a natural, coherent English sentence.
554	23	Emily talked about that ill alumnus.	Emily talked about those ill alumnus.	-92.0	-92.0	-10.1875	-10.1875	False	False	morphology	determiner_noun_agreement	Write a natural, coherent English sentence.
555	23	A lot of girls notice these black lice.	A lot of girls notice this black lice.	-103.0	-103.0	-10.25	-10.25	False	False	morphology	determiner_noun_agreement	Write a natural, coherent English sentence.
556	23	Those schools reference that green thesis.	Those schools reference those green thesis.	-72.5	-72.5	-10.375	-10.375	False	False	morphology	determiner_noun_agreement	Write a natural, coherent English sentence.
557	23	Bradley had bored this delighted alumnus.	Bradley had bored these delighted alumnus.	-102.5	-102.5	-10.25	-10.25	False	False	morphology	determiner_noun_agreement	Write a natural, coherent English sentence.
558	23	Melinda scares this good woman.	Melinda scares these good woman.	-82.5	-82.5	-10.3125	-10.3125	False	False	morphology	determiner_noun_agreement	Write a natural, coherent English sentence.
559	23	Those pedestrians go to those big oases.	Those pedestrians go to that big oases.	-113.5	-113.5	-10.3125	-10.3125	False	False	morphology	determiner_noun_agreement	Write a natural, coherent English sentence.
560	23	Many doctors escaped from that lost child.	Many doctors escaped from those lost child.	-82.5	-82.5	-10.3125	-10.3125	False	False	morphology	determiner_noun_agreement	Write a natural, coherent English sentence.
561	23	Tamara isn't revealing that orange ox.	Tamara isn't revealing those orange ox.	-102.5	-102.5	-10.25	-10.25	False	False	morphology	determiner_noun_agreement	Write a natural, coherent English sentence.
562	23	Many patients arrive at that hidden oasis.	Many patients arrive at those hidden oasis.	-91.5	-92.0	-10.1875	-10.1875	True	False	morphology	determiner_noun_agreement	Write a natural, coherent English sentence.
563	23	Beth leaves these happy children.	Beth leaves this happy children.	-61.75	-62.0	-10.3125	-10.3125	True	False	morphology	determiner_noun_agreement	Write a natural, coherent English sentence.
564	23	Deanna broke that yellow foot.	Deanna broke those yellow foot.	-72.0	-72.0	-10.3125	-10.3125	False	False	morphology	determiner_noun_agreement	Write a natural, coherent English sentence.
565	23	Jessica had talked to that concealed man.	Jessica had talked to those concealed man.	-92.5	-93.0	-10.3125	-10.3125	True	False	morphology	determiner_noun_agreement	Write a natural, coherent English sentence.
566	23	Those actors praise those long synopses.	Those actors praise that long synopses.	-92.5	-93.0	-10.3125	-10.3125	True	False	morphology	determiner_noun_agreement	Write a natural, coherent English sentence.
567	23	This coat hasn't astounded these popular men.	This coat hasn't astounded this popular men.	-122.5	-123.0	-10.25	-10.25	True	False	morphology	determiner_noun_agreement	Write a natural, coherent English sentence.
568	23	Wendy does talk to this scared alumnus.	Wendy does talk to these scared alumnus.	-113.0	-113.0	-10.25	-10.25	False	False	morphology	determiner_noun_agreement	Write a natural, coherent English sentence.
569	23	Christine is questioning these happy men.	Christine is questioning this happy men.	-82.5	-82.5	-10.3125	-10.3125	False	False	morphology	determiner_noun_agreement	Write a natural, coherent English sentence.
570	23	All doctors loved that displeased man.	All doctors loved those displeased man.	-93.0	-93.0	-10.3125	-10.3125	False	False	morphology	determiner_noun_agreement	Write a natural, coherent English sentence.
571	23	Waitresses researched these long synopses.	Waitresses researched this long synopses.	-133.0	-132.0	-10.1875	-10.1875	False	False	morphology	determiner_noun_agreement	Write a natural, coherent English sentence.
572	23	Alexander can flee from this nice woman.	Alexander can flee from these nice woman.	-93.0	-93.0	-10.3125	-10.3125	False	False	morphology	determiner_noun_agreement	Write a natural, coherent English sentence.
573	23	Walter hadn't hated this fast man.	Walter hadn't hated these fast man.	-93.0	-93.0	-10.3125	-10.3125	False	False	morphology	determiner_noun_agreement	Write a natural, coherent English sentence.
574	23	Those cashiers buy those smooth lice.	Those cashiers buy that smooth lice.	-92.5	-92.5	-10.25	-10.25	False	False	morphology	determiner_noun_agreement	Write a natural, coherent English sentence.
575	23	Sonia hid that determined child.	Sonia hid those determined child.	-72.5	-72.0	-10.375	-10.3125	False	False	morphology	determiner_noun_agreement	Write a natural, coherent English sentence.
576	23	Barbara is observing that excited person.	Barbara is observing those excited person.	-82.0	-82.0	-10.25	-10.25	False	False	morphology	determiner_noun_agreement	Write a natural, coherent English sentence.
577	23	That company stuns these unconvinced women.	That company stuns this unconvinced women.	-113.5	-113.5	-10.3125	-10.3125	False	False	morphology	determiner_noun_agreement	Write a natural, coherent English sentence.
578	23	Paul thought about those bad theses.	Paul thought about that bad theses.	-82.5	-82.5	-10.3125	-10.3125	False	False	morphology	determiner_noun_agreement	Write a natural, coherent English sentence.
579	23	Victoria escaped from these displeased children.	Victoria escaped from this displeased children.	-92.5	-92.5	-10.25	-10.25	False	False	morphology	determiner_noun_agreement	Write a natural, coherent English sentence.
580	23	Brad notices this big octopus.	Brad notices these big octopus.	-92.0	-92.0	-10.1875	-10.1875	False	False	morphology	determiner_noun_agreement	Write a natural, coherent English sentence.
581	23	Adam is praising those yellow theses.	Adam is praising that yellow theses.	-92.5	-93.0	-10.3125	-10.3125	True	False	morphology	determiner_noun_agreement	Write a natural, coherent English sentence.
582	23	Douglas did tour those hidden oases.	Douglas did tour that hidden oases.	-82.5	-82.5	-10.3125	-10.3125	False	False	morphology	determiner_noun_agreement	Write a natural, coherent English sentence.
583	23	Gerald couldn't know these happy men.	Gerald couldn't know this happy men.	-102.5	-102.5	-10.25	-10.25	False	False	morphology	determiner_noun_agreement	Write a natural, coherent English sentence.
584	23	Those women hug that smart man.	Those women hug those smart man.	-72.0	-72.0	-10.3125	-10.3125	False	False	morphology	determiner_noun_agreement	Write a natural, coherent English sentence.
585	23	These senators wouldn't forget that long synopsis.	These senators wouldn't forget those long synopsis.	-123.0	-123.0	-10.25	-10.25	False	False	morphology	determiner_noun_agreement	Write a natural, coherent English sentence.
586	23	Edward took those lost stimuli.	Edward took that lost stimuli.	-72.0	-72.0	-10.3125	-10.25	False	False	morphology	determiner_noun_agreement	Write a natural, coherent English sentence.
587	23	The waitresses did know this lucky person.	The waitresses did know these lucky person.	-102.0	-102.0	-10.1875	-10.1875	False	False	morphology	determiner_noun_agreement	Write a natural, coherent English sentence.
588	23	That library might love this important person.	That library might love these important person.	-82.5	-82.5	-10.3125	-10.3125	False	False	morphology	determiner_noun_agreement	Write a natural, coherent English sentence.
589	23	Carrie was healing this gray octopus.	Carrie was healing these gray octopus.	-102.5	-102.5	-10.25	-10.25	False	False	morphology	determiner_noun_agreement	Write a natural, coherent English sentence.
590	23	Sonia hadn't cleaned those gray teeth.	Sonia hadn't cleaned that gray teeth.	-102.5	-102.5	-10.25	-10.25	False	False	morphology	determiner_noun_agreement	Write a natural, coherent English sentence.
591	23	The Lutherans alarmed this confident woman.	The Lutherans alarmed these confident woman.	-93.0	-93.0	-10.3125	-10.3125	False	False	morphology	determiner_noun_agreement	Write a natural, coherent English sentence.
592	23	This shirt impressed those popular people.	This shirt impressed that popular people.	-72.0	-72.0	-10.3125	-10.3125	False	False	morphology	determiner_noun_agreement	Write a natural, coherent English sentence.
593	23	Some schools love that employed person.	Some schools love those employed person.	-72.0	-72.5	-10.3125	-10.3125	True	False	morphology	determiner_noun_agreement	Write a natural, coherent English sentence.
594	23	Valerie hasn't known this young child.	Valerie hasn't known these young child.	-102.5	-102.5	-10.25	-10.25	False	False	morphology	determiner_noun_agreement	Write a natural, coherent English sentence.
595	23	Scott respected those displeased men.	Scott respected that displeased men.	-83.0	-83.0	-10.375	-10.375	False	False	morphology	determiner_noun_agreement	Write a natural, coherent English sentence.
596	23	The ladies work with those lost children.	The ladies work with that lost children.	-82.5	-82.5	-10.3125	-10.3125	False	False	morphology	determiner_noun_agreement	Write a natural, coherent English sentence.
597	23	Dawn had biked to this small oasis.	Dawn had biked to these small oasis.	-122.0	-122.5	-10.1875	-10.1875	True	False	morphology	determiner_noun_agreement	Write a natural, coherent English sentence.
598	23	Samantha would explore that gray oasis.	Samantha would explore those gray oasis.	-102.0	-102.0	-10.1875	-10.1875	False	False	morphology	determiner_noun_agreement	Write a natural, coherent English sentence.
599	23	All steps upset those unemployed men.	All steps upset that unemployed men.	-82.0	-82.0	-10.25	-10.25	False	False	morphology	determiner_noun_agreement	Write a natural, coherent English sentence.
600	23	Marla has described that unemployed woman.	Marla has described those unemployed woman.	-92.5	-92.5	-10.25	-10.25	False	False	morphology	determiner_noun_agreement	Write a natural, coherent English sentence.
601	23	Most universities bore those excited children.	Most universities bore that excited children.	-72.5	-72.5	-10.3125	-10.3125	False	False	morphology	determiner_noun_agreement	Write a natural, coherent English sentence.
602	23	These banks should reference that purple thesis.	These banks should reference those purple thesis.	-82.5	-82.5	-10.3125	-10.3125	False	False	morphology	determiner_noun_agreement	Write a natural, coherent English sentence.
603	23	Sherry brought those concealed geese.	Sherry brought that concealed geese.	-92.5	-92.5	-10.3125	-10.3125	False	False	morphology	determiner_noun_agreement	Write a natural, coherent English sentence.
604	23	Many pedestrians complain about these long analyses.	Many pedestrians complain about this long analyses.	-112.0	-112.0	-10.1875	-10.1875	False	False	morphology	determiner_noun_agreement	Write a natural, coherent English sentence.
605	23	Theresa fixed these small teeth.	Theresa fixed this small teeth.	-72.0	-72.0	-10.25	-10.25	False	False	morphology	determiner_noun_agreement	Write a natural, coherent English sentence.
606	23	This lake disturbed those unconvinced men.	This lake disturbed that unconvinced men.	-113.0	-113.0	-10.25	-10.25	False	False	morphology	determiner_noun_agreement	Write a natural, coherent English sentence.
607	23	Catherine was talking about those bad synopses.	Catherine was talking about that bad synopses.	-102.0	-102.5	-10.25	-10.25	True	False	morphology	determiner_noun_agreement	Write a natural, coherent English sentence.
608	23	Alicia had escaped from these hidden men.	Alicia had escaped from this hidden men.	-102.5	-102.5	-10.25	-10.25	False	False	morphology	determiner_noun_agreement	Write a natural, coherent English sentence.
609	23	Natalie hasn't worked with this confident woman.	Natalie hasn't worked with these confident woman.	-112.5	-112.5	-10.1875	-10.25	False	True	morphology	determiner_noun_agreement	Write a natural, coherent English sentence.
610	23	Amelia annoyed this smart man.	Amelia annoyed these smart man.	-82.0	-81.5	-10.25	-10.1875	False	False	morphology	determiner_noun_agreement	Write a natural, coherent English sentence.
611	23	Every guest is irritating this serious child.	Every guest is irritating these serious child.	-93.0	-92.5	-10.3125	-10.3125	False	False	morphology	determiner_noun_agreement	Write a natural, coherent English sentence.
612	23	All reports annoyed this hopeful person.	All reports annoyed these hopeful person.	-92.0	-92.0	-10.1875	-10.25	False	True	morphology	determiner_noun_agreement	Write a natural, coherent English sentence.
613	23	These women break those orange teeth.	These women break that orange teeth.	-72.5	-72.5	-10.3125	-10.375	False	True	morphology	determiner_noun_agreement	Write a natural, coherent English sentence.
614	23	Christopher could shock this excited child.	Christopher could shock these excited child.	-72.5	-72.5	-10.3125	-10.3125	False	False	morphology	determiner_noun_agreement	Write a natural, coherent English sentence.
615	23	This spotlight hasn't disgusted that employed child.	This spotlight hasn't disgusted those employed child.	-123.0	-123.0	-10.25	-10.25	False	False	morphology	determiner_noun_agreement	Write a natural, coherent English sentence.
616	23	Samantha fled from that busy child.	Samantha fled from those busy child.	-92.0	-92.0	-10.1875	-10.1875	False	False	morphology	determiner_noun_agreement	Write a natural, coherent English sentence.
617	23	Lucille arrived at that hard oasis.	Lucille arrived at those hard oasis.	-92.0	-92.0	-10.1875	-10.1875	False	False	morphology	determiner_noun_agreement	Write a natural, coherent English sentence.
618	23	All teachers see those yellow lice.	All teachers see that yellow lice.	-83.0	-83.0	-10.375	-10.375	False	False	morphology	determiner_noun_agreement	Write a natural, coherent English sentence.
619	23	Some photographs haven't looked like these small octopi.	Some photographs haven't looked like this small octopi.	-134.0	-134.0	-10.3125	-10.25	False	False	morphology	determiner_noun_agreement	Write a natural, coherent English sentence.
620	23	Danielle brought those blue feet.	Danielle brought that blue feet.	-71.5	-72.0	-10.25	-10.25	True	False	morphology	determiner_noun_agreement	Write a natural, coherent English sentence.
621	23	Todd hadn't left those exposed men.	Todd hadn't left that exposed men.	-92.5	-93.0	-10.3125	-10.3125	True	False	morphology	determiner_noun_agreement	Write a natural, coherent English sentence.
622	23	Some doctors embarrasses those delighted alumni.	Some doctors embarrasses that delighted alumni.	-103.0	-103.0	-10.3125	-10.3125	False	False	morphology	determiner_noun_agreement	Write a natural, coherent English sentence.
623	23	The actresses forget that unemployed alumnus.	The actresses forget those unemployed alumnus.	-112.0	-112.0	-10.1875	-10.1875	False	False	morphology	determiner_noun_agreement	Write a natural, coherent English sentence.
624	23	A lot of socks alarm this unsure alumnus.	A lot of socks alarm these unsure alumnus.	-123.0	-123.0	-10.25	-10.25	False	False	morphology	determiner_noun_agreement	Write a natural, coherent English sentence.
625	23	The customers are thinking about that busy child.	The customers are thinking about those busy child.	-93.0	-92.5	-10.3125	-10.25	False	False	morphology	determiner_noun_agreement	Write a natural, coherent English sentence.
626	23	Kristin wasn't kissing those small men.	Kristin wasn't kissing that small men.	-113.0	-113.0	-10.25	-10.25	False	False	morphology	determiner_noun_agreement	Write a natural, coherent English sentence.
627	23	Omar hasn't broken this broken foot.	Omar hasn't broken these broken foot.	-102.5	-102.5	-10.25	-10.25	False	False	morphology	determiner_noun_agreement	Write a natural, coherent English sentence.
628	23	The actress worked with this nice woman.	The actress worked with these nice woman.	-82.5	-82.5	-10.3125	-10.3125	False	False	morphology	determiner_noun_agreement	Write a natural, coherent English sentence.
629	23	Patients insult these happy people.	Patients insult this happy people.	-72.0	-72.5	-10.3125	-10.3125	True	False	morphology	determiner_noun_agreement	Write a natural, coherent English sentence.
630	23	Spain bought those orange lice.	Spain bought that orange lice.	-72.0	-72.0	-10.25	-10.3125	False	True	morphology	determiner_noun_agreement	Write a natural, coherent English sentence.
631	23	Those waiters didn't kiss this unlucky child.	Those waiters didn't kiss these unlucky child.	-133.0	-133.0	-10.25	-10.25	False	False	morphology	determiner_noun_agreement	Write a natural, coherent English sentence.
632	23	Jennifer isn't touring these old oases.	Jennifer isn't touring this old oases.	-112.5	-113.0	-10.25	-10.25	True	False	morphology	determiner_noun_agreement	Write a natural, coherent English sentence.
633	23	Glaciers upset this small child.	Glaciers upset these small child.	-82.5	-82.5	-10.3125	-10.3125	False	False	morphology	determiner_noun_agreement	Write a natural, coherent English sentence.
634	23	John investigated these old men.	John investigated this old men.	-62.0	-62.0	-10.375	-10.375	False	False	morphology	determiner_noun_agreement	Write a natural, coherent English sentence.
635	23	Some doctors hated these yellow theses.	Some doctors hated this yellow theses.	-82.5	-82.5	-10.3125	-10.3125	False	False	morphology	determiner_noun_agreement	Write a natural, coherent English sentence.
636	23	Linda described that clever man.	Linda described those clever man.	-62.0	-62.0	-10.375	-10.375	False	False	morphology	determiner_noun_agreement	Write a natural, coherent English sentence.
637	23	Many drawings are looking like these excited women.	Many drawings are looking like this excited women.	-93.0	-93.0	-10.3125	-10.375	False	True	morphology	determiner_noun_agreement	Write a natural, coherent English sentence.
638	23	Mitchell had concealed that small tooth.	Mitchell had concealed those small tooth.	-82.5	-82.5	-10.3125	-10.3125	False	False	morphology	determiner_noun_agreement	Write a natural, coherent English sentence.
639	23	Every dog had irritated this young child.	Every dog had irritated these young child.	-92.0	-92.0	-10.25	-10.25	False	False	morphology	determiner_noun_agreement	Write a natural, coherent English sentence.
640	23	Some doctors lift this exposed ox.	Some doctors lift these exposed ox.	-72.0	-72.5	-10.3125	-10.3125	True	False	morphology	determiner_noun_agreement	Write a natural, coherent English sentence.
641	23	Valerie was disgusting that happy woman.	Valerie was disgusting those happy woman.	-92.5	-92.5	-10.25	-10.25	False	False	morphology	determiner_noun_agreement	Write a natural, coherent English sentence.
642	23	Claire hugs those clever men.	Claire hugs that clever men.	-72.5	-72.5	-10.3125	-10.3125	False	False	morphology	determiner_noun_agreement	Write a natural, coherent English sentence.
643	23	All adults go to these white oases.	All adults go to this white oases.	-92.5	-92.5	-10.3125	-10.3125	False	False	morphology	determiner_noun_agreement	Write a natural, coherent English sentence.
644	23	Bill observed this nice child.	Bill observed these nice child.	-62.0	-62.0	-10.375	-10.375	False	False	morphology	determiner_noun_agreement	Write a natural, coherent English sentence.
645	23	Diana kissed these delighted alumni.	Diana kissed this delighted alumni.	-82.5	-82.5	-10.3125	-10.3125	False	False	morphology	determiner_noun_agreement	Write a natural, coherent English sentence.
646	23	Governments are describing those sick people.	Governments are describing that sick people.	-81.5	-82.0	-10.1875	-10.25	True	True	morphology	determiner_noun_agreement	Write a natural, coherent English sentence.
647	23	The doctors cure that young woman.	The doctors cure those young woman.	-71.5	-71.5	-10.1875	-10.25	False	True	morphology	determiner_noun_agreement	Write a natural, coherent English sentence.
648	23	Dancers did disagree with this ill child.	Dancers did disagree with these ill child.	-93.0	-93.0	-10.375	-10.375	False	False	morphology	determiner_noun_agreement	Write a natural, coherent English sentence.
649	23	Veronica couldn't embarrass these exposed men.	Veronica couldn't embarrass this exposed men.	-113.0	-113.0	-10.25	-10.25	False	False	morphology	determiner_noun_agreement	Write a natural, coherent English sentence.
650	23	The students cared for that delighted man.	The students cared for those delighted man.	-82.5	-82.5	-10.3125	-10.3125	False	False	morphology	determiner_noun_agreement	Write a natural, coherent English sentence.
651	23	Steve conceals these important men.	Steve conceals this important men.	-72.0	-72.0	-10.3125	-10.3125	False	False	morphology	determiner_noun_agreement	Write a natural, coherent English sentence.
652	23	These actresses will talk to these content men.	These actresses will talk to this content men.	-102.5	-102.5	-10.25	-10.25	False	False	morphology	determiner_noun_agreement	Write a natural, coherent English sentence.
653	23	That teenager wouldn't buy these rough oxen.	That teenager wouldn't buy this rough oxen.	-113.0	-113.0	-10.25	-10.25	False	False	morphology	determiner_noun_agreement	Write a natural, coherent English sentence.
654	23	Sheila wouldn't kiss that happy child.	Sheila wouldn't kiss those happy child.	-102.5	-102.5	-10.25	-10.25	False	False	morphology	determiner_noun_agreement	Write a natural, coherent English sentence.
655	23	Erin drove to these out in the open oases.	Erin drove to this out in the open oases.	-123.0	-123.0	-10.25	-10.25	False	False	morphology	determiner_noun_agreement	Write a natural, coherent English sentence.
656	23	Every hat has embarrassed those hopeful people.	Every hat has embarrassed that hopeful people.	-92.0	-92.0	-10.25	-10.25	False	False	morphology	determiner_noun_agreement	Write a natural, coherent English sentence.
657	23	Every man is fleeing from that exposed oasis.	Every man is fleeing from those exposed oasis.	-113.0	-113.0	-10.25	-10.25	False	False	morphology	determiner_noun_agreement	Write a natural, coherent English sentence.
658	23	Some adults visit this ill man.	Some adults visit these ill man.	-72.0	-72.0	-10.3125	-10.3125	False	False	morphology	determiner_noun_agreement	Write a natural, coherent English sentence.
659	23	Janet did lift that good thesis.	Janet did lift those good thesis.	-82.0	-82.0	-10.25	-10.25	False	False	morphology	determiner_noun_agreement	Write a natural, coherent English sentence.
660	23	Katherine was cleaning this orange tooth.	Katherine was cleaning these orange tooth.	-82.5	-82.5	-10.3125	-10.3125	False	False	morphology	determiner_noun_agreement	Write a natural, coherent English sentence.
661	23	A lot of tomatoes can't confuse these ill alumni.	A lot of tomatoes can't confuse this ill alumni.	-164.0	-164.0	-10.25	-10.25	False	False	morphology	determiner_noun_agreement	Write a natural, coherent English sentence.
662	23	Rose goes to those out in the open oases.	Rose goes to that out in the open oases.	-113.0	-113.0	-10.25	-10.25	False	False	morphology	determiner_noun_agreement	Write a natural, coherent English sentence.
663	23	These governments criticize those gray oases.	These governments criticize that gray oases.	-92.5	-92.5	-10.3125	-10.3125	False	False	morphology	determiner_noun_agreement	Write a natural, coherent English sentence.
664	23	Kevin forgot those delighted men.	Kevin forgot that delighted men.	-62.0	-62.0	-10.375	-10.3125	False	False	morphology	determiner_noun_agreement	Write a natural, coherent English sentence.
665	23	Most companies describe that long analysis.	Most companies describe those long analysis.	-72.5	-72.5	-10.375	-10.375	False	False	morphology	determiner_noun_agreement	Write a natural, coherent English sentence.
666	23	Vincent was skated around this small oasis.	Vincent was skated around these small oasis.	-102.5	-103.0	-10.25	-10.25	True	False	morphology	determiner_noun_agreement	Write a natural, coherent English sentence.
667	23	Many guys arrive at these out in the open oases.	Many guys arrive at this out in the open oases.	-123.0	-122.5	-10.25	-10.25	False	False	morphology	determiner_noun_agreement	Write a natural, coherent English sentence.
668	23	Gregory hadn't revealed these lost fungi.	Gregory hadn't revealed this lost fungi.	-103.0	-103.0	-10.3125	-10.3125	False	False	morphology	determiner_noun_agreement	Write a natural, coherent English sentence.
669	23	The cake stuns this standing man.	The cake stuns these standing man.	-82.5	-82.5	-10.3125	-10.3125	False	False	morphology	determiner_noun_agreement	Write a natural, coherent English sentence.
670	23	Cheryl isn't irritating that clever man.	Cheryl isn't irritating those clever man.	-113.0	-113.0	-10.25	-10.25	False	False	morphology	determiner_noun_agreement	Write a natural, coherent English sentence.
671	23	Some cat bores those old children.	Some cat bores that old children.	-82.5	-82.5	-10.3125	-10.3125	False	False	morphology	determiner_noun_agreement	Write a natural, coherent English sentence.
672	23	The actress knows that delighted child.	The actress knows those delighted child.	-72.0	-72.5	-10.3125	-10.3125	True	False	morphology	determiner_noun_agreement	Write a natural, coherent English sentence.
673	23	That actress had driven to these hidden oases.	That actress had driven to this hidden oases.	-103.0	-103.0	-10.3125	-10.3125	False	False	morphology	determiner_noun_agreement	Write a natural, coherent English sentence.
674	23	The Lutherans arrive at this cheap oasis.	The Lutherans arrive at these cheap oasis.	-102.0	-102.5	-10.1875	-10.25	True	True	morphology	determiner_noun_agreement	Write a natural, coherent English sentence.
675	23	Diane was kissing those lost women.	Diane was kissing that lost women.	-92.5	-92.5	-10.3125	-10.3125	False	False	morphology	determiner_noun_agreement	Write a natural, coherent English sentence.
676	23	Larry disturbs this employed woman.	Larry disturbs these employed woman.	-82.5	-83.0	-10.3125	-10.375	True	True	morphology	determiner_noun_agreement	Write a natural, coherent English sentence.
677	23	Pies shock this upset woman.	Pies shock these upset woman.	-72.5	-73.0	-10.375	-10.375	True	False	morphology	determiner_noun_agreement	Write a natural, coherent English sentence.
678	23	Some waiters hug this content alumnus.	Some waiters hug these content alumnus.	-102.5	-103.0	-10.25	-10.25	True	False	morphology	determiner_noun_agreement	Write a natural, coherent English sentence.
679	23	Anna talked to those unsure men.	Anna talked to that unsure men.	-83.0	-83.0	-10.375	-10.375	False	False	morphology	determiner_noun_agreement	Write a natural, coherent English sentence.
680	23	This school bores this determined man.	This school bores these determined man.	-82.5	-82.5	-10.3125	-10.3125	False	False	morphology	determiner_noun_agreement	Write a natural, coherent English sentence.
681	23	Omar had thought about these unemployed men.	Omar had thought about this unemployed men.	-102.0	-102.0	-10.25	-10.1875	False	False	morphology	determiner_noun_agreement	Write a natural, coherent English sentence.
682	23	Winston Churchill cleaned these big nuclei.	Winston Churchill cleaned this big nuclei.	-102.5	-102.5	-10.25	-10.25	False	False	morphology	determiner_noun_agreement	Write a natural, coherent English sentence.
683	23	These organizations aren't concealing that exposed child.	These organizations aren't concealing those exposed child.	-113.5	-113.5	-10.3125	-10.3125	False	False	morphology	determiner_noun_agreement	Write a natural, coherent English sentence.
684	23	Erin bought this concealed axis.	Erin bought these concealed axis.	-82.0	-82.5	-10.25	-10.3125	True	True	morphology	determiner_noun_agreement	Write a natural, coherent English sentence.
685	23	Dan examines this long analysis.	Dan examines these long analysis.	-72.0	-72.0	-10.3125	-10.3125	False	False	morphology	determiner_noun_agreement	Write a natural, coherent English sentence.
686	23	These drivers concealed these gray oxen.	These drivers concealed this gray oxen.	-93.0	-92.5	-10.3125	-10.3125	False	False	morphology	determiner_noun_agreement	Write a natural, coherent English sentence.
687	23	All children impresses this happy man.	All children impresses these happy man.	-82.0	-82.0	-10.25	-10.25	False	False	morphology	determiner_noun_agreement	Write a natural, coherent English sentence.
688	23	People will conceal that concealed man.	People will conceal those concealed man.	-92.5	-92.5	-10.25	-10.25	False	False	morphology	determiner_noun_agreement	Write a natural, coherent English sentence.
689	23	Some patient returns to this old man.	Some patient returns to these old man.	-82.0	-82.0	-10.25	-10.25	False	False	morphology	determiner_noun_agreement	Write a natural, coherent English sentence.
690	23	Many actresses discovered those big oases.	Many actresses discovered that big oases.	-92.0	-92.0	-10.25	-10.25	False	False	morphology	determiner_noun_agreement	Write a natural, coherent English sentence.
691	23	The school talks about those young alumni.	The school talks about that young alumni.	-102.0	-102.0	-10.1875	-10.1875	False	False	morphology	determiner_noun_agreement	Write a natural, coherent English sentence.
692	23	Omar admired these blue fungi.	Omar admired this blue fungi.	-92.5	-92.5	-10.3125	-10.3125	False	False	morphology	determiner_noun_agreement	Write a natural, coherent English sentence.
693	23	Some school can't hate these good people.	Some school can't hate this good people.	-104.0	-104.0	-10.375	-10.375	False	False	morphology	determiner_noun_agreement	Write a natural, coherent English sentence.
694	23	A lot of eggplants wouldn't disturb that determined woman.	A lot of eggplants wouldn't disturb those determined woman.	-143.0	-143.0	-10.25	-10.25	False	False	morphology	determiner_noun_agreement	Write a natural, coherent English sentence.
695	23	That cake could annoy these uncertain men.	That cake could annoy this uncertain men.	-82.5	-83.0	-10.3125	-10.375	True	True	morphology	determiner_noun_agreement	Write a natural, coherent English sentence.
696	23	Lamps are worrying these hopeful alumni.	Lamps are worrying this hopeful alumni.	-113.0	-112.5	-10.25	-10.25	False	False	morphology	determiner_noun_agreement	Write a natural, coherent English sentence.
697	23	A lot of eggplants bore these excited alumni.	A lot of eggplants bore this excited alumni.	-133.0	-133.0	-10.25	-10.25	False	False	morphology	determiner_noun_agreement	Write a natural, coherent English sentence.
698	23	A lot of teachers arrived at these old oases.	A lot of teachers arrived at this old oases.	-112.5	-112.5	-10.25	-10.25	False	False	morphology	determiner_noun_agreement	Write a natural, coherent English sentence.
699	23	Most sweaters hurt those happy people.	Most sweaters hurt that happy people.	-82.5	-82.5	-10.3125	-10.3125	False	False	morphology	determiner_noun_agreement	Write a natural, coherent English sentence.
700	23	Tara scans those good analyses.	Tara scans that good analyses.	-93.0	-93.0	-10.3125	-10.3125	False	False	morphology	determiner_noun_agreement	Write a natural, coherent English sentence.
701	23	The man doesn't reference this out in the open woman.	The man doesn't reference these out in the open woman.	-134.0	-134.0	-10.3125	-10.3125	False	False	morphology	determiner_noun_agreement	Write a natural, coherent English sentence.
702	23	This cashier is leaving this employed person.	This cashier is leaving these employed person.	-92.0	-92.0	-10.25	-10.25	False	False	morphology	determiner_noun_agreement	Write a natural, coherent English sentence.
703	23	Bananas bother these clever alumni.	Bananas bother this clever alumni.	-92.0	-92.0	-10.1875	-10.1875	False	False	morphology	determiner_noun_agreement	Write a natural, coherent English sentence.
704	23	Some convertibles had worried those fast men.	Some convertibles had worried that fast men.	-93.0	-92.5	-10.3125	-10.3125	False	False	morphology	determiner_noun_agreement	Write a natural, coherent English sentence.
705	23	Carl bored those nice women.	Carl bored that nice women.	-62.25	-62.25	-10.375	-10.375	False	False	morphology	determiner_noun_agreement	Write a natural, coherent English sentence.
706	23	These teachers explore these old oases.	These teachers explore this old oases.	-82.5	-83.0	-10.3125	-10.375	True	True	morphology	determiner_noun_agreement	Write a natural, coherent English sentence.
707	23	Many waiters work with this scared child.	Many waiters work with these scared child.	-93.0	-93.0	-10.3125	-10.3125	False	False	morphology	determiner_noun_agreement	Write a natural, coherent English sentence.
708	23	Committees admire that smart child.	Committees admire those smart child.	-92.5	-92.5	-10.3125	-10.25	False	False	morphology	determiner_noun_agreement	Write a natural, coherent English sentence.
709	23	Matt approaches this exposed child.	Matt approaches these exposed child.	-62.5	-62.25	-10.375	-10.375	False	False	morphology	determiner_noun_agreement	Write a natural, coherent English sentence.
710	23	Brian talks to this lucky man.	Brian talks to these lucky man.	-72.0	-72.0	-10.3125	-10.3125	False	False	morphology	determiner_noun_agreement	Write a natural, coherent English sentence.
711	23	A boy isn't talking about that red oasis.	A boy isn't talking about those red oasis.	-123.5	-123.0	-10.25	-10.25	False	False	morphology	determiner_noun_agreement	Write a natural, coherent English sentence.
712	23	Phillip bought those black feet.	Phillip bought that black feet.	-71.5	-72.0	-10.25	-10.3125	True	True	morphology	determiner_noun_agreement	Write a natural, coherent English sentence.
713	23	Eric isn't buying those brown geese.	Eric isn't buying that brown geese.	-103.0	-103.0	-10.3125	-10.3125	False	False	morphology	determiner_noun_agreement	Write a natural, coherent English sentence.
714	23	Elaine remembers this delighted woman.	Elaine remembers these delighted woman.	-82.5	-82.5	-10.3125	-10.3125	False	False	morphology	determiner_noun_agreement	Write a natural, coherent English sentence.
715	23	This pedestrian arrives at that smooth oasis.	This pedestrian arrives at those smooth oasis.	-102.0	-102.0	-10.1875	-10.25	False	True	morphology	determiner_noun_agreement	Write a natural, coherent English sentence.
716	23	Those men forget these smart men.	Those men forget this smart men.	-72.0	-72.5	-10.3125	-10.3125	True	False	morphology	determiner_noun_agreement	Write a natural, coherent English sentence.
717	23	Tara might alarm this unsure person.	Tara might alarm these unsure person.	-93.0	-93.0	-10.375	-10.375	False	False	morphology	determiner_noun_agreement	Write a natural, coherent English sentence.
718	23	Vanessa was healing those purple geese.	Vanessa was healing that purple geese.	-92.5	-92.5	-10.25	-10.25	False	False	morphology	determiner_noun_agreement	Write a natural, coherent English sentence.
719	23	Steven hasn't questioned those troubled people.	Steven hasn't questioned that troubled people.	-102.5	-103.0	-10.25	-10.25	True	False	morphology	determiner_noun_agreement	Write a natural, coherent English sentence.
720	23	Thomas hides this clever woman.	Thomas hides these clever woman.	-72.0	-72.0	-10.3125	-10.3125	False	False	morphology	determiner_noun_agreement	Write a natural, coherent English sentence.
721	23	Most eyes confuse these content alumni.	Most eyes confuse this content alumni.	-103.0	-103.0	-10.3125	-10.3125	False	False	morphology	determiner_noun_agreement	Write a natural, coherent English sentence.
722	23	That dog aggravates this busy child.	That dog aggravates these busy child.	-92.0	-92.0	-10.25	-10.25	False	False	morphology	determiner_noun_agreement	Write a natural, coherent English sentence.
723	23	Karen has attacked this popular child.	Karen has attacked these popular child.	-72.0	-72.0	-10.3125	-10.3125	False	False	morphology	determiner_noun_agreement	Write a natural, coherent English sentence.
724	23	Heidi might confuse those displeased men.	Heidi might confuse that displeased men.	-113.0	-113.0	-10.25	-10.25	False	False	morphology	determiner_noun_agreement	Write a natural, coherent English sentence.
725	23	Maria kisses this bad person.	Maria kisses these bad person.	-72.0	-72.0	-10.25	-10.3125	False	True	morphology	determiner_noun_agreement	Write a natural, coherent English sentence.
726	23	Tanya passes this purple oasis.	Tanya passes these purple oasis.	-82.5	-82.5	-10.3125	-10.3125	False	False	morphology	determiner_noun_agreement	Write a natural, coherent English sentence.
727	23	Marla has respected those delighted alumni.	Marla has respected that delighted alumni.	-103.5	-103.5	-10.3125	-10.3125	False	False	morphology	determiner_noun_agreement	Write a natural, coherent English sentence.
728	23	Paula is investigating this employed alumnus.	Paula is investigating these employed alumnus.	-112.5	-112.5	-10.25	-10.25	False	False	morphology	determiner_noun_agreement	Write a natural, coherent English sentence.
729	23	Most chairs aren't disgusting those serious women.	Most chairs aren't disgusting that serious women.	-113.0	-113.0	-10.25	-10.25	False	False	morphology	determiner_noun_agreement	Write a natural, coherent English sentence.
730	23	Men hadn't run around this purple oasis.	Men hadn't run around these purple oasis.	-113.0	-113.0	-10.25	-10.3125	False	True	morphology	determiner_noun_agreement	Write a natural, coherent English sentence.
731	23	Tina hadn't arrived at those green oases.	Tina hadn't arrived at that green oases.	-123.0	-123.0	-10.25	-10.25	False	False	morphology	determiner_noun_agreement	Write a natural, coherent English sentence.
732	23	Karla knew this busy alumnus.	Karla knew these busy alumnus.	-92.5	-92.0	-10.25	-10.25	False	False	morphology	determiner_noun_agreement	Write a natural, coherent English sentence.
733	23	The actors care for these exposed people.	The actors care for this exposed people.	-82.5	-83.0	-10.3125	-10.375	True	True	morphology	determiner_noun_agreement	Write a natural, coherent English sentence.
734	23	Michelle might alarm this employed man.	Michelle might alarm these employed man.	-72.5	-72.5	-10.375	-10.375	False	False	morphology	determiner_noun_agreement	Write a natural, coherent English sentence.
735	23	Maria hasn't walked through these hard oases.	Maria hasn't walked through this hard oases.	-113.0	-112.5	-10.25	-10.25	False	False	morphology	determiner_noun_agreement	Write a natural, coherent English sentence.
736	23	That report might disagree with those delighted men.	That report might disagree with that delighted men.	-92.5	-92.5	-10.3125	-10.3125	False	False	morphology	determiner_noun_agreement	Write a natural, coherent English sentence.
737	23	Actresses discuss this popular person.	Actresses discuss these popular person.	-81.5	-82.0	-10.1875	-10.25	True	True	morphology	determiner_noun_agreement	Write a natural, coherent English sentence.
738	23	Holly won't watch these unlucky men.	Holly won't watch this unlucky men.	-113.0	-113.0	-10.25	-10.3125	False	True	morphology	determiner_noun_agreement	Write a natural, coherent English sentence.
739	23	Carl was driving to those blue oases.	Carl was driving to that blue oases.	-92.5	-92.5	-10.25	-10.25	False	False	morphology	determiner_noun_agreement	Write a natural, coherent English sentence.
740	23	Bill passes that rough oasis.	Bill passes those rough oasis.	-72.5	-72.0	-10.3125	-10.3125	False	False	morphology	determiner_noun_agreement	Write a natural, coherent English sentence.
741	23	All men praise this good thesis.	All men praise these good thesis.	-72.0	-72.5	-10.3125	-10.375	True	True	morphology	determiner_noun_agreement	Write a natural, coherent English sentence.
742	23	Many doctors should escape from these hopeful women.	Many doctors should escape from this hopeful women.	-102.5	-102.5	-10.25	-10.25	False	False	morphology	determiner_noun_agreement	Write a natural, coherent English sentence.
743	23	Many girls find these nice men.	Many girls find this nice men.	-72.0	-72.5	-10.3125	-10.3125	True	False	morphology	determiner_noun_agreement	Write a natural, coherent English sentence.
744	23	Every museum helps those concealed children.	Every museum helps that concealed children.	-82.5	-82.5	-10.3125	-10.3125	False	False	morphology	determiner_noun_agreement	Write a natural, coherent English sentence.
745	23	Marla was distracting these determined people.	Marla was distracting this determined people.	-92.5	-92.5	-10.25	-10.3125	False	True	morphology	determiner_noun_agreement	Write a natural, coherent English sentence.
746	23	Those computers might confuse this nice child.	Those computers might confuse these nice child.	-92.5	-92.5	-10.3125	-10.3125	False	False	morphology	determiner_noun_agreement	Write a natural, coherent English sentence.
747	23	Tanya hasn't loved that content woman.	Tanya hasn't loved those content woman.	-103.0	-103.5	-10.3125	-10.3125	True	False	morphology	determiner_noun_agreement	Write a natural, coherent English sentence.
748	23	Theresa won't conceal those lost lice.	Theresa won't conceal that lost lice.	-123.0	-123.0	-10.25	-10.25	False	False	morphology	determiner_noun_agreement	Write a natural, coherent English sentence.
749	23	The Borgias do cure these out in the open octopi.	The Borgias do cure this out in the open octopi.	-155.0	-155.0	-10.3125	-10.3125	False	False	morphology	determiner_noun_agreement	Write a natural, coherent English sentence.
750	23	Kenneth messed up those lost teeth.	Kenneth messed up that lost teeth.	-92.0	-92.0	-10.25	-10.25	False	False	morphology	determiner_noun_agreement	Write a natural, coherent English sentence.
751	23	Jodi doesn't alarm these unsure people.	Jodi doesn't alarm this unsure people.	-113.5	-113.5	-10.3125	-10.3125	False	False	morphology	determiner_noun_agreement	Write a natural, coherent English sentence.
752	23	This customer scans those good analyses.	This customer scans that good analyses.	-93.0	-93.0	-10.3125	-10.3125	False	False	morphology	determiner_noun_agreement	Write a natural, coherent English sentence.
753	23	Vincent can't watch this hopeful alumnus.	Vincent can't watch these hopeful alumnus.	-123.0	-123.0	-10.25	-10.25	False	False	morphology	determiner_noun_agreement	Write a natural, coherent English sentence.
754	23	Jodi talked to this unconvinced child.	Jodi talked to these unconvinced child.	-113.5	-113.5	-10.3125	-10.3125	False	False	morphology	determiner_noun_agreement	Write a natural, coherent English sentence.
755	23	Katherine exited these exposed oases.	Katherine exited this exposed oases.	-93.0	-93.0	-10.3125	-10.3125	False	False	morphology	determiner_noun_agreement	Write a natural, coherent English sentence.
756	23	Beverly hasn't brought these rough fungi.	Beverly hasn't brought this rough fungi.	-112.5	-113.0	-10.25	-10.25	True	False	morphology	determiner_noun_agreement	Write a natural, coherent English sentence.
757	23	That unicycle is boring those standing children.	That unicycle is boring that standing children.	-102.5	-102.5	-10.25	-10.25	False	False	morphology	determiner_noun_agreement	Write a natural, coherent English sentence.
758	23	That boy can't escape from those unsure children.	That boy can't escape from that unsure children.	-123.5	-124.0	-10.3125	-10.3125	True	False	morphology	determiner_noun_agreement	Write a natural, coherent English sentence.
759	23	An adult bought these black axes.	An adult bought this black axes.	-82.0	-82.0	-10.25	-10.25	False	False	morphology	determiner_noun_agreement	Write a natural, coherent English sentence.
760	23	Sara isn't kissing this nice woman.	Sara isn't kissing these nice woman.	-103.0	-103.0	-10.25	-10.25	False	False	morphology	determiner_noun_agreement	Write a natural, coherent English sentence.
761	23	Robert couldn't embarrass those scared people.	Robert couldn't embarrass that scared people.	-93.0	-93.0	-10.3125	-10.3125	False	False	morphology	determiner_noun_agreement	Write a natural, coherent English sentence.
762	23	Deborah had fled from that important woman.	Deborah had fled from those important woman.	-102.5	-102.5	-10.25	-10.25	False	False	morphology	determiner_noun_agreement	Write a natural, coherent English sentence.
763	23	Brenda discussed that serious woman.	Brenda discussed those serious woman.	-72.5	-72.5	-10.375	-10.3125	False	False	morphology	determiner_noun_agreement	Write a natural, coherent English sentence.
764	23	Some women questioned that big woman.	Some women questioned those big woman.	-72.0	-72.5	-10.3125	-10.3125	True	False	morphology	determiner_noun_agreement	Write a natural, coherent English sentence.
765	23	Rodney didn't kiss those displeased women.	Rodney didn't kiss that displeased women.	-122.5	-122.5	-10.1875	-10.1875	False	False	morphology	determiner_noun_agreement	Write a natural, coherent English sentence.
766	23	Carrie can help those lost alumni.	Carrie can help that lost alumni.	-102.0	-102.0	-10.1875	-10.1875	False	False	morphology	determiner_noun_agreement	Write a natural, coherent English sentence.
767	23	Many guests approach this lucky man.	Many guests approach these lucky man.	-72.0	-72.0	-10.25	-10.25	False	False	morphology	determiner_noun_agreement	Write a natural, coherent English sentence.
768	23	Some student messes up that hard foot.	Some student messes up those hard foot.	-92.5	-92.5	-10.25	-10.25	False	False	morphology	determiner_noun_agreement	Write a natural, coherent English sentence.
769	23	Some men had skated around these hard oases.	Some men had skated around this hard oases.	-113.0	-113.5	-10.3125	-10.3125	True	False	morphology	determiner_noun_agreement	Write a natural, coherent English sentence.
770	23	Some light would annoy those happy alumni.	Some light would annoy that happy alumni.	-103.0	-103.0	-10.25	-10.25	False	False	morphology	determiner_noun_agreement	Write a natural, coherent English sentence.
771	23	Many casseroles shock these unconvinced men.	Many casseroles shock this unconvinced men.	-123.0	-123.0	-10.25	-10.25	False	False	morphology	determiner_noun_agreement	Write a natural, coherent English sentence.
772	23	Carl talks about those confident children.	Carl talks about that confident children.	-72.0	-72.0	-10.25	-10.3125	False	True	morphology	determiner_noun_agreement	Write a natural, coherent English sentence.
773	23	Timothy was dropping by those new oases.	Timothy was dropping by that new oases.	-102.0	-102.5	-10.25	-10.25	True	False	morphology	determiner_noun_agreement	Write a natural, coherent English sentence.
774	23	Lori has approached these scared people.	Lori has approached this scared people.	-83.0	-83.0	-10.375	-10.375	False	False	morphology	determiner_noun_agreement	Write a natural, coherent English sentence.
775	23	Jodi wouldn't mess up those orange feet.	Jodi wouldn't mess up that orange feet.	-113.0	-113.5	-10.3125	-10.3125	True	False	morphology	determiner_noun_agreement	Write a natural, coherent English sentence.
776	23	This newspaper article will embarrass this determined child.	This newspaper article will embarrass these determined child.	-92.5	-92.5	-10.25	-10.25	False	False	morphology	determiner_noun_agreement	Write a natural, coherent English sentence.
777	23	A lot of guys conceal this long analysis.	A lot of guys conceal these long analysis.	-102.5	-103.0	-10.25	-10.25	True	False	morphology	determiner_noun_agreement	Write a natural, coherent English sentence.
778	23	Lawrence fired that serious woman.	Lawrence fired those serious woman.	-62.25	-62.5	-10.375	-10.375	True	False	morphology	determiner_noun_agreement	Write a natural, coherent English sentence.
779	23	This story didn't bore this serious man.	This story didn't bore these serious man.	-103.0	-103.0	-10.3125	-10.3125	False	False	morphology	determiner_noun_agreement	Write a natural, coherent English sentence.
780	23	Mary can't remember that clever person.	Mary can't remember those clever person.	-92.5	-92.5	-10.3125	-10.3125	False	False	morphology	determiner_noun_agreement	Write a natural, coherent English sentence.
781	23	Marie could listen to that big woman.	Marie could listen to those big woman.	-82.5	-82.5	-10.3125	-10.3125	False	False	morphology	determiner_noun_agreement	Write a natural, coherent English sentence.
782	23	Clyde had those exposed axes.	Clyde had that exposed axes.	-92.5	-93.0	-10.3125	-10.3125	True	False	morphology	determiner_noun_agreement	Write a natural, coherent English sentence.
783	23	Victoria has left these delighted men.	Victoria has left this delighted men.	-72.5	-72.5	-10.3125	-10.3125	False	False	morphology	determiner_noun_agreement	Write a natural, coherent English sentence.
784	23	The Impressionists disagree with those bad analyses.	The Impressionists disagree with that bad analyses.	-112.0	-112.0	-10.1875	-10.1875	False	False	morphology	determiner_noun_agreement	Write a natural, coherent English sentence.
785	23	Amy took that hidden fungus.	Amy took those hidden fungus.	-82.5	-82.5	-10.3125	-10.3125	False	False	morphology	determiner_noun_agreement	Write a natural, coherent English sentence.
786	23	Rose was fixing this hard foot.	Rose was fixing these hard foot.	-72.0	-72.5	-10.3125	-10.3125	True	False	morphology	determiner_noun_agreement	Write a natural, coherent English sentence.
787	23	Most dishes weren't astounding these scared men.	Most dishes weren't astounding this scared men.	-123.5	-123.5	-10.3125	-10.3125	False	False	morphology	determiner_noun_agreement	Write a natural, coherent English sentence.
788	23	The doctor sees those smooth cacti.	The doctor sees that smooth cacti.	-93.0	-93.0	-10.3125	-10.3125	False	False	morphology	determiner_noun_agreement	Write a natural, coherent English sentence.
789	23	Rodney hadn't cured these white octopi.	Rodney hadn't cured this white octopi.	-133.0	-133.0	-10.25	-10.25	False	False	morphology	determiner_noun_agreement	Write a natural, coherent English sentence.
790	23	This museum hadn't disgusted these troubled men.	This museum hadn't disgusted this troubled men.	-123.0	-123.0	-10.25	-10.25	False	False	morphology	determiner_noun_agreement	Write a natural, coherent English sentence.
791	23	Patrick complained about those scared men.	Patrick complained about that scared men.	-72.0	-72.0	-10.3125	-10.3125	False	False	morphology	determiner_noun_agreement	Write a natural, coherent English sentence.
792	23	Jacqueline should stun these determined alumni.	Jacqueline should stun this determined alumni.	-123.0	-123.0	-10.25	-10.25	False	False	morphology	determiner_noun_agreement	Write a natural, coherent English sentence.
793	23	All apples worry this serious man.	All apples worry these serious man.	-82.0	-82.5	-10.25	-10.3125	True	True	morphology	determiner_noun_agreement	Write a natural, coherent English sentence.
794	23	The drawing isn't scaring that old child.	The drawing isn't scaring those old child.	-113.5	-113.5	-10.3125	-10.3125	False	False	morphology	determiner_noun_agreement	Write a natural, coherent English sentence.
795	23	Veronica questioned this uncertain woman.	Veronica questioned these uncertain woman.	-82.0	-82.0	-10.25	-10.25	False	False	morphology	determiner_noun_agreement	Write a natural, coherent English sentence.
796	23	Vanessa hadn't known this determined alumnus.	Vanessa hadn't known these determined alumnus.	-122.0	-122.0	-10.1875	-10.1875	False	False	morphology	determiner_noun_agreement	Write a natural, coherent English sentence.
797	23	Cynthia hadn't kissed this unemployed man.	Cynthia hadn't kissed these unemployed man.	-133.0	-133.0	-10.1875	-10.1875	False	False	morphology	determiner_noun_agreement	Write a natural, coherent English sentence.
798	23	These companies irritate that exposed woman.	These companies irritate those exposed woman.	-82.5	-82.5	-10.3125	-10.3125	False	False	morphology	determiner_noun_agreement	Write a natural, coherent English sentence.
799	23	This dancer wasn't biking to this orange oasis.	This dancer wasn't biking to these orange oasis.	-144.0	-144.0	-10.25	-10.25	False	False	morphology	determiner_noun_agreement	Write a natural, coherent English sentence.
800	23	Those legislatures could disturb this upset alumnus.	Those legislatures could disturb these upset alumnus.	-112.5	-113.0	-10.25	-10.25	True	False	morphology	determiner_noun_agreement	Write a natural, coherent English sentence.
801	23	Some adult hasn't hidden these ill men.	Some adult hasn't hidden this ill men.	-103.0	-103.5	-10.3125	-10.3125	True	False	morphology	determiner_noun_agreement	Write a natural, coherent English sentence.
802	23	A cashier should insult these hidden children.	A cashier should insult this hidden children.	-93.0	-93.0	-10.3125	-10.3125	False	False	morphology	determiner_noun_agreement	Write a natural, coherent English sentence.
803	23	Danielle could annoy that confident man.	Danielle could annoy those confident man.	-82.0	-82.0	-10.25	-10.25	False	False	morphology	determiner_noun_agreement	Write a natural, coherent English sentence.
804	23	These teachers lift this exposed goose.	These teachers lift these exposed goose.	-82.5	-82.5	-10.3125	-10.3125	False	False	morphology	determiner_noun_agreement	Write a natural, coherent English sentence.
805	23	Christina drove to that exposed oasis.	Christina drove to those exposed oasis.	-92.0	-92.0	-10.25	-10.25	False	False	morphology	determiner_noun_agreement	Write a natural, coherent English sentence.
806	23	Jesus hadn't sounded like these hidden people.	Jesus hadn't sounded like this hidden people.	-102.5	-102.5	-10.25	-10.25	False	False	morphology	determiner_noun_agreement	Write a natural, coherent English sentence.
807	23	Many mushrooms irritate that upset man.	Many mushrooms irritate those upset man.	-92.0	-92.0	-10.25	-10.1875	False	False	morphology	determiner_noun_agreement	Write a natural, coherent English sentence.
808	23	Some committee bought those white lice.	Some committee bought that white lice.	-82.5	-82.5	-10.3125	-10.3125	False	False	morphology	determiner_noun_agreement	Write a natural, coherent English sentence.
809	23	Daniel hasn't known this determined man.	Daniel hasn't known these determined man.	-92.5	-92.5	-10.3125	-10.3125	False	False	morphology	determiner_noun_agreement	Write a natural, coherent English sentence.
810	23	Art hadn't scared these serious alumni.	Art hadn't scared this serious alumni.	-113.0	-113.0	-10.25	-10.3125	False	True	morphology	determiner_noun_agreement	Write a natural, coherent English sentence.
811	23	Alice fires this unconvinced child.	Alice fires these unconvinced child.	-93.0	-93.0	-10.3125	-10.3125	False	False	morphology	determiner_noun_agreement	Write a natural, coherent English sentence.
812	23	Melanie hid that exposed tooth.	Melanie hid those exposed tooth.	-71.5	-71.5	-10.25	-10.25	False	False	morphology	determiner_noun_agreement	Write a natural, coherent English sentence.
813	23	Most hamsters find that red tooth.	Most hamsters find those red tooth.	-82.5	-82.5	-10.3125	-10.3125	False	False	morphology	determiner_noun_agreement	Write a natural, coherent English sentence.
814	23	Those children explore those small oases.	Those children explore that small oases.	-82.0	-82.5	-10.25	-10.3125	True	True	morphology	determiner_noun_agreement	Write a natural, coherent English sentence.
815	23	Most museums listen to this troubled man.	Most museums listen to these troubled man.	-102.0	-102.0	-10.1875	-10.1875	False	False	morphology	determiner_noun_agreement	Write a natural, coherent English sentence.
816	23	Patrick embarrassed this unemployed person.	Patrick embarrassed these unemployed person.	-71.5	-71.5	-10.1875	-10.1875	False	False	morphology	determiner_noun_agreement	Write a natural, coherent English sentence.
817	23	A lot of icicles had alarmed that hidden woman.	A lot of icicles had alarmed those hidden woman.	-123.5	-123.5	-10.25	-10.3125	False	True	morphology	determiner_noun_agreement	Write a natural, coherent English sentence.
818	23	Matt hadn't impressed this exposed child.	Matt hadn't impressed these exposed child.	-93.5	-93.5	-10.375	-10.375	False	False	morphology	determiner_noun_agreement	Write a natural, coherent English sentence.
819	23	Eric might see those new feet.	Eric might see that new feet.	-72.5	-72.5	-10.375	-10.375	False	False	morphology	determiner_noun_agreement	Write a natural, coherent English sentence.
820	23	Some turtle can confuse this old alumnus.	Some turtle can confuse these old alumnus.	-133.0	-133.0	-10.1875	-10.1875	False	False	morphology	determiner_noun_agreement	Write a natural, coherent English sentence.
821	23	Most guests explore these smooth oases.	Most guests explore this smooth oases.	-82.5	-82.5	-10.3125	-10.3125	False	False	morphology	determiner_noun_agreement	Write a natural, coherent English sentence.
822	23	Brian has praised that happy alumnus.	Brian has praised those happy alumnus.	-92.5	-92.5	-10.3125	-10.25	False	False	morphology	determiner_noun_agreement	Write a natural, coherent English sentence.
823	23	Karen sees these ill lice.	Karen sees this ill lice.	-72.5	-72.5	-10.375	-10.375	False	False	morphology	determiner_noun_agreement	Write a natural, coherent English sentence.
824	23	Alicia doesn't observe this confident alumnus.	Alicia doesn't observe these confident alumnus.	-133.0	-133.0	-10.25	-10.25	False	False	morphology	determiner_noun_agreement	Write a natural, coherent English sentence.
825	23	That horse does find this lost octopus.	That horse does find these lost octopus.	-103.0	-103.0	-10.25	-10.25	False	False	morphology	determiner_noun_agreement	Write a natural, coherent English sentence.
826	23	Those customers haven't annoyed those delighted children.	Those customers haven't annoyed that delighted children.	-112.5	-112.5	-10.25	-10.25	False	False	morphology	determiner_noun_agreement	Write a natural, coherent English sentence.
827	23	The Great Lakes confused these hidden women.	The Great Lakes confused this hidden women.	-93.0	-93.0	-10.3125	-10.375	False	True	morphology	determiner_noun_agreement	Write a natural, coherent English sentence.
828	23	Russell watches these unsure women.	Russell watches this unsure women.	-72.5	-72.5	-10.3125	-10.375	False	True	morphology	determiner_noun_agreement	Write a natural, coherent English sentence.
829	23	Jacqueline has concealed these long synopses.	Jacqueline has concealed this long synopses.	-122.5	-122.5	-10.1875	-10.1875	False	False	morphology	determiner_noun_agreement	Write a natural, coherent English sentence.
830	23	Carrie isn't hiring this small woman.	Carrie isn't hiring these small woman.	-103.0	-103.0	-10.3125	-10.3125	False	False	morphology	determiner_noun_agreement	Write a natural, coherent English sentence.
831	23	Charles doesn't admire these big mice.	Charles doesn't admire this big mice.	-113.0	-113.0	-10.25	-10.25	False	False	morphology	determiner_noun_agreement	Write a natural, coherent English sentence.
832	23	The Impressionists might think about that white thesis.	The Impressionists might think about those white thesis.	-112.0	-112.5	-10.1875	-10.1875	True	False	morphology	determiner_noun_agreement	Write a natural, coherent English sentence.
833	23	Most men question those bad people.	Most men question that bad people.	-72.5	-72.5	-10.375	-10.375	False	False	morphology	determiner_noun_agreement	Write a natural, coherent English sentence.
834	23	Lissa hasn't left this upset woman.	Lissa hasn't left these upset woman.	-103.0	-103.0	-10.3125	-10.3125	False	False	morphology	determiner_noun_agreement	Write a natural, coherent English sentence.
835	23	Janice won't fire that determined child.	Janice won't fire those determined child.	-103.0	-103.0	-10.3125	-10.3125	False	False	morphology	determiner_noun_agreement	Write a natural, coherent English sentence.
836	23	This company criticized this lucky man.	This company criticized these lucky man.	-82.0	-82.0	-10.25	-10.25	False	False	morphology	determiner_noun_agreement	Write a natural, coherent English sentence.
837	23	The banks hurt that excited woman.	The banks hurt those excited woman.	-72.5	-72.5	-10.375	-10.375	False	False	morphology	determiner_noun_agreement	Write a natural, coherent English sentence.
838	23	Peter wasn't walking through those red oases.	Peter wasn't walking through that red oases.	-113.0	-113.0	-10.25	-10.25	False	False	morphology	determiner_noun_agreement	Write a natural, coherent English sentence.
839	23	Rebecca wasn't referencing this long synopsis.	Rebecca wasn't referencing these long synopsis.	-112.5	-113.0	-10.25	-10.25	True	False	morphology	determiner_noun_agreement	Write a natural, coherent English sentence.
840	23	Naomi notices this smooth octopus.	Naomi notices these smooth octopus.	-101.5	-101.5	-10.1875	-10.1875	False	False	morphology	determiner_noun_agreement	Write a natural, coherent English sentence.
841	23	Patrick conceals this hard stimulus.	Patrick conceals these hard stimulus.	-82.5	-82.5	-10.3125	-10.3125	False	False	morphology	determiner_noun_agreement	Write a natural, coherent English sentence.
842	23	Candice shouldn't bring those smooth feet.	Candice shouldn't bring that smooth feet.	-102.5	-103.0	-10.25	-10.25	True	False	morphology	determiner_noun_agreement	Write a natural, coherent English sentence.
843	23	All books sound like those content women.	All books sound like that content women.	-82.5	-82.5	-10.3125	-10.3125	False	False	morphology	determiner_noun_agreement	Write a natural, coherent English sentence.
844	23	Bethany hasn't arrived at this white oasis.	Bethany hasn't arrived at these white oasis.	-122.0	-122.0	-10.1875	-10.1875	False	False	morphology	determiner_noun_agreement	Write a natural, coherent English sentence.
845	23	Steve reveals these unemployed alumni.	Steve reveals this unemployed alumni.	-92.0	-92.0	-10.25	-10.25	False	False	morphology	determiner_noun_agreement	Write a natural, coherent English sentence.
846	23	Sonia was upsetting that ill woman.	Sonia was upsetting those ill woman.	-92.0	-92.0	-10.25	-10.25	False	False	morphology	determiner_noun_agreement	Write a natural, coherent English sentence.
847	23	Keith wasn't boring these delighted men.	Keith wasn't boring this delighted men.	-93.0	-93.0	-10.375	-10.375	False	False	morphology	determiner_noun_agreement	Write a natural, coherent English sentence.
848	23	The Borgias admire these hard mice.	The Borgias admire this hard mice.	-113.5	-114.0	-10.3125	-10.3125	True	False	morphology	determiner_noun_agreement	Write a natural, coherent English sentence.
849	23	These drivers had forgotten this good analysis.	These drivers had forgotten these good analysis.	-83.0	-83.0	-10.375	-10.375	False	False	morphology	determiner_noun_agreement	Write a natural, coherent English sentence.
850	23	Helen skates around this blue oasis.	Helen skates around these blue oasis.	-92.0	-92.0	-10.1875	-10.25	False	True	morphology	determiner_noun_agreement	Write a natural, coherent English sentence.
851	23	Galileo found that smooth stimulus.	Galileo found those smooth stimulus.	-92.0	-92.0	-10.1875	-10.25	False	True	morphology	determiner_noun_agreement	Write a natural, coherent English sentence.
852	23	Kimberley isn't curing these small octopi.	Kimberley isn't curing this small octopi.	-143.0	-143.0	-10.25	-10.25	False	False	morphology	determiner_noun_agreement	Write a natural, coherent English sentence.
853	23	Debra didn't conceal these popular men.	Debra didn't conceal this popular men.	-113.0	-113.0	-10.25	-10.25	False	False	morphology	determiner_noun_agreement	Write a natural, coherent English sentence.
854	23	A lot of doctors hug these scared children.	A lot of doctors hug this scared children.	-92.0	-92.0	-10.25	-10.25	False	False	morphology	determiner_noun_agreement	Write a natural, coherent English sentence.
855	23	Those pedestrians weren't fleeing from these concealed men.	Those pedestrians weren't fleeing from this concealed men.	-154.0	-154.0	-10.25	-10.25	False	False	morphology	determiner_noun_agreement	Write a natural, coherent English sentence.
856	23	Those children find that exposed thesis.	Those children find those exposed thesis.	-72.0	-72.0	-10.3125	-10.3125	False	False	morphology	determiner_noun_agreement	Write a natural, coherent English sentence.
857	23	Debra admires these blue octopi.	Debra admires this blue octopi.	-102.5	-102.5	-10.25	-10.25	False	False	morphology	determiner_noun_agreement	Write a natural, coherent English sentence.
858	23	Bruce wasn't approaching that clever alumnus.	Bruce wasn't approaching those clever alumnus.	-113.0	-113.0	-10.25	-10.25	False	False	morphology	determiner_noun_agreement	Write a natural, coherent English sentence.
859	23	Lawrence isn't questioning that nice woman.	Lawrence isn't questioning those nice woman.	-93.0	-93.0	-10.3125	-10.3125	False	False	morphology	determiner_noun_agreement	Write a natural, coherent English sentence.
860	23	Some waitresses have this big octopus.	Some waitresses have these big octopus.	-111.5	-111.5	-10.125	-10.125	False	False	morphology	determiner_noun_agreement	Write a natural, coherent English sentence.
861	23	Carolyn had embarrassed that busy alumnus.	Carolyn had embarrassed those busy alumnus.	-102.5	-102.5	-10.25	-10.25	False	False	morphology	determiner_noun_agreement	Write a natural, coherent English sentence.
862	23	Jeffrey aggravated that smart man.	Jeffrey aggravated those smart man.	-92.0	-91.5	-10.1875	-10.1875	False	False	morphology	determiner_noun_agreement	Write a natural, coherent English sentence.
863	23	Guy messed up this yellow foot.	Guy messed up these yellow foot.	-82.0	-82.0	-10.25	-10.25	False	False	morphology	determiner_noun_agreement	Write a natural, coherent English sentence.
864	23	Every book is embarrassing this small woman.	Every book is embarrassing these small woman.	-92.5	-92.5	-10.3125	-10.3125	False	False	morphology	determiner_noun_agreement	Write a natural, coherent English sentence.
865	23	These associations were talking about these scared women.	These associations were talking about this scared women.	-92.5	-92.5	-10.25	-10.25	False	False	morphology	determiner_noun_agreement	Write a natural, coherent English sentence.
866	23	Todd disturbs this upset child.	Todd disturbs these upset child.	-82.0	-82.5	-10.25	-10.3125	True	True	morphology	determiner_noun_agreement	Write a natural, coherent English sentence.
867	23	That window alarms these exposed women.	That window alarms this exposed women.	-82.5	-83.0	-10.3125	-10.375	True	True	morphology	determiner_noun_agreement	Write a natural, coherent English sentence.
868	23	A window upsets these upset men.	A window upsets this upset men.	-82.5	-82.5	-10.3125	-10.3125	False	False	morphology	determiner_noun_agreement	Write a natural, coherent English sentence.
869	23	Monet is fixing that brown foot.	Monet is fixing those brown foot.	-82.5	-82.5	-10.3125	-10.3125	False	False	morphology	determiner_noun_agreement	Write a natural, coherent English sentence.
870	23	Adam left these big alumni.	Adam left this big alumni.	-82.0	-82.0	-10.25	-10.25	False	False	morphology	determiner_noun_agreement	Write a natural, coherent English sentence.
871	23	Stacy can exit that big oasis.	Stacy can exit those big oasis.	-93.0	-93.0	-10.3125	-10.3125	False	False	morphology	determiner_noun_agreement	Write a natural, coherent English sentence.
872	23	Roger was returning to those happy alumni.	Roger was returning to that happy alumni.	-102.5	-102.5	-10.25	-10.25	False	False	morphology	determiner_noun_agreement	Write a natural, coherent English sentence.
873	23	Dana isn't investigating this ill woman.	Dana isn't investigating these ill woman.	-113.0	-113.5	-10.3125	-10.3125	True	False	morphology	determiner_noun_agreement	Write a natural, coherent English sentence.
874	23	Tammy has those yellow axes.	Tammy has that yellow axes.	-82.0	-82.0	-10.25	-10.25	False	False	morphology	determiner_noun_agreement	Write a natural, coherent English sentence.
875	23	Marla leaves those employed children.	Marla leaves that employed children.	-72.5	-72.5	-10.375	-10.3125	False	False	morphology	determiner_noun_agreement	Write a natural, coherent English sentence.
876	23	Sarah referenced that ill child.	Sarah referenced those ill child.	-72.0	-71.5	-10.25	-10.25	False	False	morphology	determiner_noun_agreement	Write a natural, coherent English sentence.
877	23	Edward complained about this serious child.	Edward complained about these serious child.	-72.0	-72.0	-10.25	-10.25	False	False	morphology	determiner_noun_agreement	Write a natural, coherent English sentence.
878	23	Carolyn healed those bad women.	Carolyn healed that bad women.	-82.5	-82.5	-10.3125	-10.3125	False	False	morphology	determiner_noun_agreement	Write a natural, coherent English sentence.
879	23	The waitresses fired those upset alumni.	The waitresses fired that upset alumni.	-112.0	-112.0	-10.1875	-10.1875	False	False	morphology	determiner_noun_agreement	Write a natural, coherent English sentence.
880	23	Every driver dropped by that old oasis.	Every driver dropped by those old oasis.	-92.5	-92.5	-10.3125	-10.3125	False	False	morphology	determiner_noun_agreement	Write a natural, coherent English sentence.
881	23	William hadn't hugged these hopeful alumni.	William hadn't hugged this hopeful alumni.	-133.0	-133.0	-10.1875	-10.1875	False	False	morphology	determiner_noun_agreement	Write a natural, coherent English sentence.
882	23	The Lutherans had messed up those lost feet.	The Lutherans had messed up that lost feet.	-113.0	-113.0	-10.25	-10.25	False	False	morphology	determiner_noun_agreement	Write a natural, coherent English sentence.
883	23	Florence hasn't confused those standing men.	Florence hasn't confused that standing men.	-93.0	-93.0	-10.3125	-10.3125	False	False	morphology	determiner_noun_agreement	Write a natural, coherent English sentence.
884	23	Some convertible upset this upset woman.	Some convertible upset these upset woman.	-82.0	-82.0	-10.25	-10.25	False	False	morphology	determiner_noun_agreement	Write a natural, coherent English sentence.
885	23	Rebecca saw this hidden foot.	Rebecca saw these hidden foot.	-62.0	-61.75	-10.3125	-10.3125	False	False	morphology	determiner_noun_agreement	Write a natural, coherent English sentence.
886	23	Derek returned to these content men.	Derek returned to this content men.	-83.0	-83.0	-10.375	-10.375	False	False	morphology	determiner_noun_agreement	Write a natural, coherent English sentence.
887	23	Those teachers love those hidden women.	Those teachers love that hidden women.	-72.5	-72.5	-10.375	-10.375	False	False	morphology	determiner_noun_agreement	Write a natural, coherent English sentence.
888	23	Jennifer worried those ill men.	Jennifer worried that ill men.	-62.0	-62.0	-10.375	-10.375	False	False	morphology	determiner_noun_agreement	Write a natural, coherent English sentence.
889	23	A chair was stunning this big man.	A chair was stunning these big man.	-83.0	-83.0	-10.375	-10.375	False	False	morphology	determiner_noun_agreement	Write a natural, coherent English sentence.
890	23	Paintings looked like that gray thesis.	Paintings looked like those gray thesis.	-93.0	-93.0	-10.3125	-10.3125	False	False	morphology	determiner_noun_agreement	Write a natural, coherent English sentence.
891	23	Karla toured this rough oasis.	Karla toured these rough oasis.	-93.0	-92.5	-10.3125	-10.3125	False	False	morphology	determiner_noun_agreement	Write a natural, coherent English sentence.
892	23	Walter couldn't boycott those hidden oases.	Walter couldn't boycott that hidden oases.	-113.0	-113.0	-10.25	-10.3125	False	True	morphology	determiner_noun_agreement	Write a natural, coherent English sentence.
893	23	Donald has worried this smart man.	Donald has worried these smart man.	-72.5	-72.5	-10.3125	-10.3125	False	False	morphology	determiner_noun_agreement	Write a natural, coherent English sentence.
894	23	Catherine has boycotted those gray oases.	Catherine has boycotted that gray oases.	-103.5	-103.5	-10.375	-10.3125	False	False	morphology	determiner_noun_agreement	Write a natural, coherent English sentence.
895	23	Nicole toured those yellow oases.	Nicole toured that yellow oases.	-82.5	-82.5	-10.3125	-10.3125	False	False	morphology	determiner_noun_agreement	Write a natural, coherent English sentence.
896	23	Barbara praises that young woman.	Barbara praises those young woman.	-72.0	-72.0	-10.3125	-10.3125	False	False	morphology	determiner_noun_agreement	Write a natural, coherent English sentence.
897	23	The apple aggravates those hopeful children.	The apple aggravates that hopeful children.	-102.0	-102.0	-10.1875	-10.1875	False	False	morphology	determiner_noun_agreement	Write a natural, coherent English sentence.
898	23	All photographs could look like this big fungus.	All photographs could look like these big fungus.	-113.0	-113.0	-10.25	-10.25	False	False	morphology	determiner_noun_agreement	Write a natural, coherent English sentence.
899	23	Guys should talk about that good synopsis.	Guys should talk about those good synopsis.	-102.5	-102.0	-10.25	-10.1875	False	False	morphology	determiner_noun_agreement	Write a natural, coherent English sentence.
900	23	Tracy discovered this concealed alumnus.	Tracy discovered these concealed alumnus.	-102.5	-102.5	-10.25	-10.25	False	False	morphology	determiner_noun_agreement	Write a natural, coherent English sentence.
901	23	All actresses are helping this troubled man.	All actresses are helping these troubled man.	-101.5	-101.5	-10.125	-10.125	False	False	morphology	determiner_noun_agreement	Write a natural, coherent English sentence.
902	23	Douglas isn't revealing this dirty foot.	Douglas isn't revealing these dirty foot.	-93.0	-93.0	-10.3125	-10.3125	False	False	morphology	determiner_noun_agreement	Write a natural, coherent English sentence.
903	23	Most senators confuse that standing child.	Most senators confuse those standing child.	-93.0	-93.0	-10.3125	-10.3125	False	False	morphology	determiner_noun_agreement	Write a natural, coherent English sentence.
904	23	Those doctors embarrass that upset woman.	Those doctors embarrass those upset woman.	-72.0	-72.5	-10.3125	-10.375	True	True	morphology	determiner_noun_agreement	Write a natural, coherent English sentence.
905	23	A lot of customers were healing those sick men.	A lot of customers were healing that sick men.	-102.5	-102.5	-10.25	-10.25	False	False	morphology	determiner_noun_agreement	Write a natural, coherent English sentence.
906	23	Sabrina does conceal these old alumni.	Sabrina does conceal this old alumni.	-123.0	-123.0	-10.25	-10.25	False	False	morphology	determiner_noun_agreement	Write a natural, coherent English sentence.
907	23	Many girls can't observe those young alumni.	Many girls can't observe that young alumni.	-124.0	-124.0	-10.3125	-10.3125	False	False	morphology	determiner_noun_agreement	Write a natural, coherent English sentence.
908	23	The actresses hire that lucky man.	The actresses hire those lucky man.	-82.0	-82.0	-10.25	-10.25	False	False	morphology	determiner_noun_agreement	Write a natural, coherent English sentence.
909	23	Andrea is firing that scared child.	Andrea is firing those scared child.	-72.0	-72.5	-10.3125	-10.375	True	True	morphology	determiner_noun_agreement	Write a natural, coherent English sentence.
910	23	That dancer scanned that bad synopsis.	That dancer scanned those bad synopsis.	-103.0	-103.0	-10.3125	-10.3125	False	False	morphology	determiner_noun_agreement	Write a natural, coherent English sentence.
911	23	Daniel breaks these dirty teeth.	Daniel breaks this dirty teeth.	-61.75	-62.0	-10.3125	-10.3125	True	False	morphology	determiner_noun_agreement	Write a natural, coherent English sentence.
912	23	Students had messed up those purple teeth.	Students had messed up that purple teeth.	-92.5	-92.5	-10.3125	-10.3125	False	False	morphology	determiner_noun_agreement	Write a natural, coherent English sentence.
913	23	Becky boycotted those old oases.	Becky boycotted that old oases.	-102.5	-103.0	-10.25	-10.25	True	False	morphology	determiner_noun_agreement	Write a natural, coherent English sentence.
914	23	Florence talks to those good women.	Florence talks to that good women.	-72.5	-72.5	-10.375	-10.375	False	False	morphology	determiner_noun_agreement	Write a natural, coherent English sentence.
915	23	Carmen won't break this big foot.	Carmen won't break these big foot.	-103.0	-103.0	-10.3125	-10.3125	False	False	morphology	determiner_noun_agreement	Write a natural, coherent English sentence.
916	23	Stephen fired those employed men.	Stephen fired that employed men.	-62.25	-62.25	-10.375	-10.375	False	False	morphology	determiner_noun_agreement	Write a natural, coherent English sentence.
917	23	Many governments confuse this sick woman.	Many governments confuse these sick woman.	-82.5	-82.5	-10.3125	-10.3125	False	False	morphology	determiner_noun_agreement	Write a natural, coherent English sentence.
918	23	Heidi healed this troubled child.	Heidi healed these troubled child.	-92.0	-91.5	-10.1875	-10.1875	False	False	morphology	determiner_noun_agreement	Write a natural, coherent English sentence.
919	23	Daniel questions these employed alumni.	Daniel questions this employed alumni.	-82.5	-82.5	-10.3125	-10.3125	False	False	morphology	determiner_noun_agreement	Write a natural, coherent English sentence.
920	23	People admire these yellow oxen.	People admire this yellow oxen.	-82.0	-82.0	-10.25	-10.25	False	False	morphology	determiner_noun_agreement	Write a natural, coherent English sentence.
921	23	Those adults embarrasses this displeased woman.	Those adults embarrasses these displeased woman.	-102.5	-102.5	-10.25	-10.25	False	False	morphology	determiner_noun_agreement	Write a natural, coherent English sentence.
922	23	Winston Churchill notices these big nuclei.	Winston Churchill notices this big nuclei.	-112.0	-112.0	-10.1875	-10.1875	False	False	morphology	determiner_noun_agreement	Write a natural, coherent English sentence.
923	23	All women hide those concealed nuclei.	All women hide that concealed nuclei.	-92.5	-92.5	-10.3125	-10.3125	False	False	morphology	determiner_noun_agreement	Write a natural, coherent English sentence.
924	23	Charles was escaping from those lucky men.	Charles was escaping from that lucky men.	-92.5	-92.5	-10.25	-10.3125	False	True	morphology	determiner_noun_agreement	Write a natural, coherent English sentence.
925	23	Paul doesn't insult this happy woman.	Paul doesn't insult these happy woman.	-93.0	-93.0	-10.3125	-10.3125	False	False	morphology	determiner_noun_agreement	Write a natural, coherent English sentence.
926	23	Galileo isn't scanning this brown thesis.	Galileo isn't scanning these brown thesis.	-123.0	-123.0	-10.25	-10.25	False	False	morphology	determiner_noun_agreement	Write a natural, coherent English sentence.
927	23	The newspaper article doesn't annoy that exposed man.	The newspaper article doesn't annoy those exposed man.	-113.0	-113.0	-10.3125	-10.25	False	False	morphology	determiner_noun_agreement	Write a natural, coherent English sentence.
928	23	Carmen noticed these gray cacti.	Carmen noticed this gray cacti.	-92.5	-92.5	-10.25	-10.25	False	False	morphology	determiner_noun_agreement	Write a natural, coherent English sentence.
929	23	Teresa approaches this upset man.	Teresa approaches these upset man.	-72.0	-72.0	-10.25	-10.25	False	False	morphology	determiner_noun_agreement	Write a natural, coherent English sentence.
930	23	April was revealing this hidden woman.	April was revealing these hidden woman.	-72.0	-72.0	-10.3125	-10.3125	False	False	morphology	determiner_noun_agreement	Write a natural, coherent English sentence.
931	23	Michael has loved these scared men.	Michael has loved this scared men.	-72.5	-72.5	-10.375	-10.375	False	False	morphology	determiner_noun_agreement	Write a natural, coherent English sentence.
932	23	Joseph hadn't bought those hard lice.	Joseph hadn't bought that hard lice.	-103.0	-103.0	-10.3125	-10.3125	False	False	morphology	determiner_noun_agreement	Write a natural, coherent English sentence.
933	23	Larry did drive to this out in the open oasis.	Larry did drive to these out in the open oasis.	-123.0	-123.5	-10.25	-10.25	True	False	morphology	determiner_noun_agreement	Write a natural, coherent English sentence.
934	23	Lisa hasn't driven to that new oasis.	Lisa hasn't driven to those new oasis.	-112.0	-112.5	-10.1875	-10.1875	True	False	morphology	determiner_noun_agreement	Write a natural, coherent English sentence.
935	23	Steve scanned this good synopsis.	Steve scanned these good synopsis.	-82.0	-82.0	-10.25	-10.25	False	False	morphology	determiner_noun_agreement	Write a natural, coherent English sentence.
936	23	The Lutherans care for those hopeful men.	The Lutherans care for that hopeful men.	-102.5	-102.5	-10.25	-10.25	False	False	morphology	determiner_noun_agreement	Write a natural, coherent English sentence.
937	23	Christine bikes to these orange oases.	Christine bikes to this orange oases.	-103.0	-102.5	-10.25	-10.25	False	False	morphology	determiner_noun_agreement	Write a natural, coherent English sentence.
938	23	Most actors distracted this popular woman.	Most actors distracted these popular woman.	-83.0	-83.0	-10.375	-10.375	False	False	morphology	determiner_noun_agreement	Write a natural, coherent English sentence.
939	23	Emily should observe those displeased men.	Emily should observe that displeased men.	-92.5	-92.5	-10.3125	-10.3125	False	False	morphology	determiner_noun_agreement	Write a natural, coherent English sentence.
940	23	The drivers do sell this green thesis.	The drivers do sell these green thesis.	-82.5	-82.5	-10.3125	-10.3125	False	False	morphology	determiner_noun_agreement	Write a natural, coherent English sentence.
941	23	Most drivers love these unemployed men.	Most drivers love this unemployed men.	-82.5	-82.5	-10.3125	-10.3125	False	False	morphology	determiner_noun_agreement	Write a natural, coherent English sentence.
942	23	Those doctors care for this hopeful man.	Those doctors care for these hopeful man.	-92.0	-92.0	-10.25	-10.25	False	False	morphology	determiner_noun_agreement	Write a natural, coherent English sentence.
943	23	Brad kisses that displeased man.	Brad kisses those displeased man.	-92.5	-92.5	-10.25	-10.25	False	False	morphology	determiner_noun_agreement	Write a natural, coherent English sentence.
944	23	Danielle had argued about those troubled men.	Danielle had argued about that troubled men.	-102.0	-102.0	-10.1875	-10.25	False	True	morphology	determiner_noun_agreement	Write a natural, coherent English sentence.
945	23	An actor is disgusting those unsure men.	An actor is disgusting that unsure men.	-103.0	-103.0	-10.25	-10.3125	False	True	morphology	determiner_noun_agreement	Write a natural, coherent English sentence.
946	23	Galileo didn't hurt those displeased children.	Galileo didn't hurt that displeased children.	-133.0	-133.0	-10.1875	-10.25	False	True	morphology	determiner_noun_agreement	Write a natural, coherent English sentence.
947	23	Omar messed up these small teeth.	Omar messed up this small teeth.	-92.0	-92.0	-10.25	-10.25	False	False	morphology	determiner_noun_agreement	Write a natural, coherent English sentence.
948	23	Carmen will watch this smart person.	Carmen will watch these smart person.	-82.5	-82.5	-10.3125	-10.3125	False	False	morphology	determiner_noun_agreement	Write a natural, coherent English sentence.
949	23	Jeffrey hid that unlucky child.	Jeffrey hid those unlucky child.	-92.0	-92.0	-10.25	-10.1875	False	False	morphology	determiner_noun_agreement	Write a natural, coherent English sentence.
950	23	Every plane bothers this upset child.	Every plane bothers these upset child.	-82.0	-82.0	-10.25	-10.25	False	False	morphology	determiner_noun_agreement	Write a natural, coherent English sentence.
951	23	A lot of hospitals have those blue teeth.	A lot of hospitals have that blue teeth.	-92.5	-92.5	-10.25	-10.25	False	False	morphology	determiner_noun_agreement	Write a natural, coherent English sentence.
952	23	Nancy wasn't disturbing that clever man.	Nancy wasn't disturbing those clever man.	-103.0	-103.0	-10.25	-10.25	False	False	morphology	determiner_noun_agreement	Write a natural, coherent English sentence.
953	23	These ladies bought that white tooth.	These ladies bought those white tooth.	-72.5	-72.0	-10.3125	-10.3125	False	False	morphology	determiner_noun_agreement	Write a natural, coherent English sentence.
954	23	Every skirt annoys that confident person.	Every skirt annoys those confident person.	-93.0	-93.0	-10.3125	-10.3125	False	False	morphology	determiner_noun_agreement	Write a natural, coherent English sentence.
955	23	These actors weren't biking to these red oases.	These actors weren't biking to this red oases.	-134.0	-134.0	-10.3125	-10.25	False	False	morphology	determiner_noun_agreement	Write a natural, coherent English sentence.
956	23	Carmen has described those confident people.	Carmen has described that confident people.	-82.5	-82.5	-10.3125	-10.3125	False	False	morphology	determiner_noun_agreement	Write a natural, coherent English sentence.
957	23	All legislatures criticize that brown oasis.	All legislatures criticize those brown oasis.	-102.5	-102.5	-10.25	-10.25	False	False	morphology	determiner_noun_agreement	Write a natural, coherent English sentence.
958	23	Paula works with that clever person.	Paula works with those clever person.	-82.5	-82.5	-10.3125	-10.3125	False	False	morphology	determiner_noun_agreement	Write a natural, coherent English sentence.
959	23	Benjamin respects those confident children.	Benjamin respects that confident children.	-72.5	-73.0	-10.375	-10.375	True	False	morphology	determiner_noun_agreement	Write a natural, coherent English sentence.
960	23	Mitchell attacked these unsure alumni.	Mitchell attacked this unsure alumni.	-92.5	-92.5	-10.25	-10.3125	False	True	morphology	determiner_noun_agreement	Write a natural, coherent English sentence.
961	23	The Lutherans hadn't cleaned these broken teeth.	The Lutherans hadn't cleaned this broken teeth.	-113.0	-113.0	-10.25	-10.25	False	False	morphology	determiner_noun_agreement	Write a natural, coherent English sentence.
962	23	A lot of children observe that young child.	A lot of children observe those young child.	-92.0	-92.0	-10.25	-10.25	False	False	morphology	determiner_noun_agreement	Write a natural, coherent English sentence.
963	23	Gary hadn't sounded like this out in the open oasis.	Gary hadn't sounded like these out in the open oasis.	-143.0	-143.0	-10.25	-10.25	False	False	morphology	determiner_noun_agreement	Write a natural, coherent English sentence.
964	23	That fish annoyed this serious alumnus.	That fish annoyed these serious alumnus.	-102.0	-102.0	-10.25	-10.1875	False	False	morphology	determiner_noun_agreement	Write a natural, coherent English sentence.
965	23	Spotlights worry those standing people.	Spotlights worry that standing people.	-72.0	-72.0	-10.3125	-10.3125	False	False	morphology	determiner_noun_agreement	Write a natural, coherent English sentence.
966	23	Rodney returned to these content alumni.	Rodney returned to this content alumni.	-102.5	-102.0	-10.25	-10.25	False	False	morphology	determiner_noun_agreement	Write a natural, coherent English sentence.
967	23	Bruce references this unemployed child.	Bruce references these unemployed child.	-72.0	-72.0	-10.3125	-10.25	False	False	morphology	determiner_noun_agreement	Write a natural, coherent English sentence.
968	23	Many museums criticize this bad analysis.	Many museums criticize these bad analysis.	-92.0	-92.0	-10.1875	-10.1875	False	False	morphology	determiner_noun_agreement	Write a natural, coherent English sentence.
969	23	Danielle knows that concealed man.	Danielle knows those concealed man.	-82.0	-82.5	-10.25	-10.3125	True	True	morphology	determiner_noun_agreement	Write a natural, coherent English sentence.
970	23	Katherine sells that smooth oasis.	Katherine sells those smooth oasis.	-92.5	-92.0	-10.25	-10.25	False	False	morphology	determiner_noun_agreement	Write a natural, coherent English sentence.
971	23	Meredith hadn't scared these clever people.	Meredith hadn't scared this clever people.	-113.0	-113.0	-10.25	-10.3125	False	True	morphology	determiner_noun_agreement	Write a natural, coherent English sentence.
972	23	Walter biked to these gray oases.	Walter biked to this gray oases.	-103.5	-103.0	-10.3125	-10.3125	False	False	morphology	determiner_noun_agreement	Write a natural, coherent English sentence.
973	23	Phillip has investigated this unemployed man.	Phillip has investigated these unemployed man.	-92.0	-92.0	-10.25	-10.25	False	False	morphology	determiner_noun_agreement	Write a natural, coherent English sentence.
974	23	Alice knows that ill woman.	Alice knows those ill woman.	-62.0	-62.0	-10.3125	-10.375	False	True	morphology	determiner_noun_agreement	Write a natural, coherent English sentence.
975	23	Daniel bothered that unemployed alumnus.	Daniel bothered those unemployed alumnus.	-92.0	-92.0	-10.1875	-10.1875	False	False	morphology	determiner_noun_agreement	Write a natural, coherent English sentence.
976	23	Some children notice this black thesis.	Some children notice these black thesis.	-72.0	-72.0	-10.3125	-10.3125	False	False	morphology	determiner_noun_agreement	Write a natural, coherent English sentence.
977	23	George has alarmed these unemployed children.	George has alarmed this unemployed children.	-92.0	-92.5	-10.25	-10.25	True	False	morphology	determiner_noun_agreement	Write a natural, coherent English sentence.
978	23	Sarah won't drive to this concealed oasis.	Sarah won't drive to these concealed oasis.	-123.0	-123.0	-10.25	-10.25	False	False	morphology	determiner_noun_agreement	Write a natural, coherent English sentence.
979	23	Grace arrived at those small oases.	Grace arrived at that small oases.	-82.0	-82.0	-10.25	-10.25	False	False	morphology	determiner_noun_agreement	Write a natural, coherent English sentence.
980	23	David kisses that lucky man.	David kisses those lucky man.	-71.5	-71.5	-10.25	-10.1875	False	False	morphology	determiner_noun_agreement	Write a natural, coherent English sentence.
981	23	Laura isn't lifting this smooth axis.	Laura isn't lifting these smooth axis.	-92.5	-93.0	-10.3125	-10.3125	True	False	morphology	determiner_noun_agreement	Write a natural, coherent English sentence.
982	23	Mark embarrassed these confident children.	Mark embarrassed this confident children.	-62.0	-62.25	-10.375	-10.375	True	False	morphology	determiner_noun_agreement	Write a natural, coherent English sentence.
983	23	Patients bothers this employed man.	Patients bothers these employed man.	-82.0	-82.0	-10.25	-10.25	False	False	morphology	determiner_noun_agreement	Write a natural, coherent English sentence.
984	23	Christopher has criticized this bad synopsis.	Christopher has criticized these bad synopsis.	-92.0	-92.0	-10.1875	-10.1875	False	False	morphology	determiner_noun_agreement	Write a natural, coherent English sentence.
985	23	Todd hadn't gone to this cheap oasis.	Todd hadn't gone to these cheap oasis.	-113.0	-113.0	-10.25	-10.25	False	False	morphology	determiner_noun_agreement	Write a natural, coherent English sentence.
986	23	Becca does investigate this lucky alumnus.	Becca does investigate these lucky alumnus.	-102.5	-102.5	-10.25	-10.25	False	False	morphology	determiner_noun_agreement	Write a natural, coherent English sentence.
987	23	Sabrina visits those fast women.	Sabrina visits that fast women.	-82.0	-82.0	-10.25	-10.25	False	False	morphology	determiner_noun_agreement	Write a natural, coherent English sentence.
988	23	Janet knew those unconvinced children.	Janet knew that unconvinced children.	-103.0	-102.5	-10.3125	-10.25	False	False	morphology	determiner_noun_agreement	Write a natural, coherent English sentence.
989	23	Christine hated this young man.	Christine hated these young man.	-72.5	-72.5	-10.3125	-10.3125	False	False	morphology	determiner_noun_agreement	Write a natural, coherent English sentence.
990	23	Chad hadn't complained about these big oases.	Chad hadn't complained about this big oases.	-123.0	-123.0	-10.25	-10.25	False	False	morphology	determiner_noun_agreement	Write a natural, coherent English sentence.
991	23	Many bikes stun that nice man.	Many bikes stun those nice man.	-93.0	-93.0	-10.375	-10.375	False	False	morphology	determiner_noun_agreement	Write a natural, coherent English sentence.
992	23	William hasn't investigated these fast men.	William hasn't investigated this fast men.	-93.0	-93.0	-10.3125	-10.3125	False	False	morphology	determiner_noun_agreement	Write a natural, coherent English sentence.
993	23	Kristin couldn't research these smooth oases.	Kristin couldn't research this smooth oases.	-113.5	-113.5	-10.3125	-10.3125	False	False	morphology	determiner_noun_agreement	Write a natural, coherent English sentence.
994	23	Travis arrives at these old oases.	Travis arrives at this old oases.	-92.5	-92.5	-10.25	-10.25	False	False	morphology	determiner_noun_agreement	Write a natural, coherent English sentence.
995	23	Many boys drive to this yellow oasis.	Many boys drive to these yellow oasis.	-93.0	-93.0	-10.3125	-10.3125	False	False	morphology	determiner_noun_agreement	Write a natural, coherent English sentence.
996	23	Danielle won't heal those unlucky people.	Danielle won't heal that unlucky people.	-123.0	-123.0	-10.25	-10.25	False	False	morphology	determiner_noun_agreement	Write a natural, coherent English sentence.
997	23	Sabrina wouldn't go to that new oasis.	Sabrina wouldn't go to those new oasis.	-133.0	-133.0	-10.1875	-10.1875	False	False	morphology	determiner_noun_agreement	Write a natural, coherent English sentence.
998	23	This movie theater annoys these lucky alumni.	This movie theater annoys this lucky alumni.	-123.0	-123.0	-10.25	-10.25	False	False	morphology	determiner_noun_agreement	Write a natural, coherent English sentence.
999	23	Stacy doesn't appreciate that out in the open woman.	Stacy doesn't appreciate those out in the open woman.	-134.0	-134.0	-10.3125	-10.3125	False	False	morphology	determiner_noun_agreement	Write a natural, coherent English sentence.
0	24	Alexander didn't walk through that new oasis.	Alexander didn't walk through those new oasis.	-112.0	-112.5	-10.1875	-10.25	True	True	morphology	determiner_noun_agreement	Write a natural, coherent English sentence.
1	24	This hair irritates these old alumni.	This hair irritates this old alumni.	-102.5	-102.5	-10.25	-10.25	False	False	morphology	determiner_noun_agreement	Write a natural, coherent English sentence.
2	24	Winston Churchill was escaping from this serious person.	Winston Churchill was escaping from these serious person.	-122.0	-122.0	-10.125	-10.1875	False	True	morphology	determiner_noun_agreement	Write a natural, coherent English sentence.
3	24	Anna walks through these purple oases.	Anna walks through this purple oases.	-82.0	-82.0	-10.25	-10.25	False	False	morphology	determiner_noun_agreement	Write a natural, coherent English sentence.
4	24	Alicia sounded like this good analysis.	Alicia sounded like these good analysis.	-92.0	-92.5	-10.25	-10.25	True	False	morphology	determiner_noun_agreement	Write a natural, coherent English sentence.
5	24	Jeffrey might complain about this gray thesis.	Jeffrey might complain about these gray thesis.	-91.0	-91.5	-10.125	-10.125	True	False	morphology	determiner_noun_agreement	Write a natural, coherent English sentence.
6	24	Meredith approaches these concealed women.	Meredith approaches this concealed women.	-92.5	-92.0	-10.25	-10.25	False	False	morphology	determiner_noun_agreement	Write a natural, coherent English sentence.
7	24	Julia questioned those small children.	Julia questioned that small children.	-62.25	-62.25	-10.375	-10.375	False	False	morphology	determiner_noun_agreement	Write a natural, coherent English sentence.
8	24	That adult has brought that purple octopus.	That adult has brought those purple octopus.	-102.5	-102.0	-10.25	-10.1875	False	False	morphology	determiner_noun_agreement	Write a natural, coherent English sentence.
9	24	The people hug this displeased woman.	The people hug these displeased woman.	-92.0	-92.5	-10.25	-10.25	True	False	morphology	determiner_noun_agreement	Write a natural, coherent English sentence.
10	24	That beef did bore these displeased people.	That beef did bore this displeased people.	-103.0	-103.0	-10.3125	-10.3125	False	False	morphology	determiner_noun_agreement	Write a natural, coherent English sentence.
11	24	These libraries talk about these long synopses.	These libraries talk about this long synopses.	-102.0	-102.0	-10.1875	-10.1875	False	False	morphology	determiner_noun_agreement	Write a natural, coherent English sentence.
12	24	Lori wasn't hiring those delighted men.	Lori wasn't hiring that delighted men.	-103.5	-103.5	-10.375	-10.375	False	False	morphology	determiner_noun_agreement	Write a natural, coherent English sentence.
13	24	The teachers are running around this concealed oasis.	The teachers are running around these concealed oasis.	-113.0	-113.0	-10.25	-10.25	False	False	morphology	determiner_noun_agreement	Write a natural, coherent English sentence.
14	24	Those bananas embarrass these delighted people.	Those bananas embarrass this delighted people.	-82.0	-82.0	-10.25	-10.25	False	False	morphology	determiner_noun_agreement	Write a natural, coherent English sentence.
15	24	Mitchell brought those green oases.	Mitchell brought that green oases.	-72.0	-72.0	-10.3125	-10.3125	False	False	morphology	determiner_noun_agreement	Write a natural, coherent English sentence.
16	24	The actresses complain about this rough thesis.	The actresses complain about these rough thesis.	-91.5	-91.5	-10.1875	-10.1875	False	False	morphology	determiner_noun_agreement	Write a natural, coherent English sentence.
17	24	Russell investigates these fast women.	Russell investigates this fast women.	-72.0	-72.5	-10.3125	-10.3125	True	False	morphology	determiner_noun_agreement	Write a natural, coherent English sentence.
18	24	Irene praised those bad synopses.	Irene praised that bad synopses.	-92.5	-92.5	-10.25	-10.3125	False	True	morphology	determiner_noun_agreement	Write a natural, coherent English sentence.
19	24	Denise did confuse that important woman.	Denise did confuse those important woman.	-92.0	-92.0	-10.1875	-10.25	False	True	morphology	determiner_noun_agreement	Write a natural, coherent English sentence.
20	24	Some patients dislike those nice women.	Some patients dislike that nice women.	-82.0	-82.5	-10.25	-10.3125	True	True	morphology	determiner_noun_agreement	Write a natural, coherent English sentence.
21	24	Amelia wasn't observing this hopeful man.	Amelia wasn't observing these hopeful man.	-122.5	-122.5	-10.1875	-10.1875	False	False	morphology	determiner_noun_agreement	Write a natural, coherent English sentence.
22	24	Grace is hugging these popular women.	Grace is hugging this popular women.	-81.5	-81.5	-10.1875	-10.1875	False	False	morphology	determiner_noun_agreement	Write a natural, coherent English sentence.
23	24	Julia might describe this long synopsis.	Julia might describe these long synopsis.	-82.0	-82.0	-10.25	-10.25	False	False	morphology	determiner_noun_agreement	Write a natural, coherent English sentence.
24	24	Many pedestrians do return to these happy men.	Many pedestrians do return to this happy men.	-113.5	-113.5	-10.3125	-10.3125	False	False	morphology	determiner_noun_agreement	Write a natural, coherent English sentence.
25	24	Laura noticed that determined man.	Laura noticed those determined man.	-62.0	-62.25	-10.3125	-10.375	True	True	morphology	determiner_noun_agreement	Write a natural, coherent English sentence.
26	24	Julie would pass those red oases.	Julie would pass that red oases.	-82.5	-82.5	-10.3125	-10.3125	False	False	morphology	determiner_noun_agreement	Write a natural, coherent English sentence.
27	24	These doctors boast about this out in the open child.	These doctors boast about these out in the open child.	-122.0	-122.0	-10.1875	-10.1875	False	False	morphology	determiner_noun_agreement	Write a natural, coherent English sentence.
28	24	Stephen isn't revealing this brown nucleus.	Stephen isn't revealing these brown nucleus.	-103.5	-103.5	-10.3125	-10.3125	False	False	morphology	determiner_noun_agreement	Write a natural, coherent English sentence.
29	24	Travel stuns that sick child.	Travel stuns those sick child.	-72.5	-72.5	-10.375	-10.375	False	False	morphology	determiner_noun_agreement	Write a natural, coherent English sentence.
30	24	Amelia healed that unemployed woman.	Amelia healed those unemployed woman.	-92.0	-92.0	-10.1875	-10.1875	False	False	morphology	determiner_noun_agreement	Write a natural, coherent English sentence.
31	24	Noah attacks that ill child.	Noah attacks those ill child.	-62.0	-62.0	-10.3125	-10.3125	False	False	morphology	determiner_noun_agreement	Write a natural, coherent English sentence.
32	24	Randolf buys those gray fungi.	Randolf buys that gray fungi.	-92.5	-92.5	-10.3125	-10.25	False	False	morphology	determiner_noun_agreement	Write a natural, coherent English sentence.
33	24	Some pedestrians disagreed with this big woman.	Some pedestrians disagreed with these big woman.	-112.5	-113.0	-10.25	-10.25	True	False	morphology	determiner_noun_agreement	Write a natural, coherent English sentence.
34	24	Adam might sound like these determined children.	Adam might sound like this determined children.	-82.5	-82.5	-10.3125	-10.3125	False	False	morphology	determiner_noun_agreement	Write a natural, coherent English sentence.
35	24	Bill has stunned this confident man.	Bill has stunned these confident man.	-82.5	-83.0	-10.3125	-10.375	True	True	morphology	determiner_noun_agreement	Write a natural, coherent English sentence.
36	24	Rhonda should see these blue oases.	Rhonda should see this blue oases.	-92.5	-92.5	-10.25	-10.25	False	False	morphology	determiner_noun_agreement	Write a natural, coherent English sentence.
37	24	Stephen cares for that out in the open alumnus.	Stephen cares for those out in the open alumnus.	-123.0	-123.0	-10.25	-10.25	False	False	morphology	determiner_noun_agreement	Write a natural, coherent English sentence.
38	24	Cheryl has bought this green oasis.	Cheryl has bought these green oasis.	-92.0	-92.0	-10.1875	-10.1875	False	False	morphology	determiner_noun_agreement	Write a natural, coherent English sentence.
39	24	Every door annoyed this lucky child.	Every door annoyed these lucky child.	-82.0	-82.0	-10.25	-10.25	False	False	morphology	determiner_noun_agreement	Write a natural, coherent English sentence.
40	24	Gerald cures that unlucky child.	Gerald cures those unlucky child.	-102.0	-102.0	-10.1875	-10.1875	False	False	morphology	determiner_noun_agreement	Write a natural, coherent English sentence.
41	24	Eyes weren't worrying this troubled child.	Eyes weren't worrying these troubled child.	-113.5	-113.0	-10.3125	-10.3125	False	False	morphology	determiner_noun_agreement	Write a natural, coherent English sentence.
42	24	Michael isn't referencing this long synopsis.	Michael isn't referencing these long synopsis.	-112.5	-112.5	-10.1875	-10.25	False	True	morphology	determiner_noun_agreement	Write a natural, coherent English sentence.
43	24	Robert insults this serious man.	Robert insults these serious man.	-72.0	-72.0	-10.25	-10.25	False	False	morphology	determiner_noun_agreement	Write a natural, coherent English sentence.
44	24	Waitresses describe that smart alumnus.	Waitresses describe those smart alumnus.	-101.5	-102.0	-10.125	-10.1875	True	True	morphology	determiner_noun_agreement	Write a natural, coherent English sentence.
45	24	Dan doesn't respect this unemployed alumnus.	Dan doesn't respect these unemployed alumnus.	-122.5	-122.5	-10.1875	-10.1875	False	False	morphology	determiner_noun_agreement	Write a natural, coherent English sentence.
46	24	Eric has upset those scared people.	Eric has upset that scared people.	-72.5	-72.5	-10.3125	-10.375	False	True	morphology	determiner_noun_agreement	Write a natural, coherent English sentence.
47	24	Sabrina was biking to this exposed oasis.	Sabrina was biking to these exposed oasis.	-122.5	-123.0	-10.25	-10.25	True	False	morphology	determiner_noun_agreement	Write a natural, coherent English sentence.
48	24	Edward can't think about these exposed mice.	Edward can't think about this exposed mice.	-113.0	-113.0	-10.3125	-10.3125	False	False	morphology	determiner_noun_agreement	Write a natural, coherent English sentence.
49	24	Phillip listened to this standing alumnus.	Phillip listened to these standing alumnus.	-102.5	-102.5	-10.25	-10.25	False	False	morphology	determiner_noun_agreement	Write a natural, coherent English sentence.
50	24	Those men skate around this small oasis.	Those men skate around these small oasis.	-102.5	-102.5	-10.25	-10.25	False	False	morphology	determiner_noun_agreement	Write a natural, coherent English sentence.
51	24	Rhonda could think about those content children.	Rhonda could think about that content children.	-92.5	-92.5	-10.3125	-10.25	False	False	morphology	determiner_noun_agreement	Write a natural, coherent English sentence.
52	24	Melissa had remembered that unsure person.	Melissa had remembered those unsure person.	-92.5	-92.5	-10.25	-10.25	False	False	morphology	determiner_noun_agreement	Write a natural, coherent English sentence.
53	24	The students talk about this upset person.	The students talk about these upset person.	-81.5	-81.5	-10.1875	-10.1875	False	False	morphology	determiner_noun_agreement	Write a natural, coherent English sentence.
54	24	Leslie insults those upset alumni.	Leslie insults that upset alumni.	-101.5	-102.0	-10.125	-10.1875	True	True	morphology	determiner_noun_agreement	Write a natural, coherent English sentence.
55	24	Hats distract this ill man.	Hats distract these ill man.	-72.0	-72.0	-10.3125	-10.3125	False	False	morphology	determiner_noun_agreement	Write a natural, coherent English sentence.
56	24	Dawn sounded like this determined child.	Dawn sounded like these determined child.	-82.0	-82.0	-10.25	-10.25	False	False	morphology	determiner_noun_agreement	Write a natural, coherent English sentence.
57	24	Carl had run around that brown oasis.	Carl had run around those brown oasis.	-92.0	-92.0	-10.25	-10.25	False	False	morphology	determiner_noun_agreement	Write a natural, coherent English sentence.
58	24	Anna criticizes these concealed children.	Anna criticizes this concealed children.	-82.5	-82.0	-10.3125	-10.25	False	False	morphology	determiner_noun_agreement	Write a natural, coherent English sentence.
59	24	The waiter might criticize that unemployed man.	The waiter might criticize those unemployed man.	-112.0	-112.0	-10.1875	-10.1875	False	False	morphology	determiner_noun_agreement	Write a natural, coherent English sentence.
60	24	Tracy was investigating this troubled alumnus.	Tracy was investigating these troubled alumnus.	-122.0	-122.0	-10.1875	-10.1875	False	False	morphology	determiner_noun_agreement	Write a natural, coherent English sentence.
61	24	These newspaper articles astound this clever child.	These newspaper articles astound these clever child.	-92.0	-92.0	-10.1875	-10.1875	False	False	morphology	determiner_noun_agreement	Write a natural, coherent English sentence.
62	24	Dana hadn't attacked this small man.	Dana hadn't attacked these small man.	-103.5	-103.5	-10.3125	-10.3125	False	False	morphology	determiner_noun_agreement	Write a natural, coherent English sentence.
63	24	Curtis wasn't breaking those hard teeth.	Curtis wasn't breaking that hard teeth.	-103.0	-103.0	-10.3125	-10.3125	False	False	morphology	determiner_noun_agreement	Write a natural, coherent English sentence.
64	24	All customers attack this employed alumnus.	All customers attack these employed alumnus.	-92.5	-92.5	-10.25	-10.25	False	False	morphology	determiner_noun_agreement	Write a natural, coherent English sentence.
65	24	Most ladies go to those purple oases.	Most ladies go to that purple oases.	-93.0	-93.0	-10.375	-10.3125	False	False	morphology	determiner_noun_agreement	Write a natural, coherent English sentence.
66	24	A dancer tours that blue oasis.	A dancer tours those blue oasis.	-93.0	-93.0	-10.3125	-10.3125	False	False	morphology	determiner_noun_agreement	Write a natural, coherent English sentence.
67	24	Steven irritated this unconvinced woman.	Steven irritated these unconvinced woman.	-102.0	-102.5	-10.1875	-10.25	True	True	morphology	determiner_noun_agreement	Write a natural, coherent English sentence.
68	24	Tara wasn't helping that sick man.	Tara wasn't helping those sick man.	-103.0	-103.0	-10.3125	-10.3125	False	False	morphology	determiner_noun_agreement	Write a natural, coherent English sentence.
69	24	The dancers aren't cleaning that smooth fungus.	The dancers aren't cleaning those smooth fungus.	-134.0	-134.0	-10.3125	-10.25	False	False	morphology	determiner_noun_agreement	Write a natural, coherent English sentence.
70	24	Melissa had talked about these white theses.	Melissa had talked about this white theses.	-101.5	-102.0	-10.1875	-10.1875	True	False	morphology	determiner_noun_agreement	Write a natural, coherent English sentence.
71	24	The man isn't watching those upset men.	The man isn't watching that upset men.	-103.0	-103.0	-10.3125	-10.3125	False	False	morphology	determiner_noun_agreement	Write a natural, coherent English sentence.
72	24	Sabrina won't worry this out in the open person.	Sabrina won't worry these out in the open person.	-143.0	-144.0	-10.25	-10.25	True	False	morphology	determiner_noun_agreement	Write a natural, coherent English sentence.
73	24	Every bird embarrassed these unemployed men.	Every bird embarrassed this unemployed men.	-81.5	-81.5	-10.1875	-10.1875	False	False	morphology	determiner_noun_agreement	Write a natural, coherent English sentence.
74	24	The Borgias drive to that small oasis.	The Borgias drive to those small oasis.	-113.0	-113.5	-10.25	-10.3125	True	True	morphology	determiner_noun_agreement	Write a natural, coherent English sentence.
75	24	Bradley likes these brown fungi.	Bradley likes this brown fungi.	-82.0	-82.0	-10.25	-10.25	False	False	morphology	determiner_noun_agreement	Write a natural, coherent English sentence.
76	24	Most guys go to that black oasis.	Most guys go to those black oasis.	-92.5	-93.0	-10.3125	-10.3125	True	False	morphology	determiner_noun_agreement	Write a natural, coherent English sentence.
77	24	A pedestrian hadn't approached these hopeful women.	A pedestrian hadn't approached this hopeful women.	-123.0	-123.0	-10.25	-10.25	False	False	morphology	determiner_noun_agreement	Write a natural, coherent English sentence.
78	24	Some senators aren't healing this unemployed alumnus.	Some senators aren't healing these unemployed alumnus.	-143.0	-143.0	-10.25	-10.25	False	False	morphology	determiner_noun_agreement	Write a natural, coherent English sentence.
79	24	That cart wasn't stunning these exposed men.	That cart wasn't stunning this exposed men.	-103.5	-103.5	-10.375	-10.375	False	False	morphology	determiner_noun_agreement	Write a natural, coherent English sentence.
80	24	Joel can think about this smart man.	Joel can think about these smart man.	-82.5	-82.5	-10.3125	-10.3125	False	False	morphology	determiner_noun_agreement	Write a natural, coherent English sentence.
81	24	Those prints disgust those good people.	Those prints disgust that good people.	-72.0	-72.0	-10.25	-10.3125	False	True	morphology	determiner_noun_agreement	Write a natural, coherent English sentence.
82	24	Beverly hadn't passed these yellow oases.	Beverly hadn't passed this yellow oases.	-113.0	-113.0	-10.25	-10.25	False	False	morphology	determiner_noun_agreement	Write a natural, coherent English sentence.
83	24	A lot of prints irritate this unconvinced woman.	A lot of prints irritate these unconvinced woman.	-133.0	-133.0	-10.1875	-10.1875	False	False	morphology	determiner_noun_agreement	Write a natural, coherent English sentence.
84	24	Many customers hire those standing alumni.	Many customers hire that standing alumni.	-92.5	-93.0	-10.3125	-10.3125	True	False	morphology	determiner_noun_agreement	Write a natural, coherent English sentence.
85	24	Some rug isn't irritating that nice woman.	Some rug isn't irritating those nice woman.	-113.0	-113.0	-10.3125	-10.3125	False	False	morphology	determiner_noun_agreement	Write a natural, coherent English sentence.
86	24	Jill embarrassed those busy men.	Jill embarrassed that busy men.	-72.5	-72.5	-10.3125	-10.375	False	True	morphology	determiner_noun_agreement	Write a natural, coherent English sentence.
87	24	Most sketches could hurt this uncertain person.	Most sketches could hurt these uncertain person.	-103.0	-103.0	-10.3125	-10.3125	False	False	morphology	determiner_noun_agreement	Write a natural, coherent English sentence.
88	24	Patricia lifted those purple feet.	Patricia lifted that purple feet.	-81.5	-81.5	-10.1875	-10.1875	False	False	morphology	determiner_noun_agreement	Write a natural, coherent English sentence.
89	24	The girls sell this hard fungus.	The girls sell these hard fungus.	-92.0	-92.0	-10.25	-10.25	False	False	morphology	determiner_noun_agreement	Write a natural, coherent English sentence.
90	24	Nicole has seen this yellow cactus.	Nicole has seen these yellow cactus.	-92.0	-92.0	-10.25	-10.25	False	False	morphology	determiner_noun_agreement	Write a natural, coherent English sentence.
91	24	Sharon could arrive at those big oases.	Sharon could arrive at that big oases.	-102.5	-102.5	-10.25	-10.25	False	False	morphology	determiner_noun_agreement	Write a natural, coherent English sentence.
92	24	This cashier can fire that good woman.	This cashier can fire those good woman.	-93.0	-93.0	-10.3125	-10.3125	False	False	morphology	determiner_noun_agreement	Write a natural, coherent English sentence.
93	24	Raymond left those scared children.	Raymond left that scared children.	-62.0	-62.0	-10.3125	-10.3125	False	False	morphology	determiner_noun_agreement	Write a natural, coherent English sentence.
94	24	Noah could discuss that clever person.	Noah could discuss those clever person.	-72.5	-72.5	-10.3125	-10.375	False	True	morphology	determiner_noun_agreement	Write a natural, coherent English sentence.
95	24	Rachelle knew that concealed woman.	Rachelle knew those concealed woman.	-82.0	-82.5	-10.25	-10.3125	True	True	morphology	determiner_noun_agreement	Write a natural, coherent English sentence.
96	24	Dawn hasn't cured those gray oxen.	Dawn hasn't cured that gray oxen.	-122.5	-122.5	-10.25	-10.25	False	False	morphology	determiner_noun_agreement	Write a natural, coherent English sentence.
97	24	The Great Lakes haven't disgusted those out in the open people.	The Great Lakes haven't disgusted that out in the open people.	-164.0	-164.0	-10.25	-10.25	False	False	morphology	determiner_noun_agreement	Write a natural, coherent English sentence.
98	24	Wayne doesn't exit those cheap oases.	Wayne doesn't exit that cheap oases.	-103.0	-103.0	-10.3125	-10.3125	False	False	morphology	determiner_noun_agreement	Write a natural, coherent English sentence.
99	24	These waitresses haven't astounded this fast woman.	These waitresses haven't astounded these fast woman.	-142.0	-142.0	-10.125	-10.125	False	False	morphology	determiner_noun_agreement	Write a natural, coherent English sentence.
100	24	Patrick hasn't lifted this out in the open cactus.	Patrick hasn't lifted these out in the open cactus.	-143.0	-143.0	-10.25	-10.25	False	False	morphology	determiner_noun_agreement	Write a natural, coherent English sentence.
101	24	Angela isn't embarrassing those excited children.	Angela isn't embarrassing that excited children.	-103.0	-103.0	-10.25	-10.3125	False	True	morphology	determiner_noun_agreement	Write a natural, coherent English sentence.
102	24	Jennifer hasn't criticized this smart man.	Jennifer hasn't criticized these smart man.	-102.5	-102.5	-10.25	-10.25	False	False	morphology	determiner_noun_agreement	Write a natural, coherent English sentence.
103	24	April watched this big person.	April watched these big person.	-62.25	-62.0	-10.375	-10.375	False	False	morphology	determiner_noun_agreement	Write a natural, coherent English sentence.
104	24	Candice hadn't bothered that serious alumnus.	Candice hadn't bothered those serious alumnus.	-123.0	-122.5	-10.25	-10.25	False	False	morphology	determiner_noun_agreement	Write a natural, coherent English sentence.
105	24	The Clintons observe those happy women.	The Clintons observe that happy women.	-92.5	-93.0	-10.3125	-10.3125	True	False	morphology	determiner_noun_agreement	Write a natural, coherent English sentence.
106	24	The Clintons observe this excited man.	The Clintons observe these excited man.	-93.0	-93.0	-10.3125	-10.3125	False	False	morphology	determiner_noun_agreement	Write a natural, coherent English sentence.
107	24	Associations were listening to that unlucky child.	Associations were listening to those unlucky child.	-113.0	-113.0	-10.25	-10.25	False	False	morphology	determiner_noun_agreement	Write a natural, coherent English sentence.
108	24	Those committees discussed that busy woman.	Those committees discussed those busy woman.	-92.0	-92.0	-10.25	-10.25	False	False	morphology	determiner_noun_agreement	Write a natural, coherent English sentence.
109	24	Debra isn't discussing that good analysis.	Debra isn't discussing those good analysis.	-103.0	-103.0	-10.3125	-10.3125	False	False	morphology	determiner_noun_agreement	Write a natural, coherent English sentence.
110	24	The drawing distracts this lucky woman.	The drawing distracts these lucky woman.	-82.0	-82.0	-10.25	-10.25	False	False	morphology	determiner_noun_agreement	Write a natural, coherent English sentence.
111	24	Holly couldn't dislike this exposed child.	Holly couldn't dislike these exposed child.	-103.0	-103.0	-10.3125	-10.3125	False	False	morphology	determiner_noun_agreement	Write a natural, coherent English sentence.
112	24	Angela examines that good synopsis.	Angela examines those good synopsis.	-82.0	-81.5	-10.25	-10.1875	False	False	morphology	determiner_noun_agreement	Write a natural, coherent English sentence.
113	24	These skateboards aggravate that lucky woman.	These skateboards aggravate those lucky woman.	-112.0	-112.0	-10.1875	-10.1875	False	False	morphology	determiner_noun_agreement	Write a natural, coherent English sentence.
114	24	Some play alarms those small women.	Some play alarms that small women.	-83.0	-83.0	-10.375	-10.375	False	False	morphology	determiner_noun_agreement	Write a natural, coherent English sentence.
115	24	Students investigate these nice men.	Students investigate this nice men.	-62.0	-62.0	-10.375	-10.375	False	False	morphology	determiner_noun_agreement	Write a natural, coherent English sentence.
116	24	Tanya wasn't shocking that busy child.	Tanya wasn't shocking those busy child.	-113.5	-113.5	-10.3125	-10.3125	False	False	morphology	determiner_noun_agreement	Write a natural, coherent English sentence.
117	24	Brett has boasted about this nice person.	Brett has boasted about these nice person.	-102.0	-102.0	-10.1875	-10.1875	False	False	morphology	determiner_noun_agreement	Write a natural, coherent English sentence.
118	24	Jennifer described that hidden woman.	Jennifer described those hidden woman.	-62.5	-62.25	-10.375	-10.375	False	False	morphology	determiner_noun_agreement	Write a natural, coherent English sentence.
119	24	Winston Churchill passed these red oases.	Winston Churchill passed this red oases.	-102.0	-102.0	-10.1875	-10.1875	False	False	morphology	determiner_noun_agreement	Write a natural, coherent English sentence.
120	24	Some mirror could scare this nice woman.	Some mirror could scare these nice woman.	-92.5	-93.0	-10.3125	-10.3125	True	False	morphology	determiner_noun_agreement	Write a natural, coherent English sentence.
121	24	Caroline hadn't fired that scared alumnus.	Caroline hadn't fired those scared alumnus.	-113.0	-113.0	-10.25	-10.3125	False	True	morphology	determiner_noun_agreement	Write a natural, coherent English sentence.
122	24	Edward wasn't referencing that displeased woman.	Edward wasn't referencing those displeased woman.	-123.0	-123.0	-10.25	-10.25	False	False	morphology	determiner_noun_agreement	Write a natural, coherent English sentence.
123	24	Many teachers clean these cheap teeth.	Many teachers clean this cheap teeth.	-72.5	-72.5	-10.3125	-10.375	False	True	morphology	determiner_noun_agreement	Write a natural, coherent English sentence.
124	24	Wayne might remember these new oases.	Wayne might remember this new oases.	-83.0	-83.0	-10.375	-10.375	False	False	morphology	determiner_noun_agreement	Write a natural, coherent English sentence.
125	24	Some high school alarms this determined man.	Some high school alarms these determined man.	-92.5	-92.5	-10.25	-10.3125	False	True	morphology	determiner_noun_agreement	Write a natural, coherent English sentence.
126	24	Vincent had returned to these out in the open oases.	Vincent had returned to this out in the open oases.	-123.0	-123.0	-10.25	-10.25	False	False	morphology	determiner_noun_agreement	Write a natural, coherent English sentence.
127	24	Marla hired this standing child.	Marla hired these standing child.	-72.5	-72.5	-10.3125	-10.375	False	True	morphology	determiner_noun_agreement	Write a natural, coherent English sentence.
128	24	Some cucumber has upset those ill men.	Some cucumber has upset that ill men.	-102.5	-102.5	-10.25	-10.25	False	False	morphology	determiner_noun_agreement	Write a natural, coherent English sentence.
129	24	Russell hasn't kissed this content man.	Russell hasn't kissed these content man.	-92.5	-93.0	-10.3125	-10.3125	True	False	morphology	determiner_noun_agreement	Write a natural, coherent English sentence.
130	24	Guy has left this determined man.	Guy has left these determined man.	-72.0	-72.0	-10.3125	-10.3125	False	False	morphology	determiner_noun_agreement	Write a natural, coherent English sentence.
131	24	The Lutherans listen to these employed women.	The Lutherans listen to this employed women.	-92.5	-92.5	-10.25	-10.25	False	False	morphology	determiner_noun_agreement	Write a natural, coherent English sentence.
132	24	Candice disliked these bad analyses.	Candice disliked this bad analyses.	-102.0	-102.0	-10.1875	-10.1875	False	False	morphology	determiner_noun_agreement	Write a natural, coherent English sentence.
133	24	Many women heal these lost geese.	Many women heal this lost geese.	-82.5	-82.5	-10.3125	-10.3125	False	False	morphology	determiner_noun_agreement	Write a natural, coherent English sentence.
134	24	Wayne has remembered these smart people.	Wayne has remembered this smart people.	-72.5	-72.5	-10.375	-10.375	False	False	morphology	determiner_noun_agreement	Write a natural, coherent English sentence.
135	24	This teenager had dropped by these white oases.	This teenager had dropped by this white oases.	-103.0	-103.0	-10.3125	-10.3125	False	False	morphology	determiner_noun_agreement	Write a natural, coherent English sentence.
136	24	Eva has exited those smooth oases.	Eva has exited that smooth oases.	-92.5	-92.5	-10.3125	-10.3125	False	False	morphology	determiner_noun_agreement	Write a natural, coherent English sentence.
137	24	Cheryl wouldn't aggravate that bad person.	Cheryl wouldn't aggravate those bad person.	-123.0	-123.0	-10.25	-10.25	False	False	morphology	determiner_noun_agreement	Write a natural, coherent English sentence.
138	24	Katherine hadn't shocked those young children.	Katherine hadn't shocked that young children.	-103.0	-103.0	-10.3125	-10.3125	False	False	morphology	determiner_noun_agreement	Write a natural, coherent English sentence.
139	24	The student loves these troubled people.	The student loves this troubled people.	-82.5	-82.5	-10.3125	-10.3125	False	False	morphology	determiner_noun_agreement	Write a natural, coherent English sentence.
140	24	Tracy cared for those smart alumni.	Tracy cared for that smart alumni.	-102.5	-103.0	-10.25	-10.3125	True	True	morphology	determiner_noun_agreement	Write a natural, coherent English sentence.
141	24	Guys return to these small oases.	Guys return to this small oases.	-93.0	-92.5	-10.3125	-10.3125	False	False	morphology	determiner_noun_agreement	Write a natural, coherent English sentence.
142	24	Marcus won't bike to this white oasis.	Marcus won't bike to these white oasis.	-113.0	-113.0	-10.25	-10.25	False	False	morphology	determiner_noun_agreement	Write a natural, coherent English sentence.
143	24	Eggplants impressed these unconvinced alumni.	Eggplants impressed this unconvinced alumni.	-143.0	-143.0	-10.25	-10.25	False	False	morphology	determiner_noun_agreement	Write a natural, coherent English sentence.
144	24	A turtle has bored those troubled children.	A turtle has bored that troubled children.	-112.5	-112.5	-10.1875	-10.25	False	True	morphology	determiner_noun_agreement	Write a natural, coherent English sentence.
145	24	The adults were taking those old teeth.	The adults were taking that old teeth.	-82.5	-82.5	-10.3125	-10.3125	False	False	morphology	determiner_noun_agreement	Write a natural, coherent English sentence.
146	24	Alan wasn't returning to those blue oases.	Alan wasn't returning to that blue oases.	-113.0	-113.0	-10.3125	-10.3125	False	False	morphology	determiner_noun_agreement	Write a natural, coherent English sentence.
147	24	Theodore had lifted this rough cactus.	Theodore had lifted these rough cactus.	-102.5	-102.5	-10.25	-10.25	False	False	morphology	determiner_noun_agreement	Write a natural, coherent English sentence.
148	24	Joel isn't praising those good synopses.	Joel isn't praising that good synopses.	-123.0	-123.5	-10.25	-10.25	True	False	morphology	determiner_noun_agreement	Write a natural, coherent English sentence.
149	24	The pedestrian knows these standing women.	The pedestrian knows this standing women.	-82.5	-82.5	-10.3125	-10.3125	False	False	morphology	determiner_noun_agreement	Write a natural, coherent English sentence.
150	24	Some museums forget that good analysis.	Some museums forget those good analysis.	-82.0	-82.0	-10.25	-10.25	False	False	morphology	determiner_noun_agreement	Write a natural, coherent English sentence.
151	24	The Clintons might clean that lost fungus.	The Clintons might clean those lost fungus.	-123.5	-123.5	-10.3125	-10.3125	False	False	morphology	determiner_noun_agreement	Write a natural, coherent English sentence.
152	24	Mary is bothering these out in the open children.	Mary is bothering this out in the open children.	-112.5	-112.0	-10.1875	-10.1875	False	False	morphology	determiner_noun_agreement	Write a natural, coherent English sentence.
153	24	Many customers sell that lost ox.	Many customers sell those lost ox.	-72.0	-72.0	-10.3125	-10.3125	False	False	morphology	determiner_noun_agreement	Write a natural, coherent English sentence.
154	24	These waitresses praise these troubled men.	These waitresses praise this troubled men.	-101.5	-101.5	-10.125	-10.125	False	False	morphology	determiner_noun_agreement	Write a natural, coherent English sentence.
155	24	Many men didn't admire that nice person.	Many men didn't admire those nice person.	-113.0	-113.0	-10.25	-10.25	False	False	morphology	determiner_noun_agreement	Write a natural, coherent English sentence.
156	24	Jesus ran around this exposed oasis.	Jesus ran around these exposed oasis.	-82.0	-82.0	-10.25	-10.25	False	False	morphology	determiner_noun_agreement	Write a natural, coherent English sentence.
157	24	Many customers talk about that delighted child.	Many customers talk about those delighted child.	-82.0	-82.0	-10.25	-10.25	False	False	morphology	determiner_noun_agreement	Write a natural, coherent English sentence.
158	24	Drawings had disgusted this small woman.	Drawings had disgusted these small woman.	-92.0	-92.5	-10.25	-10.25	True	False	morphology	determiner_noun_agreement	Write a natural, coherent English sentence.
159	24	Colleen did care for that good man.	Colleen did care for those good man.	-92.5	-92.5	-10.25	-10.25	False	False	morphology	determiner_noun_agreement	Write a natural, coherent English sentence.
160	24	Marcus admired those exposed geese.	Marcus admired that exposed geese.	-82.5	-82.5	-10.3125	-10.3125	False	False	morphology	determiner_noun_agreement	Write a natural, coherent English sentence.
161	24	Randolf has noticed this clean foot.	Randolf has noticed these clean foot.	-82.5	-82.0	-10.3125	-10.25	False	False	morphology	determiner_noun_agreement	Write a natural, coherent English sentence.
162	24	Craig could listen to that determined man.	Craig could listen to those determined man.	-83.0	-82.5	-10.375	-10.3125	False	False	morphology	determiner_noun_agreement	Write a natural, coherent English sentence.
163	24	Movies stunned this small man.	Movies stunned these small man.	-82.0	-82.5	-10.25	-10.3125	True	True	morphology	determiner_noun_agreement	Write a natural, coherent English sentence.
164	24	Timothy buys this rough ox.	Timothy buys these rough ox.	-82.0	-82.0	-10.25	-10.25	False	False	morphology	determiner_noun_agreement	Write a natural, coherent English sentence.
165	24	Some women go to those red oases.	Some women go to that red oases.	-92.5	-92.5	-10.3125	-10.25	False	False	morphology	determiner_noun_agreement	Write a natural, coherent English sentence.
166	24	Ruth fixed this clean tooth.	Ruth fixed these clean tooth.	-62.25	-62.25	-10.375	-10.375	False	False	morphology	determiner_noun_agreement	Write a natural, coherent English sentence.
167	24	Monica is boring those clever men.	Monica is boring that clever men.	-82.5	-82.5	-10.3125	-10.3125	False	False	morphology	determiner_noun_agreement	Write a natural, coherent English sentence.
168	24	Janice knows these hidden alumni.	Janice knows this hidden alumni.	-92.0	-92.0	-10.1875	-10.25	False	True	morphology	determiner_noun_agreement	Write a natural, coherent English sentence.
169	24	Spain insults this delighted alumnus.	Spain insults these delighted alumnus.	-92.0	-92.0	-10.25	-10.25	False	False	morphology	determiner_noun_agreement	Write a natural, coherent English sentence.
170	24	Some planes bore that displeased child.	Some planes bore those displeased child.	-92.5	-92.5	-10.25	-10.25	False	False	morphology	determiner_noun_agreement	Write a natural, coherent English sentence.
171	24	Dishes should upset these happy men.	Dishes should upset this happy men.	-82.5	-82.5	-10.3125	-10.3125	False	False	morphology	determiner_noun_agreement	Write a natural, coherent English sentence.
172	24	That painting looked like these yellow stimuli.	That painting looked like this yellow stimuli.	-91.5	-92.0	-10.1875	-10.1875	True	False	morphology	determiner_noun_agreement	Write a natural, coherent English sentence.
173	24	Amy shocked that content man.	Amy shocked those content man.	-62.5	-62.5	-10.375	-10.375	False	False	morphology	determiner_noun_agreement	Write a natural, coherent English sentence.
174	24	Melinda hasn't hidden this determined woman.	Melinda hasn't hidden these determined woman.	-102.5	-103.0	-10.25	-10.25	True	False	morphology	determiner_noun_agreement	Write a natural, coherent English sentence.
175	24	Caroline did drive to this brown oasis.	Caroline did drive to these brown oasis.	-92.5	-92.5	-10.25	-10.25	False	False	morphology	determiner_noun_agreement	Write a natural, coherent English sentence.
176	24	That rice disturbed those smart alumni.	That rice disturbed that smart alumni.	-102.5	-102.5	-10.25	-10.25	False	False	morphology	determiner_noun_agreement	Write a natural, coherent English sentence.
177	24	Brian will examine these long analyses.	Brian will examine this long analyses.	-82.0	-82.0	-10.25	-10.25	False	False	morphology	determiner_noun_agreement	Write a natural, coherent English sentence.
178	24	Mark dislikes this uncertain child.	Mark dislikes these uncertain child.	-82.0	-82.0	-10.25	-10.25	False	False	morphology	determiner_noun_agreement	Write a natural, coherent English sentence.
179	24	Rose was returning to these out in the open children.	Rose was returning to this out in the open children.	-113.0	-113.0	-10.25	-10.25	False	False	morphology	determiner_noun_agreement	Write a natural, coherent English sentence.
180	24	The guest has fixed this red tooth.	The guest has fixed these red tooth.	-82.5	-82.5	-10.3125	-10.3125	False	False	morphology	determiner_noun_agreement	Write a natural, coherent English sentence.
181	24	Jennifer is breaking this big tooth.	Jennifer is breaking these big tooth.	-72.0	-72.0	-10.25	-10.25	False	False	morphology	determiner_noun_agreement	Write a natural, coherent English sentence.
182	24	Sabrina isn't referencing these red theses.	Sabrina isn't referencing this red theses.	-133.0	-133.0	-10.1875	-10.25	False	True	morphology	determiner_noun_agreement	Write a natural, coherent English sentence.
183	24	Valerie hadn't exited that exposed oasis.	Valerie hadn't exited those exposed oasis.	-123.0	-123.0	-10.25	-10.25	False	False	morphology	determiner_noun_agreement	Write a natural, coherent English sentence.
184	24	Every restaurant had worried this hidden child.	Every restaurant had worried these hidden child.	-82.5	-82.5	-10.3125	-10.3125	False	False	morphology	determiner_noun_agreement	Write a natural, coherent English sentence.
185	24	A woman was examining those long synopses.	A woman was examining that long synopses.	-112.0	-112.0	-10.1875	-10.1875	False	False	morphology	determiner_noun_agreement	Write a natural, coherent English sentence.
186	24	All actresses approach that content man.	All actresses approach those content man.	-82.0	-82.0	-10.25	-10.25	False	False	morphology	determiner_noun_agreement	Write a natural, coherent English sentence.
187	24	Sarah cleaned those yellow feet.	Sarah cleaned that yellow feet.	-61.5	-62.0	-10.25	-10.3125	True	True	morphology	determiner_noun_agreement	Write a natural, coherent English sentence.
188	24	Margaret tours those black oases.	Margaret tours that black oases.	-73.0	-72.5	-10.375	-10.375	False	False	morphology	determiner_noun_agreement	Write a natural, coherent English sentence.
189	24	Rachel wasn't messing up this clean foot.	Rachel wasn't messing up these clean foot.	-112.5	-112.5	-10.25	-10.25	False	False	morphology	determiner_noun_agreement	Write a natural, coherent English sentence.
190	24	The Lutherans go to that old oasis.	The Lutherans go to those old oasis.	-102.0	-102.5	-10.25	-10.25	True	False	morphology	determiner_noun_agreement	Write a natural, coherent English sentence.
191	24	The lamps shock those hidden alumni.	The lamps shock that hidden alumni.	-103.0	-103.0	-10.3125	-10.3125	False	False	morphology	determiner_noun_agreement	Write a natural, coherent English sentence.
192	24	Claire conceals those small stimuli.	Claire conceals that small stimuli.	-82.5	-83.0	-10.3125	-10.375	True	True	morphology	determiner_noun_agreement	Write a natural, coherent English sentence.
193	24	Most documentaries annoy that busy person.	Most documentaries annoy those busy person.	-82.0	-82.0	-10.25	-10.25	False	False	morphology	determiner_noun_agreement	Write a natural, coherent English sentence.
194	24	Pamela shouldn't return to those exposed men.	Pamela shouldn't return to that exposed men.	-112.5	-112.5	-10.1875	-10.25	False	True	morphology	determiner_noun_agreement	Write a natural, coherent English sentence.
195	24	That person couldn't arrive at that purple oasis.	That person couldn't arrive at those purple oasis.	-122.5	-122.5	-10.1875	-10.1875	False	False	morphology	determiner_noun_agreement	Write a natural, coherent English sentence.
196	24	Alicia won't admire those big nuclei.	Alicia won't admire that big nuclei.	-133.0	-134.0	-10.25	-10.25	True	False	morphology	determiner_noun_agreement	Write a natural, coherent English sentence.
197	24	Curtis arrived at that red oasis.	Curtis arrived at those red oasis.	-91.5	-91.5	-10.1875	-10.1875	False	False	morphology	determiner_noun_agreement	Write a natural, coherent English sentence.
198	24	People investigate that smart man.	People investigate those smart man.	-62.25	-62.0	-10.375	-10.375	False	False	morphology	determiner_noun_agreement	Write a natural, coherent English sentence.
199	24	Some boys hire these content alumni.	Some boys hire this content alumni.	-93.0	-93.0	-10.3125	-10.3125	False	False	morphology	determiner_noun_agreement	Write a natural, coherent English sentence.
200	24	Leslie found these brown feet.	Leslie found this brown feet.	-71.5	-71.5	-10.1875	-10.1875	False	False	morphology	determiner_noun_agreement	Write a natural, coherent English sentence.
201	24	Alexander was firing that displeased woman.	Alexander was firing those displeased woman.	-92.5	-92.5	-10.3125	-10.3125	False	False	morphology	determiner_noun_agreement	Write a natural, coherent English sentence.
202	24	Florence hasn't argued about those confident children.	Florence hasn't argued about that confident children.	-103.0	-103.0	-10.3125	-10.3125	False	False	morphology	determiner_noun_agreement	Write a natural, coherent English sentence.
203	24	That adult hadn't complained about that exposed man.	That adult hadn't complained about those exposed man.	-113.0	-113.0	-10.25	-10.25	False	False	morphology	determiner_noun_agreement	Write a natural, coherent English sentence.
204	24	Larry works with these scared women.	Larry works with this scared women.	-72.0	-72.5	-10.3125	-10.3125	True	False	morphology	determiner_noun_agreement	Write a natural, coherent English sentence.
205	24	Kathleen leaves this old child.	Kathleen leaves these old child.	-71.5	-71.5	-10.25	-10.25	False	False	morphology	determiner_noun_agreement	Write a natural, coherent English sentence.
206	24	The actresses weren't watching these scared people.	The actresses weren't watching this scared people.	-113.0	-112.5	-10.25	-10.25	False	False	morphology	determiner_noun_agreement	Write a natural, coherent English sentence.
207	24	Derek isn't escaping from these blue oases.	Derek isn't escaping from this blue oases.	-134.0	-134.0	-10.3125	-10.25	False	False	morphology	determiner_noun_agreement	Write a natural, coherent English sentence.
208	24	Naomi isn't talking about that cheap oasis.	Naomi isn't talking about those cheap oasis.	-122.5	-122.0	-10.1875	-10.1875	False	False	morphology	determiner_noun_agreement	Write a natural, coherent English sentence.
209	24	These guests hate these troubled men.	These guests hate this troubled men.	-82.0	-82.0	-10.25	-10.25	False	False	morphology	determiner_noun_agreement	Write a natural, coherent English sentence.
210	24	Patricia wasn't hiring those small children.	Patricia wasn't hiring that small children.	-112.0	-112.5	-10.1875	-10.1875	True	False	morphology	determiner_noun_agreement	Write a natural, coherent English sentence.
211	24	All stairs weren't alarming that lucky woman.	All stairs weren't alarming those lucky woman.	-113.0	-113.0	-10.25	-10.25	False	False	morphology	determiner_noun_agreement	Write a natural, coherent English sentence.
212	24	Many drivers left that confident alumnus.	Many drivers left those confident alumnus.	-92.5	-92.5	-10.25	-10.3125	False	True	morphology	determiner_noun_agreement	Write a natural, coherent English sentence.
213	24	Every skirt disgusts these smart children.	Every skirt disgusts this smart children.	-82.5	-82.5	-10.3125	-10.3125	False	False	morphology	determiner_noun_agreement	Write a natural, coherent English sentence.
214	24	Valerie has astounded that lost alumnus.	Valerie has astounded those lost alumnus.	-122.0	-122.0	-10.1875	-10.1875	False	False	morphology	determiner_noun_agreement	Write a natural, coherent English sentence.
215	24	Sonia should describe this determined child.	Sonia should describe these determined child.	-82.5	-82.5	-10.3125	-10.3125	False	False	morphology	determiner_noun_agreement	Write a natural, coherent English sentence.
216	24	A lot of lakes weren't disgusting that old person.	A lot of lakes weren't disgusting those old person.	-143.0	-143.0	-10.1875	-10.1875	False	False	morphology	determiner_noun_agreement	Write a natural, coherent English sentence.
217	24	Some pants hadn't aggravated that good woman.	Some pants hadn't aggravated those good woman.	-123.0	-123.0	-10.25	-10.25	False	False	morphology	determiner_noun_agreement	Write a natural, coherent English sentence.
218	24	Anne does return to that old woman.	Anne does return to those old woman.	-82.0	-82.0	-10.25	-10.25	False	False	morphology	determiner_noun_agreement	Write a natural, coherent English sentence.
219	24	Alan wasn't listening to that delighted person.	Alan wasn't listening to those delighted person.	-103.0	-103.0	-10.25	-10.3125	False	True	morphology	determiner_noun_agreement	Write a natural, coherent English sentence.
220	24	Some icicles annoy those serious alumni.	Some icicles annoy that serious alumni.	-102.0	-102.5	-10.25	-10.25	True	False	morphology	determiner_noun_agreement	Write a natural, coherent English sentence.
221	24	Many women won't scare those uncertain men.	Many women won't scare that uncertain men.	-113.5	-113.5	-10.3125	-10.3125	False	False	morphology	determiner_noun_agreement	Write a natural, coherent English sentence.
222	24	Science disgusts this unconvinced alumnus.	Science disgusts these unconvinced alumnus.	-122.0	-122.0	-10.1875	-10.1875	False	False	morphology	determiner_noun_agreement	Write a natural, coherent English sentence.
223	24	Connie tours these rough oases.	Connie tours this rough oases.	-82.5	-82.5	-10.3125	-10.3125	False	False	morphology	determiner_noun_agreement	Write a natural, coherent English sentence.
224	24	Those banks were talking about this lost thesis.	Those banks were talking about these lost thesis.	-92.0	-92.0	-10.1875	-10.25	False	True	morphology	determiner_noun_agreement	Write a natural, coherent English sentence.
225	24	Some prints didn't look like this rough louse.	Some prints didn't look like these rough louse.	-123.5	-123.5	-10.25	-10.3125	False	True	morphology	determiner_noun_agreement	Write a natural, coherent English sentence.
226	24	All pedestrians like those rough theses.	All pedestrians like that rough theses.	-103.0	-103.0	-10.3125	-10.3125	False	False	morphology	determiner_noun_agreement	Write a natural, coherent English sentence.
227	24	Douglas saw that black fungus.	Douglas saw those black fungus.	-82.0	-82.5	-10.25	-10.3125	True	True	morphology	determiner_noun_agreement	Write a natural, coherent English sentence.
228	24	Sarah examined that bad analysis.	Sarah examined those bad analysis.	-62.25	-62.0	-10.375	-10.375	False	False	morphology	determiner_noun_agreement	Write a natural, coherent English sentence.
229	24	An actress researches this long thesis.	An actress researches these long thesis.	-103.0	-103.0	-10.3125	-10.3125	False	False	morphology	determiner_noun_agreement	Write a natural, coherent English sentence.
230	24	Those waitresses criticize this hidden child.	Those waitresses criticize these hidden child.	-101.5	-101.5	-10.125	-10.125	False	False	morphology	determiner_noun_agreement	Write a natural, coherent English sentence.
231	24	Most drivers question these upset alumni.	Most drivers question this upset alumni.	-93.0	-92.5	-10.3125	-10.3125	False	False	morphology	determiner_noun_agreement	Write a natural, coherent English sentence.
232	24	Phillip isn't working with these small women.	Phillip isn't working with this small women.	-113.0	-113.0	-10.25	-10.3125	False	True	morphology	determiner_noun_agreement	Write a natural, coherent English sentence.
233	24	Jennifer can't aggravate that unlucky man.	Jennifer can't aggravate those unlucky man.	-133.0	-133.0	-10.25	-10.25	False	False	morphology	determiner_noun_agreement	Write a natural, coherent English sentence.
234	24	Essays confuse this good woman.	Essays confuse these good woman.	-82.5	-82.5	-10.3125	-10.3125	False	False	morphology	determiner_noun_agreement	Write a natural, coherent English sentence.
235	24	Amelia has forgotten those bad analyses.	Amelia has forgotten that bad analyses.	-92.0	-92.0	-10.1875	-10.1875	False	False	morphology	determiner_noun_agreement	Write a natural, coherent English sentence.
236	24	Michael had explored this brown oasis.	Michael had explored these brown oasis.	-82.0	-82.0	-10.25	-10.25	False	False	morphology	determiner_noun_agreement	Write a natural, coherent English sentence.
237	24	Natalie can aggravate those smart men.	Natalie can aggravate that smart men.	-102.0	-102.5	-10.1875	-10.25	True	True	morphology	determiner_noun_agreement	Write a natural, coherent English sentence.
238	24	That patient won't go to these cheap oases.	That patient won't go to this cheap oases.	-123.5	-124.0	-10.3125	-10.3125	True	False	morphology	determiner_noun_agreement	Write a natural, coherent English sentence.
239	24	Heidi had discovered those black feet.	Heidi had discovered that black feet.	-82.0	-82.0	-10.25	-10.25	False	False	morphology	determiner_noun_agreement	Write a natural, coherent English sentence.
240	24	David hadn't watched those determined men.	David hadn't watched that determined men.	-93.0	-93.0	-10.3125	-10.3125	False	False	morphology	determiner_noun_agreement	Write a natural, coherent English sentence.
241	24	Some teenager couldn't walk through these green oases.	Some teenager couldn't walk through this green oases.	-123.0	-123.0	-10.25	-10.25	False	False	morphology	determiner_noun_agreement	Write a natural, coherent English sentence.
242	24	Christina shouldn't sell this hard oasis.	Christina shouldn't sell these hard oasis.	-112.5	-112.5	-10.25	-10.25	False	False	morphology	determiner_noun_agreement	Write a natural, coherent English sentence.
243	24	Christopher isn't firing those sick men.	Christopher isn't firing that sick men.	-93.0	-93.0	-10.3125	-10.375	False	True	morphology	determiner_noun_agreement	Write a natural, coherent English sentence.
244	24	Most students hide that yellow mouse.	Most students hide those yellow mouse.	-72.0	-72.0	-10.3125	-10.3125	False	False	morphology	determiner_noun_agreement	Write a natural, coherent English sentence.
245	24	Holly did buy those clean feet.	Holly did buy that clean feet.	-72.0	-72.0	-10.25	-10.3125	False	True	morphology	determiner_noun_agreement	Write a natural, coherent English sentence.
246	24	Many actors clean these brown theses.	Many actors clean this brown theses.	-82.5	-82.5	-10.3125	-10.3125	False	False	morphology	determiner_noun_agreement	Write a natural, coherent English sentence.
247	24	Stacy would hide those lost lice.	Stacy would hide that lost lice.	-93.0	-93.0	-10.3125	-10.3125	False	False	morphology	determiner_noun_agreement	Write a natural, coherent English sentence.
248	24	Alan drove to that new oasis.	Alan drove to those new oasis.	-81.0	-81.5	-10.125	-10.1875	True	True	morphology	determiner_noun_agreement	Write a natural, coherent English sentence.
249	24	The Impressionists tour this purple oasis.	The Impressionists tour these purple oasis.	-102.0	-102.0	-10.1875	-10.1875	False	False	morphology	determiner_noun_agreement	Write a natural, coherent English sentence.
250	24	Wayne is talking to this hidden woman.	Wayne is talking to these hidden woman.	-83.0	-83.0	-10.375	-10.375	False	False	morphology	determiner_noun_agreement	Write a natural, coherent English sentence.
251	24	Christopher forgets this happy child.	Christopher forgets these happy child.	-72.0	-72.0	-10.25	-10.25	False	False	morphology	determiner_noun_agreement	Write a natural, coherent English sentence.
252	24	Julie can boycott those cheap oases.	Julie can boycott that cheap oases.	-92.0	-92.5	-10.25	-10.25	True	False	morphology	determiner_noun_agreement	Write a natural, coherent English sentence.
253	24	Most senators dislike these bad theses.	Most senators dislike this bad theses.	-102.5	-103.0	-10.25	-10.25	True	False	morphology	determiner_noun_agreement	Write a natural, coherent English sentence.
254	24	Denise concealed this content person.	Denise concealed these content person.	-82.0	-82.0	-10.25	-10.25	False	False	morphology	determiner_noun_agreement	Write a natural, coherent English sentence.
255	24	Some bike shocks these nice women.	Some bike shocks this nice women.	-82.0	-82.5	-10.25	-10.3125	True	True	morphology	determiner_noun_agreement	Write a natural, coherent English sentence.
256	24	These teenagers fix those hidden feet.	These teenagers fix that hidden feet.	-81.5	-81.5	-10.1875	-10.1875	False	False	morphology	determiner_noun_agreement	Write a natural, coherent English sentence.
257	24	Ella praised that ill woman.	Ella praised those ill woman.	-72.5	-72.5	-10.375	-10.3125	False	False	morphology	determiner_noun_agreement	Write a natural, coherent English sentence.
258	24	Current events stun these lost people.	Current events stun this lost people.	-82.5	-82.5	-10.3125	-10.3125	False	False	morphology	determiner_noun_agreement	Write a natural, coherent English sentence.
259	24	Mary tours this gray oasis.	Mary tours these gray oasis.	-72.0	-72.0	-10.25	-10.25	False	False	morphology	determiner_noun_agreement	Write a natural, coherent English sentence.
260	24	Linda visited those unsure men.	Linda visited that unsure men.	-72.5	-72.5	-10.375	-10.375	False	False	morphology	determiner_noun_agreement	Write a natural, coherent English sentence.
261	24	Dan wouldn't boycott that smooth oasis.	Dan wouldn't boycott those smooth oasis.	-113.0	-112.5	-10.25	-10.25	False	False	morphology	determiner_noun_agreement	Write a natural, coherent English sentence.
262	24	Those men leave that brown oasis.	Those men leave those brown oasis.	-82.0	-82.0	-10.25	-10.25	False	False	morphology	determiner_noun_agreement	Write a natural, coherent English sentence.
263	24	Lissa does pass these black oases.	Lissa does pass this black oases.	-93.0	-93.0	-10.375	-10.375	False	False	morphology	determiner_noun_agreement	Write a natural, coherent English sentence.
264	24	Alice had embarrassed this happy man.	Alice had embarrassed these happy man.	-72.0	-72.0	-10.3125	-10.3125	False	False	morphology	determiner_noun_agreement	Write a natural, coherent English sentence.
265	24	Wayne is worrying that hopeful child.	Wayne is worrying those hopeful child.	-82.5	-82.5	-10.3125	-10.3125	False	False	morphology	determiner_noun_agreement	Write a natural, coherent English sentence.
266	24	Lucille is biking to that green oasis.	Lucille is biking to those green oasis.	-112.0	-112.0	-10.1875	-10.1875	False	False	morphology	determiner_noun_agreement	Write a natural, coherent English sentence.
267	24	Katherine hadn't skated around this white oasis.	Katherine hadn't skated around these white oasis.	-134.0	-134.0	-10.25	-10.25	False	False	morphology	determiner_noun_agreement	Write a natural, coherent English sentence.
268	24	James observed this hopeful child.	James observed these hopeful child.	-72.0	-71.5	-10.25	-10.25	False	False	morphology	determiner_noun_agreement	Write a natural, coherent English sentence.
269	24	Gerald liked this big child.	Gerald liked these big child.	-71.5	-71.5	-10.25	-10.25	False	False	morphology	determiner_noun_agreement	Write a natural, coherent English sentence.
270	24	That committee wasn't hiring this displeased alumnus.	That committee wasn't hiring these displeased alumnus.	-143.0	-143.0	-10.25	-10.25	False	False	morphology	determiner_noun_agreement	Write a natural, coherent English sentence.
271	24	Gary isn't breaking that white tooth.	Gary isn't breaking those white tooth.	-93.0	-93.0	-10.3125	-10.3125	False	False	morphology	determiner_noun_agreement	Write a natural, coherent English sentence.
272	24	Walter hasn't seen those content children.	Walter hasn't seen that content children.	-93.0	-92.5	-10.3125	-10.3125	False	False	morphology	determiner_noun_agreement	Write a natural, coherent English sentence.
273	24	Martha didn't clean these hidden teeth.	Martha didn't clean this hidden teeth.	-92.5	-92.5	-10.3125	-10.3125	False	False	morphology	determiner_noun_agreement	Write a natural, coherent English sentence.
274	24	These teachers are returning to those lost men.	These teachers are returning to that lost men.	-92.0	-92.5	-10.25	-10.25	True	False	morphology	determiner_noun_agreement	Write a natural, coherent English sentence.
275	24	Ellen hadn't boycotted that hidden oasis.	Ellen hadn't boycotted those hidden oasis.	-123.5	-123.5	-10.3125	-10.3125	False	False	morphology	determiner_noun_agreement	Write a natural, coherent English sentence.
276	24	Some patients drive to these brown oases.	Some patients drive to this brown oases.	-92.5	-92.5	-10.3125	-10.25	False	False	morphology	determiner_noun_agreement	Write a natural, coherent English sentence.
277	24	Nina wasn't referencing this ill person.	Nina wasn't referencing these ill person.	-102.5	-102.5	-10.25	-10.25	False	False	morphology	determiner_noun_agreement	Write a natural, coherent English sentence.
278	24	Denise praises these fast children.	Denise praises this fast children.	-82.0	-82.0	-10.25	-10.25	False	False	morphology	determiner_noun_agreement	Write a natural, coherent English sentence.
279	24	Most customers attack that clever man.	Most customers attack those clever man.	-72.5	-72.5	-10.375	-10.375	False	False	morphology	determiner_noun_agreement	Write a natural, coherent English sentence.
280	24	Every photograph looks like those exposed people.	Every photograph looks like that exposed people.	-82.0	-82.0	-10.25	-10.25	False	False	morphology	determiner_noun_agreement	Write a natural, coherent English sentence.
281	24	Cindy shouldn't cure that confident alumnus.	Cindy shouldn't cure those confident alumnus.	-134.0	-134.0	-10.25	-10.25	False	False	morphology	determiner_noun_agreement	Write a natural, coherent English sentence.
282	24	The Borgias reveal these blue feet.	The Borgias reveal this blue feet.	-93.0	-93.5	-10.375	-10.375	True	False	morphology	determiner_noun_agreement	Write a natural, coherent English sentence.
283	24	Ella lifts these exposed fungi.	Ella lifts this exposed fungi.	-92.5	-92.5	-10.3125	-10.25	False	False	morphology	determiner_noun_agreement	Write a natural, coherent English sentence.
284	24	The Lutherans astound that unsure person.	The Lutherans astound those unsure person.	-102.5	-102.5	-10.25	-10.25	False	False	morphology	determiner_noun_agreement	Write a natural, coherent English sentence.
285	24	These cakes bore that determined woman.	These cakes bore those determined woman.	-82.5	-82.5	-10.3125	-10.3125	False	False	morphology	determiner_noun_agreement	Write a natural, coherent English sentence.
286	24	Nina lifts this orange cactus.	Nina lifts these orange cactus.	-92.0	-92.0	-10.25	-10.25	False	False	morphology	determiner_noun_agreement	Write a natural, coherent English sentence.
287	24	The actors kiss these unconvinced children.	The actors kiss this unconvinced children.	-102.5	-102.5	-10.25	-10.25	False	False	morphology	determiner_noun_agreement	Write a natural, coherent English sentence.
288	24	Sharon dislikes that brown thesis.	Sharon dislikes those brown thesis.	-92.5	-92.5	-10.25	-10.25	False	False	morphology	determiner_noun_agreement	Write a natural, coherent English sentence.
289	24	The customers sell these rough fungi.	The customers sell this rough fungi.	-82.5	-82.5	-10.3125	-10.3125	False	False	morphology	determiner_noun_agreement	Write a natural, coherent English sentence.
290	24	Janice didn't cure those employed men.	Janice didn't cure that employed men.	-102.5	-102.5	-10.25	-10.25	False	False	morphology	determiner_noun_agreement	Write a natural, coherent English sentence.
291	24	Paula left this uncertain person.	Paula left these uncertain person.	-72.0	-72.0	-10.3125	-10.3125	False	False	morphology	determiner_noun_agreement	Write a natural, coherent English sentence.
292	24	Those guys had escaped from those employed children.	Those guys had escaped from that employed children.	-92.0	-92.5	-10.25	-10.25	True	False	morphology	determiner_noun_agreement	Write a natural, coherent English sentence.
293	24	Christine wasn't touring that old oasis.	Christine wasn't touring those old oasis.	-122.5	-123.0	-10.25	-10.25	True	False	morphology	determiner_noun_agreement	Write a natural, coherent English sentence.
294	24	These waitresses praise this rough thesis.	These waitresses praise these rough thesis.	-92.0	-92.0	-10.1875	-10.1875	False	False	morphology	determiner_noun_agreement	Write a natural, coherent English sentence.
295	24	Some girls hadn't passed this concealed oasis.	Some girls hadn't passed these concealed oasis.	-123.5	-123.5	-10.3125	-10.3125	False	False	morphology	determiner_noun_agreement	Write a natural, coherent English sentence.
296	24	Andrea lifts these small cacti.	Andrea lifts this small cacti.	-92.5	-92.5	-10.3125	-10.3125	False	False	morphology	determiner_noun_agreement	Write a natural, coherent English sentence.
297	24	Kristen is scanning those bad synopses.	Kristen is scanning that bad synopses.	-113.0	-113.0	-10.25	-10.25	False	False	morphology	determiner_noun_agreement	Write a natural, coherent English sentence.
298	24	Alan is skated around these cheap oases.	Alan is skated around this cheap oases.	-103.0	-103.0	-10.3125	-10.3125	False	False	morphology	determiner_noun_agreement	Write a natural, coherent English sentence.
299	24	Kayla has investigated these busy people.	Kayla has investigated this busy people.	-82.5	-82.5	-10.3125	-10.3125	False	False	morphology	determiner_noun_agreement	Write a natural, coherent English sentence.
300	24	Timothy observes that good woman.	Timothy observes those good woman.	-82.0	-82.0	-10.25	-10.25	False	False	morphology	determiner_noun_agreement	Write a natural, coherent English sentence.
301	24	Every museum hadn't discussed those hidden theses.	Every museum hadn't discussed that hidden theses.	-113.0	-113.5	-10.25	-10.3125	True	True	morphology	determiner_noun_agreement	Write a natural, coherent English sentence.
302	24	Some cashiers help this troubled person.	Some cashiers help these troubled person.	-91.5	-91.5	-10.1875	-10.1875	False	False	morphology	determiner_noun_agreement	Write a natural, coherent English sentence.
303	24	Amanda was attacking that displeased woman.	Amanda was attacking those displeased woman.	-92.5	-92.5	-10.3125	-10.3125	False	False	morphology	determiner_noun_agreement	Write a natural, coherent English sentence.
304	24	This window upsets these lost people.	This window upsets this lost people.	-82.0	-82.5	-10.25	-10.3125	True	True	morphology	determiner_noun_agreement	Write a natural, coherent English sentence.
305	24	Cindy wasn't bringing those gray cacti.	Cindy wasn't bringing that gray cacti.	-134.0	-134.0	-10.3125	-10.3125	False	False	morphology	determiner_noun_agreement	Write a natural, coherent English sentence.
306	24	Peter complained about these good synopses.	Peter complained about this good synopses.	-92.0	-92.0	-10.1875	-10.1875	False	False	morphology	determiner_noun_agreement	Write a natural, coherent English sentence.
307	24	Danielle was touring those new oases.	Danielle was touring that new oases.	-102.0	-102.0	-10.1875	-10.1875	False	False	morphology	determiner_noun_agreement	Write a natural, coherent English sentence.
308	24	Elaine discusses that standing person.	Elaine discusses those standing person.	-82.0	-82.0	-10.25	-10.25	False	False	morphology	determiner_noun_agreement	Write a natural, coherent English sentence.
309	24	Jacqueline had healed those rough geese.	Jacqueline had healed that rough geese.	-112.5	-113.0	-10.25	-10.25	True	False	morphology	determiner_noun_agreement	Write a natural, coherent English sentence.
310	24	All rivers were distracting those standing men.	All rivers were distracting that standing men.	-92.5	-93.0	-10.3125	-10.3125	True	False	morphology	determiner_noun_agreement	Write a natural, coherent English sentence.
311	24	Some people exit those yellow oases.	Some people exit that yellow oases.	-82.0	-82.0	-10.25	-10.25	False	False	morphology	determiner_noun_agreement	Write a natural, coherent English sentence.
312	24	Becca isn't exploring these hard oases.	Becca isn't exploring this hard oases.	-113.0	-113.0	-10.3125	-10.3125	False	False	morphology	determiner_noun_agreement	Write a natural, coherent English sentence.
313	24	Timothy revealed that big foot.	Timothy revealed those big foot.	-71.5	-71.5	-10.1875	-10.25	False	True	morphology	determiner_noun_agreement	Write a natural, coherent English sentence.
314	24	Adam fires these determined men.	Adam fires this determined men.	-62.0	-62.25	-10.375	-10.375	True	False	morphology	determiner_noun_agreement	Write a natural, coherent English sentence.
315	24	The teenagers clean this purple foot.	The teenagers clean these purple foot.	-81.5	-81.5	-10.1875	-10.1875	False	False	morphology	determiner_noun_agreement	Write a natural, coherent English sentence.
316	24	The Great Lakes could annoy that troubled man.	The Great Lakes could annoy those troubled man.	-112.5	-112.5	-10.25	-10.25	False	False	morphology	determiner_noun_agreement	Write a natural, coherent English sentence.
317	24	Karen discusses those bad men.	Karen discusses that bad men.	-72.0	-72.0	-10.3125	-10.3125	False	False	morphology	determiner_noun_agreement	Write a natural, coherent English sentence.
318	24	Phillip didn't find those ill alumni.	Phillip didn't find that ill alumni.	-122.5	-122.5	-10.1875	-10.1875	False	False	morphology	determiner_noun_agreement	Write a natural, coherent English sentence.
319	24	A lot of men reference these good analyses.	A lot of men reference this good analyses.	-102.5	-102.5	-10.25	-10.25	False	False	morphology	determiner_noun_agreement	Write a natural, coherent English sentence.
320	24	Larry had insulted these lucky children.	Larry had insulted this lucky children.	-82.0	-82.0	-10.25	-10.25	False	False	morphology	determiner_noun_agreement	Write a natural, coherent English sentence.
321	24	Debra is firing that determined child.	Debra is firing those determined child.	-82.5	-82.5	-10.3125	-10.3125	False	False	morphology	determiner_noun_agreement	Write a natural, coherent English sentence.
322	24	Noah was watching that fast woman.	Noah was watching those fast woman.	-72.0	-72.0	-10.3125	-10.3125	False	False	morphology	determiner_noun_agreement	Write a natural, coherent English sentence.
323	24	Gina works with that displeased person.	Gina works with those displeased person.	-103.0	-103.0	-10.25	-10.3125	False	True	morphology	determiner_noun_agreement	Write a natural, coherent English sentence.
324	24	Most doctors would bring these big nuclei.	Most doctors would bring this big nuclei.	-93.0	-93.0	-10.3125	-10.3125	False	False	morphology	determiner_noun_agreement	Write a natural, coherent English sentence.
325	24	All drawings alarm that unconvinced child.	All drawings alarm those unconvinced child.	-103.0	-103.0	-10.3125	-10.25	False	False	morphology	determiner_noun_agreement	Write a natural, coherent English sentence.
326	24	Some libraries hate that busy man.	Some libraries hate those busy man.	-72.0	-72.0	-10.3125	-10.3125	False	False	morphology	determiner_noun_agreement	Write a natural, coherent English sentence.
327	24	Derek disgusted that unemployed child.	Derek disgusted those unemployed child.	-92.0	-92.0	-10.25	-10.25	False	False	morphology	determiner_noun_agreement	Write a natural, coherent English sentence.
328	24	Marla hadn't fired these good men.	Marla hadn't fired this good men.	-103.0	-103.0	-10.3125	-10.3125	False	False	morphology	determiner_noun_agreement	Write a natural, coherent English sentence.
329	24	Carmen examined that red thesis.	Carmen examined those red thesis.	-72.0	-72.0	-10.3125	-10.3125	False	False	morphology	determiner_noun_agreement	Write a natural, coherent English sentence.
330	24	Amelia investigates this smart woman.	Amelia investigates these smart woman.	-82.0	-82.0	-10.25	-10.25	False	False	morphology	determiner_noun_agreement	Write a natural, coherent English sentence.
331	24	The Borgias hire that displeased alumnus.	The Borgias hire those displeased alumnus.	-133.0	-133.0	-10.25	-10.25	False	False	morphology	determiner_noun_agreement	Write a natural, coherent English sentence.
332	24	Stacey would arrive at these orange oases.	Stacey would arrive at this orange oases.	-112.5	-112.5	-10.1875	-10.1875	False	False	morphology	determiner_noun_agreement	Write a natural, coherent English sentence.
333	24	Anna works with this lucky man.	Anna works with these lucky man.	-72.0	-72.0	-10.3125	-10.3125	False	False	morphology	determiner_noun_agreement	Write a natural, coherent English sentence.
334	24	Walter has scanned this rough thesis.	Walter has scanned these rough thesis.	-83.0	-83.0	-10.375	-10.375	False	False	morphology	determiner_noun_agreement	Write a natural, coherent English sentence.
335	24	Some mushroom bothered that lucky woman.	Some mushroom bothered those lucky woman.	-81.5	-82.0	-10.1875	-10.25	True	True	morphology	determiner_noun_agreement	Write a natural, coherent English sentence.
336	24	Cynthia walked through this hard oasis.	Cynthia walked through these hard oasis.	-112.0	-112.0	-10.1875	-10.1875	False	False	morphology	determiner_noun_agreement	Write a natural, coherent English sentence.
337	24	Liam has healed these black oxen.	Liam has healed this black oxen.	-102.5	-102.5	-10.25	-10.25	False	False	morphology	determiner_noun_agreement	Write a natural, coherent English sentence.
338	24	Andrew did notice these white axes.	Andrew did notice this white axes.	-82.5	-82.5	-10.3125	-10.3125	False	False	morphology	determiner_noun_agreement	Write a natural, coherent English sentence.
339	24	Bethany kisses these serious alumni.	Bethany kisses this serious alumni.	-102.0	-102.0	-10.1875	-10.1875	False	False	morphology	determiner_noun_agreement	Write a natural, coherent English sentence.
340	24	Vanessa watches this nice person.	Vanessa watches these nice person.	-72.0	-71.5	-10.25	-10.25	False	False	morphology	determiner_noun_agreement	Write a natural, coherent English sentence.
341	24	Every window astounded that big man.	Every window astounded those big man.	-92.0	-92.0	-10.1875	-10.1875	False	False	morphology	determiner_noun_agreement	Write a natural, coherent English sentence.
342	24	Donna leaves that upset man.	Donna leaves those upset man.	-72.0	-72.0	-10.25	-10.25	False	False	morphology	determiner_noun_agreement	Write a natural, coherent English sentence.
343	24	Many students drop by that orange oasis.	Many students drop by those orange oasis.	-92.5	-92.5	-10.25	-10.25	False	False	morphology	determiner_noun_agreement	Write a natural, coherent English sentence.
344	24	The sketches looked like this unsure man.	The sketches looked like these unsure man.	-112.5	-112.5	-10.25	-10.25	False	False	morphology	determiner_noun_agreement	Write a natural, coherent English sentence.
345	24	Helen fixes that broken tooth.	Helen fixes those broken tooth.	-71.0	-71.0	-10.125	-10.1875	False	True	morphology	determiner_noun_agreement	Write a natural, coherent English sentence.
346	24	Robert wasn't annoying that old person.	Robert wasn't annoying those old person.	-93.0	-93.0	-10.3125	-10.3125	False	False	morphology	determiner_noun_agreement	Write a natural, coherent English sentence.
347	24	Amy isn't talking to that young woman.	Amy isn't talking to those young woman.	-103.0	-103.0	-10.25	-10.25	False	False	morphology	determiner_noun_agreement	Write a natural, coherent English sentence.
348	24	Alan hadn't remembered these long analyses.	Alan hadn't remembered this long analyses.	-102.5	-103.0	-10.25	-10.3125	True	True	morphology	determiner_noun_agreement	Write a natural, coherent English sentence.
349	24	Stephen is working with these out in the open women.	Stephen is working with this out in the open women.	-113.0	-113.0	-10.3125	-10.3125	False	False	morphology	determiner_noun_agreement	Write a natural, coherent English sentence.
350	24	This library had discussed these employed men.	This library had discussed this employed men.	-83.0	-83.0	-10.375	-10.375	False	False	morphology	determiner_noun_agreement	Write a natural, coherent English sentence.
351	24	This teenager can't worry those delighted men.	This teenager can't worry that delighted men.	-103.5	-103.5	-10.375	-10.375	False	False	morphology	determiner_noun_agreement	Write a natural, coherent English sentence.
352	24	Wendy revealed that sick octopus.	Wendy revealed those sick octopus.	-92.0	-92.0	-10.1875	-10.25	False	True	morphology	determiner_noun_agreement	Write a natural, coherent English sentence.
353	24	The Clintons haven't worked with that young person.	The Clintons haven't worked with those young person.	-133.0	-133.0	-10.25	-10.25	False	False	morphology	determiner_noun_agreement	Write a natural, coherent English sentence.
354	24	Some committee aggravates this unconvinced woman.	Some committee aggravates these unconvinced woman.	-122.5	-122.5	-10.1875	-10.1875	False	False	morphology	determiner_noun_agreement	Write a natural, coherent English sentence.
355	24	Guy bored that troubled man.	Guy bored those troubled man.	-72.5	-72.5	-10.3125	-10.3125	False	False	morphology	determiner_noun_agreement	Write a natural, coherent English sentence.
356	24	Every actress scanned those bad analyses.	Every actress scanned that bad analyses.	-92.5	-93.0	-10.3125	-10.3125	True	False	morphology	determiner_noun_agreement	Write a natural, coherent English sentence.
357	24	A library alarms that determined child.	A library alarms those determined child.	-83.0	-83.0	-10.375	-10.375	False	False	morphology	determiner_noun_agreement	Write a natural, coherent English sentence.
358	24	Sheila can't notice this clever man.	Sheila can't notice these clever man.	-103.0	-103.0	-10.25	-10.25	False	False	morphology	determiner_noun_agreement	Write a natural, coherent English sentence.
359	24	James forgets this fast alumnus.	James forgets these fast alumnus.	-92.0	-92.0	-10.1875	-10.1875	False	False	morphology	determiner_noun_agreement	Write a natural, coherent English sentence.
360	24	Noah hasn't thought about these smooth lice.	Noah hasn't thought about this smooth lice.	-113.0	-113.0	-10.25	-10.25	False	False	morphology	determiner_noun_agreement	Write a natural, coherent English sentence.
361	24	Aaron sees these gray oases.	Aaron sees this gray oases.	-72.0	-72.0	-10.3125	-10.3125	False	False	morphology	determiner_noun_agreement	Write a natural, coherent English sentence.
362	24	Sherry has taken this standing goose.	Sherry has taken these standing goose.	-92.5	-92.5	-10.3125	-10.3125	False	False	morphology	determiner_noun_agreement	Write a natural, coherent English sentence.
363	24	Marie hasn't found those ill geese.	Marie hasn't found that ill geese.	-102.5	-102.5	-10.25	-10.25	False	False	morphology	determiner_noun_agreement	Write a natural, coherent English sentence.
364	24	Peter isn't arriving at that red oasis.	Peter isn't arriving at those red oasis.	-112.5	-112.5	-10.1875	-10.25	False	True	morphology	determiner_noun_agreement	Write a natural, coherent English sentence.
365	24	Jill isn't boycotting those orange oases.	Jill isn't boycotting that orange oases.	-143.0	-144.0	-10.25	-10.25	True	False	morphology	determiner_noun_agreement	Write a natural, coherent English sentence.
366	24	Julia messes up that orange foot.	Julia messes up those orange foot.	-82.0	-82.0	-10.25	-10.25	False	False	morphology	determiner_noun_agreement	Write a natural, coherent English sentence.
367	24	That hill didn't disturb that content woman.	That hill didn't disturb those content woman.	-103.0	-103.0	-10.25	-10.3125	False	True	morphology	determiner_noun_agreement	Write a natural, coherent English sentence.
368	24	Suzanne has concealed that concealed man.	Suzanne has concealed those concealed man.	-102.0	-102.0	-10.1875	-10.1875	False	False	morphology	determiner_noun_agreement	Write a natural, coherent English sentence.
369	24	Alicia sells that orange octopus.	Alicia sells those orange octopus.	-111.5	-111.5	-10.125	-10.125	False	False	morphology	determiner_noun_agreement	Write a natural, coherent English sentence.
370	24	Leslie has discussed that delighted child.	Leslie has discussed those delighted child.	-82.0	-82.0	-10.25	-10.25	False	False	morphology	determiner_noun_agreement	Write a natural, coherent English sentence.
371	24	Andrea could like these white lice.	Andrea could like this white lice.	-82.5	-82.5	-10.3125	-10.3125	False	False	morphology	determiner_noun_agreement	Write a natural, coherent English sentence.
372	24	Most children break those rough teeth.	Most children break that rough teeth.	-72.0	-72.0	-10.3125	-10.3125	False	False	morphology	determiner_noun_agreement	Write a natural, coherent English sentence.
373	24	Richard did work with this clever child.	Richard did work with these clever child.	-82.5	-82.5	-10.3125	-10.3125	False	False	morphology	determiner_noun_agreement	Write a natural, coherent English sentence.
374	24	Anne hugs this unemployed woman.	Anne hugs these unemployed woman.	-81.5	-81.5	-10.1875	-10.1875	False	False	morphology	determiner_noun_agreement	Write a natural, coherent English sentence.
375	24	Those actors attack that excited child.	Those actors attack those excited child.	-72.5	-72.5	-10.375	-10.3125	False	False	morphology	determiner_noun_agreement	Write a natural, coherent English sentence.
376	24	Bruce was hugging that unconvinced man.	Bruce was hugging those unconvinced man.	-112.0	-112.0	-10.1875	-10.1875	False	False	morphology	determiner_noun_agreement	Write a natural, coherent English sentence.
377	24	Patrick hasn't hidden this orange oasis.	Patrick hasn't hidden these orange oasis.	-103.0	-103.0	-10.3125	-10.3125	False	False	morphology	determiner_noun_agreement	Write a natural, coherent English sentence.
378	24	Alicia hadn't discussed that uncertain person.	Alicia hadn't discussed those uncertain person.	-113.0	-113.0	-10.25	-10.25	False	False	morphology	determiner_noun_agreement	Write a natural, coherent English sentence.
379	24	Susan wasn't talking to those confident men.	Susan wasn't talking to that confident men.	-102.5	-102.5	-10.25	-10.25	False	False	morphology	determiner_noun_agreement	Write a natural, coherent English sentence.
380	24	Cheryl will scan that good synopsis.	Cheryl will scan those good synopsis.	-92.0	-92.0	-10.25	-10.25	False	False	morphology	determiner_noun_agreement	Write a natural, coherent English sentence.
381	24	Tamara kissed that unsure man.	Tamara kissed those unsure man.	-82.0	-82.0	-10.25	-10.25	False	False	morphology	determiner_noun_agreement	Write a natural, coherent English sentence.
382	24	Craig boasts about those bad analyses.	Craig boasts about that bad analyses.	-92.0	-92.0	-10.25	-10.25	False	False	morphology	determiner_noun_agreement	Write a natural, coherent English sentence.
383	24	Randolf hadn't hugged those serious people.	Randolf hadn't hugged that serious people.	-113.0	-113.0	-10.25	-10.25	False	False	morphology	determiner_noun_agreement	Write a natural, coherent English sentence.
384	24	Many doctors cure these exposed men.	Many doctors cure this exposed men.	-72.0	-72.0	-10.3125	-10.3125	False	False	morphology	determiner_noun_agreement	Write a natural, coherent English sentence.
385	24	Women criticized those smooth theses.	Women criticized that smooth theses.	-81.5	-81.5	-10.1875	-10.1875	False	False	morphology	determiner_noun_agreement	Write a natural, coherent English sentence.
386	24	Some light disturbs that old person.	Some light disturbs those old person.	-92.5	-92.5	-10.3125	-10.3125	False	False	morphology	determiner_noun_agreement	Write a natural, coherent English sentence.
387	24	Carol was questioning this big man.	Carol was questioning these big man.	-72.0	-72.0	-10.3125	-10.3125	False	False	morphology	determiner_noun_agreement	Write a natural, coherent English sentence.
388	24	Sara has gone to that old oasis.	Sara has gone to those old oasis.	-92.0	-92.0	-10.1875	-10.25	False	True	morphology	determiner_noun_agreement	Write a natural, coherent English sentence.
389	24	Steven brought these red oases.	Steven brought this red oases.	-72.0	-72.0	-10.25	-10.25	False	False	morphology	determiner_noun_agreement	Write a natural, coherent English sentence.
390	24	Diana will disgust these ill children.	Diana will disgust this ill children.	-72.5	-72.5	-10.375	-10.375	False	False	morphology	determiner_noun_agreement	Write a natural, coherent English sentence.
391	24	Steven disturbs these sick alumni.	Steven disturbs this sick alumni.	-103.0	-103.0	-10.25	-10.3125	False	True	morphology	determiner_noun_agreement	Write a natural, coherent English sentence.
392	24	Angela wasn't lifting these blue feet.	Angela wasn't lifting this blue feet.	-92.5	-93.0	-10.3125	-10.3125	True	False	morphology	determiner_noun_agreement	Write a natural, coherent English sentence.
393	24	Sharon hasn't stunned that unsure child.	Sharon hasn't stunned those unsure child.	-124.0	-124.0	-10.3125	-10.3125	False	False	morphology	determiner_noun_agreement	Write a natural, coherent English sentence.
394	24	These girls question that concealed man.	These girls question those concealed man.	-82.5	-82.5	-10.3125	-10.3125	False	False	morphology	determiner_noun_agreement	Write a natural, coherent English sentence.
395	24	Martha wasn't kissing this unemployed man.	Martha wasn't kissing these unemployed man.	-112.0	-112.0	-10.1875	-10.1875	False	False	morphology	determiner_noun_agreement	Write a natural, coherent English sentence.
396	24	Kendra isn't working with this excited child.	Kendra isn't working with these excited child.	-123.5	-123.5	-10.3125	-10.3125	False	False	morphology	determiner_noun_agreement	Write a natural, coherent English sentence.
397	24	All actresses praise this hard thesis.	All actresses praise these hard thesis.	-82.0	-82.0	-10.25	-10.25	False	False	morphology	determiner_noun_agreement	Write a natural, coherent English sentence.
398	24	David cleans that hard tooth.	David cleans those hard tooth.	-72.0	-72.0	-10.3125	-10.3125	False	False	morphology	determiner_noun_agreement	Write a natural, coherent English sentence.
399	24	Julia sounded like this uncertain person.	Julia sounded like these uncertain person.	-72.0	-72.0	-10.3125	-10.3125	False	False	morphology	determiner_noun_agreement	Write a natural, coherent English sentence.
400	24	Those actors attacked that happy alumnus.	Those actors attacked those happy alumnus.	-92.5	-92.0	-10.25	-10.25	False	False	morphology	determiner_noun_agreement	Write a natural, coherent English sentence.
401	24	Eva hadn't admired these black fungi.	Eva hadn't admired this black fungi.	-113.0	-113.0	-10.25	-10.3125	False	True	morphology	determiner_noun_agreement	Write a natural, coherent English sentence.
402	24	Many chairs aren't disgusting this unlucky child.	Many chairs aren't disgusting these unlucky child.	-133.0	-133.0	-10.25	-10.25	False	False	morphology	determiner_noun_agreement	Write a natural, coherent English sentence.
403	24	Those waiters break these rough teeth.	Those waiters break this rough teeth.	-82.5	-82.5	-10.3125	-10.3125	False	False	morphology	determiner_noun_agreement	Write a natural, coherent English sentence.
404	24	Becca leaves this uncertain child.	Becca leaves these uncertain child.	-72.0	-72.0	-10.25	-10.25	False	False	morphology	determiner_noun_agreement	Write a natural, coherent English sentence.
405	24	Some steak disturbs these displeased children.	Some steak disturbs this displeased children.	-123.0	-123.0	-10.25	-10.25	False	False	morphology	determiner_noun_agreement	Write a natural, coherent English sentence.
406	24	Christine wouldn't conceal this lost stimulus.	Christine wouldn't conceal these lost stimulus.	-123.0	-123.0	-10.25	-10.25	False	False	morphology	determiner_noun_agreement	Write a natural, coherent English sentence.
407	24	Every face irritates those unemployed alumni.	Every face irritates that unemployed alumni.	-112.0	-112.0	-10.1875	-10.1875	False	False	morphology	determiner_noun_agreement	Write a natural, coherent English sentence.
408	24	Susan noticed that unlucky person.	Susan noticed those unlucky person.	-81.5	-82.0	-10.1875	-10.25	True	True	morphology	determiner_noun_agreement	Write a natural, coherent English sentence.
409	24	Some women drop by those concealed oases.	Some women drop by that concealed oases.	-103.0	-103.0	-10.3125	-10.3125	False	False	morphology	determiner_noun_agreement	Write a natural, coherent English sentence.
410	24	The Clintons disagree with these serious men.	The Clintons disagree with this serious men.	-102.5	-102.5	-10.25	-10.25	False	False	morphology	determiner_noun_agreement	Write a natural, coherent English sentence.
411	24	Phillip discovers these busy women.	Phillip discovers this busy women.	-82.0	-82.0	-10.25	-10.25	False	False	morphology	determiner_noun_agreement	Write a natural, coherent English sentence.
412	24	Waiters investigate that hopeful woman.	Waiters investigate those hopeful woman.	-81.5	-82.0	-10.1875	-10.25	True	True	morphology	determiner_noun_agreement	Write a natural, coherent English sentence.
413	24	Regina hasn't found these white nuclei.	Regina hasn't found this white nuclei.	-123.5	-123.5	-10.3125	-10.25	False	False	morphology	determiner_noun_agreement	Write a natural, coherent English sentence.
414	24	Irene scanned those purple theses.	Irene scanned that purple theses.	-92.0	-92.5	-10.25	-10.25	True	False	morphology	determiner_noun_agreement	Write a natural, coherent English sentence.
415	24	A bank references those popular people.	A bank references that popular people.	-72.5	-72.5	-10.375	-10.375	False	False	morphology	determiner_noun_agreement	Write a natural, coherent English sentence.
416	24	Vincent tours this old oasis.	Vincent tours these old oasis.	-72.0	-72.0	-10.25	-10.25	False	False	morphology	determiner_noun_agreement	Write a natural, coherent English sentence.
417	24	Alicia kisses that standing woman.	Alicia kisses those standing woman.	-92.0	-92.0	-10.25	-10.25	False	False	morphology	determiner_noun_agreement	Write a natural, coherent English sentence.
418	24	Some candles aren't boring those displeased men.	Some candles aren't boring that displeased men.	-133.0	-134.0	-10.25	-10.25	True	False	morphology	determiner_noun_agreement	Write a natural, coherent English sentence.
419	24	That teenager does care for this old alumnus.	That teenager does care for these old alumnus.	-112.0	-112.0	-10.1875	-10.1875	False	False	morphology	determiner_noun_agreement	Write a natural, coherent English sentence.
420	24	A lot of drawings weren't alarming that displeased man.	A lot of drawings weren't alarming those displeased man.	-154.0	-154.0	-10.25	-10.25	False	False	morphology	determiner_noun_agreement	Write a natural, coherent English sentence.
421	24	That face astounded that important woman.	That face astounded those important woman.	-92.0	-92.0	-10.1875	-10.1875	False	False	morphology	determiner_noun_agreement	Write a natural, coherent English sentence.
422	24	Tiffany had approached these unemployed people.	Tiffany had approached this unemployed people.	-102.0	-102.0	-10.1875	-10.1875	False	False	morphology	determiner_noun_agreement	Write a natural, coherent English sentence.
423	24	Christina is passing these rough oases.	Christina is passing this rough oases.	-92.0	-92.5	-10.25	-10.25	True	False	morphology	determiner_noun_agreement	Write a natural, coherent English sentence.
424	24	Debra was praising those busy people.	Debra was praising that busy people.	-92.5	-92.5	-10.25	-10.25	False	False	morphology	determiner_noun_agreement	Write a natural, coherent English sentence.
425	24	The doctors didn't care for these scared children.	The doctors didn't care for this scared children.	-112.5	-113.0	-10.25	-10.25	True	False	morphology	determiner_noun_agreement	Write a natural, coherent English sentence.
426	24	Those ladders stun these small people.	Those ladders stun this small people.	-103.0	-103.0	-10.3125	-10.3125	False	False	morphology	determiner_noun_agreement	Write a natural, coherent English sentence.
427	24	Samuel isn't distracting these clever women.	Samuel isn't distracting this clever women.	-103.0	-103.0	-10.3125	-10.3125	False	False	morphology	determiner_noun_agreement	Write a natural, coherent English sentence.
428	24	Lucille dropped by those new oases.	Lucille dropped by that new oases.	-92.0	-92.0	-10.25	-10.25	False	False	morphology	determiner_noun_agreement	Write a natural, coherent English sentence.
429	24	A legislature should aggravate that busy child.	A legislature should aggravate those busy child.	-112.5	-112.5	-10.25	-10.25	False	False	morphology	determiner_noun_agreement	Write a natural, coherent English sentence.
430	24	Larry observed that lucky child.	Larry observed those lucky child.	-61.75	-62.0	-10.3125	-10.375	True	True	morphology	determiner_noun_agreement	Write a natural, coherent English sentence.
431	24	Lawrence wasn't approaching those troubled children.	Lawrence wasn't approaching that troubled children.	-102.5	-103.0	-10.25	-10.3125	True	True	morphology	determiner_noun_agreement	Write a natural, coherent English sentence.
432	24	Most libraries describe those delighted men.	Most libraries describe that delighted men.	-72.5	-72.5	-10.375	-10.375	False	False	morphology	determiner_noun_agreement	Write a natural, coherent English sentence.
433	24	The Impressionists alarms that sick child.	The Impressionists alarms those sick child.	-102.0	-102.5	-10.25	-10.25	True	False	morphology	determiner_noun_agreement	Write a natural, coherent English sentence.
434	24	A lot of children have this exposed axis.	A lot of children have these exposed axis.	-92.0	-92.0	-10.25	-10.25	False	False	morphology	determiner_noun_agreement	Write a natural, coherent English sentence.
435	24	Melissa couldn't reveal that small man.	Melissa couldn't reveal those small man.	-102.5	-103.0	-10.25	-10.25	True	False	morphology	determiner_noun_agreement	Write a natural, coherent English sentence.
436	24	These carriages won't impress those bad men.	These carriages won't impress that bad men.	-113.0	-113.5	-10.3125	-10.3125	True	False	morphology	determiner_noun_agreement	Write a natural, coherent English sentence.
437	24	Many girls drop by that red oasis.	Many girls drop by those red oasis.	-92.5	-92.5	-10.25	-10.25	False	False	morphology	determiner_noun_agreement	Write a natural, coherent English sentence.
438	24	The Impressionists fled from this small woman.	The Impressionists fled from these small woman.	-101.5	-101.5	-10.125	-10.1875	False	True	morphology	determiner_noun_agreement	Write a natural, coherent English sentence.
439	24	Ann arrived at that blue oasis.	Ann arrived at those blue oasis.	-81.5	-82.0	-10.1875	-10.25	True	True	morphology	determiner_noun_agreement	Write a natural, coherent English sentence.
440	24	The sock isn't disturbing those lucky children.	The sock isn't disturbing that lucky children.	-112.5	-112.5	-10.25	-10.25	False	False	morphology	determiner_noun_agreement	Write a natural, coherent English sentence.
441	24	Those socks were shocking those unlucky men.	Those socks were shocking that unlucky men.	-112.0	-112.0	-10.1875	-10.1875	False	False	morphology	determiner_noun_agreement	Write a natural, coherent English sentence.
442	24	Christine wasn't walking through those cheap oases.	Christine wasn't walking through that cheap oases.	-123.0	-123.0	-10.25	-10.25	False	False	morphology	determiner_noun_agreement	Write a natural, coherent English sentence.
443	24	Mary appreciates those content women.	Mary appreciates that content women.	-72.5	-72.0	-10.3125	-10.3125	False	False	morphology	determiner_noun_agreement	Write a natural, coherent English sentence.
444	24	That lady didn't question this ill person.	That lady didn't question these ill person.	-103.0	-103.0	-10.3125	-10.3125	False	False	morphology	determiner_noun_agreement	Write a natural, coherent English sentence.
445	24	Most birds annoy this young woman.	Most birds annoy these young woman.	-71.5	-71.5	-10.1875	-10.25	False	True	morphology	determiner_noun_agreement	Write a natural, coherent English sentence.
446	24	Amelia is kissing these content men.	Amelia is kissing this content men.	-92.0	-92.0	-10.25	-10.1875	False	False	morphology	determiner_noun_agreement	Write a natural, coherent English sentence.
447	24	Judy isn't taking those standing oxen.	Judy isn't taking that standing oxen.	-113.0	-113.0	-10.25	-10.25	False	False	morphology	determiner_noun_agreement	Write a natural, coherent English sentence.
448	24	Irene is discussing those clever alumni.	Irene is discussing that clever alumni.	-102.5	-103.0	-10.25	-10.25	True	False	morphology	determiner_noun_agreement	Write a natural, coherent English sentence.
449	24	Danielle could describe these long analyses.	Danielle could describe this long analyses.	-92.0	-92.0	-10.1875	-10.1875	False	False	morphology	determiner_noun_agreement	Write a natural, coherent English sentence.
450	24	Eva hasn't praised that lucky woman.	Eva hasn't praised those lucky woman.	-92.5	-92.5	-10.3125	-10.3125	False	False	morphology	determiner_noun_agreement	Write a natural, coherent English sentence.
451	24	Grace might observe that unlucky woman.	Grace might observe those unlucky woman.	-92.0	-92.0	-10.25	-10.25	False	False	morphology	determiner_noun_agreement	Write a natural, coherent English sentence.
452	24	The Clintons bothered these clever people.	The Clintons bothered this clever people.	-92.5	-93.0	-10.3125	-10.3125	True	False	morphology	determiner_noun_agreement	Write a natural, coherent English sentence.
453	24	April hadn't embarrassed those employed alumni.	April hadn't embarrassed that employed alumni.	-113.0	-113.0	-10.3125	-10.3125	False	False	morphology	determiner_noun_agreement	Write a natural, coherent English sentence.
454	24	Marie shouldn't forget that happy man.	Marie shouldn't forget those happy man.	-92.0	-92.0	-10.25	-10.1875	False	False	morphology	determiner_noun_agreement	Write a natural, coherent English sentence.
455	24	Renee isn't breaking that cheap foot.	Renee isn't breaking those cheap foot.	-113.0	-113.0	-10.3125	-10.3125	False	False	morphology	determiner_noun_agreement	Write a natural, coherent English sentence.
456	24	Monica shouldn't sell those new oases.	Monica shouldn't sell that new oases.	-112.5	-112.5	-10.25	-10.25	False	False	morphology	determiner_noun_agreement	Write a natural, coherent English sentence.
457	24	Every dancer has returned to that troubled man.	Every dancer has returned to those troubled man.	-112.5	-112.5	-10.25	-10.25	False	False	morphology	determiner_noun_agreement	Write a natural, coherent English sentence.
458	24	Those dancers break those green teeth.	Those dancers break that green teeth.	-82.5	-83.0	-10.3125	-10.375	True	True	morphology	determiner_noun_agreement	Write a natural, coherent English sentence.
459	24	These teachers talk about these fast women.	These teachers talk about this fast women.	-82.0	-82.5	-10.25	-10.3125	True	True	morphology	determiner_noun_agreement	Write a natural, coherent English sentence.
460	24	Spain hasn't praised that happy man.	Spain hasn't praised those happy man.	-93.0	-93.0	-10.3125	-10.375	False	True	morphology	determiner_noun_agreement	Write a natural, coherent English sentence.
461	24	Monica does kiss those good people.	Monica does kiss that good people.	-82.0	-82.5	-10.25	-10.3125	True	True	morphology	determiner_noun_agreement	Write a natural, coherent English sentence.
462	24	Benjamin can boast about those busy men.	Benjamin can boast about that busy men.	-92.5	-92.5	-10.25	-10.3125	False	True	morphology	determiner_noun_agreement	Write a natural, coherent English sentence.
463	24	Donald conceals this lost nucleus.	Donald conceals these lost nucleus.	-82.5	-82.5	-10.3125	-10.3125	False	False	morphology	determiner_noun_agreement	Write a natural, coherent English sentence.
464	24	Gregory was embarrassing this big woman.	Gregory was embarrassing these big woman.	-82.5	-82.5	-10.3125	-10.3125	False	False	morphology	determiner_noun_agreement	Write a natural, coherent English sentence.
465	24	The waiter wasn't stunning that hidden child.	The waiter wasn't stunning those hidden child.	-113.5	-113.5	-10.3125	-10.3125	False	False	morphology	determiner_noun_agreement	Write a natural, coherent English sentence.
466	24	A lot of photographs haven't looked like this red stimulus.	A lot of photographs haven't looked like these red stimulus.	-143.0	-143.0	-10.1875	-10.1875	False	False	morphology	determiner_noun_agreement	Write a natural, coherent English sentence.
467	24	A patient fixed those cheap feet.	A patient fixed that cheap feet.	-72.5	-73.0	-10.3125	-10.375	True	True	morphology	determiner_noun_agreement	Write a natural, coherent English sentence.
468	24	Many gates shouldn't astound these unsure alumni.	Many gates shouldn't astound this unsure alumni.	-144.0	-144.0	-10.25	-10.25	False	False	morphology	determiner_noun_agreement	Write a natural, coherent English sentence.
469	24	That picture hasn't looked like these big men.	That picture hasn't looked like this big men.	-112.5	-112.5	-10.25	-10.25	False	False	morphology	determiner_noun_agreement	Write a natural, coherent English sentence.
470	24	These waitresses talk about this hidden thesis.	These waitresses talk about these hidden thesis.	-101.5	-101.5	-10.125	-10.1875	False	True	morphology	determiner_noun_agreement	Write a natural, coherent English sentence.
471	24	Stacy concealed those gray axes.	Stacy concealed that gray axes.	-92.5	-93.0	-10.3125	-10.3125	True	False	morphology	determiner_noun_agreement	Write a natural, coherent English sentence.
472	24	Nicole remembers those serious alumni.	Nicole remembers that serious alumni.	-92.5	-92.5	-10.25	-10.25	False	False	morphology	determiner_noun_agreement	Write a natural, coherent English sentence.
473	24	Leslie hadn't gone to that small oasis.	Leslie hadn't gone to those small oasis.	-122.0	-122.0	-10.1875	-10.1875	False	False	morphology	determiner_noun_agreement	Write a natural, coherent English sentence.
474	24	Joel wasn't praising this ill person.	Joel wasn't praising these ill person.	-103.0	-103.0	-10.3125	-10.3125	False	False	morphology	determiner_noun_agreement	Write a natural, coherent English sentence.
475	24	These drivers embarrasses this young alumnus.	These drivers embarrasses these young alumnus.	-102.0	-102.0	-10.1875	-10.25	False	True	morphology	determiner_noun_agreement	Write a natural, coherent English sentence.
476	24	Beef bores that delighted woman.	Beef bores those delighted woman.	-82.0	-82.5	-10.25	-10.3125	True	True	morphology	determiner_noun_agreement	Write a natural, coherent English sentence.
477	24	Mitchell goes to this gray oasis.	Mitchell goes to these gray oasis.	-82.0	-82.0	-10.25	-10.25	False	False	morphology	determiner_noun_agreement	Write a natural, coherent English sentence.
478	24	The mouth bores these upset men.	The mouth bores this upset men.	-83.0	-83.0	-10.375	-10.375	False	False	morphology	determiner_noun_agreement	Write a natural, coherent English sentence.
479	24	Most legislatures discuss those good people.	Most legislatures discuss that good people.	-83.0	-83.0	-10.375	-10.375	False	False	morphology	determiner_noun_agreement	Write a natural, coherent English sentence.
480	24	The boys mess up those purple feet.	The boys mess up that purple feet.	-82.0	-82.0	-10.25	-10.25	False	False	morphology	determiner_noun_agreement	Write a natural, coherent English sentence.
481	24	Cashiers describe these fast children.	Cashiers describe this fast children.	-72.0	-72.0	-10.25	-10.25	False	False	morphology	determiner_noun_agreement	Write a natural, coherent English sentence.
482	24	Roger has fired those unconvinced men.	Roger has fired that unconvinced men.	-103.0	-103.0	-10.25	-10.25	False	False	morphology	determiner_noun_agreement	Write a natural, coherent English sentence.
483	24	Amy wasn't kissing this content man.	Amy wasn't kissing these content man.	-102.5	-103.0	-10.25	-10.25	True	False	morphology	determiner_noun_agreement	Write a natural, coherent English sentence.
484	24	Every dancer hadn't praised those good analyses.	Every dancer hadn't praised that good analyses.	-124.0	-124.0	-10.3125	-10.375	False	True	morphology	determiner_noun_agreement	Write a natural, coherent English sentence.
485	24	Rhonda wasn't hiding those red mice.	Rhonda wasn't hiding that red mice.	-113.0	-113.0	-10.25	-10.25	False	False	morphology	determiner_noun_agreement	Write a natural, coherent English sentence.
486	24	Every pedestrian talks about that bad synopsis.	Every pedestrian talks about those bad synopsis.	-102.0	-102.0	-10.1875	-10.1875	False	False	morphology	determiner_noun_agreement	Write a natural, coherent English sentence.
487	24	The fish shocks these old alumni.	The fish shocks this old alumni.	-102.0	-102.5	-10.25	-10.25	True	False	morphology	determiner_noun_agreement	Write a natural, coherent English sentence.
488	24	Those waitresses visited those scared alumni.	Those waitresses visited that scared alumni.	-112.0	-112.0	-10.1875	-10.1875	False	False	morphology	determiner_noun_agreement	Write a natural, coherent English sentence.
489	24	That library was listening to this nice man.	That library was listening to these nice man.	-92.0	-92.0	-10.25	-10.25	False	False	morphology	determiner_noun_agreement	Write a natural, coherent English sentence.
490	24	Steve wasn't bringing that blue stimulus.	Steve wasn't bringing those blue stimulus.	-102.5	-102.5	-10.25	-10.25	False	False	morphology	determiner_noun_agreement	Write a natural, coherent English sentence.
491	24	Some guest was hiring that scared woman.	Some guest was hiring those scared woman.	-82.5	-83.0	-10.3125	-10.375	True	True	morphology	determiner_noun_agreement	Write a natural, coherent English sentence.
492	24	The spotlights upset this unconvinced alumnus.	The spotlights upset these unconvinced alumnus.	-132.0	-132.0	-10.1875	-10.1875	False	False	morphology	determiner_noun_agreement	Write a natural, coherent English sentence.
493	24	Todd might observe this lost man.	Todd might observe these lost man.	-72.5	-72.5	-10.3125	-10.375	False	True	morphology	determiner_noun_agreement	Write a natural, coherent English sentence.
494	24	People could describe that unconvinced person.	People could describe those unconvinced person.	-102.5	-103.0	-10.25	-10.25	True	False	morphology	determiner_noun_agreement	Write a natural, coherent English sentence.
495	24	That waiter had astounded these lucky people.	That waiter had astounded this lucky people.	-112.0	-112.5	-10.1875	-10.1875	True	False	morphology	determiner_noun_agreement	Write a natural, coherent English sentence.
496	24	Kendra disgusted these confident women.	Kendra disgusted this confident women.	-93.0	-93.0	-10.3125	-10.3125	False	False	morphology	determiner_noun_agreement	Write a natural, coherent English sentence.
497	24	Spain hasn't annoyed those old people.	Spain hasn't annoyed that old people.	-102.0	-102.0	-10.1875	-10.1875	False	False	morphology	determiner_noun_agreement	Write a natural, coherent English sentence.
498	24	Steve kisses these out in the open people.	Steve kisses this out in the open people.	-102.0	-102.0	-10.25	-10.1875	False	False	morphology	determiner_noun_agreement	Write a natural, coherent English sentence.
499	24	Wayne kissed those unconvinced men.	Wayne kissed that unconvinced men.	-92.5	-92.5	-10.25	-10.3125	False	True	morphology	determiner_noun_agreement	Write a natural, coherent English sentence.
500	24	Douglas has brought those lost cacti.	Douglas has brought that lost cacti.	-92.5	-92.5	-10.3125	-10.3125	False	False	morphology	determiner_noun_agreement	Write a natural, coherent English sentence.
501	24	Tammy can't reveal that big alumnus.	Tammy can't reveal those big alumnus.	-123.0	-123.0	-10.25	-10.25	False	False	morphology	determiner_noun_agreement	Write a natural, coherent English sentence.
502	24	Deborah fled from those standing children.	Deborah fled from that standing children.	-92.0	-92.5	-10.25	-10.25	True	False	morphology	determiner_noun_agreement	Write a natural, coherent English sentence.
503	24	A man wasn't cleaning that hard fungus.	A man wasn't cleaning those hard fungus.	-123.0	-123.0	-10.25	-10.25	False	False	morphology	determiner_noun_agreement	Write a natural, coherent English sentence.
504	24	Danielle has broken those gray teeth.	Danielle has broken that gray teeth.	-82.0	-82.0	-10.25	-10.25	False	False	morphology	determiner_noun_agreement	Write a natural, coherent English sentence.
505	24	Derek praised this big thesis.	Derek praised these big thesis.	-72.5	-72.5	-10.375	-10.375	False	False	morphology	determiner_noun_agreement	Write a natural, coherent English sentence.
506	24	Gary has disgusted those unsure people.	Gary has disgusted that unsure people.	-93.0	-92.5	-10.3125	-10.3125	False	False	morphology	determiner_noun_agreement	Write a natural, coherent English sentence.
507	24	A senator insulted this bad synopsis.	A senator insulted these bad synopsis.	-102.0	-102.0	-10.25	-10.25	False	False	morphology	determiner_noun_agreement	Write a natural, coherent English sentence.
508	24	A lot of drivers visit these purple oases.	A lot of drivers visit this purple oases.	-102.5	-102.5	-10.25	-10.25	False	False	morphology	determiner_noun_agreement	Write a natural, coherent English sentence.
509	24	Richard isn't attacking this fast child.	Richard isn't attacking these fast child.	-93.0	-92.5	-10.3125	-10.3125	False	False	morphology	determiner_noun_agreement	Write a natural, coherent English sentence.
510	24	Frank shocked that unsure man.	Frank shocked those unsure man.	-73.0	-72.5	-10.375	-10.375	False	False	morphology	determiner_noun_agreement	Write a natural, coherent English sentence.
511	24	Brett returned to that confident man.	Brett returned to those confident man.	-82.0	-82.0	-10.25	-10.25	False	False	morphology	determiner_noun_agreement	Write a natural, coherent English sentence.
512	24	Many ladies weren't passing these old oases.	Many ladies weren't passing this old oases.	-113.5	-113.5	-10.3125	-10.3125	False	False	morphology	determiner_noun_agreement	Write a natural, coherent English sentence.
513	24	A waiter brought those purple teeth.	A waiter brought that purple teeth.	-82.0	-82.0	-10.25	-10.25	False	False	morphology	determiner_noun_agreement	Write a natural, coherent English sentence.
514	24	Beverly has fired this fast alumnus.	Beverly has fired these fast alumnus.	-102.5	-102.5	-10.25	-10.25	False	False	morphology	determiner_noun_agreement	Write a natural, coherent English sentence.
515	24	Men haven't observed that standing man.	Men haven't observed those standing man.	-93.0	-93.0	-10.3125	-10.375	False	True	morphology	determiner_noun_agreement	Write a natural, coherent English sentence.
516	24	Tiffany admired this ill child.	Tiffany admired these ill child.	-92.0	-92.0	-10.25	-10.1875	False	False	morphology	determiner_noun_agreement	Write a natural, coherent English sentence.
517	24	That patient didn't love that unemployed alumnus.	That patient didn't love those unemployed alumnus.	-133.0	-133.0	-10.25	-10.25	False	False	morphology	determiner_noun_agreement	Write a natural, coherent English sentence.
518	24	Aaron reveals that red tooth.	Aaron reveals those red tooth.	-62.25	-62.5	-10.375	-10.375	True	False	morphology	determiner_noun_agreement	Write a natural, coherent English sentence.
519	24	Monica was insulting those bad people.	Monica was insulting that bad people.	-92.0	-92.0	-10.1875	-10.25	False	True	morphology	determiner_noun_agreement	Write a natural, coherent English sentence.
520	24	These teenagers watch that old alumnus.	These teenagers watch those old alumnus.	-101.5	-101.0	-10.125	-10.125	False	False	morphology	determiner_noun_agreement	Write a natural, coherent English sentence.
521	24	Tina might confuse this exposed child.	Tina might confuse these exposed child.	-93.0	-93.0	-10.3125	-10.3125	False	False	morphology	determiner_noun_agreement	Write a natural, coherent English sentence.
522	24	A face was confusing that nice woman.	A face was confusing those nice woman.	-83.0	-83.0	-10.375	-10.375	False	False	morphology	determiner_noun_agreement	Write a natural, coherent English sentence.
523	24	An adult researches that good analysis.	An adult researches those good analysis.	-103.0	-103.0	-10.3125	-10.3125	False	False	morphology	determiner_noun_agreement	Write a natural, coherent English sentence.
524	24	Some broccoli isn't annoying these unconvinced women.	Some broccoli isn't annoying this unconvinced women.	-153.0	-153.0	-10.1875	-10.1875	False	False	morphology	determiner_noun_agreement	Write a natural, coherent English sentence.
525	24	Nancy talks about these content children.	Nancy talks about this content children.	-72.0	-72.0	-10.25	-10.25	False	False	morphology	determiner_noun_agreement	Write a natural, coherent English sentence.
526	24	Regina found this lost ox.	Regina found these lost ox.	-82.0	-82.0	-10.25	-10.25	False	False	morphology	determiner_noun_agreement	Write a natural, coherent English sentence.
527	24	Emily had respected that clever man.	Emily had respected those clever man.	-72.0	-72.0	-10.3125	-10.3125	False	False	morphology	determiner_noun_agreement	Write a natural, coherent English sentence.
528	24	Kathleen has worked with this confident man.	Kathleen has worked with these confident man.	-92.0	-92.0	-10.25	-10.25	False	False	morphology	determiner_noun_agreement	Write a natural, coherent English sentence.
529	24	Most customers are distracting these determined children.	Most customers are distracting this determined children.	-92.5	-92.5	-10.25	-10.25	False	False	morphology	determiner_noun_agreement	Write a natural, coherent English sentence.
530	24	Rachelle didn't cure this black octopus.	Rachelle didn't cure these black octopus.	-122.0	-122.5	-10.1875	-10.1875	True	False	morphology	determiner_noun_agreement	Write a natural, coherent English sentence.
531	24	Steven hugs these standing men.	Steven hugs this standing men.	-72.0	-72.0	-10.3125	-10.3125	False	False	morphology	determiner_noun_agreement	Write a natural, coherent English sentence.
532	24	Every popsicle shocked those excited men.	Every popsicle shocked that excited men.	-92.5	-92.5	-10.25	-10.3125	False	True	morphology	determiner_noun_agreement	Write a natural, coherent English sentence.
533	24	Sonia lifts that new oasis.	Sonia lifts those new oasis.	-92.0	-92.0	-10.25	-10.25	False	False	morphology	determiner_noun_agreement	Write a natural, coherent English sentence.
534	24	Cheryl might tour that purple oasis.	Cheryl might tour those purple oasis.	-92.5	-92.5	-10.3125	-10.3125	False	False	morphology	determiner_noun_agreement	Write a natural, coherent English sentence.
535	24	This doctor appreciates this bad child.	This doctor appreciates these bad child.	-82.5	-82.5	-10.3125	-10.3125	False	False	morphology	determiner_noun_agreement	Write a natural, coherent English sentence.
536	24	Leslie breaks those red feet.	Leslie breaks that red feet.	-71.5	-72.0	-10.25	-10.25	True	False	morphology	determiner_noun_agreement	Write a natural, coherent English sentence.
537	24	Bethany hasn't hidden that yellow louse.	Bethany hasn't hidden those yellow louse.	-112.5	-112.5	-10.25	-10.25	False	False	morphology	determiner_noun_agreement	Write a natural, coherent English sentence.
538	24	Some people have criticized this brown thesis.	Some people have criticized these brown thesis.	-91.0	-91.0	-10.125	-10.125	False	False	morphology	determiner_noun_agreement	Write a natural, coherent English sentence.
539	24	Noah heals this determined child.	Noah heals these determined child.	-72.5	-72.5	-10.3125	-10.3125	False	False	morphology	determiner_noun_agreement	Write a natural, coherent English sentence.
540	24	Kevin biked to those big oases.	Kevin biked to that big oases.	-103.0	-103.0	-10.3125	-10.25	False	False	morphology	determiner_noun_agreement	Write a natural, coherent English sentence.
541	24	Wayne hadn't bored these sick men.	Wayne hadn't bored this sick men.	-93.0	-93.0	-10.375	-10.375	False	False	morphology	determiner_noun_agreement	Write a natural, coherent English sentence.
542	24	Amy returns to those young alumni.	Amy returns to that young alumni.	-92.5	-92.5	-10.25	-10.25	False	False	morphology	determiner_noun_agreement	Write a natural, coherent English sentence.
543	24	That gate did aggravate this excited woman.	That gate did aggravate these excited woman.	-102.5	-102.5	-10.25	-10.25	False	False	morphology	determiner_noun_agreement	Write a natural, coherent English sentence.
544	24	Melissa observes that bad child.	Melissa observes those bad child.	-82.0	-82.0	-10.25	-10.25	False	False	morphology	determiner_noun_agreement	Write a natural, coherent English sentence.
545	24	Kathleen wasn't scanning those long synopses.	Kathleen wasn't scanning that long synopses.	-133.0	-133.0	-10.1875	-10.25	False	True	morphology	determiner_noun_agreement	Write a natural, coherent English sentence.
546	24	That guy dropped by these white oases.	That guy dropped by this white oases.	-92.0	-92.5	-10.25	-10.25	True	False	morphology	determiner_noun_agreement	Write a natural, coherent English sentence.
547	24	Every child might fire this serious child.	Every child might fire these serious child.	-82.5	-82.5	-10.3125	-10.3125	False	False	morphology	determiner_noun_agreement	Write a natural, coherent English sentence.
548	24	Meredith had concealed that black thesis.	Meredith had concealed those black thesis.	-102.5	-102.5	-10.25	-10.25	False	False	morphology	determiner_noun_agreement	Write a natural, coherent English sentence.
549	24	Randolf didn't see these blue teeth.	Randolf didn't see this blue teeth.	-102.5	-102.5	-10.25	-10.25	False	False	morphology	determiner_noun_agreement	Write a natural, coherent English sentence.
550	24	Some guy passes that rough oasis.	Some guy passes those rough oasis.	-82.5	-82.5	-10.3125	-10.3125	False	False	morphology	determiner_noun_agreement	Write a natural, coherent English sentence.
551	24	Guys hurts that smart man.	Guys hurts those smart man.	-82.5	-82.5	-10.3125	-10.3125	False	False	morphology	determiner_noun_agreement	Write a natural, coherent English sentence.
552	24	Many museums should describe this fast man.	Many museums should describe these fast man.	-92.5	-92.5	-10.25	-10.25	False	False	morphology	determiner_noun_agreement	Write a natural, coherent English sentence.
553	24	A lot of chairs haven't embarrassed this serious man.	A lot of chairs haven't embarrassed these serious man.	-123.0	-123.0	-10.25	-10.25	False	False	morphology	determiner_noun_agreement	Write a natural, coherent English sentence.
554	24	Emily talked about that ill alumnus.	Emily talked about those ill alumnus.	-91.5	-92.0	-10.1875	-10.1875	True	False	morphology	determiner_noun_agreement	Write a natural, coherent English sentence.
555	24	A lot of girls notice these black lice.	A lot of girls notice this black lice.	-102.5	-102.5	-10.25	-10.25	False	False	morphology	determiner_noun_agreement	Write a natural, coherent English sentence.
556	24	Those schools reference that green thesis.	Those schools reference those green thesis.	-72.5	-72.5	-10.375	-10.375	False	False	morphology	determiner_noun_agreement	Write a natural, coherent English sentence.
557	24	Bradley had bored this delighted alumnus.	Bradley had bored these delighted alumnus.	-102.0	-102.5	-10.25	-10.25	True	False	morphology	determiner_noun_agreement	Write a natural, coherent English sentence.
558	24	Melinda scares this good woman.	Melinda scares these good woman.	-82.5	-82.5	-10.3125	-10.3125	False	False	morphology	determiner_noun_agreement	Write a natural, coherent English sentence.
559	24	Those pedestrians go to those big oases.	Those pedestrians go to that big oases.	-113.5	-113.5	-10.3125	-10.3125	False	False	morphology	determiner_noun_agreement	Write a natural, coherent English sentence.
560	24	Many doctors escaped from that lost child.	Many doctors escaped from those lost child.	-82.5	-82.0	-10.3125	-10.25	False	False	morphology	determiner_noun_agreement	Write a natural, coherent English sentence.
561	24	Tamara isn't revealing that orange ox.	Tamara isn't revealing those orange ox.	-102.5	-102.5	-10.25	-10.25	False	False	morphology	determiner_noun_agreement	Write a natural, coherent English sentence.
562	24	Many patients arrive at that hidden oasis.	Many patients arrive at those hidden oasis.	-91.5	-91.5	-10.1875	-10.1875	False	False	morphology	determiner_noun_agreement	Write a natural, coherent English sentence.
563	24	Beth leaves these happy children.	Beth leaves this happy children.	-61.75	-62.0	-10.25	-10.3125	True	True	morphology	determiner_noun_agreement	Write a natural, coherent English sentence.
564	24	Deanna broke that yellow foot.	Deanna broke those yellow foot.	-72.0	-72.0	-10.3125	-10.3125	False	False	morphology	determiner_noun_agreement	Write a natural, coherent English sentence.
565	24	Jessica had talked to that concealed man.	Jessica had talked to those concealed man.	-92.5	-93.0	-10.25	-10.3125	True	True	morphology	determiner_noun_agreement	Write a natural, coherent English sentence.
566	24	Those actors praise those long synopses.	Those actors praise that long synopses.	-92.5	-92.5	-10.25	-10.3125	False	True	morphology	determiner_noun_agreement	Write a natural, coherent English sentence.
567	24	This coat hasn't astounded these popular men.	This coat hasn't astounded this popular men.	-122.5	-122.5	-10.1875	-10.1875	False	False	morphology	determiner_noun_agreement	Write a natural, coherent English sentence.
568	24	Wendy does talk to this scared alumnus.	Wendy does talk to these scared alumnus.	-113.0	-113.0	-10.25	-10.25	False	False	morphology	determiner_noun_agreement	Write a natural, coherent English sentence.
569	24	Christine is questioning these happy men.	Christine is questioning this happy men.	-82.5	-82.5	-10.3125	-10.3125	False	False	morphology	determiner_noun_agreement	Write a natural, coherent English sentence.
570	24	All doctors loved that displeased man.	All doctors loved those displeased man.	-92.5	-92.5	-10.3125	-10.3125	False	False	morphology	determiner_noun_agreement	Write a natural, coherent English sentence.
571	24	Waitresses researched these long synopses.	Waitresses researched this long synopses.	-132.0	-132.0	-10.1875	-10.1875	False	False	morphology	determiner_noun_agreement	Write a natural, coherent English sentence.
572	24	Alexander can flee from this nice woman.	Alexander can flee from these nice woman.	-92.5	-93.0	-10.25	-10.3125	True	True	morphology	determiner_noun_agreement	Write a natural, coherent English sentence.
573	24	Walter hadn't hated this fast man.	Walter hadn't hated these fast man.	-93.0	-93.0	-10.3125	-10.3125	False	False	morphology	determiner_noun_agreement	Write a natural, coherent English sentence.
574	24	Those cashiers buy those smooth lice.	Those cashiers buy that smooth lice.	-92.0	-92.0	-10.25	-10.25	False	False	morphology	determiner_noun_agreement	Write a natural, coherent English sentence.
575	24	Sonia hid that determined child.	Sonia hid those determined child.	-72.5	-72.0	-10.375	-10.3125	False	False	morphology	determiner_noun_agreement	Write a natural, coherent English sentence.
576	24	Barbara is observing that excited person.	Barbara is observing those excited person.	-82.0	-82.0	-10.25	-10.25	False	False	morphology	determiner_noun_agreement	Write a natural, coherent English sentence.
577	24	That company stuns these unconvinced women.	That company stuns this unconvinced women.	-113.0	-113.0	-10.3125	-10.3125	False	False	morphology	determiner_noun_agreement	Write a natural, coherent English sentence.
578	24	Paul thought about those bad theses.	Paul thought about that bad theses.	-82.0	-82.5	-10.25	-10.3125	True	True	morphology	determiner_noun_agreement	Write a natural, coherent English sentence.
579	24	Victoria escaped from these displeased children.	Victoria escaped from this displeased children.	-92.0	-92.0	-10.1875	-10.25	False	True	morphology	determiner_noun_agreement	Write a natural, coherent English sentence.
580	24	Brad notices this big octopus.	Brad notices these big octopus.	-91.5	-91.5	-10.1875	-10.1875	False	False	morphology	determiner_noun_agreement	Write a natural, coherent English sentence.
581	24	Adam is praising those yellow theses.	Adam is praising that yellow theses.	-92.5	-93.0	-10.3125	-10.3125	True	False	morphology	determiner_noun_agreement	Write a natural, coherent English sentence.
582	24	Douglas did tour those hidden oases.	Douglas did tour that hidden oases.	-82.5	-82.5	-10.3125	-10.3125	False	False	morphology	determiner_noun_agreement	Write a natural, coherent English sentence.
583	24	Gerald couldn't know these happy men.	Gerald couldn't know this happy men.	-102.5	-102.5	-10.25	-10.25	False	False	morphology	determiner_noun_agreement	Write a natural, coherent English sentence.
584	24	Those women hug that smart man.	Those women hug those smart man.	-72.0	-72.0	-10.3125	-10.3125	False	False	morphology	determiner_noun_agreement	Write a natural, coherent English sentence.
585	24	These senators wouldn't forget that long synopsis.	These senators wouldn't forget those long synopsis.	-123.0	-123.0	-10.25	-10.25	False	False	morphology	determiner_noun_agreement	Write a natural, coherent English sentence.
586	24	Edward took those lost stimuli.	Edward took that lost stimuli.	-72.0	-72.0	-10.3125	-10.25	False	False	morphology	determiner_noun_agreement	Write a natural, coherent English sentence.
587	24	The waitresses did know this lucky person.	The waitresses did know these lucky person.	-101.5	-102.0	-10.125	-10.1875	True	True	morphology	determiner_noun_agreement	Write a natural, coherent English sentence.
588	24	That library might love this important person.	That library might love these important person.	-82.5	-82.5	-10.3125	-10.3125	False	False	morphology	determiner_noun_agreement	Write a natural, coherent English sentence.
589	24	Carrie was healing this gray octopus.	Carrie was healing these gray octopus.	-102.0	-102.5	-10.25	-10.25	True	False	morphology	determiner_noun_agreement	Write a natural, coherent English sentence.
590	24	Sonia hadn't cleaned those gray teeth.	Sonia hadn't cleaned that gray teeth.	-102.5	-102.5	-10.25	-10.25	False	False	morphology	determiner_noun_agreement	Write a natural, coherent English sentence.
591	24	The Lutherans alarmed this confident woman.	The Lutherans alarmed these confident woman.	-92.5	-93.0	-10.3125	-10.3125	True	False	morphology	determiner_noun_agreement	Write a natural, coherent English sentence.
592	24	This shirt impressed those popular people.	This shirt impressed that popular people.	-72.0	-72.0	-10.3125	-10.3125	False	False	morphology	determiner_noun_agreement	Write a natural, coherent English sentence.
593	24	Some schools love that employed person.	Some schools love those employed person.	-72.0	-72.5	-10.3125	-10.3125	True	False	morphology	determiner_noun_agreement	Write a natural, coherent English sentence.
594	24	Valerie hasn't known this young child.	Valerie hasn't known these young child.	-102.5	-102.5	-10.25	-10.25	False	False	morphology	determiner_noun_agreement	Write a natural, coherent English sentence.
595	24	Scott respected those displeased men.	Scott respected that displeased men.	-82.5	-82.5	-10.3125	-10.3125	False	False	morphology	determiner_noun_agreement	Write a natural, coherent English sentence.
596	24	The ladies work with those lost children.	The ladies work with that lost children.	-82.5	-82.5	-10.3125	-10.3125	False	False	morphology	determiner_noun_agreement	Write a natural, coherent English sentence.
597	24	Dawn had biked to this small oasis.	Dawn had biked to these small oasis.	-122.0	-122.0	-10.125	-10.1875	False	True	morphology	determiner_noun_agreement	Write a natural, coherent English sentence.
598	24	Samantha would explore that gray oasis.	Samantha would explore those gray oasis.	-101.5	-101.5	-10.125	-10.125	False	False	morphology	determiner_noun_agreement	Write a natural, coherent English sentence.
599	24	All steps upset those unemployed men.	All steps upset that unemployed men.	-82.0	-82.0	-10.25	-10.25	False	False	morphology	determiner_noun_agreement	Write a natural, coherent English sentence.
600	24	Marla has described that unemployed woman.	Marla has described those unemployed woman.	-92.5	-92.5	-10.25	-10.25	False	False	morphology	determiner_noun_agreement	Write a natural, coherent English sentence.
601	24	Most universities bore those excited children.	Most universities bore that excited children.	-72.5	-72.5	-10.3125	-10.3125	False	False	morphology	determiner_noun_agreement	Write a natural, coherent English sentence.
602	24	These banks should reference that purple thesis.	These banks should reference those purple thesis.	-82.5	-82.5	-10.3125	-10.3125	False	False	morphology	determiner_noun_agreement	Write a natural, coherent English sentence.
603	24	Sherry brought those concealed geese.	Sherry brought that concealed geese.	-92.5	-92.5	-10.25	-10.25	False	False	morphology	determiner_noun_agreement	Write a natural, coherent English sentence.
604	24	Many pedestrians complain about these long analyses.	Many pedestrians complain about this long analyses.	-111.5	-112.0	-10.125	-10.1875	True	True	morphology	determiner_noun_agreement	Write a natural, coherent English sentence.
605	24	Theresa fixed these small teeth.	Theresa fixed this small teeth.	-72.0	-71.5	-10.25	-10.25	False	False	morphology	determiner_noun_agreement	Write a natural, coherent English sentence.
606	24	This lake disturbed those unconvinced men.	This lake disturbed that unconvinced men.	-113.0	-112.5	-10.25	-10.25	False	False	morphology	determiner_noun_agreement	Write a natural, coherent English sentence.
607	24	Catherine was talking about those bad synopses.	Catherine was talking about that bad synopses.	-102.0	-102.5	-10.1875	-10.25	True	True	morphology	determiner_noun_agreement	Write a natural, coherent English sentence.
608	24	Alicia had escaped from these hidden men.	Alicia had escaped from this hidden men.	-102.0	-102.5	-10.25	-10.25	True	False	morphology	determiner_noun_agreement	Write a natural, coherent English sentence.
609	24	Natalie hasn't worked with this confident woman.	Natalie hasn't worked with these confident woman.	-112.5	-112.5	-10.1875	-10.25	False	True	morphology	determiner_noun_agreement	Write a natural, coherent English sentence.
610	24	Amelia annoyed this smart man.	Amelia annoyed these smart man.	-81.5	-81.0	-10.1875	-10.125	False	False	morphology	determiner_noun_agreement	Write a natural, coherent English sentence.
611	24	Every guest is irritating this serious child.	Every guest is irritating these serious child.	-92.5	-92.5	-10.25	-10.25	False	False	morphology	determiner_noun_agreement	Write a natural, coherent English sentence.
612	24	All reports annoyed this hopeful person.	All reports annoyed these hopeful person.	-91.5	-92.0	-10.1875	-10.25	True	True	morphology	determiner_noun_agreement	Write a natural, coherent English sentence.
613	24	These women break those orange teeth.	These women break that orange teeth.	-72.5	-72.5	-10.3125	-10.375	False	True	morphology	determiner_noun_agreement	Write a natural, coherent English sentence.
614	24	Christopher could shock this excited child.	Christopher could shock these excited child.	-72.5	-72.0	-10.3125	-10.3125	False	False	morphology	determiner_noun_agreement	Write a natural, coherent English sentence.
615	24	This spotlight hasn't disgusted that employed child.	This spotlight hasn't disgusted those employed child.	-123.0	-123.0	-10.25	-10.25	False	False	morphology	determiner_noun_agreement	Write a natural, coherent English sentence.
616	24	Samantha fled from that busy child.	Samantha fled from those busy child.	-91.5	-91.5	-10.1875	-10.125	False	False	morphology	determiner_noun_agreement	Write a natural, coherent English sentence.
617	24	Lucille arrived at that hard oasis.	Lucille arrived at those hard oasis.	-91.5	-92.0	-10.1875	-10.1875	True	False	morphology	determiner_noun_agreement	Write a natural, coherent English sentence.
618	24	All teachers see those yellow lice.	All teachers see that yellow lice.	-83.0	-83.0	-10.375	-10.375	False	False	morphology	determiner_noun_agreement	Write a natural, coherent English sentence.
619	24	Some photographs haven't looked like these small octopi.	Some photographs haven't looked like this small octopi.	-133.0	-133.0	-10.25	-10.25	False	False	morphology	determiner_noun_agreement	Write a natural, coherent English sentence.
620	24	Danielle brought those blue feet.	Danielle brought that blue feet.	-71.5	-72.0	-10.25	-10.25	True	False	morphology	determiner_noun_agreement	Write a natural, coherent English sentence.
621	24	Todd hadn't left those exposed men.	Todd hadn't left that exposed men.	-93.0	-93.0	-10.3125	-10.3125	False	False	morphology	determiner_noun_agreement	Write a natural, coherent English sentence.
622	24	Some doctors embarrasses those delighted alumni.	Some doctors embarrasses that delighted alumni.	-103.0	-103.0	-10.25	-10.3125	False	True	morphology	determiner_noun_agreement	Write a natural, coherent English sentence.
623	24	The actresses forget that unemployed alumnus.	The actresses forget those unemployed alumnus.	-111.5	-111.5	-10.125	-10.125	False	False	morphology	determiner_noun_agreement	Write a natural, coherent English sentence.
624	24	A lot of socks alarm this unsure alumnus.	A lot of socks alarm these unsure alumnus.	-123.0	-122.5	-10.25	-10.25	False	False	morphology	determiner_noun_agreement	Write a natural, coherent English sentence.
625	24	The customers are thinking about that busy child.	The customers are thinking about those busy child.	-92.5	-92.5	-10.25	-10.25	False	False	morphology	determiner_noun_agreement	Write a natural, coherent English sentence.
626	24	Kristin wasn't kissing those small men.	Kristin wasn't kissing that small men.	-113.0	-113.0	-10.25	-10.25	False	False	morphology	determiner_noun_agreement	Write a natural, coherent English sentence.
627	24	Omar hasn't broken this broken foot.	Omar hasn't broken these broken foot.	-102.5	-102.5	-10.25	-10.25	False	False	morphology	determiner_noun_agreement	Write a natural, coherent English sentence.
628	24	The actress worked with this nice woman.	The actress worked with these nice woman.	-82.0	-82.5	-10.25	-10.3125	True	True	morphology	determiner_noun_agreement	Write a natural, coherent English sentence.
629	24	Patients insult these happy people.	Patients insult this happy people.	-72.0	-72.0	-10.3125	-10.3125	False	False	morphology	determiner_noun_agreement	Write a natural, coherent English sentence.
630	24	Spain bought those orange lice.	Spain bought that orange lice.	-72.0	-72.0	-10.25	-10.25	False	False	morphology	determiner_noun_agreement	Write a natural, coherent English sentence.
631	24	Those waiters didn't kiss this unlucky child.	Those waiters didn't kiss these unlucky child.	-133.0	-133.0	-10.1875	-10.1875	False	False	morphology	determiner_noun_agreement	Write a natural, coherent English sentence.
632	24	Jennifer isn't touring these old oases.	Jennifer isn't touring this old oases.	-112.5	-113.0	-10.25	-10.25	True	False	morphology	determiner_noun_agreement	Write a natural, coherent English sentence.
633	24	Glaciers upset this small child.	Glaciers upset these small child.	-82.5	-82.5	-10.3125	-10.3125	False	False	morphology	determiner_noun_agreement	Write a natural, coherent English sentence.
634	24	John investigated these old men.	John investigated this old men.	-62.0	-62.0	-10.3125	-10.3125	False	False	morphology	determiner_noun_agreement	Write a natural, coherent English sentence.
635	24	Some doctors hated these yellow theses.	Some doctors hated this yellow theses.	-82.0	-82.5	-10.25	-10.3125	True	True	morphology	determiner_noun_agreement	Write a natural, coherent English sentence.
636	24	Linda described that clever man.	Linda described those clever man.	-62.0	-62.0	-10.375	-10.375	False	False	morphology	determiner_noun_agreement	Write a natural, coherent English sentence.
637	24	Many drawings are looking like these excited women.	Many drawings are looking like this excited women.	-93.0	-93.0	-10.3125	-10.3125	False	False	morphology	determiner_noun_agreement	Write a natural, coherent English sentence.
638	24	Mitchell had concealed that small tooth.	Mitchell had concealed those small tooth.	-82.5	-82.5	-10.3125	-10.3125	False	False	morphology	determiner_noun_agreement	Write a natural, coherent English sentence.
639	24	Every dog had irritated this young child.	Every dog had irritated these young child.	-92.0	-92.0	-10.1875	-10.25	False	True	morphology	determiner_noun_agreement	Write a natural, coherent English sentence.
640	24	Some doctors lift this exposed ox.	Some doctors lift these exposed ox.	-72.0	-72.0	-10.3125	-10.3125	False	False	morphology	determiner_noun_agreement	Write a natural, coherent English sentence.
641	24	Valerie was disgusting that happy woman.	Valerie was disgusting those happy woman.	-92.5	-92.5	-10.25	-10.25	False	False	morphology	determiner_noun_agreement	Write a natural, coherent English sentence.
642	24	Claire hugs those clever men.	Claire hugs that clever men.	-72.0	-72.0	-10.3125	-10.3125	False	False	morphology	determiner_noun_agreement	Write a natural, coherent English sentence.
643	24	All adults go to these white oases.	All adults go to this white oases.	-92.5	-92.5	-10.3125	-10.3125	False	False	morphology	determiner_noun_agreement	Write a natural, coherent English sentence.
644	24	Bill observed this nice child.	Bill observed these nice child.	-62.25	-62.0	-10.375	-10.375	False	False	morphology	determiner_noun_agreement	Write a natural, coherent English sentence.
645	24	Diana kissed these delighted alumni.	Diana kissed this delighted alumni.	-82.5	-82.5	-10.3125	-10.3125	False	False	morphology	determiner_noun_agreement	Write a natural, coherent English sentence.
646	24	Governments are describing those sick people.	Governments are describing that sick people.	-81.5	-81.5	-10.1875	-10.1875	False	False	morphology	determiner_noun_agreement	Write a natural, coherent English sentence.
647	24	The doctors cure that young woman.	The doctors cure those young woman.	-71.0	-71.5	-10.1875	-10.25	True	True	morphology	determiner_noun_agreement	Write a natural, coherent English sentence.
648	24	Dancers did disagree with this ill child.	Dancers did disagree with these ill child.	-93.0	-93.0	-10.3125	-10.3125	False	False	morphology	determiner_noun_agreement	Write a natural, coherent English sentence.
649	24	Veronica couldn't embarrass these exposed men.	Veronica couldn't embarrass this exposed men.	-112.5	-112.5	-10.25	-10.25	False	False	morphology	determiner_noun_agreement	Write a natural, coherent English sentence.
650	24	The students cared for that delighted man.	The students cared for those delighted man.	-82.0	-82.0	-10.25	-10.25	False	False	morphology	determiner_noun_agreement	Write a natural, coherent English sentence.
651	24	Steve conceals these important men.	Steve conceals this important men.	-72.0	-72.0	-10.3125	-10.3125	False	False	morphology	determiner_noun_agreement	Write a natural, coherent English sentence.
652	24	These actresses will talk to these content men.	These actresses will talk to this content men.	-102.5	-102.5	-10.25	-10.25	False	False	morphology	determiner_noun_agreement	Write a natural, coherent English sentence.
653	24	That teenager wouldn't buy these rough oxen.	That teenager wouldn't buy this rough oxen.	-113.0	-113.0	-10.25	-10.25	False	False	morphology	determiner_noun_agreement	Write a natural, coherent English sentence.
654	24	Sheila wouldn't kiss that happy child.	Sheila wouldn't kiss those happy child.	-102.5	-102.5	-10.25	-10.25	False	False	morphology	determiner_noun_agreement	Write a natural, coherent English sentence.
655	24	Erin drove to these out in the open oases.	Erin drove to this out in the open oases.	-123.0	-123.0	-10.25	-10.25	False	False	morphology	determiner_noun_agreement	Write a natural, coherent English sentence.
656	24	Every hat has embarrassed those hopeful people.	Every hat has embarrassed that hopeful people.	-92.0	-92.0	-10.1875	-10.25	False	True	morphology	determiner_noun_agreement	Write a natural, coherent English sentence.
657	24	Every man is fleeing from that exposed oasis.	Every man is fleeing from those exposed oasis.	-112.5	-112.5	-10.25	-10.25	False	False	morphology	determiner_noun_agreement	Write a natural, coherent English sentence.
658	24	Some adults visit this ill man.	Some adults visit these ill man.	-72.5	-72.0	-10.3125	-10.3125	False	False	morphology	determiner_noun_agreement	Write a natural, coherent English sentence.
659	24	Janet did lift that good thesis.	Janet did lift those good thesis.	-82.0	-82.0	-10.25	-10.25	False	False	morphology	determiner_noun_agreement	Write a natural, coherent English sentence.
660	24	Katherine was cleaning this orange tooth.	Katherine was cleaning these orange tooth.	-82.0	-82.0	-10.25	-10.25	False	False	morphology	determiner_noun_agreement	Write a natural, coherent English sentence.
661	24	A lot of tomatoes can't confuse these ill alumni.	A lot of tomatoes can't confuse this ill alumni.	-163.0	-163.0	-10.1875	-10.1875	False	False	morphology	determiner_noun_agreement	Write a natural, coherent English sentence.
662	24	Rose goes to those out in the open oases.	Rose goes to that out in the open oases.	-112.5	-112.5	-10.25	-10.25	False	False	morphology	determiner_noun_agreement	Write a natural, coherent English sentence.
663	24	These governments criticize those gray oases.	These governments criticize that gray oases.	-92.5	-92.5	-10.25	-10.3125	False	True	morphology	determiner_noun_agreement	Write a natural, coherent English sentence.
664	24	Kevin forgot those delighted men.	Kevin forgot that delighted men.	-62.0	-62.0	-10.375	-10.3125	False	False	morphology	determiner_noun_agreement	Write a natural, coherent English sentence.
665	24	Most companies describe that long analysis.	Most companies describe those long analysis.	-72.5	-72.5	-10.375	-10.375	False	False	morphology	determiner_noun_agreement	Write a natural, coherent English sentence.
666	24	Vincent was skated around this small oasis.	Vincent was skated around these small oasis.	-102.5	-103.0	-10.25	-10.25	True	False	morphology	determiner_noun_agreement	Write a natural, coherent English sentence.
667	24	Many guys arrive at these out in the open oases.	Many guys arrive at this out in the open oases.	-122.0	-122.0	-10.1875	-10.1875	False	False	morphology	determiner_noun_agreement	Write a natural, coherent English sentence.
668	24	Gregory hadn't revealed these lost fungi.	Gregory hadn't revealed this lost fungi.	-103.0	-103.0	-10.3125	-10.3125	False	False	morphology	determiner_noun_agreement	Write a natural, coherent English sentence.
669	24	The cake stuns this standing man.	The cake stuns these standing man.	-82.5	-82.5	-10.3125	-10.3125	False	False	morphology	determiner_noun_agreement	Write a natural, coherent English sentence.
670	24	Cheryl isn't irritating that clever man.	Cheryl isn't irritating those clever man.	-112.5	-112.5	-10.25	-10.25	False	False	morphology	determiner_noun_agreement	Write a natural, coherent English sentence.
671	24	Some cat bores those old children.	Some cat bores that old children.	-82.5	-82.5	-10.3125	-10.3125	False	False	morphology	determiner_noun_agreement	Write a natural, coherent English sentence.
672	24	The actress knows that delighted child.	The actress knows those delighted child.	-72.0	-72.0	-10.3125	-10.3125	False	False	morphology	determiner_noun_agreement	Write a natural, coherent English sentence.
673	24	That actress had driven to these hidden oases.	That actress had driven to this hidden oases.	-103.0	-103.0	-10.3125	-10.25	False	False	morphology	determiner_noun_agreement	Write a natural, coherent English sentence.
674	24	The Lutherans arrive at this cheap oasis.	The Lutherans arrive at these cheap oasis.	-102.0	-102.0	-10.1875	-10.1875	False	False	morphology	determiner_noun_agreement	Write a natural, coherent English sentence.
675	24	Diane was kissing those lost women.	Diane was kissing that lost women.	-92.5	-92.5	-10.25	-10.3125	False	True	morphology	determiner_noun_agreement	Write a natural, coherent English sentence.
676	24	Larry disturbs this employed woman.	Larry disturbs these employed woman.	-82.5	-83.0	-10.3125	-10.375	True	True	morphology	determiner_noun_agreement	Write a natural, coherent English sentence.
677	24	Pies shock this upset woman.	Pies shock these upset woman.	-72.5	-73.0	-10.375	-10.4375	True	True	morphology	determiner_noun_agreement	Write a natural, coherent English sentence.
678	24	Some waiters hug this content alumnus.	Some waiters hug these content alumnus.	-102.0	-102.5	-10.25	-10.25	True	False	morphology	determiner_noun_agreement	Write a natural, coherent English sentence.
679	24	Anna talked to those unsure men.	Anna talked to that unsure men.	-83.0	-83.0	-10.375	-10.375	False	False	morphology	determiner_noun_agreement	Write a natural, coherent English sentence.
680	24	This school bores this determined man.	This school bores these determined man.	-82.0	-82.5	-10.25	-10.3125	True	True	morphology	determiner_noun_agreement	Write a natural, coherent English sentence.
681	24	Omar had thought about these unemployed men.	Omar had thought about this unemployed men.	-102.0	-102.0	-10.25	-10.1875	False	False	morphology	determiner_noun_agreement	Write a natural, coherent English sentence.
682	24	Winston Churchill cleaned these big nuclei.	Winston Churchill cleaned this big nuclei.	-102.0	-102.0	-10.1875	-10.1875	False	False	morphology	determiner_noun_agreement	Write a natural, coherent English sentence.
683	24	These organizations aren't concealing that exposed child.	These organizations aren't concealing those exposed child.	-113.5	-113.5	-10.3125	-10.3125	False	False	morphology	determiner_noun_agreement	Write a natural, coherent English sentence.
684	24	Erin bought this concealed axis.	Erin bought these concealed axis.	-82.0	-82.0	-10.25	-10.25	False	False	morphology	determiner_noun_agreement	Write a natural, coherent English sentence.
685	24	Dan examines this long analysis.	Dan examines these long analysis.	-72.0	-72.0	-10.3125	-10.3125	False	False	morphology	determiner_noun_agreement	Write a natural, coherent English sentence.
686	24	These drivers concealed these gray oxen.	These drivers concealed this gray oxen.	-92.5	-92.5	-10.3125	-10.3125	False	False	morphology	determiner_noun_agreement	Write a natural, coherent English sentence.
687	24	All children impresses this happy man.	All children impresses these happy man.	-82.0	-82.0	-10.25	-10.25	False	False	morphology	determiner_noun_agreement	Write a natural, coherent English sentence.
688	24	People will conceal that concealed man.	People will conceal those concealed man.	-92.0	-92.5	-10.25	-10.25	True	False	morphology	determiner_noun_agreement	Write a natural, coherent English sentence.
689	24	Some patient returns to this old man.	Some patient returns to these old man.	-82.0	-82.0	-10.25	-10.25	False	False	morphology	determiner_noun_agreement	Write a natural, coherent English sentence.
690	24	Many actresses discovered those big oases.	Many actresses discovered that big oases.	-92.0	-92.0	-10.25	-10.25	False	False	morphology	determiner_noun_agreement	Write a natural, coherent English sentence.
691	24	The school talks about those young alumni.	The school talks about that young alumni.	-102.0	-102.0	-10.1875	-10.1875	False	False	morphology	determiner_noun_agreement	Write a natural, coherent English sentence.
692	24	Omar admired these blue fungi.	Omar admired this blue fungi.	-92.5	-92.5	-10.3125	-10.3125	False	False	morphology	determiner_noun_agreement	Write a natural, coherent English sentence.
693	24	Some school can't hate these good people.	Some school can't hate this good people.	-104.0	-104.0	-10.375	-10.375	False	False	morphology	determiner_noun_agreement	Write a natural, coherent English sentence.
694	24	A lot of eggplants wouldn't disturb that determined woman.	A lot of eggplants wouldn't disturb those determined woman.	-143.0	-143.0	-10.25	-10.25	False	False	morphology	determiner_noun_agreement	Write a natural, coherent English sentence.
695	24	That cake could annoy these uncertain men.	That cake could annoy this uncertain men.	-82.5	-82.5	-10.3125	-10.3125	False	False	morphology	determiner_noun_agreement	Write a natural, coherent English sentence.
696	24	Lamps are worrying these hopeful alumni.	Lamps are worrying this hopeful alumni.	-112.5	-112.5	-10.25	-10.25	False	False	morphology	determiner_noun_agreement	Write a natural, coherent English sentence.
697	24	A lot of eggplants bore these excited alumni.	A lot of eggplants bore this excited alumni.	-133.0	-133.0	-10.1875	-10.25	False	True	morphology	determiner_noun_agreement	Write a natural, coherent English sentence.
698	24	A lot of teachers arrived at these old oases.	A lot of teachers arrived at this old oases.	-112.5	-112.5	-10.1875	-10.1875	False	False	morphology	determiner_noun_agreement	Write a natural, coherent English sentence.
699	24	Most sweaters hurt those happy people.	Most sweaters hurt that happy people.	-82.0	-82.5	-10.25	-10.3125	True	True	morphology	determiner_noun_agreement	Write a natural, coherent English sentence.
700	24	Tara scans those good analyses.	Tara scans that good analyses.	-93.0	-93.0	-10.3125	-10.3125	False	False	morphology	determiner_noun_agreement	Write a natural, coherent English sentence.
701	24	The man doesn't reference this out in the open woman.	The man doesn't reference these out in the open woman.	-133.0	-133.0	-10.25	-10.25	False	False	morphology	determiner_noun_agreement	Write a natural, coherent English sentence.
702	24	This cashier is leaving this employed person.	This cashier is leaving these employed person.	-92.0	-92.0	-10.1875	-10.25	False	True	morphology	determiner_noun_agreement	Write a natural, coherent English sentence.
703	24	Bananas bother these clever alumni.	Bananas bother this clever alumni.	-91.5	-91.5	-10.1875	-10.1875	False	False	morphology	determiner_noun_agreement	Write a natural, coherent English sentence.
704	24	Some convertibles had worried those fast men.	Some convertibles had worried that fast men.	-93.0	-92.5	-10.3125	-10.25	False	False	morphology	determiner_noun_agreement	Write a natural, coherent English sentence.
705	24	Carl bored those nice women.	Carl bored that nice women.	-62.25	-62.25	-10.375	-10.375	False	False	morphology	determiner_noun_agreement	Write a natural, coherent English sentence.
706	24	These teachers explore these old oases.	These teachers explore this old oases.	-82.5	-83.0	-10.3125	-10.375	True	True	morphology	determiner_noun_agreement	Write a natural, coherent English sentence.
707	24	Many waiters work with this scared child.	Many waiters work with these scared child.	-92.5	-92.5	-10.3125	-10.3125	False	False	morphology	determiner_noun_agreement	Write a natural, coherent English sentence.
708	24	Committees admire that smart child.	Committees admire those smart child.	-92.5	-92.0	-10.25	-10.25	False	False	morphology	determiner_noun_agreement	Write a natural, coherent English sentence.
709	24	Matt approaches this exposed child.	Matt approaches these exposed child.	-62.0	-62.0	-10.375	-10.375	False	False	morphology	determiner_noun_agreement	Write a natural, coherent English sentence.
710	24	Brian talks to this lucky man.	Brian talks to these lucky man.	-72.0	-72.0	-10.3125	-10.3125	False	False	morphology	determiner_noun_agreement	Write a natural, coherent English sentence.
711	24	A boy isn't talking about that red oasis.	A boy isn't talking about those red oasis.	-123.5	-123.0	-10.25	-10.25	False	False	morphology	determiner_noun_agreement	Write a natural, coherent English sentence.
712	24	Phillip bought those black feet.	Phillip bought that black feet.	-71.5	-72.0	-10.25	-10.25	True	False	morphology	determiner_noun_agreement	Write a natural, coherent English sentence.
713	24	Eric isn't buying those brown geese.	Eric isn't buying that brown geese.	-103.0	-103.0	-10.3125	-10.3125	False	False	morphology	determiner_noun_agreement	Write a natural, coherent English sentence.
714	24	Elaine remembers this delighted woman.	Elaine remembers these delighted woman.	-82.0	-82.5	-10.25	-10.3125	True	True	morphology	determiner_noun_agreement	Write a natural, coherent English sentence.
715	24	This pedestrian arrives at that smooth oasis.	This pedestrian arrives at those smooth oasis.	-101.5	-102.0	-10.1875	-10.1875	True	False	morphology	determiner_noun_agreement	Write a natural, coherent English sentence.
716	24	Those men forget these smart men.	Those men forget this smart men.	-72.0	-72.0	-10.3125	-10.3125	False	False	morphology	determiner_noun_agreement	Write a natural, coherent English sentence.
717	24	Tara might alarm this unsure person.	Tara might alarm these unsure person.	-93.0	-93.0	-10.3125	-10.375	False	True	morphology	determiner_noun_agreement	Write a natural, coherent English sentence.
718	24	Vanessa was healing those purple geese.	Vanessa was healing that purple geese.	-92.5	-92.5	-10.25	-10.25	False	False	morphology	determiner_noun_agreement	Write a natural, coherent English sentence.
719	24	Steven hasn't questioned those troubled people.	Steven hasn't questioned that troubled people.	-102.5	-103.0	-10.25	-10.25	True	False	morphology	determiner_noun_agreement	Write a natural, coherent English sentence.
720	24	Thomas hides this clever woman.	Thomas hides these clever woman.	-72.0	-72.0	-10.25	-10.3125	False	True	morphology	determiner_noun_agreement	Write a natural, coherent English sentence.
721	24	Most eyes confuse these content alumni.	Most eyes confuse this content alumni.	-103.0	-103.0	-10.3125	-10.3125	False	False	morphology	determiner_noun_agreement	Write a natural, coherent English sentence.
722	24	That dog aggravates this busy child.	That dog aggravates these busy child.	-92.0	-92.0	-10.25	-10.25	False	False	morphology	determiner_noun_agreement	Write a natural, coherent English sentence.
723	24	Karen has attacked this popular child.	Karen has attacked these popular child.	-72.0	-72.0	-10.3125	-10.3125	False	False	morphology	determiner_noun_agreement	Write a natural, coherent English sentence.
724	24	Heidi might confuse those displeased men.	Heidi might confuse that displeased men.	-112.5	-112.5	-10.25	-10.25	False	False	morphology	determiner_noun_agreement	Write a natural, coherent English sentence.
725	24	Maria kisses this bad person.	Maria kisses these bad person.	-71.5	-72.0	-10.25	-10.25	True	False	morphology	determiner_noun_agreement	Write a natural, coherent English sentence.
726	24	Tanya passes this purple oasis.	Tanya passes these purple oasis.	-82.0	-82.5	-10.25	-10.3125	True	True	morphology	determiner_noun_agreement	Write a natural, coherent English sentence.
727	24	Marla has respected those delighted alumni.	Marla has respected that delighted alumni.	-103.5	-103.5	-10.3125	-10.3125	False	False	morphology	determiner_noun_agreement	Write a natural, coherent English sentence.
728	24	Paula is investigating this employed alumnus.	Paula is investigating these employed alumnus.	-112.5	-112.5	-10.1875	-10.1875	False	False	morphology	determiner_noun_agreement	Write a natural, coherent English sentence.
729	24	Most chairs aren't disgusting those serious women.	Most chairs aren't disgusting that serious women.	-113.0	-113.0	-10.25	-10.25	False	False	morphology	determiner_noun_agreement	Write a natural, coherent English sentence.
730	24	Men hadn't run around this purple oasis.	Men hadn't run around these purple oasis.	-113.0	-113.0	-10.3125	-10.3125	False	False	morphology	determiner_noun_agreement	Write a natural, coherent English sentence.
731	24	Tina hadn't arrived at those green oases.	Tina hadn't arrived at that green oases.	-123.0	-123.0	-10.25	-10.25	False	False	morphology	determiner_noun_agreement	Write a natural, coherent English sentence.
732	24	Karla knew this busy alumnus.	Karla knew these busy alumnus.	-92.0	-92.0	-10.25	-10.25	False	False	morphology	determiner_noun_agreement	Write a natural, coherent English sentence.
733	24	The actors care for these exposed people.	The actors care for this exposed people.	-82.5	-82.5	-10.3125	-10.3125	False	False	morphology	determiner_noun_agreement	Write a natural, coherent English sentence.
734	24	Michelle might alarm this employed man.	Michelle might alarm these employed man.	-72.5	-72.5	-10.375	-10.375	False	False	morphology	determiner_noun_agreement	Write a natural, coherent English sentence.
735	24	Maria hasn't walked through these hard oases.	Maria hasn't walked through this hard oases.	-112.5	-112.5	-10.25	-10.25	False	False	morphology	determiner_noun_agreement	Write a natural, coherent English sentence.
736	24	That report might disagree with those delighted men.	That report might disagree with that delighted men.	-92.0	-92.5	-10.25	-10.25	True	False	morphology	determiner_noun_agreement	Write a natural, coherent English sentence.
737	24	Actresses discuss this popular person.	Actresses discuss these popular person.	-81.5	-82.0	-10.1875	-10.25	True	True	morphology	determiner_noun_agreement	Write a natural, coherent English sentence.
738	24	Holly won't watch these unlucky men.	Holly won't watch this unlucky men.	-113.0	-113.0	-10.25	-10.25	False	False	morphology	determiner_noun_agreement	Write a natural, coherent English sentence.
739	24	Carl was driving to those blue oases.	Carl was driving to that blue oases.	-92.5	-92.0	-10.25	-10.25	False	False	morphology	determiner_noun_agreement	Write a natural, coherent English sentence.
740	24	Bill passes that rough oasis.	Bill passes those rough oasis.	-72.0	-72.0	-10.3125	-10.3125	False	False	morphology	determiner_noun_agreement	Write a natural, coherent English sentence.
741	24	All men praise this good thesis.	All men praise these good thesis.	-72.0	-72.5	-10.3125	-10.3125	True	False	morphology	determiner_noun_agreement	Write a natural, coherent English sentence.
742	24	Many doctors should escape from these hopeful women.	Many doctors should escape from this hopeful women.	-102.5	-102.5	-10.25	-10.25	False	False	morphology	determiner_noun_agreement	Write a natural, coherent English sentence.
743	24	Many girls find these nice men.	Many girls find this nice men.	-72.0	-72.0	-10.3125	-10.3125	False	False	morphology	determiner_noun_agreement	Write a natural, coherent English sentence.
744	24	Every museum helps those concealed children.	Every museum helps that concealed children.	-82.0	-82.5	-10.25	-10.3125	True	True	morphology	determiner_noun_agreement	Write a natural, coherent English sentence.
745	24	Marla was distracting these determined people.	Marla was distracting this determined people.	-92.5	-92.5	-10.25	-10.3125	False	True	morphology	determiner_noun_agreement	Write a natural, coherent English sentence.
746	24	Those computers might confuse this nice child.	Those computers might confuse these nice child.	-92.5	-92.5	-10.3125	-10.3125	False	False	morphology	determiner_noun_agreement	Write a natural, coherent English sentence.
747	24	Tanya hasn't loved that content woman.	Tanya hasn't loved those content woman.	-103.0	-103.5	-10.3125	-10.3125	True	False	morphology	determiner_noun_agreement	Write a natural, coherent English sentence.
748	24	Theresa won't conceal those lost lice.	Theresa won't conceal that lost lice.	-123.5	-123.5	-10.3125	-10.25	False	False	morphology	determiner_noun_agreement	Write a natural, coherent English sentence.
749	24	The Borgias do cure these out in the open octopi.	The Borgias do cure this out in the open octopi.	-154.0	-154.0	-10.25	-10.25	False	False	morphology	determiner_noun_agreement	Write a natural, coherent English sentence.
750	24	Kenneth messed up those lost teeth.	Kenneth messed up that lost teeth.	-92.0	-92.0	-10.1875	-10.1875	False	False	morphology	determiner_noun_agreement	Write a natural, coherent English sentence.
751	24	Jodi doesn't alarm these unsure people.	Jodi doesn't alarm this unsure people.	-113.0	-113.5	-10.3125	-10.3125	True	False	morphology	determiner_noun_agreement	Write a natural, coherent English sentence.
752	24	This customer scans those good analyses.	This customer scans that good analyses.	-92.5	-92.5	-10.3125	-10.3125	False	False	morphology	determiner_noun_agreement	Write a natural, coherent English sentence.
753	24	Vincent can't watch this hopeful alumnus.	Vincent can't watch these hopeful alumnus.	-123.0	-123.0	-10.25	-10.25	False	False	morphology	determiner_noun_agreement	Write a natural, coherent English sentence.
754	24	Jodi talked to this unconvinced child.	Jodi talked to these unconvinced child.	-113.0	-113.0	-10.3125	-10.3125	False	False	morphology	determiner_noun_agreement	Write a natural, coherent English sentence.
755	24	Katherine exited these exposed oases.	Katherine exited this exposed oases.	-92.5	-92.5	-10.3125	-10.3125	False	False	morphology	determiner_noun_agreement	Write a natural, coherent English sentence.
756	24	Beverly hasn't brought these rough fungi.	Beverly hasn't brought this rough fungi.	-112.5	-113.0	-10.25	-10.25	True	False	morphology	determiner_noun_agreement	Write a natural, coherent English sentence.
757	24	That unicycle is boring those standing children.	That unicycle is boring that standing children.	-102.0	-102.0	-10.1875	-10.1875	False	False	morphology	determiner_noun_agreement	Write a natural, coherent English sentence.
758	24	That boy can't escape from those unsure children.	That boy can't escape from that unsure children.	-123.5	-124.0	-10.3125	-10.3125	True	False	morphology	determiner_noun_agreement	Write a natural, coherent English sentence.
759	24	An adult bought these black axes.	An adult bought this black axes.	-82.0	-82.0	-10.25	-10.25	False	False	morphology	determiner_noun_agreement	Write a natural, coherent English sentence.
760	24	Sara isn't kissing this nice woman.	Sara isn't kissing these nice woman.	-102.5	-102.5	-10.25	-10.25	False	False	morphology	determiner_noun_agreement	Write a natural, coherent English sentence.
761	24	Robert couldn't embarrass those scared people.	Robert couldn't embarrass that scared people.	-93.0	-93.0	-10.3125	-10.3125	False	False	morphology	determiner_noun_agreement	Write a natural, coherent English sentence.
762	24	Deborah had fled from that important woman.	Deborah had fled from those important woman.	-102.5	-102.5	-10.25	-10.25	False	False	morphology	determiner_noun_agreement	Write a natural, coherent English sentence.
763	24	Brenda discussed that serious woman.	Brenda discussed those serious woman.	-72.5	-72.5	-10.375	-10.3125	False	False	morphology	determiner_noun_agreement	Write a natural, coherent English sentence.
764	24	Some women questioned that big woman.	Some women questioned those big woman.	-72.0	-72.0	-10.3125	-10.3125	False	False	morphology	determiner_noun_agreement	Write a natural, coherent English sentence.
765	24	Rodney didn't kiss those displeased women.	Rodney didn't kiss that displeased women.	-122.0	-122.0	-10.1875	-10.1875	False	False	morphology	determiner_noun_agreement	Write a natural, coherent English sentence.
766	24	Carrie can help those lost alumni.	Carrie can help that lost alumni.	-102.0	-102.0	-10.1875	-10.1875	False	False	morphology	determiner_noun_agreement	Write a natural, coherent English sentence.
767	24	Many guests approach this lucky man.	Many guests approach these lucky man.	-72.0	-72.0	-10.25	-10.25	False	False	morphology	determiner_noun_agreement	Write a natural, coherent English sentence.
768	24	Some student messes up that hard foot.	Some student messes up those hard foot.	-92.0	-92.0	-10.25	-10.25	False	False	morphology	determiner_noun_agreement	Write a natural, coherent English sentence.
769	24	Some men had skated around these hard oases.	Some men had skated around this hard oases.	-113.0	-113.5	-10.3125	-10.3125	True	False	morphology	determiner_noun_agreement	Write a natural, coherent English sentence.
770	24	Some light would annoy those happy alumni.	Some light would annoy that happy alumni.	-102.5	-102.5	-10.25	-10.25	False	False	morphology	determiner_noun_agreement	Write a natural, coherent English sentence.
771	24	Many casseroles shock these unconvinced men.	Many casseroles shock this unconvinced men.	-122.5	-123.0	-10.25	-10.25	True	False	morphology	determiner_noun_agreement	Write a natural, coherent English sentence.
772	24	Carl talks about those confident children.	Carl talks about that confident children.	-72.0	-72.0	-10.3125	-10.3125	False	False	morphology	determiner_noun_agreement	Write a natural, coherent English sentence.
773	24	Timothy was dropping by those new oases.	Timothy was dropping by that new oases.	-102.0	-102.0	-10.1875	-10.1875	False	False	morphology	determiner_noun_agreement	Write a natural, coherent English sentence.
774	24	Lori has approached these scared people.	Lori has approached this scared people.	-83.0	-83.0	-10.375	-10.375	False	False	morphology	determiner_noun_agreement	Write a natural, coherent English sentence.
775	24	Jodi wouldn't mess up those orange feet.	Jodi wouldn't mess up that orange feet.	-113.0	-113.0	-10.25	-10.3125	False	True	morphology	determiner_noun_agreement	Write a natural, coherent English sentence.
776	24	This newspaper article will embarrass this determined child.	This newspaper article will embarrass these determined child.	-92.0	-92.0	-10.25	-10.25	False	False	morphology	determiner_noun_agreement	Write a natural, coherent English sentence.
777	24	A lot of guys conceal this long analysis.	A lot of guys conceal these long analysis.	-102.5	-102.5	-10.25	-10.25	False	False	morphology	determiner_noun_agreement	Write a natural, coherent English sentence.
778	24	Lawrence fired that serious woman.	Lawrence fired those serious woman.	-62.5	-62.5	-10.375	-10.375	False	False	morphology	determiner_noun_agreement	Write a natural, coherent English sentence.
779	24	This story didn't bore this serious man.	This story didn't bore these serious man.	-103.0	-103.0	-10.3125	-10.3125	False	False	morphology	determiner_noun_agreement	Write a natural, coherent English sentence.
780	24	Mary can't remember that clever person.	Mary can't remember those clever person.	-92.5	-92.5	-10.25	-10.25	False	False	morphology	determiner_noun_agreement	Write a natural, coherent English sentence.
781	24	Marie could listen to that big woman.	Marie could listen to those big woman.	-82.5	-82.5	-10.3125	-10.3125	False	False	morphology	determiner_noun_agreement	Write a natural, coherent English sentence.
782	24	Clyde had those exposed axes.	Clyde had that exposed axes.	-92.5	-93.0	-10.3125	-10.3125	True	False	morphology	determiner_noun_agreement	Write a natural, coherent English sentence.
783	24	Victoria has left these delighted men.	Victoria has left this delighted men.	-72.0	-72.5	-10.3125	-10.3125	True	False	morphology	determiner_noun_agreement	Write a natural, coherent English sentence.
784	24	The Impressionists disagree with those bad analyses.	The Impressionists disagree with that bad analyses.	-111.5	-111.5	-10.125	-10.125	False	False	morphology	determiner_noun_agreement	Write a natural, coherent English sentence.
785	24	Amy took that hidden fungus.	Amy took those hidden fungus.	-82.5	-82.5	-10.3125	-10.3125	False	False	morphology	determiner_noun_agreement	Write a natural, coherent English sentence.
786	24	Rose was fixing this hard foot.	Rose was fixing these hard foot.	-72.0	-72.0	-10.3125	-10.3125	False	False	morphology	determiner_noun_agreement	Write a natural, coherent English sentence.
787	24	Most dishes weren't astounding these scared men.	Most dishes weren't astounding this scared men.	-123.0	-123.0	-10.25	-10.25	False	False	morphology	determiner_noun_agreement	Write a natural, coherent English sentence.
788	24	The doctor sees those smooth cacti.	The doctor sees that smooth cacti.	-92.5	-92.5	-10.3125	-10.25	False	False	morphology	determiner_noun_agreement	Write a natural, coherent English sentence.
789	24	Rodney hadn't cured these white octopi.	Rodney hadn't cured this white octopi.	-133.0	-133.0	-10.25	-10.25	False	False	morphology	determiner_noun_agreement	Write a natural, coherent English sentence.
790	24	This museum hadn't disgusted these troubled men.	This museum hadn't disgusted this troubled men.	-123.0	-123.0	-10.25	-10.25	False	False	morphology	determiner_noun_agreement	Write a natural, coherent English sentence.
791	24	Patrick complained about those scared men.	Patrick complained about that scared men.	-72.0	-72.0	-10.3125	-10.25	False	False	morphology	determiner_noun_agreement	Write a natural, coherent English sentence.
792	24	Jacqueline should stun these determined alumni.	Jacqueline should stun this determined alumni.	-123.0	-123.0	-10.25	-10.25	False	False	morphology	determiner_noun_agreement	Write a natural, coherent English sentence.
793	24	All apples worry this serious man.	All apples worry these serious man.	-82.0	-82.0	-10.25	-10.25	False	False	morphology	determiner_noun_agreement	Write a natural, coherent English sentence.
794	24	The drawing isn't scaring that old child.	The drawing isn't scaring those old child.	-113.0	-113.0	-10.3125	-10.25	False	False	morphology	determiner_noun_agreement	Write a natural, coherent English sentence.
795	24	Veronica questioned this uncertain woman.	Veronica questioned these uncertain woman.	-82.0	-82.0	-10.25	-10.25	False	False	morphology	determiner_noun_agreement	Write a natural, coherent English sentence.
796	24	Vanessa hadn't known this determined alumnus.	Vanessa hadn't known these determined alumnus.	-122.0	-122.0	-10.1875	-10.1875	False	False	morphology	determiner_noun_agreement	Write a natural, coherent English sentence.
797	24	Cynthia hadn't kissed this unemployed man.	Cynthia hadn't kissed these unemployed man.	-133.0	-133.0	-10.1875	-10.1875	False	False	morphology	determiner_noun_agreement	Write a natural, coherent English sentence.
798	24	These companies irritate that exposed woman.	These companies irritate those exposed woman.	-82.5	-82.5	-10.3125	-10.3125	False	False	morphology	determiner_noun_agreement	Write a natural, coherent English sentence.
799	24	This dancer wasn't biking to this orange oasis.	This dancer wasn't biking to these orange oasis.	-144.0	-144.0	-10.25	-10.25	False	False	morphology	determiner_noun_agreement	Write a natural, coherent English sentence.
800	24	Those legislatures could disturb this upset alumnus.	Those legislatures could disturb these upset alumnus.	-112.5	-112.5	-10.25	-10.25	False	False	morphology	determiner_noun_agreement	Write a natural, coherent English sentence.
801	24	Some adult hasn't hidden these ill men.	Some adult hasn't hidden this ill men.	-103.0	-103.5	-10.3125	-10.3125	True	False	morphology	determiner_noun_agreement	Write a natural, coherent English sentence.
802	24	A cashier should insult these hidden children.	A cashier should insult this hidden children.	-92.5	-92.5	-10.3125	-10.3125	False	False	morphology	determiner_noun_agreement	Write a natural, coherent English sentence.
803	24	Danielle could annoy that confident man.	Danielle could annoy those confident man.	-82.0	-82.0	-10.25	-10.25	False	False	morphology	determiner_noun_agreement	Write a natural, coherent English sentence.
804	24	These teachers lift this exposed goose.	These teachers lift these exposed goose.	-82.5	-82.5	-10.3125	-10.3125	False	False	morphology	determiner_noun_agreement	Write a natural, coherent English sentence.
805	24	Christina drove to that exposed oasis.	Christina drove to those exposed oasis.	-92.0	-92.0	-10.1875	-10.25	False	True	morphology	determiner_noun_agreement	Write a natural, coherent English sentence.
806	24	Jesus hadn't sounded like these hidden people.	Jesus hadn't sounded like this hidden people.	-102.5	-102.5	-10.25	-10.25	False	False	morphology	determiner_noun_agreement	Write a natural, coherent English sentence.
807	24	Many mushrooms irritate that upset man.	Many mushrooms irritate those upset man.	-91.5	-91.5	-10.1875	-10.1875	False	False	morphology	determiner_noun_agreement	Write a natural, coherent English sentence.
808	24	Some committee bought those white lice.	Some committee bought that white lice.	-82.5	-82.5	-10.3125	-10.3125	False	False	morphology	determiner_noun_agreement	Write a natural, coherent English sentence.
809	24	Daniel hasn't known this determined man.	Daniel hasn't known these determined man.	-92.5	-92.5	-10.3125	-10.3125	False	False	morphology	determiner_noun_agreement	Write a natural, coherent English sentence.
810	24	Art hadn't scared these serious alumni.	Art hadn't scared this serious alumni.	-113.0	-113.0	-10.25	-10.25	False	False	morphology	determiner_noun_agreement	Write a natural, coherent English sentence.
811	24	Alice fires this unconvinced child.	Alice fires these unconvinced child.	-92.5	-92.5	-10.25	-10.25	False	False	morphology	determiner_noun_agreement	Write a natural, coherent English sentence.
812	24	Melanie hid that exposed tooth.	Melanie hid those exposed tooth.	-71.5	-71.5	-10.1875	-10.1875	False	False	morphology	determiner_noun_agreement	Write a natural, coherent English sentence.
813	24	Most hamsters find that red tooth.	Most hamsters find those red tooth.	-82.0	-82.5	-10.25	-10.3125	True	True	morphology	determiner_noun_agreement	Write a natural, coherent English sentence.
814	24	Those children explore those small oases.	Those children explore that small oases.	-82.0	-82.5	-10.25	-10.3125	True	True	morphology	determiner_noun_agreement	Write a natural, coherent English sentence.
815	24	Most museums listen to this troubled man.	Most museums listen to these troubled man.	-101.5	-102.0	-10.125	-10.1875	True	True	morphology	determiner_noun_agreement	Write a natural, coherent English sentence.
816	24	Patrick embarrassed this unemployed person.	Patrick embarrassed these unemployed person.	-71.0	-71.5	-10.1875	-10.1875	True	False	morphology	determiner_noun_agreement	Write a natural, coherent English sentence.
817	24	A lot of icicles had alarmed that hidden woman.	A lot of icicles had alarmed those hidden woman.	-123.0	-123.5	-10.25	-10.25	True	False	morphology	determiner_noun_agreement	Write a natural, coherent English sentence.
818	24	Matt hadn't impressed this exposed child.	Matt hadn't impressed these exposed child.	-93.5	-93.5	-10.375	-10.375	False	False	morphology	determiner_noun_agreement	Write a natural, coherent English sentence.
819	24	Eric might see those new feet.	Eric might see that new feet.	-72.5	-72.5	-10.375	-10.375	False	False	morphology	determiner_noun_agreement	Write a natural, coherent English sentence.
820	24	Some turtle can confuse this old alumnus.	Some turtle can confuse these old alumnus.	-133.0	-133.0	-10.1875	-10.1875	False	False	morphology	determiner_noun_agreement	Write a natural, coherent English sentence.
821	24	Most guests explore these smooth oases.	Most guests explore this smooth oases.	-82.5	-82.5	-10.3125	-10.3125	False	False	morphology	determiner_noun_agreement	Write a natural, coherent English sentence.
822	24	Brian has praised that happy alumnus.	Brian has praised those happy alumnus.	-92.5	-92.5	-10.25	-10.25	False	False	morphology	determiner_noun_agreement	Write a natural, coherent English sentence.
823	24	Karen sees these ill lice.	Karen sees this ill lice.	-72.5	-72.5	-10.375	-10.375	False	False	morphology	determiner_noun_agreement	Write a natural, coherent English sentence.
824	24	Alicia doesn't observe this confident alumnus.	Alicia doesn't observe these confident alumnus.	-133.0	-133.0	-10.25	-10.25	False	False	morphology	determiner_noun_agreement	Write a natural, coherent English sentence.
825	24	That horse does find this lost octopus.	That horse does find these lost octopus.	-102.5	-102.5	-10.25	-10.25	False	False	morphology	determiner_noun_agreement	Write a natural, coherent English sentence.
826	24	Those customers haven't annoyed those delighted children.	Those customers haven't annoyed that delighted children.	-112.0	-112.5	-10.1875	-10.1875	True	False	morphology	determiner_noun_agreement	Write a natural, coherent English sentence.
827	24	The Great Lakes confused these hidden women.	The Great Lakes confused this hidden women.	-93.0	-93.0	-10.3125	-10.3125	False	False	morphology	determiner_noun_agreement	Write a natural, coherent English sentence.
828	24	Russell watches these unsure women.	Russell watches this unsure women.	-72.0	-72.5	-10.3125	-10.3125	True	False	morphology	determiner_noun_agreement	Write a natural, coherent English sentence.
829	24	Jacqueline has concealed these long synopses.	Jacqueline has concealed this long synopses.	-122.5	-122.5	-10.1875	-10.1875	False	False	morphology	determiner_noun_agreement	Write a natural, coherent English sentence.
830	24	Carrie isn't hiring this small woman.	Carrie isn't hiring these small woman.	-103.0	-103.0	-10.3125	-10.3125	False	False	morphology	determiner_noun_agreement	Write a natural, coherent English sentence.
831	24	Charles doesn't admire these big mice.	Charles doesn't admire this big mice.	-113.0	-113.0	-10.25	-10.25	False	False	morphology	determiner_noun_agreement	Write a natural, coherent English sentence.
832	24	The Impressionists might think about that white thesis.	The Impressionists might think about those white thesis.	-111.5	-112.0	-10.125	-10.1875	True	True	morphology	determiner_noun_agreement	Write a natural, coherent English sentence.
833	24	Most men question those bad people.	Most men question that bad people.	-72.5	-72.5	-10.375	-10.375	False	False	morphology	determiner_noun_agreement	Write a natural, coherent English sentence.
834	24	Lissa hasn't left this upset woman.	Lissa hasn't left these upset woman.	-102.5	-103.0	-10.25	-10.3125	True	True	morphology	determiner_noun_agreement	Write a natural, coherent English sentence.
835	24	Janice won't fire that determined child.	Janice won't fire those determined child.	-103.0	-103.0	-10.3125	-10.3125	False	False	morphology	determiner_noun_agreement	Write a natural, coherent English sentence.
836	24	This company criticized this lucky man.	This company criticized these lucky man.	-82.0	-82.0	-10.25	-10.25	False	False	morphology	determiner_noun_agreement	Write a natural, coherent English sentence.
837	24	The banks hurt that excited woman.	The banks hurt those excited woman.	-72.5	-72.5	-10.3125	-10.3125	False	False	morphology	determiner_noun_agreement	Write a natural, coherent English sentence.
838	24	Peter wasn't walking through those red oases.	Peter wasn't walking through that red oases.	-113.0	-113.0	-10.25	-10.25	False	False	morphology	determiner_noun_agreement	Write a natural, coherent English sentence.
839	24	Rebecca wasn't referencing this long synopsis.	Rebecca wasn't referencing these long synopsis.	-112.5	-112.5	-10.25	-10.25	False	False	morphology	determiner_noun_agreement	Write a natural, coherent English sentence.
840	24	Naomi notices this smooth octopus.	Naomi notices these smooth octopus.	-101.5	-101.5	-10.125	-10.125	False	False	morphology	determiner_noun_agreement	Write a natural, coherent English sentence.
841	24	Patrick conceals this hard stimulus.	Patrick conceals these hard stimulus.	-82.5	-82.0	-10.3125	-10.25	False	False	morphology	determiner_noun_agreement	Write a natural, coherent English sentence.
842	24	Candice shouldn't bring those smooth feet.	Candice shouldn't bring that smooth feet.	-102.5	-103.0	-10.25	-10.25	True	False	morphology	determiner_noun_agreement	Write a natural, coherent English sentence.
843	24	All books sound like those content women.	All books sound like that content women.	-82.5	-82.5	-10.3125	-10.3125	False	False	morphology	determiner_noun_agreement	Write a natural, coherent English sentence.
844	24	Bethany hasn't arrived at this white oasis.	Bethany hasn't arrived at these white oasis.	-122.0	-122.0	-10.1875	-10.1875	False	False	morphology	determiner_noun_agreement	Write a natural, coherent English sentence.
845	24	Steve reveals these unemployed alumni.	Steve reveals this unemployed alumni.	-92.0	-92.0	-10.25	-10.1875	False	False	morphology	determiner_noun_agreement	Write a natural, coherent English sentence.
846	24	Sonia was upsetting that ill woman.	Sonia was upsetting those ill woman.	-92.0	-92.0	-10.25	-10.25	False	False	morphology	determiner_noun_agreement	Write a natural, coherent English sentence.
847	24	Keith wasn't boring these delighted men.	Keith wasn't boring this delighted men.	-93.0	-93.0	-10.375	-10.375	False	False	morphology	determiner_noun_agreement	Write a natural, coherent English sentence.
848	24	The Borgias admire these hard mice.	The Borgias admire this hard mice.	-113.5	-113.5	-10.3125	-10.3125	False	False	morphology	determiner_noun_agreement	Write a natural, coherent English sentence.
849	24	These drivers had forgotten this good analysis.	These drivers had forgotten these good analysis.	-82.5	-82.5	-10.3125	-10.3125	False	False	morphology	determiner_noun_agreement	Write a natural, coherent English sentence.
850	24	Helen skates around this blue oasis.	Helen skates around these blue oasis.	-92.0	-92.0	-10.1875	-10.1875	False	False	morphology	determiner_noun_agreement	Write a natural, coherent English sentence.
851	24	Galileo found that smooth stimulus.	Galileo found those smooth stimulus.	-91.5	-92.0	-10.1875	-10.1875	True	False	morphology	determiner_noun_agreement	Write a natural, coherent English sentence.
852	24	Kimberley isn't curing these small octopi.	Kimberley isn't curing this small octopi.	-143.0	-143.0	-10.1875	-10.1875	False	False	morphology	determiner_noun_agreement	Write a natural, coherent English sentence.
853	24	Debra didn't conceal these popular men.	Debra didn't conceal this popular men.	-113.0	-113.0	-10.3125	-10.25	False	False	morphology	determiner_noun_agreement	Write a natural, coherent English sentence.
854	24	A lot of doctors hug these scared children.	A lot of doctors hug this scared children.	-91.5	-92.0	-10.1875	-10.1875	True	False	morphology	determiner_noun_agreement	Write a natural, coherent English sentence.
855	24	Those pedestrians weren't fleeing from these concealed men.	Those pedestrians weren't fleeing from this concealed men.	-154.0	-153.0	-10.25	-10.25	False	False	morphology	determiner_noun_agreement	Write a natural, coherent English sentence.
856	24	Those children find that exposed thesis.	Those children find those exposed thesis.	-72.0	-72.0	-10.3125	-10.3125	False	False	morphology	determiner_noun_agreement	Write a natural, coherent English sentence.
857	24	Debra admires these blue octopi.	Debra admires this blue octopi.	-102.0	-102.0	-10.25	-10.25	False	False	morphology	determiner_noun_agreement	Write a natural, coherent English sentence.
858	24	Bruce wasn't approaching that clever alumnus.	Bruce wasn't approaching those clever alumnus.	-113.0	-113.0	-10.25	-10.25	False	False	morphology	determiner_noun_agreement	Write a natural, coherent English sentence.
859	24	Lawrence isn't questioning that nice woman.	Lawrence isn't questioning those nice woman.	-93.0	-93.0	-10.3125	-10.3125	False	False	morphology	determiner_noun_agreement	Write a natural, coherent English sentence.
860	24	Some waitresses have this big octopus.	Some waitresses have these big octopus.	-111.5	-111.0	-10.125	-10.125	False	False	morphology	determiner_noun_agreement	Write a natural, coherent English sentence.
861	24	Carolyn had embarrassed that busy alumnus.	Carolyn had embarrassed those busy alumnus.	-102.0	-102.0	-10.25	-10.25	False	False	morphology	determiner_noun_agreement	Write a natural, coherent English sentence.
862	24	Jeffrey aggravated that smart man.	Jeffrey aggravated those smart man.	-91.5	-91.5	-10.1875	-10.125	False	False	morphology	determiner_noun_agreement	Write a natural, coherent English sentence.
863	24	Guy messed up this yellow foot.	Guy messed up these yellow foot.	-81.5	-81.5	-10.1875	-10.1875	False	False	morphology	determiner_noun_agreement	Write a natural, coherent English sentence.
864	24	Every book is embarrassing this small woman.	Every book is embarrassing these small woman.	-92.5	-92.5	-10.25	-10.3125	False	True	morphology	determiner_noun_agreement	Write a natural, coherent English sentence.
865	24	These associations were talking about these scared women.	These associations were talking about this scared women.	-92.5	-92.0	-10.25	-10.25	False	False	morphology	determiner_noun_agreement	Write a natural, coherent English sentence.
866	24	Todd disturbs this upset child.	Todd disturbs these upset child.	-82.0	-82.0	-10.25	-10.25	False	False	morphology	determiner_noun_agreement	Write a natural, coherent English sentence.
867	24	That window alarms these exposed women.	That window alarms this exposed women.	-82.5	-83.0	-10.3125	-10.375	True	True	morphology	determiner_noun_agreement	Write a natural, coherent English sentence.
868	24	A window upsets these upset men.	A window upsets this upset men.	-82.5	-82.5	-10.3125	-10.3125	False	False	morphology	determiner_noun_agreement	Write a natural, coherent English sentence.
869	24	Monet is fixing that brown foot.	Monet is fixing those brown foot.	-82.0	-82.0	-10.25	-10.25	False	False	morphology	determiner_noun_agreement	Write a natural, coherent English sentence.
870	24	Adam left these big alumni.	Adam left this big alumni.	-82.0	-82.0	-10.25	-10.25	False	False	morphology	determiner_noun_agreement	Write a natural, coherent English sentence.
871	24	Stacy can exit that big oasis.	Stacy can exit those big oasis.	-92.5	-92.5	-10.3125	-10.3125	False	False	morphology	determiner_noun_agreement	Write a natural, coherent English sentence.
872	24	Roger was returning to those happy alumni.	Roger was returning to that happy alumni.	-102.0	-102.0	-10.1875	-10.25	False	True	morphology	determiner_noun_agreement	Write a natural, coherent English sentence.
873	24	Dana isn't investigating this ill woman.	Dana isn't investigating these ill woman.	-113.0	-113.0	-10.25	-10.3125	False	True	morphology	determiner_noun_agreement	Write a natural, coherent English sentence.
874	24	Tammy has those yellow axes.	Tammy has that yellow axes.	-81.5	-82.0	-10.1875	-10.25	True	True	morphology	determiner_noun_agreement	Write a natural, coherent English sentence.
875	24	Marla leaves those employed children.	Marla leaves that employed children.	-72.5	-72.5	-10.375	-10.3125	False	False	morphology	determiner_noun_agreement	Write a natural, coherent English sentence.
876	24	Sarah referenced that ill child.	Sarah referenced those ill child.	-71.5	-71.5	-10.25	-10.25	False	False	morphology	determiner_noun_agreement	Write a natural, coherent English sentence.
877	24	Edward complained about this serious child.	Edward complained about these serious child.	-71.5	-71.5	-10.25	-10.25	False	False	morphology	determiner_noun_agreement	Write a natural, coherent English sentence.
878	24	Carolyn healed those bad women.	Carolyn healed that bad women.	-82.0	-82.0	-10.25	-10.25	False	False	morphology	determiner_noun_agreement	Write a natural, coherent English sentence.
879	24	The waitresses fired those upset alumni.	The waitresses fired that upset alumni.	-112.0	-112.0	-10.1875	-10.1875	False	False	morphology	determiner_noun_agreement	Write a natural, coherent English sentence.
880	24	Every driver dropped by that old oasis.	Every driver dropped by those old oasis.	-92.5	-92.5	-10.25	-10.3125	False	True	morphology	determiner_noun_agreement	Write a natural, coherent English sentence.
881	24	William hadn't hugged these hopeful alumni.	William hadn't hugged this hopeful alumni.	-133.0	-133.0	-10.1875	-10.1875	False	False	morphology	determiner_noun_agreement	Write a natural, coherent English sentence.
882	24	The Lutherans had messed up those lost feet.	The Lutherans had messed up that lost feet.	-112.5	-112.5	-10.25	-10.25	False	False	morphology	determiner_noun_agreement	Write a natural, coherent English sentence.
883	24	Florence hasn't confused those standing men.	Florence hasn't confused that standing men.	-93.0	-93.0	-10.3125	-10.3125	False	False	morphology	determiner_noun_agreement	Write a natural, coherent English sentence.
884	24	Some convertible upset this upset woman.	Some convertible upset these upset woman.	-82.0	-82.0	-10.25	-10.25	False	False	morphology	determiner_noun_agreement	Write a natural, coherent English sentence.
885	24	Rebecca saw this hidden foot.	Rebecca saw these hidden foot.	-61.75	-61.75	-10.3125	-10.3125	False	False	morphology	determiner_noun_agreement	Write a natural, coherent English sentence.
886	24	Derek returned to these content men.	Derek returned to this content men.	-83.0	-82.5	-10.375	-10.3125	False	False	morphology	determiner_noun_agreement	Write a natural, coherent English sentence.
887	24	Those teachers love those hidden women.	Those teachers love that hidden women.	-72.5	-72.5	-10.375	-10.375	False	False	morphology	determiner_noun_agreement	Write a natural, coherent English sentence.
888	24	Jennifer worried those ill men.	Jennifer worried that ill men.	-62.0	-62.0	-10.375	-10.3125	False	False	morphology	determiner_noun_agreement	Write a natural, coherent English sentence.
889	24	A chair was stunning this big man.	A chair was stunning these big man.	-82.5	-82.5	-10.3125	-10.3125	False	False	morphology	determiner_noun_agreement	Write a natural, coherent English sentence.
890	24	Paintings looked like that gray thesis.	Paintings looked like those gray thesis.	-92.5	-92.5	-10.25	-10.25	False	False	morphology	determiner_noun_agreement	Write a natural, coherent English sentence.
891	24	Karla toured this rough oasis.	Karla toured these rough oasis.	-92.5	-93.0	-10.3125	-10.3125	True	False	morphology	determiner_noun_agreement	Write a natural, coherent English sentence.
892	24	Walter couldn't boycott those hidden oases.	Walter couldn't boycott that hidden oases.	-113.0	-113.5	-10.3125	-10.3125	True	False	morphology	determiner_noun_agreement	Write a natural, coherent English sentence.
893	24	Donald has worried this smart man.	Donald has worried these smart man.	-72.5	-72.5	-10.3125	-10.3125	False	False	morphology	determiner_noun_agreement	Write a natural, coherent English sentence.
894	24	Catherine has boycotted those gray oases.	Catherine has boycotted that gray oases.	-103.0	-103.0	-10.3125	-10.3125	False	False	morphology	determiner_noun_agreement	Write a natural, coherent English sentence.
895	24	Nicole toured those yellow oases.	Nicole toured that yellow oases.	-82.5	-82.5	-10.3125	-10.3125	False	False	morphology	determiner_noun_agreement	Write a natural, coherent English sentence.
896	24	Barbara praises that young woman.	Barbara praises those young woman.	-72.0	-72.0	-10.3125	-10.3125	False	False	morphology	determiner_noun_agreement	Write a natural, coherent English sentence.
897	24	The apple aggravates those hopeful children.	The apple aggravates that hopeful children.	-101.5	-101.5	-10.1875	-10.1875	False	False	morphology	determiner_noun_agreement	Write a natural, coherent English sentence.
898	24	All photographs could look like this big fungus.	All photographs could look like these big fungus.	-112.5	-112.5	-10.25	-10.25	False	False	morphology	determiner_noun_agreement	Write a natural, coherent English sentence.
899	24	Guys should talk about that good synopsis.	Guys should talk about those good synopsis.	-102.0	-102.0	-10.1875	-10.1875	False	False	morphology	determiner_noun_agreement	Write a natural, coherent English sentence.
900	24	Tracy discovered this concealed alumnus.	Tracy discovered these concealed alumnus.	-102.5	-102.5	-10.25	-10.25	False	False	morphology	determiner_noun_agreement	Write a natural, coherent English sentence.
901	24	All actresses are helping this troubled man.	All actresses are helping these troubled man.	-101.0	-101.5	-10.125	-10.125	True	False	morphology	determiner_noun_agreement	Write a natural, coherent English sentence.
902	24	Douglas isn't revealing this dirty foot.	Douglas isn't revealing these dirty foot.	-93.0	-93.0	-10.3125	-10.3125	False	False	morphology	determiner_noun_agreement	Write a natural, coherent English sentence.
903	24	Most senators confuse that standing child.	Most senators confuse those standing child.	-93.0	-92.5	-10.3125	-10.3125	False	False	morphology	determiner_noun_agreement	Write a natural, coherent English sentence.
904	24	Those doctors embarrass that upset woman.	Those doctors embarrass those upset woman.	-72.0	-72.5	-10.3125	-10.375	True	True	morphology	determiner_noun_agreement	Write a natural, coherent English sentence.
905	24	A lot of customers were healing those sick men.	A lot of customers were healing that sick men.	-102.5	-102.5	-10.25	-10.25	False	False	morphology	determiner_noun_agreement	Write a natural, coherent English sentence.
906	24	Sabrina does conceal these old alumni.	Sabrina does conceal this old alumni.	-123.0	-123.0	-10.25	-10.25	False	False	morphology	determiner_noun_agreement	Write a natural, coherent English sentence.
907	24	Many girls can't observe those young alumni.	Many girls can't observe that young alumni.	-124.0	-124.0	-10.3125	-10.3125	False	False	morphology	determiner_noun_agreement	Write a natural, coherent English sentence.
908	24	The actresses hire that lucky man.	The actresses hire those lucky man.	-82.0	-82.0	-10.25	-10.25	False	False	morphology	determiner_noun_agreement	Write a natural, coherent English sentence.
909	24	Andrea is firing that scared child.	Andrea is firing those scared child.	-72.0	-72.5	-10.3125	-10.3125	True	False	morphology	determiner_noun_agreement	Write a natural, coherent English sentence.
910	24	That dancer scanned that bad synopsis.	That dancer scanned those bad synopsis.	-103.0	-103.0	-10.3125	-10.25	False	False	morphology	determiner_noun_agreement	Write a natural, coherent English sentence.
911	24	Daniel breaks these dirty teeth.	Daniel breaks this dirty teeth.	-61.75	-62.0	-10.25	-10.3125	True	True	morphology	determiner_noun_agreement	Write a natural, coherent English sentence.
912	24	Students had messed up those purple teeth.	Students had messed up that purple teeth.	-92.5	-92.5	-10.25	-10.25	False	False	morphology	determiner_noun_agreement	Write a natural, coherent English sentence.
913	24	Becky boycotted those old oases.	Becky boycotted that old oases.	-102.5	-102.5	-10.25	-10.25	False	False	morphology	determiner_noun_agreement	Write a natural, coherent English sentence.
914	24	Florence talks to those good women.	Florence talks to that good women.	-72.5	-72.5	-10.375	-10.375	False	False	morphology	determiner_noun_agreement	Write a natural, coherent English sentence.
915	24	Carmen won't break this big foot.	Carmen won't break these big foot.	-103.0	-103.0	-10.3125	-10.3125	False	False	morphology	determiner_noun_agreement	Write a natural, coherent English sentence.
916	24	Stephen fired those employed men.	Stephen fired that employed men.	-62.25	-62.25	-10.375	-10.375	False	False	morphology	determiner_noun_agreement	Write a natural, coherent English sentence.
917	24	Many governments confuse this sick woman.	Many governments confuse these sick woman.	-82.5	-82.5	-10.3125	-10.3125	False	False	morphology	determiner_noun_agreement	Write a natural, coherent English sentence.
918	24	Heidi healed this troubled child.	Heidi healed these troubled child.	-91.5	-91.5	-10.1875	-10.1875	False	False	morphology	determiner_noun_agreement	Write a natural, coherent English sentence.
919	24	Daniel questions these employed alumni.	Daniel questions this employed alumni.	-82.5	-82.5	-10.3125	-10.3125	False	False	morphology	determiner_noun_agreement	Write a natural, coherent English sentence.
920	24	People admire these yellow oxen.	People admire this yellow oxen.	-82.0	-82.0	-10.25	-10.25	False	False	morphology	determiner_noun_agreement	Write a natural, coherent English sentence.
921	24	Those adults embarrasses this displeased woman.	Those adults embarrasses these displeased woman.	-102.0	-102.5	-10.25	-10.25	True	False	morphology	determiner_noun_agreement	Write a natural, coherent English sentence.
922	24	Winston Churchill notices these big nuclei.	Winston Churchill notices this big nuclei.	-112.0	-112.0	-10.1875	-10.1875	False	False	morphology	determiner_noun_agreement	Write a natural, coherent English sentence.
923	24	All women hide those concealed nuclei.	All women hide that concealed nuclei.	-92.5	-92.5	-10.3125	-10.25	False	False	morphology	determiner_noun_agreement	Write a natural, coherent English sentence.
924	24	Charles was escaping from those lucky men.	Charles was escaping from that lucky men.	-92.0	-92.5	-10.25	-10.25	True	False	morphology	determiner_noun_agreement	Write a natural, coherent English sentence.
925	24	Paul doesn't insult this happy woman.	Paul doesn't insult these happy woman.	-93.0	-93.0	-10.3125	-10.3125	False	False	morphology	determiner_noun_agreement	Write a natural, coherent English sentence.
926	24	Galileo isn't scanning this brown thesis.	Galileo isn't scanning these brown thesis.	-123.0	-123.0	-10.25	-10.25	False	False	morphology	determiner_noun_agreement	Write a natural, coherent English sentence.
927	24	The newspaper article doesn't annoy that exposed man.	The newspaper article doesn't annoy those exposed man.	-113.0	-113.0	-10.25	-10.25	False	False	morphology	determiner_noun_agreement	Write a natural, coherent English sentence.
928	24	Carmen noticed these gray cacti.	Carmen noticed this gray cacti.	-92.5	-92.0	-10.25	-10.25	False	False	morphology	determiner_noun_agreement	Write a natural, coherent English sentence.
929	24	Teresa approaches this upset man.	Teresa approaches these upset man.	-72.0	-72.0	-10.25	-10.25	False	False	morphology	determiner_noun_agreement	Write a natural, coherent English sentence.
930	24	April was revealing this hidden woman.	April was revealing these hidden woman.	-72.0	-72.0	-10.3125	-10.25	False	False	morphology	determiner_noun_agreement	Write a natural, coherent English sentence.
931	24	Michael has loved these scared men.	Michael has loved this scared men.	-72.5	-72.5	-10.375	-10.375	False	False	morphology	determiner_noun_agreement	Write a natural, coherent English sentence.
932	24	Joseph hadn't bought those hard lice.	Joseph hadn't bought that hard lice.	-103.0	-103.0	-10.3125	-10.3125	False	False	morphology	determiner_noun_agreement	Write a natural, coherent English sentence.
933	24	Larry did drive to this out in the open oasis.	Larry did drive to these out in the open oasis.	-123.0	-123.0	-10.25	-10.25	False	False	morphology	determiner_noun_agreement	Write a natural, coherent English sentence.
934	24	Lisa hasn't driven to that new oasis.	Lisa hasn't driven to those new oasis.	-112.0	-112.5	-10.1875	-10.1875	True	False	morphology	determiner_noun_agreement	Write a natural, coherent English sentence.
935	24	Steve scanned this good synopsis.	Steve scanned these good synopsis.	-82.0	-82.0	-10.25	-10.25	False	False	morphology	determiner_noun_agreement	Write a natural, coherent English sentence.
936	24	The Lutherans care for those hopeful men.	The Lutherans care for that hopeful men.	-102.5	-102.5	-10.25	-10.25	False	False	morphology	determiner_noun_agreement	Write a natural, coherent English sentence.
937	24	Christine bikes to these orange oases.	Christine bikes to this orange oases.	-102.5	-102.5	-10.25	-10.25	False	False	morphology	determiner_noun_agreement	Write a natural, coherent English sentence.
938	24	Most actors distracted this popular woman.	Most actors distracted these popular woman.	-82.5	-82.5	-10.3125	-10.3125	False	False	morphology	determiner_noun_agreement	Write a natural, coherent English sentence.
939	24	Emily should observe those displeased men.	Emily should observe that displeased men.	-92.5	-92.5	-10.25	-10.25	False	False	morphology	determiner_noun_agreement	Write a natural, coherent English sentence.
940	24	The drivers do sell this green thesis.	The drivers do sell these green thesis.	-82.5	-82.5	-10.3125	-10.3125	False	False	morphology	determiner_noun_agreement	Write a natural, coherent English sentence.
941	24	Most drivers love these unemployed men.	Most drivers love this unemployed men.	-82.0	-82.0	-10.25	-10.25	False	False	morphology	determiner_noun_agreement	Write a natural, coherent English sentence.
942	24	Those doctors care for this hopeful man.	Those doctors care for these hopeful man.	-92.0	-92.0	-10.1875	-10.25	False	True	morphology	determiner_noun_agreement	Write a natural, coherent English sentence.
943	24	Brad kisses that displeased man.	Brad kisses those displeased man.	-92.0	-92.0	-10.25	-10.1875	False	False	morphology	determiner_noun_agreement	Write a natural, coherent English sentence.
944	24	Danielle had argued about those troubled men.	Danielle had argued about that troubled men.	-102.0	-102.5	-10.25	-10.25	True	False	morphology	determiner_noun_agreement	Write a natural, coherent English sentence.
945	24	An actor is disgusting those unsure men.	An actor is disgusting that unsure men.	-102.5	-103.0	-10.25	-10.3125	True	True	morphology	determiner_noun_agreement	Write a natural, coherent English sentence.
946	24	Galileo didn't hurt those displeased children.	Galileo didn't hurt that displeased children.	-132.0	-133.0	-10.1875	-10.1875	True	False	morphology	determiner_noun_agreement	Write a natural, coherent English sentence.
947	24	Omar messed up these small teeth.	Omar messed up this small teeth.	-92.0	-92.0	-10.25	-10.25	False	False	morphology	determiner_noun_agreement	Write a natural, coherent English sentence.
948	24	Carmen will watch this smart person.	Carmen will watch these smart person.	-82.5	-82.0	-10.3125	-10.25	False	False	morphology	determiner_noun_agreement	Write a natural, coherent English sentence.
949	24	Jeffrey hid that unlucky child.	Jeffrey hid those unlucky child.	-91.5	-91.5	-10.1875	-10.1875	False	False	morphology	determiner_noun_agreement	Write a natural, coherent English sentence.
950	24	Every plane bothers this upset child.	Every plane bothers these upset child.	-82.0	-82.0	-10.25	-10.25	False	False	morphology	determiner_noun_agreement	Write a natural, coherent English sentence.
951	24	A lot of hospitals have those blue teeth.	A lot of hospitals have that blue teeth.	-92.0	-92.0	-10.25	-10.25	False	False	morphology	determiner_noun_agreement	Write a natural, coherent English sentence.
952	24	Nancy wasn't disturbing that clever man.	Nancy wasn't disturbing those clever man.	-102.5	-102.5	-10.25	-10.25	False	False	morphology	determiner_noun_agreement	Write a natural, coherent English sentence.
953	24	These ladies bought that white tooth.	These ladies bought those white tooth.	-72.0	-72.0	-10.3125	-10.3125	False	False	morphology	determiner_noun_agreement	Write a natural, coherent English sentence.
954	24	Every skirt annoys that confident person.	Every skirt annoys those confident person.	-92.5	-92.5	-10.3125	-10.3125	False	False	morphology	determiner_noun_agreement	Write a natural, coherent English sentence.
955	24	These actors weren't biking to these red oases.	These actors weren't biking to this red oases.	-133.0	-133.0	-10.25	-10.25	False	False	morphology	determiner_noun_agreement	Write a natural, coherent English sentence.
956	24	Carmen has described those confident people.	Carmen has described that confident people.	-82.5	-82.5	-10.3125	-10.3125	False	False	morphology	determiner_noun_agreement	Write a natural, coherent English sentence.
957	24	All legislatures criticize that brown oasis.	All legislatures criticize those brown oasis.	-102.5	-102.0	-10.25	-10.25	False	False	morphology	determiner_noun_agreement	Write a natural, coherent English sentence.
958	24	Paula works with that clever person.	Paula works with those clever person.	-82.5	-82.5	-10.3125	-10.3125	False	False	morphology	determiner_noun_agreement	Write a natural, coherent English sentence.
959	24	Benjamin respects those confident children.	Benjamin respects that confident children.	-72.5	-73.0	-10.375	-10.375	True	False	morphology	determiner_noun_agreement	Write a natural, coherent English sentence.
960	24	Mitchell attacked these unsure alumni.	Mitchell attacked this unsure alumni.	-92.5	-92.5	-10.25	-10.25	False	False	morphology	determiner_noun_agreement	Write a natural, coherent English sentence.
961	24	The Lutherans hadn't cleaned these broken teeth.	The Lutherans hadn't cleaned this broken teeth.	-112.5	-113.0	-10.25	-10.25	True	False	morphology	determiner_noun_agreement	Write a natural, coherent English sentence.
962	24	A lot of children observe that young child.	A lot of children observe those young child.	-92.0	-92.0	-10.25	-10.25	False	False	morphology	determiner_noun_agreement	Write a natural, coherent English sentence.
963	24	Gary hadn't sounded like this out in the open oasis.	Gary hadn't sounded like these out in the open oasis.	-143.0	-143.0	-10.1875	-10.1875	False	False	morphology	determiner_noun_agreement	Write a natural, coherent English sentence.
964	24	That fish annoyed this serious alumnus.	That fish annoyed these serious alumnus.	-102.0	-101.5	-10.1875	-10.1875	False	False	morphology	determiner_noun_agreement	Write a natural, coherent English sentence.
965	24	Spotlights worry those standing people.	Spotlights worry that standing people.	-71.5	-72.0	-10.25	-10.25	True	False	morphology	determiner_noun_agreement	Write a natural, coherent English sentence.
966	24	Rodney returned to these content alumni.	Rodney returned to this content alumni.	-102.0	-102.0	-10.25	-10.1875	False	False	morphology	determiner_noun_agreement	Write a natural, coherent English sentence.
967	24	Bruce references this unemployed child.	Bruce references these unemployed child.	-72.0	-72.0	-10.25	-10.25	False	False	morphology	determiner_noun_agreement	Write a natural, coherent English sentence.
968	24	Many museums criticize this bad analysis.	Many museums criticize these bad analysis.	-91.5	-92.0	-10.1875	-10.1875	True	False	morphology	determiner_noun_agreement	Write a natural, coherent English sentence.
969	24	Danielle knows that concealed man.	Danielle knows those concealed man.	-82.0	-82.0	-10.25	-10.25	False	False	morphology	determiner_noun_agreement	Write a natural, coherent English sentence.
970	24	Katherine sells that smooth oasis.	Katherine sells those smooth oasis.	-92.0	-92.0	-10.25	-10.1875	False	False	morphology	determiner_noun_agreement	Write a natural, coherent English sentence.
971	24	Meredith hadn't scared these clever people.	Meredith hadn't scared this clever people.	-113.0	-113.0	-10.25	-10.3125	False	True	morphology	determiner_noun_agreement	Write a natural, coherent English sentence.
972	24	Walter biked to these gray oases.	Walter biked to this gray oases.	-103.0	-103.0	-10.3125	-10.25	False	False	morphology	determiner_noun_agreement	Write a natural, coherent English sentence.
973	24	Phillip has investigated this unemployed man.	Phillip has investigated these unemployed man.	-92.0	-92.0	-10.1875	-10.25	False	True	morphology	determiner_noun_agreement	Write a natural, coherent English sentence.
974	24	Alice knows that ill woman.	Alice knows those ill woman.	-61.75	-62.0	-10.3125	-10.375	True	True	morphology	determiner_noun_agreement	Write a natural, coherent English sentence.
975	24	Daniel bothered that unemployed alumnus.	Daniel bothered those unemployed alumnus.	-92.0	-92.0	-10.1875	-10.1875	False	False	morphology	determiner_noun_agreement	Write a natural, coherent English sentence.
976	24	Some children notice this black thesis.	Some children notice these black thesis.	-72.0	-72.0	-10.3125	-10.3125	False	False	morphology	determiner_noun_agreement	Write a natural, coherent English sentence.
977	24	George has alarmed these unemployed children.	George has alarmed this unemployed children.	-92.0	-92.5	-10.25	-10.25	True	False	morphology	determiner_noun_agreement	Write a natural, coherent English sentence.
978	24	Sarah won't drive to this concealed oasis.	Sarah won't drive to these concealed oasis.	-123.0	-123.0	-10.25	-10.25	False	False	morphology	determiner_noun_agreement	Write a natural, coherent English sentence.
979	24	Grace arrived at those small oases.	Grace arrived at that small oases.	-82.0	-81.5	-10.25	-10.1875	False	False	morphology	determiner_noun_agreement	Write a natural, coherent English sentence.
980	24	David kisses that lucky man.	David kisses those lucky man.	-71.5	-71.5	-10.1875	-10.1875	False	False	morphology	determiner_noun_agreement	Write a natural, coherent English sentence.
981	24	Laura isn't lifting this smooth axis.	Laura isn't lifting these smooth axis.	-92.5	-93.0	-10.3125	-10.3125	True	False	morphology	determiner_noun_agreement	Write a natural, coherent English sentence.
982	24	Mark embarrassed these confident children.	Mark embarrassed this confident children.	-62.0	-62.0	-10.3125	-10.3125	False	False	morphology	determiner_noun_agreement	Write a natural, coherent English sentence.
983	24	Patients bothers this employed man.	Patients bothers these employed man.	-82.0	-82.0	-10.25	-10.25	False	False	morphology	determiner_noun_agreement	Write a natural, coherent English sentence.
984	24	Christopher has criticized this bad synopsis.	Christopher has criticized these bad synopsis.	-92.0	-92.0	-10.1875	-10.1875	False	False	morphology	determiner_noun_agreement	Write a natural, coherent English sentence.
985	24	Todd hadn't gone to this cheap oasis.	Todd hadn't gone to these cheap oasis.	-113.0	-113.0	-10.25	-10.25	False	False	morphology	determiner_noun_agreement	Write a natural, coherent English sentence.
986	24	Becca does investigate this lucky alumnus.	Becca does investigate these lucky alumnus.	-102.5	-102.5	-10.25	-10.25	False	False	morphology	determiner_noun_agreement	Write a natural, coherent English sentence.
987	24	Sabrina visits those fast women.	Sabrina visits that fast women.	-82.0	-82.0	-10.25	-10.25	False	False	morphology	determiner_noun_agreement	Write a natural, coherent English sentence.
988	24	Janet knew those unconvinced children.	Janet knew that unconvinced children.	-102.5	-102.5	-10.25	-10.25	False	False	morphology	determiner_noun_agreement	Write a natural, coherent English sentence.
989	24	Christine hated this young man.	Christine hated these young man.	-72.0	-72.5	-10.3125	-10.3125	True	False	morphology	determiner_noun_agreement	Write a natural, coherent English sentence.
990	24	Chad hadn't complained about these big oases.	Chad hadn't complained about this big oases.	-123.0	-123.0	-10.25	-10.25	False	False	morphology	determiner_noun_agreement	Write a natural, coherent English sentence.
991	24	Many bikes stun that nice man.	Many bikes stun those nice man.	-93.0	-93.0	-10.3125	-10.3125	False	False	morphology	determiner_noun_agreement	Write a natural, coherent English sentence.
992	24	William hasn't investigated these fast men.	William hasn't investigated this fast men.	-93.0	-92.5	-10.3125	-10.3125	False	False	morphology	determiner_noun_agreement	Write a natural, coherent English sentence.
993	24	Kristin couldn't research these smooth oases.	Kristin couldn't research this smooth oases.	-113.0	-113.0	-10.3125	-10.3125	False	False	morphology	determiner_noun_agreement	Write a natural, coherent English sentence.
994	24	Travis arrives at these old oases.	Travis arrives at this old oases.	-92.0	-92.0	-10.25	-10.25	False	False	morphology	determiner_noun_agreement	Write a natural, coherent English sentence.
995	24	Many boys drive to this yellow oasis.	Many boys drive to these yellow oasis.	-92.5	-93.0	-10.25	-10.3125	True	True	morphology	determiner_noun_agreement	Write a natural, coherent English sentence.
996	24	Danielle won't heal those unlucky people.	Danielle won't heal that unlucky people.	-122.5	-123.0	-10.25	-10.25	True	False	morphology	determiner_noun_agreement	Write a natural, coherent English sentence.
997	24	Sabrina wouldn't go to that new oasis.	Sabrina wouldn't go to those new oasis.	-133.0	-133.0	-10.1875	-10.1875	False	False	morphology	determiner_noun_agreement	Write a natural, coherent English sentence.
998	24	This movie theater annoys these lucky alumni.	This movie theater annoys this lucky alumni.	-123.0	-123.0	-10.25	-10.25	False	False	morphology	determiner_noun_agreement	Write a natural, coherent English sentence.
999	24	Stacy doesn't appreciate that out in the open woman.	Stacy doesn't appreciate those out in the open woman.	-133.0	-133.0	-10.25	-10.25	False	False	morphology	determiner_noun_agreement	Write a natural, coherent English sentence.
0	25	Alexander didn't walk through that new oasis.	Alexander didn't walk through those new oasis.	-112.0	-112.0	-10.1875	-10.1875	False	False	morphology	determiner_noun_agreement	Write a natural, coherent English sentence.
1	25	This hair irritates these old alumni.	This hair irritates this old alumni.	-102.0	-102.0	-10.1875	-10.1875	False	False	morphology	determiner_noun_agreement	Write a natural, coherent English sentence.
2	25	Winston Churchill was escaping from this serious person.	Winston Churchill was escaping from these serious person.	-121.5	-121.5	-10.125	-10.125	False	False	morphology	determiner_noun_agreement	Write a natural, coherent English sentence.
3	25	Anna walks through these purple oases.	Anna walks through this purple oases.	-82.0	-81.5	-10.25	-10.1875	False	False	morphology	determiner_noun_agreement	Write a natural, coherent English sentence.
4	25	Alicia sounded like this good analysis.	Alicia sounded like these good analysis.	-92.0	-92.0	-10.25	-10.25	False	False	morphology	determiner_noun_agreement	Write a natural, coherent English sentence.
5	25	Jeffrey might complain about this gray thesis.	Jeffrey might complain about these gray thesis.	-91.0	-91.5	-10.125	-10.125	True	False	morphology	determiner_noun_agreement	Write a natural, coherent English sentence.
6	25	Meredith approaches these concealed women.	Meredith approaches this concealed women.	-92.0	-92.0	-10.25	-10.25	False	False	morphology	determiner_noun_agreement	Write a natural, coherent English sentence.
7	25	Julia questioned those small children.	Julia questioned that small children.	-62.0	-62.0	-10.375	-10.375	False	False	morphology	determiner_noun_agreement	Write a natural, coherent English sentence.
8	25	That adult has brought that purple octopus.	That adult has brought those purple octopus.	-102.0	-102.0	-10.25	-10.1875	False	False	morphology	determiner_noun_agreement	Write a natural, coherent English sentence.
9	25	The people hug this displeased woman.	The people hug these displeased woman.	-92.0	-92.0	-10.1875	-10.25	False	True	morphology	determiner_noun_agreement	Write a natural, coherent English sentence.
10	25	That beef did bore these displeased people.	That beef did bore this displeased people.	-103.0	-103.0	-10.25	-10.25	False	False	morphology	determiner_noun_agreement	Write a natural, coherent English sentence.
11	25	These libraries talk about these long synopses.	These libraries talk about this long synopses.	-101.5	-101.5	-10.1875	-10.125	False	False	morphology	determiner_noun_agreement	Write a natural, coherent English sentence.
12	25	Lori wasn't hiring those delighted men.	Lori wasn't hiring that delighted men.	-103.0	-103.0	-10.3125	-10.3125	False	False	morphology	determiner_noun_agreement	Write a natural, coherent English sentence.
13	25	The teachers are running around this concealed oasis.	The teachers are running around these concealed oasis.	-112.5	-112.5	-10.25	-10.25	False	False	morphology	determiner_noun_agreement	Write a natural, coherent English sentence.
14	25	Those bananas embarrass these delighted people.	Those bananas embarrass this delighted people.	-82.0	-82.0	-10.25	-10.25	False	False	morphology	determiner_noun_agreement	Write a natural, coherent English sentence.
15	25	Mitchell brought those green oases.	Mitchell brought that green oases.	-72.0	-72.0	-10.3125	-10.3125	False	False	morphology	determiner_noun_agreement	Write a natural, coherent English sentence.
16	25	The actresses complain about this rough thesis.	The actresses complain about these rough thesis.	-91.5	-91.5	-10.1875	-10.1875	False	False	morphology	determiner_noun_agreement	Write a natural, coherent English sentence.
17	25	Russell investigates these fast women.	Russell investigates this fast women.	-72.0	-72.0	-10.25	-10.3125	False	True	morphology	determiner_noun_agreement	Write a natural, coherent English sentence.
18	25	Irene praised those bad synopses.	Irene praised that bad synopses.	-92.5	-92.5	-10.25	-10.3125	False	True	morphology	determiner_noun_agreement	Write a natural, coherent English sentence.
19	25	Denise did confuse that important woman.	Denise did confuse those important woman.	-91.5	-92.0	-10.1875	-10.25	True	True	morphology	determiner_noun_agreement	Write a natural, coherent English sentence.
20	25	Some patients dislike those nice women.	Some patients dislike that nice women.	-82.0	-82.0	-10.25	-10.25	False	False	morphology	determiner_noun_agreement	Write a natural, coherent English sentence.
21	25	Amelia wasn't observing this hopeful man.	Amelia wasn't observing these hopeful man.	-122.0	-122.0	-10.1875	-10.125	False	False	morphology	determiner_noun_agreement	Write a natural, coherent English sentence.
22	25	Grace is hugging these popular women.	Grace is hugging this popular women.	-81.0	-81.5	-10.125	-10.1875	True	True	morphology	determiner_noun_agreement	Write a natural, coherent English sentence.
23	25	Julia might describe this long synopsis.	Julia might describe these long synopsis.	-82.0	-82.0	-10.25	-10.25	False	False	morphology	determiner_noun_agreement	Write a natural, coherent English sentence.
24	25	Many pedestrians do return to these happy men.	Many pedestrians do return to this happy men.	-113.0	-113.0	-10.25	-10.25	False	False	morphology	determiner_noun_agreement	Write a natural, coherent English sentence.
25	25	Laura noticed that determined man.	Laura noticed those determined man.	-62.0	-62.25	-10.3125	-10.375	True	True	morphology	determiner_noun_agreement	Write a natural, coherent English sentence.
26	25	Julie would pass those red oases.	Julie would pass that red oases.	-82.5	-82.5	-10.3125	-10.3125	False	False	morphology	determiner_noun_agreement	Write a natural, coherent English sentence.
27	25	These doctors boast about this out in the open child.	These doctors boast about these out in the open child.	-122.0	-122.0	-10.1875	-10.1875	False	False	morphology	determiner_noun_agreement	Write a natural, coherent English sentence.
28	25	Stephen isn't revealing this brown nucleus.	Stephen isn't revealing these brown nucleus.	-103.0	-103.0	-10.3125	-10.3125	False	False	morphology	determiner_noun_agreement	Write a natural, coherent English sentence.
29	25	Travel stuns that sick child.	Travel stuns those sick child.	-72.5	-72.5	-10.3125	-10.3125	False	False	morphology	determiner_noun_agreement	Write a natural, coherent English sentence.
30	25	Amelia healed that unemployed woman.	Amelia healed those unemployed woman.	-91.5	-91.5	-10.1875	-10.1875	False	False	morphology	determiner_noun_agreement	Write a natural, coherent English sentence.
31	25	Noah attacks that ill child.	Noah attacks those ill child.	-62.0	-62.0	-10.3125	-10.3125	False	False	morphology	determiner_noun_agreement	Write a natural, coherent English sentence.
32	25	Randolf buys those gray fungi.	Randolf buys that gray fungi.	-92.5	-92.5	-10.25	-10.25	False	False	morphology	determiner_noun_agreement	Write a natural, coherent English sentence.
33	25	Some pedestrians disagreed with this big woman.	Some pedestrians disagreed with these big woman.	-112.5	-112.5	-10.1875	-10.1875	False	False	morphology	determiner_noun_agreement	Write a natural, coherent English sentence.
34	25	Adam might sound like these determined children.	Adam might sound like this determined children.	-82.5	-82.5	-10.3125	-10.3125	False	False	morphology	determiner_noun_agreement	Write a natural, coherent English sentence.
35	25	Bill has stunned this confident man.	Bill has stunned these confident man.	-82.5	-82.5	-10.3125	-10.3125	False	False	morphology	determiner_noun_agreement	Write a natural, coherent English sentence.
36	25	Rhonda should see these blue oases.	Rhonda should see this blue oases.	-92.0	-92.5	-10.25	-10.25	True	False	morphology	determiner_noun_agreement	Write a natural, coherent English sentence.
37	25	Stephen cares for that out in the open alumnus.	Stephen cares for those out in the open alumnus.	-123.0	-122.5	-10.25	-10.1875	False	False	morphology	determiner_noun_agreement	Write a natural, coherent English sentence.
38	25	Cheryl has bought this green oasis.	Cheryl has bought these green oasis.	-91.5	-91.5	-10.1875	-10.1875	False	False	morphology	determiner_noun_agreement	Write a natural, coherent English sentence.
39	25	Every door annoyed this lucky child.	Every door annoyed these lucky child.	-81.5	-82.0	-10.1875	-10.25	True	True	morphology	determiner_noun_agreement	Write a natural, coherent English sentence.
40	25	Gerald cures that unlucky child.	Gerald cures those unlucky child.	-102.0	-101.5	-10.1875	-10.1875	False	False	morphology	determiner_noun_agreement	Write a natural, coherent English sentence.
41	25	Eyes weren't worrying this troubled child.	Eyes weren't worrying these troubled child.	-113.0	-112.5	-10.25	-10.25	False	False	morphology	determiner_noun_agreement	Write a natural, coherent English sentence.
42	25	Michael isn't referencing this long synopsis.	Michael isn't referencing these long synopsis.	-112.0	-112.0	-10.1875	-10.1875	False	False	morphology	determiner_noun_agreement	Write a natural, coherent English sentence.
43	25	Robert insults this serious man.	Robert insults these serious man.	-72.0	-72.0	-10.25	-10.25	False	False	morphology	determiner_noun_agreement	Write a natural, coherent English sentence.
44	25	Waitresses describe that smart alumnus.	Waitresses describe those smart alumnus.	-101.0	-101.5	-10.125	-10.125	True	False	morphology	determiner_noun_agreement	Write a natural, coherent English sentence.
45	25	Dan doesn't respect this unemployed alumnus.	Dan doesn't respect these unemployed alumnus.	-122.0	-122.0	-10.1875	-10.1875	False	False	morphology	determiner_noun_agreement	Write a natural, coherent English sentence.
46	25	Eric has upset those scared people.	Eric has upset that scared people.	-72.5	-72.5	-10.3125	-10.375	False	True	morphology	determiner_noun_agreement	Write a natural, coherent English sentence.
47	25	Sabrina was biking to this exposed oasis.	Sabrina was biking to these exposed oasis.	-122.0	-122.0	-10.1875	-10.1875	False	False	morphology	determiner_noun_agreement	Write a natural, coherent English sentence.
48	25	Edward can't think about these exposed mice.	Edward can't think about this exposed mice.	-113.0	-113.0	-10.25	-10.3125	False	True	morphology	determiner_noun_agreement	Write a natural, coherent English sentence.
49	25	Phillip listened to this standing alumnus.	Phillip listened to these standing alumnus.	-102.0	-102.0	-10.1875	-10.1875	False	False	morphology	determiner_noun_agreement	Write a natural, coherent English sentence.
50	25	Those men skate around this small oasis.	Those men skate around these small oasis.	-102.5	-102.5	-10.25	-10.25	False	False	morphology	determiner_noun_agreement	Write a natural, coherent English sentence.
51	25	Rhonda could think about those content children.	Rhonda could think about that content children.	-92.5	-92.5	-10.25	-10.25	False	False	morphology	determiner_noun_agreement	Write a natural, coherent English sentence.
52	25	Melissa had remembered that unsure person.	Melissa had remembered those unsure person.	-92.0	-92.0	-10.25	-10.25	False	False	morphology	determiner_noun_agreement	Write a natural, coherent English sentence.
53	25	The students talk about this upset person.	The students talk about these upset person.	-81.5	-81.5	-10.1875	-10.1875	False	False	morphology	determiner_noun_agreement	Write a natural, coherent English sentence.
54	25	Leslie insults those upset alumni.	Leslie insults that upset alumni.	-101.5	-102.0	-10.125	-10.1875	True	True	morphology	determiner_noun_agreement	Write a natural, coherent English sentence.
55	25	Hats distract this ill man.	Hats distract these ill man.	-72.0	-72.0	-10.3125	-10.3125	False	False	morphology	determiner_noun_agreement	Write a natural, coherent English sentence.
56	25	Dawn sounded like this determined child.	Dawn sounded like these determined child.	-81.5	-81.5	-10.1875	-10.1875	False	False	morphology	determiner_noun_agreement	Write a natural, coherent English sentence.
57	25	Carl had run around that brown oasis.	Carl had run around those brown oasis.	-92.0	-92.0	-10.1875	-10.25	False	True	morphology	determiner_noun_agreement	Write a natural, coherent English sentence.
58	25	Anna criticizes these concealed children.	Anna criticizes this concealed children.	-82.0	-82.0	-10.25	-10.25	False	False	morphology	determiner_noun_agreement	Write a natural, coherent English sentence.
59	25	The waiter might criticize that unemployed man.	The waiter might criticize those unemployed man.	-111.5	-111.5	-10.125	-10.125	False	False	morphology	determiner_noun_agreement	Write a natural, coherent English sentence.
60	25	Tracy was investigating this troubled alumnus.	Tracy was investigating these troubled alumnus.	-121.5	-121.5	-10.125	-10.125	False	False	morphology	determiner_noun_agreement	Write a natural, coherent English sentence.
61	25	These newspaper articles astound this clever child.	These newspaper articles astound these clever child.	-91.5	-91.5	-10.1875	-10.1875	False	False	morphology	determiner_noun_agreement	Write a natural, coherent English sentence.
62	25	Dana hadn't attacked this small man.	Dana hadn't attacked these small man.	-103.0	-103.0	-10.3125	-10.3125	False	False	morphology	determiner_noun_agreement	Write a natural, coherent English sentence.
63	25	Curtis wasn't breaking those hard teeth.	Curtis wasn't breaking that hard teeth.	-102.5	-103.0	-10.25	-10.3125	True	True	morphology	determiner_noun_agreement	Write a natural, coherent English sentence.
64	25	All customers attack this employed alumnus.	All customers attack these employed alumnus.	-92.0	-92.5	-10.25	-10.25	True	False	morphology	determiner_noun_agreement	Write a natural, coherent English sentence.
65	25	Most ladies go to those purple oases.	Most ladies go to that purple oases.	-93.0	-93.0	-10.3125	-10.3125	False	False	morphology	determiner_noun_agreement	Write a natural, coherent English sentence.
66	25	A dancer tours that blue oasis.	A dancer tours those blue oasis.	-93.0	-93.0	-10.3125	-10.3125	False	False	morphology	determiner_noun_agreement	Write a natural, coherent English sentence.
67	25	Steven irritated this unconvinced woman.	Steven irritated these unconvinced woman.	-101.5	-101.5	-10.125	-10.125	False	False	morphology	determiner_noun_agreement	Write a natural, coherent English sentence.
68	25	Tara wasn't helping that sick man.	Tara wasn't helping those sick man.	-103.0	-103.0	-10.25	-10.25	False	False	morphology	determiner_noun_agreement	Write a natural, coherent English sentence.
69	25	The dancers aren't cleaning that smooth fungus.	The dancers aren't cleaning those smooth fungus.	-134.0	-133.0	-10.25	-10.25	False	False	morphology	determiner_noun_agreement	Write a natural, coherent English sentence.
70	25	Melissa had talked about these white theses.	Melissa had talked about this white theses.	-101.5	-101.5	-10.125	-10.1875	False	True	morphology	determiner_noun_agreement	Write a natural, coherent English sentence.
71	25	The man isn't watching those upset men.	The man isn't watching that upset men.	-102.5	-102.5	-10.25	-10.25	False	False	morphology	determiner_noun_agreement	Write a natural, coherent English sentence.
72	25	Sabrina won't worry this out in the open person.	Sabrina won't worry these out in the open person.	-143.0	-143.0	-10.25	-10.25	False	False	morphology	determiner_noun_agreement	Write a natural, coherent English sentence.
73	25	Every bird embarrassed these unemployed men.	Every bird embarrassed this unemployed men.	-81.0	-81.0	-10.125	-10.125	False	False	morphology	determiner_noun_agreement	Write a natural, coherent English sentence.
74	25	The Borgias drive to that small oasis.	The Borgias drive to those small oasis.	-113.0	-113.0	-10.25	-10.25	False	False	morphology	determiner_noun_agreement	Write a natural, coherent English sentence.
75	25	Bradley likes these brown fungi.	Bradley likes this brown fungi.	-81.5	-81.5	-10.1875	-10.1875	False	False	morphology	determiner_noun_agreement	Write a natural, coherent English sentence.
76	25	Most guys go to that black oasis.	Most guys go to those black oasis.	-92.5	-92.5	-10.3125	-10.3125	False	False	morphology	determiner_noun_agreement	Write a natural, coherent English sentence.
77	25	A pedestrian hadn't approached these hopeful women.	A pedestrian hadn't approached this hopeful women.	-122.0	-122.5	-10.1875	-10.1875	True	False	morphology	determiner_noun_agreement	Write a natural, coherent English sentence.
78	25	Some senators aren't healing this unemployed alumnus.	Some senators aren't healing these unemployed alumnus.	-143.0	-143.0	-10.1875	-10.1875	False	False	morphology	determiner_noun_agreement	Write a natural, coherent English sentence.
79	25	That cart wasn't stunning these exposed men.	That cart wasn't stunning this exposed men.	-103.5	-103.5	-10.3125	-10.375	False	True	morphology	determiner_noun_agreement	Write a natural, coherent English sentence.
80	25	Joel can think about this smart man.	Joel can think about these smart man.	-82.0	-82.0	-10.25	-10.25	False	False	morphology	determiner_noun_agreement	Write a natural, coherent English sentence.
81	25	Those prints disgust those good people.	Those prints disgust that good people.	-71.5	-72.0	-10.25	-10.3125	True	True	morphology	determiner_noun_agreement	Write a natural, coherent English sentence.
82	25	Beverly hadn't passed these yellow oases.	Beverly hadn't passed this yellow oases.	-112.5	-112.5	-10.25	-10.25	False	False	morphology	determiner_noun_agreement	Write a natural, coherent English sentence.
83	25	A lot of prints irritate this unconvinced woman.	A lot of prints irritate these unconvinced woman.	-132.0	-132.0	-10.125	-10.125	False	False	morphology	determiner_noun_agreement	Write a natural, coherent English sentence.
84	25	Many customers hire those standing alumni.	Many customers hire that standing alumni.	-92.5	-92.5	-10.25	-10.3125	False	True	morphology	determiner_noun_agreement	Write a natural, coherent English sentence.
85	25	Some rug isn't irritating that nice woman.	Some rug isn't irritating those nice woman.	-112.5	-112.5	-10.25	-10.25	False	False	morphology	determiner_noun_agreement	Write a natural, coherent English sentence.
86	25	Jill embarrassed those busy men.	Jill embarrassed that busy men.	-72.0	-72.5	-10.3125	-10.3125	True	False	morphology	determiner_noun_agreement	Write a natural, coherent English sentence.
87	25	Most sketches could hurt this uncertain person.	Most sketches could hurt these uncertain person.	-103.0	-103.0	-10.3125	-10.3125	False	False	morphology	determiner_noun_agreement	Write a natural, coherent English sentence.
88	25	Patricia lifted those purple feet.	Patricia lifted that purple feet.	-81.0	-81.0	-10.125	-10.125	False	False	morphology	determiner_noun_agreement	Write a natural, coherent English sentence.
89	25	The girls sell this hard fungus.	The girls sell these hard fungus.	-92.0	-92.0	-10.25	-10.1875	False	False	morphology	determiner_noun_agreement	Write a natural, coherent English sentence.
90	25	Nicole has seen this yellow cactus.	Nicole has seen these yellow cactus.	-92.0	-92.0	-10.25	-10.25	False	False	morphology	determiner_noun_agreement	Write a natural, coherent English sentence.
91	25	Sharon could arrive at those big oases.	Sharon could arrive at that big oases.	-102.5	-102.0	-10.25	-10.25	False	False	morphology	determiner_noun_agreement	Write a natural, coherent English sentence.
92	25	This cashier can fire that good woman.	This cashier can fire those good woman.	-92.5	-92.5	-10.3125	-10.25	False	False	morphology	determiner_noun_agreement	Write a natural, coherent English sentence.
93	25	Raymond left those scared children.	Raymond left that scared children.	-62.0	-62.0	-10.3125	-10.3125	False	False	morphology	determiner_noun_agreement	Write a natural, coherent English sentence.
94	25	Noah could discuss that clever person.	Noah could discuss those clever person.	-72.5	-72.5	-10.3125	-10.3125	False	False	morphology	determiner_noun_agreement	Write a natural, coherent English sentence.
95	25	Rachelle knew that concealed woman.	Rachelle knew those concealed woman.	-82.0	-82.5	-10.25	-10.3125	True	True	morphology	determiner_noun_agreement	Write a natural, coherent English sentence.
96	25	Dawn hasn't cured those gray oxen.	Dawn hasn't cured that gray oxen.	-122.0	-122.0	-10.1875	-10.1875	False	False	morphology	determiner_noun_agreement	Write a natural, coherent English sentence.
97	25	The Great Lakes haven't disgusted those out in the open people.	The Great Lakes haven't disgusted that out in the open people.	-164.0	-164.0	-10.25	-10.25	False	False	morphology	determiner_noun_agreement	Write a natural, coherent English sentence.
98	25	Wayne doesn't exit those cheap oases.	Wayne doesn't exit that cheap oases.	-103.0	-103.0	-10.25	-10.3125	False	True	morphology	determiner_noun_agreement	Write a natural, coherent English sentence.
99	25	These waitresses haven't astounded this fast woman.	These waitresses haven't astounded these fast woman.	-142.0	-142.0	-10.125	-10.125	False	False	morphology	determiner_noun_agreement	Write a natural, coherent English sentence.
100	25	Patrick hasn't lifted this out in the open cactus.	Patrick hasn't lifted these out in the open cactus.	-143.0	-143.0	-10.25	-10.25	False	False	morphology	determiner_noun_agreement	Write a natural, coherent English sentence.
101	25	Angela isn't embarrassing those excited children.	Angela isn't embarrassing that excited children.	-102.5	-102.5	-10.25	-10.25	False	False	morphology	determiner_noun_agreement	Write a natural, coherent English sentence.
102	25	Jennifer hasn't criticized this smart man.	Jennifer hasn't criticized these smart man.	-102.0	-102.0	-10.1875	-10.1875	False	False	morphology	determiner_noun_agreement	Write a natural, coherent English sentence.
103	25	April watched this big person.	April watched these big person.	-62.25	-62.0	-10.375	-10.3125	False	False	morphology	determiner_noun_agreement	Write a natural, coherent English sentence.
104	25	Candice hadn't bothered that serious alumnus.	Candice hadn't bothered those serious alumnus.	-122.0	-122.0	-10.1875	-10.1875	False	False	morphology	determiner_noun_agreement	Write a natural, coherent English sentence.
105	25	The Clintons observe those happy women.	The Clintons observe that happy women.	-92.5	-93.0	-10.3125	-10.3125	True	False	morphology	determiner_noun_agreement	Write a natural, coherent English sentence.
106	25	The Clintons observe this excited man.	The Clintons observe these excited man.	-92.5	-92.5	-10.3125	-10.3125	False	False	morphology	determiner_noun_agreement	Write a natural, coherent English sentence.
107	25	Associations were listening to that unlucky child.	Associations were listening to those unlucky child.	-112.5	-112.5	-10.25	-10.25	False	False	morphology	determiner_noun_agreement	Write a natural, coherent English sentence.
108	25	Those committees discussed that busy woman.	Those committees discussed those busy woman.	-92.0	-92.0	-10.1875	-10.1875	False	False	morphology	determiner_noun_agreement	Write a natural, coherent English sentence.
109	25	Debra isn't discussing that good analysis.	Debra isn't discussing those good analysis.	-103.0	-103.0	-10.3125	-10.3125	False	False	morphology	determiner_noun_agreement	Write a natural, coherent English sentence.
110	25	The drawing distracts this lucky woman.	The drawing distracts these lucky woman.	-82.0	-82.0	-10.25	-10.25	False	False	morphology	determiner_noun_agreement	Write a natural, coherent English sentence.
111	25	Holly couldn't dislike this exposed child.	Holly couldn't dislike these exposed child.	-103.0	-103.0	-10.3125	-10.3125	False	False	morphology	determiner_noun_agreement	Write a natural, coherent English sentence.
112	25	Angela examines that good synopsis.	Angela examines those good synopsis.	-81.5	-81.5	-10.1875	-10.1875	False	False	morphology	determiner_noun_agreement	Write a natural, coherent English sentence.
113	25	These skateboards aggravate that lucky woman.	These skateboards aggravate those lucky woman.	-111.5	-111.0	-10.125	-10.125	False	False	morphology	determiner_noun_agreement	Write a natural, coherent English sentence.
114	25	Some play alarms those small women.	Some play alarms that small women.	-83.0	-82.5	-10.375	-10.3125	False	False	morphology	determiner_noun_agreement	Write a natural, coherent English sentence.
115	25	Students investigate these nice men.	Students investigate this nice men.	-62.0	-62.0	-10.3125	-10.3125	False	False	morphology	determiner_noun_agreement	Write a natural, coherent English sentence.
116	25	Tanya wasn't shocking that busy child.	Tanya wasn't shocking those busy child.	-113.0	-113.0	-10.3125	-10.3125	False	False	morphology	determiner_noun_agreement	Write a natural, coherent English sentence.
117	25	Brett has boasted about this nice person.	Brett has boasted about these nice person.	-102.0	-102.0	-10.1875	-10.1875	False	False	morphology	determiner_noun_agreement	Write a natural, coherent English sentence.
118	25	Jennifer described that hidden woman.	Jennifer described those hidden woman.	-62.25	-62.0	-10.375	-10.375	False	False	morphology	determiner_noun_agreement	Write a natural, coherent English sentence.
119	25	Winston Churchill passed these red oases.	Winston Churchill passed this red oases.	-101.5	-101.5	-10.1875	-10.1875	False	False	morphology	determiner_noun_agreement	Write a natural, coherent English sentence.
120	25	Some mirror could scare this nice woman.	Some mirror could scare these nice woman.	-92.5	-93.0	-10.3125	-10.3125	True	False	morphology	determiner_noun_agreement	Write a natural, coherent English sentence.
121	25	Caroline hadn't fired that scared alumnus.	Caroline hadn't fired those scared alumnus.	-112.5	-112.5	-10.25	-10.25	False	False	morphology	determiner_noun_agreement	Write a natural, coherent English sentence.
122	25	Edward wasn't referencing that displeased woman.	Edward wasn't referencing those displeased woman.	-122.5	-122.5	-10.1875	-10.1875	False	False	morphology	determiner_noun_agreement	Write a natural, coherent English sentence.
123	25	Many teachers clean these cheap teeth.	Many teachers clean this cheap teeth.	-72.5	-72.5	-10.3125	-10.3125	False	False	morphology	determiner_noun_agreement	Write a natural, coherent English sentence.
124	25	Wayne might remember these new oases.	Wayne might remember this new oases.	-83.0	-82.5	-10.375	-10.3125	False	False	morphology	determiner_noun_agreement	Write a natural, coherent English sentence.
125	25	Some high school alarms this determined man.	Some high school alarms these determined man.	-92.0	-92.5	-10.25	-10.25	True	False	morphology	determiner_noun_agreement	Write a natural, coherent English sentence.
126	25	Vincent had returned to these out in the open oases.	Vincent had returned to this out in the open oases.	-122.5	-122.5	-10.25	-10.25	False	False	morphology	determiner_noun_agreement	Write a natural, coherent English sentence.
127	25	Marla hired this standing child.	Marla hired these standing child.	-72.5	-72.5	-10.3125	-10.3125	False	False	morphology	determiner_noun_agreement	Write a natural, coherent English sentence.
128	25	Some cucumber has upset those ill men.	Some cucumber has upset that ill men.	-102.0	-102.0	-10.1875	-10.1875	False	False	morphology	determiner_noun_agreement	Write a natural, coherent English sentence.
129	25	Russell hasn't kissed this content man.	Russell hasn't kissed these content man.	-92.5	-92.5	-10.3125	-10.3125	False	False	morphology	determiner_noun_agreement	Write a natural, coherent English sentence.
130	25	Guy has left this determined man.	Guy has left these determined man.	-72.0	-72.0	-10.3125	-10.3125	False	False	morphology	determiner_noun_agreement	Write a natural, coherent English sentence.
131	25	The Lutherans listen to these employed women.	The Lutherans listen to this employed women.	-92.0	-92.0	-10.25	-10.25	False	False	morphology	determiner_noun_agreement	Write a natural, coherent English sentence.
132	25	Candice disliked these bad analyses.	Candice disliked this bad analyses.	-101.5	-102.0	-10.1875	-10.1875	True	False	morphology	determiner_noun_agreement	Write a natural, coherent English sentence.
133	25	Many women heal these lost geese.	Many women heal this lost geese.	-82.5	-82.5	-10.3125	-10.3125	False	False	morphology	determiner_noun_agreement	Write a natural, coherent English sentence.
134	25	Wayne has remembered these smart people.	Wayne has remembered this smart people.	-72.5	-72.5	-10.3125	-10.375	False	True	morphology	determiner_noun_agreement	Write a natural, coherent English sentence.
135	25	This teenager had dropped by these white oases.	This teenager had dropped by this white oases.	-103.0	-103.0	-10.25	-10.3125	False	True	morphology	determiner_noun_agreement	Write a natural, coherent English sentence.
136	25	Eva has exited those smooth oases.	Eva has exited that smooth oases.	-92.5	-92.5	-10.25	-10.25	False	False	morphology	determiner_noun_agreement	Write a natural, coherent English sentence.
137	25	Cheryl wouldn't aggravate that bad person.	Cheryl wouldn't aggravate those bad person.	-122.0	-122.0	-10.1875	-10.1875	False	False	morphology	determiner_noun_agreement	Write a natural, coherent English sentence.
138	25	Katherine hadn't shocked those young children.	Katherine hadn't shocked that young children.	-102.5	-103.0	-10.25	-10.3125	True	True	morphology	determiner_noun_agreement	Write a natural, coherent English sentence.
139	25	The student loves these troubled people.	The student loves this troubled people.	-82.0	-82.0	-10.25	-10.25	False	False	morphology	determiner_noun_agreement	Write a natural, coherent English sentence.
140	25	Tracy cared for those smart alumni.	Tracy cared for that smart alumni.	-102.0	-102.5	-10.25	-10.25	True	False	morphology	determiner_noun_agreement	Write a natural, coherent English sentence.
141	25	Guys return to these small oases.	Guys return to this small oases.	-92.5	-92.5	-10.3125	-10.3125	False	False	morphology	determiner_noun_agreement	Write a natural, coherent English sentence.
142	25	Marcus won't bike to this white oasis.	Marcus won't bike to these white oasis.	-112.5	-112.5	-10.25	-10.25	False	False	morphology	determiner_noun_agreement	Write a natural, coherent English sentence.
143	25	Eggplants impressed these unconvinced alumni.	Eggplants impressed this unconvinced alumni.	-143.0	-143.0	-10.1875	-10.1875	False	False	morphology	determiner_noun_agreement	Write a natural, coherent English sentence.
144	25	A turtle has bored those troubled children.	A turtle has bored that troubled children.	-112.0	-112.5	-10.1875	-10.1875	True	False	morphology	determiner_noun_agreement	Write a natural, coherent English sentence.
145	25	The adults were taking those old teeth.	The adults were taking that old teeth.	-82.5	-82.0	-10.3125	-10.25	False	False	morphology	determiner_noun_agreement	Write a natural, coherent English sentence.
146	25	Alan wasn't returning to those blue oases.	Alan wasn't returning to that blue oases.	-113.0	-113.0	-10.25	-10.25	False	False	morphology	determiner_noun_agreement	Write a natural, coherent English sentence.
147	25	Theodore had lifted this rough cactus.	Theodore had lifted these rough cactus.	-102.0	-102.0	-10.1875	-10.1875	False	False	morphology	determiner_noun_agreement	Write a natural, coherent English sentence.
148	25	Joel isn't praising those good synopses.	Joel isn't praising that good synopses.	-122.5	-122.5	-10.1875	-10.25	False	True	morphology	determiner_noun_agreement	Write a natural, coherent English sentence.
149	25	The pedestrian knows these standing women.	The pedestrian knows this standing women.	-82.0	-82.0	-10.25	-10.25	False	False	morphology	determiner_noun_agreement	Write a natural, coherent English sentence.
150	25	Some museums forget that good analysis.	Some museums forget those good analysis.	-81.5	-82.0	-10.1875	-10.25	True	True	morphology	determiner_noun_agreement	Write a natural, coherent English sentence.
151	25	The Clintons might clean that lost fungus.	The Clintons might clean those lost fungus.	-123.0	-123.0	-10.25	-10.25	False	False	morphology	determiner_noun_agreement	Write a natural, coherent English sentence.
152	25	Mary is bothering these out in the open children.	Mary is bothering this out in the open children.	-112.5	-112.0	-10.1875	-10.1875	False	False	morphology	determiner_noun_agreement	Write a natural, coherent English sentence.
153	25	Many customers sell that lost ox.	Many customers sell those lost ox.	-72.0	-72.0	-10.3125	-10.3125	False	False	morphology	determiner_noun_agreement	Write a natural, coherent English sentence.
154	25	These waitresses praise these troubled men.	These waitresses praise this troubled men.	-101.0	-101.0	-10.125	-10.125	False	False	morphology	determiner_noun_agreement	Write a natural, coherent English sentence.
155	25	Many men didn't admire that nice person.	Many men didn't admire those nice person.	-112.5	-113.0	-10.25	-10.25	True	False	morphology	determiner_noun_agreement	Write a natural, coherent English sentence.
156	25	Jesus ran around this exposed oasis.	Jesus ran around these exposed oasis.	-82.0	-82.0	-10.25	-10.25	False	False	morphology	determiner_noun_agreement	Write a natural, coherent English sentence.
157	25	Many customers talk about that delighted child.	Many customers talk about those delighted child.	-82.0	-82.0	-10.25	-10.25	False	False	morphology	determiner_noun_agreement	Write a natural, coherent English sentence.
158	25	Drawings had disgusted this small woman.	Drawings had disgusted these small woman.	-92.0	-92.5	-10.25	-10.25	True	False	morphology	determiner_noun_agreement	Write a natural, coherent English sentence.
159	25	Colleen did care for that good man.	Colleen did care for those good man.	-92.0	-92.0	-10.25	-10.25	False	False	morphology	determiner_noun_agreement	Write a natural, coherent English sentence.
160	25	Marcus admired those exposed geese.	Marcus admired that exposed geese.	-82.0	-82.5	-10.25	-10.3125	True	True	morphology	determiner_noun_agreement	Write a natural, coherent English sentence.
161	25	Randolf has noticed this clean foot.	Randolf has noticed these clean foot.	-82.0	-82.0	-10.25	-10.25	False	False	morphology	determiner_noun_agreement	Write a natural, coherent English sentence.
162	25	Craig could listen to that determined man.	Craig could listen to those determined man.	-82.5	-82.5	-10.3125	-10.3125	False	False	morphology	determiner_noun_agreement	Write a natural, coherent English sentence.
163	25	Movies stunned this small man.	Movies stunned these small man.	-82.0	-82.0	-10.25	-10.25	False	False	morphology	determiner_noun_agreement	Write a natural, coherent English sentence.
164	25	Timothy buys this rough ox.	Timothy buys these rough ox.	-82.0	-82.0	-10.25	-10.25	False	False	morphology	determiner_noun_agreement	Write a natural, coherent English sentence.
165	25	Some women go to those red oases.	Some women go to that red oases.	-92.5	-92.5	-10.3125	-10.25	False	False	morphology	determiner_noun_agreement	Write a natural, coherent English sentence.
166	25	Ruth fixed this clean tooth.	Ruth fixed these clean tooth.	-62.0	-62.0	-10.375	-10.375	False	False	morphology	determiner_noun_agreement	Write a natural, coherent English sentence.
167	25	Monica is boring those clever men.	Monica is boring that clever men.	-82.0	-82.5	-10.25	-10.3125	True	True	morphology	determiner_noun_agreement	Write a natural, coherent English sentence.
168	25	Janice knows these hidden alumni.	Janice knows this hidden alumni.	-92.0	-92.0	-10.1875	-10.25	False	True	morphology	determiner_noun_agreement	Write a natural, coherent English sentence.
169	25	Spain insults this delighted alumnus.	Spain insults these delighted alumnus.	-92.0	-92.0	-10.25	-10.25	False	False	morphology	determiner_noun_agreement	Write a natural, coherent English sentence.
170	25	Some planes bore that displeased child.	Some planes bore those displeased child.	-92.5	-92.0	-10.25	-10.25	False	False	morphology	determiner_noun_agreement	Write a natural, coherent English sentence.
171	25	Dishes should upset these happy men.	Dishes should upset this happy men.	-82.0	-82.0	-10.25	-10.25	False	False	morphology	determiner_noun_agreement	Write a natural, coherent English sentence.
172	25	That painting looked like these yellow stimuli.	That painting looked like this yellow stimuli.	-91.5	-91.5	-10.1875	-10.1875	False	False	morphology	determiner_noun_agreement	Write a natural, coherent English sentence.
173	25	Amy shocked that content man.	Amy shocked those content man.	-62.5	-62.25	-10.375	-10.375	False	False	morphology	determiner_noun_agreement	Write a natural, coherent English sentence.
174	25	Melinda hasn't hidden this determined woman.	Melinda hasn't hidden these determined woman.	-102.5	-102.5	-10.25	-10.25	False	False	morphology	determiner_noun_agreement	Write a natural, coherent English sentence.
175	25	Caroline did drive to this brown oasis.	Caroline did drive to these brown oasis.	-92.0	-92.0	-10.25	-10.25	False	False	morphology	determiner_noun_agreement	Write a natural, coherent English sentence.
176	25	That rice disturbed those smart alumni.	That rice disturbed that smart alumni.	-102.5	-102.5	-10.25	-10.25	False	False	morphology	determiner_noun_agreement	Write a natural, coherent English sentence.
177	25	Brian will examine these long analyses.	Brian will examine this long analyses.	-82.0	-82.0	-10.25	-10.25	False	False	morphology	determiner_noun_agreement	Write a natural, coherent English sentence.
178	25	Mark dislikes this uncertain child.	Mark dislikes these uncertain child.	-82.0	-82.0	-10.25	-10.25	False	False	morphology	determiner_noun_agreement	Write a natural, coherent English sentence.
179	25	Rose was returning to these out in the open children.	Rose was returning to this out in the open children.	-112.5	-112.5	-10.25	-10.25	False	False	morphology	determiner_noun_agreement	Write a natural, coherent English sentence.
180	25	The guest has fixed this red tooth.	The guest has fixed these red tooth.	-82.5	-82.5	-10.3125	-10.3125	False	False	morphology	determiner_noun_agreement	Write a natural, coherent English sentence.
181	25	Jennifer is breaking this big tooth.	Jennifer is breaking these big tooth.	-72.0	-72.0	-10.25	-10.25	False	False	morphology	determiner_noun_agreement	Write a natural, coherent English sentence.
182	25	Sabrina isn't referencing these red theses.	Sabrina isn't referencing this red theses.	-132.0	-132.0	-10.1875	-10.1875	False	False	morphology	determiner_noun_agreement	Write a natural, coherent English sentence.
183	25	Valerie hadn't exited that exposed oasis.	Valerie hadn't exited those exposed oasis.	-122.5	-122.5	-10.1875	-10.1875	False	False	morphology	determiner_noun_agreement	Write a natural, coherent English sentence.
184	25	Every restaurant had worried this hidden child.	Every restaurant had worried these hidden child.	-82.5	-82.5	-10.3125	-10.3125	False	False	morphology	determiner_noun_agreement	Write a natural, coherent English sentence.
185	25	A woman was examining those long synopses.	A woman was examining that long synopses.	-112.0	-112.0	-10.1875	-10.1875	False	False	morphology	determiner_noun_agreement	Write a natural, coherent English sentence.
186	25	All actresses approach that content man.	All actresses approach those content man.	-82.0	-82.0	-10.25	-10.25	False	False	morphology	determiner_noun_agreement	Write a natural, coherent English sentence.
187	25	Sarah cleaned those yellow feet.	Sarah cleaned that yellow feet.	-61.5	-61.75	-10.25	-10.3125	True	True	morphology	determiner_noun_agreement	Write a natural, coherent English sentence.
188	25	Margaret tours those black oases.	Margaret tours that black oases.	-72.5	-72.5	-10.375	-10.375	False	False	morphology	determiner_noun_agreement	Write a natural, coherent English sentence.
189	25	Rachel wasn't messing up this clean foot.	Rachel wasn't messing up these clean foot.	-112.5	-112.5	-10.25	-10.25	False	False	morphology	determiner_noun_agreement	Write a natural, coherent English sentence.
190	25	The Lutherans go to that old oasis.	The Lutherans go to those old oasis.	-102.0	-102.5	-10.1875	-10.25	True	True	morphology	determiner_noun_agreement	Write a natural, coherent English sentence.
191	25	The lamps shock those hidden alumni.	The lamps shock that hidden alumni.	-103.0	-103.0	-10.3125	-10.25	False	False	morphology	determiner_noun_agreement	Write a natural, coherent English sentence.
192	25	Claire conceals those small stimuli.	Claire conceals that small stimuli.	-83.0	-82.5	-10.375	-10.3125	False	False	morphology	determiner_noun_agreement	Write a natural, coherent English sentence.
193	25	Most documentaries annoy that busy person.	Most documentaries annoy those busy person.	-82.0	-82.0	-10.25	-10.25	False	False	morphology	determiner_noun_agreement	Write a natural, coherent English sentence.
194	25	Pamela shouldn't return to those exposed men.	Pamela shouldn't return to that exposed men.	-112.0	-112.5	-10.1875	-10.1875	True	False	morphology	determiner_noun_agreement	Write a natural, coherent English sentence.
195	25	That person couldn't arrive at that purple oasis.	That person couldn't arrive at those purple oasis.	-122.0	-122.0	-10.1875	-10.1875	False	False	morphology	determiner_noun_agreement	Write a natural, coherent English sentence.
196	25	Alicia won't admire those big nuclei.	Alicia won't admire that big nuclei.	-133.0	-133.0	-10.25	-10.25	False	False	morphology	determiner_noun_agreement	Write a natural, coherent English sentence.
197	25	Curtis arrived at that red oasis.	Curtis arrived at those red oasis.	-91.5	-91.5	-10.125	-10.1875	False	True	morphology	determiner_noun_agreement	Write a natural, coherent English sentence.
198	25	People investigate that smart man.	People investigate those smart man.	-62.25	-62.0	-10.375	-10.3125	False	False	morphology	determiner_noun_agreement	Write a natural, coherent English sentence.
199	25	Some boys hire these content alumni.	Some boys hire this content alumni.	-92.5	-92.5	-10.25	-10.25	False	False	morphology	determiner_noun_agreement	Write a natural, coherent English sentence.
200	25	Leslie found these brown feet.	Leslie found this brown feet.	-71.0	-71.5	-10.1875	-10.1875	True	False	morphology	determiner_noun_agreement	Write a natural, coherent English sentence.
201	25	Alexander was firing that displeased woman.	Alexander was firing those displeased woman.	-92.5	-92.5	-10.25	-10.25	False	False	morphology	determiner_noun_agreement	Write a natural, coherent English sentence.
202	25	Florence hasn't argued about those confident children.	Florence hasn't argued about that confident children.	-103.0	-102.5	-10.25	-10.25	False	False	morphology	determiner_noun_agreement	Write a natural, coherent English sentence.
203	25	That adult hadn't complained about that exposed man.	That adult hadn't complained about those exposed man.	-113.0	-113.0	-10.25	-10.25	False	False	morphology	determiner_noun_agreement	Write a natural, coherent English sentence.
204	25	Larry works with these scared women.	Larry works with this scared women.	-72.0	-72.5	-10.3125	-10.3125	True	False	morphology	determiner_noun_agreement	Write a natural, coherent English sentence.
205	25	Kathleen leaves this old child.	Kathleen leaves these old child.	-71.5	-71.5	-10.1875	-10.1875	False	False	morphology	determiner_noun_agreement	Write a natural, coherent English sentence.
206	25	The actresses weren't watching these scared people.	The actresses weren't watching this scared people.	-112.5	-112.5	-10.25	-10.25	False	False	morphology	determiner_noun_agreement	Write a natural, coherent English sentence.
207	25	Derek isn't escaping from these blue oases.	Derek isn't escaping from this blue oases.	-133.0	-133.0	-10.25	-10.25	False	False	morphology	determiner_noun_agreement	Write a natural, coherent English sentence.
208	25	Naomi isn't talking about that cheap oasis.	Naomi isn't talking about those cheap oasis.	-122.0	-122.0	-10.1875	-10.125	False	False	morphology	determiner_noun_agreement	Write a natural, coherent English sentence.
209	25	These guests hate these troubled men.	These guests hate this troubled men.	-82.0	-82.0	-10.25	-10.25	False	False	morphology	determiner_noun_agreement	Write a natural, coherent English sentence.
210	25	Patricia wasn't hiring those small children.	Patricia wasn't hiring that small children.	-112.0	-112.0	-10.1875	-10.1875	False	False	morphology	determiner_noun_agreement	Write a natural, coherent English sentence.
211	25	All stairs weren't alarming that lucky woman.	All stairs weren't alarming those lucky woman.	-112.5	-112.5	-10.25	-10.25	False	False	morphology	determiner_noun_agreement	Write a natural, coherent English sentence.
212	25	Many drivers left that confident alumnus.	Many drivers left those confident alumnus.	-92.0	-92.5	-10.25	-10.25	True	False	morphology	determiner_noun_agreement	Write a natural, coherent English sentence.
213	25	Every skirt disgusts these smart children.	Every skirt disgusts this smart children.	-82.0	-82.5	-10.25	-10.3125	True	True	morphology	determiner_noun_agreement	Write a natural, coherent English sentence.
214	25	Valerie has astounded that lost alumnus.	Valerie has astounded those lost alumnus.	-121.5	-121.5	-10.125	-10.125	False	False	morphology	determiner_noun_agreement	Write a natural, coherent English sentence.
215	25	Sonia should describe this determined child.	Sonia should describe these determined child.	-82.5	-82.5	-10.3125	-10.3125	False	False	morphology	determiner_noun_agreement	Write a natural, coherent English sentence.
216	25	A lot of lakes weren't disgusting that old person.	A lot of lakes weren't disgusting those old person.	-142.0	-142.0	-10.1875	-10.1875	False	False	morphology	determiner_noun_agreement	Write a natural, coherent English sentence.
217	25	Some pants hadn't aggravated that good woman.	Some pants hadn't aggravated those good woman.	-122.5	-122.5	-10.1875	-10.1875	False	False	morphology	determiner_noun_agreement	Write a natural, coherent English sentence.
218	25	Anne does return to that old woman.	Anne does return to those old woman.	-82.0	-82.0	-10.25	-10.25	False	False	morphology	determiner_noun_agreement	Write a natural, coherent English sentence.
219	25	Alan wasn't listening to that delighted person.	Alan wasn't listening to those delighted person.	-102.5	-102.5	-10.25	-10.25	False	False	morphology	determiner_noun_agreement	Write a natural, coherent English sentence.
220	25	Some icicles annoy those serious alumni.	Some icicles annoy that serious alumni.	-102.0	-102.0	-10.1875	-10.25	False	True	morphology	determiner_noun_agreement	Write a natural, coherent English sentence.
221	25	Many women won't scare those uncertain men.	Many women won't scare that uncertain men.	-113.0	-113.5	-10.3125	-10.3125	True	False	morphology	determiner_noun_agreement	Write a natural, coherent English sentence.
222	25	Science disgusts this unconvinced alumnus.	Science disgusts these unconvinced alumnus.	-121.5	-121.5	-10.125	-10.125	False	False	morphology	determiner_noun_agreement	Write a natural, coherent English sentence.
223	25	Connie tours these rough oases.	Connie tours this rough oases.	-82.0	-82.0	-10.25	-10.25	False	False	morphology	determiner_noun_agreement	Write a natural, coherent English sentence.
224	25	Those banks were talking about this lost thesis.	Those banks were talking about these lost thesis.	-92.0	-92.0	-10.1875	-10.1875	False	False	morphology	determiner_noun_agreement	Write a natural, coherent English sentence.
225	25	Some prints didn't look like this rough louse.	Some prints didn't look like these rough louse.	-123.0	-123.0	-10.25	-10.25	False	False	morphology	determiner_noun_agreement	Write a natural, coherent English sentence.
226	25	All pedestrians like those rough theses.	All pedestrians like that rough theses.	-102.5	-102.5	-10.25	-10.25	False	False	morphology	determiner_noun_agreement	Write a natural, coherent English sentence.
227	25	Douglas saw that black fungus.	Douglas saw those black fungus.	-82.0	-82.0	-10.25	-10.25	False	False	morphology	determiner_noun_agreement	Write a natural, coherent English sentence.
228	25	Sarah examined that bad analysis.	Sarah examined those bad analysis.	-62.25	-62.0	-10.375	-10.375	False	False	morphology	determiner_noun_agreement	Write a natural, coherent English sentence.
229	25	An actress researches this long thesis.	An actress researches these long thesis.	-102.5	-103.0	-10.25	-10.25	True	False	morphology	determiner_noun_agreement	Write a natural, coherent English sentence.
230	25	Those waitresses criticize this hidden child.	Those waitresses criticize these hidden child.	-101.5	-101.5	-10.125	-10.125	False	False	morphology	determiner_noun_agreement	Write a natural, coherent English sentence.
231	25	Most drivers question these upset alumni.	Most drivers question this upset alumni.	-92.5	-92.5	-10.3125	-10.3125	False	False	morphology	determiner_noun_agreement	Write a natural, coherent English sentence.
232	25	Phillip isn't working with these small women.	Phillip isn't working with this small women.	-112.5	-112.5	-10.25	-10.25	False	False	morphology	determiner_noun_agreement	Write a natural, coherent English sentence.
233	25	Jennifer can't aggravate that unlucky man.	Jennifer can't aggravate those unlucky man.	-133.0	-133.0	-10.1875	-10.1875	False	False	morphology	determiner_noun_agreement	Write a natural, coherent English sentence.
234	25	Essays confuse this good woman.	Essays confuse these good woman.	-82.5	-82.5	-10.3125	-10.3125	False	False	morphology	determiner_noun_agreement	Write a natural, coherent English sentence.
235	25	Amelia has forgotten those bad analyses.	Amelia has forgotten that bad analyses.	-91.5	-91.5	-10.1875	-10.1875	False	False	morphology	determiner_noun_agreement	Write a natural, coherent English sentence.
236	25	Michael had explored this brown oasis.	Michael had explored these brown oasis.	-82.0	-82.0	-10.25	-10.25	False	False	morphology	determiner_noun_agreement	Write a natural, coherent English sentence.
237	25	Natalie can aggravate those smart men.	Natalie can aggravate that smart men.	-101.5	-102.0	-10.125	-10.1875	True	True	morphology	determiner_noun_agreement	Write a natural, coherent English sentence.
238	25	That patient won't go to these cheap oases.	That patient won't go to this cheap oases.	-123.0	-123.0	-10.25	-10.25	False	False	morphology	determiner_noun_agreement	Write a natural, coherent English sentence.
239	25	Heidi had discovered those black feet.	Heidi had discovered that black feet.	-82.0	-82.0	-10.25	-10.25	False	False	morphology	determiner_noun_agreement	Write a natural, coherent English sentence.
240	25	David hadn't watched those determined men.	David hadn't watched that determined men.	-92.5	-92.5	-10.25	-10.25	False	False	morphology	determiner_noun_agreement	Write a natural, coherent English sentence.
241	25	Some teenager couldn't walk through these green oases.	Some teenager couldn't walk through this green oases.	-123.0	-123.0	-10.25	-10.25	False	False	morphology	determiner_noun_agreement	Write a natural, coherent English sentence.
242	25	Christina shouldn't sell this hard oasis.	Christina shouldn't sell these hard oasis.	-112.0	-112.0	-10.1875	-10.1875	False	False	morphology	determiner_noun_agreement	Write a natural, coherent English sentence.
243	25	Christopher isn't firing those sick men.	Christopher isn't firing that sick men.	-93.0	-93.0	-10.3125	-10.3125	False	False	morphology	determiner_noun_agreement	Write a natural, coherent English sentence.
244	25	Most students hide that yellow mouse.	Most students hide those yellow mouse.	-72.0	-72.0	-10.3125	-10.3125	False	False	morphology	determiner_noun_agreement	Write a natural, coherent English sentence.
245	25	Holly did buy those clean feet.	Holly did buy that clean feet.	-72.0	-72.0	-10.25	-10.3125	False	True	morphology	determiner_noun_agreement	Write a natural, coherent English sentence.
246	25	Many actors clean these brown theses.	Many actors clean this brown theses.	-82.5	-82.5	-10.3125	-10.3125	False	False	morphology	determiner_noun_agreement	Write a natural, coherent English sentence.
247	25	Stacy would hide those lost lice.	Stacy would hide that lost lice.	-93.0	-93.0	-10.3125	-10.3125	False	False	morphology	determiner_noun_agreement	Write a natural, coherent English sentence.
248	25	Alan drove to that new oasis.	Alan drove to those new oasis.	-81.0	-81.5	-10.125	-10.1875	True	True	morphology	determiner_noun_agreement	Write a natural, coherent English sentence.
249	25	The Impressionists tour this purple oasis.	The Impressionists tour these purple oasis.	-101.5	-101.5	-10.125	-10.125	False	False	morphology	determiner_noun_agreement	Write a natural, coherent English sentence.
250	25	Wayne is talking to this hidden woman.	Wayne is talking to these hidden woman.	-82.5	-83.0	-10.3125	-10.375	True	True	morphology	determiner_noun_agreement	Write a natural, coherent English sentence.
251	25	Christopher forgets this happy child.	Christopher forgets these happy child.	-72.0	-72.0	-10.25	-10.25	False	False	morphology	determiner_noun_agreement	Write a natural, coherent English sentence.
252	25	Julie can boycott those cheap oases.	Julie can boycott that cheap oases.	-92.0	-92.0	-10.1875	-10.25	False	True	morphology	determiner_noun_agreement	Write a natural, coherent English sentence.
253	25	Most senators dislike these bad theses.	Most senators dislike this bad theses.	-102.5	-102.5	-10.25	-10.25	False	False	morphology	determiner_noun_agreement	Write a natural, coherent English sentence.
254	25	Denise concealed this content person.	Denise concealed these content person.	-82.0	-82.0	-10.25	-10.25	False	False	morphology	determiner_noun_agreement	Write a natural, coherent English sentence.
255	25	Some bike shocks these nice women.	Some bike shocks this nice women.	-82.0	-82.5	-10.25	-10.3125	True	True	morphology	determiner_noun_agreement	Write a natural, coherent English sentence.
256	25	These teenagers fix those hidden feet.	These teenagers fix that hidden feet.	-81.5	-81.5	-10.1875	-10.1875	False	False	morphology	determiner_noun_agreement	Write a natural, coherent English sentence.
257	25	Ella praised that ill woman.	Ella praised those ill woman.	-72.0	-72.0	-10.3125	-10.3125	False	False	morphology	determiner_noun_agreement	Write a natural, coherent English sentence.
258	25	Current events stun these lost people.	Current events stun this lost people.	-82.0	-82.0	-10.25	-10.25	False	False	morphology	determiner_noun_agreement	Write a natural, coherent English sentence.
259	25	Mary tours this gray oasis.	Mary tours these gray oasis.	-71.5	-72.0	-10.25	-10.25	True	False	morphology	determiner_noun_agreement	Write a natural, coherent English sentence.
260	25	Linda visited those unsure men.	Linda visited that unsure men.	-72.5	-72.5	-10.3125	-10.3125	False	False	morphology	determiner_noun_agreement	Write a natural, coherent English sentence.
261	25	Dan wouldn't boycott that smooth oasis.	Dan wouldn't boycott those smooth oasis.	-112.5	-112.0	-10.1875	-10.1875	False	False	morphology	determiner_noun_agreement	Write a natural, coherent English sentence.
262	25	Those men leave that brown oasis.	Those men leave those brown oasis.	-82.0	-82.0	-10.25	-10.25	False	False	morphology	determiner_noun_agreement	Write a natural, coherent English sentence.
263	25	Lissa does pass these black oases.	Lissa does pass this black oases.	-93.0	-93.0	-10.375	-10.375	False	False	morphology	determiner_noun_agreement	Write a natural, coherent English sentence.
264	25	Alice had embarrassed this happy man.	Alice had embarrassed these happy man.	-72.0	-72.0	-10.3125	-10.25	False	False	morphology	determiner_noun_agreement	Write a natural, coherent English sentence.
265	25	Wayne is worrying that hopeful child.	Wayne is worrying those hopeful child.	-82.0	-82.0	-10.25	-10.25	False	False	morphology	determiner_noun_agreement	Write a natural, coherent English sentence.
266	25	Lucille is biking to that green oasis.	Lucille is biking to those green oasis.	-111.5	-112.0	-10.125	-10.1875	True	True	morphology	determiner_noun_agreement	Write a natural, coherent English sentence.
267	25	Katherine hadn't skated around this white oasis.	Katherine hadn't skated around these white oasis.	-133.0	-133.0	-10.25	-10.25	False	False	morphology	determiner_noun_agreement	Write a natural, coherent English sentence.
268	25	James observed this hopeful child.	James observed these hopeful child.	-71.5	-71.0	-10.25	-10.1875	False	False	morphology	determiner_noun_agreement	Write a natural, coherent English sentence.
269	25	Gerald liked this big child.	Gerald liked these big child.	-71.5	-71.5	-10.25	-10.1875	False	False	morphology	determiner_noun_agreement	Write a natural, coherent English sentence.
270	25	That committee wasn't hiring this displeased alumnus.	That committee wasn't hiring these displeased alumnus.	-143.0	-143.0	-10.1875	-10.1875	False	False	morphology	determiner_noun_agreement	Write a natural, coherent English sentence.
271	25	Gary isn't breaking that white tooth.	Gary isn't breaking those white tooth.	-92.5	-92.5	-10.3125	-10.3125	False	False	morphology	determiner_noun_agreement	Write a natural, coherent English sentence.
272	25	Walter hasn't seen those content children.	Walter hasn't seen that content children.	-92.5	-92.5	-10.3125	-10.25	False	False	morphology	determiner_noun_agreement	Write a natural, coherent English sentence.
273	25	Martha didn't clean these hidden teeth.	Martha didn't clean this hidden teeth.	-92.5	-92.5	-10.25	-10.25	False	False	morphology	determiner_noun_agreement	Write a natural, coherent English sentence.
274	25	These teachers are returning to those lost men.	These teachers are returning to that lost men.	-92.0	-92.0	-10.25	-10.25	False	False	morphology	determiner_noun_agreement	Write a natural, coherent English sentence.
275	25	Ellen hadn't boycotted that hidden oasis.	Ellen hadn't boycotted those hidden oasis.	-123.0	-123.0	-10.25	-10.25	False	False	morphology	determiner_noun_agreement	Write a natural, coherent English sentence.
276	25	Some patients drive to these brown oases.	Some patients drive to this brown oases.	-92.5	-92.5	-10.25	-10.25	False	False	morphology	determiner_noun_agreement	Write a natural, coherent English sentence.
277	25	Nina wasn't referencing this ill person.	Nina wasn't referencing these ill person.	-102.5	-102.5	-10.25	-10.25	False	False	morphology	determiner_noun_agreement	Write a natural, coherent English sentence.
278	25	Denise praises these fast children.	Denise praises this fast children.	-81.5	-82.0	-10.1875	-10.25	True	True	morphology	determiner_noun_agreement	Write a natural, coherent English sentence.
279	25	Most customers attack that clever man.	Most customers attack those clever man.	-72.5	-72.5	-10.375	-10.3125	False	False	morphology	determiner_noun_agreement	Write a natural, coherent English sentence.
280	25	Every photograph looks like those exposed people.	Every photograph looks like that exposed people.	-82.0	-82.0	-10.25	-10.25	False	False	morphology	determiner_noun_agreement	Write a natural, coherent English sentence.
281	25	Cindy shouldn't cure that confident alumnus.	Cindy shouldn't cure those confident alumnus.	-133.0	-133.0	-10.25	-10.25	False	False	morphology	determiner_noun_agreement	Write a natural, coherent English sentence.
282	25	The Borgias reveal these blue feet.	The Borgias reveal this blue feet.	-93.0	-93.0	-10.3125	-10.375	False	True	morphology	determiner_noun_agreement	Write a natural, coherent English sentence.
283	25	Ella lifts these exposed fungi.	Ella lifts this exposed fungi.	-92.0	-92.5	-10.25	-10.25	True	False	morphology	determiner_noun_agreement	Write a natural, coherent English sentence.
284	25	The Lutherans astound that unsure person.	The Lutherans astound those unsure person.	-102.5	-102.5	-10.25	-10.25	False	False	morphology	determiner_noun_agreement	Write a natural, coherent English sentence.
285	25	These cakes bore that determined woman.	These cakes bore those determined woman.	-82.5	-82.5	-10.3125	-10.3125	False	False	morphology	determiner_noun_agreement	Write a natural, coherent English sentence.
286	25	Nina lifts this orange cactus.	Nina lifts these orange cactus.	-92.0	-92.0	-10.1875	-10.1875	False	False	morphology	determiner_noun_agreement	Write a natural, coherent English sentence.
287	25	The actors kiss these unconvinced children.	The actors kiss this unconvinced children.	-102.5	-102.5	-10.25	-10.25	False	False	morphology	determiner_noun_agreement	Write a natural, coherent English sentence.
288	25	Sharon dislikes that brown thesis.	Sharon dislikes those brown thesis.	-92.0	-92.0	-10.25	-10.25	False	False	morphology	determiner_noun_agreement	Write a natural, coherent English sentence.
289	25	The customers sell these rough fungi.	The customers sell this rough fungi.	-82.0	-82.0	-10.25	-10.25	False	False	morphology	determiner_noun_agreement	Write a natural, coherent English sentence.
290	25	Janice didn't cure those employed men.	Janice didn't cure that employed men.	-102.0	-102.5	-10.25	-10.25	True	False	morphology	determiner_noun_agreement	Write a natural, coherent English sentence.
291	25	Paula left this uncertain person.	Paula left these uncertain person.	-72.0	-72.0	-10.25	-10.25	False	False	morphology	determiner_noun_agreement	Write a natural, coherent English sentence.
292	25	Those guys had escaped from those employed children.	Those guys had escaped from that employed children.	-92.0	-92.0	-10.1875	-10.25	False	True	morphology	determiner_noun_agreement	Write a natural, coherent English sentence.
293	25	Christine wasn't touring that old oasis.	Christine wasn't touring those old oasis.	-122.0	-122.0	-10.1875	-10.1875	False	False	morphology	determiner_noun_agreement	Write a natural, coherent English sentence.
294	25	These waitresses praise this rough thesis.	These waitresses praise these rough thesis.	-92.0	-92.0	-10.1875	-10.1875	False	False	morphology	determiner_noun_agreement	Write a natural, coherent English sentence.
295	25	Some girls hadn't passed this concealed oasis.	Some girls hadn't passed these concealed oasis.	-123.0	-123.0	-10.25	-10.25	False	False	morphology	determiner_noun_agreement	Write a natural, coherent English sentence.
296	25	Andrea lifts these small cacti.	Andrea lifts this small cacti.	-92.5	-92.5	-10.25	-10.25	False	False	morphology	determiner_noun_agreement	Write a natural, coherent English sentence.
297	25	Kristen is scanning those bad synopses.	Kristen is scanning that bad synopses.	-112.5	-112.5	-10.25	-10.25	False	False	morphology	determiner_noun_agreement	Write a natural, coherent English sentence.
298	25	Alan is skated around these cheap oases.	Alan is skated around this cheap oases.	-103.0	-103.0	-10.3125	-10.3125	False	False	morphology	determiner_noun_agreement	Write a natural, coherent English sentence.
299	25	Kayla has investigated these busy people.	Kayla has investigated this busy people.	-82.0	-82.5	-10.25	-10.3125	True	True	morphology	determiner_noun_agreement	Write a natural, coherent English sentence.
300	25	Timothy observes that good woman.	Timothy observes those good woman.	-82.0	-82.0	-10.25	-10.25	False	False	morphology	determiner_noun_agreement	Write a natural, coherent English sentence.
301	25	Every museum hadn't discussed those hidden theses.	Every museum hadn't discussed that hidden theses.	-112.5	-113.0	-10.25	-10.25	True	False	morphology	determiner_noun_agreement	Write a natural, coherent English sentence.
302	25	Some cashiers help this troubled person.	Some cashiers help these troubled person.	-91.0	-91.0	-10.125	-10.125	False	False	morphology	determiner_noun_agreement	Write a natural, coherent English sentence.
303	25	Amanda was attacking that displeased woman.	Amanda was attacking those displeased woman.	-92.5	-92.5	-10.25	-10.25	False	False	morphology	determiner_noun_agreement	Write a natural, coherent English sentence.
304	25	This window upsets these lost people.	This window upsets this lost people.	-82.0	-82.0	-10.25	-10.25	False	False	morphology	determiner_noun_agreement	Write a natural, coherent English sentence.
305	25	Cindy wasn't bringing those gray cacti.	Cindy wasn't bringing that gray cacti.	-133.0	-133.0	-10.25	-10.25	False	False	morphology	determiner_noun_agreement	Write a natural, coherent English sentence.
306	25	Peter complained about these good synopses.	Peter complained about this good synopses.	-92.0	-92.0	-10.1875	-10.1875	False	False	morphology	determiner_noun_agreement	Write a natural, coherent English sentence.
307	25	Danielle was touring those new oases.	Danielle was touring that new oases.	-101.5	-101.5	-10.1875	-10.1875	False	False	morphology	determiner_noun_agreement	Write a natural, coherent English sentence.
308	25	Elaine discusses that standing person.	Elaine discusses those standing person.	-82.0	-82.0	-10.25	-10.25	False	False	morphology	determiner_noun_agreement	Write a natural, coherent English sentence.
309	25	Jacqueline had healed those rough geese.	Jacqueline had healed that rough geese.	-112.5	-112.5	-10.25	-10.25	False	False	morphology	determiner_noun_agreement	Write a natural, coherent English sentence.
310	25	All rivers were distracting those standing men.	All rivers were distracting that standing men.	-92.5	-93.0	-10.25	-10.3125	True	True	morphology	determiner_noun_agreement	Write a natural, coherent English sentence.
311	25	Some people exit those yellow oases.	Some people exit that yellow oases.	-82.0	-82.0	-10.25	-10.25	False	False	morphology	determiner_noun_agreement	Write a natural, coherent English sentence.
312	25	Becca isn't exploring these hard oases.	Becca isn't exploring this hard oases.	-112.5	-112.5	-10.25	-10.25	False	False	morphology	determiner_noun_agreement	Write a natural, coherent English sentence.
313	25	Timothy revealed that big foot.	Timothy revealed those big foot.	-71.0	-71.5	-10.1875	-10.1875	True	False	morphology	determiner_noun_agreement	Write a natural, coherent English sentence.
314	25	Adam fires these determined men.	Adam fires this determined men.	-62.0	-62.0	-10.3125	-10.375	False	True	morphology	determiner_noun_agreement	Write a natural, coherent English sentence.
315	25	The teenagers clean this purple foot.	The teenagers clean these purple foot.	-81.0	-81.0	-10.125	-10.125	False	False	morphology	determiner_noun_agreement	Write a natural, coherent English sentence.
316	25	The Great Lakes could annoy that troubled man.	The Great Lakes could annoy those troubled man.	-112.5	-112.5	-10.25	-10.25	False	False	morphology	determiner_noun_agreement	Write a natural, coherent English sentence.
317	25	Karen discusses those bad men.	Karen discusses that bad men.	-72.0	-72.0	-10.3125	-10.3125	False	False	morphology	determiner_noun_agreement	Write a natural, coherent English sentence.
318	25	Phillip didn't find those ill alumni.	Phillip didn't find that ill alumni.	-122.0	-122.0	-10.1875	-10.1875	False	False	morphology	determiner_noun_agreement	Write a natural, coherent English sentence.
319	25	A lot of men reference these good analyses.	A lot of men reference this good analyses.	-102.5	-102.5	-10.25	-10.25	False	False	morphology	determiner_noun_agreement	Write a natural, coherent English sentence.
320	25	Larry had insulted these lucky children.	Larry had insulted this lucky children.	-82.0	-82.5	-10.25	-10.3125	True	True	morphology	determiner_noun_agreement	Write a natural, coherent English sentence.
321	25	Debra is firing that determined child.	Debra is firing those determined child.	-82.5	-82.5	-10.3125	-10.3125	False	False	morphology	determiner_noun_agreement	Write a natural, coherent English sentence.
322	25	Noah was watching that fast woman.	Noah was watching those fast woman.	-72.0	-72.0	-10.3125	-10.3125	False	False	morphology	determiner_noun_agreement	Write a natural, coherent English sentence.
323	25	Gina works with that displeased person.	Gina works with those displeased person.	-102.5	-102.5	-10.25	-10.25	False	False	morphology	determiner_noun_agreement	Write a natural, coherent English sentence.
324	25	Most doctors would bring these big nuclei.	Most doctors would bring this big nuclei.	-93.0	-92.5	-10.3125	-10.3125	False	False	morphology	determiner_noun_agreement	Write a natural, coherent English sentence.
325	25	All drawings alarm that unconvinced child.	All drawings alarm those unconvinced child.	-103.0	-102.5	-10.3125	-10.25	False	False	morphology	determiner_noun_agreement	Write a natural, coherent English sentence.
326	25	Some libraries hate that busy man.	Some libraries hate those busy man.	-72.0	-72.0	-10.25	-10.25	False	False	morphology	determiner_noun_agreement	Write a natural, coherent English sentence.
327	25	Derek disgusted that unemployed child.	Derek disgusted those unemployed child.	-91.5	-91.5	-10.1875	-10.1875	False	False	morphology	determiner_noun_agreement	Write a natural, coherent English sentence.
328	25	Marla hadn't fired these good men.	Marla hadn't fired this good men.	-103.0	-103.0	-10.3125	-10.3125	False	False	morphology	determiner_noun_agreement	Write a natural, coherent English sentence.
329	25	Carmen examined that red thesis.	Carmen examined those red thesis.	-72.0	-72.0	-10.3125	-10.25	False	False	morphology	determiner_noun_agreement	Write a natural, coherent English sentence.
330	25	Amelia investigates this smart woman.	Amelia investigates these smart woman.	-82.0	-82.0	-10.25	-10.25	False	False	morphology	determiner_noun_agreement	Write a natural, coherent English sentence.
331	25	The Borgias hire that displeased alumnus.	The Borgias hire those displeased alumnus.	-133.0	-133.0	-10.25	-10.25	False	False	morphology	determiner_noun_agreement	Write a natural, coherent English sentence.
332	25	Stacey would arrive at these orange oases.	Stacey would arrive at this orange oases.	-112.0	-112.0	-10.1875	-10.1875	False	False	morphology	determiner_noun_agreement	Write a natural, coherent English sentence.
333	25	Anna works with this lucky man.	Anna works with these lucky man.	-72.0	-72.0	-10.3125	-10.25	False	False	morphology	determiner_noun_agreement	Write a natural, coherent English sentence.
334	25	Walter has scanned this rough thesis.	Walter has scanned these rough thesis.	-83.0	-83.0	-10.375	-10.375	False	False	morphology	determiner_noun_agreement	Write a natural, coherent English sentence.
335	25	Some mushroom bothered that lucky woman.	Some mushroom bothered those lucky woman.	-81.5	-81.5	-10.1875	-10.1875	False	False	morphology	determiner_noun_agreement	Write a natural, coherent English sentence.
336	25	Cynthia walked through this hard oasis.	Cynthia walked through these hard oasis.	-112.0	-112.0	-10.1875	-10.1875	False	False	morphology	determiner_noun_agreement	Write a natural, coherent English sentence.
337	25	Liam has healed these black oxen.	Liam has healed this black oxen.	-102.0	-102.0	-10.25	-10.1875	False	False	morphology	determiner_noun_agreement	Write a natural, coherent English sentence.
338	25	Andrew did notice these white axes.	Andrew did notice this white axes.	-82.0	-82.5	-10.25	-10.3125	True	True	morphology	determiner_noun_agreement	Write a natural, coherent English sentence.
339	25	Bethany kisses these serious alumni.	Bethany kisses this serious alumni.	-101.5	-102.0	-10.1875	-10.1875	True	False	morphology	determiner_noun_agreement	Write a natural, coherent English sentence.
340	25	Vanessa watches this nice person.	Vanessa watches these nice person.	-71.5	-71.5	-10.25	-10.1875	False	False	morphology	determiner_noun_agreement	Write a natural, coherent English sentence.
341	25	Every window astounded that big man.	Every window astounded those big man.	-92.0	-91.5	-10.1875	-10.1875	False	False	morphology	determiner_noun_agreement	Write a natural, coherent English sentence.
342	25	Donna leaves that upset man.	Donna leaves those upset man.	-71.5	-71.5	-10.25	-10.25	False	False	morphology	determiner_noun_agreement	Write a natural, coherent English sentence.
343	25	Many students drop by that orange oasis.	Many students drop by those orange oasis.	-92.0	-92.5	-10.25	-10.25	True	False	morphology	determiner_noun_agreement	Write a natural, coherent English sentence.
344	25	The sketches looked like this unsure man.	The sketches looked like these unsure man.	-112.0	-112.0	-10.1875	-10.1875	False	False	morphology	determiner_noun_agreement	Write a natural, coherent English sentence.
345	25	Helen fixes that broken tooth.	Helen fixes those broken tooth.	-70.5	-71.0	-10.125	-10.125	True	False	morphology	determiner_noun_agreement	Write a natural, coherent English sentence.
346	25	Robert wasn't annoying that old person.	Robert wasn't annoying those old person.	-92.5	-92.5	-10.25	-10.25	False	False	morphology	determiner_noun_agreement	Write a natural, coherent English sentence.
347	25	Amy isn't talking to that young woman.	Amy isn't talking to those young woman.	-102.5	-102.5	-10.25	-10.25	False	False	morphology	determiner_noun_agreement	Write a natural, coherent English sentence.
348	25	Alan hadn't remembered these long analyses.	Alan hadn't remembered this long analyses.	-102.5	-102.5	-10.25	-10.25	False	False	morphology	determiner_noun_agreement	Write a natural, coherent English sentence.
349	25	Stephen is working with these out in the open women.	Stephen is working with this out in the open women.	-113.0	-113.0	-10.25	-10.25	False	False	morphology	determiner_noun_agreement	Write a natural, coherent English sentence.
350	25	This library had discussed these employed men.	This library had discussed this employed men.	-82.5	-82.5	-10.3125	-10.3125	False	False	morphology	determiner_noun_agreement	Write a natural, coherent English sentence.
351	25	This teenager can't worry those delighted men.	This teenager can't worry that delighted men.	-103.5	-103.5	-10.3125	-10.3125	False	False	morphology	determiner_noun_agreement	Write a natural, coherent English sentence.
352	25	Wendy revealed that sick octopus.	Wendy revealed those sick octopus.	-91.5	-92.0	-10.1875	-10.1875	True	False	morphology	determiner_noun_agreement	Write a natural, coherent English sentence.
353	25	The Clintons haven't worked with that young person.	The Clintons haven't worked with those young person.	-133.0	-133.0	-10.25	-10.25	False	False	morphology	determiner_noun_agreement	Write a natural, coherent English sentence.
354	25	Some committee aggravates this unconvinced woman.	Some committee aggravates these unconvinced woman.	-122.0	-122.0	-10.125	-10.125	False	False	morphology	determiner_noun_agreement	Write a natural, coherent English sentence.
355	25	Guy bored that troubled man.	Guy bored those troubled man.	-72.5	-72.0	-10.3125	-10.3125	False	False	morphology	determiner_noun_agreement	Write a natural, coherent English sentence.
356	25	Every actress scanned those bad analyses.	Every actress scanned that bad analyses.	-92.5	-92.5	-10.25	-10.3125	False	True	morphology	determiner_noun_agreement	Write a natural, coherent English sentence.
357	25	A library alarms that determined child.	A library alarms those determined child.	-82.5	-82.5	-10.3125	-10.3125	False	False	morphology	determiner_noun_agreement	Write a natural, coherent English sentence.
358	25	Sheila can't notice this clever man.	Sheila can't notice these clever man.	-102.5	-102.5	-10.25	-10.25	False	False	morphology	determiner_noun_agreement	Write a natural, coherent English sentence.
359	25	James forgets this fast alumnus.	James forgets these fast alumnus.	-92.0	-91.5	-10.25	-10.1875	False	False	morphology	determiner_noun_agreement	Write a natural, coherent English sentence.
360	25	Noah hasn't thought about these smooth lice.	Noah hasn't thought about this smooth lice.	-112.5	-112.5	-10.25	-10.25	False	False	morphology	determiner_noun_agreement	Write a natural, coherent English sentence.
361	25	Aaron sees these gray oases.	Aaron sees this gray oases.	-72.0	-72.0	-10.3125	-10.3125	False	False	morphology	determiner_noun_agreement	Write a natural, coherent English sentence.
362	25	Sherry has taken this standing goose.	Sherry has taken these standing goose.	-92.5	-92.5	-10.25	-10.25	False	False	morphology	determiner_noun_agreement	Write a natural, coherent English sentence.
363	25	Marie hasn't found those ill geese.	Marie hasn't found that ill geese.	-102.5	-102.5	-10.25	-10.25	False	False	morphology	determiner_noun_agreement	Write a natural, coherent English sentence.
364	25	Peter isn't arriving at that red oasis.	Peter isn't arriving at those red oasis.	-112.0	-112.0	-10.1875	-10.1875	False	False	morphology	determiner_noun_agreement	Write a natural, coherent English sentence.
365	25	Jill isn't boycotting those orange oases.	Jill isn't boycotting that orange oases.	-143.0	-143.0	-10.1875	-10.25	False	True	morphology	determiner_noun_agreement	Write a natural, coherent English sentence.
366	25	Julia messes up that orange foot.	Julia messes up those orange foot.	-82.0	-82.0	-10.25	-10.25	False	False	morphology	determiner_noun_agreement	Write a natural, coherent English sentence.
367	25	That hill didn't disturb that content woman.	That hill didn't disturb those content woman.	-102.5	-102.5	-10.25	-10.25	False	False	morphology	determiner_noun_agreement	Write a natural, coherent English sentence.
368	25	Suzanne has concealed that concealed man.	Suzanne has concealed those concealed man.	-101.5	-101.5	-10.125	-10.1875	False	True	morphology	determiner_noun_agreement	Write a natural, coherent English sentence.
369	25	Alicia sells that orange octopus.	Alicia sells those orange octopus.	-111.5	-111.0	-10.125	-10.125	False	False	morphology	determiner_noun_agreement	Write a natural, coherent English sentence.
370	25	Leslie has discussed that delighted child.	Leslie has discussed those delighted child.	-82.0	-82.0	-10.25	-10.25	False	False	morphology	determiner_noun_agreement	Write a natural, coherent English sentence.
371	25	Andrea could like these white lice.	Andrea could like this white lice.	-82.0	-82.5	-10.25	-10.3125	True	True	morphology	determiner_noun_agreement	Write a natural, coherent English sentence.
372	25	Most children break those rough teeth.	Most children break that rough teeth.	-72.0	-72.0	-10.3125	-10.3125	False	False	morphology	determiner_noun_agreement	Write a natural, coherent English sentence.
373	25	Richard did work with this clever child.	Richard did work with these clever child.	-82.5	-82.0	-10.3125	-10.25	False	False	morphology	determiner_noun_agreement	Write a natural, coherent English sentence.
374	25	Anne hugs this unemployed woman.	Anne hugs these unemployed woman.	-81.0	-81.5	-10.125	-10.1875	True	True	morphology	determiner_noun_agreement	Write a natural, coherent English sentence.
375	25	Those actors attack that excited child.	Those actors attack those excited child.	-72.5	-72.5	-10.3125	-10.3125	False	False	morphology	determiner_noun_agreement	Write a natural, coherent English sentence.
376	25	Bruce was hugging that unconvinced man.	Bruce was hugging those unconvinced man.	-112.0	-112.0	-10.1875	-10.1875	False	False	morphology	determiner_noun_agreement	Write a natural, coherent English sentence.
377	25	Patrick hasn't hidden this orange oasis.	Patrick hasn't hidden these orange oasis.	-102.5	-102.5	-10.25	-10.25	False	False	morphology	determiner_noun_agreement	Write a natural, coherent English sentence.
378	25	Alicia hadn't discussed that uncertain person.	Alicia hadn't discussed those uncertain person.	-112.5	-112.5	-10.25	-10.25	False	False	morphology	determiner_noun_agreement	Write a natural, coherent English sentence.
379	25	Susan wasn't talking to those confident men.	Susan wasn't talking to that confident men.	-102.5	-102.0	-10.25	-10.25	False	False	morphology	determiner_noun_agreement	Write a natural, coherent English sentence.
380	25	Cheryl will scan that good synopsis.	Cheryl will scan those good synopsis.	-92.0	-92.0	-10.25	-10.25	False	False	morphology	determiner_noun_agreement	Write a natural, coherent English sentence.
381	25	Tamara kissed that unsure man.	Tamara kissed those unsure man.	-81.5	-81.5	-10.1875	-10.1875	False	False	morphology	determiner_noun_agreement	Write a natural, coherent English sentence.
382	25	Craig boasts about those bad analyses.	Craig boasts about that bad analyses.	-92.0	-92.0	-10.1875	-10.25	False	True	morphology	determiner_noun_agreement	Write a natural, coherent English sentence.
383	25	Randolf hadn't hugged those serious people.	Randolf hadn't hugged that serious people.	-112.5	-112.5	-10.25	-10.25	False	False	morphology	determiner_noun_agreement	Write a natural, coherent English sentence.
384	25	Many doctors cure these exposed men.	Many doctors cure this exposed men.	-72.0	-72.0	-10.3125	-10.3125	False	False	morphology	determiner_noun_agreement	Write a natural, coherent English sentence.
385	25	Women criticized those smooth theses.	Women criticized that smooth theses.	-81.5	-81.5	-10.1875	-10.1875	False	False	morphology	determiner_noun_agreement	Write a natural, coherent English sentence.
386	25	Some light disturbs that old person.	Some light disturbs those old person.	-92.5	-92.5	-10.25	-10.25	False	False	morphology	determiner_noun_agreement	Write a natural, coherent English sentence.
387	25	Carol was questioning this big man.	Carol was questioning these big man.	-72.0	-72.0	-10.3125	-10.3125	False	False	morphology	determiner_noun_agreement	Write a natural, coherent English sentence.
388	25	Sara has gone to that old oasis.	Sara has gone to those old oasis.	-92.0	-92.0	-10.1875	-10.1875	False	False	morphology	determiner_noun_agreement	Write a natural, coherent English sentence.
389	25	Steven brought these red oases.	Steven brought this red oases.	-72.0	-72.0	-10.25	-10.3125	False	True	morphology	determiner_noun_agreement	Write a natural, coherent English sentence.
390	25	Diana will disgust these ill children.	Diana will disgust this ill children.	-72.5	-72.5	-10.3125	-10.375	False	True	morphology	determiner_noun_agreement	Write a natural, coherent English sentence.
391	25	Steven disturbs these sick alumni.	Steven disturbs this sick alumni.	-103.0	-102.5	-10.25	-10.25	False	False	morphology	determiner_noun_agreement	Write a natural, coherent English sentence.
392	25	Angela wasn't lifting these blue feet.	Angela wasn't lifting this blue feet.	-92.5	-92.5	-10.25	-10.3125	False	True	morphology	determiner_noun_agreement	Write a natural, coherent English sentence.
393	25	Sharon hasn't stunned that unsure child.	Sharon hasn't stunned those unsure child.	-123.5	-123.5	-10.3125	-10.3125	False	False	morphology	determiner_noun_agreement	Write a natural, coherent English sentence.
394	25	These girls question that concealed man.	These girls question those concealed man.	-82.5	-82.5	-10.3125	-10.3125	False	False	morphology	determiner_noun_agreement	Write a natural, coherent English sentence.
395	25	Martha wasn't kissing this unemployed man.	Martha wasn't kissing these unemployed man.	-111.5	-111.5	-10.125	-10.125	False	False	morphology	determiner_noun_agreement	Write a natural, coherent English sentence.
396	25	Kendra isn't working with this excited child.	Kendra isn't working with these excited child.	-123.5	-123.0	-10.25	-10.25	False	False	morphology	determiner_noun_agreement	Write a natural, coherent English sentence.
397	25	All actresses praise this hard thesis.	All actresses praise these hard thesis.	-82.0	-82.0	-10.25	-10.25	False	False	morphology	determiner_noun_agreement	Write a natural, coherent English sentence.
398	25	David cleans that hard tooth.	David cleans those hard tooth.	-72.0	-72.0	-10.3125	-10.3125	False	False	morphology	determiner_noun_agreement	Write a natural, coherent English sentence.
399	25	Julia sounded like this uncertain person.	Julia sounded like these uncertain person.	-72.0	-72.0	-10.25	-10.3125	False	True	morphology	determiner_noun_agreement	Write a natural, coherent English sentence.
400	25	Those actors attacked that happy alumnus.	Those actors attacked those happy alumnus.	-92.5	-92.0	-10.25	-10.25	False	False	morphology	determiner_noun_agreement	Write a natural, coherent English sentence.
401	25	Eva hadn't admired these black fungi.	Eva hadn't admired this black fungi.	-113.0	-113.0	-10.25	-10.25	False	False	morphology	determiner_noun_agreement	Write a natural, coherent English sentence.
402	25	Many chairs aren't disgusting this unlucky child.	Many chairs aren't disgusting these unlucky child.	-133.0	-133.0	-10.1875	-10.1875	False	False	morphology	determiner_noun_agreement	Write a natural, coherent English sentence.
403	25	Those waiters break these rough teeth.	Those waiters break this rough teeth.	-82.5	-82.5	-10.3125	-10.3125	False	False	morphology	determiner_noun_agreement	Write a natural, coherent English sentence.
404	25	Becca leaves this uncertain child.	Becca leaves these uncertain child.	-72.0	-72.0	-10.25	-10.25	False	False	morphology	determiner_noun_agreement	Write a natural, coherent English sentence.
405	25	Some steak disturbs these displeased children.	Some steak disturbs this displeased children.	-122.5	-123.0	-10.1875	-10.25	True	True	morphology	determiner_noun_agreement	Write a natural, coherent English sentence.
406	25	Christine wouldn't conceal this lost stimulus.	Christine wouldn't conceal these lost stimulus.	-123.0	-123.0	-10.25	-10.25	False	False	morphology	determiner_noun_agreement	Write a natural, coherent English sentence.
407	25	Every face irritates those unemployed alumni.	Every face irritates that unemployed alumni.	-111.5	-111.5	-10.125	-10.125	False	False	morphology	determiner_noun_agreement	Write a natural, coherent English sentence.
408	25	Susan noticed that unlucky person.	Susan noticed those unlucky person.	-81.5	-81.5	-10.1875	-10.1875	False	False	morphology	determiner_noun_agreement	Write a natural, coherent English sentence.
409	25	Some women drop by those concealed oases.	Some women drop by that concealed oases.	-103.0	-103.0	-10.3125	-10.25	False	False	morphology	determiner_noun_agreement	Write a natural, coherent English sentence.
410	25	The Clintons disagree with these serious men.	The Clintons disagree with this serious men.	-102.0	-102.5	-10.1875	-10.25	True	True	morphology	determiner_noun_agreement	Write a natural, coherent English sentence.
411	25	Phillip discovers these busy women.	Phillip discovers this busy women.	-81.5	-81.5	-10.1875	-10.1875	False	False	morphology	determiner_noun_agreement	Write a natural, coherent English sentence.
412	25	Waiters investigate that hopeful woman.	Waiters investigate those hopeful woman.	-81.5	-81.5	-10.1875	-10.1875	False	False	morphology	determiner_noun_agreement	Write a natural, coherent English sentence.
413	25	Regina hasn't found these white nuclei.	Regina hasn't found this white nuclei.	-123.0	-123.0	-10.25	-10.25	False	False	morphology	determiner_noun_agreement	Write a natural, coherent English sentence.
414	25	Irene scanned those purple theses.	Irene scanned that purple theses.	-92.0	-92.5	-10.25	-10.25	True	False	morphology	determiner_noun_agreement	Write a natural, coherent English sentence.
415	25	A bank references those popular people.	A bank references that popular people.	-72.5	-72.5	-10.3125	-10.375	False	True	morphology	determiner_noun_agreement	Write a natural, coherent English sentence.
416	25	Vincent tours this old oasis.	Vincent tours these old oasis.	-71.5	-72.0	-10.25	-10.25	True	False	morphology	determiner_noun_agreement	Write a natural, coherent English sentence.
417	25	Alicia kisses that standing woman.	Alicia kisses those standing woman.	-92.0	-92.0	-10.25	-10.1875	False	False	morphology	determiner_noun_agreement	Write a natural, coherent English sentence.
418	25	Some candles aren't boring those displeased men.	Some candles aren't boring that displeased men.	-133.0	-133.0	-10.1875	-10.25	False	True	morphology	determiner_noun_agreement	Write a natural, coherent English sentence.
419	25	That teenager does care for this old alumnus.	That teenager does care for these old alumnus.	-112.0	-112.0	-10.1875	-10.1875	False	False	morphology	determiner_noun_agreement	Write a natural, coherent English sentence.
420	25	A lot of drawings weren't alarming that displeased man.	A lot of drawings weren't alarming those displeased man.	-153.0	-153.0	-10.1875	-10.1875	False	False	morphology	determiner_noun_agreement	Write a natural, coherent English sentence.
421	25	That face astounded that important woman.	That face astounded those important woman.	-91.5	-92.0	-10.1875	-10.1875	True	False	morphology	determiner_noun_agreement	Write a natural, coherent English sentence.
422	25	Tiffany had approached these unemployed people.	Tiffany had approached this unemployed people.	-102.0	-102.0	-10.1875	-10.1875	False	False	morphology	determiner_noun_agreement	Write a natural, coherent English sentence.
423	25	Christina is passing these rough oases.	Christina is passing this rough oases.	-92.0	-92.0	-10.1875	-10.1875	False	False	morphology	determiner_noun_agreement	Write a natural, coherent English sentence.
424	25	Debra was praising those busy people.	Debra was praising that busy people.	-92.0	-92.5	-10.25	-10.25	True	False	morphology	determiner_noun_agreement	Write a natural, coherent English sentence.
425	25	The doctors didn't care for these scared children.	The doctors didn't care for this scared children.	-112.5	-112.5	-10.25	-10.25	False	False	morphology	determiner_noun_agreement	Write a natural, coherent English sentence.
426	25	Those ladders stun these small people.	Those ladders stun this small people.	-103.0	-103.0	-10.3125	-10.3125	False	False	morphology	determiner_noun_agreement	Write a natural, coherent English sentence.
427	25	Samuel isn't distracting these clever women.	Samuel isn't distracting this clever women.	-102.5	-103.0	-10.25	-10.25	True	False	morphology	determiner_noun_agreement	Write a natural, coherent English sentence.
428	25	Lucille dropped by those new oases.	Lucille dropped by that new oases.	-92.0	-91.5	-10.1875	-10.1875	False	False	morphology	determiner_noun_agreement	Write a natural, coherent English sentence.
429	25	A legislature should aggravate that busy child.	A legislature should aggravate those busy child.	-112.0	-112.0	-10.1875	-10.1875	False	False	morphology	determiner_noun_agreement	Write a natural, coherent English sentence.
430	25	Larry observed that lucky child.	Larry observed those lucky child.	-62.0	-62.0	-10.3125	-10.3125	False	False	morphology	determiner_noun_agreement	Write a natural, coherent English sentence.
431	25	Lawrence wasn't approaching those troubled children.	Lawrence wasn't approaching that troubled children.	-102.5	-102.5	-10.25	-10.25	False	False	morphology	determiner_noun_agreement	Write a natural, coherent English sentence.
432	25	Most libraries describe those delighted men.	Most libraries describe that delighted men.	-72.5	-72.5	-10.375	-10.375	False	False	morphology	determiner_noun_agreement	Write a natural, coherent English sentence.
433	25	The Impressionists alarms that sick child.	The Impressionists alarms those sick child.	-102.0	-102.0	-10.1875	-10.1875	False	False	morphology	determiner_noun_agreement	Write a natural, coherent English sentence.
434	25	A lot of children have this exposed axis.	A lot of children have these exposed axis.	-92.0	-92.0	-10.25	-10.1875	False	False	morphology	determiner_noun_agreement	Write a natural, coherent English sentence.
435	25	Melissa couldn't reveal that small man.	Melissa couldn't reveal those small man.	-102.0	-102.5	-10.25	-10.25	True	False	morphology	determiner_noun_agreement	Write a natural, coherent English sentence.
436	25	These carriages won't impress those bad men.	These carriages won't impress that bad men.	-113.0	-113.5	-10.25	-10.3125	True	True	morphology	determiner_noun_agreement	Write a natural, coherent English sentence.
437	25	Many girls drop by that red oasis.	Many girls drop by those red oasis.	-92.5	-92.5	-10.25	-10.25	False	False	morphology	determiner_noun_agreement	Write a natural, coherent English sentence.
438	25	The Impressionists fled from this small woman.	The Impressionists fled from these small woman.	-101.0	-101.5	-10.125	-10.125	True	False	morphology	determiner_noun_agreement	Write a natural, coherent English sentence.
439	25	Ann arrived at that blue oasis.	Ann arrived at those blue oasis.	-81.5	-81.5	-10.1875	-10.1875	False	False	morphology	determiner_noun_agreement	Write a natural, coherent English sentence.
440	25	The sock isn't disturbing those lucky children.	The sock isn't disturbing that lucky children.	-112.0	-112.0	-10.1875	-10.1875	False	False	morphology	determiner_noun_agreement	Write a natural, coherent English sentence.
441	25	Those socks were shocking those unlucky men.	Those socks were shocking that unlucky men.	-111.5	-112.0	-10.125	-10.1875	True	True	morphology	determiner_noun_agreement	Write a natural, coherent English sentence.
442	25	Christine wasn't walking through those cheap oases.	Christine wasn't walking through that cheap oases.	-123.0	-123.0	-10.25	-10.25	False	False	morphology	determiner_noun_agreement	Write a natural, coherent English sentence.
443	25	Mary appreciates those content women.	Mary appreciates that content women.	-72.0	-72.0	-10.25	-10.25	False	False	morphology	determiner_noun_agreement	Write a natural, coherent English sentence.
444	25	That lady didn't question this ill person.	That lady didn't question these ill person.	-102.5	-103.0	-10.25	-10.25	True	False	morphology	determiner_noun_agreement	Write a natural, coherent English sentence.
445	25	Most birds annoy this young woman.	Most birds annoy these young woman.	-71.5	-71.5	-10.1875	-10.25	False	True	morphology	determiner_noun_agreement	Write a natural, coherent English sentence.
446	25	Amelia is kissing these content men.	Amelia is kissing this content men.	-91.5	-91.5	-10.1875	-10.1875	False	False	morphology	determiner_noun_agreement	Write a natural, coherent English sentence.
447	25	Judy isn't taking those standing oxen.	Judy isn't taking that standing oxen.	-113.0	-113.0	-10.25	-10.25	False	False	morphology	determiner_noun_agreement	Write a natural, coherent English sentence.
448	25	Irene is discussing those clever alumni.	Irene is discussing that clever alumni.	-102.5	-102.5	-10.25	-10.25	False	False	morphology	determiner_noun_agreement	Write a natural, coherent English sentence.
449	25	Danielle could describe these long analyses.	Danielle could describe this long analyses.	-92.0	-92.0	-10.1875	-10.25	False	True	morphology	determiner_noun_agreement	Write a natural, coherent English sentence.
450	25	Eva hasn't praised that lucky woman.	Eva hasn't praised those lucky woman.	-92.5	-92.5	-10.25	-10.3125	False	True	morphology	determiner_noun_agreement	Write a natural, coherent English sentence.
451	25	Grace might observe that unlucky woman.	Grace might observe those unlucky woman.	-92.0	-92.5	-10.1875	-10.25	True	True	morphology	determiner_noun_agreement	Write a natural, coherent English sentence.
452	25	The Clintons bothered these clever people.	The Clintons bothered this clever people.	-92.5	-92.5	-10.25	-10.3125	False	True	morphology	determiner_noun_agreement	Write a natural, coherent English sentence.
453	25	April hadn't embarrassed those employed alumni.	April hadn't embarrassed that employed alumni.	-113.0	-113.0	-10.25	-10.25	False	False	morphology	determiner_noun_agreement	Write a natural, coherent English sentence.
454	25	Marie shouldn't forget that happy man.	Marie shouldn't forget those happy man.	-92.0	-92.0	-10.1875	-10.1875	False	False	morphology	determiner_noun_agreement	Write a natural, coherent English sentence.
455	25	Renee isn't breaking that cheap foot.	Renee isn't breaking those cheap foot.	-113.0	-113.0	-10.3125	-10.25	False	False	morphology	determiner_noun_agreement	Write a natural, coherent English sentence.
456	25	Monica shouldn't sell those new oases.	Monica shouldn't sell that new oases.	-112.0	-112.5	-10.1875	-10.1875	True	False	morphology	determiner_noun_agreement	Write a natural, coherent English sentence.
457	25	Every dancer has returned to that troubled man.	Every dancer has returned to those troubled man.	-112.5	-112.5	-10.1875	-10.1875	False	False	morphology	determiner_noun_agreement	Write a natural, coherent English sentence.
458	25	Those dancers break those green teeth.	Those dancers break that green teeth.	-82.5	-82.5	-10.3125	-10.3125	False	False	morphology	determiner_noun_agreement	Write a natural, coherent English sentence.
459	25	These teachers talk about these fast women.	These teachers talk about this fast women.	-82.0	-82.0	-10.25	-10.25	False	False	morphology	determiner_noun_agreement	Write a natural, coherent English sentence.
460	25	Spain hasn't praised that happy man.	Spain hasn't praised those happy man.	-93.0	-93.0	-10.3125	-10.3125	False	False	morphology	determiner_noun_agreement	Write a natural, coherent English sentence.
461	25	Monica does kiss those good people.	Monica does kiss that good people.	-82.0	-82.0	-10.25	-10.25	False	False	morphology	determiner_noun_agreement	Write a natural, coherent English sentence.
462	25	Benjamin can boast about those busy men.	Benjamin can boast about that busy men.	-92.0	-92.5	-10.25	-10.25	True	False	morphology	determiner_noun_agreement	Write a natural, coherent English sentence.
463	25	Donald conceals this lost nucleus.	Donald conceals these lost nucleus.	-82.5	-82.5	-10.3125	-10.3125	False	False	morphology	determiner_noun_agreement	Write a natural, coherent English sentence.
464	25	Gregory was embarrassing this big woman.	Gregory was embarrassing these big woman.	-82.0	-82.0	-10.25	-10.25	False	False	morphology	determiner_noun_agreement	Write a natural, coherent English sentence.
465	25	The waiter wasn't stunning that hidden child.	The waiter wasn't stunning those hidden child.	-113.0	-113.0	-10.3125	-10.3125	False	False	morphology	determiner_noun_agreement	Write a natural, coherent English sentence.
466	25	A lot of photographs haven't looked like this red stimulus.	A lot of photographs haven't looked like these red stimulus.	-142.0	-142.0	-10.125	-10.1875	False	True	morphology	determiner_noun_agreement	Write a natural, coherent English sentence.
467	25	A patient fixed those cheap feet.	A patient fixed that cheap feet.	-72.0	-72.5	-10.3125	-10.375	True	True	morphology	determiner_noun_agreement	Write a natural, coherent English sentence.
468	25	Many gates shouldn't astound these unsure alumni.	Many gates shouldn't astound this unsure alumni.	-143.0	-143.0	-10.25	-10.25	False	False	morphology	determiner_noun_agreement	Write a natural, coherent English sentence.
469	25	That picture hasn't looked like these big men.	That picture hasn't looked like this big men.	-112.5	-112.5	-10.25	-10.1875	False	False	morphology	determiner_noun_agreement	Write a natural, coherent English sentence.
470	25	These waitresses talk about this hidden thesis.	These waitresses talk about these hidden thesis.	-101.5	-101.5	-10.125	-10.125	False	False	morphology	determiner_noun_agreement	Write a natural, coherent English sentence.
471	25	Stacy concealed those gray axes.	Stacy concealed that gray axes.	-92.5	-92.5	-10.25	-10.3125	False	True	morphology	determiner_noun_agreement	Write a natural, coherent English sentence.
472	25	Nicole remembers those serious alumni.	Nicole remembers that serious alumni.	-92.0	-92.0	-10.25	-10.25	False	False	morphology	determiner_noun_agreement	Write a natural, coherent English sentence.
473	25	Leslie hadn't gone to that small oasis.	Leslie hadn't gone to those small oasis.	-121.5	-121.5	-10.125	-10.125	False	False	morphology	determiner_noun_agreement	Write a natural, coherent English sentence.
474	25	Joel wasn't praising this ill person.	Joel wasn't praising these ill person.	-102.5	-103.0	-10.25	-10.25	True	False	morphology	determiner_noun_agreement	Write a natural, coherent English sentence.
475	25	These drivers embarrasses this young alumnus.	These drivers embarrasses these young alumnus.	-102.0	-102.5	-10.1875	-10.25	True	True	morphology	determiner_noun_agreement	Write a natural, coherent English sentence.
476	25	Beef bores that delighted woman.	Beef bores those delighted woman.	-82.0	-82.0	-10.25	-10.25	False	False	morphology	determiner_noun_agreement	Write a natural, coherent English sentence.
477	25	Mitchell goes to this gray oasis.	Mitchell goes to these gray oasis.	-82.0	-82.0	-10.25	-10.25	False	False	morphology	determiner_noun_agreement	Write a natural, coherent English sentence.
478	25	The mouth bores these upset men.	The mouth bores this upset men.	-83.0	-83.0	-10.375	-10.375	False	False	morphology	determiner_noun_agreement	Write a natural, coherent English sentence.
479	25	Most legislatures discuss those good people.	Most legislatures discuss that good people.	-82.5	-82.5	-10.3125	-10.3125	False	False	morphology	determiner_noun_agreement	Write a natural, coherent English sentence.
480	25	The boys mess up those purple feet.	The boys mess up that purple feet.	-82.0	-82.0	-10.25	-10.25	False	False	morphology	determiner_noun_agreement	Write a natural, coherent English sentence.
481	25	Cashiers describe these fast children.	Cashiers describe this fast children.	-72.0	-72.0	-10.25	-10.25	False	False	morphology	determiner_noun_agreement	Write a natural, coherent English sentence.
482	25	Roger has fired those unconvinced men.	Roger has fired that unconvinced men.	-103.0	-103.0	-10.25	-10.3125	False	True	morphology	determiner_noun_agreement	Write a natural, coherent English sentence.
483	25	Amy wasn't kissing this content man.	Amy wasn't kissing these content man.	-102.0	-102.5	-10.1875	-10.25	True	True	morphology	determiner_noun_agreement	Write a natural, coherent English sentence.
484	25	Every dancer hadn't praised those good analyses.	Every dancer hadn't praised that good analyses.	-123.5	-124.0	-10.3125	-10.3125	True	False	morphology	determiner_noun_agreement	Write a natural, coherent English sentence.
485	25	Rhonda wasn't hiding those red mice.	Rhonda wasn't hiding that red mice.	-112.5	-113.0	-10.25	-10.25	True	False	morphology	determiner_noun_agreement	Write a natural, coherent English sentence.
486	25	Every pedestrian talks about that bad synopsis.	Every pedestrian talks about those bad synopsis.	-101.5	-101.0	-10.125	-10.125	False	False	morphology	determiner_noun_agreement	Write a natural, coherent English sentence.
487	25	The fish shocks these old alumni.	The fish shocks this old alumni.	-102.0	-102.0	-10.25	-10.25	False	False	morphology	determiner_noun_agreement	Write a natural, coherent English sentence.
488	25	Those waitresses visited those scared alumni.	Those waitresses visited that scared alumni.	-111.5	-112.0	-10.125	-10.1875	True	True	morphology	determiner_noun_agreement	Write a natural, coherent English sentence.
489	25	That library was listening to this nice man.	That library was listening to these nice man.	-92.0	-92.0	-10.25	-10.25	False	False	morphology	determiner_noun_agreement	Write a natural, coherent English sentence.
490	25	Steve wasn't bringing that blue stimulus.	Steve wasn't bringing those blue stimulus.	-102.5	-102.5	-10.25	-10.25	False	False	morphology	determiner_noun_agreement	Write a natural, coherent English sentence.
491	25	Some guest was hiring that scared woman.	Some guest was hiring those scared woman.	-82.5	-83.0	-10.3125	-10.375	True	True	morphology	determiner_noun_agreement	Write a natural, coherent English sentence.
492	25	The spotlights upset this unconvinced alumnus.	The spotlights upset these unconvinced alumnus.	-132.0	-132.0	-10.125	-10.125	False	False	morphology	determiner_noun_agreement	Write a natural, coherent English sentence.
493	25	Todd might observe this lost man.	Todd might observe these lost man.	-72.5	-72.5	-10.3125	-10.375	False	True	morphology	determiner_noun_agreement	Write a natural, coherent English sentence.
494	25	People could describe that unconvinced person.	People could describe those unconvinced person.	-102.0	-102.5	-10.25	-10.25	True	False	morphology	determiner_noun_agreement	Write a natural, coherent English sentence.
495	25	That waiter had astounded these lucky people.	That waiter had astounded this lucky people.	-112.0	-112.5	-10.1875	-10.25	True	True	morphology	determiner_noun_agreement	Write a natural, coherent English sentence.
496	25	Kendra disgusted these confident women.	Kendra disgusted this confident women.	-92.5	-92.5	-10.3125	-10.3125	False	False	morphology	determiner_noun_agreement	Write a natural, coherent English sentence.
497	25	Spain hasn't annoyed those old people.	Spain hasn't annoyed that old people.	-102.0	-102.0	-10.1875	-10.1875	False	False	morphology	determiner_noun_agreement	Write a natural, coherent English sentence.
498	25	Steve kisses these out in the open people.	Steve kisses this out in the open people.	-102.0	-102.0	-10.1875	-10.1875	False	False	morphology	determiner_noun_agreement	Write a natural, coherent English sentence.
499	25	Wayne kissed those unconvinced men.	Wayne kissed that unconvinced men.	-92.5	-92.5	-10.25	-10.25	False	False	morphology	determiner_noun_agreement	Write a natural, coherent English sentence.
500	25	Douglas has brought those lost cacti.	Douglas has brought that lost cacti.	-92.5	-92.5	-10.25	-10.25	False	False	morphology	determiner_noun_agreement	Write a natural, coherent English sentence.
501	25	Tammy can't reveal that big alumnus.	Tammy can't reveal those big alumnus.	-122.5	-122.5	-10.1875	-10.1875	False	False	morphology	determiner_noun_agreement	Write a natural, coherent English sentence.
502	25	Deborah fled from those standing children.	Deborah fled from that standing children.	-92.0	-92.0	-10.1875	-10.25	False	True	morphology	determiner_noun_agreement	Write a natural, coherent English sentence.
503	25	A man wasn't cleaning that hard fungus.	A man wasn't cleaning those hard fungus.	-123.0	-123.0	-10.25	-10.25	False	False	morphology	determiner_noun_agreement	Write a natural, coherent English sentence.
504	25	Danielle has broken those gray teeth.	Danielle has broken that gray teeth.	-82.0	-82.0	-10.25	-10.25	False	False	morphology	determiner_noun_agreement	Write a natural, coherent English sentence.
505	25	Derek praised this big thesis.	Derek praised these big thesis.	-72.0	-72.0	-10.3125	-10.3125	False	False	morphology	determiner_noun_agreement	Write a natural, coherent English sentence.
506	25	Gary has disgusted those unsure people.	Gary has disgusted that unsure people.	-92.5	-92.5	-10.3125	-10.25	False	False	morphology	determiner_noun_agreement	Write a natural, coherent English sentence.
507	25	A senator insulted this bad synopsis.	A senator insulted these bad synopsis.	-102.0	-102.0	-10.1875	-10.1875	False	False	morphology	determiner_noun_agreement	Write a natural, coherent English sentence.
508	25	A lot of drivers visit these purple oases.	A lot of drivers visit this purple oases.	-102.5	-102.5	-10.25	-10.25	False	False	morphology	determiner_noun_agreement	Write a natural, coherent English sentence.
509	25	Richard isn't attacking this fast child.	Richard isn't attacking these fast child.	-92.5	-92.5	-10.25	-10.25	False	False	morphology	determiner_noun_agreement	Write a natural, coherent English sentence.
510	25	Frank shocked that unsure man.	Frank shocked those unsure man.	-73.0	-72.5	-10.375	-10.375	False	False	morphology	determiner_noun_agreement	Write a natural, coherent English sentence.
511	25	Brett returned to that confident man.	Brett returned to those confident man.	-82.0	-82.0	-10.25	-10.25	False	False	morphology	determiner_noun_agreement	Write a natural, coherent English sentence.
512	25	Many ladies weren't passing these old oases.	Many ladies weren't passing this old oases.	-113.5	-113.5	-10.3125	-10.3125	False	False	morphology	determiner_noun_agreement	Write a natural, coherent English sentence.
513	25	A waiter brought those purple teeth.	A waiter brought that purple teeth.	-82.0	-82.0	-10.25	-10.25	False	False	morphology	determiner_noun_agreement	Write a natural, coherent English sentence.
514	25	Beverly has fired this fast alumnus.	Beverly has fired these fast alumnus.	-102.5	-102.0	-10.25	-10.25	False	False	morphology	determiner_noun_agreement	Write a natural, coherent English sentence.
515	25	Men haven't observed that standing man.	Men haven't observed those standing man.	-93.0	-93.0	-10.3125	-10.3125	False	False	morphology	determiner_noun_agreement	Write a natural, coherent English sentence.
516	25	Tiffany admired this ill child.	Tiffany admired these ill child.	-92.0	-92.0	-10.1875	-10.1875	False	False	morphology	determiner_noun_agreement	Write a natural, coherent English sentence.
517	25	That patient didn't love that unemployed alumnus.	That patient didn't love those unemployed alumnus.	-132.0	-132.0	-10.1875	-10.1875	False	False	morphology	determiner_noun_agreement	Write a natural, coherent English sentence.
518	25	Aaron reveals that red tooth.	Aaron reveals those red tooth.	-62.25	-62.5	-10.375	-10.375	True	False	morphology	determiner_noun_agreement	Write a natural, coherent English sentence.
519	25	Monica was insulting those bad people.	Monica was insulting that bad people.	-91.5	-92.0	-10.1875	-10.1875	True	False	morphology	determiner_noun_agreement	Write a natural, coherent English sentence.
520	25	These teenagers watch that old alumnus.	These teenagers watch those old alumnus.	-101.0	-101.0	-10.125	-10.125	False	False	morphology	determiner_noun_agreement	Write a natural, coherent English sentence.
521	25	Tina might confuse this exposed child.	Tina might confuse these exposed child.	-93.0	-93.0	-10.3125	-10.3125	False	False	morphology	determiner_noun_agreement	Write a natural, coherent English sentence.
522	25	A face was confusing that nice woman.	A face was confusing those nice woman.	-82.5	-82.5	-10.3125	-10.3125	False	False	morphology	determiner_noun_agreement	Write a natural, coherent English sentence.
523	25	An adult researches that good analysis.	An adult researches those good analysis.	-103.0	-103.0	-10.3125	-10.3125	False	False	morphology	determiner_noun_agreement	Write a natural, coherent English sentence.
524	25	Some broccoli isn't annoying these unconvinced women.	Some broccoli isn't annoying this unconvinced women.	-152.0	-153.0	-10.1875	-10.1875	True	False	morphology	determiner_noun_agreement	Write a natural, coherent English sentence.
525	25	Nancy talks about these content children.	Nancy talks about this content children.	-72.0	-71.5	-10.25	-10.25	False	False	morphology	determiner_noun_agreement	Write a natural, coherent English sentence.
526	25	Regina found this lost ox.	Regina found these lost ox.	-82.0	-82.0	-10.25	-10.25	False	False	morphology	determiner_noun_agreement	Write a natural, coherent English sentence.
527	25	Emily had respected that clever man.	Emily had respected those clever man.	-72.0	-72.0	-10.25	-10.25	False	False	morphology	determiner_noun_agreement	Write a natural, coherent English sentence.
528	25	Kathleen has worked with this confident man.	Kathleen has worked with these confident man.	-92.0	-92.0	-10.25	-10.25	False	False	morphology	determiner_noun_agreement	Write a natural, coherent English sentence.
529	25	Most customers are distracting these determined children.	Most customers are distracting this determined children.	-92.0	-92.5	-10.25	-10.25	True	False	morphology	determiner_noun_agreement	Write a natural, coherent English sentence.
530	25	Rachelle didn't cure this black octopus.	Rachelle didn't cure these black octopus.	-122.0	-122.0	-10.1875	-10.1875	False	False	morphology	determiner_noun_agreement	Write a natural, coherent English sentence.
531	25	Steven hugs these standing men.	Steven hugs this standing men.	-72.0	-72.0	-10.3125	-10.3125	False	False	morphology	determiner_noun_agreement	Write a natural, coherent English sentence.
532	25	Every popsicle shocked those excited men.	Every popsicle shocked that excited men.	-92.0	-92.5	-10.25	-10.3125	True	True	morphology	determiner_noun_agreement	Write a natural, coherent English sentence.
533	25	Sonia lifts that new oasis.	Sonia lifts those new oasis.	-92.0	-91.5	-10.1875	-10.1875	False	False	morphology	determiner_noun_agreement	Write a natural, coherent English sentence.
534	25	Cheryl might tour that purple oasis.	Cheryl might tour those purple oasis.	-92.5	-92.5	-10.25	-10.25	False	False	morphology	determiner_noun_agreement	Write a natural, coherent English sentence.
535	25	This doctor appreciates this bad child.	This doctor appreciates these bad child.	-82.0	-82.0	-10.25	-10.25	False	False	morphology	determiner_noun_agreement	Write a natural, coherent English sentence.
536	25	Leslie breaks those red feet.	Leslie breaks that red feet.	-71.5	-71.5	-10.1875	-10.25	False	True	morphology	determiner_noun_agreement	Write a natural, coherent English sentence.
537	25	Bethany hasn't hidden that yellow louse.	Bethany hasn't hidden those yellow louse.	-112.5	-112.5	-10.25	-10.1875	False	False	morphology	determiner_noun_agreement	Write a natural, coherent English sentence.
538	25	Some people have criticized this brown thesis.	Some people have criticized these brown thesis.	-91.0	-91.0	-10.125	-10.125	False	False	morphology	determiner_noun_agreement	Write a natural, coherent English sentence.
539	25	Noah heals this determined child.	Noah heals these determined child.	-72.5	-72.5	-10.375	-10.3125	False	False	morphology	determiner_noun_agreement	Write a natural, coherent English sentence.
540	25	Kevin biked to those big oases.	Kevin biked to that big oases.	-102.5	-102.5	-10.25	-10.25	False	False	morphology	determiner_noun_agreement	Write a natural, coherent English sentence.
541	25	Wayne hadn't bored these sick men.	Wayne hadn't bored this sick men.	-93.0	-93.0	-10.3125	-10.3125	False	False	morphology	determiner_noun_agreement	Write a natural, coherent English sentence.
542	25	Amy returns to those young alumni.	Amy returns to that young alumni.	-92.5	-92.5	-10.25	-10.25	False	False	morphology	determiner_noun_agreement	Write a natural, coherent English sentence.
543	25	That gate did aggravate this excited woman.	That gate did aggravate these excited woman.	-102.0	-102.0	-10.1875	-10.25	False	True	morphology	determiner_noun_agreement	Write a natural, coherent English sentence.
544	25	Melissa observes that bad child.	Melissa observes those bad child.	-82.0	-82.0	-10.25	-10.25	False	False	morphology	determiner_noun_agreement	Write a natural, coherent English sentence.
545	25	Kathleen wasn't scanning those long synopses.	Kathleen wasn't scanning that long synopses.	-132.0	-132.0	-10.1875	-10.1875	False	False	morphology	determiner_noun_agreement	Write a natural, coherent English sentence.
546	25	That guy dropped by these white oases.	That guy dropped by this white oases.	-92.0	-92.5	-10.25	-10.25	True	False	morphology	determiner_noun_agreement	Write a natural, coherent English sentence.
547	25	Every child might fire this serious child.	Every child might fire these serious child.	-82.5	-82.5	-10.3125	-10.3125	False	False	morphology	determiner_noun_agreement	Write a natural, coherent English sentence.
548	25	Meredith had concealed that black thesis.	Meredith had concealed those black thesis.	-102.5	-102.5	-10.25	-10.25	False	False	morphology	determiner_noun_agreement	Write a natural, coherent English sentence.
549	25	Randolf didn't see these blue teeth.	Randolf didn't see this blue teeth.	-102.5	-102.5	-10.25	-10.25	False	False	morphology	determiner_noun_agreement	Write a natural, coherent English sentence.
550	25	Some guy passes that rough oasis.	Some guy passes those rough oasis.	-82.0	-82.0	-10.25	-10.25	False	False	morphology	determiner_noun_agreement	Write a natural, coherent English sentence.
551	25	Guys hurts that smart man.	Guys hurts those smart man.	-82.5	-82.5	-10.3125	-10.3125	False	False	morphology	determiner_noun_agreement	Write a natural, coherent English sentence.
552	25	Many museums should describe this fast man.	Many museums should describe these fast man.	-92.0	-92.0	-10.25	-10.25	False	False	morphology	determiner_noun_agreement	Write a natural, coherent English sentence.
553	25	A lot of chairs haven't embarrassed this serious man.	A lot of chairs haven't embarrassed these serious man.	-123.0	-123.0	-10.25	-10.25	False	False	morphology	determiner_noun_agreement	Write a natural, coherent English sentence.
554	25	Emily talked about that ill alumnus.	Emily talked about those ill alumnus.	-91.5	-91.5	-10.1875	-10.1875	False	False	morphology	determiner_noun_agreement	Write a natural, coherent English sentence.
555	25	A lot of girls notice these black lice.	A lot of girls notice this black lice.	-102.5	-102.5	-10.25	-10.25	False	False	morphology	determiner_noun_agreement	Write a natural, coherent English sentence.
556	25	Those schools reference that green thesis.	Those schools reference those green thesis.	-72.5	-72.5	-10.375	-10.375	False	False	morphology	determiner_noun_agreement	Write a natural, coherent English sentence.
557	25	Bradley had bored this delighted alumnus.	Bradley had bored these delighted alumnus.	-102.0	-102.0	-10.1875	-10.1875	False	False	morphology	determiner_noun_agreement	Write a natural, coherent English sentence.
558	25	Melinda scares this good woman.	Melinda scares these good woman.	-82.5	-82.5	-10.3125	-10.3125	False	False	morphology	determiner_noun_agreement	Write a natural, coherent English sentence.
559	25	Those pedestrians go to those big oases.	Those pedestrians go to that big oases.	-113.0	-113.5	-10.3125	-10.3125	True	False	morphology	determiner_noun_agreement	Write a natural, coherent English sentence.
560	25	Many doctors escaped from that lost child.	Many doctors escaped from those lost child.	-82.0	-82.0	-10.25	-10.25	False	False	morphology	determiner_noun_agreement	Write a natural, coherent English sentence.
561	25	Tamara isn't revealing that orange ox.	Tamara isn't revealing those orange ox.	-102.0	-102.0	-10.25	-10.25	False	False	morphology	determiner_noun_agreement	Write a natural, coherent English sentence.
562	25	Many patients arrive at that hidden oasis.	Many patients arrive at those hidden oasis.	-90.5	-91.0	-10.0625	-10.0625	True	False	morphology	determiner_noun_agreement	Write a natural, coherent English sentence.
563	25	Beth leaves these happy children.	Beth leaves this happy children.	-61.5	-61.75	-10.25	-10.3125	True	True	morphology	determiner_noun_agreement	Write a natural, coherent English sentence.
564	25	Deanna broke that yellow foot.	Deanna broke those yellow foot.	-72.0	-72.0	-10.25	-10.25	False	False	morphology	determiner_noun_agreement	Write a natural, coherent English sentence.
565	25	Jessica had talked to that concealed man.	Jessica had talked to those concealed man.	-92.5	-92.5	-10.25	-10.3125	False	True	morphology	determiner_noun_agreement	Write a natural, coherent English sentence.
566	25	Those actors praise those long synopses.	Those actors praise that long synopses.	-92.5	-92.5	-10.25	-10.25	False	False	morphology	determiner_noun_agreement	Write a natural, coherent English sentence.
567	25	This coat hasn't astounded these popular men.	This coat hasn't astounded this popular men.	-122.0	-122.0	-10.1875	-10.1875	False	False	morphology	determiner_noun_agreement	Write a natural, coherent English sentence.
568	25	Wendy does talk to this scared alumnus.	Wendy does talk to these scared alumnus.	-112.5	-112.5	-10.25	-10.25	False	False	morphology	determiner_noun_agreement	Write a natural, coherent English sentence.
569	25	Christine is questioning these happy men.	Christine is questioning this happy men.	-82.0	-82.5	-10.25	-10.3125	True	True	morphology	determiner_noun_agreement	Write a natural, coherent English sentence.
570	25	All doctors loved that displeased man.	All doctors loved those displeased man.	-92.5	-92.5	-10.25	-10.25	False	False	morphology	determiner_noun_agreement	Write a natural, coherent English sentence.
571	25	Waitresses researched these long synopses.	Waitresses researched this long synopses.	-132.0	-132.0	-10.125	-10.125	False	False	morphology	determiner_noun_agreement	Write a natural, coherent English sentence.
572	25	Alexander can flee from this nice woman.	Alexander can flee from these nice woman.	-92.0	-92.5	-10.25	-10.3125	True	True	morphology	determiner_noun_agreement	Write a natural, coherent English sentence.
573	25	Walter hadn't hated this fast man.	Walter hadn't hated these fast man.	-92.5	-92.5	-10.3125	-10.3125	False	False	morphology	determiner_noun_agreement	Write a natural, coherent English sentence.
574	25	Those cashiers buy those smooth lice.	Those cashiers buy that smooth lice.	-92.0	-92.0	-10.1875	-10.25	False	True	morphology	determiner_noun_agreement	Write a natural, coherent English sentence.
575	25	Sonia hid that determined child.	Sonia hid those determined child.	-72.5	-72.0	-10.3125	-10.3125	False	False	morphology	determiner_noun_agreement	Write a natural, coherent English sentence.
576	25	Barbara is observing that excited person.	Barbara is observing those excited person.	-82.0	-82.0	-10.25	-10.25	False	False	morphology	determiner_noun_agreement	Write a natural, coherent English sentence.
577	25	That company stuns these unconvinced women.	That company stuns this unconvinced women.	-113.0	-113.0	-10.3125	-10.25	False	False	morphology	determiner_noun_agreement	Write a natural, coherent English sentence.
578	25	Paul thought about those bad theses.	Paul thought about that bad theses.	-82.0	-82.5	-10.25	-10.3125	True	True	morphology	determiner_noun_agreement	Write a natural, coherent English sentence.
579	25	Victoria escaped from these displeased children.	Victoria escaped from this displeased children.	-91.5	-92.0	-10.1875	-10.1875	True	False	morphology	determiner_noun_agreement	Write a natural, coherent English sentence.
580	25	Brad notices this big octopus.	Brad notices these big octopus.	-91.0	-91.0	-10.125	-10.125	False	False	morphology	determiner_noun_agreement	Write a natural, coherent English sentence.
581	25	Adam is praising those yellow theses.	Adam is praising that yellow theses.	-92.5	-92.5	-10.25	-10.3125	False	True	morphology	determiner_noun_agreement	Write a natural, coherent English sentence.
582	25	Douglas did tour those hidden oases.	Douglas did tour that hidden oases.	-82.5	-82.5	-10.3125	-10.3125	False	False	morphology	determiner_noun_agreement	Write a natural, coherent English sentence.
583	25	Gerald couldn't know these happy men.	Gerald couldn't know this happy men.	-102.5	-102.5	-10.25	-10.25	False	False	morphology	determiner_noun_agreement	Write a natural, coherent English sentence.
584	25	Those women hug that smart man.	Those women hug those smart man.	-72.0	-72.0	-10.3125	-10.25	False	False	morphology	determiner_noun_agreement	Write a natural, coherent English sentence.
585	25	These senators wouldn't forget that long synopsis.	These senators wouldn't forget those long synopsis.	-123.0	-123.0	-10.25	-10.25	False	False	morphology	determiner_noun_agreement	Write a natural, coherent English sentence.
586	25	Edward took those lost stimuli.	Edward took that lost stimuli.	-72.0	-72.0	-10.25	-10.25	False	False	morphology	determiner_noun_agreement	Write a natural, coherent English sentence.
587	25	The waitresses did know this lucky person.	The waitresses did know these lucky person.	-101.5	-101.5	-10.125	-10.125	False	False	morphology	determiner_noun_agreement	Write a natural, coherent English sentence.
588	25	That library might love this important person.	That library might love these important person.	-82.5	-82.5	-10.3125	-10.3125	False	False	morphology	determiner_noun_agreement	Write a natural, coherent English sentence.
589	25	Carrie was healing this gray octopus.	Carrie was healing these gray octopus.	-102.0	-102.0	-10.1875	-10.1875	False	False	morphology	determiner_noun_agreement	Write a natural, coherent English sentence.
590	25	Sonia hadn't cleaned those gray teeth.	Sonia hadn't cleaned that gray teeth.	-102.0	-102.5	-10.25	-10.25	True	False	morphology	determiner_noun_agreement	Write a natural, coherent English sentence.
591	25	The Lutherans alarmed this confident woman.	The Lutherans alarmed these confident woman.	-92.5	-92.5	-10.25	-10.3125	False	True	morphology	determiner_noun_agreement	Write a natural, coherent English sentence.
592	25	This shirt impressed those popular people.	This shirt impressed that popular people.	-72.0	-72.0	-10.25	-10.3125	False	True	morphology	determiner_noun_agreement	Write a natural, coherent English sentence.
593	25	Some schools love that employed person.	Some schools love those employed person.	-72.0	-72.0	-10.3125	-10.3125	False	False	morphology	determiner_noun_agreement	Write a natural, coherent English sentence.
594	25	Valerie hasn't known this young child.	Valerie hasn't known these young child.	-102.0	-102.0	-10.1875	-10.1875	False	False	morphology	determiner_noun_agreement	Write a natural, coherent English sentence.
595	25	Scott respected those displeased men.	Scott respected that displeased men.	-82.5	-82.5	-10.3125	-10.3125	False	False	morphology	determiner_noun_agreement	Write a natural, coherent English sentence.
596	25	The ladies work with those lost children.	The ladies work with that lost children.	-82.5	-82.5	-10.3125	-10.3125	False	False	morphology	determiner_noun_agreement	Write a natural, coherent English sentence.
597	25	Dawn had biked to this small oasis.	Dawn had biked to these small oasis.	-121.0	-121.5	-10.125	-10.125	True	False	morphology	determiner_noun_agreement	Write a natural, coherent English sentence.
598	25	Samantha would explore that gray oasis.	Samantha would explore those gray oasis.	-101.0	-101.5	-10.125	-10.125	True	False	morphology	determiner_noun_agreement	Write a natural, coherent English sentence.
599	25	All steps upset those unemployed men.	All steps upset that unemployed men.	-81.5	-82.0	-10.1875	-10.25	True	True	morphology	determiner_noun_agreement	Write a natural, coherent English sentence.
600	25	Marla has described that unemployed woman.	Marla has described those unemployed woman.	-92.0	-92.0	-10.25	-10.25	False	False	morphology	determiner_noun_agreement	Write a natural, coherent English sentence.
601	25	Most universities bore those excited children.	Most universities bore that excited children.	-72.5	-72.5	-10.3125	-10.3125	False	False	morphology	determiner_noun_agreement	Write a natural, coherent English sentence.
602	25	These banks should reference that purple thesis.	These banks should reference those purple thesis.	-82.5	-82.5	-10.3125	-10.3125	False	False	morphology	determiner_noun_agreement	Write a natural, coherent English sentence.
603	25	Sherry brought those concealed geese.	Sherry brought that concealed geese.	-92.0	-92.0	-10.25	-10.25	False	False	morphology	determiner_noun_agreement	Write a natural, coherent English sentence.
604	25	Many pedestrians complain about these long analyses.	Many pedestrians complain about this long analyses.	-111.0	-111.5	-10.125	-10.125	True	False	morphology	determiner_noun_agreement	Write a natural, coherent English sentence.
605	25	Theresa fixed these small teeth.	Theresa fixed this small teeth.	-71.5	-71.5	-10.1875	-10.1875	False	False	morphology	determiner_noun_agreement	Write a natural, coherent English sentence.
606	25	This lake disturbed those unconvinced men.	This lake disturbed that unconvinced men.	-112.5	-112.5	-10.25	-10.25	False	False	morphology	determiner_noun_agreement	Write a natural, coherent English sentence.
607	25	Catherine was talking about those bad synopses.	Catherine was talking about that bad synopses.	-102.0	-102.0	-10.25	-10.25	False	False	morphology	determiner_noun_agreement	Write a natural, coherent English sentence.
608	25	Alicia had escaped from these hidden men.	Alicia had escaped from this hidden men.	-102.0	-102.0	-10.1875	-10.1875	False	False	morphology	determiner_noun_agreement	Write a natural, coherent English sentence.
609	25	Natalie hasn't worked with this confident woman.	Natalie hasn't worked with these confident woman.	-112.0	-112.0	-10.1875	-10.1875	False	False	morphology	determiner_noun_agreement	Write a natural, coherent English sentence.
610	25	Amelia annoyed this smart man.	Amelia annoyed these smart man.	-81.0	-81.0	-10.125	-10.125	False	False	morphology	determiner_noun_agreement	Write a natural, coherent English sentence.
611	25	Every guest is irritating this serious child.	Every guest is irritating these serious child.	-92.0	-92.0	-10.25	-10.25	False	False	morphology	determiner_noun_agreement	Write a natural, coherent English sentence.
612	25	All reports annoyed this hopeful person.	All reports annoyed these hopeful person.	-91.5	-91.5	-10.125	-10.1875	False	True	morphology	determiner_noun_agreement	Write a natural, coherent English sentence.
613	25	These women break those orange teeth.	These women break that orange teeth.	-72.0	-72.5	-10.3125	-10.375	True	True	morphology	determiner_noun_agreement	Write a natural, coherent English sentence.
614	25	Christopher could shock this excited child.	Christopher could shock these excited child.	-72.5	-72.0	-10.3125	-10.3125	False	False	morphology	determiner_noun_agreement	Write a natural, coherent English sentence.
615	25	This spotlight hasn't disgusted that employed child.	This spotlight hasn't disgusted those employed child.	-123.0	-123.0	-10.25	-10.25	False	False	morphology	determiner_noun_agreement	Write a natural, coherent English sentence.
616	25	Samantha fled from that busy child.	Samantha fled from those busy child.	-91.0	-91.0	-10.125	-10.125	False	False	morphology	determiner_noun_agreement	Write a natural, coherent English sentence.
617	25	Lucille arrived at that hard oasis.	Lucille arrived at those hard oasis.	-91.5	-91.5	-10.125	-10.1875	False	True	morphology	determiner_noun_agreement	Write a natural, coherent English sentence.
618	25	All teachers see those yellow lice.	All teachers see that yellow lice.	-82.5	-82.5	-10.3125	-10.3125	False	False	morphology	determiner_noun_agreement	Write a natural, coherent English sentence.
619	25	Some photographs haven't looked like these small octopi.	Some photographs haven't looked like this small octopi.	-133.0	-133.0	-10.25	-10.1875	False	False	morphology	determiner_noun_agreement	Write a natural, coherent English sentence.
620	25	Danielle brought those blue feet.	Danielle brought that blue feet.	-71.5	-72.0	-10.25	-10.25	True	False	morphology	determiner_noun_agreement	Write a natural, coherent English sentence.
621	25	Todd hadn't left those exposed men.	Todd hadn't left that exposed men.	-92.5	-92.5	-10.25	-10.3125	False	True	morphology	determiner_noun_agreement	Write a natural, coherent English sentence.
622	25	Some doctors embarrasses those delighted alumni.	Some doctors embarrasses that delighted alumni.	-103.0	-103.0	-10.25	-10.3125	False	True	morphology	determiner_noun_agreement	Write a natural, coherent English sentence.
623	25	The actresses forget that unemployed alumnus.	The actresses forget those unemployed alumnus.	-111.5	-111.0	-10.125	-10.125	False	False	morphology	determiner_noun_agreement	Write a natural, coherent English sentence.
624	25	A lot of socks alarm this unsure alumnus.	A lot of socks alarm these unsure alumnus.	-122.5	-122.5	-10.1875	-10.1875	False	False	morphology	determiner_noun_agreement	Write a natural, coherent English sentence.
625	25	The customers are thinking about that busy child.	The customers are thinking about those busy child.	-92.5	-92.0	-10.25	-10.25	False	False	morphology	determiner_noun_agreement	Write a natural, coherent English sentence.
626	25	Kristin wasn't kissing those small men.	Kristin wasn't kissing that small men.	-112.5	-112.5	-10.1875	-10.25	False	True	morphology	determiner_noun_agreement	Write a natural, coherent English sentence.
627	25	Omar hasn't broken this broken foot.	Omar hasn't broken these broken foot.	-102.0	-102.0	-10.1875	-10.25	False	True	morphology	determiner_noun_agreement	Write a natural, coherent English sentence.
628	25	The actress worked with this nice woman.	The actress worked with these nice woman.	-82.0	-82.5	-10.25	-10.3125	True	True	morphology	determiner_noun_agreement	Write a natural, coherent English sentence.
629	25	Patients insult these happy people.	Patients insult this happy people.	-72.0	-72.0	-10.25	-10.3125	False	True	morphology	determiner_noun_agreement	Write a natural, coherent English sentence.
630	25	Spain bought those orange lice.	Spain bought that orange lice.	-72.0	-72.0	-10.25	-10.25	False	False	morphology	determiner_noun_agreement	Write a natural, coherent English sentence.
631	25	Those waiters didn't kiss this unlucky child.	Those waiters didn't kiss these unlucky child.	-132.0	-132.0	-10.1875	-10.1875	False	False	morphology	determiner_noun_agreement	Write a natural, coherent English sentence.
632	25	Jennifer isn't touring these old oases.	Jennifer isn't touring this old oases.	-112.0	-112.0	-10.1875	-10.1875	False	False	morphology	determiner_noun_agreement	Write a natural, coherent English sentence.
633	25	Glaciers upset this small child.	Glaciers upset these small child.	-82.0	-82.0	-10.25	-10.25	False	False	morphology	determiner_noun_agreement	Write a natural, coherent English sentence.
634	25	John investigated these old men.	John investigated this old men.	-61.75	-61.75	-10.25	-10.3125	False	True	morphology	determiner_noun_agreement	Write a natural, coherent English sentence.
635	25	Some doctors hated these yellow theses.	Some doctors hated this yellow theses.	-82.0	-82.5	-10.25	-10.3125	True	True	morphology	determiner_noun_agreement	Write a natural, coherent English sentence.
636	25	Linda described that clever man.	Linda described those clever man.	-62.0	-62.0	-10.3125	-10.3125	False	False	morphology	determiner_noun_agreement	Write a natural, coherent English sentence.
637	25	Many drawings are looking like these excited women.	Many drawings are looking like this excited women.	-93.0	-93.0	-10.3125	-10.3125	False	False	morphology	determiner_noun_agreement	Write a natural, coherent English sentence.
638	25	Mitchell had concealed that small tooth.	Mitchell had concealed those small tooth.	-82.0	-82.0	-10.25	-10.25	False	False	morphology	determiner_noun_agreement	Write a natural, coherent English sentence.
639	25	Every dog had irritated this young child.	Every dog had irritated these young child.	-91.5	-91.5	-10.1875	-10.1875	False	False	morphology	determiner_noun_agreement	Write a natural, coherent English sentence.
640	25	Some doctors lift this exposed ox.	Some doctors lift these exposed ox.	-72.0	-72.0	-10.3125	-10.3125	False	False	morphology	determiner_noun_agreement	Write a natural, coherent English sentence.
641	25	Valerie was disgusting that happy woman.	Valerie was disgusting those happy woman.	-92.5	-92.5	-10.25	-10.25	False	False	morphology	determiner_noun_agreement	Write a natural, coherent English sentence.
642	25	Claire hugs those clever men.	Claire hugs that clever men.	-72.0	-72.0	-10.3125	-10.3125	False	False	morphology	determiner_noun_agreement	Write a natural, coherent English sentence.
643	25	All adults go to these white oases.	All adults go to this white oases.	-92.5	-92.5	-10.25	-10.25	False	False	morphology	determiner_noun_agreement	Write a natural, coherent English sentence.
644	25	Bill observed this nice child.	Bill observed these nice child.	-62.0	-62.0	-10.375	-10.3125	False	False	morphology	determiner_noun_agreement	Write a natural, coherent English sentence.
645	25	Diana kissed these delighted alumni.	Diana kissed this delighted alumni.	-82.0	-82.0	-10.25	-10.25	False	False	morphology	determiner_noun_agreement	Write a natural, coherent English sentence.
646	25	Governments are describing those sick people.	Governments are describing that sick people.	-81.0	-81.0	-10.125	-10.125	False	False	morphology	determiner_noun_agreement	Write a natural, coherent English sentence.
647	25	The doctors cure that young woman.	The doctors cure those young woman.	-71.0	-71.5	-10.1875	-10.1875	True	False	morphology	determiner_noun_agreement	Write a natural, coherent English sentence.
648	25	Dancers did disagree with this ill child.	Dancers did disagree with these ill child.	-93.0	-93.0	-10.3125	-10.3125	False	False	morphology	determiner_noun_agreement	Write a natural, coherent English sentence.
649	25	Veronica couldn't embarrass these exposed men.	Veronica couldn't embarrass this exposed men.	-112.5	-112.5	-10.1875	-10.1875	False	False	morphology	determiner_noun_agreement	Write a natural, coherent English sentence.
650	25	The students cared for that delighted man.	The students cared for those delighted man.	-82.0	-82.0	-10.25	-10.25	False	False	morphology	determiner_noun_agreement	Write a natural, coherent English sentence.
651	25	Steve conceals these important men.	Steve conceals this important men.	-72.0	-72.0	-10.25	-10.25	False	False	morphology	determiner_noun_agreement	Write a natural, coherent English sentence.
652	25	These actresses will talk to these content men.	These actresses will talk to this content men.	-102.0	-102.0	-10.25	-10.25	False	False	morphology	determiner_noun_agreement	Write a natural, coherent English sentence.
653	25	That teenager wouldn't buy these rough oxen.	That teenager wouldn't buy this rough oxen.	-112.5	-112.5	-10.25	-10.25	False	False	morphology	determiner_noun_agreement	Write a natural, coherent English sentence.
654	25	Sheila wouldn't kiss that happy child.	Sheila wouldn't kiss those happy child.	-102.0	-102.0	-10.25	-10.1875	False	False	morphology	determiner_noun_agreement	Write a natural, coherent English sentence.
655	25	Erin drove to these out in the open oases.	Erin drove to this out in the open oases.	-122.5	-123.0	-10.25	-10.25	True	False	morphology	determiner_noun_agreement	Write a natural, coherent English sentence.
656	25	Every hat has embarrassed those hopeful people.	Every hat has embarrassed that hopeful people.	-91.5	-91.5	-10.1875	-10.1875	False	False	morphology	determiner_noun_agreement	Write a natural, coherent English sentence.
657	25	Every man is fleeing from that exposed oasis.	Every man is fleeing from those exposed oasis.	-112.0	-112.0	-10.1875	-10.1875	False	False	morphology	determiner_noun_agreement	Write a natural, coherent English sentence.
658	25	Some adults visit this ill man.	Some adults visit these ill man.	-72.0	-72.0	-10.3125	-10.3125	False	False	morphology	determiner_noun_agreement	Write a natural, coherent English sentence.
659	25	Janet did lift that good thesis.	Janet did lift those good thesis.	-82.0	-81.5	-10.25	-10.1875	False	False	morphology	determiner_noun_agreement	Write a natural, coherent English sentence.
660	25	Katherine was cleaning this orange tooth.	Katherine was cleaning these orange tooth.	-82.5	-82.5	-10.3125	-10.3125	False	False	morphology	determiner_noun_agreement	Write a natural, coherent English sentence.
661	25	A lot of tomatoes can't confuse these ill alumni.	A lot of tomatoes can't confuse this ill alumni.	-163.0	-163.0	-10.1875	-10.1875	False	False	morphology	determiner_noun_agreement	Write a natural, coherent English sentence.
662	25	Rose goes to those out in the open oases.	Rose goes to that out in the open oases.	-112.5	-113.0	-10.25	-10.25	True	False	morphology	determiner_noun_agreement	Write a natural, coherent English sentence.
663	25	These governments criticize those gray oases.	These governments criticize that gray oases.	-92.5	-92.5	-10.25	-10.25	False	False	morphology	determiner_noun_agreement	Write a natural, coherent English sentence.
664	25	Kevin forgot those delighted men.	Kevin forgot that delighted men.	-62.0	-62.0	-10.3125	-10.3125	False	False	morphology	determiner_noun_agreement	Write a natural, coherent English sentence.
665	25	Most companies describe that long analysis.	Most companies describe those long analysis.	-72.5	-72.5	-10.375	-10.375	False	False	morphology	determiner_noun_agreement	Write a natural, coherent English sentence.
666	25	Vincent was skated around this small oasis.	Vincent was skated around these small oasis.	-102.5	-102.5	-10.25	-10.25	False	False	morphology	determiner_noun_agreement	Write a natural, coherent English sentence.
667	25	Many guys arrive at these out in the open oases.	Many guys arrive at this out in the open oases.	-122.0	-122.0	-10.125	-10.125	False	False	morphology	determiner_noun_agreement	Write a natural, coherent English sentence.
668	25	Gregory hadn't revealed these lost fungi.	Gregory hadn't revealed this lost fungi.	-102.5	-102.5	-10.25	-10.25	False	False	morphology	determiner_noun_agreement	Write a natural, coherent English sentence.
669	25	The cake stuns this standing man.	The cake stuns these standing man.	-82.0	-82.0	-10.25	-10.25	False	False	morphology	determiner_noun_agreement	Write a natural, coherent English sentence.
670	25	Cheryl isn't irritating that clever man.	Cheryl isn't irritating those clever man.	-112.0	-112.0	-10.1875	-10.1875	False	False	morphology	determiner_noun_agreement	Write a natural, coherent English sentence.
671	25	Some cat bores those old children.	Some cat bores that old children.	-82.5	-82.0	-10.3125	-10.25	False	False	morphology	determiner_noun_agreement	Write a natural, coherent English sentence.
672	25	The actress knows that delighted child.	The actress knows those delighted child.	-72.0	-72.0	-10.3125	-10.3125	False	False	morphology	determiner_noun_agreement	Write a natural, coherent English sentence.
673	25	That actress had driven to these hidden oases.	That actress had driven to this hidden oases.	-102.5	-102.5	-10.25	-10.25	False	False	morphology	determiner_noun_agreement	Write a natural, coherent English sentence.
674	25	The Lutherans arrive at this cheap oasis.	The Lutherans arrive at these cheap oasis.	-101.5	-102.0	-10.125	-10.1875	True	True	morphology	determiner_noun_agreement	Write a natural, coherent English sentence.
675	25	Diane was kissing those lost women.	Diane was kissing that lost women.	-92.5	-92.5	-10.25	-10.25	False	False	morphology	determiner_noun_agreement	Write a natural, coherent English sentence.
676	25	Larry disturbs this employed woman.	Larry disturbs these employed woman.	-82.5	-82.5	-10.3125	-10.3125	False	False	morphology	determiner_noun_agreement	Write a natural, coherent English sentence.
677	25	Pies shock this upset woman.	Pies shock these upset woman.	-72.5	-73.0	-10.375	-10.375	True	False	morphology	determiner_noun_agreement	Write a natural, coherent English sentence.
678	25	Some waiters hug this content alumnus.	Some waiters hug these content alumnus.	-102.0	-102.0	-10.1875	-10.25	False	True	morphology	determiner_noun_agreement	Write a natural, coherent English sentence.
679	25	Anna talked to those unsure men.	Anna talked to that unsure men.	-82.5	-82.5	-10.3125	-10.3125	False	False	morphology	determiner_noun_agreement	Write a natural, coherent English sentence.
680	25	This school bores this determined man.	This school bores these determined man.	-82.0	-82.5	-10.25	-10.3125	True	True	morphology	determiner_noun_agreement	Write a natural, coherent English sentence.
681	25	Omar had thought about these unemployed men.	Omar had thought about this unemployed men.	-102.0	-102.0	-10.1875	-10.1875	False	False	morphology	determiner_noun_agreement	Write a natural, coherent English sentence.
682	25	Winston Churchill cleaned these big nuclei.	Winston Churchill cleaned this big nuclei.	-101.5	-101.5	-10.1875	-10.1875	False	False	morphology	determiner_noun_agreement	Write a natural, coherent English sentence.
683	25	These organizations aren't concealing that exposed child.	These organizations aren't concealing those exposed child.	-113.0	-113.0	-10.25	-10.25	False	False	morphology	determiner_noun_agreement	Write a natural, coherent English sentence.
684	25	Erin bought this concealed axis.	Erin bought these concealed axis.	-82.0	-82.0	-10.25	-10.25	False	False	morphology	determiner_noun_agreement	Write a natural, coherent English sentence.
685	25	Dan examines this long analysis.	Dan examines these long analysis.	-72.0	-72.0	-10.25	-10.25	False	False	morphology	determiner_noun_agreement	Write a natural, coherent English sentence.
686	25	These drivers concealed these gray oxen.	These drivers concealed this gray oxen.	-92.5	-92.5	-10.25	-10.25	False	False	morphology	determiner_noun_agreement	Write a natural, coherent English sentence.
687	25	All children impresses this happy man.	All children impresses these happy man.	-82.0	-82.0	-10.25	-10.25	False	False	morphology	determiner_noun_agreement	Write a natural, coherent English sentence.
688	25	People will conceal that concealed man.	People will conceal those concealed man.	-92.5	-92.5	-10.25	-10.25	False	False	morphology	determiner_noun_agreement	Write a natural, coherent English sentence.
689	25	Some patient returns to this old man.	Some patient returns to these old man.	-82.0	-82.0	-10.25	-10.25	False	False	morphology	determiner_noun_agreement	Write a natural, coherent English sentence.
690	25	Many actresses discovered those big oases.	Many actresses discovered that big oases.	-92.0	-92.0	-10.25	-10.1875	False	False	morphology	determiner_noun_agreement	Write a natural, coherent English sentence.
691	25	The school talks about those young alumni.	The school talks about that young alumni.	-102.0	-102.0	-10.1875	-10.1875	False	False	morphology	determiner_noun_agreement	Write a natural, coherent English sentence.
692	25	Omar admired these blue fungi.	Omar admired this blue fungi.	-92.5	-92.5	-10.25	-10.25	False	False	morphology	determiner_noun_agreement	Write a natural, coherent English sentence.
693	25	Some school can't hate these good people.	Some school can't hate this good people.	-103.5	-103.5	-10.375	-10.375	False	False	morphology	determiner_noun_agreement	Write a natural, coherent English sentence.
694	25	A lot of eggplants wouldn't disturb that determined woman.	A lot of eggplants wouldn't disturb those determined woman.	-143.0	-143.0	-10.1875	-10.1875	False	False	morphology	determiner_noun_agreement	Write a natural, coherent English sentence.
695	25	That cake could annoy these uncertain men.	That cake could annoy this uncertain men.	-82.5	-82.5	-10.3125	-10.3125	False	False	morphology	determiner_noun_agreement	Write a natural, coherent English sentence.
696	25	Lamps are worrying these hopeful alumni.	Lamps are worrying this hopeful alumni.	-112.0	-112.0	-10.1875	-10.1875	False	False	morphology	determiner_noun_agreement	Write a natural, coherent English sentence.
697	25	A lot of eggplants bore these excited alumni.	A lot of eggplants bore this excited alumni.	-133.0	-133.0	-10.1875	-10.1875	False	False	morphology	determiner_noun_agreement	Write a natural, coherent English sentence.
698	25	A lot of teachers arrived at these old oases.	A lot of teachers arrived at this old oases.	-112.0	-112.0	-10.1875	-10.1875	False	False	morphology	determiner_noun_agreement	Write a natural, coherent English sentence.
699	25	Most sweaters hurt those happy people.	Most sweaters hurt that happy people.	-82.0	-82.5	-10.25	-10.3125	True	True	morphology	determiner_noun_agreement	Write a natural, coherent English sentence.
700	25	Tara scans those good analyses.	Tara scans that good analyses.	-92.5	-93.0	-10.3125	-10.3125	True	False	morphology	determiner_noun_agreement	Write a natural, coherent English sentence.
701	25	The man doesn't reference this out in the open woman.	The man doesn't reference these out in the open woman.	-133.0	-133.0	-10.1875	-10.1875	False	False	morphology	determiner_noun_agreement	Write a natural, coherent English sentence.
702	25	This cashier is leaving this employed person.	This cashier is leaving these employed person.	-91.5	-92.0	-10.1875	-10.1875	True	False	morphology	determiner_noun_agreement	Write a natural, coherent English sentence.
703	25	Bananas bother these clever alumni.	Bananas bother this clever alumni.	-91.5	-91.0	-10.125	-10.125	False	False	morphology	determiner_noun_agreement	Write a natural, coherent English sentence.
704	25	Some convertibles had worried those fast men.	Some convertibles had worried that fast men.	-92.5	-92.5	-10.3125	-10.25	False	False	morphology	determiner_noun_agreement	Write a natural, coherent English sentence.
705	25	Carl bored those nice women.	Carl bored that nice women.	-62.0	-62.0	-10.375	-10.375	False	False	morphology	determiner_noun_agreement	Write a natural, coherent English sentence.
706	25	These teachers explore these old oases.	These teachers explore this old oases.	-82.5	-82.5	-10.3125	-10.3125	False	False	morphology	determiner_noun_agreement	Write a natural, coherent English sentence.
707	25	Many waiters work with this scared child.	Many waiters work with these scared child.	-92.5	-92.5	-10.3125	-10.3125	False	False	morphology	determiner_noun_agreement	Write a natural, coherent English sentence.
708	25	Committees admire that smart child.	Committees admire those smart child.	-92.0	-92.0	-10.25	-10.25	False	False	morphology	determiner_noun_agreement	Write a natural, coherent English sentence.
709	25	Matt approaches this exposed child.	Matt approaches these exposed child.	-62.25	-62.0	-10.375	-10.375	False	False	morphology	determiner_noun_agreement	Write a natural, coherent English sentence.
710	25	Brian talks to this lucky man.	Brian talks to these lucky man.	-72.0	-72.0	-10.3125	-10.3125	False	False	morphology	determiner_noun_agreement	Write a natural, coherent English sentence.
711	25	A boy isn't talking about that red oasis.	A boy isn't talking about those red oasis.	-123.0	-122.5	-10.25	-10.25	False	False	morphology	determiner_noun_agreement	Write a natural, coherent English sentence.
712	25	Phillip bought those black feet.	Phillip bought that black feet.	-71.5	-71.5	-10.1875	-10.25	False	True	morphology	determiner_noun_agreement	Write a natural, coherent English sentence.
713	25	Eric isn't buying those brown geese.	Eric isn't buying that brown geese.	-102.5	-103.0	-10.25	-10.25	True	False	morphology	determiner_noun_agreement	Write a natural, coherent English sentence.
714	25	Elaine remembers this delighted woman.	Elaine remembers these delighted woman.	-82.0	-82.0	-10.25	-10.25	False	False	morphology	determiner_noun_agreement	Write a natural, coherent English sentence.
715	25	This pedestrian arrives at that smooth oasis.	This pedestrian arrives at those smooth oasis.	-101.0	-101.0	-10.125	-10.125	False	False	morphology	determiner_noun_agreement	Write a natural, coherent English sentence.
716	25	Those men forget these smart men.	Those men forget this smart men.	-72.0	-72.0	-10.3125	-10.3125	False	False	morphology	determiner_noun_agreement	Write a natural, coherent English sentence.
717	25	Tara might alarm this unsure person.	Tara might alarm these unsure person.	-93.0	-93.0	-10.3125	-10.3125	False	False	morphology	determiner_noun_agreement	Write a natural, coherent English sentence.
718	25	Vanessa was healing those purple geese.	Vanessa was healing that purple geese.	-92.0	-92.0	-10.25	-10.25	False	False	morphology	determiner_noun_agreement	Write a natural, coherent English sentence.
719	25	Steven hasn't questioned those troubled people.	Steven hasn't questioned that troubled people.	-102.5	-103.0	-10.25	-10.25	True	False	morphology	determiner_noun_agreement	Write a natural, coherent English sentence.
720	25	Thomas hides this clever woman.	Thomas hides these clever woman.	-72.0	-72.0	-10.25	-10.25	False	False	morphology	determiner_noun_agreement	Write a natural, coherent English sentence.
721	25	Most eyes confuse these content alumni.	Most eyes confuse this content alumni.	-103.0	-103.0	-10.3125	-10.25	False	False	morphology	determiner_noun_agreement	Write a natural, coherent English sentence.
722	25	That dog aggravates this busy child.	That dog aggravates these busy child.	-91.5	-91.5	-10.1875	-10.125	False	False	morphology	determiner_noun_agreement	Write a natural, coherent English sentence.
723	25	Karen has attacked this popular child.	Karen has attacked these popular child.	-72.0	-72.0	-10.3125	-10.3125	False	False	morphology	determiner_noun_agreement	Write a natural, coherent English sentence.
724	25	Heidi might confuse those displeased men.	Heidi might confuse that displeased men.	-112.0	-112.5	-10.1875	-10.1875	True	False	morphology	determiner_noun_agreement	Write a natural, coherent English sentence.
725	25	Maria kisses this bad person.	Maria kisses these bad person.	-71.5	-71.5	-10.25	-10.25	False	False	morphology	determiner_noun_agreement	Write a natural, coherent English sentence.
726	25	Tanya passes this purple oasis.	Tanya passes these purple oasis.	-82.0	-82.0	-10.25	-10.25	False	False	morphology	determiner_noun_agreement	Write a natural, coherent English sentence.
727	25	Marla has respected those delighted alumni.	Marla has respected that delighted alumni.	-103.0	-103.0	-10.3125	-10.3125	False	False	morphology	determiner_noun_agreement	Write a natural, coherent English sentence.
728	25	Paula is investigating this employed alumnus.	Paula is investigating these employed alumnus.	-112.0	-112.0	-10.1875	-10.1875	False	False	morphology	determiner_noun_agreement	Write a natural, coherent English sentence.
729	25	Most chairs aren't disgusting those serious women.	Most chairs aren't disgusting that serious women.	-113.0	-112.5	-10.25	-10.25	False	False	morphology	determiner_noun_agreement	Write a natural, coherent English sentence.
730	25	Men hadn't run around this purple oasis.	Men hadn't run around these purple oasis.	-113.0	-113.0	-10.25	-10.25	False	False	morphology	determiner_noun_agreement	Write a natural, coherent English sentence.
731	25	Tina hadn't arrived at those green oases.	Tina hadn't arrived at that green oases.	-123.0	-123.0	-10.25	-10.25	False	False	morphology	determiner_noun_agreement	Write a natural, coherent English sentence.
732	25	Karla knew this busy alumnus.	Karla knew these busy alumnus.	-92.0	-92.0	-10.25	-10.1875	False	False	morphology	determiner_noun_agreement	Write a natural, coherent English sentence.
733	25	The actors care for these exposed people.	The actors care for this exposed people.	-82.5	-82.5	-10.3125	-10.3125	False	False	morphology	determiner_noun_agreement	Write a natural, coherent English sentence.
734	25	Michelle might alarm this employed man.	Michelle might alarm these employed man.	-72.5	-72.5	-10.375	-10.375	False	False	morphology	determiner_noun_agreement	Write a natural, coherent English sentence.
735	25	Maria hasn't walked through these hard oases.	Maria hasn't walked through this hard oases.	-112.5	-112.0	-10.1875	-10.1875	False	False	morphology	determiner_noun_agreement	Write a natural, coherent English sentence.
736	25	That report might disagree with those delighted men.	That report might disagree with that delighted men.	-92.0	-92.0	-10.1875	-10.25	False	True	morphology	determiner_noun_agreement	Write a natural, coherent English sentence.
737	25	Actresses discuss this popular person.	Actresses discuss these popular person.	-81.5	-81.5	-10.1875	-10.1875	False	False	morphology	determiner_noun_agreement	Write a natural, coherent English sentence.
738	25	Holly won't watch these unlucky men.	Holly won't watch this unlucky men.	-112.5	-112.5	-10.25	-10.25	False	False	morphology	determiner_noun_agreement	Write a natural, coherent English sentence.
739	25	Carl was driving to those blue oases.	Carl was driving to that blue oases.	-92.0	-92.0	-10.25	-10.25	False	False	morphology	determiner_noun_agreement	Write a natural, coherent English sentence.
740	25	Bill passes that rough oasis.	Bill passes those rough oasis.	-72.0	-72.0	-10.25	-10.25	False	False	morphology	determiner_noun_agreement	Write a natural, coherent English sentence.
741	25	All men praise this good thesis.	All men praise these good thesis.	-72.0	-72.0	-10.3125	-10.3125	False	False	morphology	determiner_noun_agreement	Write a natural, coherent English sentence.
742	25	Many doctors should escape from these hopeful women.	Many doctors should escape from this hopeful women.	-102.0	-102.0	-10.1875	-10.1875	False	False	morphology	determiner_noun_agreement	Write a natural, coherent English sentence.
743	25	Many girls find these nice men.	Many girls find this nice men.	-72.0	-72.0	-10.25	-10.3125	False	True	morphology	determiner_noun_agreement	Write a natural, coherent English sentence.
744	25	Every museum helps those concealed children.	Every museum helps that concealed children.	-82.0	-82.5	-10.25	-10.3125	True	True	morphology	determiner_noun_agreement	Write a natural, coherent English sentence.
745	25	Marla was distracting these determined people.	Marla was distracting this determined people.	-92.5	-92.5	-10.25	-10.3125	False	True	morphology	determiner_noun_agreement	Write a natural, coherent English sentence.
746	25	Those computers might confuse this nice child.	Those computers might confuse these nice child.	-92.5	-92.0	-10.25	-10.25	False	False	morphology	determiner_noun_agreement	Write a natural, coherent English sentence.
747	25	Tanya hasn't loved that content woman.	Tanya hasn't loved those content woman.	-103.0	-103.0	-10.3125	-10.3125	False	False	morphology	determiner_noun_agreement	Write a natural, coherent English sentence.
748	25	Theresa won't conceal those lost lice.	Theresa won't conceal that lost lice.	-123.0	-123.0	-10.25	-10.25	False	False	morphology	determiner_noun_agreement	Write a natural, coherent English sentence.
749	25	The Borgias do cure these out in the open octopi.	The Borgias do cure this out in the open octopi.	-154.0	-154.0	-10.25	-10.25	False	False	morphology	determiner_noun_agreement	Write a natural, coherent English sentence.
750	25	Kenneth messed up those lost teeth.	Kenneth messed up that lost teeth.	-91.5	-91.5	-10.125	-10.125	False	False	morphology	determiner_noun_agreement	Write a natural, coherent English sentence.
751	25	Jodi doesn't alarm these unsure people.	Jodi doesn't alarm this unsure people.	-113.0	-113.0	-10.25	-10.3125	False	True	morphology	determiner_noun_agreement	Write a natural, coherent English sentence.
752	25	This customer scans those good analyses.	This customer scans that good analyses.	-92.5	-92.5	-10.25	-10.25	False	False	morphology	determiner_noun_agreement	Write a natural, coherent English sentence.
753	25	Vincent can't watch this hopeful alumnus.	Vincent can't watch these hopeful alumnus.	-122.5	-122.5	-10.1875	-10.1875	False	False	morphology	determiner_noun_agreement	Write a natural, coherent English sentence.
754	25	Jodi talked to this unconvinced child.	Jodi talked to these unconvinced child.	-113.0	-113.0	-10.25	-10.25	False	False	morphology	determiner_noun_agreement	Write a natural, coherent English sentence.
755	25	Katherine exited these exposed oases.	Katherine exited this exposed oases.	-92.5	-92.5	-10.25	-10.25	False	False	morphology	determiner_noun_agreement	Write a natural, coherent English sentence.
756	25	Beverly hasn't brought these rough fungi.	Beverly hasn't brought this rough fungi.	-112.5	-112.5	-10.1875	-10.25	False	True	morphology	determiner_noun_agreement	Write a natural, coherent English sentence.
757	25	That unicycle is boring those standing children.	That unicycle is boring that standing children.	-102.0	-102.0	-10.1875	-10.1875	False	False	morphology	determiner_noun_agreement	Write a natural, coherent English sentence.
758	25	That boy can't escape from those unsure children.	That boy can't escape from that unsure children.	-123.0	-123.0	-10.25	-10.25	False	False	morphology	determiner_noun_agreement	Write a natural, coherent English sentence.
759	25	An adult bought these black axes.	An adult bought this black axes.	-82.0	-82.0	-10.25	-10.25	False	False	morphology	determiner_noun_agreement	Write a natural, coherent English sentence.
760	25	Sara isn't kissing this nice woman.	Sara isn't kissing these nice woman.	-102.0	-102.0	-10.1875	-10.25	False	True	morphology	determiner_noun_agreement	Write a natural, coherent English sentence.
761	25	Robert couldn't embarrass those scared people.	Robert couldn't embarrass that scared people.	-92.5	-92.5	-10.3125	-10.3125	False	False	morphology	determiner_noun_agreement	Write a natural, coherent English sentence.
762	25	Deborah had fled from that important woman.	Deborah had fled from those important woman.	-102.0	-102.0	-10.1875	-10.25	False	True	morphology	determiner_noun_agreement	Write a natural, coherent English sentence.
763	25	Brenda discussed that serious woman.	Brenda discussed those serious woman.	-72.0	-72.0	-10.3125	-10.3125	False	False	morphology	determiner_noun_agreement	Write a natural, coherent English sentence.
764	25	Some women questioned that big woman.	Some women questioned those big woman.	-72.0	-72.0	-10.3125	-10.3125	False	False	morphology	determiner_noun_agreement	Write a natural, coherent English sentence.
765	25	Rodney didn't kiss those displeased women.	Rodney didn't kiss that displeased women.	-121.5	-121.5	-10.125	-10.125	False	False	morphology	determiner_noun_agreement	Write a natural, coherent English sentence.
766	25	Carrie can help those lost alumni.	Carrie can help that lost alumni.	-101.5	-101.5	-10.125	-10.1875	False	True	morphology	determiner_noun_agreement	Write a natural, coherent English sentence.
767	25	Many guests approach this lucky man.	Many guests approach these lucky man.	-71.5	-71.5	-10.1875	-10.25	False	True	morphology	determiner_noun_agreement	Write a natural, coherent English sentence.
768	25	Some student messes up that hard foot.	Some student messes up those hard foot.	-92.0	-92.0	-10.1875	-10.1875	False	False	morphology	determiner_noun_agreement	Write a natural, coherent English sentence.
769	25	Some men had skated around these hard oases.	Some men had skated around this hard oases.	-113.0	-113.0	-10.3125	-10.3125	False	False	morphology	determiner_noun_agreement	Write a natural, coherent English sentence.
770	25	Some light would annoy those happy alumni.	Some light would annoy that happy alumni.	-102.5	-103.0	-10.25	-10.25	True	False	morphology	determiner_noun_agreement	Write a natural, coherent English sentence.
771	25	Many casseroles shock these unconvinced men.	Many casseroles shock this unconvinced men.	-122.0	-122.0	-10.1875	-10.1875	False	False	morphology	determiner_noun_agreement	Write a natural, coherent English sentence.
772	25	Carl talks about those confident children.	Carl talks about that confident children.	-72.0	-72.0	-10.25	-10.25	False	False	morphology	determiner_noun_agreement	Write a natural, coherent English sentence.
773	25	Timothy was dropping by those new oases.	Timothy was dropping by that new oases.	-102.0	-102.0	-10.1875	-10.1875	False	False	morphology	determiner_noun_agreement	Write a natural, coherent English sentence.
774	25	Lori has approached these scared people.	Lori has approached this scared people.	-82.5	-83.0	-10.3125	-10.375	True	True	morphology	determiner_noun_agreement	Write a natural, coherent English sentence.
775	25	Jodi wouldn't mess up those orange feet.	Jodi wouldn't mess up that orange feet.	-113.0	-113.0	-10.25	-10.25	False	False	morphology	determiner_noun_agreement	Write a natural, coherent English sentence.
776	25	This newspaper article will embarrass this determined child.	This newspaper article will embarrass these determined child.	-92.0	-92.0	-10.1875	-10.25	False	True	morphology	determiner_noun_agreement	Write a natural, coherent English sentence.
777	25	A lot of guys conceal this long analysis.	A lot of guys conceal these long analysis.	-102.5	-102.5	-10.25	-10.25	False	False	morphology	determiner_noun_agreement	Write a natural, coherent English sentence.
778	25	Lawrence fired that serious woman.	Lawrence fired those serious woman.	-62.25	-62.5	-10.375	-10.375	True	False	morphology	determiner_noun_agreement	Write a natural, coherent English sentence.
779	25	This story didn't bore this serious man.	This story didn't bore these serious man.	-102.5	-103.0	-10.25	-10.25	True	False	morphology	determiner_noun_agreement	Write a natural, coherent English sentence.
780	25	Mary can't remember that clever person.	Mary can't remember those clever person.	-92.0	-92.0	-10.25	-10.25	False	False	morphology	determiner_noun_agreement	Write a natural, coherent English sentence.
781	25	Marie could listen to that big woman.	Marie could listen to those big woman.	-82.0	-82.0	-10.25	-10.25	False	False	morphology	determiner_noun_agreement	Write a natural, coherent English sentence.
782	25	Clyde had those exposed axes.	Clyde had that exposed axes.	-92.5	-92.5	-10.3125	-10.3125	False	False	morphology	determiner_noun_agreement	Write a natural, coherent English sentence.
783	25	Victoria has left these delighted men.	Victoria has left this delighted men.	-72.0	-72.0	-10.3125	-10.3125	False	False	morphology	determiner_noun_agreement	Write a natural, coherent English sentence.
784	25	The Impressionists disagree with those bad analyses.	The Impressionists disagree with that bad analyses.	-111.0	-111.0	-10.0625	-10.125	False	True	morphology	determiner_noun_agreement	Write a natural, coherent English sentence.
785	25	Amy took that hidden fungus.	Amy took those hidden fungus.	-82.5	-82.5	-10.3125	-10.3125	False	False	morphology	determiner_noun_agreement	Write a natural, coherent English sentence.
786	25	Rose was fixing this hard foot.	Rose was fixing these hard foot.	-72.0	-72.0	-10.3125	-10.3125	False	False	morphology	determiner_noun_agreement	Write a natural, coherent English sentence.
787	25	Most dishes weren't astounding these scared men.	Most dishes weren't astounding this scared men.	-122.5	-123.0	-10.25	-10.25	True	False	morphology	determiner_noun_agreement	Write a natural, coherent English sentence.
788	25	The doctor sees those smooth cacti.	The doctor sees that smooth cacti.	-92.5	-92.5	-10.25	-10.25	False	False	morphology	determiner_noun_agreement	Write a natural, coherent English sentence.
789	25	Rodney hadn't cured these white octopi.	Rodney hadn't cured this white octopi.	-132.0	-132.0	-10.1875	-10.1875	False	False	morphology	determiner_noun_agreement	Write a natural, coherent English sentence.
790	25	This museum hadn't disgusted these troubled men.	This museum hadn't disgusted this troubled men.	-122.5	-123.0	-10.25	-10.25	True	False	morphology	determiner_noun_agreement	Write a natural, coherent English sentence.
791	25	Patrick complained about those scared men.	Patrick complained about that scared men.	-72.0	-72.0	-10.25	-10.25	False	False	morphology	determiner_noun_agreement	Write a natural, coherent English sentence.
792	25	Jacqueline should stun these determined alumni.	Jacqueline should stun this determined alumni.	-122.5	-122.5	-10.25	-10.25	False	False	morphology	determiner_noun_agreement	Write a natural, coherent English sentence.
793	25	All apples worry this serious man.	All apples worry these serious man.	-82.0	-82.0	-10.25	-10.25	False	False	morphology	determiner_noun_agreement	Write a natural, coherent English sentence.
794	25	The drawing isn't scaring that old child.	The drawing isn't scaring those old child.	-113.0	-113.0	-10.25	-10.25	False	False	morphology	determiner_noun_agreement	Write a natural, coherent English sentence.
795	25	Veronica questioned this uncertain woman.	Veronica questioned these uncertain woman.	-81.5	-81.5	-10.1875	-10.1875	False	False	morphology	determiner_noun_agreement	Write a natural, coherent English sentence.
796	25	Vanessa hadn't known this determined alumnus.	Vanessa hadn't known these determined alumnus.	-122.0	-122.0	-10.125	-10.1875	False	True	morphology	determiner_noun_agreement	Write a natural, coherent English sentence.
797	25	Cynthia hadn't kissed this unemployed man.	Cynthia hadn't kissed these unemployed man.	-132.0	-132.0	-10.1875	-10.1875	False	False	morphology	determiner_noun_agreement	Write a natural, coherent English sentence.
798	25	These companies irritate that exposed woman.	These companies irritate those exposed woman.	-82.5	-82.0	-10.3125	-10.25	False	False	morphology	determiner_noun_agreement	Write a natural, coherent English sentence.
799	25	This dancer wasn't biking to this orange oasis.	This dancer wasn't biking to these orange oasis.	-143.0	-143.0	-10.25	-10.25	False	False	morphology	determiner_noun_agreement	Write a natural, coherent English sentence.
800	25	Those legislatures could disturb this upset alumnus.	Those legislatures could disturb these upset alumnus.	-112.5	-112.5	-10.1875	-10.25	False	True	morphology	determiner_noun_agreement	Write a natural, coherent English sentence.
801	25	Some adult hasn't hidden these ill men.	Some adult hasn't hidden this ill men.	-103.0	-103.0	-10.3125	-10.3125	False	False	morphology	determiner_noun_agreement	Write a natural, coherent English sentence.
802	25	A cashier should insult these hidden children.	A cashier should insult this hidden children.	-92.5	-92.5	-10.25	-10.3125	False	True	morphology	determiner_noun_agreement	Write a natural, coherent English sentence.
803	25	Danielle could annoy that confident man.	Danielle could annoy those confident man.	-82.0	-82.0	-10.25	-10.25	False	False	morphology	determiner_noun_agreement	Write a natural, coherent English sentence.
804	25	These teachers lift this exposed goose.	These teachers lift these exposed goose.	-82.0	-82.5	-10.25	-10.3125	True	True	morphology	determiner_noun_agreement	Write a natural, coherent English sentence.
805	25	Christina drove to that exposed oasis.	Christina drove to those exposed oasis.	-91.5	-91.5	-10.1875	-10.1875	False	False	morphology	determiner_noun_agreement	Write a natural, coherent English sentence.
806	25	Jesus hadn't sounded like these hidden people.	Jesus hadn't sounded like this hidden people.	-102.5	-102.5	-10.25	-10.25	False	False	morphology	determiner_noun_agreement	Write a natural, coherent English sentence.
807	25	Many mushrooms irritate that upset man.	Many mushrooms irritate those upset man.	-91.0	-91.0	-10.125	-10.125	False	False	morphology	determiner_noun_agreement	Write a natural, coherent English sentence.
808	25	Some committee bought those white lice.	Some committee bought that white lice.	-82.0	-82.0	-10.25	-10.25	False	False	morphology	determiner_noun_agreement	Write a natural, coherent English sentence.
809	25	Daniel hasn't known this determined man.	Daniel hasn't known these determined man.	-92.5	-92.5	-10.25	-10.25	False	False	morphology	determiner_noun_agreement	Write a natural, coherent English sentence.
810	25	Art hadn't scared these serious alumni.	Art hadn't scared this serious alumni.	-112.5	-113.0	-10.25	-10.25	True	False	morphology	determiner_noun_agreement	Write a natural, coherent English sentence.
811	25	Alice fires this unconvinced child.	Alice fires these unconvinced child.	-92.0	-92.0	-10.25	-10.25	False	False	morphology	determiner_noun_agreement	Write a natural, coherent English sentence.
812	25	Melanie hid that exposed tooth.	Melanie hid those exposed tooth.	-71.5	-71.5	-10.1875	-10.1875	False	False	morphology	determiner_noun_agreement	Write a natural, coherent English sentence.
813	25	Most hamsters find that red tooth.	Most hamsters find those red tooth.	-82.0	-82.0	-10.25	-10.25	False	False	morphology	determiner_noun_agreement	Write a natural, coherent English sentence.
814	25	Those children explore those small oases.	Those children explore that small oases.	-82.0	-82.0	-10.25	-10.25	False	False	morphology	determiner_noun_agreement	Write a natural, coherent English sentence.
815	25	Most museums listen to this troubled man.	Most museums listen to these troubled man.	-101.5	-101.5	-10.125	-10.1875	False	True	morphology	determiner_noun_agreement	Write a natural, coherent English sentence.
816	25	Patrick embarrassed this unemployed person.	Patrick embarrassed these unemployed person.	-71.0	-71.0	-10.1875	-10.1875	False	False	morphology	determiner_noun_agreement	Write a natural, coherent English sentence.
817	25	A lot of icicles had alarmed that hidden woman.	A lot of icicles had alarmed those hidden woman.	-123.0	-123.0	-10.25	-10.25	False	False	morphology	determiner_noun_agreement	Write a natural, coherent English sentence.
818	25	Matt hadn't impressed this exposed child.	Matt hadn't impressed these exposed child.	-93.0	-93.0	-10.375	-10.3125	False	False	morphology	determiner_noun_agreement	Write a natural, coherent English sentence.
819	25	Eric might see those new feet.	Eric might see that new feet.	-72.5	-72.5	-10.3125	-10.375	False	True	morphology	determiner_noun_agreement	Write a natural, coherent English sentence.
820	25	Some turtle can confuse this old alumnus.	Some turtle can confuse these old alumnus.	-132.0	-132.0	-10.1875	-10.1875	False	False	morphology	determiner_noun_agreement	Write a natural, coherent English sentence.
821	25	Most guests explore these smooth oases.	Most guests explore this smooth oases.	-82.5	-82.5	-10.3125	-10.3125	False	False	morphology	determiner_noun_agreement	Write a natural, coherent English sentence.
822	25	Brian has praised that happy alumnus.	Brian has praised those happy alumnus.	-92.5	-92.5	-10.3125	-10.25	False	False	morphology	determiner_noun_agreement	Write a natural, coherent English sentence.
823	25	Karen sees these ill lice.	Karen sees this ill lice.	-72.5	-72.5	-10.3125	-10.375	False	True	morphology	determiner_noun_agreement	Write a natural, coherent English sentence.
824	25	Alicia doesn't observe this confident alumnus.	Alicia doesn't observe these confident alumnus.	-133.0	-133.0	-10.1875	-10.1875	False	False	morphology	determiner_noun_agreement	Write a natural, coherent English sentence.
825	25	That horse does find this lost octopus.	That horse does find these lost octopus.	-102.0	-102.0	-10.25	-10.1875	False	False	morphology	determiner_noun_agreement	Write a natural, coherent English sentence.
826	25	Those customers haven't annoyed those delighted children.	Those customers haven't annoyed that delighted children.	-112.0	-112.0	-10.1875	-10.1875	False	False	morphology	determiner_noun_agreement	Write a natural, coherent English sentence.
827	25	The Great Lakes confused these hidden women.	The Great Lakes confused this hidden women.	-93.0	-93.0	-10.3125	-10.3125	False	False	morphology	determiner_noun_agreement	Write a natural, coherent English sentence.
828	25	Russell watches these unsure women.	Russell watches this unsure women.	-72.0	-72.0	-10.3125	-10.3125	False	False	morphology	determiner_noun_agreement	Write a natural, coherent English sentence.
829	25	Jacqueline has concealed these long synopses.	Jacqueline has concealed this long synopses.	-122.0	-122.0	-10.1875	-10.1875	False	False	morphology	determiner_noun_agreement	Write a natural, coherent English sentence.
830	25	Carrie isn't hiring this small woman.	Carrie isn't hiring these small woman.	-102.5	-102.5	-10.25	-10.25	False	False	morphology	determiner_noun_agreement	Write a natural, coherent English sentence.
831	25	Charles doesn't admire these big mice.	Charles doesn't admire this big mice.	-112.5	-113.0	-10.25	-10.25	True	False	morphology	determiner_noun_agreement	Write a natural, coherent English sentence.
832	25	The Impressionists might think about that white thesis.	The Impressionists might think about those white thesis.	-111.5	-111.5	-10.125	-10.125	False	False	morphology	determiner_noun_agreement	Write a natural, coherent English sentence.
833	25	Most men question those bad people.	Most men question that bad people.	-72.5	-73.0	-10.375	-10.375	True	False	morphology	determiner_noun_agreement	Write a natural, coherent English sentence.
834	25	Lissa hasn't left this upset woman.	Lissa hasn't left these upset woman.	-102.5	-102.5	-10.25	-10.25	False	False	morphology	determiner_noun_agreement	Write a natural, coherent English sentence.
835	25	Janice won't fire that determined child.	Janice won't fire those determined child.	-103.0	-103.0	-10.3125	-10.25	False	False	morphology	determiner_noun_agreement	Write a natural, coherent English sentence.
836	25	This company criticized this lucky man.	This company criticized these lucky man.	-82.0	-82.0	-10.25	-10.25	False	False	morphology	determiner_noun_agreement	Write a natural, coherent English sentence.
837	25	The banks hurt that excited woman.	The banks hurt those excited woman.	-72.0	-72.5	-10.3125	-10.3125	True	False	morphology	determiner_noun_agreement	Write a natural, coherent English sentence.
838	25	Peter wasn't walking through those red oases.	Peter wasn't walking through that red oases.	-112.5	-112.5	-10.25	-10.25	False	False	morphology	determiner_noun_agreement	Write a natural, coherent English sentence.
839	25	Rebecca wasn't referencing this long synopsis.	Rebecca wasn't referencing these long synopsis.	-112.0	-112.0	-10.1875	-10.1875	False	False	morphology	determiner_noun_agreement	Write a natural, coherent English sentence.
840	25	Naomi notices this smooth octopus.	Naomi notices these smooth octopus.	-101.0	-101.0	-10.125	-10.125	False	False	morphology	determiner_noun_agreement	Write a natural, coherent English sentence.
841	25	Patrick conceals this hard stimulus.	Patrick conceals these hard stimulus.	-82.5	-82.0	-10.3125	-10.25	False	False	morphology	determiner_noun_agreement	Write a natural, coherent English sentence.
842	25	Candice shouldn't bring those smooth feet.	Candice shouldn't bring that smooth feet.	-102.0	-102.5	-10.25	-10.25	True	False	morphology	determiner_noun_agreement	Write a natural, coherent English sentence.
843	25	All books sound like those content women.	All books sound like that content women.	-82.5	-82.0	-10.3125	-10.25	False	False	morphology	determiner_noun_agreement	Write a natural, coherent English sentence.
844	25	Bethany hasn't arrived at this white oasis.	Bethany hasn't arrived at these white oasis.	-121.5	-121.5	-10.125	-10.125	False	False	morphology	determiner_noun_agreement	Write a natural, coherent English sentence.
845	25	Steve reveals these unemployed alumni.	Steve reveals this unemployed alumni.	-92.0	-91.5	-10.1875	-10.1875	False	False	morphology	determiner_noun_agreement	Write a natural, coherent English sentence.
846	25	Sonia was upsetting that ill woman.	Sonia was upsetting those ill woman.	-92.0	-92.0	-10.1875	-10.1875	False	False	morphology	determiner_noun_agreement	Write a natural, coherent English sentence.
847	25	Keith wasn't boring these delighted men.	Keith wasn't boring this delighted men.	-93.0	-93.0	-10.3125	-10.375	False	True	morphology	determiner_noun_agreement	Write a natural, coherent English sentence.
848	25	The Borgias admire these hard mice.	The Borgias admire this hard mice.	-113.0	-113.0	-10.25	-10.3125	False	True	morphology	determiner_noun_agreement	Write a natural, coherent English sentence.
849	25	These drivers had forgotten this good analysis.	These drivers had forgotten these good analysis.	-82.5	-82.5	-10.3125	-10.3125	False	False	morphology	determiner_noun_agreement	Write a natural, coherent English sentence.
850	25	Helen skates around this blue oasis.	Helen skates around these blue oasis.	-92.0	-92.0	-10.1875	-10.1875	False	False	morphology	determiner_noun_agreement	Write a natural, coherent English sentence.
851	25	Galileo found that smooth stimulus.	Galileo found those smooth stimulus.	-91.0	-91.5	-10.125	-10.1875	True	True	morphology	determiner_noun_agreement	Write a natural, coherent English sentence.
852	25	Kimberley isn't curing these small octopi.	Kimberley isn't curing this small octopi.	-142.0	-142.0	-10.1875	-10.1875	False	False	morphology	determiner_noun_agreement	Write a natural, coherent English sentence.
853	25	Debra didn't conceal these popular men.	Debra didn't conceal this popular men.	-113.0	-113.0	-10.25	-10.25	False	False	morphology	determiner_noun_agreement	Write a natural, coherent English sentence.
854	25	A lot of doctors hug these scared children.	A lot of doctors hug this scared children.	-91.5	-92.0	-10.1875	-10.1875	True	False	morphology	determiner_noun_agreement	Write a natural, coherent English sentence.
855	25	Those pedestrians weren't fleeing from these concealed men.	Those pedestrians weren't fleeing from this concealed men.	-153.0	-153.0	-10.1875	-10.1875	False	False	morphology	determiner_noun_agreement	Write a natural, coherent English sentence.
856	25	Those children find that exposed thesis.	Those children find those exposed thesis.	-72.0	-72.0	-10.25	-10.25	False	False	morphology	determiner_noun_agreement	Write a natural, coherent English sentence.
857	25	Debra admires these blue octopi.	Debra admires this blue octopi.	-102.0	-102.0	-10.1875	-10.1875	False	False	morphology	determiner_noun_agreement	Write a natural, coherent English sentence.
858	25	Bruce wasn't approaching that clever alumnus.	Bruce wasn't approaching those clever alumnus.	-112.5	-112.5	-10.25	-10.25	False	False	morphology	determiner_noun_agreement	Write a natural, coherent English sentence.
859	25	Lawrence isn't questioning that nice woman.	Lawrence isn't questioning those nice woman.	-93.0	-93.0	-10.3125	-10.3125	False	False	morphology	determiner_noun_agreement	Write a natural, coherent English sentence.
860	25	Some waitresses have this big octopus.	Some waitresses have these big octopus.	-111.0	-111.0	-10.0625	-10.0625	False	False	morphology	determiner_noun_agreement	Write a natural, coherent English sentence.
861	25	Carolyn had embarrassed that busy alumnus.	Carolyn had embarrassed those busy alumnus.	-102.0	-102.0	-10.1875	-10.1875	False	False	morphology	determiner_noun_agreement	Write a natural, coherent English sentence.
862	25	Jeffrey aggravated that smart man.	Jeffrey aggravated those smart man.	-91.0	-90.5	-10.125	-10.0625	False	False	morphology	determiner_noun_agreement	Write a natural, coherent English sentence.
863	25	Guy messed up this yellow foot.	Guy messed up these yellow foot.	-81.0	-81.0	-10.125	-10.125	False	False	morphology	determiner_noun_agreement	Write a natural, coherent English sentence.
864	25	Every book is embarrassing this small woman.	Every book is embarrassing these small woman.	-92.0	-92.0	-10.25	-10.25	False	False	morphology	determiner_noun_agreement	Write a natural, coherent English sentence.
865	25	These associations were talking about these scared women.	These associations were talking about this scared women.	-92.0	-92.0	-10.25	-10.25	False	False	morphology	determiner_noun_agreement	Write a natural, coherent English sentence.
866	25	Todd disturbs this upset child.	Todd disturbs these upset child.	-82.0	-82.0	-10.25	-10.25	False	False	morphology	determiner_noun_agreement	Write a natural, coherent English sentence.
867	25	That window alarms these exposed women.	That window alarms this exposed women.	-82.5	-82.5	-10.3125	-10.3125	False	False	morphology	determiner_noun_agreement	Write a natural, coherent English sentence.
868	25	A window upsets these upset men.	A window upsets this upset men.	-82.0	-82.5	-10.25	-10.3125	True	True	morphology	determiner_noun_agreement	Write a natural, coherent English sentence.
869	25	Monet is fixing that brown foot.	Monet is fixing those brown foot.	-82.0	-82.0	-10.25	-10.25	False	False	morphology	determiner_noun_agreement	Write a natural, coherent English sentence.
870	25	Adam left these big alumni.	Adam left this big alumni.	-82.0	-82.0	-10.25	-10.25	False	False	morphology	determiner_noun_agreement	Write a natural, coherent English sentence.
871	25	Stacy can exit that big oasis.	Stacy can exit those big oasis.	-92.5	-92.5	-10.25	-10.25	False	False	morphology	determiner_noun_agreement	Write a natural, coherent English sentence.
872	25	Roger was returning to those happy alumni.	Roger was returning to that happy alumni.	-102.0	-102.0	-10.1875	-10.1875	False	False	morphology	determiner_noun_agreement	Write a natural, coherent English sentence.
873	25	Dana isn't investigating this ill woman.	Dana isn't investigating these ill woman.	-112.5	-112.5	-10.1875	-10.25	False	True	morphology	determiner_noun_agreement	Write a natural, coherent English sentence.
874	25	Tammy has those yellow axes.	Tammy has that yellow axes.	-81.5	-81.5	-10.1875	-10.1875	False	False	morphology	determiner_noun_agreement	Write a natural, coherent English sentence.
875	25	Marla leaves those employed children.	Marla leaves that employed children.	-72.5	-72.0	-10.3125	-10.3125	False	False	morphology	determiner_noun_agreement	Write a natural, coherent English sentence.
876	25	Sarah referenced that ill child.	Sarah referenced those ill child.	-71.5	-71.5	-10.25	-10.1875	False	False	morphology	determiner_noun_agreement	Write a natural, coherent English sentence.
877	25	Edward complained about this serious child.	Edward complained about these serious child.	-71.5	-71.5	-10.25	-10.25	False	False	morphology	determiner_noun_agreement	Write a natural, coherent English sentence.
878	25	Carolyn healed those bad women.	Carolyn healed that bad women.	-82.0	-82.0	-10.25	-10.25	False	False	morphology	determiner_noun_agreement	Write a natural, coherent English sentence.
879	25	The waitresses fired those upset alumni.	The waitresses fired that upset alumni.	-111.5	-111.5	-10.125	-10.125	False	False	morphology	determiner_noun_agreement	Write a natural, coherent English sentence.
880	25	Every driver dropped by that old oasis.	Every driver dropped by those old oasis.	-92.0	-92.0	-10.25	-10.25	False	False	morphology	determiner_noun_agreement	Write a natural, coherent English sentence.
881	25	William hadn't hugged these hopeful alumni.	William hadn't hugged this hopeful alumni.	-132.0	-132.0	-10.1875	-10.1875	False	False	morphology	determiner_noun_agreement	Write a natural, coherent English sentence.
882	25	The Lutherans had messed up those lost feet.	The Lutherans had messed up that lost feet.	-112.0	-112.5	-10.1875	-10.1875	True	False	morphology	determiner_noun_agreement	Write a natural, coherent English sentence.
883	25	Florence hasn't confused those standing men.	Florence hasn't confused that standing men.	-92.5	-93.0	-10.3125	-10.3125	True	False	morphology	determiner_noun_agreement	Write a natural, coherent English sentence.
884	25	Some convertible upset this upset woman.	Some convertible upset these upset woman.	-82.0	-82.0	-10.25	-10.25	False	False	morphology	determiner_noun_agreement	Write a natural, coherent English sentence.
885	25	Rebecca saw this hidden foot.	Rebecca saw these hidden foot.	-62.0	-61.75	-10.3125	-10.3125	False	False	morphology	determiner_noun_agreement	Write a natural, coherent English sentence.
886	25	Derek returned to these content men.	Derek returned to this content men.	-82.5	-82.5	-10.3125	-10.3125	False	False	morphology	determiner_noun_agreement	Write a natural, coherent English sentence.
887	25	Those teachers love those hidden women.	Those teachers love that hidden women.	-72.5	-72.5	-10.3125	-10.375	False	True	morphology	determiner_noun_agreement	Write a natural, coherent English sentence.
888	25	Jennifer worried those ill men.	Jennifer worried that ill men.	-62.0	-62.0	-10.3125	-10.3125	False	False	morphology	determiner_noun_agreement	Write a natural, coherent English sentence.
889	25	A chair was stunning this big man.	A chair was stunning these big man.	-82.5	-82.5	-10.3125	-10.3125	False	False	morphology	determiner_noun_agreement	Write a natural, coherent English sentence.
890	25	Paintings looked like that gray thesis.	Paintings looked like those gray thesis.	-92.5	-92.5	-10.25	-10.25	False	False	morphology	determiner_noun_agreement	Write a natural, coherent English sentence.
891	25	Karla toured this rough oasis.	Karla toured these rough oasis.	-92.5	-92.5	-10.25	-10.25	False	False	morphology	determiner_noun_agreement	Write a natural, coherent English sentence.
892	25	Walter couldn't boycott those hidden oases.	Walter couldn't boycott that hidden oases.	-113.0	-113.0	-10.25	-10.25	False	False	morphology	determiner_noun_agreement	Write a natural, coherent English sentence.
893	25	Donald has worried this smart man.	Donald has worried these smart man.	-72.0	-72.0	-10.3125	-10.3125	False	False	morphology	determiner_noun_agreement	Write a natural, coherent English sentence.
894	25	Catherine has boycotted those gray oases.	Catherine has boycotted that gray oases.	-103.0	-103.0	-10.3125	-10.3125	False	False	morphology	determiner_noun_agreement	Write a natural, coherent English sentence.
895	25	Nicole toured those yellow oases.	Nicole toured that yellow oases.	-82.5	-82.5	-10.3125	-10.3125	False	False	morphology	determiner_noun_agreement	Write a natural, coherent English sentence.
896	25	Barbara praises that young woman.	Barbara praises those young woman.	-72.0	-72.0	-10.25	-10.3125	False	True	morphology	determiner_noun_agreement	Write a natural, coherent English sentence.
897	25	The apple aggravates those hopeful children.	The apple aggravates that hopeful children.	-101.0	-101.0	-10.125	-10.125	False	False	morphology	determiner_noun_agreement	Write a natural, coherent English sentence.
898	25	All photographs could look like this big fungus.	All photographs could look like these big fungus.	-112.5	-112.5	-10.25	-10.25	False	False	morphology	determiner_noun_agreement	Write a natural, coherent English sentence.
899	25	Guys should talk about that good synopsis.	Guys should talk about those good synopsis.	-102.0	-101.5	-10.1875	-10.1875	False	False	morphology	determiner_noun_agreement	Write a natural, coherent English sentence.
900	25	Tracy discovered this concealed alumnus.	Tracy discovered these concealed alumnus.	-102.0	-102.0	-10.1875	-10.1875	False	False	morphology	determiner_noun_agreement	Write a natural, coherent English sentence.
901	25	All actresses are helping this troubled man.	All actresses are helping these troubled man.	-101.0	-101.0	-10.125	-10.125	False	False	morphology	determiner_noun_agreement	Write a natural, coherent English sentence.
902	25	Douglas isn't revealing this dirty foot.	Douglas isn't revealing these dirty foot.	-93.0	-93.0	-10.3125	-10.3125	False	False	morphology	determiner_noun_agreement	Write a natural, coherent English sentence.
903	25	Most senators confuse that standing child.	Most senators confuse those standing child.	-93.0	-92.5	-10.3125	-10.25	False	False	morphology	determiner_noun_agreement	Write a natural, coherent English sentence.
904	25	Those doctors embarrass that upset woman.	Those doctors embarrass those upset woman.	-72.0	-72.5	-10.3125	-10.3125	True	False	morphology	determiner_noun_agreement	Write a natural, coherent English sentence.
905	25	A lot of customers were healing those sick men.	A lot of customers were healing that sick men.	-102.0	-102.5	-10.25	-10.25	True	False	morphology	determiner_noun_agreement	Write a natural, coherent English sentence.
906	25	Sabrina does conceal these old alumni.	Sabrina does conceal this old alumni.	-122.5	-122.5	-10.1875	-10.25	False	True	morphology	determiner_noun_agreement	Write a natural, coherent English sentence.
907	25	Many girls can't observe those young alumni.	Many girls can't observe that young alumni.	-123.5	-123.5	-10.3125	-10.3125	False	False	morphology	determiner_noun_agreement	Write a natural, coherent English sentence.
908	25	The actresses hire that lucky man.	The actresses hire those lucky man.	-82.0	-82.0	-10.25	-10.25	False	False	morphology	determiner_noun_agreement	Write a natural, coherent English sentence.
909	25	Andrea is firing that scared child.	Andrea is firing those scared child.	-72.0	-72.0	-10.25	-10.3125	False	True	morphology	determiner_noun_agreement	Write a natural, coherent English sentence.
910	25	That dancer scanned that bad synopsis.	That dancer scanned those bad synopsis.	-102.5	-102.5	-10.25	-10.25	False	False	morphology	determiner_noun_agreement	Write a natural, coherent English sentence.
911	25	Daniel breaks these dirty teeth.	Daniel breaks this dirty teeth.	-61.5	-61.75	-10.25	-10.3125	True	True	morphology	determiner_noun_agreement	Write a natural, coherent English sentence.
912	25	Students had messed up those purple teeth.	Students had messed up that purple teeth.	-92.0	-92.0	-10.25	-10.25	False	False	morphology	determiner_noun_agreement	Write a natural, coherent English sentence.
913	25	Becky boycotted those old oases.	Becky boycotted that old oases.	-102.0	-102.5	-10.25	-10.25	True	False	morphology	determiner_noun_agreement	Write a natural, coherent English sentence.
914	25	Florence talks to those good women.	Florence talks to that good women.	-72.5	-72.5	-10.3125	-10.3125	False	False	morphology	determiner_noun_agreement	Write a natural, coherent English sentence.
915	25	Carmen won't break this big foot.	Carmen won't break these big foot.	-102.5	-102.5	-10.25	-10.25	False	False	morphology	determiner_noun_agreement	Write a natural, coherent English sentence.
916	25	Stephen fired those employed men.	Stephen fired that employed men.	-62.0	-62.0	-10.3125	-10.375	False	True	morphology	determiner_noun_agreement	Write a natural, coherent English sentence.
917	25	Many governments confuse this sick woman.	Many governments confuse these sick woman.	-82.5	-82.5	-10.3125	-10.3125	False	False	morphology	determiner_noun_agreement	Write a natural, coherent English sentence.
918	25	Heidi healed this troubled child.	Heidi healed these troubled child.	-91.5	-91.0	-10.1875	-10.125	False	False	morphology	determiner_noun_agreement	Write a natural, coherent English sentence.
919	25	Daniel questions these employed alumni.	Daniel questions this employed alumni.	-82.0	-82.0	-10.25	-10.25	False	False	morphology	determiner_noun_agreement	Write a natural, coherent English sentence.
920	25	People admire these yellow oxen.	People admire this yellow oxen.	-81.5	-81.5	-10.1875	-10.1875	False	False	morphology	determiner_noun_agreement	Write a natural, coherent English sentence.
921	25	Those adults embarrasses this displeased woman.	Those adults embarrasses these displeased woman.	-102.0	-102.5	-10.1875	-10.25	True	True	morphology	determiner_noun_agreement	Write a natural, coherent English sentence.
922	25	Winston Churchill notices these big nuclei.	Winston Churchill notices this big nuclei.	-111.5	-111.5	-10.125	-10.125	False	False	morphology	determiner_noun_agreement	Write a natural, coherent English sentence.
923	25	All women hide those concealed nuclei.	All women hide that concealed nuclei.	-92.5	-92.5	-10.3125	-10.3125	False	False	morphology	determiner_noun_agreement	Write a natural, coherent English sentence.
924	25	Charles was escaping from those lucky men.	Charles was escaping from that lucky men.	-92.0	-92.0	-10.1875	-10.25	False	True	morphology	determiner_noun_agreement	Write a natural, coherent English sentence.
925	25	Paul doesn't insult this happy woman.	Paul doesn't insult these happy woman.	-92.5	-93.0	-10.3125	-10.3125	True	False	morphology	determiner_noun_agreement	Write a natural, coherent English sentence.
926	25	Galileo isn't scanning this brown thesis.	Galileo isn't scanning these brown thesis.	-122.5	-122.5	-10.1875	-10.1875	False	False	morphology	determiner_noun_agreement	Write a natural, coherent English sentence.
927	25	The newspaper article doesn't annoy that exposed man.	The newspaper article doesn't annoy those exposed man.	-112.5	-112.5	-10.25	-10.1875	False	False	morphology	determiner_noun_agreement	Write a natural, coherent English sentence.
928	25	Carmen noticed these gray cacti.	Carmen noticed this gray cacti.	-92.0	-92.0	-10.1875	-10.25	False	True	morphology	determiner_noun_agreement	Write a natural, coherent English sentence.
929	25	Teresa approaches this upset man.	Teresa approaches these upset man.	-71.5	-71.5	-10.1875	-10.1875	False	False	morphology	determiner_noun_agreement	Write a natural, coherent English sentence.
930	25	April was revealing this hidden woman.	April was revealing these hidden woman.	-72.0	-72.0	-10.3125	-10.25	False	False	morphology	determiner_noun_agreement	Write a natural, coherent English sentence.
931	25	Michael has loved these scared men.	Michael has loved this scared men.	-72.5	-72.5	-10.375	-10.375	False	False	morphology	determiner_noun_agreement	Write a natural, coherent English sentence.
932	25	Joseph hadn't bought those hard lice.	Joseph hadn't bought that hard lice.	-102.5	-103.0	-10.25	-10.25	True	False	morphology	determiner_noun_agreement	Write a natural, coherent English sentence.
933	25	Larry did drive to this out in the open oasis.	Larry did drive to these out in the open oasis.	-123.0	-123.0	-10.25	-10.25	False	False	morphology	determiner_noun_agreement	Write a natural, coherent English sentence.
934	25	Lisa hasn't driven to that new oasis.	Lisa hasn't driven to those new oasis.	-112.0	-112.0	-10.1875	-10.1875	False	False	morphology	determiner_noun_agreement	Write a natural, coherent English sentence.
935	25	Steve scanned this good synopsis.	Steve scanned these good synopsis.	-82.0	-81.5	-10.25	-10.1875	False	False	morphology	determiner_noun_agreement	Write a natural, coherent English sentence.
936	25	The Lutherans care for those hopeful men.	The Lutherans care for that hopeful men.	-102.0	-102.5	-10.1875	-10.25	True	True	morphology	determiner_noun_agreement	Write a natural, coherent English sentence.
937	25	Christine bikes to these orange oases.	Christine bikes to this orange oases.	-102.5	-102.0	-10.25	-10.25	False	False	morphology	determiner_noun_agreement	Write a natural, coherent English sentence.
938	25	Most actors distracted this popular woman.	Most actors distracted these popular woman.	-82.5	-82.5	-10.3125	-10.3125	False	False	morphology	determiner_noun_agreement	Write a natural, coherent English sentence.
939	25	Emily should observe those displeased men.	Emily should observe that displeased men.	-92.0	-92.0	-10.25	-10.25	False	False	morphology	determiner_noun_agreement	Write a natural, coherent English sentence.
940	25	The drivers do sell this green thesis.	The drivers do sell these green thesis.	-82.5	-82.5	-10.3125	-10.3125	False	False	morphology	determiner_noun_agreement	Write a natural, coherent English sentence.
941	25	Most drivers love these unemployed men.	Most drivers love this unemployed men.	-82.0	-82.0	-10.25	-10.25	False	False	morphology	determiner_noun_agreement	Write a natural, coherent English sentence.
942	25	Those doctors care for this hopeful man.	Those doctors care for these hopeful man.	-91.5	-91.5	-10.1875	-10.1875	False	False	morphology	determiner_noun_agreement	Write a natural, coherent English sentence.
943	25	Brad kisses that displeased man.	Brad kisses those displeased man.	-92.0	-92.0	-10.1875	-10.1875	False	False	morphology	determiner_noun_agreement	Write a natural, coherent English sentence.
944	25	Danielle had argued about those troubled men.	Danielle had argued about that troubled men.	-102.0	-102.0	-10.1875	-10.25	False	True	morphology	determiner_noun_agreement	Write a natural, coherent English sentence.
945	25	An actor is disgusting those unsure men.	An actor is disgusting that unsure men.	-102.5	-103.0	-10.25	-10.25	True	False	morphology	determiner_noun_agreement	Write a natural, coherent English sentence.
946	25	Galileo didn't hurt those displeased children.	Galileo didn't hurt that displeased children.	-132.0	-132.0	-10.125	-10.1875	False	True	morphology	determiner_noun_agreement	Write a natural, coherent English sentence.
947	25	Omar messed up these small teeth.	Omar messed up this small teeth.	-91.5	-91.5	-10.1875	-10.1875	False	False	morphology	determiner_noun_agreement	Write a natural, coherent English sentence.
948	25	Carmen will watch this smart person.	Carmen will watch these smart person.	-82.5	-82.0	-10.3125	-10.25	False	False	morphology	determiner_noun_agreement	Write a natural, coherent English sentence.
949	25	Jeffrey hid that unlucky child.	Jeffrey hid those unlucky child.	-92.0	-91.5	-10.1875	-10.1875	False	False	morphology	determiner_noun_agreement	Write a natural, coherent English sentence.
950	25	Every plane bothers this upset child.	Every plane bothers these upset child.	-82.0	-82.0	-10.25	-10.25	False	False	morphology	determiner_noun_agreement	Write a natural, coherent English sentence.
951	25	A lot of hospitals have those blue teeth.	A lot of hospitals have that blue teeth.	-92.0	-92.0	-10.25	-10.25	False	False	morphology	determiner_noun_agreement	Write a natural, coherent English sentence.
952	25	Nancy wasn't disturbing that clever man.	Nancy wasn't disturbing those clever man.	-102.5	-102.0	-10.25	-10.25	False	False	morphology	determiner_noun_agreement	Write a natural, coherent English sentence.
953	25	These ladies bought that white tooth.	These ladies bought those white tooth.	-72.0	-72.0	-10.3125	-10.3125	False	False	morphology	determiner_noun_agreement	Write a natural, coherent English sentence.
954	25	Every skirt annoys that confident person.	Every skirt annoys those confident person.	-92.5	-92.5	-10.25	-10.25	False	False	morphology	determiner_noun_agreement	Write a natural, coherent English sentence.
955	25	These actors weren't biking to these red oases.	These actors weren't biking to this red oases.	-133.0	-133.0	-10.25	-10.25	False	False	morphology	determiner_noun_agreement	Write a natural, coherent English sentence.
956	25	Carmen has described those confident people.	Carmen has described that confident people.	-82.0	-82.5	-10.25	-10.3125	True	True	morphology	determiner_noun_agreement	Write a natural, coherent English sentence.
957	25	All legislatures criticize that brown oasis.	All legislatures criticize those brown oasis.	-102.0	-102.0	-10.1875	-10.1875	False	False	morphology	determiner_noun_agreement	Write a natural, coherent English sentence.
958	25	Paula works with that clever person.	Paula works with those clever person.	-82.0	-82.5	-10.25	-10.3125	True	True	morphology	determiner_noun_agreement	Write a natural, coherent English sentence.
959	25	Benjamin respects those confident children.	Benjamin respects that confident children.	-72.5	-73.0	-10.3125	-10.375	True	True	morphology	determiner_noun_agreement	Write a natural, coherent English sentence.
960	25	Mitchell attacked these unsure alumni.	Mitchell attacked this unsure alumni.	-92.0	-92.0	-10.25	-10.25	False	False	morphology	determiner_noun_agreement	Write a natural, coherent English sentence.
961	25	The Lutherans hadn't cleaned these broken teeth.	The Lutherans hadn't cleaned this broken teeth.	-112.0	-112.5	-10.1875	-10.1875	True	False	morphology	determiner_noun_agreement	Write a natural, coherent English sentence.
962	25	A lot of children observe that young child.	A lot of children observe those young child.	-92.0	-92.0	-10.1875	-10.1875	False	False	morphology	determiner_noun_agreement	Write a natural, coherent English sentence.
963	25	Gary hadn't sounded like this out in the open oasis.	Gary hadn't sounded like these out in the open oasis.	-142.0	-143.0	-10.1875	-10.1875	True	False	morphology	determiner_noun_agreement	Write a natural, coherent English sentence.
964	25	That fish annoyed this serious alumnus.	That fish annoyed these serious alumnus.	-101.5	-101.5	-10.1875	-10.125	False	False	morphology	determiner_noun_agreement	Write a natural, coherent English sentence.
965	25	Spotlights worry those standing people.	Spotlights worry that standing people.	-71.5	-72.0	-10.25	-10.25	True	False	morphology	determiner_noun_agreement	Write a natural, coherent English sentence.
966	25	Rodney returned to these content alumni.	Rodney returned to this content alumni.	-102.0	-101.5	-10.1875	-10.1875	False	False	morphology	determiner_noun_agreement	Write a natural, coherent English sentence.
967	25	Bruce references this unemployed child.	Bruce references these unemployed child.	-72.0	-71.5	-10.25	-10.25	False	False	morphology	determiner_noun_agreement	Write a natural, coherent English sentence.
968	25	Many museums criticize this bad analysis.	Many museums criticize these bad analysis.	-91.5	-91.5	-10.1875	-10.1875	False	False	morphology	determiner_noun_agreement	Write a natural, coherent English sentence.
969	25	Danielle knows that concealed man.	Danielle knows those concealed man.	-82.0	-82.0	-10.25	-10.25	False	False	morphology	determiner_noun_agreement	Write a natural, coherent English sentence.
970	25	Katherine sells that smooth oasis.	Katherine sells those smooth oasis.	-92.0	-91.5	-10.1875	-10.1875	False	False	morphology	determiner_noun_agreement	Write a natural, coherent English sentence.
971	25	Meredith hadn't scared these clever people.	Meredith hadn't scared this clever people.	-112.5	-113.0	-10.25	-10.25	True	False	morphology	determiner_noun_agreement	Write a natural, coherent English sentence.
972	25	Walter biked to these gray oases.	Walter biked to this gray oases.	-102.5	-102.5	-10.25	-10.25	False	False	morphology	determiner_noun_agreement	Write a natural, coherent English sentence.
973	25	Phillip has investigated this unemployed man.	Phillip has investigated these unemployed man.	-91.5	-91.5	-10.1875	-10.1875	False	False	morphology	determiner_noun_agreement	Write a natural, coherent English sentence.
974	25	Alice knows that ill woman.	Alice knows those ill woman.	-62.0	-62.0	-10.3125	-10.3125	False	False	morphology	determiner_noun_agreement	Write a natural, coherent English sentence.
975	25	Daniel bothered that unemployed alumnus.	Daniel bothered those unemployed alumnus.	-91.5	-91.0	-10.1875	-10.125	False	False	morphology	determiner_noun_agreement	Write a natural, coherent English sentence.
976	25	Some children notice this black thesis.	Some children notice these black thesis.	-72.0	-72.0	-10.3125	-10.3125	False	False	morphology	determiner_noun_agreement	Write a natural, coherent English sentence.
977	25	George has alarmed these unemployed children.	George has alarmed this unemployed children.	-91.5	-92.0	-10.1875	-10.25	True	True	morphology	determiner_noun_agreement	Write a natural, coherent English sentence.
978	25	Sarah won't drive to this concealed oasis.	Sarah won't drive to these concealed oasis.	-122.5	-122.5	-10.1875	-10.25	False	True	morphology	determiner_noun_agreement	Write a natural, coherent English sentence.
979	25	Grace arrived at those small oases.	Grace arrived at that small oases.	-82.0	-81.5	-10.25	-10.1875	False	False	morphology	determiner_noun_agreement	Write a natural, coherent English sentence.
980	25	David kisses that lucky man.	David kisses those lucky man.	-71.5	-71.0	-10.1875	-10.1875	False	False	morphology	determiner_noun_agreement	Write a natural, coherent English sentence.
981	25	Laura isn't lifting this smooth axis.	Laura isn't lifting these smooth axis.	-92.5	-92.5	-10.25	-10.25	False	False	morphology	determiner_noun_agreement	Write a natural, coherent English sentence.
982	25	Mark embarrassed these confident children.	Mark embarrassed this confident children.	-61.75	-62.0	-10.3125	-10.3125	True	False	morphology	determiner_noun_agreement	Write a natural, coherent English sentence.
983	25	Patients bothers this employed man.	Patients bothers these employed man.	-81.5	-81.5	-10.1875	-10.1875	False	False	morphology	determiner_noun_agreement	Write a natural, coherent English sentence.
984	25	Christopher has criticized this bad synopsis.	Christopher has criticized these bad synopsis.	-91.5	-91.5	-10.1875	-10.1875	False	False	morphology	determiner_noun_agreement	Write a natural, coherent English sentence.
985	25	Todd hadn't gone to this cheap oasis.	Todd hadn't gone to these cheap oasis.	-112.5	-112.5	-10.25	-10.25	False	False	morphology	determiner_noun_agreement	Write a natural, coherent English sentence.
986	25	Becca does investigate this lucky alumnus.	Becca does investigate these lucky alumnus.	-102.0	-102.0	-10.25	-10.1875	False	False	morphology	determiner_noun_agreement	Write a natural, coherent English sentence.
987	25	Sabrina visits those fast women.	Sabrina visits that fast women.	-82.0	-82.0	-10.25	-10.25	False	False	morphology	determiner_noun_agreement	Write a natural, coherent English sentence.
988	25	Janet knew those unconvinced children.	Janet knew that unconvinced children.	-102.5	-102.0	-10.25	-10.25	False	False	morphology	determiner_noun_agreement	Write a natural, coherent English sentence.
989	25	Christine hated this young man.	Christine hated these young man.	-72.0	-72.5	-10.3125	-10.3125	True	False	morphology	determiner_noun_agreement	Write a natural, coherent English sentence.
990	25	Chad hadn't complained about these big oases.	Chad hadn't complained about this big oases.	-122.5	-123.0	-10.25	-10.25	True	False	morphology	determiner_noun_agreement	Write a natural, coherent English sentence.
991	25	Many bikes stun that nice man.	Many bikes stun those nice man.	-93.0	-93.0	-10.3125	-10.3125	False	False	morphology	determiner_noun_agreement	Write a natural, coherent English sentence.
992	25	William hasn't investigated these fast men.	William hasn't investigated this fast men.	-92.5	-92.0	-10.25	-10.25	False	False	morphology	determiner_noun_agreement	Write a natural, coherent English sentence.
993	25	Kristin couldn't research these smooth oases.	Kristin couldn't research this smooth oases.	-113.0	-113.0	-10.25	-10.25	False	False	morphology	determiner_noun_agreement	Write a natural, coherent English sentence.
994	25	Travis arrives at these old oases.	Travis arrives at this old oases.	-91.5	-92.0	-10.1875	-10.1875	True	False	morphology	determiner_noun_agreement	Write a natural, coherent English sentence.
995	25	Many boys drive to this yellow oasis.	Many boys drive to these yellow oasis.	-92.5	-92.5	-10.3125	-10.3125	False	False	morphology	determiner_noun_agreement	Write a natural, coherent English sentence.
996	25	Danielle won't heal those unlucky people.	Danielle won't heal that unlucky people.	-122.5	-123.0	-10.1875	-10.25	True	True	morphology	determiner_noun_agreement	Write a natural, coherent English sentence.
997	25	Sabrina wouldn't go to that new oasis.	Sabrina wouldn't go to those new oasis.	-132.0	-132.0	-10.1875	-10.1875	False	False	morphology	determiner_noun_agreement	Write a natural, coherent English sentence.
998	25	This movie theater annoys these lucky alumni.	This movie theater annoys this lucky alumni.	-122.5	-122.5	-10.1875	-10.25	False	True	morphology	determiner_noun_agreement	Write a natural, coherent English sentence.
999	25	Stacy doesn't appreciate that out in the open woman.	Stacy doesn't appreciate those out in the open woman.	-133.0	-133.0	-10.25	-10.25	False	False	morphology	determiner_noun_agreement	Write a natural, coherent English sentence.
0	26	Alexander didn't walk through that new oasis.	Alexander didn't walk through those new oasis.	-112.0	-112.0	-10.1875	-10.1875	False	False	morphology	determiner_noun_agreement	Write a natural, coherent English sentence.
1	26	This hair irritates these old alumni.	This hair irritates this old alumni.	-102.0	-101.5	-10.1875	-10.1875	False	False	morphology	determiner_noun_agreement	Write a natural, coherent English sentence.
2	26	Winston Churchill was escaping from this serious person.	Winston Churchill was escaping from these serious person.	-121.0	-121.0	-10.0625	-10.0625	False	False	morphology	determiner_noun_agreement	Write a natural, coherent English sentence.
3	26	Anna walks through these purple oases.	Anna walks through this purple oases.	-81.5	-81.5	-10.1875	-10.1875	False	False	morphology	determiner_noun_agreement	Write a natural, coherent English sentence.
4	26	Alicia sounded like this good analysis.	Alicia sounded like these good analysis.	-92.0	-92.0	-10.1875	-10.25	False	True	morphology	determiner_noun_agreement	Write a natural, coherent English sentence.
5	26	Jeffrey might complain about this gray thesis.	Jeffrey might complain about these gray thesis.	-91.0	-91.0	-10.0625	-10.125	False	True	morphology	determiner_noun_agreement	Write a natural, coherent English sentence.
6	26	Meredith approaches these concealed women.	Meredith approaches this concealed women.	-92.0	-92.0	-10.1875	-10.1875	False	False	morphology	determiner_noun_agreement	Write a natural, coherent English sentence.
7	26	Julia questioned those small children.	Julia questioned that small children.	-62.25	-62.0	-10.375	-10.3125	False	False	morphology	determiner_noun_agreement	Write a natural, coherent English sentence.
8	26	That adult has brought that purple octopus.	That adult has brought those purple octopus.	-102.0	-101.5	-10.1875	-10.125	False	False	morphology	determiner_noun_agreement	Write a natural, coherent English sentence.
9	26	The people hug this displeased woman.	The people hug these displeased woman.	-91.5	-92.0	-10.1875	-10.25	True	True	morphology	determiner_noun_agreement	Write a natural, coherent English sentence.
10	26	That beef did bore these displeased people.	That beef did bore this displeased people.	-102.5	-102.5	-10.25	-10.25	False	False	morphology	determiner_noun_agreement	Write a natural, coherent English sentence.
11	26	These libraries talk about these long synopses.	These libraries talk about this long synopses.	-101.0	-101.0	-10.125	-10.125	False	False	morphology	determiner_noun_agreement	Write a natural, coherent English sentence.
12	26	Lori wasn't hiring those delighted men.	Lori wasn't hiring that delighted men.	-103.0	-103.0	-10.3125	-10.3125	False	False	morphology	determiner_noun_agreement	Write a natural, coherent English sentence.
13	26	The teachers are running around this concealed oasis.	The teachers are running around these concealed oasis.	-112.0	-112.0	-10.1875	-10.1875	False	False	morphology	determiner_noun_agreement	Write a natural, coherent English sentence.
14	26	Those bananas embarrass these delighted people.	Those bananas embarrass this delighted people.	-81.5	-81.5	-10.1875	-10.1875	False	False	morphology	determiner_noun_agreement	Write a natural, coherent English sentence.
15	26	Mitchell brought those green oases.	Mitchell brought that green oases.	-72.0	-72.0	-10.3125	-10.3125	False	False	morphology	determiner_noun_agreement	Write a natural, coherent English sentence.
16	26	The actresses complain about this rough thesis.	The actresses complain about these rough thesis.	-91.5	-91.5	-10.1875	-10.125	False	False	morphology	determiner_noun_agreement	Write a natural, coherent English sentence.
17	26	Russell investigates these fast women.	Russell investigates this fast women.	-71.5	-72.0	-10.25	-10.25	True	False	morphology	determiner_noun_agreement	Write a natural, coherent English sentence.
18	26	Irene praised those bad synopses.	Irene praised that bad synopses.	-92.0	-92.5	-10.25	-10.25	True	False	morphology	determiner_noun_agreement	Write a natural, coherent English sentence.
19	26	Denise did confuse that important woman.	Denise did confuse those important woman.	-91.5	-92.0	-10.1875	-10.1875	True	False	morphology	determiner_noun_agreement	Write a natural, coherent English sentence.
20	26	Some patients dislike those nice women.	Some patients dislike that nice women.	-82.0	-82.0	-10.25	-10.25	False	False	morphology	determiner_noun_agreement	Write a natural, coherent English sentence.
21	26	Amelia wasn't observing this hopeful man.	Amelia wasn't observing these hopeful man.	-121.5	-121.5	-10.125	-10.125	False	False	morphology	determiner_noun_agreement	Write a natural, coherent English sentence.
22	26	Grace is hugging these popular women.	Grace is hugging this popular women.	-81.0	-81.0	-10.125	-10.125	False	False	morphology	determiner_noun_agreement	Write a natural, coherent English sentence.
23	26	Julia might describe this long synopsis.	Julia might describe these long synopsis.	-81.5	-82.0	-10.1875	-10.25	True	True	morphology	determiner_noun_agreement	Write a natural, coherent English sentence.
24	26	Many pedestrians do return to these happy men.	Many pedestrians do return to this happy men.	-112.5	-113.0	-10.25	-10.25	True	False	morphology	determiner_noun_agreement	Write a natural, coherent English sentence.
25	26	Laura noticed that determined man.	Laura noticed those determined man.	-61.75	-62.0	-10.25	-10.375	True	True	morphology	determiner_noun_agreement	Write a natural, coherent English sentence.
26	26	Julie would pass those red oases.	Julie would pass that red oases.	-82.0	-82.5	-10.25	-10.3125	True	True	morphology	determiner_noun_agreement	Write a natural, coherent English sentence.
27	26	These doctors boast about this out in the open child.	These doctors boast about these out in the open child.	-121.5	-121.5	-10.125	-10.125	False	False	morphology	determiner_noun_agreement	Write a natural, coherent English sentence.
28	26	Stephen isn't revealing this brown nucleus.	Stephen isn't revealing these brown nucleus.	-103.0	-103.0	-10.25	-10.3125	False	True	morphology	determiner_noun_agreement	Write a natural, coherent English sentence.
29	26	Travel stuns that sick child.	Travel stuns those sick child.	-72.5	-72.0	-10.3125	-10.3125	False	False	morphology	determiner_noun_agreement	Write a natural, coherent English sentence.
30	26	Amelia healed that unemployed woman.	Amelia healed those unemployed woman.	-91.5	-91.0	-10.125	-10.125	False	False	morphology	determiner_noun_agreement	Write a natural, coherent English sentence.
31	26	Noah attacks that ill child.	Noah attacks those ill child.	-62.0	-62.0	-10.3125	-10.3125	False	False	morphology	determiner_noun_agreement	Write a natural, coherent English sentence.
32	26	Randolf buys those gray fungi.	Randolf buys that gray fungi.	-92.0	-92.0	-10.25	-10.25	False	False	morphology	determiner_noun_agreement	Write a natural, coherent English sentence.
33	26	Some pedestrians disagreed with this big woman.	Some pedestrians disagreed with these big woman.	-112.0	-112.0	-10.1875	-10.1875	False	False	morphology	determiner_noun_agreement	Write a natural, coherent English sentence.
34	26	Adam might sound like these determined children.	Adam might sound like this determined children.	-82.0	-82.5	-10.25	-10.3125	True	True	morphology	determiner_noun_agreement	Write a natural, coherent English sentence.
35	26	Bill has stunned this confident man.	Bill has stunned these confident man.	-82.0	-82.5	-10.25	-10.3125	True	True	morphology	determiner_noun_agreement	Write a natural, coherent English sentence.
36	26	Rhonda should see these blue oases.	Rhonda should see this blue oases.	-92.0	-92.0	-10.1875	-10.25	False	True	morphology	determiner_noun_agreement	Write a natural, coherent English sentence.
37	26	Stephen cares for that out in the open alumnus.	Stephen cares for those out in the open alumnus.	-122.5	-122.0	-10.25	-10.1875	False	False	morphology	determiner_noun_agreement	Write a natural, coherent English sentence.
38	26	Cheryl has bought this green oasis.	Cheryl has bought these green oasis.	-91.5	-91.5	-10.125	-10.1875	False	True	morphology	determiner_noun_agreement	Write a natural, coherent English sentence.
39	26	Every door annoyed this lucky child.	Every door annoyed these lucky child.	-81.5	-81.5	-10.1875	-10.1875	False	False	morphology	determiner_noun_agreement	Write a natural, coherent English sentence.
40	26	Gerald cures that unlucky child.	Gerald cures those unlucky child.	-101.5	-101.0	-10.125	-10.125	False	False	morphology	determiner_noun_agreement	Write a natural, coherent English sentence.
41	26	Eyes weren't worrying this troubled child.	Eyes weren't worrying these troubled child.	-112.5	-112.5	-10.25	-10.25	False	False	morphology	determiner_noun_agreement	Write a natural, coherent English sentence.
42	26	Michael isn't referencing this long synopsis.	Michael isn't referencing these long synopsis.	-111.5	-112.0	-10.125	-10.1875	True	True	morphology	determiner_noun_agreement	Write a natural, coherent English sentence.
43	26	Robert insults this serious man.	Robert insults these serious man.	-71.5	-71.5	-10.25	-10.25	False	False	morphology	determiner_noun_agreement	Write a natural, coherent English sentence.
44	26	Waitresses describe that smart alumnus.	Waitresses describe those smart alumnus.	-101.0	-101.5	-10.0625	-10.125	True	True	morphology	determiner_noun_agreement	Write a natural, coherent English sentence.
45	26	Dan doesn't respect this unemployed alumnus.	Dan doesn't respect these unemployed alumnus.	-122.0	-121.5	-10.125	-10.125	False	False	morphology	determiner_noun_agreement	Write a natural, coherent English sentence.
46	26	Eric has upset those scared people.	Eric has upset that scared people.	-72.5	-72.5	-10.375	-10.3125	False	False	morphology	determiner_noun_agreement	Write a natural, coherent English sentence.
47	26	Sabrina was biking to this exposed oasis.	Sabrina was biking to these exposed oasis.	-121.5	-121.5	-10.125	-10.125	False	False	morphology	determiner_noun_agreement	Write a natural, coherent English sentence.
48	26	Edward can't think about these exposed mice.	Edward can't think about this exposed mice.	-113.0	-113.0	-10.25	-10.25	False	False	morphology	determiner_noun_agreement	Write a natural, coherent English sentence.
49	26	Phillip listened to this standing alumnus.	Phillip listened to these standing alumnus.	-102.0	-102.0	-10.1875	-10.1875	False	False	morphology	determiner_noun_agreement	Write a natural, coherent English sentence.
50	26	Those men skate around this small oasis.	Those men skate around these small oasis.	-102.0	-102.0	-10.1875	-10.25	False	True	morphology	determiner_noun_agreement	Write a natural, coherent English sentence.
51	26	Rhonda could think about those content children.	Rhonda could think about that content children.	-92.0	-92.0	-10.25	-10.25	False	False	morphology	determiner_noun_agreement	Write a natural, coherent English sentence.
52	26	Melissa had remembered that unsure person.	Melissa had remembered those unsure person.	-92.0	-92.0	-10.1875	-10.25	False	True	morphology	determiner_noun_agreement	Write a natural, coherent English sentence.
53	26	The students talk about this upset person.	The students talk about these upset person.	-81.0	-81.0	-10.125	-10.125	False	False	morphology	determiner_noun_agreement	Write a natural, coherent English sentence.
54	26	Leslie insults those upset alumni.	Leslie insults that upset alumni.	-101.0	-101.0	-10.125	-10.125	False	False	morphology	determiner_noun_agreement	Write a natural, coherent English sentence.
55	26	Hats distract this ill man.	Hats distract these ill man.	-72.0	-72.0	-10.25	-10.25	False	False	morphology	determiner_noun_agreement	Write a natural, coherent English sentence.
56	26	Dawn sounded like this determined child.	Dawn sounded like these determined child.	-81.0	-81.5	-10.125	-10.1875	True	True	morphology	determiner_noun_agreement	Write a natural, coherent English sentence.
57	26	Carl had run around that brown oasis.	Carl had run around those brown oasis.	-91.5	-92.0	-10.1875	-10.1875	True	False	morphology	determiner_noun_agreement	Write a natural, coherent English sentence.
58	26	Anna criticizes these concealed children.	Anna criticizes this concealed children.	-82.0	-82.0	-10.25	-10.25	False	False	morphology	determiner_noun_agreement	Write a natural, coherent English sentence.
59	26	The waiter might criticize that unemployed man.	The waiter might criticize those unemployed man.	-111.0	-111.0	-10.0625	-10.0625	False	False	morphology	determiner_noun_agreement	Write a natural, coherent English sentence.
60	26	Tracy was investigating this troubled alumnus.	Tracy was investigating these troubled alumnus.	-121.5	-121.0	-10.125	-10.125	False	False	morphology	determiner_noun_agreement	Write a natural, coherent English sentence.
61	26	These newspaper articles astound this clever child.	These newspaper articles astound these clever child.	-91.0	-91.5	-10.125	-10.125	True	False	morphology	determiner_noun_agreement	Write a natural, coherent English sentence.
62	26	Dana hadn't attacked this small man.	Dana hadn't attacked these small man.	-103.0	-103.0	-10.3125	-10.25	False	False	morphology	determiner_noun_agreement	Write a natural, coherent English sentence.
63	26	Curtis wasn't breaking those hard teeth.	Curtis wasn't breaking that hard teeth.	-102.5	-102.5	-10.25	-10.25	False	False	morphology	determiner_noun_agreement	Write a natural, coherent English sentence.
64	26	All customers attack this employed alumnus.	All customers attack these employed alumnus.	-92.0	-92.0	-10.25	-10.25	False	False	morphology	determiner_noun_agreement	Write a natural, coherent English sentence.
65	26	Most ladies go to those purple oases.	Most ladies go to that purple oases.	-93.0	-93.0	-10.3125	-10.3125	False	False	morphology	determiner_noun_agreement	Write a natural, coherent English sentence.
66	26	A dancer tours that blue oasis.	A dancer tours those blue oasis.	-92.5	-92.5	-10.25	-10.3125	False	True	morphology	determiner_noun_agreement	Write a natural, coherent English sentence.
67	26	Steven irritated this unconvinced woman.	Steven irritated these unconvinced woman.	-101.0	-101.0	-10.125	-10.125	False	False	morphology	determiner_noun_agreement	Write a natural, coherent English sentence.
68	26	Tara wasn't helping that sick man.	Tara wasn't helping those sick man.	-102.5	-102.5	-10.25	-10.25	False	False	morphology	determiner_noun_agreement	Write a natural, coherent English sentence.
69	26	The dancers aren't cleaning that smooth fungus.	The dancers aren't cleaning those smooth fungus.	-133.0	-133.0	-10.25	-10.25	False	False	morphology	determiner_noun_agreement	Write a natural, coherent English sentence.
70	26	Melissa had talked about these white theses.	Melissa had talked about this white theses.	-101.0	-101.5	-10.125	-10.125	True	False	morphology	determiner_noun_agreement	Write a natural, coherent English sentence.
71	26	The man isn't watching those upset men.	The man isn't watching that upset men.	-102.5	-102.5	-10.25	-10.25	False	False	morphology	determiner_noun_agreement	Write a natural, coherent English sentence.
72	26	Sabrina won't worry this out in the open person.	Sabrina won't worry these out in the open person.	-143.0	-143.0	-10.1875	-10.1875	False	False	morphology	determiner_noun_agreement	Write a natural, coherent English sentence.
73	26	Every bird embarrassed these unemployed men.	Every bird embarrassed this unemployed men.	-81.0	-81.0	-10.125	-10.125	False	False	morphology	determiner_noun_agreement	Write a natural, coherent English sentence.
74	26	The Borgias drive to that small oasis.	The Borgias drive to those small oasis.	-112.5	-112.5	-10.1875	-10.25	False	True	morphology	determiner_noun_agreement	Write a natural, coherent English sentence.
75	26	Bradley likes these brown fungi.	Bradley likes this brown fungi.	-81.0	-81.5	-10.125	-10.1875	True	True	morphology	determiner_noun_agreement	Write a natural, coherent English sentence.
76	26	Most guys go to that black oasis.	Most guys go to those black oasis.	-92.5	-92.0	-10.25	-10.25	False	False	morphology	determiner_noun_agreement	Write a natural, coherent English sentence.
77	26	A pedestrian hadn't approached these hopeful women.	A pedestrian hadn't approached this hopeful women.	-122.0	-122.0	-10.1875	-10.1875	False	False	morphology	determiner_noun_agreement	Write a natural, coherent English sentence.
78	26	Some senators aren't healing this unemployed alumnus.	Some senators aren't healing these unemployed alumnus.	-142.0	-142.0	-10.1875	-10.1875	False	False	morphology	determiner_noun_agreement	Write a natural, coherent English sentence.
79	26	That cart wasn't stunning these exposed men.	That cart wasn't stunning this exposed men.	-103.0	-103.5	-10.3125	-10.3125	True	False	morphology	determiner_noun_agreement	Write a natural, coherent English sentence.
80	26	Joel can think about this smart man.	Joel can think about these smart man.	-82.0	-82.0	-10.25	-10.25	False	False	morphology	determiner_noun_agreement	Write a natural, coherent English sentence.
81	26	Those prints disgust those good people.	Those prints disgust that good people.	-71.5	-72.0	-10.1875	-10.25	True	True	morphology	determiner_noun_agreement	Write a natural, coherent English sentence.
82	26	Beverly hadn't passed these yellow oases.	Beverly hadn't passed this yellow oases.	-112.5	-112.5	-10.25	-10.25	False	False	morphology	determiner_noun_agreement	Write a natural, coherent English sentence.
83	26	A lot of prints irritate this unconvinced woman.	A lot of prints irritate these unconvinced woman.	-131.0	-132.0	-10.0625	-10.125	True	True	morphology	determiner_noun_agreement	Write a natural, coherent English sentence.
84	26	Many customers hire those standing alumni.	Many customers hire that standing alumni.	-92.0	-92.5	-10.25	-10.25	True	False	morphology	determiner_noun_agreement	Write a natural, coherent English sentence.
85	26	Some rug isn't irritating that nice woman.	Some rug isn't irritating those nice woman.	-112.5	-112.5	-10.25	-10.1875	False	False	morphology	determiner_noun_agreement	Write a natural, coherent English sentence.
86	26	Jill embarrassed those busy men.	Jill embarrassed that busy men.	-72.0	-72.0	-10.25	-10.3125	False	True	morphology	determiner_noun_agreement	Write a natural, coherent English sentence.
87	26	Most sketches could hurt this uncertain person.	Most sketches could hurt these uncertain person.	-102.5	-102.5	-10.25	-10.25	False	False	morphology	determiner_noun_agreement	Write a natural, coherent English sentence.
88	26	Patricia lifted those purple feet.	Patricia lifted that purple feet.	-81.0	-81.0	-10.125	-10.125	False	False	morphology	determiner_noun_agreement	Write a natural, coherent English sentence.
89	26	The girls sell this hard fungus.	The girls sell these hard fungus.	-91.5	-91.5	-10.1875	-10.1875	False	False	morphology	determiner_noun_agreement	Write a natural, coherent English sentence.
90	26	Nicole has seen this yellow cactus.	Nicole has seen these yellow cactus.	-91.5	-91.5	-10.1875	-10.1875	False	False	morphology	determiner_noun_agreement	Write a natural, coherent English sentence.
91	26	Sharon could arrive at those big oases.	Sharon could arrive at that big oases.	-102.0	-102.0	-10.1875	-10.1875	False	False	morphology	determiner_noun_agreement	Write a natural, coherent English sentence.
92	26	This cashier can fire that good woman.	This cashier can fire those good woman.	-92.5	-92.5	-10.25	-10.25	False	False	morphology	determiner_noun_agreement	Write a natural, coherent English sentence.
93	26	Raymond left those scared children.	Raymond left that scared children.	-61.75	-62.0	-10.3125	-10.3125	True	False	morphology	determiner_noun_agreement	Write a natural, coherent English sentence.
94	26	Noah could discuss that clever person.	Noah could discuss those clever person.	-72.5	-72.5	-10.3125	-10.3125	False	False	morphology	determiner_noun_agreement	Write a natural, coherent English sentence.
95	26	Rachelle knew that concealed woman.	Rachelle knew those concealed woman.	-82.0	-82.5	-10.25	-10.3125	True	True	morphology	determiner_noun_agreement	Write a natural, coherent English sentence.
96	26	Dawn hasn't cured those gray oxen.	Dawn hasn't cured that gray oxen.	-121.5	-122.0	-10.125	-10.125	True	False	morphology	determiner_noun_agreement	Write a natural, coherent English sentence.
97	26	The Great Lakes haven't disgusted those out in the open people.	The Great Lakes haven't disgusted that out in the open people.	-163.0	-163.0	-10.1875	-10.1875	False	False	morphology	determiner_noun_agreement	Write a natural, coherent English sentence.
98	26	Wayne doesn't exit those cheap oases.	Wayne doesn't exit that cheap oases.	-103.0	-103.0	-10.3125	-10.3125	False	False	morphology	determiner_noun_agreement	Write a natural, coherent English sentence.
99	26	These waitresses haven't astounded this fast woman.	These waitresses haven't astounded these fast woman.	-141.0	-141.0	-10.0625	-10.0625	False	False	morphology	determiner_noun_agreement	Write a natural, coherent English sentence.
100	26	Patrick hasn't lifted this out in the open cactus.	Patrick hasn't lifted these out in the open cactus.	-143.0	-143.0	-10.1875	-10.1875	False	False	morphology	determiner_noun_agreement	Write a natural, coherent English sentence.
101	26	Angela isn't embarrassing those excited children.	Angela isn't embarrassing that excited children.	-102.0	-102.5	-10.25	-10.25	True	False	morphology	determiner_noun_agreement	Write a natural, coherent English sentence.
102	26	Jennifer hasn't criticized this smart man.	Jennifer hasn't criticized these smart man.	-102.0	-102.0	-10.1875	-10.1875	False	False	morphology	determiner_noun_agreement	Write a natural, coherent English sentence.
103	26	April watched this big person.	April watched these big person.	-62.0	-61.75	-10.3125	-10.3125	False	False	morphology	determiner_noun_agreement	Write a natural, coherent English sentence.
104	26	Candice hadn't bothered that serious alumnus.	Candice hadn't bothered those serious alumnus.	-122.0	-122.0	-10.1875	-10.125	False	False	morphology	determiner_noun_agreement	Write a natural, coherent English sentence.
105	26	The Clintons observe those happy women.	The Clintons observe that happy women.	-92.5	-92.5	-10.25	-10.3125	False	True	morphology	determiner_noun_agreement	Write a natural, coherent English sentence.
106	26	The Clintons observe this excited man.	The Clintons observe these excited man.	-92.5	-92.5	-10.25	-10.25	False	False	morphology	determiner_noun_agreement	Write a natural, coherent English sentence.
107	26	Associations were listening to that unlucky child.	Associations were listening to those unlucky child.	-112.5	-112.0	-10.1875	-10.1875	False	False	morphology	determiner_noun_agreement	Write a natural, coherent English sentence.
108	26	Those committees discussed that busy woman.	Those committees discussed those busy woman.	-92.0	-91.5	-10.1875	-10.1875	False	False	morphology	determiner_noun_agreement	Write a natural, coherent English sentence.
109	26	Debra isn't discussing that good analysis.	Debra isn't discussing those good analysis.	-102.5	-103.0	-10.25	-10.25	True	False	morphology	determiner_noun_agreement	Write a natural, coherent English sentence.
110	26	The drawing distracts this lucky woman.	The drawing distracts these lucky woman.	-81.5	-82.0	-10.1875	-10.25	True	True	morphology	determiner_noun_agreement	Write a natural, coherent English sentence.
111	26	Holly couldn't dislike this exposed child.	Holly couldn't dislike these exposed child.	-102.5	-103.0	-10.25	-10.3125	True	True	morphology	determiner_noun_agreement	Write a natural, coherent English sentence.
112	26	Angela examines that good synopsis.	Angela examines those good synopsis.	-81.0	-81.0	-10.125	-10.125	False	False	morphology	determiner_noun_agreement	Write a natural, coherent English sentence.
113	26	These skateboards aggravate that lucky woman.	These skateboards aggravate those lucky woman.	-111.0	-111.0	-10.0625	-10.0625	False	False	morphology	determiner_noun_agreement	Write a natural, coherent English sentence.
114	26	Some play alarms those small women.	Some play alarms that small women.	-82.5	-82.5	-10.3125	-10.3125	False	False	morphology	determiner_noun_agreement	Write a natural, coherent English sentence.
115	26	Students investigate these nice men.	Students investigate this nice men.	-62.0	-62.0	-10.375	-10.3125	False	False	morphology	determiner_noun_agreement	Write a natural, coherent English sentence.
116	26	Tanya wasn't shocking that busy child.	Tanya wasn't shocking those busy child.	-113.0	-113.0	-10.25	-10.25	False	False	morphology	determiner_noun_agreement	Write a natural, coherent English sentence.
117	26	Brett has boasted about this nice person.	Brett has boasted about these nice person.	-101.5	-101.5	-10.125	-10.125	False	False	morphology	determiner_noun_agreement	Write a natural, coherent English sentence.
118	26	Jennifer described that hidden woman.	Jennifer described those hidden woman.	-62.0	-62.0	-10.375	-10.375	False	False	morphology	determiner_noun_agreement	Write a natural, coherent English sentence.
119	26	Winston Churchill passed these red oases.	Winston Churchill passed this red oases.	-101.5	-101.5	-10.125	-10.125	False	False	morphology	determiner_noun_agreement	Write a natural, coherent English sentence.
120	26	Some mirror could scare this nice woman.	Some mirror could scare these nice woman.	-92.5	-92.5	-10.25	-10.3125	False	True	morphology	determiner_noun_agreement	Write a natural, coherent English sentence.
121	26	Caroline hadn't fired that scared alumnus.	Caroline hadn't fired those scared alumnus.	-112.0	-112.5	-10.1875	-10.1875	True	False	morphology	determiner_noun_agreement	Write a natural, coherent English sentence.
122	26	Edward wasn't referencing that displeased woman.	Edward wasn't referencing those displeased woman.	-122.0	-122.0	-10.125	-10.1875	False	True	morphology	determiner_noun_agreement	Write a natural, coherent English sentence.
123	26	Many teachers clean these cheap teeth.	Many teachers clean this cheap teeth.	-72.0	-72.0	-10.3125	-10.3125	False	False	morphology	determiner_noun_agreement	Write a natural, coherent English sentence.
124	26	Wayne might remember these new oases.	Wayne might remember this new oases.	-82.5	-83.0	-10.3125	-10.375	True	True	morphology	determiner_noun_agreement	Write a natural, coherent English sentence.
125	26	Some high school alarms this determined man.	Some high school alarms these determined man.	-91.5	-92.0	-10.1875	-10.1875	True	False	morphology	determiner_noun_agreement	Write a natural, coherent English sentence.
126	26	Vincent had returned to these out in the open oases.	Vincent had returned to this out in the open oases.	-122.5	-122.0	-10.1875	-10.1875	False	False	morphology	determiner_noun_agreement	Write a natural, coherent English sentence.
127	26	Marla hired this standing child.	Marla hired these standing child.	-72.5	-72.0	-10.3125	-10.3125	False	False	morphology	determiner_noun_agreement	Write a natural, coherent English sentence.
128	26	Some cucumber has upset those ill men.	Some cucumber has upset that ill men.	-102.0	-102.0	-10.1875	-10.1875	False	False	morphology	determiner_noun_agreement	Write a natural, coherent English sentence.
129	26	Russell hasn't kissed this content man.	Russell hasn't kissed these content man.	-92.5	-92.5	-10.25	-10.3125	False	True	morphology	determiner_noun_agreement	Write a natural, coherent English sentence.
130	26	Guy has left this determined man.	Guy has left these determined man.	-72.0	-72.0	-10.3125	-10.3125	False	False	morphology	determiner_noun_agreement	Write a natural, coherent English sentence.
131	26	The Lutherans listen to these employed women.	The Lutherans listen to this employed women.	-92.0	-92.0	-10.25	-10.25	False	False	morphology	determiner_noun_agreement	Write a natural, coherent English sentence.
132	26	Candice disliked these bad analyses.	Candice disliked this bad analyses.	-101.0	-101.0	-10.0625	-10.125	False	True	morphology	determiner_noun_agreement	Write a natural, coherent English sentence.
133	26	Many women heal these lost geese.	Many women heal this lost geese.	-82.5	-82.5	-10.3125	-10.3125	False	False	morphology	determiner_noun_agreement	Write a natural, coherent English sentence.
134	26	Wayne has remembered these smart people.	Wayne has remembered this smart people.	-72.5	-72.5	-10.3125	-10.375	False	True	morphology	determiner_noun_agreement	Write a natural, coherent English sentence.
135	26	This teenager had dropped by these white oases.	This teenager had dropped by this white oases.	-103.0	-103.0	-10.25	-10.25	False	False	morphology	determiner_noun_agreement	Write a natural, coherent English sentence.
136	26	Eva has exited those smooth oases.	Eva has exited that smooth oases.	-92.0	-92.0	-10.25	-10.25	False	False	morphology	determiner_noun_agreement	Write a natural, coherent English sentence.
137	26	Cheryl wouldn't aggravate that bad person.	Cheryl wouldn't aggravate those bad person.	-122.0	-122.0	-10.1875	-10.125	False	False	morphology	determiner_noun_agreement	Write a natural, coherent English sentence.
138	26	Katherine hadn't shocked those young children.	Katherine hadn't shocked that young children.	-102.5	-103.0	-10.25	-10.3125	True	True	morphology	determiner_noun_agreement	Write a natural, coherent English sentence.
139	26	The student loves these troubled people.	The student loves this troubled people.	-82.0	-82.0	-10.25	-10.25	False	False	morphology	determiner_noun_agreement	Write a natural, coherent English sentence.
140	26	Tracy cared for those smart alumni.	Tracy cared for that smart alumni.	-102.0	-102.0	-10.1875	-10.25	False	True	morphology	determiner_noun_agreement	Write a natural, coherent English sentence.
141	26	Guys return to these small oases.	Guys return to this small oases.	-92.5	-92.5	-10.25	-10.25	False	False	morphology	determiner_noun_agreement	Write a natural, coherent English sentence.
142	26	Marcus won't bike to this white oasis.	Marcus won't bike to these white oasis.	-112.0	-112.0	-10.1875	-10.1875	False	False	morphology	determiner_noun_agreement	Write a natural, coherent English sentence.
143	26	Eggplants impressed these unconvinced alumni.	Eggplants impressed this unconvinced alumni.	-142.0	-142.0	-10.125	-10.125	False	False	morphology	determiner_noun_agreement	Write a natural, coherent English sentence.
144	26	A turtle has bored those troubled children.	A turtle has bored that troubled children.	-112.0	-112.0	-10.1875	-10.1875	False	False	morphology	determiner_noun_agreement	Write a natural, coherent English sentence.
145	26	The adults were taking those old teeth.	The adults were taking that old teeth.	-82.0	-82.0	-10.25	-10.25	False	False	morphology	determiner_noun_agreement	Write a natural, coherent English sentence.
146	26	Alan wasn't returning to those blue oases.	Alan wasn't returning to that blue oases.	-113.0	-113.0	-10.25	-10.25	False	False	morphology	determiner_noun_agreement	Write a natural, coherent English sentence.
147	26	Theodore had lifted this rough cactus.	Theodore had lifted these rough cactus.	-102.0	-102.0	-10.1875	-10.1875	False	False	morphology	determiner_noun_agreement	Write a natural, coherent English sentence.
148	26	Joel isn't praising those good synopses.	Joel isn't praising that good synopses.	-122.5	-122.5	-10.1875	-10.1875	False	False	morphology	determiner_noun_agreement	Write a natural, coherent English sentence.
149	26	The pedestrian knows these standing women.	The pedestrian knows this standing women.	-82.0	-82.0	-10.25	-10.25	False	False	morphology	determiner_noun_agreement	Write a natural, coherent English sentence.
150	26	Some museums forget that good analysis.	Some museums forget those good analysis.	-81.5	-81.5	-10.1875	-10.1875	False	False	morphology	determiner_noun_agreement	Write a natural, coherent English sentence.
151	26	The Clintons might clean that lost fungus.	The Clintons might clean those lost fungus.	-123.0	-122.5	-10.25	-10.25	False	False	morphology	determiner_noun_agreement	Write a natural, coherent English sentence.
152	26	Mary is bothering these out in the open children.	Mary is bothering this out in the open children.	-112.0	-112.0	-10.1875	-10.1875	False	False	morphology	determiner_noun_agreement	Write a natural, coherent English sentence.
153	26	Many customers sell that lost ox.	Many customers sell those lost ox.	-72.0	-72.0	-10.25	-10.25	False	False	morphology	determiner_noun_agreement	Write a natural, coherent English sentence.
154	26	These waitresses praise these troubled men.	These waitresses praise this troubled men.	-101.0	-101.0	-10.0625	-10.125	False	True	morphology	determiner_noun_agreement	Write a natural, coherent English sentence.
155	26	Many men didn't admire that nice person.	Many men didn't admire those nice person.	-112.5	-112.5	-10.25	-10.25	False	False	morphology	determiner_noun_agreement	Write a natural, coherent English sentence.
156	26	Jesus ran around this exposed oasis.	Jesus ran around these exposed oasis.	-81.5	-82.0	-10.1875	-10.25	True	True	morphology	determiner_noun_agreement	Write a natural, coherent English sentence.
157	26	Many customers talk about that delighted child.	Many customers talk about those delighted child.	-81.5	-82.0	-10.1875	-10.25	True	True	morphology	determiner_noun_agreement	Write a natural, coherent English sentence.
158	26	Drawings had disgusted this small woman.	Drawings had disgusted these small woman.	-92.0	-92.0	-10.25	-10.25	False	False	morphology	determiner_noun_agreement	Write a natural, coherent English sentence.
159	26	Colleen did care for that good man.	Colleen did care for those good man.	-92.0	-92.0	-10.25	-10.1875	False	False	morphology	determiner_noun_agreement	Write a natural, coherent English sentence.
160	26	Marcus admired those exposed geese.	Marcus admired that exposed geese.	-82.0	-82.0	-10.25	-10.25	False	False	morphology	determiner_noun_agreement	Write a natural, coherent English sentence.
161	26	Randolf has noticed this clean foot.	Randolf has noticed these clean foot.	-82.0	-82.0	-10.25	-10.25	False	False	morphology	determiner_noun_agreement	Write a natural, coherent English sentence.
162	26	Craig could listen to that determined man.	Craig could listen to those determined man.	-82.5	-82.5	-10.3125	-10.3125	False	False	morphology	determiner_noun_agreement	Write a natural, coherent English sentence.
163	26	Movies stunned this small man.	Movies stunned these small man.	-81.5	-81.5	-10.1875	-10.1875	False	False	morphology	determiner_noun_agreement	Write a natural, coherent English sentence.
164	26	Timothy buys this rough ox.	Timothy buys these rough ox.	-81.5	-81.5	-10.1875	-10.1875	False	False	morphology	determiner_noun_agreement	Write a natural, coherent English sentence.
165	26	Some women go to those red oases.	Some women go to that red oases.	-92.0	-92.0	-10.25	-10.25	False	False	morphology	determiner_noun_agreement	Write a natural, coherent English sentence.
166	26	Ruth fixed this clean tooth.	Ruth fixed these clean tooth.	-62.0	-62.0	-10.375	-10.375	False	False	morphology	determiner_noun_agreement	Write a natural, coherent English sentence.
167	26	Monica is boring those clever men.	Monica is boring that clever men.	-82.0	-82.0	-10.25	-10.25	False	False	morphology	determiner_noun_agreement	Write a natural, coherent English sentence.
168	26	Janice knows these hidden alumni.	Janice knows this hidden alumni.	-91.5	-91.5	-10.1875	-10.1875	False	False	morphology	determiner_noun_agreement	Write a natural, coherent English sentence.
169	26	Spain insults this delighted alumnus.	Spain insults these delighted alumnus.	-92.0	-92.0	-10.1875	-10.1875	False	False	morphology	determiner_noun_agreement	Write a natural, coherent English sentence.
170	26	Some planes bore that displeased child.	Some planes bore those displeased child.	-92.0	-92.0	-10.25	-10.25	False	False	morphology	determiner_noun_agreement	Write a natural, coherent English sentence.
171	26	Dishes should upset these happy men.	Dishes should upset this happy men.	-82.0	-82.0	-10.25	-10.25	False	False	morphology	determiner_noun_agreement	Write a natural, coherent English sentence.
172	26	That painting looked like these yellow stimuli.	That painting looked like this yellow stimuli.	-91.0	-91.5	-10.125	-10.125	True	False	morphology	determiner_noun_agreement	Write a natural, coherent English sentence.
173	26	Amy shocked that content man.	Amy shocked those content man.	-62.25	-62.25	-10.375	-10.375	False	False	morphology	determiner_noun_agreement	Write a natural, coherent English sentence.
174	26	Melinda hasn't hidden this determined woman.	Melinda hasn't hidden these determined woman.	-102.5	-102.5	-10.25	-10.25	False	False	morphology	determiner_noun_agreement	Write a natural, coherent English sentence.
175	26	Caroline did drive to this brown oasis.	Caroline did drive to these brown oasis.	-92.0	-92.0	-10.25	-10.25	False	False	morphology	determiner_noun_agreement	Write a natural, coherent English sentence.
176	26	That rice disturbed those smart alumni.	That rice disturbed that smart alumni.	-102.0	-102.5	-10.25	-10.25	True	False	morphology	determiner_noun_agreement	Write a natural, coherent English sentence.
177	26	Brian will examine these long analyses.	Brian will examine this long analyses.	-82.0	-82.0	-10.25	-10.25	False	False	morphology	determiner_noun_agreement	Write a natural, coherent English sentence.
178	26	Mark dislikes this uncertain child.	Mark dislikes these uncertain child.	-82.0	-82.0	-10.25	-10.25	False	False	morphology	determiner_noun_agreement	Write a natural, coherent English sentence.
179	26	Rose was returning to these out in the open children.	Rose was returning to this out in the open children.	-112.5	-112.0	-10.25	-10.1875	False	False	morphology	determiner_noun_agreement	Write a natural, coherent English sentence.
180	26	The guest has fixed this red tooth.	The guest has fixed these red tooth.	-82.0	-82.5	-10.25	-10.3125	True	True	morphology	determiner_noun_agreement	Write a natural, coherent English sentence.
181	26	Jennifer is breaking this big tooth.	Jennifer is breaking these big tooth.	-71.5	-72.0	-10.25	-10.25	True	False	morphology	determiner_noun_agreement	Write a natural, coherent English sentence.
182	26	Sabrina isn't referencing these red theses.	Sabrina isn't referencing this red theses.	-132.0	-132.0	-10.125	-10.125	False	False	morphology	determiner_noun_agreement	Write a natural, coherent English sentence.
183	26	Valerie hadn't exited that exposed oasis.	Valerie hadn't exited those exposed oasis.	-122.5	-122.5	-10.1875	-10.1875	False	False	morphology	determiner_noun_agreement	Write a natural, coherent English sentence.
184	26	Every restaurant had worried this hidden child.	Every restaurant had worried these hidden child.	-82.5	-82.5	-10.3125	-10.3125	False	False	morphology	determiner_noun_agreement	Write a natural, coherent English sentence.
185	26	A woman was examining those long synopses.	A woman was examining that long synopses.	-111.0	-111.0	-10.125	-10.125	False	False	morphology	determiner_noun_agreement	Write a natural, coherent English sentence.
186	26	All actresses approach that content man.	All actresses approach those content man.	-82.0	-81.5	-10.25	-10.1875	False	False	morphology	determiner_noun_agreement	Write a natural, coherent English sentence.
187	26	Sarah cleaned those yellow feet.	Sarah cleaned that yellow feet.	-61.5	-61.75	-10.25	-10.3125	True	True	morphology	determiner_noun_agreement	Write a natural, coherent English sentence.
188	26	Margaret tours those black oases.	Margaret tours that black oases.	-72.5	-72.5	-10.375	-10.375	False	False	morphology	determiner_noun_agreement	Write a natural, coherent English sentence.
189	26	Rachel wasn't messing up this clean foot.	Rachel wasn't messing up these clean foot.	-112.0	-112.5	-10.1875	-10.1875	True	False	morphology	determiner_noun_agreement	Write a natural, coherent English sentence.
190	26	The Lutherans go to that old oasis.	The Lutherans go to those old oasis.	-101.5	-102.0	-10.1875	-10.1875	True	False	morphology	determiner_noun_agreement	Write a natural, coherent English sentence.
191	26	The lamps shock those hidden alumni.	The lamps shock that hidden alumni.	-102.5	-102.5	-10.25	-10.25	False	False	morphology	determiner_noun_agreement	Write a natural, coherent English sentence.
192	26	Claire conceals those small stimuli.	Claire conceals that small stimuli.	-82.0	-82.5	-10.25	-10.3125	True	True	morphology	determiner_noun_agreement	Write a natural, coherent English sentence.
193	26	Most documentaries annoy that busy person.	Most documentaries annoy those busy person.	-81.5	-81.5	-10.1875	-10.1875	False	False	morphology	determiner_noun_agreement	Write a natural, coherent English sentence.
194	26	Pamela shouldn't return to those exposed men.	Pamela shouldn't return to that exposed men.	-112.0	-112.0	-10.1875	-10.1875	False	False	morphology	determiner_noun_agreement	Write a natural, coherent English sentence.
195	26	That person couldn't arrive at that purple oasis.	That person couldn't arrive at those purple oasis.	-122.0	-122.0	-10.125	-10.1875	False	True	morphology	determiner_noun_agreement	Write a natural, coherent English sentence.
196	26	Alicia won't admire those big nuclei.	Alicia won't admire that big nuclei.	-133.0	-133.0	-10.25	-10.25	False	False	morphology	determiner_noun_agreement	Write a natural, coherent English sentence.
197	26	Curtis arrived at that red oasis.	Curtis arrived at those red oasis.	-91.0	-91.0	-10.125	-10.125	False	False	morphology	determiner_noun_agreement	Write a natural, coherent English sentence.
198	26	People investigate that smart man.	People investigate those smart man.	-62.0	-61.75	-10.375	-10.3125	False	False	morphology	determiner_noun_agreement	Write a natural, coherent English sentence.
199	26	Some boys hire these content alumni.	Some boys hire this content alumni.	-92.0	-92.0	-10.25	-10.25	False	False	morphology	determiner_noun_agreement	Write a natural, coherent English sentence.
200	26	Leslie found these brown feet.	Leslie found this brown feet.	-71.0	-71.0	-10.125	-10.1875	False	True	morphology	determiner_noun_agreement	Write a natural, coherent English sentence.
201	26	Alexander was firing that displeased woman.	Alexander was firing those displeased woman.	-92.0	-92.5	-10.25	-10.25	True	False	morphology	determiner_noun_agreement	Write a natural, coherent English sentence.
202	26	Florence hasn't argued about those confident children.	Florence hasn't argued about that confident children.	-102.5	-102.5	-10.25	-10.25	False	False	morphology	determiner_noun_agreement	Write a natural, coherent English sentence.
203	26	That adult hadn't complained about that exposed man.	That adult hadn't complained about those exposed man.	-112.5	-112.5	-10.25	-10.1875	False	False	morphology	determiner_noun_agreement	Write a natural, coherent English sentence.
204	26	Larry works with these scared women.	Larry works with this scared women.	-72.0	-72.0	-10.25	-10.3125	False	True	morphology	determiner_noun_agreement	Write a natural, coherent English sentence.
205	26	Kathleen leaves this old child.	Kathleen leaves these old child.	-71.0	-71.0	-10.1875	-10.1875	False	False	morphology	determiner_noun_agreement	Write a natural, coherent English sentence.
206	26	The actresses weren't watching these scared people.	The actresses weren't watching this scared people.	-112.0	-112.0	-10.1875	-10.1875	False	False	morphology	determiner_noun_agreement	Write a natural, coherent English sentence.
207	26	Derek isn't escaping from these blue oases.	Derek isn't escaping from this blue oases.	-133.0	-133.0	-10.1875	-10.1875	False	False	morphology	determiner_noun_agreement	Write a natural, coherent English sentence.
208	26	Naomi isn't talking about that cheap oasis.	Naomi isn't talking about those cheap oasis.	-122.0	-121.5	-10.1875	-10.125	False	False	morphology	determiner_noun_agreement	Write a natural, coherent English sentence.
209	26	These guests hate these troubled men.	These guests hate this troubled men.	-82.0	-82.0	-10.25	-10.25	False	False	morphology	determiner_noun_agreement	Write a natural, coherent English sentence.
210	26	Patricia wasn't hiring those small children.	Patricia wasn't hiring that small children.	-111.5	-111.5	-10.125	-10.125	False	False	morphology	determiner_noun_agreement	Write a natural, coherent English sentence.
211	26	All stairs weren't alarming that lucky woman.	All stairs weren't alarming those lucky woman.	-112.5	-112.5	-10.25	-10.1875	False	False	morphology	determiner_noun_agreement	Write a natural, coherent English sentence.
212	26	Many drivers left that confident alumnus.	Many drivers left those confident alumnus.	-92.0	-92.0	-10.25	-10.25	False	False	morphology	determiner_noun_agreement	Write a natural, coherent English sentence.
213	26	Every skirt disgusts these smart children.	Every skirt disgusts this smart children.	-82.0	-82.0	-10.25	-10.25	False	False	morphology	determiner_noun_agreement	Write a natural, coherent English sentence.
214	26	Valerie has astounded that lost alumnus.	Valerie has astounded those lost alumnus.	-121.5	-121.5	-10.125	-10.125	False	False	morphology	determiner_noun_agreement	Write a natural, coherent English sentence.
215	26	Sonia should describe this determined child.	Sonia should describe these determined child.	-82.0	-82.0	-10.25	-10.25	False	False	morphology	determiner_noun_agreement	Write a natural, coherent English sentence.
216	26	A lot of lakes weren't disgusting that old person.	A lot of lakes weren't disgusting those old person.	-142.0	-142.0	-10.125	-10.125	False	False	morphology	determiner_noun_agreement	Write a natural, coherent English sentence.
217	26	Some pants hadn't aggravated that good woman.	Some pants hadn't aggravated those good woman.	-122.0	-122.0	-10.1875	-10.1875	False	False	morphology	determiner_noun_agreement	Write a natural, coherent English sentence.
218	26	Anne does return to that old woman.	Anne does return to those old woman.	-81.5	-82.0	-10.1875	-10.25	True	True	morphology	determiner_noun_agreement	Write a natural, coherent English sentence.
219	26	Alan wasn't listening to that delighted person.	Alan wasn't listening to those delighted person.	-102.0	-102.5	-10.1875	-10.25	True	True	morphology	determiner_noun_agreement	Write a natural, coherent English sentence.
220	26	Some icicles annoy those serious alumni.	Some icicles annoy that serious alumni.	-101.5	-102.0	-10.1875	-10.1875	True	False	morphology	determiner_noun_agreement	Write a natural, coherent English sentence.
221	26	Many women won't scare those uncertain men.	Many women won't scare that uncertain men.	-113.0	-113.5	-10.3125	-10.3125	True	False	morphology	determiner_noun_agreement	Write a natural, coherent English sentence.
222	26	Science disgusts this unconvinced alumnus.	Science disgusts these unconvinced alumnus.	-121.0	-121.0	-10.0625	-10.0625	False	False	morphology	determiner_noun_agreement	Write a natural, coherent English sentence.
223	26	Connie tours these rough oases.	Connie tours this rough oases.	-82.0	-82.0	-10.25	-10.25	False	False	morphology	determiner_noun_agreement	Write a natural, coherent English sentence.
224	26	Those banks were talking about this lost thesis.	Those banks were talking about these lost thesis.	-92.0	-92.0	-10.1875	-10.1875	False	False	morphology	determiner_noun_agreement	Write a natural, coherent English sentence.
225	26	Some prints didn't look like this rough louse.	Some prints didn't look like these rough louse.	-122.5	-122.5	-10.25	-10.25	False	False	morphology	determiner_noun_agreement	Write a natural, coherent English sentence.
226	26	All pedestrians like those rough theses.	All pedestrians like that rough theses.	-102.5	-102.5	-10.25	-10.25	False	False	morphology	determiner_noun_agreement	Write a natural, coherent English sentence.
227	26	Douglas saw that black fungus.	Douglas saw those black fungus.	-81.5	-82.0	-10.1875	-10.25	True	True	morphology	determiner_noun_agreement	Write a natural, coherent English sentence.
228	26	Sarah examined that bad analysis.	Sarah examined those bad analysis.	-62.0	-62.0	-10.375	-10.375	False	False	morphology	determiner_noun_agreement	Write a natural, coherent English sentence.
229	26	An actress researches this long thesis.	An actress researches these long thesis.	-102.5	-102.0	-10.25	-10.25	False	False	morphology	determiner_noun_agreement	Write a natural, coherent English sentence.
230	26	Those waitresses criticize this hidden child.	Those waitresses criticize these hidden child.	-101.0	-101.0	-10.125	-10.125	False	False	morphology	determiner_noun_agreement	Write a natural, coherent English sentence.
231	26	Most drivers question these upset alumni.	Most drivers question this upset alumni.	-92.5	-92.0	-10.25	-10.25	False	False	morphology	determiner_noun_agreement	Write a natural, coherent English sentence.
232	26	Phillip isn't working with these small women.	Phillip isn't working with this small women.	-112.5	-112.5	-10.25	-10.25	False	False	morphology	determiner_noun_agreement	Write a natural, coherent English sentence.
233	26	Jennifer can't aggravate that unlucky man.	Jennifer can't aggravate those unlucky man.	-133.0	-132.0	-10.1875	-10.1875	False	False	morphology	determiner_noun_agreement	Write a natural, coherent English sentence.
234	26	Essays confuse this good woman.	Essays confuse these good woman.	-82.0	-82.5	-10.25	-10.3125	True	True	morphology	determiner_noun_agreement	Write a natural, coherent English sentence.
235	26	Amelia has forgotten those bad analyses.	Amelia has forgotten that bad analyses.	-91.0	-91.5	-10.125	-10.125	True	False	morphology	determiner_noun_agreement	Write a natural, coherent English sentence.
236	26	Michael had explored this brown oasis.	Michael had explored these brown oasis.	-82.0	-82.0	-10.25	-10.25	False	False	morphology	determiner_noun_agreement	Write a natural, coherent English sentence.
237	26	Natalie can aggravate those smart men.	Natalie can aggravate that smart men.	-101.0	-101.5	-10.125	-10.125	True	False	morphology	determiner_noun_agreement	Write a natural, coherent English sentence.
238	26	That patient won't go to these cheap oases.	That patient won't go to this cheap oases.	-123.0	-123.0	-10.25	-10.25	False	False	morphology	determiner_noun_agreement	Write a natural, coherent English sentence.
239	26	Heidi had discovered those black feet.	Heidi had discovered that black feet.	-82.0	-82.0	-10.25	-10.25	False	False	morphology	determiner_noun_agreement	Write a natural, coherent English sentence.
240	26	David hadn't watched those determined men.	David hadn't watched that determined men.	-92.0	-92.5	-10.25	-10.25	True	False	morphology	determiner_noun_agreement	Write a natural, coherent English sentence.
241	26	Some teenager couldn't walk through these green oases.	Some teenager couldn't walk through this green oases.	-123.0	-123.0	-10.25	-10.25	False	False	morphology	determiner_noun_agreement	Write a natural, coherent English sentence.
242	26	Christina shouldn't sell this hard oasis.	Christina shouldn't sell these hard oasis.	-111.5	-111.5	-10.125	-10.125	False	False	morphology	determiner_noun_agreement	Write a natural, coherent English sentence.
243	26	Christopher isn't firing those sick men.	Christopher isn't firing that sick men.	-93.0	-93.0	-10.3125	-10.3125	False	False	morphology	determiner_noun_agreement	Write a natural, coherent English sentence.
244	26	Most students hide that yellow mouse.	Most students hide those yellow mouse.	-72.0	-72.0	-10.25	-10.25	False	False	morphology	determiner_noun_agreement	Write a natural, coherent English sentence.
245	26	Holly did buy those clean feet.	Holly did buy that clean feet.	-71.5	-72.0	-10.25	-10.3125	True	True	morphology	determiner_noun_agreement	Write a natural, coherent English sentence.
246	26	Many actors clean these brown theses.	Many actors clean this brown theses.	-82.0	-82.0	-10.25	-10.25	False	False	morphology	determiner_noun_agreement	Write a natural, coherent English sentence.
247	26	Stacy would hide those lost lice.	Stacy would hide that lost lice.	-92.5	-93.0	-10.3125	-10.3125	True	False	morphology	determiner_noun_agreement	Write a natural, coherent English sentence.
248	26	Alan drove to that new oasis.	Alan drove to those new oasis.	-81.0	-81.0	-10.125	-10.125	False	False	morphology	determiner_noun_agreement	Write a natural, coherent English sentence.
249	26	The Impressionists tour this purple oasis.	The Impressionists tour these purple oasis.	-101.5	-101.5	-10.125	-10.125	False	False	morphology	determiner_noun_agreement	Write a natural, coherent English sentence.
250	26	Wayne is talking to this hidden woman.	Wayne is talking to these hidden woman.	-82.0	-82.5	-10.25	-10.3125	True	True	morphology	determiner_noun_agreement	Write a natural, coherent English sentence.
251	26	Christopher forgets this happy child.	Christopher forgets these happy child.	-72.0	-71.5	-10.25	-10.1875	False	False	morphology	determiner_noun_agreement	Write a natural, coherent English sentence.
252	26	Julie can boycott those cheap oases.	Julie can boycott that cheap oases.	-91.5	-92.0	-10.1875	-10.25	True	True	morphology	determiner_noun_agreement	Write a natural, coherent English sentence.
253	26	Most senators dislike these bad theses.	Most senators dislike this bad theses.	-102.0	-102.0	-10.1875	-10.25	False	True	morphology	determiner_noun_agreement	Write a natural, coherent English sentence.
254	26	Denise concealed this content person.	Denise concealed these content person.	-82.0	-82.0	-10.25	-10.25	False	False	morphology	determiner_noun_agreement	Write a natural, coherent English sentence.
255	26	Some bike shocks these nice women.	Some bike shocks this nice women.	-82.0	-82.0	-10.25	-10.25	False	False	morphology	determiner_noun_agreement	Write a natural, coherent English sentence.
256	26	These teenagers fix those hidden feet.	These teenagers fix that hidden feet.	-81.0	-81.5	-10.125	-10.1875	True	True	morphology	determiner_noun_agreement	Write a natural, coherent English sentence.
257	26	Ella praised that ill woman.	Ella praised those ill woman.	-72.0	-72.0	-10.3125	-10.3125	False	False	morphology	determiner_noun_agreement	Write a natural, coherent English sentence.
258	26	Current events stun these lost people.	Current events stun this lost people.	-82.0	-82.0	-10.25	-10.25	False	False	morphology	determiner_noun_agreement	Write a natural, coherent English sentence.
259	26	Mary tours this gray oasis.	Mary tours these gray oasis.	-71.5	-71.5	-10.1875	-10.25	False	True	morphology	determiner_noun_agreement	Write a natural, coherent English sentence.
260	26	Linda visited those unsure men.	Linda visited that unsure men.	-72.0	-72.0	-10.3125	-10.3125	False	False	morphology	determiner_noun_agreement	Write a natural, coherent English sentence.
261	26	Dan wouldn't boycott that smooth oasis.	Dan wouldn't boycott those smooth oasis.	-112.0	-112.0	-10.1875	-10.1875	False	False	morphology	determiner_noun_agreement	Write a natural, coherent English sentence.
262	26	Those men leave that brown oasis.	Those men leave those brown oasis.	-82.0	-82.0	-10.25	-10.25	False	False	morphology	determiner_noun_agreement	Write a natural, coherent English sentence.
263	26	Lissa does pass these black oases.	Lissa does pass this black oases.	-93.0	-93.0	-10.3125	-10.375	False	True	morphology	determiner_noun_agreement	Write a natural, coherent English sentence.
264	26	Alice had embarrassed this happy man.	Alice had embarrassed these happy man.	-72.0	-72.0	-10.25	-10.25	False	False	morphology	determiner_noun_agreement	Write a natural, coherent English sentence.
265	26	Wayne is worrying that hopeful child.	Wayne is worrying those hopeful child.	-82.0	-82.0	-10.25	-10.25	False	False	morphology	determiner_noun_agreement	Write a natural, coherent English sentence.
266	26	Lucille is biking to that green oasis.	Lucille is biking to those green oasis.	-111.0	-111.5	-10.125	-10.125	True	False	morphology	determiner_noun_agreement	Write a natural, coherent English sentence.
267	26	Katherine hadn't skated around this white oasis.	Katherine hadn't skated around these white oasis.	-133.0	-133.0	-10.25	-10.25	False	False	morphology	determiner_noun_agreement	Write a natural, coherent English sentence.
268	26	James observed this hopeful child.	James observed these hopeful child.	-71.5	-71.0	-10.1875	-10.1875	False	False	morphology	determiner_noun_agreement	Write a natural, coherent English sentence.
269	26	Gerald liked this big child.	Gerald liked these big child.	-71.5	-71.5	-10.25	-10.1875	False	False	morphology	determiner_noun_agreement	Write a natural, coherent English sentence.
270	26	That committee wasn't hiring this displeased alumnus.	That committee wasn't hiring these displeased alumnus.	-143.0	-142.0	-10.1875	-10.1875	False	False	morphology	determiner_noun_agreement	Write a natural, coherent English sentence.
271	26	Gary isn't breaking that white tooth.	Gary isn't breaking those white tooth.	-92.5	-92.5	-10.25	-10.25	False	False	morphology	determiner_noun_agreement	Write a natural, coherent English sentence.
272	26	Walter hasn't seen those content children.	Walter hasn't seen that content children.	-92.0	-92.0	-10.25	-10.25	False	False	morphology	determiner_noun_agreement	Write a natural, coherent English sentence.
273	26	Martha didn't clean these hidden teeth.	Martha didn't clean this hidden teeth.	-92.0	-92.0	-10.25	-10.25	False	False	morphology	determiner_noun_agreement	Write a natural, coherent English sentence.
274	26	These teachers are returning to those lost men.	These teachers are returning to that lost men.	-92.0	-92.0	-10.1875	-10.1875	False	False	morphology	determiner_noun_agreement	Write a natural, coherent English sentence.
275	26	Ellen hadn't boycotted that hidden oasis.	Ellen hadn't boycotted those hidden oasis.	-122.5	-122.5	-10.1875	-10.1875	False	False	morphology	determiner_noun_agreement	Write a natural, coherent English sentence.
276	26	Some patients drive to these brown oases.	Some patients drive to this brown oases.	-92.5	-92.5	-10.25	-10.25	False	False	morphology	determiner_noun_agreement	Write a natural, coherent English sentence.
277	26	Nina wasn't referencing this ill person.	Nina wasn't referencing these ill person.	-102.0	-102.0	-10.1875	-10.1875	False	False	morphology	determiner_noun_agreement	Write a natural, coherent English sentence.
278	26	Denise praises these fast children.	Denise praises this fast children.	-81.5	-81.5	-10.1875	-10.1875	False	False	morphology	determiner_noun_agreement	Write a natural, coherent English sentence.
279	26	Most customers attack that clever man.	Most customers attack those clever man.	-72.5	-72.0	-10.3125	-10.3125	False	False	morphology	determiner_noun_agreement	Write a natural, coherent English sentence.
280	26	Every photograph looks like those exposed people.	Every photograph looks like that exposed people.	-81.5	-82.0	-10.1875	-10.25	True	True	morphology	determiner_noun_agreement	Write a natural, coherent English sentence.
281	26	Cindy shouldn't cure that confident alumnus.	Cindy shouldn't cure those confident alumnus.	-133.0	-133.0	-10.25	-10.25	False	False	morphology	determiner_noun_agreement	Write a natural, coherent English sentence.
282	26	The Borgias reveal these blue feet.	The Borgias reveal this blue feet.	-93.0	-93.0	-10.3125	-10.3125	False	False	morphology	determiner_noun_agreement	Write a natural, coherent English sentence.
283	26	Ella lifts these exposed fungi.	Ella lifts this exposed fungi.	-92.0	-92.0	-10.25	-10.25	False	False	morphology	determiner_noun_agreement	Write a natural, coherent English sentence.
284	26	The Lutherans astound that unsure person.	The Lutherans astound those unsure person.	-102.5	-102.5	-10.25	-10.25	False	False	morphology	determiner_noun_agreement	Write a natural, coherent English sentence.
285	26	These cakes bore that determined woman.	These cakes bore those determined woman.	-82.5	-82.5	-10.3125	-10.3125	False	False	morphology	determiner_noun_agreement	Write a natural, coherent English sentence.
286	26	Nina lifts this orange cactus.	Nina lifts these orange cactus.	-91.5	-91.5	-10.1875	-10.1875	False	False	morphology	determiner_noun_agreement	Write a natural, coherent English sentence.
287	26	The actors kiss these unconvinced children.	The actors kiss this unconvinced children.	-102.0	-102.0	-10.1875	-10.1875	False	False	morphology	determiner_noun_agreement	Write a natural, coherent English sentence.
288	26	Sharon dislikes that brown thesis.	Sharon dislikes those brown thesis.	-92.0	-92.0	-10.1875	-10.1875	False	False	morphology	determiner_noun_agreement	Write a natural, coherent English sentence.
289	26	The customers sell these rough fungi.	The customers sell this rough fungi.	-82.0	-82.0	-10.25	-10.25	False	False	morphology	determiner_noun_agreement	Write a natural, coherent English sentence.
290	26	Janice didn't cure those employed men.	Janice didn't cure that employed men.	-102.0	-102.5	-10.1875	-10.25	True	True	morphology	determiner_noun_agreement	Write a natural, coherent English sentence.
291	26	Paula left this uncertain person.	Paula left these uncertain person.	-71.5	-71.5	-10.25	-10.25	False	False	morphology	determiner_noun_agreement	Write a natural, coherent English sentence.
292	26	Those guys had escaped from those employed children.	Those guys had escaped from that employed children.	-91.5	-92.0	-10.1875	-10.1875	True	False	morphology	determiner_noun_agreement	Write a natural, coherent English sentence.
293	26	Christine wasn't touring that old oasis.	Christine wasn't touring those old oasis.	-121.5	-121.5	-10.125	-10.125	False	False	morphology	determiner_noun_agreement	Write a natural, coherent English sentence.
294	26	These waitresses praise this rough thesis.	These waitresses praise these rough thesis.	-91.5	-91.5	-10.1875	-10.1875	False	False	morphology	determiner_noun_agreement	Write a natural, coherent English sentence.
295	26	Some girls hadn't passed this concealed oasis.	Some girls hadn't passed these concealed oasis.	-123.0	-123.0	-10.25	-10.25	False	False	morphology	determiner_noun_agreement	Write a natural, coherent English sentence.
296	26	Andrea lifts these small cacti.	Andrea lifts this small cacti.	-92.5	-92.5	-10.25	-10.25	False	False	morphology	determiner_noun_agreement	Write a natural, coherent English sentence.
297	26	Kristen is scanning those bad synopses.	Kristen is scanning that bad synopses.	-112.0	-112.0	-10.1875	-10.1875	False	False	morphology	determiner_noun_agreement	Write a natural, coherent English sentence.
298	26	Alan is skated around these cheap oases.	Alan is skated around this cheap oases.	-103.0	-103.0	-10.3125	-10.3125	False	False	morphology	determiner_noun_agreement	Write a natural, coherent English sentence.
299	26	Kayla has investigated these busy people.	Kayla has investigated this busy people.	-82.0	-82.0	-10.25	-10.25	False	False	morphology	determiner_noun_agreement	Write a natural, coherent English sentence.
300	26	Timothy observes that good woman.	Timothy observes those good woman.	-81.5	-81.5	-10.1875	-10.1875	False	False	morphology	determiner_noun_agreement	Write a natural, coherent English sentence.
301	26	Every museum hadn't discussed those hidden theses.	Every museum hadn't discussed that hidden theses.	-112.5	-113.0	-10.1875	-10.25	True	True	morphology	determiner_noun_agreement	Write a natural, coherent English sentence.
302	26	Some cashiers help this troubled person.	Some cashiers help these troubled person.	-91.0	-91.0	-10.125	-10.125	False	False	morphology	determiner_noun_agreement	Write a natural, coherent English sentence.
303	26	Amanda was attacking that displeased woman.	Amanda was attacking those displeased woman.	-92.5	-92.5	-10.25	-10.25	False	False	morphology	determiner_noun_agreement	Write a natural, coherent English sentence.
304	26	This window upsets these lost people.	This window upsets this lost people.	-82.0	-82.0	-10.25	-10.25	False	False	morphology	determiner_noun_agreement	Write a natural, coherent English sentence.
305	26	Cindy wasn't bringing those gray cacti.	Cindy wasn't bringing that gray cacti.	-133.0	-133.0	-10.25	-10.25	False	False	morphology	determiner_noun_agreement	Write a natural, coherent English sentence.
306	26	Peter complained about these good synopses.	Peter complained about this good synopses.	-91.5	-91.5	-10.1875	-10.1875	False	False	morphology	determiner_noun_agreement	Write a natural, coherent English sentence.
307	26	Danielle was touring those new oases.	Danielle was touring that new oases.	-101.5	-101.5	-10.125	-10.125	False	False	morphology	determiner_noun_agreement	Write a natural, coherent English sentence.
308	26	Elaine discusses that standing person.	Elaine discusses those standing person.	-82.0	-82.0	-10.25	-10.25	False	False	morphology	determiner_noun_agreement	Write a natural, coherent English sentence.
309	26	Jacqueline had healed those rough geese.	Jacqueline had healed that rough geese.	-112.0	-112.0	-10.1875	-10.1875	False	False	morphology	determiner_noun_agreement	Write a natural, coherent English sentence.
310	26	All rivers were distracting those standing men.	All rivers were distracting that standing men.	-92.0	-92.5	-10.25	-10.3125	True	True	morphology	determiner_noun_agreement	Write a natural, coherent English sentence.
311	26	Some people exit those yellow oases.	Some people exit that yellow oases.	-82.0	-82.0	-10.25	-10.25	False	False	morphology	determiner_noun_agreement	Write a natural, coherent English sentence.
312	26	Becca isn't exploring these hard oases.	Becca isn't exploring this hard oases.	-112.5	-112.5	-10.25	-10.25	False	False	morphology	determiner_noun_agreement	Write a natural, coherent English sentence.
313	26	Timothy revealed that big foot.	Timothy revealed those big foot.	-71.0	-71.0	-10.125	-10.1875	False	True	morphology	determiner_noun_agreement	Write a natural, coherent English sentence.
314	26	Adam fires these determined men.	Adam fires this determined men.	-62.0	-62.0	-10.3125	-10.3125	False	False	morphology	determiner_noun_agreement	Write a natural, coherent English sentence.
315	26	The teenagers clean this purple foot.	The teenagers clean these purple foot.	-81.0	-81.0	-10.125	-10.125	False	False	morphology	determiner_noun_agreement	Write a natural, coherent English sentence.
316	26	The Great Lakes could annoy that troubled man.	The Great Lakes could annoy those troubled man.	-112.5	-112.0	-10.25	-10.1875	False	False	morphology	determiner_noun_agreement	Write a natural, coherent English sentence.
317	26	Karen discusses those bad men.	Karen discusses that bad men.	-72.0	-72.0	-10.3125	-10.3125	False	False	morphology	determiner_noun_agreement	Write a natural, coherent English sentence.
318	26	Phillip didn't find those ill alumni.	Phillip didn't find that ill alumni.	-122.0	-122.0	-10.125	-10.125	False	False	morphology	determiner_noun_agreement	Write a natural, coherent English sentence.
319	26	A lot of men reference these good analyses.	A lot of men reference this good analyses.	-102.0	-102.0	-10.1875	-10.1875	False	False	morphology	determiner_noun_agreement	Write a natural, coherent English sentence.
320	26	Larry had insulted these lucky children.	Larry had insulted this lucky children.	-81.5	-82.0	-10.1875	-10.25	True	True	morphology	determiner_noun_agreement	Write a natural, coherent English sentence.
321	26	Debra is firing that determined child.	Debra is firing those determined child.	-82.5	-82.5	-10.3125	-10.3125	False	False	morphology	determiner_noun_agreement	Write a natural, coherent English sentence.
322	26	Noah was watching that fast woman.	Noah was watching those fast woman.	-72.0	-72.0	-10.25	-10.25	False	False	morphology	determiner_noun_agreement	Write a natural, coherent English sentence.
323	26	Gina works with that displeased person.	Gina works with those displeased person.	-102.0	-102.0	-10.25	-10.1875	False	False	morphology	determiner_noun_agreement	Write a natural, coherent English sentence.
324	26	Most doctors would bring these big nuclei.	Most doctors would bring this big nuclei.	-92.5	-92.5	-10.3125	-10.3125	False	False	morphology	determiner_noun_agreement	Write a natural, coherent English sentence.
325	26	All drawings alarm that unconvinced child.	All drawings alarm those unconvinced child.	-102.5	-102.0	-10.25	-10.1875	False	False	morphology	determiner_noun_agreement	Write a natural, coherent English sentence.
326	26	Some libraries hate that busy man.	Some libraries hate those busy man.	-72.0	-71.5	-10.25	-10.25	False	False	morphology	determiner_noun_agreement	Write a natural, coherent English sentence.
327	26	Derek disgusted that unemployed child.	Derek disgusted those unemployed child.	-91.5	-91.5	-10.125	-10.125	False	False	morphology	determiner_noun_agreement	Write a natural, coherent English sentence.
328	26	Marla hadn't fired these good men.	Marla hadn't fired this good men.	-103.0	-103.0	-10.25	-10.3125	False	True	morphology	determiner_noun_agreement	Write a natural, coherent English sentence.
329	26	Carmen examined that red thesis.	Carmen examined those red thesis.	-72.0	-71.5	-10.3125	-10.25	False	False	morphology	determiner_noun_agreement	Write a natural, coherent English sentence.
330	26	Amelia investigates this smart woman.	Amelia investigates these smart woman.	-81.5	-81.5	-10.1875	-10.1875	False	False	morphology	determiner_noun_agreement	Write a natural, coherent English sentence.
331	26	The Borgias hire that displeased alumnus.	The Borgias hire those displeased alumnus.	-132.0	-132.0	-10.1875	-10.1875	False	False	morphology	determiner_noun_agreement	Write a natural, coherent English sentence.
332	26	Stacey would arrive at these orange oases.	Stacey would arrive at this orange oases.	-112.0	-112.0	-10.1875	-10.1875	False	False	morphology	determiner_noun_agreement	Write a natural, coherent English sentence.
333	26	Anna works with this lucky man.	Anna works with these lucky man.	-72.0	-72.0	-10.3125	-10.25	False	False	morphology	determiner_noun_agreement	Write a natural, coherent English sentence.
334	26	Walter has scanned this rough thesis.	Walter has scanned these rough thesis.	-82.5	-82.5	-10.3125	-10.3125	False	False	morphology	determiner_noun_agreement	Write a natural, coherent English sentence.
335	26	Some mushroom bothered that lucky woman.	Some mushroom bothered those lucky woman.	-81.5	-81.5	-10.1875	-10.1875	False	False	morphology	determiner_noun_agreement	Write a natural, coherent English sentence.
336	26	Cynthia walked through this hard oasis.	Cynthia walked through these hard oasis.	-111.5	-112.0	-10.125	-10.1875	True	True	morphology	determiner_noun_agreement	Write a natural, coherent English sentence.
337	26	Liam has healed these black oxen.	Liam has healed this black oxen.	-102.0	-102.0	-10.1875	-10.1875	False	False	morphology	determiner_noun_agreement	Write a natural, coherent English sentence.
338	26	Andrew did notice these white axes.	Andrew did notice this white axes.	-82.0	-82.5	-10.25	-10.3125	True	True	morphology	determiner_noun_agreement	Write a natural, coherent English sentence.
339	26	Bethany kisses these serious alumni.	Bethany kisses this serious alumni.	-101.0	-101.5	-10.125	-10.125	True	False	morphology	determiner_noun_agreement	Write a natural, coherent English sentence.
340	26	Vanessa watches this nice person.	Vanessa watches these nice person.	-71.5	-71.5	-10.25	-10.1875	False	False	morphology	determiner_noun_agreement	Write a natural, coherent English sentence.
341	26	Every window astounded that big man.	Every window astounded those big man.	-91.5	-91.0	-10.125	-10.125	False	False	morphology	determiner_noun_agreement	Write a natural, coherent English sentence.
342	26	Donna leaves that upset man.	Donna leaves those upset man.	-71.5	-71.5	-10.25	-10.25	False	False	morphology	determiner_noun_agreement	Write a natural, coherent English sentence.
343	26	Many students drop by that orange oasis.	Many students drop by those orange oasis.	-92.0	-92.0	-10.1875	-10.25	False	True	morphology	determiner_noun_agreement	Write a natural, coherent English sentence.
344	26	The sketches looked like this unsure man.	The sketches looked like these unsure man.	-111.5	-111.5	-10.125	-10.125	False	False	morphology	determiner_noun_agreement	Write a natural, coherent English sentence.
345	26	Helen fixes that broken tooth.	Helen fixes those broken tooth.	-70.5	-71.0	-10.0625	-10.125	True	True	morphology	determiner_noun_agreement	Write a natural, coherent English sentence.
346	26	Robert wasn't annoying that old person.	Robert wasn't annoying those old person.	-92.5	-92.5	-10.25	-10.25	False	False	morphology	determiner_noun_agreement	Write a natural, coherent English sentence.
347	26	Amy isn't talking to that young woman.	Amy isn't talking to those young woman.	-102.0	-102.0	-10.1875	-10.25	False	True	morphology	determiner_noun_agreement	Write a natural, coherent English sentence.
348	26	Alan hadn't remembered these long analyses.	Alan hadn't remembered this long analyses.	-102.0	-102.0	-10.1875	-10.25	False	True	morphology	determiner_noun_agreement	Write a natural, coherent English sentence.
349	26	Stephen is working with these out in the open women.	Stephen is working with this out in the open women.	-112.5	-112.5	-10.25	-10.25	False	False	morphology	determiner_noun_agreement	Write a natural, coherent English sentence.
350	26	This library had discussed these employed men.	This library had discussed this employed men.	-82.5	-82.5	-10.3125	-10.3125	False	False	morphology	determiner_noun_agreement	Write a natural, coherent English sentence.
351	26	This teenager can't worry those delighted men.	This teenager can't worry that delighted men.	-103.5	-103.0	-10.3125	-10.3125	False	False	morphology	determiner_noun_agreement	Write a natural, coherent English sentence.
352	26	Wendy revealed that sick octopus.	Wendy revealed those sick octopus.	-91.5	-92.0	-10.125	-10.1875	True	True	morphology	determiner_noun_agreement	Write a natural, coherent English sentence.
353	26	The Clintons haven't worked with that young person.	The Clintons haven't worked with those young person.	-132.0	-132.0	-10.1875	-10.1875	False	False	morphology	determiner_noun_agreement	Write a natural, coherent English sentence.
354	26	Some committee aggravates this unconvinced woman.	Some committee aggravates these unconvinced woman.	-121.5	-121.5	-10.125	-10.125	False	False	morphology	determiner_noun_agreement	Write a natural, coherent English sentence.
355	26	Guy bored that troubled man.	Guy bored those troubled man.	-72.0	-72.0	-10.3125	-10.3125	False	False	morphology	determiner_noun_agreement	Write a natural, coherent English sentence.
356	26	Every actress scanned those bad analyses.	Every actress scanned that bad analyses.	-92.0	-92.0	-10.25	-10.25	False	False	morphology	determiner_noun_agreement	Write a natural, coherent English sentence.
357	26	A library alarms that determined child.	A library alarms those determined child.	-82.5	-82.5	-10.3125	-10.3125	False	False	morphology	determiner_noun_agreement	Write a natural, coherent English sentence.
358	26	Sheila can't notice this clever man.	Sheila can't notice these clever man.	-102.0	-102.0	-10.1875	-10.1875	False	False	morphology	determiner_noun_agreement	Write a natural, coherent English sentence.
359	26	James forgets this fast alumnus.	James forgets these fast alumnus.	-91.5	-91.5	-10.1875	-10.125	False	False	morphology	determiner_noun_agreement	Write a natural, coherent English sentence.
360	26	Noah hasn't thought about these smooth lice.	Noah hasn't thought about this smooth lice.	-112.5	-112.5	-10.25	-10.1875	False	False	morphology	determiner_noun_agreement	Write a natural, coherent English sentence.
361	26	Aaron sees these gray oases.	Aaron sees this gray oases.	-72.0	-72.0	-10.25	-10.3125	False	True	morphology	determiner_noun_agreement	Write a natural, coherent English sentence.
362	26	Sherry has taken this standing goose.	Sherry has taken these standing goose.	-92.0	-92.0	-10.25	-10.25	False	False	morphology	determiner_noun_agreement	Write a natural, coherent English sentence.
363	26	Marie hasn't found those ill geese.	Marie hasn't found that ill geese.	-102.0	-102.0	-10.1875	-10.1875	False	False	morphology	determiner_noun_agreement	Write a natural, coherent English sentence.
364	26	Peter isn't arriving at that red oasis.	Peter isn't arriving at those red oasis.	-112.0	-112.0	-10.1875	-10.1875	False	False	morphology	determiner_noun_agreement	Write a natural, coherent English sentence.
365	26	Jill isn't boycotting those orange oases.	Jill isn't boycotting that orange oases.	-142.0	-143.0	-10.1875	-10.1875	True	False	morphology	determiner_noun_agreement	Write a natural, coherent English sentence.
366	26	Julia messes up that orange foot.	Julia messes up those orange foot.	-82.0	-82.0	-10.25	-10.25	False	False	morphology	determiner_noun_agreement	Write a natural, coherent English sentence.
367	26	That hill didn't disturb that content woman.	That hill didn't disturb those content woman.	-102.5	-102.5	-10.25	-10.25	False	False	morphology	determiner_noun_agreement	Write a natural, coherent English sentence.
368	26	Suzanne has concealed that concealed man.	Suzanne has concealed those concealed man.	-101.5	-101.5	-10.125	-10.125	False	False	morphology	determiner_noun_agreement	Write a natural, coherent English sentence.
369	26	Alicia sells that orange octopus.	Alicia sells those orange octopus.	-111.0	-111.0	-10.0625	-10.0625	False	False	morphology	determiner_noun_agreement	Write a natural, coherent English sentence.
370	26	Leslie has discussed that delighted child.	Leslie has discussed those delighted child.	-82.0	-82.0	-10.25	-10.25	False	False	morphology	determiner_noun_agreement	Write a natural, coherent English sentence.
371	26	Andrea could like these white lice.	Andrea could like this white lice.	-82.0	-82.0	-10.25	-10.25	False	False	morphology	determiner_noun_agreement	Write a natural, coherent English sentence.
372	26	Most children break those rough teeth.	Most children break that rough teeth.	-72.0	-72.0	-10.25	-10.3125	False	True	morphology	determiner_noun_agreement	Write a natural, coherent English sentence.
373	26	Richard did work with this clever child.	Richard did work with these clever child.	-82.0	-82.0	-10.25	-10.25	False	False	morphology	determiner_noun_agreement	Write a natural, coherent English sentence.
374	26	Anne hugs this unemployed woman.	Anne hugs these unemployed woman.	-81.0	-81.0	-10.125	-10.125	False	False	morphology	determiner_noun_agreement	Write a natural, coherent English sentence.
375	26	Those actors attack that excited child.	Those actors attack those excited child.	-72.0	-72.5	-10.3125	-10.3125	True	False	morphology	determiner_noun_agreement	Write a natural, coherent English sentence.
376	26	Bruce was hugging that unconvinced man.	Bruce was hugging those unconvinced man.	-111.0	-111.0	-10.125	-10.0625	False	False	morphology	determiner_noun_agreement	Write a natural, coherent English sentence.
377	26	Patrick hasn't hidden this orange oasis.	Patrick hasn't hidden these orange oasis.	-102.5	-103.0	-10.25	-10.25	True	False	morphology	determiner_noun_agreement	Write a natural, coherent English sentence.
378	26	Alicia hadn't discussed that uncertain person.	Alicia hadn't discussed those uncertain person.	-112.5	-112.5	-10.25	-10.25	False	False	morphology	determiner_noun_agreement	Write a natural, coherent English sentence.
379	26	Susan wasn't talking to those confident men.	Susan wasn't talking to that confident men.	-102.0	-102.0	-10.1875	-10.1875	False	False	morphology	determiner_noun_agreement	Write a natural, coherent English sentence.
380	26	Cheryl will scan that good synopsis.	Cheryl will scan those good synopsis.	-92.0	-92.0	-10.1875	-10.1875	False	False	morphology	determiner_noun_agreement	Write a natural, coherent English sentence.
381	26	Tamara kissed that unsure man.	Tamara kissed those unsure man.	-81.0	-81.0	-10.125	-10.125	False	False	morphology	determiner_noun_agreement	Write a natural, coherent English sentence.
382	26	Craig boasts about those bad analyses.	Craig boasts about that bad analyses.	-91.5	-91.5	-10.1875	-10.1875	False	False	morphology	determiner_noun_agreement	Write a natural, coherent English sentence.
383	26	Randolf hadn't hugged those serious people.	Randolf hadn't hugged that serious people.	-112.0	-112.0	-10.1875	-10.1875	False	False	morphology	determiner_noun_agreement	Write a natural, coherent English sentence.
384	26	Many doctors cure these exposed men.	Many doctors cure this exposed men.	-72.0	-72.0	-10.25	-10.3125	False	True	morphology	determiner_noun_agreement	Write a natural, coherent English sentence.
385	26	Women criticized those smooth theses.	Women criticized that smooth theses.	-81.5	-81.5	-10.1875	-10.1875	False	False	morphology	determiner_noun_agreement	Write a natural, coherent English sentence.
386	26	Some light disturbs that old person.	Some light disturbs those old person.	-92.5	-92.5	-10.25	-10.25	False	False	morphology	determiner_noun_agreement	Write a natural, coherent English sentence.
387	26	Carol was questioning this big man.	Carol was questioning these big man.	-72.0	-72.0	-10.3125	-10.3125	False	False	morphology	determiner_noun_agreement	Write a natural, coherent English sentence.
388	26	Sara has gone to that old oasis.	Sara has gone to those old oasis.	-91.5	-91.5	-10.125	-10.1875	False	True	morphology	determiner_noun_agreement	Write a natural, coherent English sentence.
389	26	Steven brought these red oases.	Steven brought this red oases.	-71.5	-72.0	-10.25	-10.25	True	False	morphology	determiner_noun_agreement	Write a natural, coherent English sentence.
390	26	Diana will disgust these ill children.	Diana will disgust this ill children.	-72.5	-72.5	-10.3125	-10.375	False	True	morphology	determiner_noun_agreement	Write a natural, coherent English sentence.
391	26	Steven disturbs these sick alumni.	Steven disturbs this sick alumni.	-102.5	-102.5	-10.25	-10.25	False	False	morphology	determiner_noun_agreement	Write a natural, coherent English sentence.
392	26	Angela wasn't lifting these blue feet.	Angela wasn't lifting this blue feet.	-92.5	-92.5	-10.25	-10.25	False	False	morphology	determiner_noun_agreement	Write a natural, coherent English sentence.
393	26	Sharon hasn't stunned that unsure child.	Sharon hasn't stunned those unsure child.	-123.5	-123.0	-10.3125	-10.25	False	False	morphology	determiner_noun_agreement	Write a natural, coherent English sentence.
394	26	These girls question that concealed man.	These girls question those concealed man.	-82.0	-82.0	-10.25	-10.25	False	False	morphology	determiner_noun_agreement	Write a natural, coherent English sentence.
395	26	Martha wasn't kissing this unemployed man.	Martha wasn't kissing these unemployed man.	-111.0	-111.0	-10.0625	-10.125	False	True	morphology	determiner_noun_agreement	Write a natural, coherent English sentence.
396	26	Kendra isn't working with this excited child.	Kendra isn't working with these excited child.	-123.0	-123.0	-10.25	-10.25	False	False	morphology	determiner_noun_agreement	Write a natural, coherent English sentence.
397	26	All actresses praise this hard thesis.	All actresses praise these hard thesis.	-81.5	-82.0	-10.1875	-10.25	True	True	morphology	determiner_noun_agreement	Write a natural, coherent English sentence.
398	26	David cleans that hard tooth.	David cleans those hard tooth.	-71.5	-71.5	-10.25	-10.25	False	False	morphology	determiner_noun_agreement	Write a natural, coherent English sentence.
399	26	Julia sounded like this uncertain person.	Julia sounded like these uncertain person.	-72.0	-72.0	-10.25	-10.25	False	False	morphology	determiner_noun_agreement	Write a natural, coherent English sentence.
400	26	Those actors attacked that happy alumnus.	Those actors attacked those happy alumnus.	-92.0	-92.0	-10.25	-10.1875	False	False	morphology	determiner_noun_agreement	Write a natural, coherent English sentence.
401	26	Eva hadn't admired these black fungi.	Eva hadn't admired this black fungi.	-112.5	-112.5	-10.25	-10.25	False	False	morphology	determiner_noun_agreement	Write a natural, coherent English sentence.
402	26	Many chairs aren't disgusting this unlucky child.	Many chairs aren't disgusting these unlucky child.	-132.0	-132.0	-10.1875	-10.1875	False	False	morphology	determiner_noun_agreement	Write a natural, coherent English sentence.
403	26	Those waiters break these rough teeth.	Those waiters break this rough teeth.	-82.0	-82.5	-10.25	-10.3125	True	True	morphology	determiner_noun_agreement	Write a natural, coherent English sentence.
404	26	Becca leaves this uncertain child.	Becca leaves these uncertain child.	-72.0	-72.0	-10.25	-10.25	False	False	morphology	determiner_noun_agreement	Write a natural, coherent English sentence.
405	26	Some steak disturbs these displeased children.	Some steak disturbs this displeased children.	-122.5	-122.5	-10.1875	-10.25	False	True	morphology	determiner_noun_agreement	Write a natural, coherent English sentence.
406	26	Christine wouldn't conceal this lost stimulus.	Christine wouldn't conceal these lost stimulus.	-122.5	-122.0	-10.1875	-10.1875	False	False	morphology	determiner_noun_agreement	Write a natural, coherent English sentence.
407	26	Every face irritates those unemployed alumni.	Every face irritates that unemployed alumni.	-111.0	-111.0	-10.0625	-10.0625	False	False	morphology	determiner_noun_agreement	Write a natural, coherent English sentence.
408	26	Susan noticed that unlucky person.	Susan noticed those unlucky person.	-81.0	-81.5	-10.125	-10.1875	True	True	morphology	determiner_noun_agreement	Write a natural, coherent English sentence.
409	26	Some women drop by those concealed oases.	Some women drop by that concealed oases.	-103.0	-102.5	-10.25	-10.25	False	False	morphology	determiner_noun_agreement	Write a natural, coherent English sentence.
410	26	The Clintons disagree with these serious men.	The Clintons disagree with this serious men.	-102.0	-102.0	-10.1875	-10.1875	False	False	morphology	determiner_noun_agreement	Write a natural, coherent English sentence.
411	26	Phillip discovers these busy women.	Phillip discovers this busy women.	-81.5	-81.5	-10.1875	-10.1875	False	False	morphology	determiner_noun_agreement	Write a natural, coherent English sentence.
412	26	Waiters investigate that hopeful woman.	Waiters investigate those hopeful woman.	-81.5	-81.5	-10.1875	-10.1875	False	False	morphology	determiner_noun_agreement	Write a natural, coherent English sentence.
413	26	Regina hasn't found these white nuclei.	Regina hasn't found this white nuclei.	-123.0	-123.0	-10.25	-10.25	False	False	morphology	determiner_noun_agreement	Write a natural, coherent English sentence.
414	26	Irene scanned those purple theses.	Irene scanned that purple theses.	-92.0	-92.0	-10.1875	-10.25	False	True	morphology	determiner_noun_agreement	Write a natural, coherent English sentence.
415	26	A bank references those popular people.	A bank references that popular people.	-72.5	-72.5	-10.3125	-10.375	False	True	morphology	determiner_noun_agreement	Write a natural, coherent English sentence.
416	26	Vincent tours this old oasis.	Vincent tours these old oasis.	-71.5	-71.5	-10.25	-10.25	False	False	morphology	determiner_noun_agreement	Write a natural, coherent English sentence.
417	26	Alicia kisses that standing woman.	Alicia kisses those standing woman.	-91.5	-91.5	-10.1875	-10.1875	False	False	morphology	determiner_noun_agreement	Write a natural, coherent English sentence.
418	26	Some candles aren't boring those displeased men.	Some candles aren't boring that displeased men.	-132.0	-133.0	-10.1875	-10.1875	True	False	morphology	determiner_noun_agreement	Write a natural, coherent English sentence.
419	26	That teenager does care for this old alumnus.	That teenager does care for these old alumnus.	-112.0	-112.0	-10.1875	-10.1875	False	False	morphology	determiner_noun_agreement	Write a natural, coherent English sentence.
420	26	A lot of drawings weren't alarming that displeased man.	A lot of drawings weren't alarming those displeased man.	-153.0	-152.0	-10.1875	-10.1875	False	False	morphology	determiner_noun_agreement	Write a natural, coherent English sentence.
421	26	That face astounded that important woman.	That face astounded those important woman.	-91.5	-91.5	-10.1875	-10.1875	False	False	morphology	determiner_noun_agreement	Write a natural, coherent English sentence.
422	26	Tiffany had approached these unemployed people.	Tiffany had approached this unemployed people.	-101.5	-101.5	-10.125	-10.125	False	False	morphology	determiner_noun_agreement	Write a natural, coherent English sentence.
423	26	Christina is passing these rough oases.	Christina is passing this rough oases.	-91.5	-91.5	-10.1875	-10.1875	False	False	morphology	determiner_noun_agreement	Write a natural, coherent English sentence.
424	26	Debra was praising those busy people.	Debra was praising that busy people.	-92.0	-92.0	-10.25	-10.25	False	False	morphology	determiner_noun_agreement	Write a natural, coherent English sentence.
425	26	The doctors didn't care for these scared children.	The doctors didn't care for this scared children.	-112.0	-112.0	-10.1875	-10.1875	False	False	morphology	determiner_noun_agreement	Write a natural, coherent English sentence.
426	26	Those ladders stun these small people.	Those ladders stun this small people.	-102.5	-103.0	-10.25	-10.3125	True	True	morphology	determiner_noun_agreement	Write a natural, coherent English sentence.
427	26	Samuel isn't distracting these clever women.	Samuel isn't distracting this clever women.	-102.5	-102.5	-10.25	-10.25	False	False	morphology	determiner_noun_agreement	Write a natural, coherent English sentence.
428	26	Lucille dropped by those new oases.	Lucille dropped by that new oases.	-92.0	-91.5	-10.1875	-10.1875	False	False	morphology	determiner_noun_agreement	Write a natural, coherent English sentence.
429	26	A legislature should aggravate that busy child.	A legislature should aggravate those busy child.	-112.0	-112.0	-10.1875	-10.1875	False	False	morphology	determiner_noun_agreement	Write a natural, coherent English sentence.
430	26	Larry observed that lucky child.	Larry observed those lucky child.	-61.75	-61.75	-10.25	-10.25	False	False	morphology	determiner_noun_agreement	Write a natural, coherent English sentence.
431	26	Lawrence wasn't approaching those troubled children.	Lawrence wasn't approaching that troubled children.	-102.0	-102.5	-10.25	-10.25	True	False	morphology	determiner_noun_agreement	Write a natural, coherent English sentence.
432	26	Most libraries describe those delighted men.	Most libraries describe that delighted men.	-72.5	-72.5	-10.3125	-10.3125	False	False	morphology	determiner_noun_agreement	Write a natural, coherent English sentence.
433	26	The Impressionists alarms that sick child.	The Impressionists alarms those sick child.	-102.0	-102.0	-10.1875	-10.1875	False	False	morphology	determiner_noun_agreement	Write a natural, coherent English sentence.
434	26	A lot of children have this exposed axis.	A lot of children have these exposed axis.	-92.0	-92.0	-10.25	-10.1875	False	False	morphology	determiner_noun_agreement	Write a natural, coherent English sentence.
435	26	Melissa couldn't reveal that small man.	Melissa couldn't reveal those small man.	-102.0	-102.0	-10.1875	-10.1875	False	False	morphology	determiner_noun_agreement	Write a natural, coherent English sentence.
436	26	These carriages won't impress those bad men.	These carriages won't impress that bad men.	-113.0	-113.0	-10.25	-10.3125	False	True	morphology	determiner_noun_agreement	Write a natural, coherent English sentence.
437	26	Many girls drop by that red oasis.	Many girls drop by those red oasis.	-92.0	-92.0	-10.25	-10.25	False	False	morphology	determiner_noun_agreement	Write a natural, coherent English sentence.
438	26	The Impressionists fled from this small woman.	The Impressionists fled from these small woman.	-101.0	-101.0	-10.0625	-10.125	False	True	morphology	determiner_noun_agreement	Write a natural, coherent English sentence.
439	26	Ann arrived at that blue oasis.	Ann arrived at those blue oasis.	-81.0	-81.5	-10.125	-10.1875	True	True	morphology	determiner_noun_agreement	Write a natural, coherent English sentence.
440	26	The sock isn't disturbing those lucky children.	The sock isn't disturbing that lucky children.	-111.5	-112.0	-10.125	-10.1875	True	True	morphology	determiner_noun_agreement	Write a natural, coherent English sentence.
441	26	Those socks were shocking those unlucky men.	Those socks were shocking that unlucky men.	-111.0	-111.5	-10.125	-10.125	True	False	morphology	determiner_noun_agreement	Write a natural, coherent English sentence.
442	26	Christine wasn't walking through those cheap oases.	Christine wasn't walking through that cheap oases.	-122.5	-122.5	-10.25	-10.25	False	False	morphology	determiner_noun_agreement	Write a natural, coherent English sentence.
443	26	Mary appreciates those content women.	Mary appreciates that content women.	-72.0	-72.0	-10.25	-10.25	False	False	morphology	determiner_noun_agreement	Write a natural, coherent English sentence.
444	26	That lady didn't question this ill person.	That lady didn't question these ill person.	-102.5	-102.5	-10.25	-10.25	False	False	morphology	determiner_noun_agreement	Write a natural, coherent English sentence.
445	26	Most birds annoy this young woman.	Most birds annoy these young woman.	-71.0	-71.5	-10.1875	-10.1875	True	False	morphology	determiner_noun_agreement	Write a natural, coherent English sentence.
446	26	Amelia is kissing these content men.	Amelia is kissing this content men.	-91.5	-91.5	-10.1875	-10.125	False	False	morphology	determiner_noun_agreement	Write a natural, coherent English sentence.
447	26	Judy isn't taking those standing oxen.	Judy isn't taking that standing oxen.	-112.5	-113.0	-10.25	-10.25	True	False	morphology	determiner_noun_agreement	Write a natural, coherent English sentence.
448	26	Irene is discussing those clever alumni.	Irene is discussing that clever alumni.	-102.0	-102.0	-10.25	-10.25	False	False	morphology	determiner_noun_agreement	Write a natural, coherent English sentence.
449	26	Danielle could describe these long analyses.	Danielle could describe this long analyses.	-91.5	-91.5	-10.1875	-10.1875	False	False	morphology	determiner_noun_agreement	Write a natural, coherent English sentence.
450	26	Eva hasn't praised that lucky woman.	Eva hasn't praised those lucky woman.	-92.5	-92.5	-10.25	-10.25	False	False	morphology	determiner_noun_agreement	Write a natural, coherent English sentence.
451	26	Grace might observe that unlucky woman.	Grace might observe those unlucky woman.	-92.0	-92.0	-10.1875	-10.25	False	True	morphology	determiner_noun_agreement	Write a natural, coherent English sentence.
452	26	The Clintons bothered these clever people.	The Clintons bothered this clever people.	-92.0	-92.5	-10.25	-10.25	True	False	morphology	determiner_noun_agreement	Write a natural, coherent English sentence.
453	26	April hadn't embarrassed those employed alumni.	April hadn't embarrassed that employed alumni.	-112.5	-112.5	-10.25	-10.25	False	False	morphology	determiner_noun_agreement	Write a natural, coherent English sentence.
454	26	Marie shouldn't forget that happy man.	Marie shouldn't forget those happy man.	-92.0	-92.0	-10.1875	-10.1875	False	False	morphology	determiner_noun_agreement	Write a natural, coherent English sentence.
455	26	Renee isn't breaking that cheap foot.	Renee isn't breaking those cheap foot.	-113.0	-113.0	-10.25	-10.25	False	False	morphology	determiner_noun_agreement	Write a natural, coherent English sentence.
456	26	Monica shouldn't sell those new oases.	Monica shouldn't sell that new oases.	-112.0	-112.0	-10.1875	-10.1875	False	False	morphology	determiner_noun_agreement	Write a natural, coherent English sentence.
457	26	Every dancer has returned to that troubled man.	Every dancer has returned to those troubled man.	-112.0	-112.0	-10.1875	-10.1875	False	False	morphology	determiner_noun_agreement	Write a natural, coherent English sentence.
458	26	Those dancers break those green teeth.	Those dancers break that green teeth.	-82.5	-82.5	-10.3125	-10.3125	False	False	morphology	determiner_noun_agreement	Write a natural, coherent English sentence.
459	26	These teachers talk about these fast women.	These teachers talk about this fast women.	-82.0	-82.0	-10.25	-10.25	False	False	morphology	determiner_noun_agreement	Write a natural, coherent English sentence.
460	26	Spain hasn't praised that happy man.	Spain hasn't praised those happy man.	-93.0	-93.0	-10.3125	-10.3125	False	False	morphology	determiner_noun_agreement	Write a natural, coherent English sentence.
461	26	Monica does kiss those good people.	Monica does kiss that good people.	-81.5	-82.0	-10.1875	-10.25	True	True	morphology	determiner_noun_agreement	Write a natural, coherent English sentence.
462	26	Benjamin can boast about those busy men.	Benjamin can boast about that busy men.	-92.0	-92.0	-10.25	-10.25	False	False	morphology	determiner_noun_agreement	Write a natural, coherent English sentence.
463	26	Donald conceals this lost nucleus.	Donald conceals these lost nucleus.	-82.0	-82.5	-10.25	-10.3125	True	True	morphology	determiner_noun_agreement	Write a natural, coherent English sentence.
464	26	Gregory was embarrassing this big woman.	Gregory was embarrassing these big woman.	-82.0	-82.0	-10.25	-10.25	False	False	morphology	determiner_noun_agreement	Write a natural, coherent English sentence.
465	26	The waiter wasn't stunning that hidden child.	The waiter wasn't stunning those hidden child.	-113.0	-113.0	-10.25	-10.25	False	False	morphology	determiner_noun_agreement	Write a natural, coherent English sentence.
466	26	A lot of photographs haven't looked like this red stimulus.	A lot of photographs haven't looked like these red stimulus.	-142.0	-142.0	-10.125	-10.125	False	False	morphology	determiner_noun_agreement	Write a natural, coherent English sentence.
467	26	A patient fixed those cheap feet.	A patient fixed that cheap feet.	-72.0	-72.5	-10.3125	-10.375	True	True	morphology	determiner_noun_agreement	Write a natural, coherent English sentence.
468	26	Many gates shouldn't astound these unsure alumni.	Many gates shouldn't astound this unsure alumni.	-143.0	-143.0	-10.1875	-10.1875	False	False	morphology	determiner_noun_agreement	Write a natural, coherent English sentence.
469	26	That picture hasn't looked like these big men.	That picture hasn't looked like this big men.	-112.0	-112.0	-10.1875	-10.1875	False	False	morphology	determiner_noun_agreement	Write a natural, coherent English sentence.
470	26	These waitresses talk about this hidden thesis.	These waitresses talk about these hidden thesis.	-101.0	-101.5	-10.125	-10.125	True	False	morphology	determiner_noun_agreement	Write a natural, coherent English sentence.
471	26	Stacy concealed those gray axes.	Stacy concealed that gray axes.	-92.0	-92.5	-10.25	-10.25	True	False	morphology	determiner_noun_agreement	Write a natural, coherent English sentence.
472	26	Nicole remembers those serious alumni.	Nicole remembers that serious alumni.	-92.0	-92.0	-10.1875	-10.1875	False	False	morphology	determiner_noun_agreement	Write a natural, coherent English sentence.
473	26	Leslie hadn't gone to that small oasis.	Leslie hadn't gone to those small oasis.	-121.5	-121.5	-10.125	-10.125	False	False	morphology	determiner_noun_agreement	Write a natural, coherent English sentence.
474	26	Joel wasn't praising this ill person.	Joel wasn't praising these ill person.	-103.0	-103.0	-10.25	-10.25	False	False	morphology	determiner_noun_agreement	Write a natural, coherent English sentence.
475	26	These drivers embarrasses this young alumnus.	These drivers embarrasses these young alumnus.	-102.0	-102.0	-10.1875	-10.1875	False	False	morphology	determiner_noun_agreement	Write a natural, coherent English sentence.
476	26	Beef bores that delighted woman.	Beef bores those delighted woman.	-82.0	-82.0	-10.25	-10.25	False	False	morphology	determiner_noun_agreement	Write a natural, coherent English sentence.
477	26	Mitchell goes to this gray oasis.	Mitchell goes to these gray oasis.	-81.5	-81.5	-10.1875	-10.1875	False	False	morphology	determiner_noun_agreement	Write a natural, coherent English sentence.
478	26	The mouth bores these upset men.	The mouth bores this upset men.	-83.0	-83.0	-10.375	-10.375	False	False	morphology	determiner_noun_agreement	Write a natural, coherent English sentence.
479	26	Most legislatures discuss those good people.	Most legislatures discuss that good people.	-82.0	-82.0	-10.25	-10.25	False	False	morphology	determiner_noun_agreement	Write a natural, coherent English sentence.
480	26	The boys mess up those purple feet.	The boys mess up that purple feet.	-82.0	-82.0	-10.25	-10.25	False	False	morphology	determiner_noun_agreement	Write a natural, coherent English sentence.
481	26	Cashiers describe these fast children.	Cashiers describe this fast children.	-71.5	-71.5	-10.25	-10.25	False	False	morphology	determiner_noun_agreement	Write a natural, coherent English sentence.
482	26	Roger has fired those unconvinced men.	Roger has fired that unconvinced men.	-102.0	-102.5	-10.25	-10.25	True	False	morphology	determiner_noun_agreement	Write a natural, coherent English sentence.
483	26	Amy wasn't kissing this content man.	Amy wasn't kissing these content man.	-102.0	-102.0	-10.1875	-10.1875	False	False	morphology	determiner_noun_agreement	Write a natural, coherent English sentence.
484	26	Every dancer hadn't praised those good analyses.	Every dancer hadn't praised that good analyses.	-123.0	-123.0	-10.25	-10.25	False	False	morphology	determiner_noun_agreement	Write a natural, coherent English sentence.
485	26	Rhonda wasn't hiding those red mice.	Rhonda wasn't hiding that red mice.	-112.5	-112.5	-10.1875	-10.25	False	True	morphology	determiner_noun_agreement	Write a natural, coherent English sentence.
486	26	Every pedestrian talks about that bad synopsis.	Every pedestrian talks about those bad synopsis.	-101.0	-101.0	-10.125	-10.0625	False	False	morphology	determiner_noun_agreement	Write a natural, coherent English sentence.
487	26	The fish shocks these old alumni.	The fish shocks this old alumni.	-101.5	-102.0	-10.1875	-10.1875	True	False	morphology	determiner_noun_agreement	Write a natural, coherent English sentence.
488	26	Those waitresses visited those scared alumni.	Those waitresses visited that scared alumni.	-111.0	-111.0	-10.0625	-10.125	False	True	morphology	determiner_noun_agreement	Write a natural, coherent English sentence.
489	26	That library was listening to this nice man.	That library was listening to these nice man.	-92.0	-92.0	-10.1875	-10.25	False	True	morphology	determiner_noun_agreement	Write a natural, coherent English sentence.
490	26	Steve wasn't bringing that blue stimulus.	Steve wasn't bringing those blue stimulus.	-102.0	-102.0	-10.1875	-10.1875	False	False	morphology	determiner_noun_agreement	Write a natural, coherent English sentence.
491	26	Some guest was hiring that scared woman.	Some guest was hiring those scared woman.	-82.5	-82.5	-10.3125	-10.3125	False	False	morphology	determiner_noun_agreement	Write a natural, coherent English sentence.
492	26	The spotlights upset this unconvinced alumnus.	The spotlights upset these unconvinced alumnus.	-132.0	-132.0	-10.125	-10.125	False	False	morphology	determiner_noun_agreement	Write a natural, coherent English sentence.
493	26	Todd might observe this lost man.	Todd might observe these lost man.	-72.0	-72.0	-10.3125	-10.3125	False	False	morphology	determiner_noun_agreement	Write a natural, coherent English sentence.
494	26	People could describe that unconvinced person.	People could describe those unconvinced person.	-102.0	-102.0	-10.1875	-10.1875	False	False	morphology	determiner_noun_agreement	Write a natural, coherent English sentence.
495	26	That waiter had astounded these lucky people.	That waiter had astounded this lucky people.	-112.0	-112.0	-10.1875	-10.1875	False	False	morphology	determiner_noun_agreement	Write a natural, coherent English sentence.
496	26	Kendra disgusted these confident women.	Kendra disgusted this confident women.	-92.5	-92.5	-10.25	-10.25	False	False	morphology	determiner_noun_agreement	Write a natural, coherent English sentence.
497	26	Spain hasn't annoyed those old people.	Spain hasn't annoyed that old people.	-101.5	-101.5	-10.1875	-10.1875	False	False	morphology	determiner_noun_agreement	Write a natural, coherent English sentence.
498	26	Steve kisses these out in the open people.	Steve kisses this out in the open people.	-101.5	-101.5	-10.125	-10.125	False	False	morphology	determiner_noun_agreement	Write a natural, coherent English sentence.
499	26	Wayne kissed those unconvinced men.	Wayne kissed that unconvinced men.	-92.0	-92.0	-10.1875	-10.25	False	True	morphology	determiner_noun_agreement	Write a natural, coherent English sentence.
500	26	Douglas has brought those lost cacti.	Douglas has brought that lost cacti.	-92.0	-92.0	-10.25	-10.25	False	False	morphology	determiner_noun_agreement	Write a natural, coherent English sentence.
501	26	Tammy can't reveal that big alumnus.	Tammy can't reveal those big alumnus.	-122.0	-122.0	-10.1875	-10.1875	False	False	morphology	determiner_noun_agreement	Write a natural, coherent English sentence.
502	26	Deborah fled from those standing children.	Deborah fled from that standing children.	-91.5	-91.5	-10.1875	-10.1875	False	False	morphology	determiner_noun_agreement	Write a natural, coherent English sentence.
503	26	A man wasn't cleaning that hard fungus.	A man wasn't cleaning those hard fungus.	-122.5	-122.5	-10.25	-10.25	False	False	morphology	determiner_noun_agreement	Write a natural, coherent English sentence.
504	26	Danielle has broken those gray teeth.	Danielle has broken that gray teeth.	-81.5	-82.0	-10.1875	-10.25	True	True	morphology	determiner_noun_agreement	Write a natural, coherent English sentence.
505	26	Derek praised this big thesis.	Derek praised these big thesis.	-72.5	-72.5	-10.3125	-10.3125	False	False	morphology	determiner_noun_agreement	Write a natural, coherent English sentence.
506	26	Gary has disgusted those unsure people.	Gary has disgusted that unsure people.	-92.5	-92.0	-10.25	-10.25	False	False	morphology	determiner_noun_agreement	Write a natural, coherent English sentence.
507	26	A senator insulted this bad synopsis.	A senator insulted these bad synopsis.	-101.5	-101.5	-10.125	-10.125	False	False	morphology	determiner_noun_agreement	Write a natural, coherent English sentence.
508	26	A lot of drivers visit these purple oases.	A lot of drivers visit this purple oases.	-102.5	-102.5	-10.25	-10.25	False	False	morphology	determiner_noun_agreement	Write a natural, coherent English sentence.
509	26	Richard isn't attacking this fast child.	Richard isn't attacking these fast child.	-92.5	-92.5	-10.25	-10.25	False	False	morphology	determiner_noun_agreement	Write a natural, coherent English sentence.
510	26	Frank shocked that unsure man.	Frank shocked those unsure man.	-72.5	-72.0	-10.375	-10.3125	False	False	morphology	determiner_noun_agreement	Write a natural, coherent English sentence.
511	26	Brett returned to that confident man.	Brett returned to those confident man.	-82.0	-82.0	-10.25	-10.25	False	False	morphology	determiner_noun_agreement	Write a natural, coherent English sentence.
512	26	Many ladies weren't passing these old oases.	Many ladies weren't passing this old oases.	-113.0	-113.0	-10.25	-10.25	False	False	morphology	determiner_noun_agreement	Write a natural, coherent English sentence.
513	26	A waiter brought those purple teeth.	A waiter brought that purple teeth.	-81.5	-81.5	-10.1875	-10.1875	False	False	morphology	determiner_noun_agreement	Write a natural, coherent English sentence.
514	26	Beverly has fired this fast alumnus.	Beverly has fired these fast alumnus.	-102.0	-102.0	-10.25	-10.1875	False	False	morphology	determiner_noun_agreement	Write a natural, coherent English sentence.
515	26	Men haven't observed that standing man.	Men haven't observed those standing man.	-92.5	-92.5	-10.3125	-10.3125	False	False	morphology	determiner_noun_agreement	Write a natural, coherent English sentence.
516	26	Tiffany admired this ill child.	Tiffany admired these ill child.	-91.5	-91.5	-10.1875	-10.1875	False	False	morphology	determiner_noun_agreement	Write a natural, coherent English sentence.
517	26	That patient didn't love that unemployed alumnus.	That patient didn't love those unemployed alumnus.	-132.0	-132.0	-10.1875	-10.125	False	False	morphology	determiner_noun_agreement	Write a natural, coherent English sentence.
518	26	Aaron reveals that red tooth.	Aaron reveals those red tooth.	-62.25	-62.25	-10.375	-10.375	False	False	morphology	determiner_noun_agreement	Write a natural, coherent English sentence.
519	26	Monica was insulting those bad people.	Monica was insulting that bad people.	-91.5	-91.5	-10.1875	-10.1875	False	False	morphology	determiner_noun_agreement	Write a natural, coherent English sentence.
520	26	These teenagers watch that old alumnus.	These teenagers watch those old alumnus.	-100.5	-100.5	-10.0625	-10.0625	False	False	morphology	determiner_noun_agreement	Write a natural, coherent English sentence.
521	26	Tina might confuse this exposed child.	Tina might confuse these exposed child.	-92.5	-92.5	-10.3125	-10.3125	False	False	morphology	determiner_noun_agreement	Write a natural, coherent English sentence.
522	26	A face was confusing that nice woman.	A face was confusing those nice woman.	-82.5	-82.5	-10.3125	-10.3125	False	False	morphology	determiner_noun_agreement	Write a natural, coherent English sentence.
523	26	An adult researches that good analysis.	An adult researches those good analysis.	-102.5	-102.5	-10.25	-10.25	False	False	morphology	determiner_noun_agreement	Write a natural, coherent English sentence.
524	26	Some broccoli isn't annoying these unconvinced women.	Some broccoli isn't annoying this unconvinced women.	-152.0	-152.0	-10.125	-10.125	False	False	morphology	determiner_noun_agreement	Write a natural, coherent English sentence.
525	26	Nancy talks about these content children.	Nancy talks about this content children.	-72.0	-71.5	-10.25	-10.25	False	False	morphology	determiner_noun_agreement	Write a natural, coherent English sentence.
526	26	Regina found this lost ox.	Regina found these lost ox.	-82.0	-82.0	-10.25	-10.25	False	False	morphology	determiner_noun_agreement	Write a natural, coherent English sentence.
527	26	Emily had respected that clever man.	Emily had respected those clever man.	-71.5	-71.5	-10.25	-10.25	False	False	morphology	determiner_noun_agreement	Write a natural, coherent English sentence.
528	26	Kathleen has worked with this confident man.	Kathleen has worked with these confident man.	-92.0	-92.0	-10.1875	-10.1875	False	False	morphology	determiner_noun_agreement	Write a natural, coherent English sentence.
529	26	Most customers are distracting these determined children.	Most customers are distracting this determined children.	-92.0	-92.0	-10.25	-10.25	False	False	morphology	determiner_noun_agreement	Write a natural, coherent English sentence.
530	26	Rachelle didn't cure this black octopus.	Rachelle didn't cure these black octopus.	-122.0	-122.0	-10.125	-10.1875	False	True	morphology	determiner_noun_agreement	Write a natural, coherent English sentence.
531	26	Steven hugs these standing men.	Steven hugs this standing men.	-71.5	-71.5	-10.25	-10.25	False	False	morphology	determiner_noun_agreement	Write a natural, coherent English sentence.
532	26	Every popsicle shocked those excited men.	Every popsicle shocked that excited men.	-92.0	-92.0	-10.1875	-10.25	False	True	morphology	determiner_noun_agreement	Write a natural, coherent English sentence.
533	26	Sonia lifts that new oasis.	Sonia lifts those new oasis.	-91.5	-91.5	-10.1875	-10.1875	False	False	morphology	determiner_noun_agreement	Write a natural, coherent English sentence.
534	26	Cheryl might tour that purple oasis.	Cheryl might tour those purple oasis.	-92.0	-92.0	-10.25	-10.25	False	False	morphology	determiner_noun_agreement	Write a natural, coherent English sentence.
535	26	This doctor appreciates this bad child.	This doctor appreciates these bad child.	-82.0	-82.0	-10.25	-10.25	False	False	morphology	determiner_noun_agreement	Write a natural, coherent English sentence.
536	26	Leslie breaks those red feet.	Leslie breaks that red feet.	-71.0	-71.5	-10.125	-10.1875	True	True	morphology	determiner_noun_agreement	Write a natural, coherent English sentence.
537	26	Bethany hasn't hidden that yellow louse.	Bethany hasn't hidden those yellow louse.	-112.0	-112.0	-10.1875	-10.1875	False	False	morphology	determiner_noun_agreement	Write a natural, coherent English sentence.
538	26	Some people have criticized this brown thesis.	Some people have criticized these brown thesis.	-91.0	-91.0	-10.125	-10.125	False	False	morphology	determiner_noun_agreement	Write a natural, coherent English sentence.
539	26	Noah heals this determined child.	Noah heals these determined child.	-72.5	-72.5	-10.375	-10.375	False	False	morphology	determiner_noun_agreement	Write a natural, coherent English sentence.
540	26	Kevin biked to those big oases.	Kevin biked to that big oases.	-102.0	-102.0	-10.1875	-10.1875	False	False	morphology	determiner_noun_agreement	Write a natural, coherent English sentence.
541	26	Wayne hadn't bored these sick men.	Wayne hadn't bored this sick men.	-93.0	-93.0	-10.3125	-10.3125	False	False	morphology	determiner_noun_agreement	Write a natural, coherent English sentence.
542	26	Amy returns to those young alumni.	Amy returns to that young alumni.	-92.0	-92.0	-10.1875	-10.1875	False	False	morphology	determiner_noun_agreement	Write a natural, coherent English sentence.
543	26	That gate did aggravate this excited woman.	That gate did aggravate these excited woman.	-102.0	-102.0	-10.1875	-10.1875	False	False	morphology	determiner_noun_agreement	Write a natural, coherent English sentence.
544	26	Melissa observes that bad child.	Melissa observes those bad child.	-81.5	-81.5	-10.1875	-10.1875	False	False	morphology	determiner_noun_agreement	Write a natural, coherent English sentence.
545	26	Kathleen wasn't scanning those long synopses.	Kathleen wasn't scanning that long synopses.	-132.0	-132.0	-10.125	-10.125	False	False	morphology	determiner_noun_agreement	Write a natural, coherent English sentence.
546	26	That guy dropped by these white oases.	That guy dropped by this white oases.	-92.0	-92.0	-10.1875	-10.25	False	True	morphology	determiner_noun_agreement	Write a natural, coherent English sentence.
547	26	Every child might fire this serious child.	Every child might fire these serious child.	-82.5	-82.5	-10.3125	-10.3125	False	False	morphology	determiner_noun_agreement	Write a natural, coherent English sentence.
548	26	Meredith had concealed that black thesis.	Meredith had concealed those black thesis.	-102.0	-102.0	-10.25	-10.1875	False	False	morphology	determiner_noun_agreement	Write a natural, coherent English sentence.
549	26	Randolf didn't see these blue teeth.	Randolf didn't see this blue teeth.	-102.0	-102.0	-10.1875	-10.25	False	True	morphology	determiner_noun_agreement	Write a natural, coherent English sentence.
550	26	Some guy passes that rough oasis.	Some guy passes those rough oasis.	-82.0	-82.0	-10.25	-10.25	False	False	morphology	determiner_noun_agreement	Write a natural, coherent English sentence.
551	26	Guys hurts that smart man.	Guys hurts those smart man.	-82.5	-82.0	-10.3125	-10.25	False	False	morphology	determiner_noun_agreement	Write a natural, coherent English sentence.
552	26	Many museums should describe this fast man.	Many museums should describe these fast man.	-92.0	-92.0	-10.1875	-10.1875	False	False	morphology	determiner_noun_agreement	Write a natural, coherent English sentence.
553	26	A lot of chairs haven't embarrassed this serious man.	A lot of chairs haven't embarrassed these serious man.	-122.5	-123.0	-10.25	-10.25	True	False	morphology	determiner_noun_agreement	Write a natural, coherent English sentence.
554	26	Emily talked about that ill alumnus.	Emily talked about those ill alumnus.	-91.5	-91.0	-10.125	-10.125	False	False	morphology	determiner_noun_agreement	Write a natural, coherent English sentence.
555	26	A lot of girls notice these black lice.	A lot of girls notice this black lice.	-102.0	-102.0	-10.1875	-10.25	False	True	morphology	determiner_noun_agreement	Write a natural, coherent English sentence.
556	26	Those schools reference that green thesis.	Those schools reference those green thesis.	-72.5	-72.5	-10.375	-10.375	False	False	morphology	determiner_noun_agreement	Write a natural, coherent English sentence.
557	26	Bradley had bored this delighted alumnus.	Bradley had bored these delighted alumnus.	-102.0	-102.0	-10.1875	-10.1875	False	False	morphology	determiner_noun_agreement	Write a natural, coherent English sentence.
558	26	Melinda scares this good woman.	Melinda scares these good woman.	-82.0	-82.0	-10.25	-10.25	False	False	morphology	determiner_noun_agreement	Write a natural, coherent English sentence.
559	26	Those pedestrians go to those big oases.	Those pedestrians go to that big oases.	-113.0	-113.0	-10.25	-10.25	False	False	morphology	determiner_noun_agreement	Write a natural, coherent English sentence.
560	26	Many doctors escaped from that lost child.	Many doctors escaped from those lost child.	-82.0	-82.0	-10.25	-10.25	False	False	morphology	determiner_noun_agreement	Write a natural, coherent English sentence.
561	26	Tamara isn't revealing that orange ox.	Tamara isn't revealing those orange ox.	-102.0	-102.0	-10.1875	-10.1875	False	False	morphology	determiner_noun_agreement	Write a natural, coherent English sentence.
562	26	Many patients arrive at that hidden oasis.	Many patients arrive at those hidden oasis.	-90.5	-90.5	-10.0625	-10.0625	False	False	morphology	determiner_noun_agreement	Write a natural, coherent English sentence.
563	26	Beth leaves these happy children.	Beth leaves this happy children.	-61.5	-61.75	-10.25	-10.3125	True	True	morphology	determiner_noun_agreement	Write a natural, coherent English sentence.
564	26	Deanna broke that yellow foot.	Deanna broke those yellow foot.	-72.0	-71.5	-10.25	-10.25	False	False	morphology	determiner_noun_agreement	Write a natural, coherent English sentence.
565	26	Jessica had talked to that concealed man.	Jessica had talked to those concealed man.	-92.0	-92.5	-10.25	-10.25	True	False	morphology	determiner_noun_agreement	Write a natural, coherent English sentence.
566	26	Those actors praise those long synopses.	Those actors praise that long synopses.	-92.0	-92.0	-10.1875	-10.25	False	True	morphology	determiner_noun_agreement	Write a natural, coherent English sentence.
567	26	This coat hasn't astounded these popular men.	This coat hasn't astounded this popular men.	-122.0	-122.0	-10.125	-10.1875	False	True	morphology	determiner_noun_agreement	Write a natural, coherent English sentence.
568	26	Wendy does talk to this scared alumnus.	Wendy does talk to these scared alumnus.	-112.0	-112.0	-10.1875	-10.1875	False	False	morphology	determiner_noun_agreement	Write a natural, coherent English sentence.
569	26	Christine is questioning these happy men.	Christine is questioning this happy men.	-82.0	-82.0	-10.25	-10.25	False	False	morphology	determiner_noun_agreement	Write a natural, coherent English sentence.
570	26	All doctors loved that displeased man.	All doctors loved those displeased man.	-92.0	-92.0	-10.25	-10.25	False	False	morphology	determiner_noun_agreement	Write a natural, coherent English sentence.
571	26	Waitresses researched these long synopses.	Waitresses researched this long synopses.	-131.0	-131.0	-10.0625	-10.0625	False	False	morphology	determiner_noun_agreement	Write a natural, coherent English sentence.
572	26	Alexander can flee from this nice woman.	Alexander can flee from these nice woman.	-92.0	-92.0	-10.1875	-10.25	False	True	morphology	determiner_noun_agreement	Write a natural, coherent English sentence.
573	26	Walter hadn't hated this fast man.	Walter hadn't hated these fast man.	-92.5	-92.5	-10.3125	-10.3125	False	False	morphology	determiner_noun_agreement	Write a natural, coherent English sentence.
574	26	Those cashiers buy those smooth lice.	Those cashiers buy that smooth lice.	-92.0	-92.0	-10.1875	-10.1875	False	False	morphology	determiner_noun_agreement	Write a natural, coherent English sentence.
575	26	Sonia hid that determined child.	Sonia hid those determined child.	-72.0	-72.0	-10.3125	-10.25	False	False	morphology	determiner_noun_agreement	Write a natural, coherent English sentence.
576	26	Barbara is observing that excited person.	Barbara is observing those excited person.	-81.5	-81.5	-10.1875	-10.1875	False	False	morphology	determiner_noun_agreement	Write a natural, coherent English sentence.
577	26	That company stuns these unconvinced women.	That company stuns this unconvinced women.	-113.0	-113.0	-10.25	-10.25	False	False	morphology	determiner_noun_agreement	Write a natural, coherent English sentence.
578	26	Paul thought about those bad theses.	Paul thought about that bad theses.	-82.0	-82.0	-10.25	-10.25	False	False	morphology	determiner_noun_agreement	Write a natural, coherent English sentence.
579	26	Victoria escaped from these displeased children.	Victoria escaped from this displeased children.	-91.5	-91.5	-10.125	-10.1875	False	True	morphology	determiner_noun_agreement	Write a natural, coherent English sentence.
580	26	Brad notices this big octopus.	Brad notices these big octopus.	-91.0	-91.0	-10.0625	-10.0625	False	False	morphology	determiner_noun_agreement	Write a natural, coherent English sentence.
581	26	Adam is praising those yellow theses.	Adam is praising that yellow theses.	-92.0	-92.5	-10.1875	-10.25	True	True	morphology	determiner_noun_agreement	Write a natural, coherent English sentence.
582	26	Douglas did tour those hidden oases.	Douglas did tour that hidden oases.	-82.0	-82.5	-10.25	-10.3125	True	True	morphology	determiner_noun_agreement	Write a natural, coherent English sentence.
583	26	Gerald couldn't know these happy men.	Gerald couldn't know this happy men.	-102.5	-102.0	-10.25	-10.25	False	False	morphology	determiner_noun_agreement	Write a natural, coherent English sentence.
584	26	Those women hug that smart man.	Those women hug those smart man.	-72.0	-71.5	-10.25	-10.25	False	False	morphology	determiner_noun_agreement	Write a natural, coherent English sentence.
585	26	These senators wouldn't forget that long synopsis.	These senators wouldn't forget those long synopsis.	-122.5	-122.5	-10.1875	-10.1875	False	False	morphology	determiner_noun_agreement	Write a natural, coherent English sentence.
586	26	Edward took those lost stimuli.	Edward took that lost stimuli.	-71.5	-71.5	-10.25	-10.25	False	False	morphology	determiner_noun_agreement	Write a natural, coherent English sentence.
587	26	The waitresses did know this lucky person.	The waitresses did know these lucky person.	-101.0	-101.5	-10.125	-10.125	True	False	morphology	determiner_noun_agreement	Write a natural, coherent English sentence.
588	26	That library might love this important person.	That library might love these important person.	-82.5	-82.5	-10.3125	-10.3125	False	False	morphology	determiner_noun_agreement	Write a natural, coherent English sentence.
589	26	Carrie was healing this gray octopus.	Carrie was healing these gray octopus.	-101.5	-102.0	-10.1875	-10.1875	True	False	morphology	determiner_noun_agreement	Write a natural, coherent English sentence.
590	26	Sonia hadn't cleaned those gray teeth.	Sonia hadn't cleaned that gray teeth.	-102.0	-102.0	-10.1875	-10.1875	False	False	morphology	determiner_noun_agreement	Write a natural, coherent English sentence.
591	26	The Lutherans alarmed this confident woman.	The Lutherans alarmed these confident woman.	-92.5	-92.5	-10.25	-10.25	False	False	morphology	determiner_noun_agreement	Write a natural, coherent English sentence.
592	26	This shirt impressed those popular people.	This shirt impressed that popular people.	-72.0	-72.0	-10.25	-10.3125	False	True	morphology	determiner_noun_agreement	Write a natural, coherent English sentence.
593	26	Some schools love that employed person.	Some schools love those employed person.	-72.0	-72.0	-10.3125	-10.3125	False	False	morphology	determiner_noun_agreement	Write a natural, coherent English sentence.
594	26	Valerie hasn't known this young child.	Valerie hasn't known these young child.	-102.0	-102.0	-10.1875	-10.1875	False	False	morphology	determiner_noun_agreement	Write a natural, coherent English sentence.
595	26	Scott respected those displeased men.	Scott respected that displeased men.	-82.0	-82.5	-10.25	-10.3125	True	True	morphology	determiner_noun_agreement	Write a natural, coherent English sentence.
596	26	The ladies work with those lost children.	The ladies work with that lost children.	-82.5	-82.5	-10.3125	-10.3125	False	False	morphology	determiner_noun_agreement	Write a natural, coherent English sentence.
597	26	Dawn had biked to this small oasis.	Dawn had biked to these small oasis.	-120.5	-121.0	-10.0625	-10.0625	True	False	morphology	determiner_noun_agreement	Write a natural, coherent English sentence.
598	26	Samantha would explore that gray oasis.	Samantha would explore those gray oasis.	-101.0	-100.5	-10.0625	-10.0625	False	False	morphology	determiner_noun_agreement	Write a natural, coherent English sentence.
599	26	All steps upset those unemployed men.	All steps upset that unemployed men.	-81.0	-81.5	-10.125	-10.1875	True	True	morphology	determiner_noun_agreement	Write a natural, coherent English sentence.
600	26	Marla has described that unemployed woman.	Marla has described those unemployed woman.	-92.0	-92.0	-10.25	-10.1875	False	False	morphology	determiner_noun_agreement	Write a natural, coherent English sentence.
601	26	Most universities bore those excited children.	Most universities bore that excited children.	-72.0	-72.0	-10.3125	-10.3125	False	False	morphology	determiner_noun_agreement	Write a natural, coherent English sentence.
602	26	These banks should reference that purple thesis.	These banks should reference those purple thesis.	-82.5	-82.5	-10.3125	-10.3125	False	False	morphology	determiner_noun_agreement	Write a natural, coherent English sentence.
603	26	Sherry brought those concealed geese.	Sherry brought that concealed geese.	-92.0	-92.0	-10.1875	-10.25	False	True	morphology	determiner_noun_agreement	Write a natural, coherent English sentence.
604	26	Many pedestrians complain about these long analyses.	Many pedestrians complain about this long analyses.	-111.0	-111.0	-10.0625	-10.125	False	True	morphology	determiner_noun_agreement	Write a natural, coherent English sentence.
605	26	Theresa fixed these small teeth.	Theresa fixed this small teeth.	-71.0	-71.0	-10.1875	-10.1875	False	False	morphology	determiner_noun_agreement	Write a natural, coherent English sentence.
606	26	This lake disturbed those unconvinced men.	This lake disturbed that unconvinced men.	-112.0	-112.0	-10.1875	-10.1875	False	False	morphology	determiner_noun_agreement	Write a natural, coherent English sentence.
607	26	Catherine was talking about those bad synopses.	Catherine was talking about that bad synopses.	-102.0	-102.0	-10.1875	-10.1875	False	False	morphology	determiner_noun_agreement	Write a natural, coherent English sentence.
608	26	Alicia had escaped from these hidden men.	Alicia had escaped from this hidden men.	-101.5	-102.0	-10.1875	-10.1875	True	False	morphology	determiner_noun_agreement	Write a natural, coherent English sentence.
609	26	Natalie hasn't worked with this confident woman.	Natalie hasn't worked with these confident woman.	-112.0	-112.0	-10.1875	-10.1875	False	False	morphology	determiner_noun_agreement	Write a natural, coherent English sentence.
610	26	Amelia annoyed this smart man.	Amelia annoyed these smart man.	-81.0	-81.0	-10.125	-10.125	False	False	morphology	determiner_noun_agreement	Write a natural, coherent English sentence.
611	26	Every guest is irritating this serious child.	Every guest is irritating these serious child.	-92.0	-92.0	-10.25	-10.1875	False	False	morphology	determiner_noun_agreement	Write a natural, coherent English sentence.
612	26	All reports annoyed this hopeful person.	All reports annoyed these hopeful person.	-91.0	-91.5	-10.125	-10.125	True	False	morphology	determiner_noun_agreement	Write a natural, coherent English sentence.
613	26	These women break those orange teeth.	These women break that orange teeth.	-72.0	-72.0	-10.3125	-10.3125	False	False	morphology	determiner_noun_agreement	Write a natural, coherent English sentence.
614	26	Christopher could shock this excited child.	Christopher could shock these excited child.	-72.5	-72.0	-10.3125	-10.3125	False	False	morphology	determiner_noun_agreement	Write a natural, coherent English sentence.
615	26	This spotlight hasn't disgusted that employed child.	This spotlight hasn't disgusted those employed child.	-122.5	-122.5	-10.25	-10.1875	False	False	morphology	determiner_noun_agreement	Write a natural, coherent English sentence.
616	26	Samantha fled from that busy child.	Samantha fled from those busy child.	-90.5	-90.5	-10.0625	-10.0625	False	False	morphology	determiner_noun_agreement	Write a natural, coherent English sentence.
617	26	Lucille arrived at that hard oasis.	Lucille arrived at those hard oasis.	-91.0	-91.0	-10.125	-10.125	False	False	morphology	determiner_noun_agreement	Write a natural, coherent English sentence.
618	26	All teachers see those yellow lice.	All teachers see that yellow lice.	-82.5	-82.5	-10.3125	-10.3125	False	False	morphology	determiner_noun_agreement	Write a natural, coherent English sentence.
619	26	Some photographs haven't looked like these small octopi.	Some photographs haven't looked like this small octopi.	-132.0	-132.0	-10.1875	-10.1875	False	False	morphology	determiner_noun_agreement	Write a natural, coherent English sentence.
620	26	Danielle brought those blue feet.	Danielle brought that blue feet.	-71.5	-71.5	-10.1875	-10.25	False	True	morphology	determiner_noun_agreement	Write a natural, coherent English sentence.
621	26	Todd hadn't left those exposed men.	Todd hadn't left that exposed men.	-92.0	-92.5	-10.25	-10.25	True	False	morphology	determiner_noun_agreement	Write a natural, coherent English sentence.
622	26	Some doctors embarrasses those delighted alumni.	Some doctors embarrasses that delighted alumni.	-102.5	-102.5	-10.25	-10.25	False	False	morphology	determiner_noun_agreement	Write a natural, coherent English sentence.
623	26	The actresses forget that unemployed alumnus.	The actresses forget those unemployed alumnus.	-111.0	-110.5	-10.0625	-10.0625	False	False	morphology	determiner_noun_agreement	Write a natural, coherent English sentence.
624	26	A lot of socks alarm this unsure alumnus.	A lot of socks alarm these unsure alumnus.	-122.0	-122.0	-10.1875	-10.1875	False	False	morphology	determiner_noun_agreement	Write a natural, coherent English sentence.
625	26	The customers are thinking about that busy child.	The customers are thinking about those busy child.	-92.0	-92.0	-10.1875	-10.1875	False	False	morphology	determiner_noun_agreement	Write a natural, coherent English sentence.
626	26	Kristin wasn't kissing those small men.	Kristin wasn't kissing that small men.	-112.0	-112.0	-10.1875	-10.1875	False	False	morphology	determiner_noun_agreement	Write a natural, coherent English sentence.
627	26	Omar hasn't broken this broken foot.	Omar hasn't broken these broken foot.	-102.0	-102.5	-10.1875	-10.25	True	True	morphology	determiner_noun_agreement	Write a natural, coherent English sentence.
628	26	The actress worked with this nice woman.	The actress worked with these nice woman.	-82.0	-82.0	-10.25	-10.25	False	False	morphology	determiner_noun_agreement	Write a natural, coherent English sentence.
629	26	Patients insult these happy people.	Patients insult this happy people.	-72.0	-72.0	-10.25	-10.25	False	False	morphology	determiner_noun_agreement	Write a natural, coherent English sentence.
630	26	Spain bought those orange lice.	Spain bought that orange lice.	-71.5	-71.5	-10.1875	-10.25	False	True	morphology	determiner_noun_agreement	Write a natural, coherent English sentence.
631	26	Those waiters didn't kiss this unlucky child.	Those waiters didn't kiss these unlucky child.	-132.0	-132.0	-10.125	-10.125	False	False	morphology	determiner_noun_agreement	Write a natural, coherent English sentence.
632	26	Jennifer isn't touring these old oases.	Jennifer isn't touring this old oases.	-112.0	-112.0	-10.1875	-10.1875	False	False	morphology	determiner_noun_agreement	Write a natural, coherent English sentence.
633	26	Glaciers upset this small child.	Glaciers upset these small child.	-82.0	-82.0	-10.25	-10.25	False	False	morphology	determiner_noun_agreement	Write a natural, coherent English sentence.
634	26	John investigated these old men.	John investigated this old men.	-61.5	-61.5	-10.25	-10.25	False	False	morphology	determiner_noun_agreement	Write a natural, coherent English sentence.
635	26	Some doctors hated these yellow theses.	Some doctors hated this yellow theses.	-82.0	-82.5	-10.25	-10.3125	True	True	morphology	determiner_noun_agreement	Write a natural, coherent English sentence.
636	26	Linda described that clever man.	Linda described those clever man.	-61.75	-61.75	-10.25	-10.25	False	False	morphology	determiner_noun_agreement	Write a natural, coherent English sentence.
637	26	Many drawings are looking like these excited women.	Many drawings are looking like this excited women.	-92.5	-92.5	-10.25	-10.25	False	False	morphology	determiner_noun_agreement	Write a natural, coherent English sentence.
638	26	Mitchell had concealed that small tooth.	Mitchell had concealed those small tooth.	-82.0	-82.0	-10.25	-10.25	False	False	morphology	determiner_noun_agreement	Write a natural, coherent English sentence.
639	26	Every dog had irritated this young child.	Every dog had irritated these young child.	-91.5	-91.5	-10.125	-10.1875	False	True	morphology	determiner_noun_agreement	Write a natural, coherent English sentence.
640	26	Some doctors lift this exposed ox.	Some doctors lift these exposed ox.	-72.0	-72.5	-10.3125	-10.3125	True	False	morphology	determiner_noun_agreement	Write a natural, coherent English sentence.
641	26	Valerie was disgusting that happy woman.	Valerie was disgusting those happy woman.	-92.0	-92.0	-10.25	-10.25	False	False	morphology	determiner_noun_agreement	Write a natural, coherent English sentence.
642	26	Claire hugs those clever men.	Claire hugs that clever men.	-72.0	-72.0	-10.25	-10.25	False	False	morphology	determiner_noun_agreement	Write a natural, coherent English sentence.
643	26	All adults go to these white oases.	All adults go to this white oases.	-92.0	-92.0	-10.25	-10.25	False	False	morphology	determiner_noun_agreement	Write a natural, coherent English sentence.
644	26	Bill observed this nice child.	Bill observed these nice child.	-62.0	-62.0	-10.3125	-10.3125	False	False	morphology	determiner_noun_agreement	Write a natural, coherent English sentence.
645	26	Diana kissed these delighted alumni.	Diana kissed this delighted alumni.	-82.0	-82.0	-10.25	-10.25	False	False	morphology	determiner_noun_agreement	Write a natural, coherent English sentence.
646	26	Governments are describing those sick people.	Governments are describing that sick people.	-81.0	-81.0	-10.125	-10.125	False	False	morphology	determiner_noun_agreement	Write a natural, coherent English sentence.
647	26	The doctors cure that young woman.	The doctors cure those young woman.	-71.0	-71.5	-10.125	-10.1875	True	True	morphology	determiner_noun_agreement	Write a natural, coherent English sentence.
648	26	Dancers did disagree with this ill child.	Dancers did disagree with these ill child.	-92.5	-92.5	-10.3125	-10.3125	False	False	morphology	determiner_noun_agreement	Write a natural, coherent English sentence.
649	26	Veronica couldn't embarrass these exposed men.	Veronica couldn't embarrass this exposed men.	-112.0	-112.0	-10.1875	-10.1875	False	False	morphology	determiner_noun_agreement	Write a natural, coherent English sentence.
650	26	The students cared for that delighted man.	The students cared for those delighted man.	-82.0	-82.0	-10.25	-10.25	False	False	morphology	determiner_noun_agreement	Write a natural, coherent English sentence.
651	26	Steve conceals these important men.	Steve conceals this important men.	-72.0	-72.0	-10.25	-10.25	False	False	morphology	determiner_noun_agreement	Write a natural, coherent English sentence.
652	26	These actresses will talk to these content men.	These actresses will talk to this content men.	-102.0	-102.0	-10.1875	-10.1875	False	False	morphology	determiner_noun_agreement	Write a natural, coherent English sentence.
653	26	That teenager wouldn't buy these rough oxen.	That teenager wouldn't buy this rough oxen.	-112.5	-112.5	-10.25	-10.25	False	False	morphology	determiner_noun_agreement	Write a natural, coherent English sentence.
654	26	Sheila wouldn't kiss that happy child.	Sheila wouldn't kiss those happy child.	-102.0	-102.0	-10.1875	-10.1875	False	False	morphology	determiner_noun_agreement	Write a natural, coherent English sentence.
655	26	Erin drove to these out in the open oases.	Erin drove to this out in the open oases.	-122.5	-122.5	-10.1875	-10.1875	False	False	morphology	determiner_noun_agreement	Write a natural, coherent English sentence.
656	26	Every hat has embarrassed those hopeful people.	Every hat has embarrassed that hopeful people.	-91.0	-91.5	-10.125	-10.1875	True	True	morphology	determiner_noun_agreement	Write a natural, coherent English sentence.
657	26	Every man is fleeing from that exposed oasis.	Every man is fleeing from those exposed oasis.	-111.5	-112.0	-10.125	-10.1875	True	True	morphology	determiner_noun_agreement	Write a natural, coherent English sentence.
658	26	Some adults visit this ill man.	Some adults visit these ill man.	-72.0	-72.0	-10.3125	-10.25	False	False	morphology	determiner_noun_agreement	Write a natural, coherent English sentence.
659	26	Janet did lift that good thesis.	Janet did lift those good thesis.	-81.5	-81.5	-10.1875	-10.1875	False	False	morphology	determiner_noun_agreement	Write a natural, coherent English sentence.
660	26	Katherine was cleaning this orange tooth.	Katherine was cleaning these orange tooth.	-82.0	-82.0	-10.25	-10.25	False	False	morphology	determiner_noun_agreement	Write a natural, coherent English sentence.
661	26	A lot of tomatoes can't confuse these ill alumni.	A lot of tomatoes can't confuse this ill alumni.	-162.0	-162.0	-10.125	-10.125	False	False	morphology	determiner_noun_agreement	Write a natural, coherent English sentence.
662	26	Rose goes to those out in the open oases.	Rose goes to that out in the open oases.	-112.0	-112.0	-10.1875	-10.1875	False	False	morphology	determiner_noun_agreement	Write a natural, coherent English sentence.
663	26	These governments criticize those gray oases.	These governments criticize that gray oases.	-92.0	-92.5	-10.25	-10.25	True	False	morphology	determiner_noun_agreement	Write a natural, coherent English sentence.
664	26	Kevin forgot those delighted men.	Kevin forgot that delighted men.	-62.0	-61.75	-10.3125	-10.3125	False	False	morphology	determiner_noun_agreement	Write a natural, coherent English sentence.
665	26	Most companies describe that long analysis.	Most companies describe those long analysis.	-72.5	-72.5	-10.375	-10.375	False	False	morphology	determiner_noun_agreement	Write a natural, coherent English sentence.
666	26	Vincent was skated around this small oasis.	Vincent was skated around these small oasis.	-102.5	-102.5	-10.25	-10.25	False	False	morphology	determiner_noun_agreement	Write a natural, coherent English sentence.
667	26	Many guys arrive at these out in the open oases.	Many guys arrive at this out in the open oases.	-121.5	-121.0	-10.125	-10.0625	False	False	morphology	determiner_noun_agreement	Write a natural, coherent English sentence.
668	26	Gregory hadn't revealed these lost fungi.	Gregory hadn't revealed this lost fungi.	-102.5	-102.5	-10.25	-10.25	False	False	morphology	determiner_noun_agreement	Write a natural, coherent English sentence.
669	26	The cake stuns this standing man.	The cake stuns these standing man.	-82.0	-82.0	-10.25	-10.25	False	False	morphology	determiner_noun_agreement	Write a natural, coherent English sentence.
670	26	Cheryl isn't irritating that clever man.	Cheryl isn't irritating those clever man.	-112.0	-112.0	-10.1875	-10.1875	False	False	morphology	determiner_noun_agreement	Write a natural, coherent English sentence.
671	26	Some cat bores those old children.	Some cat bores that old children.	-82.0	-82.0	-10.25	-10.25	False	False	morphology	determiner_noun_agreement	Write a natural, coherent English sentence.
672	26	The actress knows that delighted child.	The actress knows those delighted child.	-72.0	-72.0	-10.25	-10.3125	False	True	morphology	determiner_noun_agreement	Write a natural, coherent English sentence.
673	26	That actress had driven to these hidden oases.	That actress had driven to this hidden oases.	-102.5	-102.0	-10.25	-10.25	False	False	morphology	determiner_noun_agreement	Write a natural, coherent English sentence.
674	26	The Lutherans arrive at this cheap oasis.	The Lutherans arrive at these cheap oasis.	-101.5	-101.5	-10.125	-10.125	False	False	morphology	determiner_noun_agreement	Write a natural, coherent English sentence.
675	26	Diane was kissing those lost women.	Diane was kissing that lost women.	-92.0	-92.5	-10.25	-10.25	True	False	morphology	determiner_noun_agreement	Write a natural, coherent English sentence.
676	26	Larry disturbs this employed woman.	Larry disturbs these employed woman.	-82.0	-82.5	-10.25	-10.3125	True	True	morphology	determiner_noun_agreement	Write a natural, coherent English sentence.
677	26	Pies shock this upset woman.	Pies shock these upset woman.	-72.5	-72.5	-10.3125	-10.375	False	True	morphology	determiner_noun_agreement	Write a natural, coherent English sentence.
678	26	Some waiters hug this content alumnus.	Some waiters hug these content alumnus.	-102.0	-102.0	-10.1875	-10.1875	False	False	morphology	determiner_noun_agreement	Write a natural, coherent English sentence.
679	26	Anna talked to those unsure men.	Anna talked to that unsure men.	-82.5	-82.0	-10.3125	-10.25	False	False	morphology	determiner_noun_agreement	Write a natural, coherent English sentence.
680	26	This school bores this determined man.	This school bores these determined man.	-82.0	-82.0	-10.25	-10.25	False	False	morphology	determiner_noun_agreement	Write a natural, coherent English sentence.
681	26	Omar had thought about these unemployed men.	Omar had thought about this unemployed men.	-101.5	-101.5	-10.1875	-10.125	False	False	morphology	determiner_noun_agreement	Write a natural, coherent English sentence.
682	26	Winston Churchill cleaned these big nuclei.	Winston Churchill cleaned this big nuclei.	-101.5	-101.5	-10.125	-10.125	False	False	morphology	determiner_noun_agreement	Write a natural, coherent English sentence.
683	26	These organizations aren't concealing that exposed child.	These organizations aren't concealing those exposed child.	-112.5	-112.5	-10.25	-10.25	False	False	morphology	determiner_noun_agreement	Write a natural, coherent English sentence.
684	26	Erin bought this concealed axis.	Erin bought these concealed axis.	-82.0	-82.0	-10.25	-10.25	False	False	morphology	determiner_noun_agreement	Write a natural, coherent English sentence.
685	26	Dan examines this long analysis.	Dan examines these long analysis.	-71.5	-71.5	-10.25	-10.25	False	False	morphology	determiner_noun_agreement	Write a natural, coherent English sentence.
686	26	These drivers concealed these gray oxen.	These drivers concealed this gray oxen.	-92.0	-92.5	-10.25	-10.25	True	False	morphology	determiner_noun_agreement	Write a natural, coherent English sentence.
687	26	All children impresses this happy man.	All children impresses these happy man.	-82.0	-81.5	-10.25	-10.1875	False	False	morphology	determiner_noun_agreement	Write a natural, coherent English sentence.
688	26	People will conceal that concealed man.	People will conceal those concealed man.	-92.0	-92.0	-10.25	-10.25	False	False	morphology	determiner_noun_agreement	Write a natural, coherent English sentence.
689	26	Some patient returns to this old man.	Some patient returns to these old man.	-82.0	-82.0	-10.25	-10.25	False	False	morphology	determiner_noun_agreement	Write a natural, coherent English sentence.
690	26	Many actresses discovered those big oases.	Many actresses discovered that big oases.	-91.5	-91.5	-10.1875	-10.1875	False	False	morphology	determiner_noun_agreement	Write a natural, coherent English sentence.
691	26	The school talks about those young alumni.	The school talks about that young alumni.	-101.0	-101.0	-10.125	-10.125	False	False	morphology	determiner_noun_agreement	Write a natural, coherent English sentence.
692	26	Omar admired these blue fungi.	Omar admired this blue fungi.	-92.0	-92.0	-10.25	-10.25	False	False	morphology	determiner_noun_agreement	Write a natural, coherent English sentence.
693	26	Some school can't hate these good people.	Some school can't hate this good people.	-103.5	-103.5	-10.375	-10.375	False	False	morphology	determiner_noun_agreement	Write a natural, coherent English sentence.
694	26	A lot of eggplants wouldn't disturb that determined woman.	A lot of eggplants wouldn't disturb those determined woman.	-142.0	-142.0	-10.1875	-10.1875	False	False	morphology	determiner_noun_agreement	Write a natural, coherent English sentence.
695	26	That cake could annoy these uncertain men.	That cake could annoy this uncertain men.	-82.5	-82.5	-10.3125	-10.3125	False	False	morphology	determiner_noun_agreement	Write a natural, coherent English sentence.
696	26	Lamps are worrying these hopeful alumni.	Lamps are worrying this hopeful alumni.	-111.5	-111.5	-10.125	-10.125	False	False	morphology	determiner_noun_agreement	Write a natural, coherent English sentence.
697	26	A lot of eggplants bore these excited alumni.	A lot of eggplants bore this excited alumni.	-132.0	-132.0	-10.1875	-10.1875	False	False	morphology	determiner_noun_agreement	Write a natural, coherent English sentence.
698	26	A lot of teachers arrived at these old oases.	A lot of teachers arrived at this old oases.	-112.0	-111.5	-10.1875	-10.125	False	False	morphology	determiner_noun_agreement	Write a natural, coherent English sentence.
699	26	Most sweaters hurt those happy people.	Most sweaters hurt that happy people.	-82.0	-82.5	-10.25	-10.3125	True	True	morphology	determiner_noun_agreement	Write a natural, coherent English sentence.
700	26	Tara scans those good analyses.	Tara scans that good analyses.	-92.0	-92.5	-10.25	-10.25	True	False	morphology	determiner_noun_agreement	Write a natural, coherent English sentence.
701	26	The man doesn't reference this out in the open woman.	The man doesn't reference these out in the open woman.	-132.0	-132.0	-10.1875	-10.1875	False	False	morphology	determiner_noun_agreement	Write a natural, coherent English sentence.
702	26	This cashier is leaving this employed person.	This cashier is leaving these employed person.	-91.5	-91.5	-10.1875	-10.1875	False	False	morphology	determiner_noun_agreement	Write a natural, coherent English sentence.
703	26	Bananas bother these clever alumni.	Bananas bother this clever alumni.	-91.0	-91.0	-10.125	-10.0625	False	False	morphology	determiner_noun_agreement	Write a natural, coherent English sentence.
704	26	Some convertibles had worried those fast men.	Some convertibles had worried that fast men.	-92.5	-92.0	-10.25	-10.25	False	False	morphology	determiner_noun_agreement	Write a natural, coherent English sentence.
705	26	Carl bored those nice women.	Carl bored that nice women.	-61.75	-62.0	-10.3125	-10.375	True	True	morphology	determiner_noun_agreement	Write a natural, coherent English sentence.
706	26	These teachers explore these old oases.	These teachers explore this old oases.	-82.5	-82.5	-10.3125	-10.3125	False	False	morphology	determiner_noun_agreement	Write a natural, coherent English sentence.
707	26	Many waiters work with this scared child.	Many waiters work with these scared child.	-92.5	-92.5	-10.25	-10.25	False	False	morphology	determiner_noun_agreement	Write a natural, coherent English sentence.
708	26	Committees admire that smart child.	Committees admire those smart child.	-92.0	-92.0	-10.1875	-10.1875	False	False	morphology	determiner_noun_agreement	Write a natural, coherent English sentence.
709	26	Matt approaches this exposed child.	Matt approaches these exposed child.	-62.0	-62.0	-10.375	-10.375	False	False	morphology	determiner_noun_agreement	Write a natural, coherent English sentence.
710	26	Brian talks to this lucky man.	Brian talks to these lucky man.	-72.0	-72.0	-10.3125	-10.3125	False	False	morphology	determiner_noun_agreement	Write a natural, coherent English sentence.
711	26	A boy isn't talking about that red oasis.	A boy isn't talking about those red oasis.	-122.5	-122.5	-10.25	-10.1875	False	False	morphology	determiner_noun_agreement	Write a natural, coherent English sentence.
712	26	Phillip bought those black feet.	Phillip bought that black feet.	-71.0	-71.5	-10.1875	-10.25	True	True	morphology	determiner_noun_agreement	Write a natural, coherent English sentence.
713	26	Eric isn't buying those brown geese.	Eric isn't buying that brown geese.	-102.5	-102.5	-10.25	-10.25	False	False	morphology	determiner_noun_agreement	Write a natural, coherent English sentence.
714	26	Elaine remembers this delighted woman.	Elaine remembers these delighted woman.	-82.0	-82.0	-10.25	-10.25	False	False	morphology	determiner_noun_agreement	Write a natural, coherent English sentence.
715	26	This pedestrian arrives at that smooth oasis.	This pedestrian arrives at those smooth oasis.	-101.0	-101.0	-10.0625	-10.0625	False	False	morphology	determiner_noun_agreement	Write a natural, coherent English sentence.
716	26	Those men forget these smart men.	Those men forget this smart men.	-72.0	-72.0	-10.25	-10.3125	False	True	morphology	determiner_noun_agreement	Write a natural, coherent English sentence.
717	26	Tara might alarm this unsure person.	Tara might alarm these unsure person.	-93.0	-93.0	-10.3125	-10.3125	False	False	morphology	determiner_noun_agreement	Write a natural, coherent English sentence.
718	26	Vanessa was healing those purple geese.	Vanessa was healing that purple geese.	-92.0	-92.0	-10.1875	-10.1875	False	False	morphology	determiner_noun_agreement	Write a natural, coherent English sentence.
719	26	Steven hasn't questioned those troubled people.	Steven hasn't questioned that troubled people.	-102.5	-102.5	-10.25	-10.25	False	False	morphology	determiner_noun_agreement	Write a natural, coherent English sentence.
720	26	Thomas hides this clever woman.	Thomas hides these clever woman.	-72.0	-72.0	-10.25	-10.25	False	False	morphology	determiner_noun_agreement	Write a natural, coherent English sentence.
721	26	Most eyes confuse these content alumni.	Most eyes confuse this content alumni.	-102.5	-102.5	-10.25	-10.25	False	False	morphology	determiner_noun_agreement	Write a natural, coherent English sentence.
722	26	That dog aggravates this busy child.	That dog aggravates these busy child.	-91.0	-91.0	-10.125	-10.125	False	False	morphology	determiner_noun_agreement	Write a natural, coherent English sentence.
723	26	Karen has attacked this popular child.	Karen has attacked these popular child.	-72.0	-72.0	-10.3125	-10.3125	False	False	morphology	determiner_noun_agreement	Write a natural, coherent English sentence.
724	26	Heidi might confuse those displeased men.	Heidi might confuse that displeased men.	-112.0	-112.0	-10.1875	-10.1875	False	False	morphology	determiner_noun_agreement	Write a natural, coherent English sentence.
725	26	Maria kisses this bad person.	Maria kisses these bad person.	-71.5	-71.5	-10.1875	-10.1875	False	False	morphology	determiner_noun_agreement	Write a natural, coherent English sentence.
726	26	Tanya passes this purple oasis.	Tanya passes these purple oasis.	-82.0	-82.0	-10.25	-10.25	False	False	morphology	determiner_noun_agreement	Write a natural, coherent English sentence.
727	26	Marla has respected those delighted alumni.	Marla has respected that delighted alumni.	-103.0	-103.0	-10.3125	-10.3125	False	False	morphology	determiner_noun_agreement	Write a natural, coherent English sentence.
728	26	Paula is investigating this employed alumnus.	Paula is investigating these employed alumnus.	-111.5	-111.5	-10.125	-10.125	False	False	morphology	determiner_noun_agreement	Write a natural, coherent English sentence.
729	26	Most chairs aren't disgusting those serious women.	Most chairs aren't disgusting that serious women.	-112.5	-112.5	-10.25	-10.25	False	False	morphology	determiner_noun_agreement	Write a natural, coherent English sentence.
730	26	Men hadn't run around this purple oasis.	Men hadn't run around these purple oasis.	-112.5	-112.5	-10.1875	-10.1875	False	False	morphology	determiner_noun_agreement	Write a natural, coherent English sentence.
731	26	Tina hadn't arrived at those green oases.	Tina hadn't arrived at that green oases.	-122.5	-122.5	-10.1875	-10.1875	False	False	morphology	determiner_noun_agreement	Write a natural, coherent English sentence.
732	26	Karla knew this busy alumnus.	Karla knew these busy alumnus.	-92.0	-91.5	-10.1875	-10.1875	False	False	morphology	determiner_noun_agreement	Write a natural, coherent English sentence.
733	26	The actors care for these exposed people.	The actors care for this exposed people.	-82.0	-82.5	-10.25	-10.3125	True	True	morphology	determiner_noun_agreement	Write a natural, coherent English sentence.
734	26	Michelle might alarm this employed man.	Michelle might alarm these employed man.	-72.5	-72.5	-10.3125	-10.3125	False	False	morphology	determiner_noun_agreement	Write a natural, coherent English sentence.
735	26	Maria hasn't walked through these hard oases.	Maria hasn't walked through this hard oases.	-112.0	-112.0	-10.1875	-10.1875	False	False	morphology	determiner_noun_agreement	Write a natural, coherent English sentence.
736	26	That report might disagree with those delighted men.	That report might disagree with that delighted men.	-91.5	-92.0	-10.1875	-10.1875	True	False	morphology	determiner_noun_agreement	Write a natural, coherent English sentence.
737	26	Actresses discuss this popular person.	Actresses discuss these popular person.	-81.0	-81.5	-10.125	-10.1875	True	True	morphology	determiner_noun_agreement	Write a natural, coherent English sentence.
738	26	Holly won't watch these unlucky men.	Holly won't watch this unlucky men.	-112.0	-112.0	-10.1875	-10.1875	False	False	morphology	determiner_noun_agreement	Write a natural, coherent English sentence.
739	26	Carl was driving to those blue oases.	Carl was driving to that blue oases.	-92.0	-92.0	-10.1875	-10.1875	False	False	morphology	determiner_noun_agreement	Write a natural, coherent English sentence.
740	26	Bill passes that rough oasis.	Bill passes those rough oasis.	-72.0	-72.0	-10.25	-10.25	False	False	morphology	determiner_noun_agreement	Write a natural, coherent English sentence.
741	26	All men praise this good thesis.	All men praise these good thesis.	-72.0	-72.0	-10.25	-10.3125	False	True	morphology	determiner_noun_agreement	Write a natural, coherent English sentence.
742	26	Many doctors should escape from these hopeful women.	Many doctors should escape from this hopeful women.	-102.0	-102.0	-10.1875	-10.1875	False	False	morphology	determiner_noun_agreement	Write a natural, coherent English sentence.
743	26	Many girls find these nice men.	Many girls find this nice men.	-72.0	-72.0	-10.25	-10.25	False	False	morphology	determiner_noun_agreement	Write a natural, coherent English sentence.
744	26	Every museum helps those concealed children.	Every museum helps that concealed children.	-82.0	-82.5	-10.25	-10.3125	True	True	morphology	determiner_noun_agreement	Write a natural, coherent English sentence.
745	26	Marla was distracting these determined people.	Marla was distracting this determined people.	-92.5	-92.5	-10.25	-10.25	False	False	morphology	determiner_noun_agreement	Write a natural, coherent English sentence.
746	26	Those computers might confuse this nice child.	Those computers might confuse these nice child.	-92.0	-92.0	-10.25	-10.25	False	False	morphology	determiner_noun_agreement	Write a natural, coherent English sentence.
747	26	Tanya hasn't loved that content woman.	Tanya hasn't loved those content woman.	-103.0	-103.0	-10.3125	-10.3125	False	False	morphology	determiner_noun_agreement	Write a natural, coherent English sentence.
748	26	Theresa won't conceal those lost lice.	Theresa won't conceal that lost lice.	-122.5	-122.5	-10.1875	-10.1875	False	False	morphology	determiner_noun_agreement	Write a natural, coherent English sentence.
749	26	The Borgias do cure these out in the open octopi.	The Borgias do cure this out in the open octopi.	-153.0	-153.0	-10.1875	-10.1875	False	False	morphology	determiner_noun_agreement	Write a natural, coherent English sentence.
750	26	Kenneth messed up those lost teeth.	Kenneth messed up that lost teeth.	-91.0	-91.0	-10.125	-10.125	False	False	morphology	determiner_noun_agreement	Write a natural, coherent English sentence.
751	26	Jodi doesn't alarm these unsure people.	Jodi doesn't alarm this unsure people.	-113.0	-113.0	-10.25	-10.25	False	False	morphology	determiner_noun_agreement	Write a natural, coherent English sentence.
752	26	This customer scans those good analyses.	This customer scans that good analyses.	-92.0	-92.0	-10.25	-10.25	False	False	morphology	determiner_noun_agreement	Write a natural, coherent English sentence.
753	26	Vincent can't watch this hopeful alumnus.	Vincent can't watch these hopeful alumnus.	-122.0	-122.0	-10.1875	-10.1875	False	False	morphology	determiner_noun_agreement	Write a natural, coherent English sentence.
754	26	Jodi talked to this unconvinced child.	Jodi talked to these unconvinced child.	-112.5	-112.5	-10.1875	-10.25	False	True	morphology	determiner_noun_agreement	Write a natural, coherent English sentence.
755	26	Katherine exited these exposed oases.	Katherine exited this exposed oases.	-92.5	-92.0	-10.25	-10.25	False	False	morphology	determiner_noun_agreement	Write a natural, coherent English sentence.
756	26	Beverly hasn't brought these rough fungi.	Beverly hasn't brought this rough fungi.	-112.0	-112.0	-10.1875	-10.1875	False	False	morphology	determiner_noun_agreement	Write a natural, coherent English sentence.
757	26	That unicycle is boring those standing children.	That unicycle is boring that standing children.	-101.5	-101.5	-10.125	-10.125	False	False	morphology	determiner_noun_agreement	Write a natural, coherent English sentence.
758	26	That boy can't escape from those unsure children.	That boy can't escape from that unsure children.	-123.0	-123.0	-10.25	-10.25	False	False	morphology	determiner_noun_agreement	Write a natural, coherent English sentence.
759	26	An adult bought these black axes.	An adult bought this black axes.	-82.0	-82.0	-10.25	-10.25	False	False	morphology	determiner_noun_agreement	Write a natural, coherent English sentence.
760	26	Sara isn't kissing this nice woman.	Sara isn't kissing these nice woman.	-102.0	-102.0	-10.1875	-10.1875	False	False	morphology	determiner_noun_agreement	Write a natural, coherent English sentence.
761	26	Robert couldn't embarrass those scared people.	Robert couldn't embarrass that scared people.	-92.5	-92.5	-10.25	-10.25	False	False	morphology	determiner_noun_agreement	Write a natural, coherent English sentence.
762	26	Deborah had fled from that important woman.	Deborah had fled from those important woman.	-101.5	-101.5	-10.1875	-10.1875	False	False	morphology	determiner_noun_agreement	Write a natural, coherent English sentence.
763	26	Brenda discussed that serious woman.	Brenda discussed those serious woman.	-72.0	-72.0	-10.3125	-10.25	False	False	morphology	determiner_noun_agreement	Write a natural, coherent English sentence.
764	26	Some women questioned that big woman.	Some women questioned those big woman.	-72.0	-72.0	-10.3125	-10.3125	False	False	morphology	determiner_noun_agreement	Write a natural, coherent English sentence.
765	26	Rodney didn't kiss those displeased women.	Rodney didn't kiss that displeased women.	-121.0	-121.0	-10.125	-10.125	False	False	morphology	determiner_noun_agreement	Write a natural, coherent English sentence.
766	26	Carrie can help those lost alumni.	Carrie can help that lost alumni.	-101.5	-101.5	-10.125	-10.125	False	False	morphology	determiner_noun_agreement	Write a natural, coherent English sentence.
767	26	Many guests approach this lucky man.	Many guests approach these lucky man.	-71.5	-71.5	-10.1875	-10.1875	False	False	morphology	determiner_noun_agreement	Write a natural, coherent English sentence.
768	26	Some student messes up that hard foot.	Some student messes up those hard foot.	-92.0	-91.5	-10.1875	-10.1875	False	False	morphology	determiner_noun_agreement	Write a natural, coherent English sentence.
769	26	Some men had skated around these hard oases.	Some men had skated around this hard oases.	-113.0	-113.0	-10.25	-10.3125	False	True	morphology	determiner_noun_agreement	Write a natural, coherent English sentence.
770	26	Some light would annoy those happy alumni.	Some light would annoy that happy alumni.	-102.0	-102.5	-10.1875	-10.25	True	True	morphology	determiner_noun_agreement	Write a natural, coherent English sentence.
771	26	Many casseroles shock these unconvinced men.	Many casseroles shock this unconvinced men.	-121.5	-121.5	-10.125	-10.125	False	False	morphology	determiner_noun_agreement	Write a natural, coherent English sentence.
772	26	Carl talks about those confident children.	Carl talks about that confident children.	-71.5	-71.5	-10.25	-10.25	False	False	morphology	determiner_noun_agreement	Write a natural, coherent English sentence.
773	26	Timothy was dropping by those new oases.	Timothy was dropping by that new oases.	-101.5	-101.5	-10.125	-10.125	False	False	morphology	determiner_noun_agreement	Write a natural, coherent English sentence.
774	26	Lori has approached these scared people.	Lori has approached this scared people.	-82.5	-82.5	-10.3125	-10.3125	False	False	morphology	determiner_noun_agreement	Write a natural, coherent English sentence.
775	26	Jodi wouldn't mess up those orange feet.	Jodi wouldn't mess up that orange feet.	-112.5	-113.0	-10.25	-10.25	True	False	morphology	determiner_noun_agreement	Write a natural, coherent English sentence.
776	26	This newspaper article will embarrass this determined child.	This newspaper article will embarrass these determined child.	-91.5	-91.5	-10.1875	-10.1875	False	False	morphology	determiner_noun_agreement	Write a natural, coherent English sentence.
777	26	A lot of guys conceal this long analysis.	A lot of guys conceal these long analysis.	-102.5	-102.5	-10.25	-10.25	False	False	morphology	determiner_noun_agreement	Write a natural, coherent English sentence.
778	26	Lawrence fired that serious woman.	Lawrence fired those serious woman.	-62.0	-62.25	-10.375	-10.375	True	False	morphology	determiner_noun_agreement	Write a natural, coherent English sentence.
779	26	This story didn't bore this serious man.	This story didn't bore these serious man.	-102.0	-102.5	-10.25	-10.25	True	False	morphology	determiner_noun_agreement	Write a natural, coherent English sentence.
780	26	Mary can't remember that clever person.	Mary can't remember those clever person.	-91.5	-91.5	-10.1875	-10.1875	False	False	morphology	determiner_noun_agreement	Write a natural, coherent English sentence.
781	26	Marie could listen to that big woman.	Marie could listen to those big woman.	-82.0	-82.0	-10.25	-10.25	False	False	morphology	determiner_noun_agreement	Write a natural, coherent English sentence.
782	26	Clyde had those exposed axes.	Clyde had that exposed axes.	-92.5	-92.5	-10.3125	-10.3125	False	False	morphology	determiner_noun_agreement	Write a natural, coherent English sentence.
783	26	Victoria has left these delighted men.	Victoria has left this delighted men.	-72.0	-72.0	-10.3125	-10.3125	False	False	morphology	determiner_noun_agreement	Write a natural, coherent English sentence.
784	26	The Impressionists disagree with those bad analyses.	The Impressionists disagree with that bad analyses.	-110.5	-110.5	-10.0625	-10.0625	False	False	morphology	determiner_noun_agreement	Write a natural, coherent English sentence.
785	26	Amy took that hidden fungus.	Amy took those hidden fungus.	-82.0	-82.0	-10.25	-10.25	False	False	morphology	determiner_noun_agreement	Write a natural, coherent English sentence.
786	26	Rose was fixing this hard foot.	Rose was fixing these hard foot.	-72.0	-72.0	-10.3125	-10.25	False	False	morphology	determiner_noun_agreement	Write a natural, coherent English sentence.
787	26	Most dishes weren't astounding these scared men.	Most dishes weren't astounding this scared men.	-122.0	-122.0	-10.1875	-10.1875	False	False	morphology	determiner_noun_agreement	Write a natural, coherent English sentence.
788	26	The doctor sees those smooth cacti.	The doctor sees that smooth cacti.	-92.0	-92.0	-10.25	-10.25	False	False	morphology	determiner_noun_agreement	Write a natural, coherent English sentence.
789	26	Rodney hadn't cured these white octopi.	Rodney hadn't cured this white octopi.	-132.0	-132.0	-10.1875	-10.1875	False	False	morphology	determiner_noun_agreement	Write a natural, coherent English sentence.
790	26	This museum hadn't disgusted these troubled men.	This museum hadn't disgusted this troubled men.	-122.0	-122.0	-10.1875	-10.1875	False	False	morphology	determiner_noun_agreement	Write a natural, coherent English sentence.
791	26	Patrick complained about those scared men.	Patrick complained about that scared men.	-72.0	-72.0	-10.3125	-10.25	False	False	morphology	determiner_noun_agreement	Write a natural, coherent English sentence.
792	26	Jacqueline should stun these determined alumni.	Jacqueline should stun this determined alumni.	-122.0	-122.0	-10.1875	-10.1875	False	False	morphology	determiner_noun_agreement	Write a natural, coherent English sentence.
793	26	All apples worry this serious man.	All apples worry these serious man.	-81.5	-81.5	-10.1875	-10.1875	False	False	morphology	determiner_noun_agreement	Write a natural, coherent English sentence.
794	26	The drawing isn't scaring that old child.	The drawing isn't scaring those old child.	-112.5	-112.5	-10.25	-10.25	False	False	morphology	determiner_noun_agreement	Write a natural, coherent English sentence.
795	26	Veronica questioned this uncertain woman.	Veronica questioned these uncertain woman.	-81.5	-81.0	-10.1875	-10.125	False	False	morphology	determiner_noun_agreement	Write a natural, coherent English sentence.
796	26	Vanessa hadn't known this determined alumnus.	Vanessa hadn't known these determined alumnus.	-121.5	-121.5	-10.125	-10.125	False	False	morphology	determiner_noun_agreement	Write a natural, coherent English sentence.
797	26	Cynthia hadn't kissed this unemployed man.	Cynthia hadn't kissed these unemployed man.	-132.0	-132.0	-10.125	-10.125	False	False	morphology	determiner_noun_agreement	Write a natural, coherent English sentence.
798	26	These companies irritate that exposed woman.	These companies irritate those exposed woman.	-82.0	-82.0	-10.25	-10.25	False	False	morphology	determiner_noun_agreement	Write a natural, coherent English sentence.
799	26	This dancer wasn't biking to this orange oasis.	This dancer wasn't biking to these orange oasis.	-143.0	-143.0	-10.1875	-10.1875	False	False	morphology	determiner_noun_agreement	Write a natural, coherent English sentence.
800	26	Those legislatures could disturb this upset alumnus.	Those legislatures could disturb these upset alumnus.	-112.0	-112.0	-10.1875	-10.1875	False	False	morphology	determiner_noun_agreement	Write a natural, coherent English sentence.
801	26	Some adult hasn't hidden these ill men.	Some adult hasn't hidden this ill men.	-103.0	-103.0	-10.3125	-10.3125	False	False	morphology	determiner_noun_agreement	Write a natural, coherent English sentence.
802	26	A cashier should insult these hidden children.	A cashier should insult this hidden children.	-92.5	-92.5	-10.25	-10.25	False	False	morphology	determiner_noun_agreement	Write a natural, coherent English sentence.
803	26	Danielle could annoy that confident man.	Danielle could annoy those confident man.	-82.0	-82.0	-10.25	-10.25	False	False	morphology	determiner_noun_agreement	Write a natural, coherent English sentence.
804	26	These teachers lift this exposed goose.	These teachers lift these exposed goose.	-82.0	-82.0	-10.25	-10.25	False	False	morphology	determiner_noun_agreement	Write a natural, coherent English sentence.
805	26	Christina drove to that exposed oasis.	Christina drove to those exposed oasis.	-91.0	-91.5	-10.125	-10.1875	True	True	morphology	determiner_noun_agreement	Write a natural, coherent English sentence.
806	26	Jesus hadn't sounded like these hidden people.	Jesus hadn't sounded like this hidden people.	-102.0	-102.0	-10.1875	-10.1875	False	False	morphology	determiner_noun_agreement	Write a natural, coherent English sentence.
807	26	Many mushrooms irritate that upset man.	Many mushrooms irritate those upset man.	-91.0	-91.0	-10.125	-10.125	False	False	morphology	determiner_noun_agreement	Write a natural, coherent English sentence.
808	26	Some committee bought those white lice.	Some committee bought that white lice.	-82.0	-82.5	-10.25	-10.3125	True	True	morphology	determiner_noun_agreement	Write a natural, coherent English sentence.
809	26	Daniel hasn't known this determined man.	Daniel hasn't known these determined man.	-92.5	-92.0	-10.25	-10.25	False	False	morphology	determiner_noun_agreement	Write a natural, coherent English sentence.
810	26	Art hadn't scared these serious alumni.	Art hadn't scared this serious alumni.	-112.0	-112.5	-10.1875	-10.1875	True	False	morphology	determiner_noun_agreement	Write a natural, coherent English sentence.
811	26	Alice fires this unconvinced child.	Alice fires these unconvinced child.	-92.0	-92.0	-10.1875	-10.1875	False	False	morphology	determiner_noun_agreement	Write a natural, coherent English sentence.
812	26	Melanie hid that exposed tooth.	Melanie hid those exposed tooth.	-71.0	-71.0	-10.1875	-10.1875	False	False	morphology	determiner_noun_agreement	Write a natural, coherent English sentence.
813	26	Most hamsters find that red tooth.	Most hamsters find those red tooth.	-82.0	-81.5	-10.25	-10.1875	False	False	morphology	determiner_noun_agreement	Write a natural, coherent English sentence.
814	26	Those children explore those small oases.	Those children explore that small oases.	-82.0	-82.0	-10.25	-10.25	False	False	morphology	determiner_noun_agreement	Write a natural, coherent English sentence.
815	26	Most museums listen to this troubled man.	Most museums listen to these troubled man.	-101.0	-101.0	-10.125	-10.125	False	False	morphology	determiner_noun_agreement	Write a natural, coherent English sentence.
816	26	Patrick embarrassed this unemployed person.	Patrick embarrassed these unemployed person.	-71.0	-71.0	-10.125	-10.1875	False	True	morphology	determiner_noun_agreement	Write a natural, coherent English sentence.
817	26	A lot of icicles had alarmed that hidden woman.	A lot of icicles had alarmed those hidden woman.	-122.5	-122.5	-10.1875	-10.1875	False	False	morphology	determiner_noun_agreement	Write a natural, coherent English sentence.
818	26	Matt hadn't impressed this exposed child.	Matt hadn't impressed these exposed child.	-93.0	-93.0	-10.3125	-10.3125	False	False	morphology	determiner_noun_agreement	Write a natural, coherent English sentence.
819	26	Eric might see those new feet.	Eric might see that new feet.	-72.0	-72.5	-10.3125	-10.3125	True	False	morphology	determiner_noun_agreement	Write a natural, coherent English sentence.
820	26	Some turtle can confuse this old alumnus.	Some turtle can confuse these old alumnus.	-132.0	-132.0	-10.125	-10.125	False	False	morphology	determiner_noun_agreement	Write a natural, coherent English sentence.
821	26	Most guests explore these smooth oases.	Most guests explore this smooth oases.	-82.0	-82.0	-10.25	-10.25	False	False	morphology	determiner_noun_agreement	Write a natural, coherent English sentence.
822	26	Brian has praised that happy alumnus.	Brian has praised those happy alumnus.	-92.5	-92.0	-10.25	-10.25	False	False	morphology	determiner_noun_agreement	Write a natural, coherent English sentence.
823	26	Karen sees these ill lice.	Karen sees this ill lice.	-72.0	-72.5	-10.3125	-10.3125	True	False	morphology	determiner_noun_agreement	Write a natural, coherent English sentence.
824	26	Alicia doesn't observe this confident alumnus.	Alicia doesn't observe these confident alumnus.	-132.0	-132.0	-10.1875	-10.1875	False	False	morphology	determiner_noun_agreement	Write a natural, coherent English sentence.
825	26	That horse does find this lost octopus.	That horse does find these lost octopus.	-102.0	-102.0	-10.1875	-10.1875	False	False	morphology	determiner_noun_agreement	Write a natural, coherent English sentence.
826	26	Those customers haven't annoyed those delighted children.	Those customers haven't annoyed that delighted children.	-111.5	-112.0	-10.125	-10.1875	True	True	morphology	determiner_noun_agreement	Write a natural, coherent English sentence.
827	26	The Great Lakes confused these hidden women.	The Great Lakes confused this hidden women.	-92.5	-93.0	-10.3125	-10.3125	True	False	morphology	determiner_noun_agreement	Write a natural, coherent English sentence.
828	26	Russell watches these unsure women.	Russell watches this unsure women.	-72.0	-72.0	-10.25	-10.3125	False	True	morphology	determiner_noun_agreement	Write a natural, coherent English sentence.
829	26	Jacqueline has concealed these long synopses.	Jacqueline has concealed this long synopses.	-121.5	-121.5	-10.125	-10.125	False	False	morphology	determiner_noun_agreement	Write a natural, coherent English sentence.
830	26	Carrie isn't hiring this small woman.	Carrie isn't hiring these small woman.	-102.5	-102.5	-10.25	-10.25	False	False	morphology	determiner_noun_agreement	Write a natural, coherent English sentence.
831	26	Charles doesn't admire these big mice.	Charles doesn't admire this big mice.	-112.5	-112.5	-10.1875	-10.1875	False	False	morphology	determiner_noun_agreement	Write a natural, coherent English sentence.
832	26	The Impressionists might think about that white thesis.	The Impressionists might think about those white thesis.	-111.0	-111.0	-10.0625	-10.0625	False	False	morphology	determiner_noun_agreement	Write a natural, coherent English sentence.
833	26	Most men question those bad people.	Most men question that bad people.	-72.5	-72.5	-10.375	-10.375	False	False	morphology	determiner_noun_agreement	Write a natural, coherent English sentence.
834	26	Lissa hasn't left this upset woman.	Lissa hasn't left these upset woman.	-102.5	-102.5	-10.25	-10.25	False	False	morphology	determiner_noun_agreement	Write a natural, coherent English sentence.
835	26	Janice won't fire that determined child.	Janice won't fire those determined child.	-102.5	-102.5	-10.25	-10.25	False	False	morphology	determiner_noun_agreement	Write a natural, coherent English sentence.
836	26	This company criticized this lucky man.	This company criticized these lucky man.	-81.5	-82.0	-10.1875	-10.25	True	True	morphology	determiner_noun_agreement	Write a natural, coherent English sentence.
837	26	The banks hurt that excited woman.	The banks hurt those excited woman.	-72.0	-72.5	-10.3125	-10.3125	True	False	morphology	determiner_noun_agreement	Write a natural, coherent English sentence.
838	26	Peter wasn't walking through those red oases.	Peter wasn't walking through that red oases.	-112.5	-112.5	-10.1875	-10.25	False	True	morphology	determiner_noun_agreement	Write a natural, coherent English sentence.
839	26	Rebecca wasn't referencing this long synopsis.	Rebecca wasn't referencing these long synopsis.	-111.5	-112.0	-10.125	-10.1875	True	True	morphology	determiner_noun_agreement	Write a natural, coherent English sentence.
840	26	Naomi notices this smooth octopus.	Naomi notices these smooth octopus.	-100.5	-100.5	-10.0625	-10.0625	False	False	morphology	determiner_noun_agreement	Write a natural, coherent English sentence.
841	26	Patrick conceals this hard stimulus.	Patrick conceals these hard stimulus.	-82.0	-82.0	-10.25	-10.25	False	False	morphology	determiner_noun_agreement	Write a natural, coherent English sentence.
842	26	Candice shouldn't bring those smooth feet.	Candice shouldn't bring that smooth feet.	-102.0	-102.5	-10.1875	-10.25	True	True	morphology	determiner_noun_agreement	Write a natural, coherent English sentence.
843	26	All books sound like those content women.	All books sound like that content women.	-82.0	-82.0	-10.25	-10.25	False	False	morphology	determiner_noun_agreement	Write a natural, coherent English sentence.
844	26	Bethany hasn't arrived at this white oasis.	Bethany hasn't arrived at these white oasis.	-121.0	-121.0	-10.125	-10.0625	False	False	morphology	determiner_noun_agreement	Write a natural, coherent English sentence.
845	26	Steve reveals these unemployed alumni.	Steve reveals this unemployed alumni.	-91.0	-91.0	-10.125	-10.125	False	False	morphology	determiner_noun_agreement	Write a natural, coherent English sentence.
846	26	Sonia was upsetting that ill woman.	Sonia was upsetting those ill woman.	-91.5	-91.5	-10.1875	-10.1875	False	False	morphology	determiner_noun_agreement	Write a natural, coherent English sentence.
847	26	Keith wasn't boring these delighted men.	Keith wasn't boring this delighted men.	-93.0	-93.0	-10.3125	-10.3125	False	False	morphology	determiner_noun_agreement	Write a natural, coherent English sentence.
848	26	The Borgias admire these hard mice.	The Borgias admire this hard mice.	-112.5	-113.0	-10.25	-10.25	True	False	morphology	determiner_noun_agreement	Write a natural, coherent English sentence.
849	26	These drivers had forgotten this good analysis.	These drivers had forgotten these good analysis.	-82.0	-82.5	-10.25	-10.3125	True	True	morphology	determiner_noun_agreement	Write a natural, coherent English sentence.
850	26	Helen skates around this blue oasis.	Helen skates around these blue oasis.	-91.5	-91.5	-10.1875	-10.1875	False	False	morphology	determiner_noun_agreement	Write a natural, coherent English sentence.
851	26	Galileo found that smooth stimulus.	Galileo found those smooth stimulus.	-90.5	-91.0	-10.0625	-10.0625	True	False	morphology	determiner_noun_agreement	Write a natural, coherent English sentence.
852	26	Kimberley isn't curing these small octopi.	Kimberley isn't curing this small octopi.	-142.0	-142.0	-10.125	-10.125	False	False	morphology	determiner_noun_agreement	Write a natural, coherent English sentence.
853	26	Debra didn't conceal these popular men.	Debra didn't conceal this popular men.	-113.0	-113.0	-10.25	-10.25	False	False	morphology	determiner_noun_agreement	Write a natural, coherent English sentence.
854	26	A lot of doctors hug these scared children.	A lot of doctors hug this scared children.	-91.0	-91.5	-10.125	-10.1875	True	True	morphology	determiner_noun_agreement	Write a natural, coherent English sentence.
855	26	Those pedestrians weren't fleeing from these concealed men.	Those pedestrians weren't fleeing from this concealed men.	-152.0	-152.0	-10.125	-10.1875	False	True	morphology	determiner_noun_agreement	Write a natural, coherent English sentence.
856	26	Those children find that exposed thesis.	Those children find those exposed thesis.	-72.0	-72.0	-10.3125	-10.25	False	False	morphology	determiner_noun_agreement	Write a natural, coherent English sentence.
857	26	Debra admires these blue octopi.	Debra admires this blue octopi.	-101.5	-101.5	-10.1875	-10.125	False	False	morphology	determiner_noun_agreement	Write a natural, coherent English sentence.
858	26	Bruce wasn't approaching that clever alumnus.	Bruce wasn't approaching those clever alumnus.	-112.5	-112.5	-10.1875	-10.25	False	True	morphology	determiner_noun_agreement	Write a natural, coherent English sentence.
859	26	Lawrence isn't questioning that nice woman.	Lawrence isn't questioning those nice woman.	-92.5	-93.0	-10.3125	-10.3125	True	False	morphology	determiner_noun_agreement	Write a natural, coherent English sentence.
860	26	Some waitresses have this big octopus.	Some waitresses have these big octopus.	-110.5	-110.5	-10.0625	-10.0625	False	False	morphology	determiner_noun_agreement	Write a natural, coherent English sentence.
861	26	Carolyn had embarrassed that busy alumnus.	Carolyn had embarrassed those busy alumnus.	-102.0	-101.5	-10.1875	-10.1875	False	False	morphology	determiner_noun_agreement	Write a natural, coherent English sentence.
862	26	Jeffrey aggravated that smart man.	Jeffrey aggravated those smart man.	-90.5	-90.5	-10.0625	-10.0625	False	False	morphology	determiner_noun_agreement	Write a natural, coherent English sentence.
863	26	Guy messed up this yellow foot.	Guy messed up these yellow foot.	-80.5	-80.5	-10.0625	-10.0625	False	False	morphology	determiner_noun_agreement	Write a natural, coherent English sentence.
864	26	Every book is embarrassing this small woman.	Every book is embarrassing these small woman.	-92.0	-92.0	-10.1875	-10.1875	False	False	morphology	determiner_noun_agreement	Write a natural, coherent English sentence.
865	26	These associations were talking about these scared women.	These associations were talking about this scared women.	-92.0	-92.0	-10.1875	-10.25	False	True	morphology	determiner_noun_agreement	Write a natural, coherent English sentence.
866	26	Todd disturbs this upset child.	Todd disturbs these upset child.	-82.0	-82.0	-10.25	-10.25	False	False	morphology	determiner_noun_agreement	Write a natural, coherent English sentence.
867	26	That window alarms these exposed women.	That window alarms this exposed women.	-82.0	-82.5	-10.25	-10.3125	True	True	morphology	determiner_noun_agreement	Write a natural, coherent English sentence.
868	26	A window upsets these upset men.	A window upsets this upset men.	-82.0	-82.0	-10.25	-10.25	False	False	morphology	determiner_noun_agreement	Write a natural, coherent English sentence.
869	26	Monet is fixing that brown foot.	Monet is fixing those brown foot.	-82.0	-82.0	-10.25	-10.25	False	False	morphology	determiner_noun_agreement	Write a natural, coherent English sentence.
870	26	Adam left these big alumni.	Adam left this big alumni.	-82.0	-82.0	-10.25	-10.25	False	False	morphology	determiner_noun_agreement	Write a natural, coherent English sentence.
871	26	Stacy can exit that big oasis.	Stacy can exit those big oasis.	-92.0	-92.5	-10.25	-10.25	True	False	morphology	determiner_noun_agreement	Write a natural, coherent English sentence.
872	26	Roger was returning to those happy alumni.	Roger was returning to that happy alumni.	-101.5	-101.5	-10.125	-10.1875	False	True	morphology	determiner_noun_agreement	Write a natural, coherent English sentence.
873	26	Dana isn't investigating this ill woman.	Dana isn't investigating these ill woman.	-112.0	-112.5	-10.1875	-10.1875	True	False	morphology	determiner_noun_agreement	Write a natural, coherent English sentence.
874	26	Tammy has those yellow axes.	Tammy has that yellow axes.	-81.5	-81.5	-10.1875	-10.1875	False	False	morphology	determiner_noun_agreement	Write a natural, coherent English sentence.
875	26	Marla leaves those employed children.	Marla leaves that employed children.	-72.5	-72.0	-10.3125	-10.3125	False	False	morphology	determiner_noun_agreement	Write a natural, coherent English sentence.
876	26	Sarah referenced that ill child.	Sarah referenced those ill child.	-71.5	-71.5	-10.1875	-10.1875	False	False	morphology	determiner_noun_agreement	Write a natural, coherent English sentence.
877	26	Edward complained about this serious child.	Edward complained about these serious child.	-71.5	-71.5	-10.25	-10.25	False	False	morphology	determiner_noun_agreement	Write a natural, coherent English sentence.
878	26	Carolyn healed those bad women.	Carolyn healed that bad women.	-82.0	-82.0	-10.25	-10.25	False	False	morphology	determiner_noun_agreement	Write a natural, coherent English sentence.
879	26	The waitresses fired those upset alumni.	The waitresses fired that upset alumni.	-111.0	-111.0	-10.125	-10.125	False	False	morphology	determiner_noun_agreement	Write a natural, coherent English sentence.
880	26	Every driver dropped by that old oasis.	Every driver dropped by those old oasis.	-92.0	-92.0	-10.25	-10.25	False	False	morphology	determiner_noun_agreement	Write a natural, coherent English sentence.
881	26	William hadn't hugged these hopeful alumni.	William hadn't hugged this hopeful alumni.	-131.0	-131.0	-10.125	-10.125	False	False	morphology	determiner_noun_agreement	Write a natural, coherent English sentence.
882	26	The Lutherans had messed up those lost feet.	The Lutherans had messed up that lost feet.	-112.0	-112.5	-10.1875	-10.1875	True	False	morphology	determiner_noun_agreement	Write a natural, coherent English sentence.
883	26	Florence hasn't confused those standing men.	Florence hasn't confused that standing men.	-92.5	-92.5	-10.25	-10.3125	False	True	morphology	determiner_noun_agreement	Write a natural, coherent English sentence.
884	26	Some convertible upset this upset woman.	Some convertible upset these upset woman.	-82.0	-82.0	-10.25	-10.25	False	False	morphology	determiner_noun_agreement	Write a natural, coherent English sentence.
885	26	Rebecca saw this hidden foot.	Rebecca saw these hidden foot.	-61.75	-61.5	-10.25	-10.25	False	False	morphology	determiner_noun_agreement	Write a natural, coherent English sentence.
886	26	Derek returned to these content men.	Derek returned to this content men.	-82.0	-82.0	-10.25	-10.25	False	False	morphology	determiner_noun_agreement	Write a natural, coherent English sentence.
887	26	Those teachers love those hidden women.	Those teachers love that hidden women.	-72.0	-72.5	-10.3125	-10.375	True	True	morphology	determiner_noun_agreement	Write a natural, coherent English sentence.
888	26	Jennifer worried those ill men.	Jennifer worried that ill men.	-61.75	-61.75	-10.3125	-10.3125	False	False	morphology	determiner_noun_agreement	Write a natural, coherent English sentence.
889	26	A chair was stunning this big man.	A chair was stunning these big man.	-82.0	-82.0	-10.25	-10.25	False	False	morphology	determiner_noun_agreement	Write a natural, coherent English sentence.
890	26	Paintings looked like that gray thesis.	Paintings looked like those gray thesis.	-92.0	-92.0	-10.25	-10.25	False	False	morphology	determiner_noun_agreement	Write a natural, coherent English sentence.
891	26	Karla toured this rough oasis.	Karla toured these rough oasis.	-92.0	-92.0	-10.25	-10.25	False	False	morphology	determiner_noun_agreement	Write a natural, coherent English sentence.
892	26	Walter couldn't boycott those hidden oases.	Walter couldn't boycott that hidden oases.	-113.0	-113.0	-10.25	-10.25	False	False	morphology	determiner_noun_agreement	Write a natural, coherent English sentence.
893	26	Donald has worried this smart man.	Donald has worried these smart man.	-72.0	-72.0	-10.3125	-10.3125	False	False	morphology	determiner_noun_agreement	Write a natural, coherent English sentence.
894	26	Catherine has boycotted those gray oases.	Catherine has boycotted that gray oases.	-103.0	-103.0	-10.3125	-10.25	False	False	morphology	determiner_noun_agreement	Write a natural, coherent English sentence.
895	26	Nicole toured those yellow oases.	Nicole toured that yellow oases.	-82.0	-82.5	-10.25	-10.3125	True	True	morphology	determiner_noun_agreement	Write a natural, coherent English sentence.
896	26	Barbara praises that young woman.	Barbara praises those young woman.	-72.0	-72.0	-10.25	-10.25	False	False	morphology	determiner_noun_agreement	Write a natural, coherent English sentence.
897	26	The apple aggravates those hopeful children.	The apple aggravates that hopeful children.	-100.5	-101.0	-10.0625	-10.0625	True	False	morphology	determiner_noun_agreement	Write a natural, coherent English sentence.
898	26	All photographs could look like this big fungus.	All photographs could look like these big fungus.	-112.0	-112.0	-10.1875	-10.1875	False	False	morphology	determiner_noun_agreement	Write a natural, coherent English sentence.
899	26	Guys should talk about that good synopsis.	Guys should talk about those good synopsis.	-102.0	-101.5	-10.1875	-10.125	False	False	morphology	determiner_noun_agreement	Write a natural, coherent English sentence.
900	26	Tracy discovered this concealed alumnus.	Tracy discovered these concealed alumnus.	-102.0	-102.0	-10.1875	-10.1875	False	False	morphology	determiner_noun_agreement	Write a natural, coherent English sentence.
901	26	All actresses are helping this troubled man.	All actresses are helping these troubled man.	-100.5	-101.0	-10.0625	-10.0625	True	False	morphology	determiner_noun_agreement	Write a natural, coherent English sentence.
902	26	Douglas isn't revealing this dirty foot.	Douglas isn't revealing these dirty foot.	-93.0	-92.5	-10.3125	-10.3125	False	False	morphology	determiner_noun_agreement	Write a natural, coherent English sentence.
903	26	Most senators confuse that standing child.	Most senators confuse those standing child.	-92.5	-92.5	-10.3125	-10.25	False	False	morphology	determiner_noun_agreement	Write a natural, coherent English sentence.
904	26	Those doctors embarrass that upset woman.	Those doctors embarrass those upset woman.	-72.0	-72.5	-10.3125	-10.3125	True	False	morphology	determiner_noun_agreement	Write a natural, coherent English sentence.
905	26	A lot of customers were healing those sick men.	A lot of customers were healing that sick men.	-102.0	-102.0	-10.1875	-10.25	False	True	morphology	determiner_noun_agreement	Write a natural, coherent English sentence.
906	26	Sabrina does conceal these old alumni.	Sabrina does conceal this old alumni.	-122.0	-122.0	-10.1875	-10.1875	False	False	morphology	determiner_noun_agreement	Write a natural, coherent English sentence.
907	26	Many girls can't observe those young alumni.	Many girls can't observe that young alumni.	-123.0	-123.0	-10.25	-10.25	False	False	morphology	determiner_noun_agreement	Write a natural, coherent English sentence.
908	26	The actresses hire that lucky man.	The actresses hire those lucky man.	-82.0	-81.5	-10.25	-10.1875	False	False	morphology	determiner_noun_agreement	Write a natural, coherent English sentence.
909	26	Andrea is firing that scared child.	Andrea is firing those scared child.	-72.0	-72.0	-10.25	-10.3125	False	True	morphology	determiner_noun_agreement	Write a natural, coherent English sentence.
910	26	That dancer scanned that bad synopsis.	That dancer scanned those bad synopsis.	-102.5	-102.0	-10.25	-10.25	False	False	morphology	determiner_noun_agreement	Write a natural, coherent English sentence.
911	26	Daniel breaks these dirty teeth.	Daniel breaks this dirty teeth.	-61.5	-61.75	-10.25	-10.3125	True	True	morphology	determiner_noun_agreement	Write a natural, coherent English sentence.
912	26	Students had messed up those purple teeth.	Students had messed up that purple teeth.	-92.0	-92.0	-10.25	-10.25	False	False	morphology	determiner_noun_agreement	Write a natural, coherent English sentence.
913	26	Becky boycotted those old oases.	Becky boycotted that old oases.	-102.0	-102.0	-10.1875	-10.1875	False	False	morphology	determiner_noun_agreement	Write a natural, coherent English sentence.
914	26	Florence talks to those good women.	Florence talks to that good women.	-72.5	-72.5	-10.3125	-10.3125	False	False	morphology	determiner_noun_agreement	Write a natural, coherent English sentence.
915	26	Carmen won't break this big foot.	Carmen won't break these big foot.	-102.5	-102.5	-10.25	-10.25	False	False	morphology	determiner_noun_agreement	Write a natural, coherent English sentence.
916	26	Stephen fired those employed men.	Stephen fired that employed men.	-62.0	-62.0	-10.3125	-10.3125	False	False	morphology	determiner_noun_agreement	Write a natural, coherent English sentence.
917	26	Many governments confuse this sick woman.	Many governments confuse these sick woman.	-82.0	-82.5	-10.25	-10.3125	True	True	morphology	determiner_noun_agreement	Write a natural, coherent English sentence.
918	26	Heidi healed this troubled child.	Heidi healed these troubled child.	-91.5	-91.0	-10.1875	-10.125	False	False	morphology	determiner_noun_agreement	Write a natural, coherent English sentence.
919	26	Daniel questions these employed alumni.	Daniel questions this employed alumni.	-82.0	-82.0	-10.25	-10.25	False	False	morphology	determiner_noun_agreement	Write a natural, coherent English sentence.
920	26	People admire these yellow oxen.	People admire this yellow oxen.	-81.5	-81.5	-10.1875	-10.1875	False	False	morphology	determiner_noun_agreement	Write a natural, coherent English sentence.
921	26	Those adults embarrasses this displeased woman.	Those adults embarrasses these displeased woman.	-102.0	-102.0	-10.1875	-10.1875	False	False	morphology	determiner_noun_agreement	Write a natural, coherent English sentence.
922	26	Winston Churchill notices these big nuclei.	Winston Churchill notices this big nuclei.	-111.0	-111.0	-10.0625	-10.0625	False	False	morphology	determiner_noun_agreement	Write a natural, coherent English sentence.
923	26	All women hide those concealed nuclei.	All women hide that concealed nuclei.	-92.5	-92.5	-10.25	-10.25	False	False	morphology	determiner_noun_agreement	Write a natural, coherent English sentence.
924	26	Charles was escaping from those lucky men.	Charles was escaping from that lucky men.	-91.5	-92.0	-10.1875	-10.1875	True	False	morphology	determiner_noun_agreement	Write a natural, coherent English sentence.
925	26	Paul doesn't insult this happy woman.	Paul doesn't insult these happy woman.	-92.5	-92.5	-10.25	-10.3125	False	True	morphology	determiner_noun_agreement	Write a natural, coherent English sentence.
926	26	Galileo isn't scanning this brown thesis.	Galileo isn't scanning these brown thesis.	-122.0	-122.0	-10.1875	-10.1875	False	False	morphology	determiner_noun_agreement	Write a natural, coherent English sentence.
927	26	The newspaper article doesn't annoy that exposed man.	The newspaper article doesn't annoy those exposed man.	-112.5	-112.0	-10.1875	-10.1875	False	False	morphology	determiner_noun_agreement	Write a natural, coherent English sentence.
928	26	Carmen noticed these gray cacti.	Carmen noticed this gray cacti.	-92.0	-92.0	-10.1875	-10.1875	False	False	morphology	determiner_noun_agreement	Write a natural, coherent English sentence.
929	26	Teresa approaches this upset man.	Teresa approaches these upset man.	-71.0	-71.0	-10.1875	-10.1875	False	False	morphology	determiner_noun_agreement	Write a natural, coherent English sentence.
930	26	April was revealing this hidden woman.	April was revealing these hidden woman.	-72.0	-71.5	-10.25	-10.25	False	False	morphology	determiner_noun_agreement	Write a natural, coherent English sentence.
931	26	Michael has loved these scared men.	Michael has loved this scared men.	-72.0	-72.5	-10.3125	-10.375	True	True	morphology	determiner_noun_agreement	Write a natural, coherent English sentence.
932	26	Joseph hadn't bought those hard lice.	Joseph hadn't bought that hard lice.	-102.5	-102.5	-10.25	-10.25	False	False	morphology	determiner_noun_agreement	Write a natural, coherent English sentence.
933	26	Larry did drive to this out in the open oasis.	Larry did drive to these out in the open oasis.	-122.5	-122.5	-10.1875	-10.25	False	True	morphology	determiner_noun_agreement	Write a natural, coherent English sentence.
934	26	Lisa hasn't driven to that new oasis.	Lisa hasn't driven to those new oasis.	-111.5	-111.5	-10.125	-10.125	False	False	morphology	determiner_noun_agreement	Write a natural, coherent English sentence.
935	26	Steve scanned this good synopsis.	Steve scanned these good synopsis.	-81.5	-81.5	-10.1875	-10.1875	False	False	morphology	determiner_noun_agreement	Write a natural, coherent English sentence.
936	26	The Lutherans care for those hopeful men.	The Lutherans care for that hopeful men.	-101.5	-102.0	-10.1875	-10.1875	True	False	morphology	determiner_noun_agreement	Write a natural, coherent English sentence.
937	26	Christine bikes to these orange oases.	Christine bikes to this orange oases.	-101.5	-101.5	-10.1875	-10.1875	False	False	morphology	determiner_noun_agreement	Write a natural, coherent English sentence.
938	26	Most actors distracted this popular woman.	Most actors distracted these popular woman.	-82.0	-82.0	-10.25	-10.25	False	False	morphology	determiner_noun_agreement	Write a natural, coherent English sentence.
939	26	Emily should observe those displeased men.	Emily should observe that displeased men.	-92.0	-92.0	-10.25	-10.25	False	False	morphology	determiner_noun_agreement	Write a natural, coherent English sentence.
940	26	The drivers do sell this green thesis.	The drivers do sell these green thesis.	-82.0	-82.0	-10.25	-10.25	False	False	morphology	determiner_noun_agreement	Write a natural, coherent English sentence.
941	26	Most drivers love these unemployed men.	Most drivers love this unemployed men.	-81.5	-81.5	-10.1875	-10.1875	False	False	morphology	determiner_noun_agreement	Write a natural, coherent English sentence.
942	26	Those doctors care for this hopeful man.	Those doctors care for these hopeful man.	-91.5	-91.5	-10.125	-10.125	False	False	morphology	determiner_noun_agreement	Write a natural, coherent English sentence.
943	26	Brad kisses that displeased man.	Brad kisses those displeased man.	-91.5	-91.5	-10.1875	-10.1875	False	False	morphology	determiner_noun_agreement	Write a natural, coherent English sentence.
944	26	Danielle had argued about those troubled men.	Danielle had argued about that troubled men.	-102.0	-102.0	-10.1875	-10.1875	False	False	morphology	determiner_noun_agreement	Write a natural, coherent English sentence.
945	26	An actor is disgusting those unsure men.	An actor is disgusting that unsure men.	-102.5	-102.5	-10.25	-10.25	False	False	morphology	determiner_noun_agreement	Write a natural, coherent English sentence.
946	26	Galileo didn't hurt those displeased children.	Galileo didn't hurt that displeased children.	-131.0	-132.0	-10.0625	-10.125	True	True	morphology	determiner_noun_agreement	Write a natural, coherent English sentence.
947	26	Omar messed up these small teeth.	Omar messed up this small teeth.	-91.0	-91.5	-10.125	-10.125	True	False	morphology	determiner_noun_agreement	Write a natural, coherent English sentence.
948	26	Carmen will watch this smart person.	Carmen will watch these smart person.	-82.0	-82.0	-10.25	-10.25	False	False	morphology	determiner_noun_agreement	Write a natural, coherent English sentence.
949	26	Jeffrey hid that unlucky child.	Jeffrey hid those unlucky child.	-91.5	-91.5	-10.1875	-10.125	False	False	morphology	determiner_noun_agreement	Write a natural, coherent English sentence.
950	26	Every plane bothers this upset child.	Every plane bothers these upset child.	-81.5	-81.5	-10.1875	-10.1875	False	False	morphology	determiner_noun_agreement	Write a natural, coherent English sentence.
951	26	A lot of hospitals have those blue teeth.	A lot of hospitals have that blue teeth.	-92.0	-92.0	-10.1875	-10.1875	False	False	morphology	determiner_noun_agreement	Write a natural, coherent English sentence.
952	26	Nancy wasn't disturbing that clever man.	Nancy wasn't disturbing those clever man.	-102.0	-102.0	-10.25	-10.1875	False	False	morphology	determiner_noun_agreement	Write a natural, coherent English sentence.
953	26	These ladies bought that white tooth.	These ladies bought those white tooth.	-72.0	-72.0	-10.25	-10.25	False	False	morphology	determiner_noun_agreement	Write a natural, coherent English sentence.
954	26	Every skirt annoys that confident person.	Every skirt annoys those confident person.	-92.0	-92.0	-10.25	-10.25	False	False	morphology	determiner_noun_agreement	Write a natural, coherent English sentence.
955	26	These actors weren't biking to these red oases.	These actors weren't biking to this red oases.	-133.0	-132.0	-10.1875	-10.1875	False	False	morphology	determiner_noun_agreement	Write a natural, coherent English sentence.
956	26	Carmen has described those confident people.	Carmen has described that confident people.	-82.0	-82.0	-10.25	-10.25	False	False	morphology	determiner_noun_agreement	Write a natural, coherent English sentence.
957	26	All legislatures criticize that brown oasis.	All legislatures criticize those brown oasis.	-102.0	-101.5	-10.1875	-10.125	False	False	morphology	determiner_noun_agreement	Write a natural, coherent English sentence.
958	26	Paula works with that clever person.	Paula works with those clever person.	-82.0	-82.0	-10.25	-10.25	False	False	morphology	determiner_noun_agreement	Write a natural, coherent English sentence.
959	26	Benjamin respects those confident children.	Benjamin respects that confident children.	-72.0	-72.5	-10.3125	-10.375	True	True	morphology	determiner_noun_agreement	Write a natural, coherent English sentence.
960	26	Mitchell attacked these unsure alumni.	Mitchell attacked this unsure alumni.	-92.0	-92.0	-10.1875	-10.1875	False	False	morphology	determiner_noun_agreement	Write a natural, coherent English sentence.
961	26	The Lutherans hadn't cleaned these broken teeth.	The Lutherans hadn't cleaned this broken teeth.	-112.0	-112.0	-10.1875	-10.1875	False	False	morphology	determiner_noun_agreement	Write a natural, coherent English sentence.
962	26	A lot of children observe that young child.	A lot of children observe those young child.	-92.0	-92.0	-10.1875	-10.1875	False	False	morphology	determiner_noun_agreement	Write a natural, coherent English sentence.
963	26	Gary hadn't sounded like this out in the open oasis.	Gary hadn't sounded like these out in the open oasis.	-142.0	-142.0	-10.125	-10.125	False	False	morphology	determiner_noun_agreement	Write a natural, coherent English sentence.
964	26	That fish annoyed this serious alumnus.	That fish annoyed these serious alumnus.	-101.5	-101.0	-10.125	-10.125	False	False	morphology	determiner_noun_agreement	Write a natural, coherent English sentence.
965	26	Spotlights worry those standing people.	Spotlights worry that standing people.	-71.5	-72.0	-10.1875	-10.25	True	True	morphology	determiner_noun_agreement	Write a natural, coherent English sentence.
966	26	Rodney returned to these content alumni.	Rodney returned to this content alumni.	-101.5	-101.0	-10.125	-10.125	False	False	morphology	determiner_noun_agreement	Write a natural, coherent English sentence.
967	26	Bruce references this unemployed child.	Bruce references these unemployed child.	-71.5	-71.5	-10.25	-10.1875	False	False	morphology	determiner_noun_agreement	Write a natural, coherent English sentence.
968	26	Many museums criticize this bad analysis.	Many museums criticize these bad analysis.	-91.0	-91.0	-10.125	-10.125	False	False	morphology	determiner_noun_agreement	Write a natural, coherent English sentence.
969	26	Danielle knows that concealed man.	Danielle knows those concealed man.	-82.0	-82.0	-10.25	-10.25	False	False	morphology	determiner_noun_agreement	Write a natural, coherent English sentence.
970	26	Katherine sells that smooth oasis.	Katherine sells those smooth oasis.	-92.0	-91.5	-10.1875	-10.1875	False	False	morphology	determiner_noun_agreement	Write a natural, coherent English sentence.
971	26	Meredith hadn't scared these clever people.	Meredith hadn't scared this clever people.	-112.5	-112.5	-10.1875	-10.25	False	True	morphology	determiner_noun_agreement	Write a natural, coherent English sentence.
972	26	Walter biked to these gray oases.	Walter biked to this gray oases.	-102.0	-102.0	-10.25	-10.1875	False	False	morphology	determiner_noun_agreement	Write a natural, coherent English sentence.
973	26	Phillip has investigated this unemployed man.	Phillip has investigated these unemployed man.	-91.5	-91.5	-10.125	-10.125	False	False	morphology	determiner_noun_agreement	Write a natural, coherent English sentence.
974	26	Alice knows that ill woman.	Alice knows those ill woman.	-61.5	-62.0	-10.25	-10.3125	True	True	morphology	determiner_noun_agreement	Write a natural, coherent English sentence.
975	26	Daniel bothered that unemployed alumnus.	Daniel bothered those unemployed alumnus.	-91.0	-91.0	-10.125	-10.0625	False	False	morphology	determiner_noun_agreement	Write a natural, coherent English sentence.
976	26	Some children notice this black thesis.	Some children notice these black thesis.	-72.0	-72.0	-10.3125	-10.25	False	False	morphology	determiner_noun_agreement	Write a natural, coherent English sentence.
977	26	George has alarmed these unemployed children.	George has alarmed this unemployed children.	-91.5	-92.0	-10.125	-10.1875	True	True	morphology	determiner_noun_agreement	Write a natural, coherent English sentence.
978	26	Sarah won't drive to this concealed oasis.	Sarah won't drive to these concealed oasis.	-122.0	-122.5	-10.1875	-10.25	True	True	morphology	determiner_noun_agreement	Write a natural, coherent English sentence.
979	26	Grace arrived at those small oases.	Grace arrived at that small oases.	-82.0	-81.5	-10.25	-10.1875	False	False	morphology	determiner_noun_agreement	Write a natural, coherent English sentence.
980	26	David kisses that lucky man.	David kisses those lucky man.	-71.0	-71.0	-10.1875	-10.1875	False	False	morphology	determiner_noun_agreement	Write a natural, coherent English sentence.
981	26	Laura isn't lifting this smooth axis.	Laura isn't lifting these smooth axis.	-92.5	-92.5	-10.25	-10.3125	False	True	morphology	determiner_noun_agreement	Write a natural, coherent English sentence.
982	26	Mark embarrassed these confident children.	Mark embarrassed this confident children.	-61.75	-62.0	-10.25	-10.3125	True	True	morphology	determiner_noun_agreement	Write a natural, coherent English sentence.
983	26	Patients bothers this employed man.	Patients bothers these employed man.	-81.5	-81.5	-10.1875	-10.1875	False	False	morphology	determiner_noun_agreement	Write a natural, coherent English sentence.
984	26	Christopher has criticized this bad synopsis.	Christopher has criticized these bad synopsis.	-91.5	-91.5	-10.125	-10.125	False	False	morphology	determiner_noun_agreement	Write a natural, coherent English sentence.
985	26	Todd hadn't gone to this cheap oasis.	Todd hadn't gone to these cheap oasis.	-112.0	-112.5	-10.1875	-10.1875	True	False	morphology	determiner_noun_agreement	Write a natural, coherent English sentence.
986	26	Becca does investigate this lucky alumnus.	Becca does investigate these lucky alumnus.	-102.0	-102.0	-10.1875	-10.1875	False	False	morphology	determiner_noun_agreement	Write a natural, coherent English sentence.
987	26	Sabrina visits those fast women.	Sabrina visits that fast women.	-81.5	-81.5	-10.1875	-10.1875	False	False	morphology	determiner_noun_agreement	Write a natural, coherent English sentence.
988	26	Janet knew those unconvinced children.	Janet knew that unconvinced children.	-102.0	-101.5	-10.25	-10.1875	False	False	morphology	determiner_noun_agreement	Write a natural, coherent English sentence.
989	26	Christine hated this young man.	Christine hated these young man.	-72.0	-72.0	-10.25	-10.25	False	False	morphology	determiner_noun_agreement	Write a natural, coherent English sentence.
990	26	Chad hadn't complained about these big oases.	Chad hadn't complained about this big oases.	-122.5	-122.5	-10.1875	-10.1875	False	False	morphology	determiner_noun_agreement	Write a natural, coherent English sentence.
991	26	Many bikes stun that nice man.	Many bikes stun those nice man.	-92.5	-92.5	-10.3125	-10.3125	False	False	morphology	determiner_noun_agreement	Write a natural, coherent English sentence.
992	26	William hasn't investigated these fast men.	William hasn't investigated this fast men.	-92.5	-92.0	-10.25	-10.25	False	False	morphology	determiner_noun_agreement	Write a natural, coherent English sentence.
993	26	Kristin couldn't research these smooth oases.	Kristin couldn't research this smooth oases.	-112.5	-113.0	-10.25	-10.25	True	False	morphology	determiner_noun_agreement	Write a natural, coherent English sentence.
994	26	Travis arrives at these old oases.	Travis arrives at this old oases.	-91.5	-91.5	-10.1875	-10.1875	False	False	morphology	determiner_noun_agreement	Write a natural, coherent English sentence.
995	26	Many boys drive to this yellow oasis.	Many boys drive to these yellow oasis.	-92.0	-92.5	-10.25	-10.25	True	False	morphology	determiner_noun_agreement	Write a natural, coherent English sentence.
996	26	Danielle won't heal those unlucky people.	Danielle won't heal that unlucky people.	-122.0	-122.5	-10.1875	-10.25	True	True	morphology	determiner_noun_agreement	Write a natural, coherent English sentence.
997	26	Sabrina wouldn't go to that new oasis.	Sabrina wouldn't go to those new oasis.	-132.0	-132.0	-10.125	-10.125	False	False	morphology	determiner_noun_agreement	Write a natural, coherent English sentence.
998	26	This movie theater annoys these lucky alumni.	This movie theater annoys this lucky alumni.	-122.5	-122.5	-10.1875	-10.1875	False	False	morphology	determiner_noun_agreement	Write a natural, coherent English sentence.
999	26	Stacy doesn't appreciate that out in the open woman.	Stacy doesn't appreciate those out in the open woman.	-133.0	-133.0	-10.1875	-10.1875	False	False	morphology	determiner_noun_agreement	Write a natural, coherent English sentence.
0	27	Alexander didn't walk through that new oasis.	Alexander didn't walk through those new oasis.	-111.5	-112.0	-10.125	-10.1875	True	True	morphology	determiner_noun_agreement	Write a natural, coherent English sentence.
1	27	This hair irritates these old alumni.	This hair irritates this old alumni.	-101.5	-101.5	-10.125	-10.125	False	False	morphology	determiner_noun_agreement	Write a natural, coherent English sentence.
2	27	Winston Churchill was escaping from this serious person.	Winston Churchill was escaping from these serious person.	-120.0	-120.5	-10.0	-10.0	True	False	morphology	determiner_noun_agreement	Write a natural, coherent English sentence.
3	27	Anna walks through these purple oases.	Anna walks through this purple oases.	-81.0	-81.0	-10.125	-10.125	False	False	morphology	determiner_noun_agreement	Write a natural, coherent English sentence.
4	27	Alicia sounded like this good analysis.	Alicia sounded like these good analysis.	-91.5	-91.5	-10.125	-10.1875	False	True	morphology	determiner_noun_agreement	Write a natural, coherent English sentence.
5	27	Jeffrey might complain about this gray thesis.	Jeffrey might complain about these gray thesis.	-90.5	-90.5	-10.0625	-10.0625	False	False	morphology	determiner_noun_agreement	Write a natural, coherent English sentence.
6	27	Meredith approaches these concealed women.	Meredith approaches this concealed women.	-91.5	-91.5	-10.1875	-10.1875	False	False	morphology	determiner_noun_agreement	Write a natural, coherent English sentence.
7	27	Julia questioned those small children.	Julia questioned that small children.	-62.0	-62.0	-10.375	-10.3125	False	False	morphology	determiner_noun_agreement	Write a natural, coherent English sentence.
8	27	That adult has brought that purple octopus.	That adult has brought those purple octopus.	-101.0	-101.0	-10.125	-10.125	False	False	morphology	determiner_noun_agreement	Write a natural, coherent English sentence.
9	27	The people hug this displeased woman.	The people hug these displeased woman.	-91.0	-91.5	-10.125	-10.1875	True	True	morphology	determiner_noun_agreement	Write a natural, coherent English sentence.
10	27	That beef did bore these displeased people.	That beef did bore this displeased people.	-102.0	-102.0	-10.1875	-10.25	False	True	morphology	determiner_noun_agreement	Write a natural, coherent English sentence.
11	27	These libraries talk about these long synopses.	These libraries talk about this long synopses.	-101.0	-100.5	-10.0625	-10.0625	False	False	morphology	determiner_noun_agreement	Write a natural, coherent English sentence.
12	27	Lori wasn't hiring those delighted men.	Lori wasn't hiring that delighted men.	-103.0	-103.0	-10.3125	-10.3125	False	False	morphology	determiner_noun_agreement	Write a natural, coherent English sentence.
13	27	The teachers are running around this concealed oasis.	The teachers are running around these concealed oasis.	-111.5	-111.5	-10.125	-10.125	False	False	morphology	determiner_noun_agreement	Write a natural, coherent English sentence.
14	27	Those bananas embarrass these delighted people.	Those bananas embarrass this delighted people.	-81.0	-81.0	-10.125	-10.125	False	False	morphology	determiner_noun_agreement	Write a natural, coherent English sentence.
15	27	Mitchell brought those green oases.	Mitchell brought that green oases.	-72.0	-72.0	-10.25	-10.25	False	False	morphology	determiner_noun_agreement	Write a natural, coherent English sentence.
16	27	The actresses complain about this rough thesis.	The actresses complain about these rough thesis.	-91.5	-91.0	-10.125	-10.125	False	False	morphology	determiner_noun_agreement	Write a natural, coherent English sentence.
17	27	Russell investigates these fast women.	Russell investigates this fast women.	-71.5	-71.5	-10.25	-10.25	False	False	morphology	determiner_noun_agreement	Write a natural, coherent English sentence.
18	27	Irene praised those bad synopses.	Irene praised that bad synopses.	-92.0	-92.0	-10.1875	-10.25	False	True	morphology	determiner_noun_agreement	Write a natural, coherent English sentence.
19	27	Denise did confuse that important woman.	Denise did confuse those important woman.	-91.5	-91.5	-10.1875	-10.1875	False	False	morphology	determiner_noun_agreement	Write a natural, coherent English sentence.
20	27	Some patients dislike those nice women.	Some patients dislike that nice women.	-81.5	-82.0	-10.1875	-10.25	True	True	morphology	determiner_noun_agreement	Write a natural, coherent English sentence.
21	27	Amelia wasn't observing this hopeful man.	Amelia wasn't observing these hopeful man.	-121.0	-120.5	-10.0625	-10.0625	False	False	morphology	determiner_noun_agreement	Write a natural, coherent English sentence.
22	27	Grace is hugging these popular women.	Grace is hugging this popular women.	-81.0	-81.0	-10.125	-10.125	False	False	morphology	determiner_noun_agreement	Write a natural, coherent English sentence.
23	27	Julia might describe this long synopsis.	Julia might describe these long synopsis.	-81.5	-81.5	-10.1875	-10.1875	False	False	morphology	determiner_noun_agreement	Write a natural, coherent English sentence.
24	27	Many pedestrians do return to these happy men.	Many pedestrians do return to this happy men.	-112.0	-112.5	-10.1875	-10.1875	True	False	morphology	determiner_noun_agreement	Write a natural, coherent English sentence.
25	27	Laura noticed that determined man.	Laura noticed those determined man.	-61.5	-61.75	-10.25	-10.3125	True	True	morphology	determiner_noun_agreement	Write a natural, coherent English sentence.
26	27	Julie would pass those red oases.	Julie would pass that red oases.	-82.0	-82.0	-10.25	-10.25	False	False	morphology	determiner_noun_agreement	Write a natural, coherent English sentence.
27	27	These doctors boast about this out in the open child.	These doctors boast about these out in the open child.	-121.0	-121.0	-10.0625	-10.125	False	True	morphology	determiner_noun_agreement	Write a natural, coherent English sentence.
28	27	Stephen isn't revealing this brown nucleus.	Stephen isn't revealing these brown nucleus.	-102.0	-102.5	-10.25	-10.25	True	False	morphology	determiner_noun_agreement	Write a natural, coherent English sentence.
29	27	Travel stuns that sick child.	Travel stuns those sick child.	-72.0	-72.0	-10.3125	-10.3125	False	False	morphology	determiner_noun_agreement	Write a natural, coherent English sentence.
30	27	Amelia healed that unemployed woman.	Amelia healed those unemployed woman.	-91.0	-91.0	-10.125	-10.125	False	False	morphology	determiner_noun_agreement	Write a natural, coherent English sentence.
31	27	Noah attacks that ill child.	Noah attacks those ill child.	-61.5	-61.75	-10.25	-10.3125	True	True	morphology	determiner_noun_agreement	Write a natural, coherent English sentence.
32	27	Randolf buys those gray fungi.	Randolf buys that gray fungi.	-92.0	-92.0	-10.1875	-10.1875	False	False	morphology	determiner_noun_agreement	Write a natural, coherent English sentence.
33	27	Some pedestrians disagreed with this big woman.	Some pedestrians disagreed with these big woman.	-111.0	-111.5	-10.125	-10.125	True	False	morphology	determiner_noun_agreement	Write a natural, coherent English sentence.
34	27	Adam might sound like these determined children.	Adam might sound like this determined children.	-82.0	-82.0	-10.25	-10.25	False	False	morphology	determiner_noun_agreement	Write a natural, coherent English sentence.
35	27	Bill has stunned this confident man.	Bill has stunned these confident man.	-82.0	-82.0	-10.25	-10.25	False	False	morphology	determiner_noun_agreement	Write a natural, coherent English sentence.
36	27	Rhonda should see these blue oases.	Rhonda should see this blue oases.	-91.5	-92.0	-10.1875	-10.1875	True	False	morphology	determiner_noun_agreement	Write a natural, coherent English sentence.
37	27	Stephen cares for that out in the open alumnus.	Stephen cares for those out in the open alumnus.	-122.5	-122.0	-10.1875	-10.125	False	False	morphology	determiner_noun_agreement	Write a natural, coherent English sentence.
38	27	Cheryl has bought this green oasis.	Cheryl has bought these green oasis.	-91.0	-91.0	-10.125	-10.125	False	False	morphology	determiner_noun_agreement	Write a natural, coherent English sentence.
39	27	Every door annoyed this lucky child.	Every door annoyed these lucky child.	-81.0	-81.5	-10.125	-10.1875	True	True	morphology	determiner_noun_agreement	Write a natural, coherent English sentence.
40	27	Gerald cures that unlucky child.	Gerald cures those unlucky child.	-101.0	-101.0	-10.125	-10.0625	False	False	morphology	determiner_noun_agreement	Write a natural, coherent English sentence.
41	27	Eyes weren't worrying this troubled child.	Eyes weren't worrying these troubled child.	-112.0	-112.0	-10.1875	-10.1875	False	False	morphology	determiner_noun_agreement	Write a natural, coherent English sentence.
42	27	Michael isn't referencing this long synopsis.	Michael isn't referencing these long synopsis.	-111.0	-111.5	-10.0625	-10.125	True	True	morphology	determiner_noun_agreement	Write a natural, coherent English sentence.
43	27	Robert insults this serious man.	Robert insults these serious man.	-71.0	-71.0	-10.1875	-10.1875	False	False	morphology	determiner_noun_agreement	Write a natural, coherent English sentence.
44	27	Waitresses describe that smart alumnus.	Waitresses describe those smart alumnus.	-100.5	-101.0	-10.0625	-10.125	True	True	morphology	determiner_noun_agreement	Write a natural, coherent English sentence.
45	27	Dan doesn't respect this unemployed alumnus.	Dan doesn't respect these unemployed alumnus.	-121.5	-121.0	-10.125	-10.125	False	False	morphology	determiner_noun_agreement	Write a natural, coherent English sentence.
46	27	Eric has upset those scared people.	Eric has upset that scared people.	-72.5	-72.5	-10.3125	-10.3125	False	False	morphology	determiner_noun_agreement	Write a natural, coherent English sentence.
47	27	Sabrina was biking to this exposed oasis.	Sabrina was biking to these exposed oasis.	-120.5	-120.5	-10.0625	-10.0625	False	False	morphology	determiner_noun_agreement	Write a natural, coherent English sentence.
48	27	Edward can't think about these exposed mice.	Edward can't think about this exposed mice.	-112.5	-112.5	-10.25	-10.25	False	False	morphology	determiner_noun_agreement	Write a natural, coherent English sentence.
49	27	Phillip listened to this standing alumnus.	Phillip listened to these standing alumnus.	-101.5	-101.5	-10.125	-10.125	False	False	morphology	determiner_noun_agreement	Write a natural, coherent English sentence.
50	27	Those men skate around this small oasis.	Those men skate around these small oasis.	-102.0	-102.0	-10.1875	-10.1875	False	False	morphology	determiner_noun_agreement	Write a natural, coherent English sentence.
51	27	Rhonda could think about those content children.	Rhonda could think about that content children.	-92.0	-92.0	-10.1875	-10.1875	False	False	morphology	determiner_noun_agreement	Write a natural, coherent English sentence.
52	27	Melissa had remembered that unsure person.	Melissa had remembered those unsure person.	-92.0	-92.0	-10.1875	-10.1875	False	False	morphology	determiner_noun_agreement	Write a natural, coherent English sentence.
53	27	The students talk about this upset person.	The students talk about these upset person.	-81.0	-81.0	-10.125	-10.125	False	False	morphology	determiner_noun_agreement	Write a natural, coherent English sentence.
54	27	Leslie insults those upset alumni.	Leslie insults that upset alumni.	-100.5	-101.0	-10.0625	-10.0625	True	False	morphology	determiner_noun_agreement	Write a natural, coherent English sentence.
55	27	Hats distract this ill man.	Hats distract these ill man.	-72.0	-72.0	-10.25	-10.25	False	False	morphology	determiner_noun_agreement	Write a natural, coherent English sentence.
56	27	Dawn sounded like this determined child.	Dawn sounded like these determined child.	-81.0	-81.0	-10.125	-10.125	False	False	morphology	determiner_noun_agreement	Write a natural, coherent English sentence.
57	27	Carl had run around that brown oasis.	Carl had run around those brown oasis.	-91.5	-91.5	-10.125	-10.1875	False	True	morphology	determiner_noun_agreement	Write a natural, coherent English sentence.
58	27	Anna criticizes these concealed children.	Anna criticizes this concealed children.	-81.5	-81.5	-10.1875	-10.1875	False	False	morphology	determiner_noun_agreement	Write a natural, coherent English sentence.
59	27	The waiter might criticize that unemployed man.	The waiter might criticize those unemployed man.	-110.5	-110.5	-10.0625	-10.0625	False	False	morphology	determiner_noun_agreement	Write a natural, coherent English sentence.
60	27	Tracy was investigating this troubled alumnus.	Tracy was investigating these troubled alumnus.	-121.0	-121.0	-10.0625	-10.0625	False	False	morphology	determiner_noun_agreement	Write a natural, coherent English sentence.
61	27	These newspaper articles astound this clever child.	These newspaper articles astound these clever child.	-91.0	-91.0	-10.125	-10.125	False	False	morphology	determiner_noun_agreement	Write a natural, coherent English sentence.
62	27	Dana hadn't attacked this small man.	Dana hadn't attacked these small man.	-102.5	-102.5	-10.25	-10.25	False	False	morphology	determiner_noun_agreement	Write a natural, coherent English sentence.
63	27	Curtis wasn't breaking those hard teeth.	Curtis wasn't breaking that hard teeth.	-102.5	-102.5	-10.25	-10.25	False	False	morphology	determiner_noun_agreement	Write a natural, coherent English sentence.
64	27	All customers attack this employed alumnus.	All customers attack these employed alumnus.	-91.5	-91.5	-10.1875	-10.1875	False	False	morphology	determiner_noun_agreement	Write a natural, coherent English sentence.
65	27	Most ladies go to those purple oases.	Most ladies go to that purple oases.	-92.5	-92.5	-10.25	-10.25	False	False	morphology	determiner_noun_agreement	Write a natural, coherent English sentence.
66	27	A dancer tours that blue oasis.	A dancer tours those blue oasis.	-92.0	-92.0	-10.25	-10.25	False	False	morphology	determiner_noun_agreement	Write a natural, coherent English sentence.
67	27	Steven irritated this unconvinced woman.	Steven irritated these unconvinced woman.	-101.0	-101.0	-10.0625	-10.125	False	True	morphology	determiner_noun_agreement	Write a natural, coherent English sentence.
68	27	Tara wasn't helping that sick man.	Tara wasn't helping those sick man.	-102.5	-102.5	-10.25	-10.25	False	False	morphology	determiner_noun_agreement	Write a natural, coherent English sentence.
69	27	The dancers aren't cleaning that smooth fungus.	The dancers aren't cleaning those smooth fungus.	-132.0	-132.0	-10.1875	-10.1875	False	False	morphology	determiner_noun_agreement	Write a natural, coherent English sentence.
70	27	Melissa had talked about these white theses.	Melissa had talked about this white theses.	-101.0	-101.0	-10.0625	-10.125	False	True	morphology	determiner_noun_agreement	Write a natural, coherent English sentence.
71	27	The man isn't watching those upset men.	The man isn't watching that upset men.	-102.0	-102.0	-10.25	-10.1875	False	False	morphology	determiner_noun_agreement	Write a natural, coherent English sentence.
72	27	Sabrina won't worry this out in the open person.	Sabrina won't worry these out in the open person.	-142.0	-142.0	-10.125	-10.125	False	False	morphology	determiner_noun_agreement	Write a natural, coherent English sentence.
73	27	Every bird embarrassed these unemployed men.	Every bird embarrassed this unemployed men.	-80.5	-80.5	-10.0625	-10.0625	False	False	morphology	determiner_noun_agreement	Write a natural, coherent English sentence.
74	27	The Borgias drive to that small oasis.	The Borgias drive to those small oasis.	-112.0	-112.0	-10.1875	-10.1875	False	False	morphology	determiner_noun_agreement	Write a natural, coherent English sentence.
75	27	Bradley likes these brown fungi.	Bradley likes this brown fungi.	-81.0	-81.0	-10.125	-10.125	False	False	morphology	determiner_noun_agreement	Write a natural, coherent English sentence.
76	27	Most guys go to that black oasis.	Most guys go to those black oasis.	-92.0	-92.0	-10.25	-10.25	False	False	morphology	determiner_noun_agreement	Write a natural, coherent English sentence.
77	27	A pedestrian hadn't approached these hopeful women.	A pedestrian hadn't approached this hopeful women.	-120.5	-121.0	-10.0625	-10.0625	True	False	morphology	determiner_noun_agreement	Write a natural, coherent English sentence.
78	27	Some senators aren't healing this unemployed alumnus.	Some senators aren't healing these unemployed alumnus.	-142.0	-142.0	-10.125	-10.125	False	False	morphology	determiner_noun_agreement	Write a natural, coherent English sentence.
79	27	That cart wasn't stunning these exposed men.	That cart wasn't stunning this exposed men.	-103.0	-103.0	-10.3125	-10.3125	False	False	morphology	determiner_noun_agreement	Write a natural, coherent English sentence.
80	27	Joel can think about this smart man.	Joel can think about these smart man.	-82.0	-81.5	-10.25	-10.1875	False	False	morphology	determiner_noun_agreement	Write a natural, coherent English sentence.
81	27	Those prints disgust those good people.	Those prints disgust that good people.	-71.0	-72.0	-10.1875	-10.25	True	True	morphology	determiner_noun_agreement	Write a natural, coherent English sentence.
82	27	Beverly hadn't passed these yellow oases.	Beverly hadn't passed this yellow oases.	-112.5	-112.0	-10.1875	-10.1875	False	False	morphology	determiner_noun_agreement	Write a natural, coherent English sentence.
83	27	A lot of prints irritate this unconvinced woman.	A lot of prints irritate these unconvinced woman.	-130.0	-131.0	-10.0	-10.0625	True	True	morphology	determiner_noun_agreement	Write a natural, coherent English sentence.
84	27	Many customers hire those standing alumni.	Many customers hire that standing alumni.	-92.0	-92.0	-10.1875	-10.25	False	True	morphology	determiner_noun_agreement	Write a natural, coherent English sentence.
85	27	Some rug isn't irritating that nice woman.	Some rug isn't irritating those nice woman.	-112.0	-112.0	-10.1875	-10.1875	False	False	morphology	determiner_noun_agreement	Write a natural, coherent English sentence.
86	27	Jill embarrassed those busy men.	Jill embarrassed that busy men.	-72.0	-72.0	-10.25	-10.3125	False	True	morphology	determiner_noun_agreement	Write a natural, coherent English sentence.
87	27	Most sketches could hurt this uncertain person.	Most sketches could hurt these uncertain person.	-102.0	-102.0	-10.1875	-10.25	False	True	morphology	determiner_noun_agreement	Write a natural, coherent English sentence.
88	27	Patricia lifted those purple feet.	Patricia lifted that purple feet.	-80.0	-80.5	-10.0	-10.0625	True	True	morphology	determiner_noun_agreement	Write a natural, coherent English sentence.
89	27	The girls sell this hard fungus.	The girls sell these hard fungus.	-91.0	-91.0	-10.125	-10.125	False	False	morphology	determiner_noun_agreement	Write a natural, coherent English sentence.
90	27	Nicole has seen this yellow cactus.	Nicole has seen these yellow cactus.	-91.0	-91.0	-10.125	-10.125	False	False	morphology	determiner_noun_agreement	Write a natural, coherent English sentence.
91	27	Sharon could arrive at those big oases.	Sharon could arrive at that big oases.	-102.0	-101.5	-10.1875	-10.1875	False	False	morphology	determiner_noun_agreement	Write a natural, coherent English sentence.
92	27	This cashier can fire that good woman.	This cashier can fire those good woman.	-92.0	-92.0	-10.25	-10.25	False	False	morphology	determiner_noun_agreement	Write a natural, coherent English sentence.
93	27	Raymond left those scared children.	Raymond left that scared children.	-61.5	-61.75	-10.25	-10.3125	True	True	morphology	determiner_noun_agreement	Write a natural, coherent English sentence.
94	27	Noah could discuss that clever person.	Noah could discuss those clever person.	-72.0	-72.0	-10.3125	-10.3125	False	False	morphology	determiner_noun_agreement	Write a natural, coherent English sentence.
95	27	Rachelle knew that concealed woman.	Rachelle knew those concealed woman.	-81.5	-82.0	-10.1875	-10.25	True	True	morphology	determiner_noun_agreement	Write a natural, coherent English sentence.
96	27	Dawn hasn't cured those gray oxen.	Dawn hasn't cured that gray oxen.	-121.5	-121.5	-10.125	-10.125	False	False	morphology	determiner_noun_agreement	Write a natural, coherent English sentence.
97	27	The Great Lakes haven't disgusted those out in the open people.	The Great Lakes haven't disgusted that out in the open people.	-163.0	-162.0	-10.1875	-10.125	False	False	morphology	determiner_noun_agreement	Write a natural, coherent English sentence.
98	27	Wayne doesn't exit those cheap oases.	Wayne doesn't exit that cheap oases.	-102.5	-103.0	-10.25	-10.25	True	False	morphology	determiner_noun_agreement	Write a natural, coherent English sentence.
99	27	These waitresses haven't astounded this fast woman.	These waitresses haven't astounded these fast woman.	-140.0	-140.0	-10.0	-10.0625	False	True	morphology	determiner_noun_agreement	Write a natural, coherent English sentence.
100	27	Patrick hasn't lifted this out in the open cactus.	Patrick hasn't lifted these out in the open cactus.	-142.0	-142.0	-10.125	-10.125	False	False	morphology	determiner_noun_agreement	Write a natural, coherent English sentence.
101	27	Angela isn't embarrassing those excited children.	Angela isn't embarrassing that excited children.	-102.0	-102.0	-10.25	-10.25	False	False	morphology	determiner_noun_agreement	Write a natural, coherent English sentence.
102	27	Jennifer hasn't criticized this smart man.	Jennifer hasn't criticized these smart man.	-101.5	-101.5	-10.1875	-10.1875	False	False	morphology	determiner_noun_agreement	Write a natural, coherent English sentence.
103	27	April watched this big person.	April watched these big person.	-62.0	-61.75	-10.3125	-10.3125	False	False	morphology	determiner_noun_agreement	Write a natural, coherent English sentence.
104	27	Candice hadn't bothered that serious alumnus.	Candice hadn't bothered those serious alumnus.	-121.5	-121.5	-10.125	-10.125	False	False	morphology	determiner_noun_agreement	Write a natural, coherent English sentence.
105	27	The Clintons observe those happy women.	The Clintons observe that happy women.	-92.0	-92.0	-10.25	-10.25	False	False	morphology	determiner_noun_agreement	Write a natural, coherent English sentence.
106	27	The Clintons observe this excited man.	The Clintons observe these excited man.	-92.0	-92.0	-10.25	-10.25	False	False	morphology	determiner_noun_agreement	Write a natural, coherent English sentence.
107	27	Associations were listening to that unlucky child.	Associations were listening to those unlucky child.	-112.0	-112.0	-10.1875	-10.1875	False	False	morphology	determiner_noun_agreement	Write a natural, coherent English sentence.
108	27	Those committees discussed that busy woman.	Those committees discussed those busy woman.	-91.0	-91.0	-10.125	-10.125	False	False	morphology	determiner_noun_agreement	Write a natural, coherent English sentence.
109	27	Debra isn't discussing that good analysis.	Debra isn't discussing those good analysis.	-102.5	-102.5	-10.25	-10.25	False	False	morphology	determiner_noun_agreement	Write a natural, coherent English sentence.
110	27	The drawing distracts this lucky woman.	The drawing distracts these lucky woman.	-81.5	-81.5	-10.1875	-10.1875	False	False	morphology	determiner_noun_agreement	Write a natural, coherent English sentence.
111	27	Holly couldn't dislike this exposed child.	Holly couldn't dislike these exposed child.	-102.5	-102.5	-10.25	-10.25	False	False	morphology	determiner_noun_agreement	Write a natural, coherent English sentence.
112	27	Angela examines that good synopsis.	Angela examines those good synopsis.	-81.0	-81.0	-10.125	-10.125	False	False	morphology	determiner_noun_agreement	Write a natural, coherent English sentence.
113	27	These skateboards aggravate that lucky woman.	These skateboards aggravate those lucky woman.	-110.5	-110.5	-10.0625	-10.0625	False	False	morphology	determiner_noun_agreement	Write a natural, coherent English sentence.
114	27	Some play alarms those small women.	Some play alarms that small women.	-82.5	-82.0	-10.3125	-10.25	False	False	morphology	determiner_noun_agreement	Write a natural, coherent English sentence.
115	27	Students investigate these nice men.	Students investigate this nice men.	-62.0	-62.0	-10.3125	-10.3125	False	False	morphology	determiner_noun_agreement	Write a natural, coherent English sentence.
116	27	Tanya wasn't shocking that busy child.	Tanya wasn't shocking those busy child.	-112.5	-112.5	-10.25	-10.25	False	False	morphology	determiner_noun_agreement	Write a natural, coherent English sentence.
117	27	Brett has boasted about this nice person.	Brett has boasted about these nice person.	-101.0	-101.5	-10.125	-10.125	True	False	morphology	determiner_noun_agreement	Write a natural, coherent English sentence.
118	27	Jennifer described that hidden woman.	Jennifer described those hidden woman.	-62.0	-62.0	-10.3125	-10.3125	False	False	morphology	determiner_noun_agreement	Write a natural, coherent English sentence.
119	27	Winston Churchill passed these red oases.	Winston Churchill passed this red oases.	-101.0	-101.0	-10.125	-10.0625	False	False	morphology	determiner_noun_agreement	Write a natural, coherent English sentence.
120	27	Some mirror could scare this nice woman.	Some mirror could scare these nice woman.	-92.5	-92.5	-10.25	-10.3125	False	True	morphology	determiner_noun_agreement	Write a natural, coherent English sentence.
121	27	Caroline hadn't fired that scared alumnus.	Caroline hadn't fired those scared alumnus.	-112.0	-112.5	-10.1875	-10.1875	True	False	morphology	determiner_noun_agreement	Write a natural, coherent English sentence.
122	27	Edward wasn't referencing that displeased woman.	Edward wasn't referencing those displeased woman.	-121.5	-121.5	-10.125	-10.125	False	False	morphology	determiner_noun_agreement	Write a natural, coherent English sentence.
123	27	Many teachers clean these cheap teeth.	Many teachers clean this cheap teeth.	-72.0	-72.0	-10.3125	-10.3125	False	False	morphology	determiner_noun_agreement	Write a natural, coherent English sentence.
124	27	Wayne might remember these new oases.	Wayne might remember this new oases.	-82.5	-82.5	-10.3125	-10.3125	False	False	morphology	determiner_noun_agreement	Write a natural, coherent English sentence.
125	27	Some high school alarms this determined man.	Some high school alarms these determined man.	-91.5	-91.5	-10.125	-10.1875	False	True	morphology	determiner_noun_agreement	Write a natural, coherent English sentence.
126	27	Vincent had returned to these out in the open oases.	Vincent had returned to this out in the open oases.	-122.0	-122.0	-10.125	-10.125	False	False	morphology	determiner_noun_agreement	Write a natural, coherent English sentence.
127	27	Marla hired this standing child.	Marla hired these standing child.	-72.0	-72.0	-10.3125	-10.3125	False	False	morphology	determiner_noun_agreement	Write a natural, coherent English sentence.
128	27	Some cucumber has upset those ill men.	Some cucumber has upset that ill men.	-101.0	-101.5	-10.125	-10.125	True	False	morphology	determiner_noun_agreement	Write a natural, coherent English sentence.
129	27	Russell hasn't kissed this content man.	Russell hasn't kissed these content man.	-92.0	-92.5	-10.25	-10.25	True	False	morphology	determiner_noun_agreement	Write a natural, coherent English sentence.
130	27	Guy has left this determined man.	Guy has left these determined man.	-72.0	-72.0	-10.25	-10.25	False	False	morphology	determiner_noun_agreement	Write a natural, coherent English sentence.
131	27	The Lutherans listen to these employed women.	The Lutherans listen to this employed women.	-91.5	-91.5	-10.1875	-10.1875	False	False	morphology	determiner_noun_agreement	Write a natural, coherent English sentence.
132	27	Candice disliked these bad analyses.	Candice disliked this bad analyses.	-100.5	-101.0	-10.0625	-10.0625	True	False	morphology	determiner_noun_agreement	Write a natural, coherent English sentence.
133	27	Many women heal these lost geese.	Many women heal this lost geese.	-82.5	-82.5	-10.3125	-10.3125	False	False	morphology	determiner_noun_agreement	Write a natural, coherent English sentence.
134	27	Wayne has remembered these smart people.	Wayne has remembered this smart people.	-72.0	-72.0	-10.25	-10.3125	False	True	morphology	determiner_noun_agreement	Write a natural, coherent English sentence.
135	27	This teenager had dropped by these white oases.	This teenager had dropped by this white oases.	-102.5	-102.5	-10.25	-10.25	False	False	morphology	determiner_noun_agreement	Write a natural, coherent English sentence.
136	27	Eva has exited those smooth oases.	Eva has exited that smooth oases.	-92.0	-92.0	-10.25	-10.25	False	False	morphology	determiner_noun_agreement	Write a natural, coherent English sentence.
137	27	Cheryl wouldn't aggravate that bad person.	Cheryl wouldn't aggravate those bad person.	-121.5	-121.5	-10.125	-10.125	False	False	morphology	determiner_noun_agreement	Write a natural, coherent English sentence.
138	27	Katherine hadn't shocked those young children.	Katherine hadn't shocked that young children.	-102.5	-102.5	-10.25	-10.25	False	False	morphology	determiner_noun_agreement	Write a natural, coherent English sentence.
139	27	The student loves these troubled people.	The student loves this troubled people.	-81.5	-81.5	-10.1875	-10.1875	False	False	morphology	determiner_noun_agreement	Write a natural, coherent English sentence.
140	27	Tracy cared for those smart alumni.	Tracy cared for that smart alumni.	-101.5	-101.5	-10.125	-10.1875	False	True	morphology	determiner_noun_agreement	Write a natural, coherent English sentence.
141	27	Guys return to these small oases.	Guys return to this small oases.	-92.0	-92.0	-10.25	-10.25	False	False	morphology	determiner_noun_agreement	Write a natural, coherent English sentence.
142	27	Marcus won't bike to this white oasis.	Marcus won't bike to these white oasis.	-111.5	-111.5	-10.125	-10.125	False	False	morphology	determiner_noun_agreement	Write a natural, coherent English sentence.
143	27	Eggplants impressed these unconvinced alumni.	Eggplants impressed this unconvinced alumni.	-141.0	-141.0	-10.125	-10.0625	False	False	morphology	determiner_noun_agreement	Write a natural, coherent English sentence.
144	27	A turtle has bored those troubled children.	A turtle has bored that troubled children.	-111.0	-111.0	-10.125	-10.125	False	False	morphology	determiner_noun_agreement	Write a natural, coherent English sentence.
145	27	The adults were taking those old teeth.	The adults were taking that old teeth.	-82.0	-81.5	-10.25	-10.1875	False	False	morphology	determiner_noun_agreement	Write a natural, coherent English sentence.
146	27	Alan wasn't returning to those blue oases.	Alan wasn't returning to that blue oases.	-112.5	-112.5	-10.25	-10.25	False	False	morphology	determiner_noun_agreement	Write a natural, coherent English sentence.
147	27	Theodore had lifted this rough cactus.	Theodore had lifted these rough cactus.	-101.0	-101.0	-10.125	-10.125	False	False	morphology	determiner_noun_agreement	Write a natural, coherent English sentence.
148	27	Joel isn't praising those good synopses.	Joel isn't praising that good synopses.	-122.0	-122.5	-10.1875	-10.1875	True	False	morphology	determiner_noun_agreement	Write a natural, coherent English sentence.
149	27	The pedestrian knows these standing women.	The pedestrian knows this standing women.	-81.0	-81.0	-10.125	-10.125	False	False	morphology	determiner_noun_agreement	Write a natural, coherent English sentence.
150	27	Some museums forget that good analysis.	Some museums forget those good analysis.	-81.0	-81.5	-10.125	-10.1875	True	True	morphology	determiner_noun_agreement	Write a natural, coherent English sentence.
151	27	The Clintons might clean that lost fungus.	The Clintons might clean those lost fungus.	-122.0	-122.0	-10.1875	-10.1875	False	False	morphology	determiner_noun_agreement	Write a natural, coherent English sentence.
152	27	Mary is bothering these out in the open children.	Mary is bothering this out in the open children.	-111.5	-111.5	-10.125	-10.125	False	False	morphology	determiner_noun_agreement	Write a natural, coherent English sentence.
153	27	Many customers sell that lost ox.	Many customers sell those lost ox.	-71.5	-71.5	-10.25	-10.25	False	False	morphology	determiner_noun_agreement	Write a natural, coherent English sentence.
154	27	These waitresses praise these troubled men.	These waitresses praise this troubled men.	-100.5	-100.5	-10.0	-10.0625	False	True	morphology	determiner_noun_agreement	Write a natural, coherent English sentence.
155	27	Many men didn't admire that nice person.	Many men didn't admire those nice person.	-112.0	-112.5	-10.1875	-10.1875	True	False	morphology	determiner_noun_agreement	Write a natural, coherent English sentence.
156	27	Jesus ran around this exposed oasis.	Jesus ran around these exposed oasis.	-81.0	-81.5	-10.125	-10.1875	True	True	morphology	determiner_noun_agreement	Write a natural, coherent English sentence.
157	27	Many customers talk about that delighted child.	Many customers talk about those delighted child.	-81.5	-81.5	-10.1875	-10.1875	False	False	morphology	determiner_noun_agreement	Write a natural, coherent English sentence.
158	27	Drawings had disgusted this small woman.	Drawings had disgusted these small woman.	-92.0	-92.0	-10.1875	-10.25	False	True	morphology	determiner_noun_agreement	Write a natural, coherent English sentence.
159	27	Colleen did care for that good man.	Colleen did care for those good man.	-92.0	-91.5	-10.1875	-10.1875	False	False	morphology	determiner_noun_agreement	Write a natural, coherent English sentence.
160	27	Marcus admired those exposed geese.	Marcus admired that exposed geese.	-82.0	-82.0	-10.25	-10.25	False	False	morphology	determiner_noun_agreement	Write a natural, coherent English sentence.
161	27	Randolf has noticed this clean foot.	Randolf has noticed these clean foot.	-82.0	-82.0	-10.25	-10.25	False	False	morphology	determiner_noun_agreement	Write a natural, coherent English sentence.
162	27	Craig could listen to that determined man.	Craig could listen to those determined man.	-82.0	-82.0	-10.25	-10.25	False	False	morphology	determiner_noun_agreement	Write a natural, coherent English sentence.
163	27	Movies stunned this small man.	Movies stunned these small man.	-81.0	-81.0	-10.125	-10.125	False	False	morphology	determiner_noun_agreement	Write a natural, coherent English sentence.
164	27	Timothy buys this rough ox.	Timothy buys these rough ox.	-81.5	-81.5	-10.1875	-10.1875	False	False	morphology	determiner_noun_agreement	Write a natural, coherent English sentence.
165	27	Some women go to those red oases.	Some women go to that red oases.	-92.0	-92.0	-10.25	-10.1875	False	False	morphology	determiner_noun_agreement	Write a natural, coherent English sentence.
166	27	Ruth fixed this clean tooth.	Ruth fixed these clean tooth.	-62.0	-62.0	-10.3125	-10.3125	False	False	morphology	determiner_noun_agreement	Write a natural, coherent English sentence.
167	27	Monica is boring those clever men.	Monica is boring that clever men.	-81.5	-82.0	-10.1875	-10.25	True	True	morphology	determiner_noun_agreement	Write a natural, coherent English sentence.
168	27	Janice knows these hidden alumni.	Janice knows this hidden alumni.	-91.0	-91.0	-10.125	-10.125	False	False	morphology	determiner_noun_agreement	Write a natural, coherent English sentence.
169	27	Spain insults this delighted alumnus.	Spain insults these delighted alumnus.	-91.5	-91.5	-10.125	-10.1875	False	True	morphology	determiner_noun_agreement	Write a natural, coherent English sentence.
170	27	Some planes bore that displeased child.	Some planes bore those displeased child.	-91.5	-91.5	-10.1875	-10.1875	False	False	morphology	determiner_noun_agreement	Write a natural, coherent English sentence.
171	27	Dishes should upset these happy men.	Dishes should upset this happy men.	-82.0	-82.0	-10.25	-10.25	False	False	morphology	determiner_noun_agreement	Write a natural, coherent English sentence.
172	27	That painting looked like these yellow stimuli.	That painting looked like this yellow stimuli.	-91.0	-91.0	-10.0625	-10.125	False	True	morphology	determiner_noun_agreement	Write a natural, coherent English sentence.
173	27	Amy shocked that content man.	Amy shocked those content man.	-62.25	-62.0	-10.375	-10.375	False	False	morphology	determiner_noun_agreement	Write a natural, coherent English sentence.
174	27	Melinda hasn't hidden this determined woman.	Melinda hasn't hidden these determined woman.	-102.5	-102.5	-10.25	-10.25	False	False	morphology	determiner_noun_agreement	Write a natural, coherent English sentence.
175	27	Caroline did drive to this brown oasis.	Caroline did drive to these brown oasis.	-92.0	-92.0	-10.1875	-10.1875	False	False	morphology	determiner_noun_agreement	Write a natural, coherent English sentence.
176	27	That rice disturbed those smart alumni.	That rice disturbed that smart alumni.	-102.0	-102.0	-10.1875	-10.1875	False	False	morphology	determiner_noun_agreement	Write a natural, coherent English sentence.
177	27	Brian will examine these long analyses.	Brian will examine this long analyses.	-81.5	-81.5	-10.1875	-10.1875	False	False	morphology	determiner_noun_agreement	Write a natural, coherent English sentence.
178	27	Mark dislikes this uncertain child.	Mark dislikes these uncertain child.	-81.5	-81.5	-10.1875	-10.1875	False	False	morphology	determiner_noun_agreement	Write a natural, coherent English sentence.
179	27	Rose was returning to these out in the open children.	Rose was returning to this out in the open children.	-112.0	-112.0	-10.1875	-10.1875	False	False	morphology	determiner_noun_agreement	Write a natural, coherent English sentence.
180	27	The guest has fixed this red tooth.	The guest has fixed these red tooth.	-82.0	-82.0	-10.25	-10.25	False	False	morphology	determiner_noun_agreement	Write a natural, coherent English sentence.
181	27	Jennifer is breaking this big tooth.	Jennifer is breaking these big tooth.	-71.5	-71.5	-10.1875	-10.25	False	True	morphology	determiner_noun_agreement	Write a natural, coherent English sentence.
182	27	Sabrina isn't referencing these red theses.	Sabrina isn't referencing this red theses.	-131.0	-131.0	-10.0625	-10.0625	False	False	morphology	determiner_noun_agreement	Write a natural, coherent English sentence.
183	27	Valerie hadn't exited that exposed oasis.	Valerie hadn't exited those exposed oasis.	-122.0	-122.0	-10.1875	-10.1875	False	False	morphology	determiner_noun_agreement	Write a natural, coherent English sentence.
184	27	Every restaurant had worried this hidden child.	Every restaurant had worried these hidden child.	-82.0	-82.0	-10.25	-10.25	False	False	morphology	determiner_noun_agreement	Write a natural, coherent English sentence.
185	27	A woman was examining those long synopses.	A woman was examining that long synopses.	-110.5	-110.5	-10.0625	-10.0625	False	False	morphology	determiner_noun_agreement	Write a natural, coherent English sentence.
186	27	All actresses approach that content man.	All actresses approach those content man.	-81.0	-81.0	-10.125	-10.125	False	False	morphology	determiner_noun_agreement	Write a natural, coherent English sentence.
187	27	Sarah cleaned those yellow feet.	Sarah cleaned that yellow feet.	-61.25	-61.5	-10.1875	-10.25	True	True	morphology	determiner_noun_agreement	Write a natural, coherent English sentence.
188	27	Margaret tours those black oases.	Margaret tours that black oases.	-72.5	-72.5	-10.3125	-10.3125	False	False	morphology	determiner_noun_agreement	Write a natural, coherent English sentence.
189	27	Rachel wasn't messing up this clean foot.	Rachel wasn't messing up these clean foot.	-112.0	-112.0	-10.1875	-10.1875	False	False	morphology	determiner_noun_agreement	Write a natural, coherent English sentence.
190	27	The Lutherans go to that old oasis.	The Lutherans go to those old oasis.	-101.0	-101.5	-10.125	-10.125	True	False	morphology	determiner_noun_agreement	Write a natural, coherent English sentence.
191	27	The lamps shock those hidden alumni.	The lamps shock that hidden alumni.	-102.0	-102.0	-10.1875	-10.25	False	True	morphology	determiner_noun_agreement	Write a natural, coherent English sentence.
192	27	Claire conceals those small stimuli.	Claire conceals that small stimuli.	-82.0	-82.0	-10.25	-10.25	False	False	morphology	determiner_noun_agreement	Write a natural, coherent English sentence.
193	27	Most documentaries annoy that busy person.	Most documentaries annoy those busy person.	-81.0	-81.5	-10.125	-10.1875	True	True	morphology	determiner_noun_agreement	Write a natural, coherent English sentence.
194	27	Pamela shouldn't return to those exposed men.	Pamela shouldn't return to that exposed men.	-111.5	-112.0	-10.125	-10.1875	True	True	morphology	determiner_noun_agreement	Write a natural, coherent English sentence.
195	27	That person couldn't arrive at that purple oasis.	That person couldn't arrive at those purple oasis.	-121.0	-121.5	-10.125	-10.125	True	False	morphology	determiner_noun_agreement	Write a natural, coherent English sentence.
196	27	Alicia won't admire those big nuclei.	Alicia won't admire that big nuclei.	-132.0	-132.0	-10.1875	-10.1875	False	False	morphology	determiner_noun_agreement	Write a natural, coherent English sentence.
197	27	Curtis arrived at that red oasis.	Curtis arrived at those red oasis.	-90.5	-91.0	-10.0625	-10.0625	True	False	morphology	determiner_noun_agreement	Write a natural, coherent English sentence.
198	27	People investigate that smart man.	People investigate those smart man.	-62.0	-61.75	-10.375	-10.25	False	False	morphology	determiner_noun_agreement	Write a natural, coherent English sentence.
199	27	Some boys hire these content alumni.	Some boys hire this content alumni.	-92.0	-92.0	-10.1875	-10.1875	False	False	morphology	determiner_noun_agreement	Write a natural, coherent English sentence.
200	27	Leslie found these brown feet.	Leslie found this brown feet.	-70.5	-71.0	-10.125	-10.125	True	False	morphology	determiner_noun_agreement	Write a natural, coherent English sentence.
201	27	Alexander was firing that displeased woman.	Alexander was firing those displeased woman.	-91.5	-92.0	-10.1875	-10.1875	True	False	morphology	determiner_noun_agreement	Write a natural, coherent English sentence.
202	27	Florence hasn't argued about those confident children.	Florence hasn't argued about that confident children.	-102.5	-102.5	-10.25	-10.25	False	False	morphology	determiner_noun_agreement	Write a natural, coherent English sentence.
203	27	That adult hadn't complained about that exposed man.	That adult hadn't complained about those exposed man.	-112.5	-112.5	-10.25	-10.25	False	False	morphology	determiner_noun_agreement	Write a natural, coherent English sentence.
204	27	Larry works with these scared women.	Larry works with this scared women.	-72.0	-72.0	-10.25	-10.25	False	False	morphology	determiner_noun_agreement	Write a natural, coherent English sentence.
205	27	Kathleen leaves this old child.	Kathleen leaves these old child.	-71.0	-71.0	-10.125	-10.1875	False	True	morphology	determiner_noun_agreement	Write a natural, coherent English sentence.
206	27	The actresses weren't watching these scared people.	The actresses weren't watching this scared people.	-112.0	-112.0	-10.1875	-10.1875	False	False	morphology	determiner_noun_agreement	Write a natural, coherent English sentence.
207	27	Derek isn't escaping from these blue oases.	Derek isn't escaping from this blue oases.	-132.0	-132.0	-10.1875	-10.1875	False	False	morphology	determiner_noun_agreement	Write a natural, coherent English sentence.
208	27	Naomi isn't talking about that cheap oasis.	Naomi isn't talking about those cheap oasis.	-121.5	-121.0	-10.125	-10.125	False	False	morphology	determiner_noun_agreement	Write a natural, coherent English sentence.
209	27	These guests hate these troubled men.	These guests hate this troubled men.	-82.0	-82.0	-10.25	-10.25	False	False	morphology	determiner_noun_agreement	Write a natural, coherent English sentence.
210	27	Patricia wasn't hiring those small children.	Patricia wasn't hiring that small children.	-111.0	-111.0	-10.0625	-10.125	False	True	morphology	determiner_noun_agreement	Write a natural, coherent English sentence.
211	27	All stairs weren't alarming that lucky woman.	All stairs weren't alarming those lucky woman.	-112.0	-112.0	-10.1875	-10.1875	False	False	morphology	determiner_noun_agreement	Write a natural, coherent English sentence.
212	27	Many drivers left that confident alumnus.	Many drivers left those confident alumnus.	-92.0	-92.0	-10.1875	-10.1875	False	False	morphology	determiner_noun_agreement	Write a natural, coherent English sentence.
213	27	Every skirt disgusts these smart children.	Every skirt disgusts this smart children.	-81.5	-81.5	-10.1875	-10.1875	False	False	morphology	determiner_noun_agreement	Write a natural, coherent English sentence.
214	27	Valerie has astounded that lost alumnus.	Valerie has astounded those lost alumnus.	-121.0	-121.0	-10.0625	-10.0625	False	False	morphology	determiner_noun_agreement	Write a natural, coherent English sentence.
215	27	Sonia should describe this determined child.	Sonia should describe these determined child.	-82.0	-82.0	-10.25	-10.25	False	False	morphology	determiner_noun_agreement	Write a natural, coherent English sentence.
216	27	A lot of lakes weren't disgusting that old person.	A lot of lakes weren't disgusting those old person.	-141.0	-141.0	-10.0625	-10.0625	False	False	morphology	determiner_noun_agreement	Write a natural, coherent English sentence.
217	27	Some pants hadn't aggravated that good woman.	Some pants hadn't aggravated those good woman.	-122.0	-122.0	-10.1875	-10.1875	False	False	morphology	determiner_noun_agreement	Write a natural, coherent English sentence.
218	27	Anne does return to that old woman.	Anne does return to those old woman.	-81.5	-81.5	-10.1875	-10.1875	False	False	morphology	determiner_noun_agreement	Write a natural, coherent English sentence.
219	27	Alan wasn't listening to that delighted person.	Alan wasn't listening to those delighted person.	-102.0	-102.0	-10.1875	-10.1875	False	False	morphology	determiner_noun_agreement	Write a natural, coherent English sentence.
220	27	Some icicles annoy those serious alumni.	Some icicles annoy that serious alumni.	-101.0	-101.5	-10.125	-10.125	True	False	morphology	determiner_noun_agreement	Write a natural, coherent English sentence.
221	27	Many women won't scare those uncertain men.	Many women won't scare that uncertain men.	-113.0	-113.0	-10.25	-10.25	False	False	morphology	determiner_noun_agreement	Write a natural, coherent English sentence.
222	27	Science disgusts this unconvinced alumnus.	Science disgusts these unconvinced alumnus.	-120.0	-120.0	-10.0	-10.0	False	False	morphology	determiner_noun_agreement	Write a natural, coherent English sentence.
223	27	Connie tours these rough oases.	Connie tours this rough oases.	-82.0	-82.0	-10.25	-10.25	False	False	morphology	determiner_noun_agreement	Write a natural, coherent English sentence.
224	27	Those banks were talking about this lost thesis.	Those banks were talking about these lost thesis.	-91.5	-91.5	-10.1875	-10.1875	False	False	morphology	determiner_noun_agreement	Write a natural, coherent English sentence.
225	27	Some prints didn't look like this rough louse.	Some prints didn't look like these rough louse.	-122.0	-122.0	-10.1875	-10.1875	False	False	morphology	determiner_noun_agreement	Write a natural, coherent English sentence.
226	27	All pedestrians like those rough theses.	All pedestrians like that rough theses.	-101.5	-102.0	-10.1875	-10.1875	True	False	morphology	determiner_noun_agreement	Write a natural, coherent English sentence.
227	27	Douglas saw that black fungus.	Douglas saw those black fungus.	-81.0	-81.5	-10.125	-10.1875	True	True	morphology	determiner_noun_agreement	Write a natural, coherent English sentence.
228	27	Sarah examined that bad analysis.	Sarah examined those bad analysis.	-62.0	-62.0	-10.375	-10.3125	False	False	morphology	determiner_noun_agreement	Write a natural, coherent English sentence.
229	27	An actress researches this long thesis.	An actress researches these long thesis.	-101.5	-101.5	-10.125	-10.125	False	False	morphology	determiner_noun_agreement	Write a natural, coherent English sentence.
230	27	Those waitresses criticize this hidden child.	Those waitresses criticize these hidden child.	-100.5	-100.5	-10.0625	-10.0625	False	False	morphology	determiner_noun_agreement	Write a natural, coherent English sentence.
231	27	Most drivers question these upset alumni.	Most drivers question this upset alumni.	-92.0	-92.0	-10.25	-10.25	False	False	morphology	determiner_noun_agreement	Write a natural, coherent English sentence.
232	27	Phillip isn't working with these small women.	Phillip isn't working with this small women.	-112.0	-112.0	-10.1875	-10.1875	False	False	morphology	determiner_noun_agreement	Write a natural, coherent English sentence.
233	27	Jennifer can't aggravate that unlucky man.	Jennifer can't aggravate those unlucky man.	-132.0	-132.0	-10.1875	-10.1875	False	False	morphology	determiner_noun_agreement	Write a natural, coherent English sentence.
234	27	Essays confuse this good woman.	Essays confuse these good woman.	-82.0	-82.5	-10.25	-10.3125	True	True	morphology	determiner_noun_agreement	Write a natural, coherent English sentence.
235	27	Amelia has forgotten those bad analyses.	Amelia has forgotten that bad analyses.	-91.0	-91.5	-10.125	-10.125	True	False	morphology	determiner_noun_agreement	Write a natural, coherent English sentence.
236	27	Michael had explored this brown oasis.	Michael had explored these brown oasis.	-81.5	-82.0	-10.1875	-10.25	True	True	morphology	determiner_noun_agreement	Write a natural, coherent English sentence.
237	27	Natalie can aggravate those smart men.	Natalie can aggravate that smart men.	-101.0	-101.5	-10.125	-10.125	True	False	morphology	determiner_noun_agreement	Write a natural, coherent English sentence.
238	27	That patient won't go to these cheap oases.	That patient won't go to this cheap oases.	-122.5	-123.0	-10.25	-10.25	True	False	morphology	determiner_noun_agreement	Write a natural, coherent English sentence.
239	27	Heidi had discovered those black feet.	Heidi had discovered that black feet.	-82.0	-81.5	-10.25	-10.1875	False	False	morphology	determiner_noun_agreement	Write a natural, coherent English sentence.
240	27	David hadn't watched those determined men.	David hadn't watched that determined men.	-92.0	-92.0	-10.25	-10.25	False	False	morphology	determiner_noun_agreement	Write a natural, coherent English sentence.
241	27	Some teenager couldn't walk through these green oases.	Some teenager couldn't walk through this green oases.	-123.0	-122.5	-10.25	-10.25	False	False	morphology	determiner_noun_agreement	Write a natural, coherent English sentence.
242	27	Christina shouldn't sell this hard oasis.	Christina shouldn't sell these hard oasis.	-111.0	-111.0	-10.125	-10.125	False	False	morphology	determiner_noun_agreement	Write a natural, coherent English sentence.
243	27	Christopher isn't firing those sick men.	Christopher isn't firing that sick men.	-92.5	-92.5	-10.3125	-10.3125	False	False	morphology	determiner_noun_agreement	Write a natural, coherent English sentence.
244	27	Most students hide that yellow mouse.	Most students hide those yellow mouse.	-71.5	-71.5	-10.25	-10.25	False	False	morphology	determiner_noun_agreement	Write a natural, coherent English sentence.
245	27	Holly did buy those clean feet.	Holly did buy that clean feet.	-71.5	-72.0	-10.25	-10.25	True	False	morphology	determiner_noun_agreement	Write a natural, coherent English sentence.
246	27	Many actors clean these brown theses.	Many actors clean this brown theses.	-82.0	-82.0	-10.25	-10.25	False	False	morphology	determiner_noun_agreement	Write a natural, coherent English sentence.
247	27	Stacy would hide those lost lice.	Stacy would hide that lost lice.	-92.5	-92.5	-10.25	-10.25	False	False	morphology	determiner_noun_agreement	Write a natural, coherent English sentence.
248	27	Alan drove to that new oasis.	Alan drove to those new oasis.	-80.5	-81.0	-10.0625	-10.125	True	True	morphology	determiner_noun_agreement	Write a natural, coherent English sentence.
249	27	The Impressionists tour this purple oasis.	The Impressionists tour these purple oasis.	-100.5	-100.5	-10.0625	-10.0625	False	False	morphology	determiner_noun_agreement	Write a natural, coherent English sentence.
250	27	Wayne is talking to this hidden woman.	Wayne is talking to these hidden woman.	-82.0	-82.0	-10.25	-10.25	False	False	morphology	determiner_noun_agreement	Write a natural, coherent English sentence.
251	27	Christopher forgets this happy child.	Christopher forgets these happy child.	-71.5	-71.0	-10.1875	-10.1875	False	False	morphology	determiner_noun_agreement	Write a natural, coherent English sentence.
252	27	Julie can boycott those cheap oases.	Julie can boycott that cheap oases.	-91.5	-92.0	-10.1875	-10.1875	True	False	morphology	determiner_noun_agreement	Write a natural, coherent English sentence.
253	27	Most senators dislike these bad theses.	Most senators dislike this bad theses.	-101.5	-102.0	-10.125	-10.1875	True	True	morphology	determiner_noun_agreement	Write a natural, coherent English sentence.
254	27	Denise concealed this content person.	Denise concealed these content person.	-81.5	-82.0	-10.1875	-10.25	True	True	morphology	determiner_noun_agreement	Write a natural, coherent English sentence.
255	27	Some bike shocks these nice women.	Some bike shocks this nice women.	-81.5	-82.0	-10.1875	-10.25	True	True	morphology	determiner_noun_agreement	Write a natural, coherent English sentence.
256	27	These teenagers fix those hidden feet.	These teenagers fix that hidden feet.	-81.0	-81.0	-10.125	-10.125	False	False	morphology	determiner_noun_agreement	Write a natural, coherent English sentence.
257	27	Ella praised that ill woman.	Ella praised those ill woman.	-72.0	-72.0	-10.25	-10.25	False	False	morphology	determiner_noun_agreement	Write a natural, coherent English sentence.
258	27	Current events stun these lost people.	Current events stun this lost people.	-81.5	-82.0	-10.1875	-10.25	True	True	morphology	determiner_noun_agreement	Write a natural, coherent English sentence.
259	27	Mary tours this gray oasis.	Mary tours these gray oasis.	-71.5	-71.5	-10.1875	-10.1875	False	False	morphology	determiner_noun_agreement	Write a natural, coherent English sentence.
260	27	Linda visited those unsure men.	Linda visited that unsure men.	-72.0	-72.0	-10.3125	-10.25	False	False	morphology	determiner_noun_agreement	Write a natural, coherent English sentence.
261	27	Dan wouldn't boycott that smooth oasis.	Dan wouldn't boycott those smooth oasis.	-112.0	-111.5	-10.1875	-10.125	False	False	morphology	determiner_noun_agreement	Write a natural, coherent English sentence.
262	27	Those men leave that brown oasis.	Those men leave those brown oasis.	-81.5	-81.5	-10.1875	-10.1875	False	False	morphology	determiner_noun_agreement	Write a natural, coherent English sentence.
263	27	Lissa does pass these black oases.	Lissa does pass this black oases.	-93.0	-93.0	-10.3125	-10.3125	False	False	morphology	determiner_noun_agreement	Write a natural, coherent English sentence.
264	27	Alice had embarrassed this happy man.	Alice had embarrassed these happy man.	-72.0	-72.0	-10.25	-10.25	False	False	morphology	determiner_noun_agreement	Write a natural, coherent English sentence.
265	27	Wayne is worrying that hopeful child.	Wayne is worrying those hopeful child.	-81.5	-81.0	-10.1875	-10.125	False	False	morphology	determiner_noun_agreement	Write a natural, coherent English sentence.
266	27	Lucille is biking to that green oasis.	Lucille is biking to those green oasis.	-110.5	-110.5	-10.0	-10.0625	False	True	morphology	determiner_noun_agreement	Write a natural, coherent English sentence.
267	27	Katherine hadn't skated around this white oasis.	Katherine hadn't skated around these white oasis.	-133.0	-133.0	-10.1875	-10.1875	False	False	morphology	determiner_noun_agreement	Write a natural, coherent English sentence.
268	27	James observed this hopeful child.	James observed these hopeful child.	-70.5	-70.0	-10.0625	-10.0	False	False	morphology	determiner_noun_agreement	Write a natural, coherent English sentence.
269	27	Gerald liked this big child.	Gerald liked these big child.	-71.5	-71.0	-10.1875	-10.1875	False	False	morphology	determiner_noun_agreement	Write a natural, coherent English sentence.
270	27	That committee wasn't hiring this displeased alumnus.	That committee wasn't hiring these displeased alumnus.	-142.0	-142.0	-10.125	-10.125	False	False	morphology	determiner_noun_agreement	Write a natural, coherent English sentence.
271	27	Gary isn't breaking that white tooth.	Gary isn't breaking those white tooth.	-92.5	-92.5	-10.25	-10.25	False	False	morphology	determiner_noun_agreement	Write a natural, coherent English sentence.
272	27	Walter hasn't seen those content children.	Walter hasn't seen that content children.	-92.0	-92.0	-10.25	-10.25	False	False	morphology	determiner_noun_agreement	Write a natural, coherent English sentence.
273	27	Martha didn't clean these hidden teeth.	Martha didn't clean this hidden teeth.	-92.0	-92.0	-10.25	-10.25	False	False	morphology	determiner_noun_agreement	Write a natural, coherent English sentence.
274	27	These teachers are returning to those lost men.	These teachers are returning to that lost men.	-91.5	-91.5	-10.1875	-10.1875	False	False	morphology	determiner_noun_agreement	Write a natural, coherent English sentence.
275	27	Ellen hadn't boycotted that hidden oasis.	Ellen hadn't boycotted those hidden oasis.	-122.5	-122.5	-10.1875	-10.1875	False	False	morphology	determiner_noun_agreement	Write a natural, coherent English sentence.
276	27	Some patients drive to these brown oases.	Some patients drive to this brown oases.	-92.0	-92.0	-10.25	-10.1875	False	False	morphology	determiner_noun_agreement	Write a natural, coherent English sentence.
277	27	Nina wasn't referencing this ill person.	Nina wasn't referencing these ill person.	-101.5	-101.5	-10.1875	-10.1875	False	False	morphology	determiner_noun_agreement	Write a natural, coherent English sentence.
278	27	Denise praises these fast children.	Denise praises this fast children.	-81.0	-81.5	-10.125	-10.1875	True	True	morphology	determiner_noun_agreement	Write a natural, coherent English sentence.
279	27	Most customers attack that clever man.	Most customers attack those clever man.	-72.0	-72.0	-10.3125	-10.25	False	False	morphology	determiner_noun_agreement	Write a natural, coherent English sentence.
280	27	Every photograph looks like those exposed people.	Every photograph looks like that exposed people.	-81.5	-81.5	-10.1875	-10.1875	False	False	morphology	determiner_noun_agreement	Write a natural, coherent English sentence.
281	27	Cindy shouldn't cure that confident alumnus.	Cindy shouldn't cure those confident alumnus.	-132.0	-132.0	-10.1875	-10.1875	False	False	morphology	determiner_noun_agreement	Write a natural, coherent English sentence.
282	27	The Borgias reveal these blue feet.	The Borgias reveal this blue feet.	-92.5	-93.0	-10.25	-10.3125	True	True	morphology	determiner_noun_agreement	Write a natural, coherent English sentence.
283	27	Ella lifts these exposed fungi.	Ella lifts this exposed fungi.	-91.5	-92.0	-10.1875	-10.1875	True	False	morphology	determiner_noun_agreement	Write a natural, coherent English sentence.
284	27	The Lutherans astound that unsure person.	The Lutherans astound those unsure person.	-102.0	-102.0	-10.25	-10.1875	False	False	morphology	determiner_noun_agreement	Write a natural, coherent English sentence.
285	27	These cakes bore that determined woman.	These cakes bore those determined woman.	-82.0	-82.0	-10.25	-10.25	False	False	morphology	determiner_noun_agreement	Write a natural, coherent English sentence.
286	27	Nina lifts this orange cactus.	Nina lifts these orange cactus.	-91.0	-91.0	-10.0625	-10.125	False	True	morphology	determiner_noun_agreement	Write a natural, coherent English sentence.
287	27	The actors kiss these unconvinced children.	The actors kiss this unconvinced children.	-101.5	-101.5	-10.125	-10.1875	False	True	morphology	determiner_noun_agreement	Write a natural, coherent English sentence.
288	27	Sharon dislikes that brown thesis.	Sharon dislikes those brown thesis.	-91.0	-91.0	-10.125	-10.125	False	False	morphology	determiner_noun_agreement	Write a natural, coherent English sentence.
289	27	The customers sell these rough fungi.	The customers sell this rough fungi.	-81.5	-81.5	-10.1875	-10.1875	False	False	morphology	determiner_noun_agreement	Write a natural, coherent English sentence.
290	27	Janice didn't cure those employed men.	Janice didn't cure that employed men.	-102.0	-102.0	-10.1875	-10.25	False	True	morphology	determiner_noun_agreement	Write a natural, coherent English sentence.
291	27	Paula left this uncertain person.	Paula left these uncertain person.	-71.5	-71.5	-10.1875	-10.25	False	True	morphology	determiner_noun_agreement	Write a natural, coherent English sentence.
292	27	Those guys had escaped from those employed children.	Those guys had escaped from that employed children.	-91.0	-91.5	-10.125	-10.1875	True	True	morphology	determiner_noun_agreement	Write a natural, coherent English sentence.
293	27	Christine wasn't touring that old oasis.	Christine wasn't touring those old oasis.	-121.0	-121.5	-10.125	-10.125	True	False	morphology	determiner_noun_agreement	Write a natural, coherent English sentence.
294	27	These waitresses praise this rough thesis.	These waitresses praise these rough thesis.	-91.0	-91.0	-10.125	-10.125	False	False	morphology	determiner_noun_agreement	Write a natural, coherent English sentence.
295	27	Some girls hadn't passed this concealed oasis.	Some girls hadn't passed these concealed oasis.	-122.5	-122.5	-10.1875	-10.1875	False	False	morphology	determiner_noun_agreement	Write a natural, coherent English sentence.
296	27	Andrea lifts these small cacti.	Andrea lifts this small cacti.	-92.0	-92.0	-10.25	-10.25	False	False	morphology	determiner_noun_agreement	Write a natural, coherent English sentence.
297	27	Kristen is scanning those bad synopses.	Kristen is scanning that bad synopses.	-111.5	-112.0	-10.125	-10.1875	True	True	morphology	determiner_noun_agreement	Write a natural, coherent English sentence.
298	27	Alan is skated around these cheap oases.	Alan is skated around this cheap oases.	-102.5	-102.5	-10.25	-10.25	False	False	morphology	determiner_noun_agreement	Write a natural, coherent English sentence.
299	27	Kayla has investigated these busy people.	Kayla has investigated this busy people.	-82.0	-82.0	-10.25	-10.25	False	False	morphology	determiner_noun_agreement	Write a natural, coherent English sentence.
300	27	Timothy observes that good woman.	Timothy observes those good woman.	-80.5	-81.0	-10.0625	-10.125	True	True	morphology	determiner_noun_agreement	Write a natural, coherent English sentence.
301	27	Every museum hadn't discussed those hidden theses.	Every museum hadn't discussed that hidden theses.	-112.0	-112.5	-10.1875	-10.25	True	True	morphology	determiner_noun_agreement	Write a natural, coherent English sentence.
302	27	Some cashiers help this troubled person.	Some cashiers help these troubled person.	-91.0	-91.0	-10.0625	-10.125	False	True	morphology	determiner_noun_agreement	Write a natural, coherent English sentence.
303	27	Amanda was attacking that displeased woman.	Amanda was attacking those displeased woman.	-92.0	-92.0	-10.1875	-10.1875	False	False	morphology	determiner_noun_agreement	Write a natural, coherent English sentence.
304	27	This window upsets these lost people.	This window upsets this lost people.	-82.0	-82.0	-10.25	-10.25	False	False	morphology	determiner_noun_agreement	Write a natural, coherent English sentence.
305	27	Cindy wasn't bringing those gray cacti.	Cindy wasn't bringing that gray cacti.	-133.0	-132.0	-10.1875	-10.1875	False	False	morphology	determiner_noun_agreement	Write a natural, coherent English sentence.
306	27	Peter complained about these good synopses.	Peter complained about this good synopses.	-91.0	-91.0	-10.125	-10.125	False	False	morphology	determiner_noun_agreement	Write a natural, coherent English sentence.
307	27	Danielle was touring those new oases.	Danielle was touring that new oases.	-101.0	-101.0	-10.125	-10.125	False	False	morphology	determiner_noun_agreement	Write a natural, coherent English sentence.
308	27	Elaine discusses that standing person.	Elaine discusses those standing person.	-81.5	-81.5	-10.1875	-10.1875	False	False	morphology	determiner_noun_agreement	Write a natural, coherent English sentence.
309	27	Jacqueline had healed those rough geese.	Jacqueline had healed that rough geese.	-111.5	-111.5	-10.125	-10.125	False	False	morphology	determiner_noun_agreement	Write a natural, coherent English sentence.
310	27	All rivers were distracting those standing men.	All rivers were distracting that standing men.	-92.0	-92.5	-10.1875	-10.25	True	True	morphology	determiner_noun_agreement	Write a natural, coherent English sentence.
311	27	Some people exit those yellow oases.	Some people exit that yellow oases.	-81.5	-81.5	-10.1875	-10.1875	False	False	morphology	determiner_noun_agreement	Write a natural, coherent English sentence.
312	27	Becca isn't exploring these hard oases.	Becca isn't exploring this hard oases.	-112.5	-112.5	-10.1875	-10.1875	False	False	morphology	determiner_noun_agreement	Write a natural, coherent English sentence.
313	27	Timothy revealed that big foot.	Timothy revealed those big foot.	-70.5	-71.0	-10.0625	-10.125	True	True	morphology	determiner_noun_agreement	Write a natural, coherent English sentence.
314	27	Adam fires these determined men.	Adam fires this determined men.	-62.0	-62.0	-10.3125	-10.3125	False	False	morphology	determiner_noun_agreement	Write a natural, coherent English sentence.
315	27	The teenagers clean this purple foot.	The teenagers clean these purple foot.	-81.0	-81.0	-10.125	-10.125	False	False	morphology	determiner_noun_agreement	Write a natural, coherent English sentence.
316	27	The Great Lakes could annoy that troubled man.	The Great Lakes could annoy those troubled man.	-112.0	-112.0	-10.1875	-10.1875	False	False	morphology	determiner_noun_agreement	Write a natural, coherent English sentence.
317	27	Karen discusses those bad men.	Karen discusses that bad men.	-71.5	-72.0	-10.25	-10.25	True	False	morphology	determiner_noun_agreement	Write a natural, coherent English sentence.
318	27	Phillip didn't find those ill alumni.	Phillip didn't find that ill alumni.	-121.5	-121.0	-10.125	-10.125	False	False	morphology	determiner_noun_agreement	Write a natural, coherent English sentence.
319	27	A lot of men reference these good analyses.	A lot of men reference this good analyses.	-101.5	-101.5	-10.1875	-10.1875	False	False	morphology	determiner_noun_agreement	Write a natural, coherent English sentence.
320	27	Larry had insulted these lucky children.	Larry had insulted this lucky children.	-81.5	-82.0	-10.1875	-10.25	True	True	morphology	determiner_noun_agreement	Write a natural, coherent English sentence.
321	27	Debra is firing that determined child.	Debra is firing those determined child.	-82.0	-82.0	-10.25	-10.25	False	False	morphology	determiner_noun_agreement	Write a natural, coherent English sentence.
322	27	Noah was watching that fast woman.	Noah was watching those fast woman.	-71.5	-71.5	-10.1875	-10.25	False	True	morphology	determiner_noun_agreement	Write a natural, coherent English sentence.
323	27	Gina works with that displeased person.	Gina works with those displeased person.	-101.5	-101.5	-10.125	-10.125	False	False	morphology	determiner_noun_agreement	Write a natural, coherent English sentence.
324	27	Most doctors would bring these big nuclei.	Most doctors would bring this big nuclei.	-92.5	-92.0	-10.25	-10.25	False	False	morphology	determiner_noun_agreement	Write a natural, coherent English sentence.
325	27	All drawings alarm that unconvinced child.	All drawings alarm those unconvinced child.	-102.0	-101.5	-10.25	-10.1875	False	False	morphology	determiner_noun_agreement	Write a natural, coherent English sentence.
326	27	Some libraries hate that busy man.	Some libraries hate those busy man.	-72.0	-71.5	-10.25	-10.1875	False	False	morphology	determiner_noun_agreement	Write a natural, coherent English sentence.
327	27	Derek disgusted that unemployed child.	Derek disgusted those unemployed child.	-91.0	-91.0	-10.125	-10.125	False	False	morphology	determiner_noun_agreement	Write a natural, coherent English sentence.
328	27	Marla hadn't fired these good men.	Marla hadn't fired this good men.	-103.0	-103.0	-10.25	-10.25	False	False	morphology	determiner_noun_agreement	Write a natural, coherent English sentence.
329	27	Carmen examined that red thesis.	Carmen examined those red thesis.	-72.0	-71.5	-10.25	-10.25	False	False	morphology	determiner_noun_agreement	Write a natural, coherent English sentence.
330	27	Amelia investigates this smart woman.	Amelia investigates these smart woman.	-81.5	-81.5	-10.1875	-10.1875	False	False	morphology	determiner_noun_agreement	Write a natural, coherent English sentence.
331	27	The Borgias hire that displeased alumnus.	The Borgias hire those displeased alumnus.	-131.0	-131.0	-10.125	-10.125	False	False	morphology	determiner_noun_agreement	Write a natural, coherent English sentence.
332	27	Stacey would arrive at these orange oases.	Stacey would arrive at this orange oases.	-111.5	-111.5	-10.125	-10.125	False	False	morphology	determiner_noun_agreement	Write a natural, coherent English sentence.
333	27	Anna works with this lucky man.	Anna works with these lucky man.	-71.5	-71.5	-10.25	-10.1875	False	False	morphology	determiner_noun_agreement	Write a natural, coherent English sentence.
334	27	Walter has scanned this rough thesis.	Walter has scanned these rough thesis.	-82.5	-82.5	-10.3125	-10.3125	False	False	morphology	determiner_noun_agreement	Write a natural, coherent English sentence.
335	27	Some mushroom bothered that lucky woman.	Some mushroom bothered those lucky woman.	-80.0	-80.5	-10.0	-10.0625	True	True	morphology	determiner_noun_agreement	Write a natural, coherent English sentence.
336	27	Cynthia walked through this hard oasis.	Cynthia walked through these hard oasis.	-111.0	-111.0	-10.0625	-10.0625	False	False	morphology	determiner_noun_agreement	Write a natural, coherent English sentence.
337	27	Liam has healed these black oxen.	Liam has healed this black oxen.	-102.0	-101.5	-10.1875	-10.1875	False	False	morphology	determiner_noun_agreement	Write a natural, coherent English sentence.
338	27	Andrew did notice these white axes.	Andrew did notice this white axes.	-82.0	-82.0	-10.25	-10.25	False	False	morphology	determiner_noun_agreement	Write a natural, coherent English sentence.
339	27	Bethany kisses these serious alumni.	Bethany kisses this serious alumni.	-101.0	-101.0	-10.125	-10.125	False	False	morphology	determiner_noun_agreement	Write a natural, coherent English sentence.
340	27	Vanessa watches this nice person.	Vanessa watches these nice person.	-71.0	-71.0	-10.1875	-10.1875	False	False	morphology	determiner_noun_agreement	Write a natural, coherent English sentence.
341	27	Every window astounded that big man.	Every window astounded those big man.	-91.0	-91.0	-10.125	-10.0625	False	False	morphology	determiner_noun_agreement	Write a natural, coherent English sentence.
342	27	Donna leaves that upset man.	Donna leaves those upset man.	-71.0	-71.5	-10.1875	-10.1875	True	False	morphology	determiner_noun_agreement	Write a natural, coherent English sentence.
343	27	Many students drop by that orange oasis.	Many students drop by those orange oasis.	-92.0	-92.0	-10.1875	-10.1875	False	False	morphology	determiner_noun_agreement	Write a natural, coherent English sentence.
344	27	The sketches looked like this unsure man.	The sketches looked like these unsure man.	-111.0	-111.0	-10.0625	-10.0625	False	False	morphology	determiner_noun_agreement	Write a natural, coherent English sentence.
345	27	Helen fixes that broken tooth.	Helen fixes those broken tooth.	-70.0	-70.5	-10.0	-10.0625	True	True	morphology	determiner_noun_agreement	Write a natural, coherent English sentence.
346	27	Robert wasn't annoying that old person.	Robert wasn't annoying those old person.	-92.0	-92.0	-10.25	-10.25	False	False	morphology	determiner_noun_agreement	Write a natural, coherent English sentence.
347	27	Amy isn't talking to that young woman.	Amy isn't talking to those young woman.	-102.0	-102.0	-10.1875	-10.1875	False	False	morphology	determiner_noun_agreement	Write a natural, coherent English sentence.
348	27	Alan hadn't remembered these long analyses.	Alan hadn't remembered this long analyses.	-102.0	-102.0	-10.1875	-10.1875	False	False	morphology	determiner_noun_agreement	Write a natural, coherent English sentence.
349	27	Stephen is working with these out in the open women.	Stephen is working with this out in the open women.	-112.0	-112.0	-10.1875	-10.1875	False	False	morphology	determiner_noun_agreement	Write a natural, coherent English sentence.
350	27	This library had discussed these employed men.	This library had discussed this employed men.	-82.0	-82.5	-10.25	-10.3125	True	True	morphology	determiner_noun_agreement	Write a natural, coherent English sentence.
351	27	This teenager can't worry those delighted men.	This teenager can't worry that delighted men.	-103.0	-103.0	-10.3125	-10.3125	False	False	morphology	determiner_noun_agreement	Write a natural, coherent English sentence.
352	27	Wendy revealed that sick octopus.	Wendy revealed those sick octopus.	-90.5	-91.0	-10.0625	-10.125	True	True	morphology	determiner_noun_agreement	Write a natural, coherent English sentence.
353	27	The Clintons haven't worked with that young person.	The Clintons haven't worked with those young person.	-132.0	-132.0	-10.125	-10.125	False	False	morphology	determiner_noun_agreement	Write a natural, coherent English sentence.
354	27	Some committee aggravates this unconvinced woman.	Some committee aggravates these unconvinced woman.	-121.0	-121.0	-10.0625	-10.125	False	True	morphology	determiner_noun_agreement	Write a natural, coherent English sentence.
355	27	Guy bored that troubled man.	Guy bored those troubled man.	-72.0	-72.0	-10.3125	-10.25	False	False	morphology	determiner_noun_agreement	Write a natural, coherent English sentence.
356	27	Every actress scanned those bad analyses.	Every actress scanned that bad analyses.	-92.0	-92.0	-10.1875	-10.25	False	True	morphology	determiner_noun_agreement	Write a natural, coherent English sentence.
357	27	A library alarms that determined child.	A library alarms those determined child.	-82.0	-82.0	-10.25	-10.25	False	False	morphology	determiner_noun_agreement	Write a natural, coherent English sentence.
358	27	Sheila can't notice this clever man.	Sheila can't notice these clever man.	-102.0	-101.5	-10.1875	-10.1875	False	False	morphology	determiner_noun_agreement	Write a natural, coherent English sentence.
359	27	James forgets this fast alumnus.	James forgets these fast alumnus.	-91.0	-91.0	-10.125	-10.125	False	False	morphology	determiner_noun_agreement	Write a natural, coherent English sentence.
360	27	Noah hasn't thought about these smooth lice.	Noah hasn't thought about this smooth lice.	-112.0	-112.0	-10.1875	-10.1875	False	False	morphology	determiner_noun_agreement	Write a natural, coherent English sentence.
361	27	Aaron sees these gray oases.	Aaron sees this gray oases.	-72.0	-72.0	-10.25	-10.25	False	False	morphology	determiner_noun_agreement	Write a natural, coherent English sentence.
362	27	Sherry has taken this standing goose.	Sherry has taken these standing goose.	-92.0	-92.0	-10.1875	-10.1875	False	False	morphology	determiner_noun_agreement	Write a natural, coherent English sentence.
363	27	Marie hasn't found those ill geese.	Marie hasn't found that ill geese.	-102.0	-102.0	-10.1875	-10.1875	False	False	morphology	determiner_noun_agreement	Write a natural, coherent English sentence.
364	27	Peter isn't arriving at that red oasis.	Peter isn't arriving at those red oasis.	-111.0	-111.5	-10.125	-10.125	True	False	morphology	determiner_noun_agreement	Write a natural, coherent English sentence.
365	27	Jill isn't boycotting those orange oases.	Jill isn't boycotting that orange oases.	-142.0	-142.0	-10.125	-10.1875	False	True	morphology	determiner_noun_agreement	Write a natural, coherent English sentence.
366	27	Julia messes up that orange foot.	Julia messes up those orange foot.	-81.0	-81.5	-10.125	-10.1875	True	True	morphology	determiner_noun_agreement	Write a natural, coherent English sentence.
367	27	That hill didn't disturb that content woman.	That hill didn't disturb those content woman.	-102.0	-102.0	-10.1875	-10.1875	False	False	morphology	determiner_noun_agreement	Write a natural, coherent English sentence.
368	27	Suzanne has concealed that concealed man.	Suzanne has concealed those concealed man.	-101.0	-101.0	-10.0625	-10.0625	False	False	morphology	determiner_noun_agreement	Write a natural, coherent English sentence.
369	27	Alicia sells that orange octopus.	Alicia sells those orange octopus.	-109.5	-109.5	-9.9375	-9.9375	False	False	morphology	determiner_noun_agreement	Write a natural, coherent English sentence.
370	27	Leslie has discussed that delighted child.	Leslie has discussed those delighted child.	-82.0	-82.0	-10.25	-10.25	False	False	morphology	determiner_noun_agreement	Write a natural, coherent English sentence.
371	27	Andrea could like these white lice.	Andrea could like this white lice.	-82.0	-82.0	-10.25	-10.25	False	False	morphology	determiner_noun_agreement	Write a natural, coherent English sentence.
372	27	Most children break those rough teeth.	Most children break that rough teeth.	-72.0	-72.0	-10.25	-10.25	False	False	morphology	determiner_noun_agreement	Write a natural, coherent English sentence.
373	27	Richard did work with this clever child.	Richard did work with these clever child.	-82.0	-82.0	-10.25	-10.25	False	False	morphology	determiner_noun_agreement	Write a natural, coherent English sentence.
374	27	Anne hugs this unemployed woman.	Anne hugs these unemployed woman.	-80.5	-80.5	-10.0625	-10.0625	False	False	morphology	determiner_noun_agreement	Write a natural, coherent English sentence.
375	27	Those actors attack that excited child.	Those actors attack those excited child.	-72.0	-72.0	-10.25	-10.3125	False	True	morphology	determiner_noun_agreement	Write a natural, coherent English sentence.
376	27	Bruce was hugging that unconvinced man.	Bruce was hugging those unconvinced man.	-110.5	-111.0	-10.0625	-10.0625	True	False	morphology	determiner_noun_agreement	Write a natural, coherent English sentence.
377	27	Patrick hasn't hidden this orange oasis.	Patrick hasn't hidden these orange oasis.	-102.5	-102.5	-10.25	-10.25	False	False	morphology	determiner_noun_agreement	Write a natural, coherent English sentence.
378	27	Alicia hadn't discussed that uncertain person.	Alicia hadn't discussed those uncertain person.	-112.0	-112.0	-10.1875	-10.1875	False	False	morphology	determiner_noun_agreement	Write a natural, coherent English sentence.
379	27	Susan wasn't talking to those confident men.	Susan wasn't talking to that confident men.	-102.0	-102.0	-10.1875	-10.1875	False	False	morphology	determiner_noun_agreement	Write a natural, coherent English sentence.
380	27	Cheryl will scan that good synopsis.	Cheryl will scan those good synopsis.	-91.5	-91.5	-10.1875	-10.1875	False	False	morphology	determiner_noun_agreement	Write a natural, coherent English sentence.
381	27	Tamara kissed that unsure man.	Tamara kissed those unsure man.	-81.0	-81.0	-10.125	-10.125	False	False	morphology	determiner_noun_agreement	Write a natural, coherent English sentence.
382	27	Craig boasts about those bad analyses.	Craig boasts about that bad analyses.	-91.5	-91.5	-10.125	-10.125	False	False	morphology	determiner_noun_agreement	Write a natural, coherent English sentence.
383	27	Randolf hadn't hugged those serious people.	Randolf hadn't hugged that serious people.	-112.0	-112.0	-10.1875	-10.1875	False	False	morphology	determiner_noun_agreement	Write a natural, coherent English sentence.
384	27	Many doctors cure these exposed men.	Many doctors cure this exposed men.	-72.0	-72.0	-10.25	-10.25	False	False	morphology	determiner_noun_agreement	Write a natural, coherent English sentence.
385	27	Women criticized those smooth theses.	Women criticized that smooth theses.	-81.0	-81.0	-10.125	-10.125	False	False	morphology	determiner_noun_agreement	Write a natural, coherent English sentence.
386	27	Some light disturbs that old person.	Some light disturbs those old person.	-91.5	-92.0	-10.1875	-10.1875	True	False	morphology	determiner_noun_agreement	Write a natural, coherent English sentence.
387	27	Carol was questioning this big man.	Carol was questioning these big man.	-72.0	-72.0	-10.25	-10.25	False	False	morphology	determiner_noun_agreement	Write a natural, coherent English sentence.
388	27	Sara has gone to that old oasis.	Sara has gone to those old oasis.	-91.0	-91.5	-10.125	-10.125	True	False	morphology	determiner_noun_agreement	Write a natural, coherent English sentence.
389	27	Steven brought these red oases.	Steven brought this red oases.	-71.5	-71.5	-10.1875	-10.25	False	True	morphology	determiner_noun_agreement	Write a natural, coherent English sentence.
390	27	Diana will disgust these ill children.	Diana will disgust this ill children.	-72.0	-72.5	-10.3125	-10.375	True	True	morphology	determiner_noun_agreement	Write a natural, coherent English sentence.
391	27	Steven disturbs these sick alumni.	Steven disturbs this sick alumni.	-102.0	-102.0	-10.1875	-10.1875	False	False	morphology	determiner_noun_agreement	Write a natural, coherent English sentence.
392	27	Angela wasn't lifting these blue feet.	Angela wasn't lifting this blue feet.	-92.5	-92.5	-10.25	-10.3125	False	True	morphology	determiner_noun_agreement	Write a natural, coherent English sentence.
393	27	Sharon hasn't stunned that unsure child.	Sharon hasn't stunned those unsure child.	-123.5	-123.0	-10.25	-10.25	False	False	morphology	determiner_noun_agreement	Write a natural, coherent English sentence.
394	27	These girls question that concealed man.	These girls question those concealed man.	-82.0	-81.5	-10.25	-10.1875	False	False	morphology	determiner_noun_agreement	Write a natural, coherent English sentence.
395	27	Martha wasn't kissing this unemployed man.	Martha wasn't kissing these unemployed man.	-110.5	-110.5	-10.0625	-10.0625	False	False	morphology	determiner_noun_agreement	Write a natural, coherent English sentence.
396	27	Kendra isn't working with this excited child.	Kendra isn't working with these excited child.	-123.0	-123.0	-10.25	-10.25	False	False	morphology	determiner_noun_agreement	Write a natural, coherent English sentence.
397	27	All actresses praise this hard thesis.	All actresses praise these hard thesis.	-81.0	-81.5	-10.125	-10.1875	True	True	morphology	determiner_noun_agreement	Write a natural, coherent English sentence.
398	27	David cleans that hard tooth.	David cleans those hard tooth.	-71.5	-71.5	-10.1875	-10.1875	False	False	morphology	determiner_noun_agreement	Write a natural, coherent English sentence.
399	27	Julia sounded like this uncertain person.	Julia sounded like these uncertain person.	-71.5	-72.0	-10.25	-10.25	True	False	morphology	determiner_noun_agreement	Write a natural, coherent English sentence.
400	27	Those actors attacked that happy alumnus.	Those actors attacked those happy alumnus.	-91.5	-91.5	-10.1875	-10.1875	False	False	morphology	determiner_noun_agreement	Write a natural, coherent English sentence.
401	27	Eva hadn't admired these black fungi.	Eva hadn't admired this black fungi.	-112.5	-112.5	-10.1875	-10.25	False	True	morphology	determiner_noun_agreement	Write a natural, coherent English sentence.
402	27	Many chairs aren't disgusting this unlucky child.	Many chairs aren't disgusting these unlucky child.	-132.0	-132.0	-10.125	-10.125	False	False	morphology	determiner_noun_agreement	Write a natural, coherent English sentence.
403	27	Those waiters break these rough teeth.	Those waiters break this rough teeth.	-82.0	-82.0	-10.25	-10.25	False	False	morphology	determiner_noun_agreement	Write a natural, coherent English sentence.
404	27	Becca leaves this uncertain child.	Becca leaves these uncertain child.	-71.5	-71.5	-10.25	-10.25	False	False	morphology	determiner_noun_agreement	Write a natural, coherent English sentence.
405	27	Some steak disturbs these displeased children.	Some steak disturbs this displeased children.	-121.5	-122.0	-10.125	-10.125	True	False	morphology	determiner_noun_agreement	Write a natural, coherent English sentence.
406	27	Christine wouldn't conceal this lost stimulus.	Christine wouldn't conceal these lost stimulus.	-122.0	-122.0	-10.125	-10.125	False	False	morphology	determiner_noun_agreement	Write a natural, coherent English sentence.
407	27	Every face irritates those unemployed alumni.	Every face irritates that unemployed alumni.	-110.5	-110.5	-10.0625	-10.0625	False	False	morphology	determiner_noun_agreement	Write a natural, coherent English sentence.
408	27	Susan noticed that unlucky person.	Susan noticed those unlucky person.	-81.0	-81.0	-10.125	-10.125	False	False	morphology	determiner_noun_agreement	Write a natural, coherent English sentence.
409	27	Some women drop by those concealed oases.	Some women drop by that concealed oases.	-102.5	-102.0	-10.25	-10.1875	False	False	morphology	determiner_noun_agreement	Write a natural, coherent English sentence.
410	27	The Clintons disagree with these serious men.	The Clintons disagree with this serious men.	-101.5	-101.5	-10.125	-10.125	False	False	morphology	determiner_noun_agreement	Write a natural, coherent English sentence.
411	27	Phillip discovers these busy women.	Phillip discovers this busy women.	-81.0	-81.0	-10.125	-10.125	False	False	morphology	determiner_noun_agreement	Write a natural, coherent English sentence.
412	27	Waiters investigate that hopeful woman.	Waiters investigate those hopeful woman.	-80.0	-80.0	-10.0	-10.0	False	False	morphology	determiner_noun_agreement	Write a natural, coherent English sentence.
413	27	Regina hasn't found these white nuclei.	Regina hasn't found this white nuclei.	-122.5	-122.5	-10.1875	-10.1875	False	False	morphology	determiner_noun_agreement	Write a natural, coherent English sentence.
414	27	Irene scanned those purple theses.	Irene scanned that purple theses.	-91.5	-92.0	-10.1875	-10.1875	True	False	morphology	determiner_noun_agreement	Write a natural, coherent English sentence.
415	27	A bank references those popular people.	A bank references that popular people.	-72.0	-72.0	-10.3125	-10.3125	False	False	morphology	determiner_noun_agreement	Write a natural, coherent English sentence.
416	27	Vincent tours this old oasis.	Vincent tours these old oasis.	-71.5	-71.5	-10.1875	-10.1875	False	False	morphology	determiner_noun_agreement	Write a natural, coherent English sentence.
417	27	Alicia kisses that standing woman.	Alicia kisses those standing woman.	-91.0	-91.0	-10.125	-10.125	False	False	morphology	determiner_noun_agreement	Write a natural, coherent English sentence.
418	27	Some candles aren't boring those displeased men.	Some candles aren't boring that displeased men.	-132.0	-132.0	-10.125	-10.1875	False	True	morphology	determiner_noun_agreement	Write a natural, coherent English sentence.
419	27	That teenager does care for this old alumnus.	That teenager does care for these old alumnus.	-111.5	-111.5	-10.125	-10.125	False	False	morphology	determiner_noun_agreement	Write a natural, coherent English sentence.
420	27	A lot of drawings weren't alarming that displeased man.	A lot of drawings weren't alarming those displeased man.	-151.0	-151.0	-10.0625	-10.0625	False	False	morphology	determiner_noun_agreement	Write a natural, coherent English sentence.
421	27	That face astounded that important woman.	That face astounded those important woman.	-91.0	-91.0	-10.125	-10.125	False	False	morphology	determiner_noun_agreement	Write a natural, coherent English sentence.
422	27	Tiffany had approached these unemployed people.	Tiffany had approached this unemployed people.	-101.0	-101.0	-10.125	-10.125	False	False	morphology	determiner_noun_agreement	Write a natural, coherent English sentence.
423	27	Christina is passing these rough oases.	Christina is passing this rough oases.	-91.5	-91.5	-10.125	-10.125	False	False	morphology	determiner_noun_agreement	Write a natural, coherent English sentence.
424	27	Debra was praising those busy people.	Debra was praising that busy people.	-91.5	-92.0	-10.1875	-10.1875	True	False	morphology	determiner_noun_agreement	Write a natural, coherent English sentence.
425	27	The doctors didn't care for these scared children.	The doctors didn't care for this scared children.	-111.5	-112.0	-10.125	-10.1875	True	True	morphology	determiner_noun_agreement	Write a natural, coherent English sentence.
426	27	Those ladders stun these small people.	Those ladders stun this small people.	-102.5	-102.5	-10.25	-10.25	False	False	morphology	determiner_noun_agreement	Write a natural, coherent English sentence.
427	27	Samuel isn't distracting these clever women.	Samuel isn't distracting this clever women.	-102.0	-102.5	-10.25	-10.25	True	False	morphology	determiner_noun_agreement	Write a natural, coherent English sentence.
428	27	Lucille dropped by those new oases.	Lucille dropped by that new oases.	-91.5	-91.5	-10.1875	-10.1875	False	False	morphology	determiner_noun_agreement	Write a natural, coherent English sentence.
429	27	A legislature should aggravate that busy child.	A legislature should aggravate those busy child.	-111.5	-111.5	-10.125	-10.125	False	False	morphology	determiner_noun_agreement	Write a natural, coherent English sentence.
430	27	Larry observed that lucky child.	Larry observed those lucky child.	-61.75	-61.75	-10.25	-10.25	False	False	morphology	determiner_noun_agreement	Write a natural, coherent English sentence.
431	27	Lawrence wasn't approaching those troubled children.	Lawrence wasn't approaching that troubled children.	-102.0	-102.5	-10.1875	-10.25	True	True	morphology	determiner_noun_agreement	Write a natural, coherent English sentence.
432	27	Most libraries describe those delighted men.	Most libraries describe that delighted men.	-72.5	-72.5	-10.3125	-10.3125	False	False	morphology	determiner_noun_agreement	Write a natural, coherent English sentence.
433	27	The Impressionists alarms that sick child.	The Impressionists alarms those sick child.	-101.0	-101.5	-10.125	-10.125	True	False	morphology	determiner_noun_agreement	Write a natural, coherent English sentence.
434	27	A lot of children have this exposed axis.	A lot of children have these exposed axis.	-91.5	-91.5	-10.1875	-10.125	False	False	morphology	determiner_noun_agreement	Write a natural, coherent English sentence.
435	27	Melissa couldn't reveal that small man.	Melissa couldn't reveal those small man.	-101.5	-102.0	-10.1875	-10.1875	True	False	morphology	determiner_noun_agreement	Write a natural, coherent English sentence.
436	27	These carriages won't impress those bad men.	These carriages won't impress that bad men.	-112.5	-113.0	-10.1875	-10.25	True	True	morphology	determiner_noun_agreement	Write a natural, coherent English sentence.
437	27	Many girls drop by that red oasis.	Many girls drop by those red oasis.	-92.0	-92.0	-10.25	-10.25	False	False	morphology	determiner_noun_agreement	Write a natural, coherent English sentence.
438	27	The Impressionists fled from this small woman.	The Impressionists fled from these small woman.	-100.0	-100.5	-10.0	-10.0625	True	True	morphology	determiner_noun_agreement	Write a natural, coherent English sentence.
439	27	Ann arrived at that blue oasis.	Ann arrived at those blue oasis.	-81.0	-81.0	-10.125	-10.125	False	False	morphology	determiner_noun_agreement	Write a natural, coherent English sentence.
440	27	The sock isn't disturbing those lucky children.	The sock isn't disturbing that lucky children.	-111.0	-111.5	-10.125	-10.125	True	False	morphology	determiner_noun_agreement	Write a natural, coherent English sentence.
441	27	Those socks were shocking those unlucky men.	Those socks were shocking that unlucky men.	-110.5	-111.0	-10.0625	-10.0625	True	False	morphology	determiner_noun_agreement	Write a natural, coherent English sentence.
442	27	Christine wasn't walking through those cheap oases.	Christine wasn't walking through that cheap oases.	-122.5	-122.0	-10.1875	-10.1875	False	False	morphology	determiner_noun_agreement	Write a natural, coherent English sentence.
443	27	Mary appreciates those content women.	Mary appreciates that content women.	-71.5	-71.5	-10.25	-10.1875	False	False	morphology	determiner_noun_agreement	Write a natural, coherent English sentence.
444	27	That lady didn't question this ill person.	That lady didn't question these ill person.	-102.5	-102.5	-10.25	-10.25	False	False	morphology	determiner_noun_agreement	Write a natural, coherent English sentence.
445	27	Most birds annoy this young woman.	Most birds annoy these young woman.	-71.0	-71.0	-10.125	-10.1875	False	True	morphology	determiner_noun_agreement	Write a natural, coherent English sentence.
446	27	Amelia is kissing these content men.	Amelia is kissing this content men.	-91.0	-91.0	-10.125	-10.125	False	False	morphology	determiner_noun_agreement	Write a natural, coherent English sentence.
447	27	Judy isn't taking those standing oxen.	Judy isn't taking that standing oxen.	-112.5	-112.5	-10.25	-10.25	False	False	morphology	determiner_noun_agreement	Write a natural, coherent English sentence.
448	27	Irene is discussing those clever alumni.	Irene is discussing that clever alumni.	-101.5	-102.0	-10.1875	-10.1875	True	False	morphology	determiner_noun_agreement	Write a natural, coherent English sentence.
449	27	Danielle could describe these long analyses.	Danielle could describe this long analyses.	-91.0	-91.5	-10.125	-10.125	True	False	morphology	determiner_noun_agreement	Write a natural, coherent English sentence.
450	27	Eva hasn't praised that lucky woman.	Eva hasn't praised those lucky woman.	-92.5	-92.5	-10.25	-10.25	False	False	morphology	determiner_noun_agreement	Write a natural, coherent English sentence.
451	27	Grace might observe that unlucky woman.	Grace might observe those unlucky woman.	-91.5	-92.0	-10.125	-10.1875	True	True	morphology	determiner_noun_agreement	Write a natural, coherent English sentence.
452	27	The Clintons bothered these clever people.	The Clintons bothered this clever people.	-92.0	-92.0	-10.1875	-10.25	False	True	morphology	determiner_noun_agreement	Write a natural, coherent English sentence.
453	27	April hadn't embarrassed those employed alumni.	April hadn't embarrassed that employed alumni.	-112.5	-112.5	-10.25	-10.1875	False	False	morphology	determiner_noun_agreement	Write a natural, coherent English sentence.
454	27	Marie shouldn't forget that happy man.	Marie shouldn't forget those happy man.	-91.5	-91.5	-10.1875	-10.1875	False	False	morphology	determiner_noun_agreement	Write a natural, coherent English sentence.
455	27	Renee isn't breaking that cheap foot.	Renee isn't breaking those cheap foot.	-112.5	-112.5	-10.25	-10.25	False	False	morphology	determiner_noun_agreement	Write a natural, coherent English sentence.
456	27	Monica shouldn't sell those new oases.	Monica shouldn't sell that new oases.	-111.5	-112.0	-10.125	-10.1875	True	True	morphology	determiner_noun_agreement	Write a natural, coherent English sentence.
457	27	Every dancer has returned to that troubled man.	Every dancer has returned to those troubled man.	-111.0	-111.5	-10.125	-10.125	True	False	morphology	determiner_noun_agreement	Write a natural, coherent English sentence.
458	27	Those dancers break those green teeth.	Those dancers break that green teeth.	-82.0	-82.0	-10.25	-10.25	False	False	morphology	determiner_noun_agreement	Write a natural, coherent English sentence.
459	27	These teachers talk about these fast women.	These teachers talk about this fast women.	-81.5	-82.0	-10.1875	-10.25	True	True	morphology	determiner_noun_agreement	Write a natural, coherent English sentence.
460	27	Spain hasn't praised that happy man.	Spain hasn't praised those happy man.	-92.5	-92.5	-10.3125	-10.3125	False	False	morphology	determiner_noun_agreement	Write a natural, coherent English sentence.
461	27	Monica does kiss those good people.	Monica does kiss that good people.	-81.5	-82.0	-10.1875	-10.25	True	True	morphology	determiner_noun_agreement	Write a natural, coherent English sentence.
462	27	Benjamin can boast about those busy men.	Benjamin can boast about that busy men.	-92.0	-92.0	-10.1875	-10.1875	False	False	morphology	determiner_noun_agreement	Write a natural, coherent English sentence.
463	27	Donald conceals this lost nucleus.	Donald conceals these lost nucleus.	-81.5	-82.0	-10.1875	-10.25	True	True	morphology	determiner_noun_agreement	Write a natural, coherent English sentence.
464	27	Gregory was embarrassing this big woman.	Gregory was embarrassing these big woman.	-82.0	-82.0	-10.25	-10.25	False	False	morphology	determiner_noun_agreement	Write a natural, coherent English sentence.
465	27	The waiter wasn't stunning that hidden child.	The waiter wasn't stunning those hidden child.	-112.5	-113.0	-10.25	-10.25	True	False	morphology	determiner_noun_agreement	Write a natural, coherent English sentence.
466	27	A lot of photographs haven't looked like this red stimulus.	A lot of photographs haven't looked like these red stimulus.	-141.0	-141.0	-10.0625	-10.0625	False	False	morphology	determiner_noun_agreement	Write a natural, coherent English sentence.
467	27	A patient fixed those cheap feet.	A patient fixed that cheap feet.	-72.0	-72.5	-10.3125	-10.375	True	True	morphology	determiner_noun_agreement	Write a natural, coherent English sentence.
468	27	Many gates shouldn't astound these unsure alumni.	Many gates shouldn't astound this unsure alumni.	-142.0	-142.0	-10.125	-10.1875	False	True	morphology	determiner_noun_agreement	Write a natural, coherent English sentence.
469	27	That picture hasn't looked like these big men.	That picture hasn't looked like this big men.	-111.5	-111.5	-10.125	-10.125	False	False	morphology	determiner_noun_agreement	Write a natural, coherent English sentence.
470	27	These waitresses talk about this hidden thesis.	These waitresses talk about these hidden thesis.	-100.5	-101.0	-10.0625	-10.125	True	True	morphology	determiner_noun_agreement	Write a natural, coherent English sentence.
471	27	Stacy concealed those gray axes.	Stacy concealed that gray axes.	-92.0	-92.0	-10.1875	-10.25	False	True	morphology	determiner_noun_agreement	Write a natural, coherent English sentence.
472	27	Nicole remembers those serious alumni.	Nicole remembers that serious alumni.	-91.5	-91.5	-10.1875	-10.1875	False	False	morphology	determiner_noun_agreement	Write a natural, coherent English sentence.
473	27	Leslie hadn't gone to that small oasis.	Leslie hadn't gone to those small oasis.	-121.0	-121.0	-10.0625	-10.0625	False	False	morphology	determiner_noun_agreement	Write a natural, coherent English sentence.
474	27	Joel wasn't praising this ill person.	Joel wasn't praising these ill person.	-102.5	-102.5	-10.25	-10.25	False	False	morphology	determiner_noun_agreement	Write a natural, coherent English sentence.
475	27	These drivers embarrasses this young alumnus.	These drivers embarrasses these young alumnus.	-101.0	-101.5	-10.125	-10.125	True	False	morphology	determiner_noun_agreement	Write a natural, coherent English sentence.
476	27	Beef bores that delighted woman.	Beef bores those delighted woman.	-82.0	-82.0	-10.25	-10.25	False	False	morphology	determiner_noun_agreement	Write a natural, coherent English sentence.
477	27	Mitchell goes to this gray oasis.	Mitchell goes to these gray oasis.	-81.0	-81.5	-10.125	-10.1875	True	True	morphology	determiner_noun_agreement	Write a natural, coherent English sentence.
478	27	The mouth bores these upset men.	The mouth bores this upset men.	-82.5	-82.5	-10.3125	-10.3125	False	False	morphology	determiner_noun_agreement	Write a natural, coherent English sentence.
479	27	Most legislatures discuss those good people.	Most legislatures discuss that good people.	-82.0	-82.0	-10.25	-10.25	False	False	morphology	determiner_noun_agreement	Write a natural, coherent English sentence.
480	27	The boys mess up those purple feet.	The boys mess up that purple feet.	-81.5	-81.5	-10.1875	-10.1875	False	False	morphology	determiner_noun_agreement	Write a natural, coherent English sentence.
481	27	Cashiers describe these fast children.	Cashiers describe this fast children.	-71.5	-71.5	-10.25	-10.25	False	False	morphology	determiner_noun_agreement	Write a natural, coherent English sentence.
482	27	Roger has fired those unconvinced men.	Roger has fired that unconvinced men.	-102.0	-102.0	-10.1875	-10.1875	False	False	morphology	determiner_noun_agreement	Write a natural, coherent English sentence.
483	27	Amy wasn't kissing this content man.	Amy wasn't kissing these content man.	-101.5	-102.0	-10.125	-10.1875	True	True	morphology	determiner_noun_agreement	Write a natural, coherent English sentence.
484	27	Every dancer hadn't praised those good analyses.	Every dancer hadn't praised that good analyses.	-122.5	-123.0	-10.25	-10.25	True	False	morphology	determiner_noun_agreement	Write a natural, coherent English sentence.
485	27	Rhonda wasn't hiding those red mice.	Rhonda wasn't hiding that red mice.	-112.5	-112.5	-10.1875	-10.1875	False	False	morphology	determiner_noun_agreement	Write a natural, coherent English sentence.
486	27	Every pedestrian talks about that bad synopsis.	Every pedestrian talks about those bad synopsis.	-100.0	-100.0	-10.0	-10.0	False	False	morphology	determiner_noun_agreement	Write a natural, coherent English sentence.
487	27	The fish shocks these old alumni.	The fish shocks this old alumni.	-101.0	-101.0	-10.125	-10.125	False	False	morphology	determiner_noun_agreement	Write a natural, coherent English sentence.
488	27	Those waitresses visited those scared alumni.	Those waitresses visited that scared alumni.	-110.5	-110.5	-10.0625	-10.0625	False	False	morphology	determiner_noun_agreement	Write a natural, coherent English sentence.
489	27	That library was listening to this nice man.	That library was listening to these nice man.	-91.5	-91.5	-10.125	-10.1875	False	True	morphology	determiner_noun_agreement	Write a natural, coherent English sentence.
490	27	Steve wasn't bringing that blue stimulus.	Steve wasn't bringing those blue stimulus.	-102.0	-101.5	-10.1875	-10.1875	False	False	morphology	determiner_noun_agreement	Write a natural, coherent English sentence.
491	27	Some guest was hiring that scared woman.	Some guest was hiring those scared woman.	-82.0	-82.5	-10.25	-10.3125	True	True	morphology	determiner_noun_agreement	Write a natural, coherent English sentence.
492	27	The spotlights upset this unconvinced alumnus.	The spotlights upset these unconvinced alumnus.	-131.0	-131.0	-10.0625	-10.0625	False	False	morphology	determiner_noun_agreement	Write a natural, coherent English sentence.
493	27	Todd might observe this lost man.	Todd might observe these lost man.	-72.0	-72.0	-10.3125	-10.3125	False	False	morphology	determiner_noun_agreement	Write a natural, coherent English sentence.
494	27	People could describe that unconvinced person.	People could describe those unconvinced person.	-102.0	-102.0	-10.1875	-10.1875	False	False	morphology	determiner_noun_agreement	Write a natural, coherent English sentence.
495	27	That waiter had astounded these lucky people.	That waiter had astounded this lucky people.	-111.5	-112.0	-10.125	-10.1875	True	True	morphology	determiner_noun_agreement	Write a natural, coherent English sentence.
496	27	Kendra disgusted these confident women.	Kendra disgusted this confident women.	-92.0	-92.5	-10.25	-10.25	True	False	morphology	determiner_noun_agreement	Write a natural, coherent English sentence.
497	27	Spain hasn't annoyed those old people.	Spain hasn't annoyed that old people.	-101.5	-101.5	-10.125	-10.125	False	False	morphology	determiner_noun_agreement	Write a natural, coherent English sentence.
498	27	Steve kisses these out in the open people.	Steve kisses this out in the open people.	-101.0	-101.0	-10.125	-10.125	False	False	morphology	determiner_noun_agreement	Write a natural, coherent English sentence.
499	27	Wayne kissed those unconvinced men.	Wayne kissed that unconvinced men.	-91.5	-92.0	-10.1875	-10.1875	True	False	morphology	determiner_noun_agreement	Write a natural, coherent English sentence.
500	27	Douglas has brought those lost cacti.	Douglas has brought that lost cacti.	-92.0	-92.0	-10.25	-10.1875	False	False	morphology	determiner_noun_agreement	Write a natural, coherent English sentence.
501	27	Tammy can't reveal that big alumnus.	Tammy can't reveal those big alumnus.	-122.0	-122.0	-10.125	-10.1875	False	True	morphology	determiner_noun_agreement	Write a natural, coherent English sentence.
502	27	Deborah fled from those standing children.	Deborah fled from that standing children.	-91.0	-91.0	-10.125	-10.125	False	False	morphology	determiner_noun_agreement	Write a natural, coherent English sentence.
503	27	A man wasn't cleaning that hard fungus.	A man wasn't cleaning those hard fungus.	-122.0	-122.0	-10.1875	-10.1875	False	False	morphology	determiner_noun_agreement	Write a natural, coherent English sentence.
504	27	Danielle has broken those gray teeth.	Danielle has broken that gray teeth.	-81.5	-81.5	-10.1875	-10.1875	False	False	morphology	determiner_noun_agreement	Write a natural, coherent English sentence.
505	27	Derek praised this big thesis.	Derek praised these big thesis.	-72.0	-72.0	-10.3125	-10.3125	False	False	morphology	determiner_noun_agreement	Write a natural, coherent English sentence.
506	27	Gary has disgusted those unsure people.	Gary has disgusted that unsure people.	-92.0	-92.0	-10.25	-10.25	False	False	morphology	determiner_noun_agreement	Write a natural, coherent English sentence.
507	27	A senator insulted this bad synopsis.	A senator insulted these bad synopsis.	-101.0	-101.0	-10.125	-10.125	False	False	morphology	determiner_noun_agreement	Write a natural, coherent English sentence.
508	27	A lot of drivers visit these purple oases.	A lot of drivers visit this purple oases.	-102.0	-102.0	-10.1875	-10.1875	False	False	morphology	determiner_noun_agreement	Write a natural, coherent English sentence.
509	27	Richard isn't attacking this fast child.	Richard isn't attacking these fast child.	-92.0	-92.5	-10.25	-10.25	True	False	morphology	determiner_noun_agreement	Write a natural, coherent English sentence.
510	27	Frank shocked that unsure man.	Frank shocked those unsure man.	-72.5	-72.0	-10.3125	-10.25	False	False	morphology	determiner_noun_agreement	Write a natural, coherent English sentence.
511	27	Brett returned to that confident man.	Brett returned to those confident man.	-81.5	-81.5	-10.1875	-10.1875	False	False	morphology	determiner_noun_agreement	Write a natural, coherent English sentence.
512	27	Many ladies weren't passing these old oases.	Many ladies weren't passing this old oases.	-112.5	-112.5	-10.25	-10.25	False	False	morphology	determiner_noun_agreement	Write a natural, coherent English sentence.
513	27	A waiter brought those purple teeth.	A waiter brought that purple teeth.	-81.0	-81.0	-10.125	-10.125	False	False	morphology	determiner_noun_agreement	Write a natural, coherent English sentence.
514	27	Beverly has fired this fast alumnus.	Beverly has fired these fast alumnus.	-102.0	-102.0	-10.1875	-10.1875	False	False	morphology	determiner_noun_agreement	Write a natural, coherent English sentence.
515	27	Men haven't observed that standing man.	Men haven't observed those standing man.	-92.5	-92.5	-10.25	-10.25	False	False	morphology	determiner_noun_agreement	Write a natural, coherent English sentence.
516	27	Tiffany admired this ill child.	Tiffany admired these ill child.	-91.0	-91.0	-10.125	-10.125	False	False	morphology	determiner_noun_agreement	Write a natural, coherent English sentence.
517	27	That patient didn't love that unemployed alumnus.	That patient didn't love those unemployed alumnus.	-131.0	-131.0	-10.125	-10.125	False	False	morphology	determiner_noun_agreement	Write a natural, coherent English sentence.
518	27	Aaron reveals that red tooth.	Aaron reveals those red tooth.	-62.0	-62.25	-10.375	-10.375	True	False	morphology	determiner_noun_agreement	Write a natural, coherent English sentence.
519	27	Monica was insulting those bad people.	Monica was insulting that bad people.	-91.0	-91.5	-10.125	-10.125	True	False	morphology	determiner_noun_agreement	Write a natural, coherent English sentence.
520	27	These teenagers watch that old alumnus.	These teenagers watch those old alumnus.	-100.0	-100.0	-10.0	-10.0	False	False	morphology	determiner_noun_agreement	Write a natural, coherent English sentence.
521	27	Tina might confuse this exposed child.	Tina might confuse these exposed child.	-92.0	-92.0	-10.25	-10.25	False	False	morphology	determiner_noun_agreement	Write a natural, coherent English sentence.
522	27	A face was confusing that nice woman.	A face was confusing those nice woman.	-82.0	-82.0	-10.25	-10.25	False	False	morphology	determiner_noun_agreement	Write a natural, coherent English sentence.
523	27	An adult researches that good analysis.	An adult researches those good analysis.	-101.5	-102.0	-10.1875	-10.1875	True	False	morphology	determiner_noun_agreement	Write a natural, coherent English sentence.
524	27	Some broccoli isn't annoying these unconvinced women.	Some broccoli isn't annoying this unconvinced women.	-151.0	-151.0	-10.0625	-10.0625	False	False	morphology	determiner_noun_agreement	Write a natural, coherent English sentence.
525	27	Nancy talks about these content children.	Nancy talks about this content children.	-71.5	-71.5	-10.25	-10.1875	False	False	morphology	determiner_noun_agreement	Write a natural, coherent English sentence.
526	27	Regina found this lost ox.	Regina found these lost ox.	-81.5	-81.5	-10.1875	-10.1875	False	False	morphology	determiner_noun_agreement	Write a natural, coherent English sentence.
527	27	Emily had respected that clever man.	Emily had respected those clever man.	-71.5	-71.5	-10.25	-10.25	False	False	morphology	determiner_noun_agreement	Write a natural, coherent English sentence.
528	27	Kathleen has worked with this confident man.	Kathleen has worked with these confident man.	-91.5	-91.5	-10.1875	-10.1875	False	False	morphology	determiner_noun_agreement	Write a natural, coherent English sentence.
529	27	Most customers are distracting these determined children.	Most customers are distracting this determined children.	-91.5	-92.0	-10.1875	-10.1875	True	False	morphology	determiner_noun_agreement	Write a natural, coherent English sentence.
530	27	Rachelle didn't cure this black octopus.	Rachelle didn't cure these black octopus.	-121.0	-121.5	-10.0625	-10.125	True	True	morphology	determiner_noun_agreement	Write a natural, coherent English sentence.
531	27	Steven hugs these standing men.	Steven hugs this standing men.	-71.5	-71.5	-10.25	-10.1875	False	False	morphology	determiner_noun_agreement	Write a natural, coherent English sentence.
532	27	Every popsicle shocked those excited men.	Every popsicle shocked that excited men.	-91.5	-92.0	-10.1875	-10.25	True	True	morphology	determiner_noun_agreement	Write a natural, coherent English sentence.
533	27	Sonia lifts that new oasis.	Sonia lifts those new oasis.	-91.5	-91.5	-10.1875	-10.1875	False	False	morphology	determiner_noun_agreement	Write a natural, coherent English sentence.
534	27	Cheryl might tour that purple oasis.	Cheryl might tour those purple oasis.	-92.0	-92.0	-10.1875	-10.1875	False	False	morphology	determiner_noun_agreement	Write a natural, coherent English sentence.
535	27	This doctor appreciates this bad child.	This doctor appreciates these bad child.	-82.0	-82.0	-10.25	-10.25	False	False	morphology	determiner_noun_agreement	Write a natural, coherent English sentence.
536	27	Leslie breaks those red feet.	Leslie breaks that red feet.	-71.0	-71.0	-10.125	-10.1875	False	True	morphology	determiner_noun_agreement	Write a natural, coherent English sentence.
537	27	Bethany hasn't hidden that yellow louse.	Bethany hasn't hidden those yellow louse.	-112.0	-112.0	-10.1875	-10.1875	False	False	morphology	determiner_noun_agreement	Write a natural, coherent English sentence.
538	27	Some people have criticized this brown thesis.	Some people have criticized these brown thesis.	-90.5	-90.5	-10.0625	-10.0625	False	False	morphology	determiner_noun_agreement	Write a natural, coherent English sentence.
539	27	Noah heals this determined child.	Noah heals these determined child.	-72.0	-72.0	-10.3125	-10.3125	False	False	morphology	determiner_noun_agreement	Write a natural, coherent English sentence.
540	27	Kevin biked to those big oases.	Kevin biked to that big oases.	-101.0	-101.0	-10.125	-10.125	False	False	morphology	determiner_noun_agreement	Write a natural, coherent English sentence.
541	27	Wayne hadn't bored these sick men.	Wayne hadn't bored this sick men.	-93.0	-93.0	-10.3125	-10.3125	False	False	morphology	determiner_noun_agreement	Write a natural, coherent English sentence.
542	27	Amy returns to those young alumni.	Amy returns to that young alumni.	-91.5	-91.5	-10.125	-10.1875	False	True	morphology	determiner_noun_agreement	Write a natural, coherent English sentence.
543	27	That gate did aggravate this excited woman.	That gate did aggravate these excited woman.	-101.5	-102.0	-10.1875	-10.1875	True	False	morphology	determiner_noun_agreement	Write a natural, coherent English sentence.
544	27	Melissa observes that bad child.	Melissa observes those bad child.	-81.0	-81.5	-10.125	-10.1875	True	True	morphology	determiner_noun_agreement	Write a natural, coherent English sentence.
545	27	Kathleen wasn't scanning those long synopses.	Kathleen wasn't scanning that long synopses.	-131.0	-132.0	-10.125	-10.125	True	False	morphology	determiner_noun_agreement	Write a natural, coherent English sentence.
546	27	That guy dropped by these white oases.	That guy dropped by this white oases.	-91.5	-92.0	-10.1875	-10.1875	True	False	morphology	determiner_noun_agreement	Write a natural, coherent English sentence.
547	27	Every child might fire this serious child.	Every child might fire these serious child.	-82.0	-82.0	-10.25	-10.25	False	False	morphology	determiner_noun_agreement	Write a natural, coherent English sentence.
548	27	Meredith had concealed that black thesis.	Meredith had concealed those black thesis.	-102.0	-102.0	-10.1875	-10.1875	False	False	morphology	determiner_noun_agreement	Write a natural, coherent English sentence.
549	27	Randolf didn't see these blue teeth.	Randolf didn't see this blue teeth.	-102.0	-102.0	-10.1875	-10.1875	False	False	morphology	determiner_noun_agreement	Write a natural, coherent English sentence.
550	27	Some guy passes that rough oasis.	Some guy passes those rough oasis.	-82.0	-82.0	-10.25	-10.25	False	False	morphology	determiner_noun_agreement	Write a natural, coherent English sentence.
551	27	Guys hurts that smart man.	Guys hurts those smart man.	-82.0	-82.0	-10.25	-10.25	False	False	morphology	determiner_noun_agreement	Write a natural, coherent English sentence.
552	27	Many museums should describe this fast man.	Many museums should describe these fast man.	-91.5	-91.5	-10.1875	-10.1875	False	False	morphology	determiner_noun_agreement	Write a natural, coherent English sentence.
553	27	A lot of chairs haven't embarrassed this serious man.	A lot of chairs haven't embarrassed these serious man.	-122.0	-122.0	-10.1875	-10.1875	False	False	morphology	determiner_noun_agreement	Write a natural, coherent English sentence.
554	27	Emily talked about that ill alumnus.	Emily talked about those ill alumnus.	-91.0	-91.0	-10.125	-10.125	False	False	morphology	determiner_noun_agreement	Write a natural, coherent English sentence.
555	27	A lot of girls notice these black lice.	A lot of girls notice this black lice.	-101.5	-101.5	-10.1875	-10.1875	False	False	morphology	determiner_noun_agreement	Write a natural, coherent English sentence.
556	27	Those schools reference that green thesis.	Those schools reference those green thesis.	-72.0	-72.5	-10.3125	-10.3125	True	False	morphology	determiner_noun_agreement	Write a natural, coherent English sentence.
557	27	Bradley had bored this delighted alumnus.	Bradley had bored these delighted alumnus.	-101.5	-101.5	-10.125	-10.125	False	False	morphology	determiner_noun_agreement	Write a natural, coherent English sentence.
558	27	Melinda scares this good woman.	Melinda scares these good woman.	-82.0	-82.0	-10.25	-10.25	False	False	morphology	determiner_noun_agreement	Write a natural, coherent English sentence.
559	27	Those pedestrians go to those big oases.	Those pedestrians go to that big oases.	-112.5	-112.5	-10.25	-10.25	False	False	morphology	determiner_noun_agreement	Write a natural, coherent English sentence.
560	27	Many doctors escaped from that lost child.	Many doctors escaped from those lost child.	-81.5	-81.5	-10.1875	-10.1875	False	False	morphology	determiner_noun_agreement	Write a natural, coherent English sentence.
561	27	Tamara isn't revealing that orange ox.	Tamara isn't revealing those orange ox.	-102.0	-102.0	-10.1875	-10.1875	False	False	morphology	determiner_noun_agreement	Write a natural, coherent English sentence.
562	27	Many patients arrive at that hidden oasis.	Many patients arrive at those hidden oasis.	-90.0	-90.0	-10.0	-10.0	False	False	morphology	determiner_noun_agreement	Write a natural, coherent English sentence.
563	27	Beth leaves these happy children.	Beth leaves this happy children.	-61.5	-61.75	-10.25	-10.25	True	False	morphology	determiner_noun_agreement	Write a natural, coherent English sentence.
564	27	Deanna broke that yellow foot.	Deanna broke those yellow foot.	-71.5	-71.5	-10.25	-10.25	False	False	morphology	determiner_noun_agreement	Write a natural, coherent English sentence.
565	27	Jessica had talked to that concealed man.	Jessica had talked to those concealed man.	-92.0	-92.0	-10.1875	-10.1875	False	False	morphology	determiner_noun_agreement	Write a natural, coherent English sentence.
566	27	Those actors praise those long synopses.	Those actors praise that long synopses.	-91.5	-92.0	-10.1875	-10.1875	True	False	morphology	determiner_noun_agreement	Write a natural, coherent English sentence.
567	27	This coat hasn't astounded these popular men.	This coat hasn't astounded this popular men.	-121.5	-121.5	-10.125	-10.125	False	False	morphology	determiner_noun_agreement	Write a natural, coherent English sentence.
568	27	Wendy does talk to this scared alumnus.	Wendy does talk to these scared alumnus.	-111.5	-112.0	-10.125	-10.1875	True	True	morphology	determiner_noun_agreement	Write a natural, coherent English sentence.
569	27	Christine is questioning these happy men.	Christine is questioning this happy men.	-82.0	-82.0	-10.25	-10.25	False	False	morphology	determiner_noun_agreement	Write a natural, coherent English sentence.
570	27	All doctors loved that displeased man.	All doctors loved those displeased man.	-92.0	-92.0	-10.1875	-10.1875	False	False	morphology	determiner_noun_agreement	Write a natural, coherent English sentence.
571	27	Waitresses researched these long synopses.	Waitresses researched this long synopses.	-130.0	-130.0	-10.0	-10.0	False	False	morphology	determiner_noun_agreement	Write a natural, coherent English sentence.
572	27	Alexander can flee from this nice woman.	Alexander can flee from these nice woman.	-91.5	-92.0	-10.1875	-10.1875	True	False	morphology	determiner_noun_agreement	Write a natural, coherent English sentence.
573	27	Walter hadn't hated this fast man.	Walter hadn't hated these fast man.	-92.5	-92.5	-10.3125	-10.3125	False	False	morphology	determiner_noun_agreement	Write a natural, coherent English sentence.
574	27	Those cashiers buy those smooth lice.	Those cashiers buy that smooth lice.	-91.5	-91.5	-10.1875	-10.1875	False	False	morphology	determiner_noun_agreement	Write a natural, coherent English sentence.
575	27	Sonia hid that determined child.	Sonia hid those determined child.	-72.0	-72.0	-10.3125	-10.25	False	False	morphology	determiner_noun_agreement	Write a natural, coherent English sentence.
576	27	Barbara is observing that excited person.	Barbara is observing those excited person.	-81.5	-81.5	-10.1875	-10.1875	False	False	morphology	determiner_noun_agreement	Write a natural, coherent English sentence.
577	27	That company stuns these unconvinced women.	That company stuns this unconvinced women.	-112.5	-112.5	-10.1875	-10.1875	False	False	morphology	determiner_noun_agreement	Write a natural, coherent English sentence.
578	27	Paul thought about those bad theses.	Paul thought about that bad theses.	-81.5	-82.0	-10.1875	-10.25	True	True	morphology	determiner_noun_agreement	Write a natural, coherent English sentence.
579	27	Victoria escaped from these displeased children.	Victoria escaped from this displeased children.	-91.0	-91.0	-10.125	-10.125	False	False	morphology	determiner_noun_agreement	Write a natural, coherent English sentence.
580	27	Brad notices this big octopus.	Brad notices these big octopus.	-90.0	-90.0	-10.0	-10.0	False	False	morphology	determiner_noun_agreement	Write a natural, coherent English sentence.
581	27	Adam is praising those yellow theses.	Adam is praising that yellow theses.	-92.0	-92.0	-10.1875	-10.25	False	True	morphology	determiner_noun_agreement	Write a natural, coherent English sentence.
582	27	Douglas did tour those hidden oases.	Douglas did tour that hidden oases.	-82.0	-82.0	-10.25	-10.25	False	False	morphology	determiner_noun_agreement	Write a natural, coherent English sentence.
583	27	Gerald couldn't know these happy men.	Gerald couldn't know this happy men.	-102.0	-102.0	-10.1875	-10.1875	False	False	morphology	determiner_noun_agreement	Write a natural, coherent English sentence.
584	27	Those women hug that smart man.	Those women hug those smart man.	-71.5	-71.5	-10.25	-10.1875	False	False	morphology	determiner_noun_agreement	Write a natural, coherent English sentence.
585	27	These senators wouldn't forget that long synopsis.	These senators wouldn't forget those long synopsis.	-122.0	-122.0	-10.1875	-10.1875	False	False	morphology	determiner_noun_agreement	Write a natural, coherent English sentence.
586	27	Edward took those lost stimuli.	Edward took that lost stimuli.	-71.0	-71.0	-10.1875	-10.1875	False	False	morphology	determiner_noun_agreement	Write a natural, coherent English sentence.
587	27	The waitresses did know this lucky person.	The waitresses did know these lucky person.	-101.0	-101.0	-10.0625	-10.125	False	True	morphology	determiner_noun_agreement	Write a natural, coherent English sentence.
588	27	That library might love this important person.	That library might love these important person.	-82.0	-82.5	-10.25	-10.3125	True	True	morphology	determiner_noun_agreement	Write a natural, coherent English sentence.
589	27	Carrie was healing this gray octopus.	Carrie was healing these gray octopus.	-101.0	-101.0	-10.125	-10.125	False	False	morphology	determiner_noun_agreement	Write a natural, coherent English sentence.
590	27	Sonia hadn't cleaned those gray teeth.	Sonia hadn't cleaned that gray teeth.	-102.0	-102.0	-10.1875	-10.1875	False	False	morphology	determiner_noun_agreement	Write a natural, coherent English sentence.
591	27	The Lutherans alarmed this confident woman.	The Lutherans alarmed these confident woman.	-92.0	-92.5	-10.25	-10.25	True	False	morphology	determiner_noun_agreement	Write a natural, coherent English sentence.
592	27	This shirt impressed those popular people.	This shirt impressed that popular people.	-71.5	-72.0	-10.1875	-10.25	True	True	morphology	determiner_noun_agreement	Write a natural, coherent English sentence.
593	27	Some schools love that employed person.	Some schools love those employed person.	-72.0	-72.0	-10.25	-10.25	False	False	morphology	determiner_noun_agreement	Write a natural, coherent English sentence.
594	27	Valerie hasn't known this young child.	Valerie hasn't known these young child.	-102.0	-102.0	-10.1875	-10.1875	False	False	morphology	determiner_noun_agreement	Write a natural, coherent English sentence.
595	27	Scott respected those displeased men.	Scott respected that displeased men.	-82.0	-82.0	-10.25	-10.25	False	False	morphology	determiner_noun_agreement	Write a natural, coherent English sentence.
596	27	The ladies work with those lost children.	The ladies work with that lost children.	-82.0	-82.0	-10.25	-10.25	False	False	morphology	determiner_noun_agreement	Write a natural, coherent English sentence.
597	27	Dawn had biked to this small oasis.	Dawn had biked to these small oasis.	-120.0	-120.5	-10.0	-10.0	True	False	morphology	determiner_noun_agreement	Write a natural, coherent English sentence.
598	27	Samantha would explore that gray oasis.	Samantha would explore those gray oasis.	-100.0	-100.5	-10.0	-10.0625	True	True	morphology	determiner_noun_agreement	Write a natural, coherent English sentence.
599	27	All steps upset those unemployed men.	All steps upset that unemployed men.	-81.0	-81.0	-10.125	-10.125	False	False	morphology	determiner_noun_agreement	Write a natural, coherent English sentence.
600	27	Marla has described that unemployed woman.	Marla has described those unemployed woman.	-91.5	-91.5	-10.1875	-10.1875	False	False	morphology	determiner_noun_agreement	Write a natural, coherent English sentence.
601	27	Most universities bore those excited children.	Most universities bore that excited children.	-72.0	-72.0	-10.3125	-10.3125	False	False	morphology	determiner_noun_agreement	Write a natural, coherent English sentence.
602	27	These banks should reference that purple thesis.	These banks should reference those purple thesis.	-82.0	-82.0	-10.25	-10.25	False	False	morphology	determiner_noun_agreement	Write a natural, coherent English sentence.
603	27	Sherry brought those concealed geese.	Sherry brought that concealed geese.	-92.0	-92.0	-10.1875	-10.1875	False	False	morphology	determiner_noun_agreement	Write a natural, coherent English sentence.
604	27	Many pedestrians complain about these long analyses.	Many pedestrians complain about this long analyses.	-110.5	-110.5	-10.0	-10.0625	False	True	morphology	determiner_noun_agreement	Write a natural, coherent English sentence.
605	27	Theresa fixed these small teeth.	Theresa fixed this small teeth.	-71.0	-71.0	-10.125	-10.125	False	False	morphology	determiner_noun_agreement	Write a natural, coherent English sentence.
606	27	This lake disturbed those unconvinced men.	This lake disturbed that unconvinced men.	-111.5	-111.5	-10.125	-10.125	False	False	morphology	determiner_noun_agreement	Write a natural, coherent English sentence.
607	27	Catherine was talking about those bad synopses.	Catherine was talking about that bad synopses.	-101.5	-101.5	-10.125	-10.125	False	False	morphology	determiner_noun_agreement	Write a natural, coherent English sentence.
608	27	Alicia had escaped from these hidden men.	Alicia had escaped from this hidden men.	-101.0	-101.0	-10.125	-10.125	False	False	morphology	determiner_noun_agreement	Write a natural, coherent English sentence.
609	27	Natalie hasn't worked with this confident woman.	Natalie hasn't worked with these confident woman.	-111.5	-112.0	-10.125	-10.1875	True	True	morphology	determiner_noun_agreement	Write a natural, coherent English sentence.
610	27	Amelia annoyed this smart man.	Amelia annoyed these smart man.	-80.5	-80.5	-10.0625	-10.0625	False	False	morphology	determiner_noun_agreement	Write a natural, coherent English sentence.
611	27	Every guest is irritating this serious child.	Every guest is irritating these serious child.	-92.0	-92.0	-10.1875	-10.1875	False	False	morphology	determiner_noun_agreement	Write a natural, coherent English sentence.
612	27	All reports annoyed this hopeful person.	All reports annoyed these hopeful person.	-90.0	-90.0	-10.0	-10.0	False	False	morphology	determiner_noun_agreement	Write a natural, coherent English sentence.
613	27	These women break those orange teeth.	These women break that orange teeth.	-72.0	-72.0	-10.25	-10.3125	False	True	morphology	determiner_noun_agreement	Write a natural, coherent English sentence.
614	27	Christopher could shock this excited child.	Christopher could shock these excited child.	-72.5	-72.0	-10.3125	-10.3125	False	False	morphology	determiner_noun_agreement	Write a natural, coherent English sentence.
615	27	This spotlight hasn't disgusted that employed child.	This spotlight hasn't disgusted those employed child.	-122.5	-122.5	-10.1875	-10.1875	False	False	morphology	determiner_noun_agreement	Write a natural, coherent English sentence.
616	27	Samantha fled from that busy child.	Samantha fled from those busy child.	-90.0	-90.0	-10.0	-10.0	False	False	morphology	determiner_noun_agreement	Write a natural, coherent English sentence.
617	27	Lucille arrived at that hard oasis.	Lucille arrived at those hard oasis.	-91.0	-91.0	-10.125	-10.125	False	False	morphology	determiner_noun_agreement	Write a natural, coherent English sentence.
618	27	All teachers see those yellow lice.	All teachers see that yellow lice.	-82.0	-82.0	-10.25	-10.25	False	False	morphology	determiner_noun_agreement	Write a natural, coherent English sentence.
619	27	Some photographs haven't looked like these small octopi.	Some photographs haven't looked like this small octopi.	-132.0	-132.0	-10.125	-10.125	False	False	morphology	determiner_noun_agreement	Write a natural, coherent English sentence.
620	27	Danielle brought those blue feet.	Danielle brought that blue feet.	-71.0	-71.5	-10.1875	-10.1875	True	False	morphology	determiner_noun_agreement	Write a natural, coherent English sentence.
621	27	Todd hadn't left those exposed men.	Todd hadn't left that exposed men.	-92.0	-92.0	-10.25	-10.25	False	False	morphology	determiner_noun_agreement	Write a natural, coherent English sentence.
622	27	Some doctors embarrasses those delighted alumni.	Some doctors embarrasses that delighted alumni.	-102.0	-102.0	-10.1875	-10.1875	False	False	morphology	determiner_noun_agreement	Write a natural, coherent English sentence.
623	27	The actresses forget that unemployed alumnus.	The actresses forget those unemployed alumnus.	-110.0	-110.0	-10.0	-10.0	False	False	morphology	determiner_noun_agreement	Write a natural, coherent English sentence.
624	27	A lot of socks alarm this unsure alumnus.	A lot of socks alarm these unsure alumnus.	-121.5	-121.5	-10.125	-10.125	False	False	morphology	determiner_noun_agreement	Write a natural, coherent English sentence.
625	27	The customers are thinking about that busy child.	The customers are thinking about those busy child.	-91.5	-91.5	-10.1875	-10.1875	False	False	morphology	determiner_noun_agreement	Write a natural, coherent English sentence.
626	27	Kristin wasn't kissing those small men.	Kristin wasn't kissing that small men.	-111.5	-111.5	-10.125	-10.125	False	False	morphology	determiner_noun_agreement	Write a natural, coherent English sentence.
627	27	Omar hasn't broken this broken foot.	Omar hasn't broken these broken foot.	-102.0	-102.0	-10.25	-10.25	False	False	morphology	determiner_noun_agreement	Write a natural, coherent English sentence.
628	27	The actress worked with this nice woman.	The actress worked with these nice woman.	-82.0	-82.0	-10.25	-10.25	False	False	morphology	determiner_noun_agreement	Write a natural, coherent English sentence.
629	27	Patients insult these happy people.	Patients insult this happy people.	-71.5	-72.0	-10.1875	-10.25	True	True	morphology	determiner_noun_agreement	Write a natural, coherent English sentence.
630	27	Spain bought those orange lice.	Spain bought that orange lice.	-71.0	-71.5	-10.1875	-10.1875	True	False	morphology	determiner_noun_agreement	Write a natural, coherent English sentence.
631	27	Those waiters didn't kiss this unlucky child.	Those waiters didn't kiss these unlucky child.	-131.0	-132.0	-10.125	-10.125	True	False	morphology	determiner_noun_agreement	Write a natural, coherent English sentence.
632	27	Jennifer isn't touring these old oases.	Jennifer isn't touring this old oases.	-112.0	-112.0	-10.1875	-10.1875	False	False	morphology	determiner_noun_agreement	Write a natural, coherent English sentence.
633	27	Glaciers upset this small child.	Glaciers upset these small child.	-81.5	-81.5	-10.1875	-10.1875	False	False	morphology	determiner_noun_agreement	Write a natural, coherent English sentence.
634	27	John investigated these old men.	John investigated this old men.	-61.5	-61.25	-10.25	-10.1875	False	False	morphology	determiner_noun_agreement	Write a natural, coherent English sentence.
635	27	Some doctors hated these yellow theses.	Some doctors hated this yellow theses.	-82.0	-82.0	-10.25	-10.25	False	False	morphology	determiner_noun_agreement	Write a natural, coherent English sentence.
636	27	Linda described that clever man.	Linda described those clever man.	-61.5	-61.5	-10.25	-10.25	False	False	morphology	determiner_noun_agreement	Write a natural, coherent English sentence.
637	27	Many drawings are looking like these excited women.	Many drawings are looking like this excited women.	-92.5	-92.5	-10.25	-10.25	False	False	morphology	determiner_noun_agreement	Write a natural, coherent English sentence.
638	27	Mitchell had concealed that small tooth.	Mitchell had concealed those small tooth.	-82.0	-82.0	-10.25	-10.25	False	False	morphology	determiner_noun_agreement	Write a natural, coherent English sentence.
639	27	Every dog had irritated this young child.	Every dog had irritated these young child.	-91.0	-91.0	-10.125	-10.125	False	False	morphology	determiner_noun_agreement	Write a natural, coherent English sentence.
640	27	Some doctors lift this exposed ox.	Some doctors lift these exposed ox.	-72.0	-72.0	-10.3125	-10.3125	False	False	morphology	determiner_noun_agreement	Write a natural, coherent English sentence.
641	27	Valerie was disgusting that happy woman.	Valerie was disgusting those happy woman.	-92.0	-92.0	-10.1875	-10.1875	False	False	morphology	determiner_noun_agreement	Write a natural, coherent English sentence.
642	27	Claire hugs those clever men.	Claire hugs that clever men.	-71.5	-71.5	-10.25	-10.25	False	False	morphology	determiner_noun_agreement	Write a natural, coherent English sentence.
643	27	All adults go to these white oases.	All adults go to this white oases.	-92.0	-92.0	-10.25	-10.1875	False	False	morphology	determiner_noun_agreement	Write a natural, coherent English sentence.
644	27	Bill observed this nice child.	Bill observed these nice child.	-61.75	-61.75	-10.3125	-10.3125	False	False	morphology	determiner_noun_agreement	Write a natural, coherent English sentence.
645	27	Diana kissed these delighted alumni.	Diana kissed this delighted alumni.	-81.5	-82.0	-10.1875	-10.25	True	True	morphology	determiner_noun_agreement	Write a natural, coherent English sentence.
646	27	Governments are describing those sick people.	Governments are describing that sick people.	-81.0	-81.0	-10.125	-10.125	False	False	morphology	determiner_noun_agreement	Write a natural, coherent English sentence.
647	27	The doctors cure that young woman.	The doctors cure those young woman.	-71.0	-71.0	-10.125	-10.1875	False	True	morphology	determiner_noun_agreement	Write a natural, coherent English sentence.
648	27	Dancers did disagree with this ill child.	Dancers did disagree with these ill child.	-92.5	-92.5	-10.3125	-10.3125	False	False	morphology	determiner_noun_agreement	Write a natural, coherent English sentence.
649	27	Veronica couldn't embarrass these exposed men.	Veronica couldn't embarrass this exposed men.	-111.5	-111.5	-10.125	-10.125	False	False	morphology	determiner_noun_agreement	Write a natural, coherent English sentence.
650	27	The students cared for that delighted man.	The students cared for those delighted man.	-81.5	-81.5	-10.1875	-10.1875	False	False	morphology	determiner_noun_agreement	Write a natural, coherent English sentence.
651	27	Steve conceals these important men.	Steve conceals this important men.	-71.5	-71.5	-10.25	-10.25	False	False	morphology	determiner_noun_agreement	Write a natural, coherent English sentence.
652	27	These actresses will talk to these content men.	These actresses will talk to this content men.	-101.5	-101.0	-10.125	-10.125	False	False	morphology	determiner_noun_agreement	Write a natural, coherent English sentence.
653	27	That teenager wouldn't buy these rough oxen.	That teenager wouldn't buy this rough oxen.	-112.0	-112.0	-10.1875	-10.1875	False	False	morphology	determiner_noun_agreement	Write a natural, coherent English sentence.
654	27	Sheila wouldn't kiss that happy child.	Sheila wouldn't kiss those happy child.	-102.0	-102.0	-10.1875	-10.1875	False	False	morphology	determiner_noun_agreement	Write a natural, coherent English sentence.
655	27	Erin drove to these out in the open oases.	Erin drove to this out in the open oases.	-122.0	-122.0	-10.125	-10.125	False	False	morphology	determiner_noun_agreement	Write a natural, coherent English sentence.
656	27	Every hat has embarrassed those hopeful people.	Every hat has embarrassed that hopeful people.	-90.0	-90.5	-10.0	-10.0625	True	True	morphology	determiner_noun_agreement	Write a natural, coherent English sentence.
657	27	Every man is fleeing from that exposed oasis.	Every man is fleeing from those exposed oasis.	-111.0	-111.0	-10.125	-10.125	False	False	morphology	determiner_noun_agreement	Write a natural, coherent English sentence.
658	27	Some adults visit this ill man.	Some adults visit these ill man.	-72.0	-72.0	-10.25	-10.25	False	False	morphology	determiner_noun_agreement	Write a natural, coherent English sentence.
659	27	Janet did lift that good thesis.	Janet did lift those good thesis.	-81.5	-81.5	-10.1875	-10.1875	False	False	morphology	determiner_noun_agreement	Write a natural, coherent English sentence.
660	27	Katherine was cleaning this orange tooth.	Katherine was cleaning these orange tooth.	-82.0	-82.0	-10.25	-10.25	False	False	morphology	determiner_noun_agreement	Write a natural, coherent English sentence.
661	27	A lot of tomatoes can't confuse these ill alumni.	A lot of tomatoes can't confuse this ill alumni.	-161.0	-161.0	-10.0625	-10.0625	False	False	morphology	determiner_noun_agreement	Write a natural, coherent English sentence.
662	27	Rose goes to those out in the open oases.	Rose goes to that out in the open oases.	-111.5	-111.5	-10.125	-10.125	False	False	morphology	determiner_noun_agreement	Write a natural, coherent English sentence.
663	27	These governments criticize those gray oases.	These governments criticize that gray oases.	-92.0	-92.0	-10.1875	-10.1875	False	False	morphology	determiner_noun_agreement	Write a natural, coherent English sentence.
664	27	Kevin forgot those delighted men.	Kevin forgot that delighted men.	-62.0	-61.75	-10.3125	-10.3125	False	False	morphology	determiner_noun_agreement	Write a natural, coherent English sentence.
665	27	Most companies describe that long analysis.	Most companies describe those long analysis.	-72.0	-72.0	-10.3125	-10.3125	False	False	morphology	determiner_noun_agreement	Write a natural, coherent English sentence.
666	27	Vincent was skated around this small oasis.	Vincent was skated around these small oasis.	-102.0	-102.5	-10.1875	-10.25	True	True	morphology	determiner_noun_agreement	Write a natural, coherent English sentence.
667	27	Many guys arrive at these out in the open oases.	Many guys arrive at this out in the open oases.	-121.0	-121.0	-10.0625	-10.0625	False	False	morphology	determiner_noun_agreement	Write a natural, coherent English sentence.
668	27	Gregory hadn't revealed these lost fungi.	Gregory hadn't revealed this lost fungi.	-102.5	-102.5	-10.25	-10.25	False	False	morphology	determiner_noun_agreement	Write a natural, coherent English sentence.
669	27	The cake stuns this standing man.	The cake stuns these standing man.	-81.5	-81.5	-10.1875	-10.1875	False	False	morphology	determiner_noun_agreement	Write a natural, coherent English sentence.
670	27	Cheryl isn't irritating that clever man.	Cheryl isn't irritating those clever man.	-112.0	-111.5	-10.1875	-10.125	False	False	morphology	determiner_noun_agreement	Write a natural, coherent English sentence.
671	27	Some cat bores those old children.	Some cat bores that old children.	-82.0	-82.0	-10.25	-10.25	False	False	morphology	determiner_noun_agreement	Write a natural, coherent English sentence.
672	27	The actress knows that delighted child.	The actress knows those delighted child.	-71.5	-72.0	-10.25	-10.25	True	False	morphology	determiner_noun_agreement	Write a natural, coherent English sentence.
673	27	That actress had driven to these hidden oases.	That actress had driven to this hidden oases.	-102.0	-102.0	-10.1875	-10.1875	False	False	morphology	determiner_noun_agreement	Write a natural, coherent English sentence.
674	27	The Lutherans arrive at this cheap oasis.	The Lutherans arrive at these cheap oasis.	-101.0	-101.0	-10.125	-10.125	False	False	morphology	determiner_noun_agreement	Write a natural, coherent English sentence.
675	27	Diane was kissing those lost women.	Diane was kissing that lost women.	-92.0	-92.0	-10.25	-10.25	False	False	morphology	determiner_noun_agreement	Write a natural, coherent English sentence.
676	27	Larry disturbs this employed woman.	Larry disturbs these employed woman.	-82.0	-82.0	-10.25	-10.25	False	False	morphology	determiner_noun_agreement	Write a natural, coherent English sentence.
677	27	Pies shock this upset woman.	Pies shock these upset woman.	-72.5	-72.5	-10.3125	-10.375	False	True	morphology	determiner_noun_agreement	Write a natural, coherent English sentence.
678	27	Some waiters hug this content alumnus.	Some waiters hug these content alumnus.	-101.0	-101.5	-10.125	-10.125	True	False	morphology	determiner_noun_agreement	Write a natural, coherent English sentence.
679	27	Anna talked to those unsure men.	Anna talked to that unsure men.	-82.0	-82.0	-10.25	-10.25	False	False	morphology	determiner_noun_agreement	Write a natural, coherent English sentence.
680	27	This school bores this determined man.	This school bores these determined man.	-82.0	-82.0	-10.25	-10.25	False	False	morphology	determiner_noun_agreement	Write a natural, coherent English sentence.
681	27	Omar had thought about these unemployed men.	Omar had thought about this unemployed men.	-101.5	-101.0	-10.125	-10.125	False	False	morphology	determiner_noun_agreement	Write a natural, coherent English sentence.
682	27	Winston Churchill cleaned these big nuclei.	Winston Churchill cleaned this big nuclei.	-101.0	-101.0	-10.125	-10.125	False	False	morphology	determiner_noun_agreement	Write a natural, coherent English sentence.
683	27	These organizations aren't concealing that exposed child.	These organizations aren't concealing those exposed child.	-112.0	-112.0	-10.1875	-10.1875	False	False	morphology	determiner_noun_agreement	Write a natural, coherent English sentence.
684	27	Erin bought this concealed axis.	Erin bought these concealed axis.	-81.5	-81.5	-10.1875	-10.1875	False	False	morphology	determiner_noun_agreement	Write a natural, coherent English sentence.
685	27	Dan examines this long analysis.	Dan examines these long analysis.	-71.5	-71.5	-10.1875	-10.1875	False	False	morphology	determiner_noun_agreement	Write a natural, coherent English sentence.
686	27	These drivers concealed these gray oxen.	These drivers concealed this gray oxen.	-91.5	-92.0	-10.1875	-10.1875	True	False	morphology	determiner_noun_agreement	Write a natural, coherent English sentence.
687	27	All children impresses this happy man.	All children impresses these happy man.	-81.5	-81.5	-10.1875	-10.1875	False	False	morphology	determiner_noun_agreement	Write a natural, coherent English sentence.
688	27	People will conceal that concealed man.	People will conceal those concealed man.	-92.0	-91.5	-10.1875	-10.1875	False	False	morphology	determiner_noun_agreement	Write a natural, coherent English sentence.
689	27	Some patient returns to this old man.	Some patient returns to these old man.	-81.5	-81.5	-10.1875	-10.1875	False	False	morphology	determiner_noun_agreement	Write a natural, coherent English sentence.
690	27	Many actresses discovered those big oases.	Many actresses discovered that big oases.	-91.0	-91.5	-10.125	-10.125	True	False	morphology	determiner_noun_agreement	Write a natural, coherent English sentence.
691	27	The school talks about those young alumni.	The school talks about that young alumni.	-101.0	-101.0	-10.0625	-10.0625	False	False	morphology	determiner_noun_agreement	Write a natural, coherent English sentence.
692	27	Omar admired these blue fungi.	Omar admired this blue fungi.	-92.0	-92.0	-10.1875	-10.1875	False	False	morphology	determiner_noun_agreement	Write a natural, coherent English sentence.
693	27	Some school can't hate these good people.	Some school can't hate this good people.	-103.0	-103.5	-10.3125	-10.3125	True	False	morphology	determiner_noun_agreement	Write a natural, coherent English sentence.
694	27	A lot of eggplants wouldn't disturb that determined woman.	A lot of eggplants wouldn't disturb those determined woman.	-142.0	-142.0	-10.125	-10.125	False	False	morphology	determiner_noun_agreement	Write a natural, coherent English sentence.
695	27	That cake could annoy these uncertain men.	That cake could annoy this uncertain men.	-82.0	-82.5	-10.25	-10.3125	True	True	morphology	determiner_noun_agreement	Write a natural, coherent English sentence.
696	27	Lamps are worrying these hopeful alumni.	Lamps are worrying this hopeful alumni.	-110.5	-110.5	-10.0625	-10.0625	False	False	morphology	determiner_noun_agreement	Write a natural, coherent English sentence.
697	27	A lot of eggplants bore these excited alumni.	A lot of eggplants bore this excited alumni.	-131.0	-131.0	-10.125	-10.125	False	False	morphology	determiner_noun_agreement	Write a natural, coherent English sentence.
698	27	A lot of teachers arrived at these old oases.	A lot of teachers arrived at this old oases.	-111.0	-111.0	-10.125	-10.125	False	False	morphology	determiner_noun_agreement	Write a natural, coherent English sentence.
699	27	Most sweaters hurt those happy people.	Most sweaters hurt that happy people.	-81.5	-82.0	-10.1875	-10.25	True	True	morphology	determiner_noun_agreement	Write a natural, coherent English sentence.
700	27	Tara scans those good analyses.	Tara scans that good analyses.	-92.0	-92.0	-10.25	-10.25	False	False	morphology	determiner_noun_agreement	Write a natural, coherent English sentence.
701	27	The man doesn't reference this out in the open woman.	The man doesn't reference these out in the open woman.	-132.0	-132.0	-10.125	-10.125	False	False	morphology	determiner_noun_agreement	Write a natural, coherent English sentence.
702	27	This cashier is leaving this employed person.	This cashier is leaving these employed person.	-91.0	-91.5	-10.125	-10.125	True	False	morphology	determiner_noun_agreement	Write a natural, coherent English sentence.
703	27	Bananas bother these clever alumni.	Bananas bother this clever alumni.	-90.5	-90.5	-10.0625	-10.0625	False	False	morphology	determiner_noun_agreement	Write a natural, coherent English sentence.
704	27	Some convertibles had worried those fast men.	Some convertibles had worried that fast men.	-92.0	-92.0	-10.25	-10.1875	False	False	morphology	determiner_noun_agreement	Write a natural, coherent English sentence.
705	27	Carl bored those nice women.	Carl bored that nice women.	-61.75	-62.0	-10.3125	-10.3125	True	False	morphology	determiner_noun_agreement	Write a natural, coherent English sentence.
706	27	These teachers explore these old oases.	These teachers explore this old oases.	-82.0	-82.0	-10.25	-10.25	False	False	morphology	determiner_noun_agreement	Write a natural, coherent English sentence.
707	27	Many waiters work with this scared child.	Many waiters work with these scared child.	-92.0	-92.5	-10.25	-10.25	True	False	morphology	determiner_noun_agreement	Write a natural, coherent English sentence.
708	27	Committees admire that smart child.	Committees admire those smart child.	-91.5	-91.5	-10.1875	-10.1875	False	False	morphology	determiner_noun_agreement	Write a natural, coherent English sentence.
709	27	Matt approaches this exposed child.	Matt approaches these exposed child.	-62.0	-62.0	-10.3125	-10.3125	False	False	morphology	determiner_noun_agreement	Write a natural, coherent English sentence.
710	27	Brian talks to this lucky man.	Brian talks to these lucky man.	-71.5	-71.5	-10.25	-10.25	False	False	morphology	determiner_noun_agreement	Write a natural, coherent English sentence.
711	27	A boy isn't talking about that red oasis.	A boy isn't talking about those red oasis.	-122.5	-122.0	-10.1875	-10.1875	False	False	morphology	determiner_noun_agreement	Write a natural, coherent English sentence.
712	27	Phillip bought those black feet.	Phillip bought that black feet.	-71.0	-71.0	-10.125	-10.1875	False	True	morphology	determiner_noun_agreement	Write a natural, coherent English sentence.
713	27	Eric isn't buying those brown geese.	Eric isn't buying that brown geese.	-102.0	-102.5	-10.1875	-10.25	True	True	morphology	determiner_noun_agreement	Write a natural, coherent English sentence.
714	27	Elaine remembers this delighted woman.	Elaine remembers these delighted woman.	-81.5	-81.5	-10.1875	-10.1875	False	False	morphology	determiner_noun_agreement	Write a natural, coherent English sentence.
715	27	This pedestrian arrives at that smooth oasis.	This pedestrian arrives at those smooth oasis.	-100.0	-100.0	-10.0	-10.0	False	False	morphology	determiner_noun_agreement	Write a natural, coherent English sentence.
716	27	Those men forget these smart men.	Those men forget this smart men.	-72.0	-72.0	-10.25	-10.3125	False	True	morphology	determiner_noun_agreement	Write a natural, coherent English sentence.
717	27	Tara might alarm this unsure person.	Tara might alarm these unsure person.	-92.5	-92.5	-10.3125	-10.3125	False	False	morphology	determiner_noun_agreement	Write a natural, coherent English sentence.
718	27	Vanessa was healing those purple geese.	Vanessa was healing that purple geese.	-91.5	-91.5	-10.1875	-10.1875	False	False	morphology	determiner_noun_agreement	Write a natural, coherent English sentence.
719	27	Steven hasn't questioned those troubled people.	Steven hasn't questioned that troubled people.	-102.0	-102.5	-10.25	-10.25	True	False	morphology	determiner_noun_agreement	Write a natural, coherent English sentence.
720	27	Thomas hides this clever woman.	Thomas hides these clever woman.	-72.0	-72.0	-10.25	-10.25	False	False	morphology	determiner_noun_agreement	Write a natural, coherent English sentence.
721	27	Most eyes confuse these content alumni.	Most eyes confuse this content alumni.	-102.5	-102.0	-10.25	-10.1875	False	False	morphology	determiner_noun_agreement	Write a natural, coherent English sentence.
722	27	That dog aggravates this busy child.	That dog aggravates these busy child.	-91.0	-91.0	-10.125	-10.0625	False	False	morphology	determiner_noun_agreement	Write a natural, coherent English sentence.
723	27	Karen has attacked this popular child.	Karen has attacked these popular child.	-72.0	-72.0	-10.3125	-10.3125	False	False	morphology	determiner_noun_agreement	Write a natural, coherent English sentence.
724	27	Heidi might confuse those displeased men.	Heidi might confuse that displeased men.	-111.5	-111.5	-10.125	-10.125	False	False	morphology	determiner_noun_agreement	Write a natural, coherent English sentence.
725	27	Maria kisses this bad person.	Maria kisses these bad person.	-71.0	-71.0	-10.1875	-10.1875	False	False	morphology	determiner_noun_agreement	Write a natural, coherent English sentence.
726	27	Tanya passes this purple oasis.	Tanya passes these purple oasis.	-81.5	-81.5	-10.1875	-10.1875	False	False	morphology	determiner_noun_agreement	Write a natural, coherent English sentence.
727	27	Marla has respected those delighted alumni.	Marla has respected that delighted alumni.	-102.5	-102.5	-10.25	-10.25	False	False	morphology	determiner_noun_agreement	Write a natural, coherent English sentence.
728	27	Paula is investigating this employed alumnus.	Paula is investigating these employed alumnus.	-111.0	-111.0	-10.125	-10.125	False	False	morphology	determiner_noun_agreement	Write a natural, coherent English sentence.
729	27	Most chairs aren't disgusting those serious women.	Most chairs aren't disgusting that serious women.	-112.0	-112.0	-10.1875	-10.1875	False	False	morphology	determiner_noun_agreement	Write a natural, coherent English sentence.
730	27	Men hadn't run around this purple oasis.	Men hadn't run around these purple oasis.	-112.0	-112.0	-10.1875	-10.1875	False	False	morphology	determiner_noun_agreement	Write a natural, coherent English sentence.
731	27	Tina hadn't arrived at those green oases.	Tina hadn't arrived at that green oases.	-122.0	-122.0	-10.1875	-10.1875	False	False	morphology	determiner_noun_agreement	Write a natural, coherent English sentence.
732	27	Karla knew this busy alumnus.	Karla knew these busy alumnus.	-91.5	-91.5	-10.1875	-10.1875	False	False	morphology	determiner_noun_agreement	Write a natural, coherent English sentence.
733	27	The actors care for these exposed people.	The actors care for this exposed people.	-82.0	-82.0	-10.25	-10.25	False	False	morphology	determiner_noun_agreement	Write a natural, coherent English sentence.
734	27	Michelle might alarm this employed man.	Michelle might alarm these employed man.	-72.0	-72.0	-10.3125	-10.3125	False	False	morphology	determiner_noun_agreement	Write a natural, coherent English sentence.
735	27	Maria hasn't walked through these hard oases.	Maria hasn't walked through this hard oases.	-112.0	-112.0	-10.1875	-10.1875	False	False	morphology	determiner_noun_agreement	Write a natural, coherent English sentence.
736	27	That report might disagree with those delighted men.	That report might disagree with that delighted men.	-91.0	-91.5	-10.125	-10.1875	True	True	morphology	determiner_noun_agreement	Write a natural, coherent English sentence.
737	27	Actresses discuss this popular person.	Actresses discuss these popular person.	-81.0	-81.0	-10.125	-10.125	False	False	morphology	determiner_noun_agreement	Write a natural, coherent English sentence.
738	27	Holly won't watch these unlucky men.	Holly won't watch this unlucky men.	-111.5	-112.0	-10.125	-10.1875	True	True	morphology	determiner_noun_agreement	Write a natural, coherent English sentence.
739	27	Carl was driving to those blue oases.	Carl was driving to that blue oases.	-91.5	-91.5	-10.1875	-10.1875	False	False	morphology	determiner_noun_agreement	Write a natural, coherent English sentence.
740	27	Bill passes that rough oasis.	Bill passes those rough oasis.	-71.5	-71.5	-10.25	-10.1875	False	False	morphology	determiner_noun_agreement	Write a natural, coherent English sentence.
741	27	All men praise this good thesis.	All men praise these good thesis.	-71.5	-72.0	-10.25	-10.25	True	False	morphology	determiner_noun_agreement	Write a natural, coherent English sentence.
742	27	Many doctors should escape from these hopeful women.	Many doctors should escape from this hopeful women.	-101.5	-101.0	-10.125	-10.125	False	False	morphology	determiner_noun_agreement	Write a natural, coherent English sentence.
743	27	Many girls find these nice men.	Many girls find this nice men.	-71.5	-71.5	-10.25	-10.25	False	False	morphology	determiner_noun_agreement	Write a natural, coherent English sentence.
744	27	Every museum helps those concealed children.	Every museum helps that concealed children.	-81.5	-82.0	-10.1875	-10.25	True	True	morphology	determiner_noun_agreement	Write a natural, coherent English sentence.
745	27	Marla was distracting these determined people.	Marla was distracting this determined people.	-92.0	-92.5	-10.25	-10.25	True	False	morphology	determiner_noun_agreement	Write a natural, coherent English sentence.
746	27	Those computers might confuse this nice child.	Those computers might confuse these nice child.	-92.0	-92.0	-10.1875	-10.1875	False	False	morphology	determiner_noun_agreement	Write a natural, coherent English sentence.
747	27	Tanya hasn't loved that content woman.	Tanya hasn't loved those content woman.	-102.5	-102.5	-10.25	-10.25	False	False	morphology	determiner_noun_agreement	Write a natural, coherent English sentence.
748	27	Theresa won't conceal those lost lice.	Theresa won't conceal that lost lice.	-122.0	-122.0	-10.1875	-10.1875	False	False	morphology	determiner_noun_agreement	Write a natural, coherent English sentence.
749	27	The Borgias do cure these out in the open octopi.	The Borgias do cure this out in the open octopi.	-153.0	-152.0	-10.1875	-10.125	False	False	morphology	determiner_noun_agreement	Write a natural, coherent English sentence.
750	27	Kenneth messed up those lost teeth.	Kenneth messed up that lost teeth.	-90.5	-90.5	-10.0625	-10.0625	False	False	morphology	determiner_noun_agreement	Write a natural, coherent English sentence.
751	27	Jodi doesn't alarm these unsure people.	Jodi doesn't alarm this unsure people.	-112.5	-113.0	-10.25	-10.25	True	False	morphology	determiner_noun_agreement	Write a natural, coherent English sentence.
752	27	This customer scans those good analyses.	This customer scans that good analyses.	-92.0	-92.0	-10.1875	-10.1875	False	False	morphology	determiner_noun_agreement	Write a natural, coherent English sentence.
753	27	Vincent can't watch this hopeful alumnus.	Vincent can't watch these hopeful alumnus.	-121.5	-121.5	-10.125	-10.125	False	False	morphology	determiner_noun_agreement	Write a natural, coherent English sentence.
754	27	Jodi talked to this unconvinced child.	Jodi talked to these unconvinced child.	-112.0	-112.0	-10.1875	-10.1875	False	False	morphology	determiner_noun_agreement	Write a natural, coherent English sentence.
755	27	Katherine exited these exposed oases.	Katherine exited this exposed oases.	-92.0	-92.0	-10.25	-10.1875	False	False	morphology	determiner_noun_agreement	Write a natural, coherent English sentence.
756	27	Beverly hasn't brought these rough fungi.	Beverly hasn't brought this rough fungi.	-112.0	-112.0	-10.1875	-10.1875	False	False	morphology	determiner_noun_agreement	Write a natural, coherent English sentence.
757	27	That unicycle is boring those standing children.	That unicycle is boring that standing children.	-101.0	-101.0	-10.0625	-10.0625	False	False	morphology	determiner_noun_agreement	Write a natural, coherent English sentence.
758	27	That boy can't escape from those unsure children.	That boy can't escape from that unsure children.	-122.0	-122.5	-10.1875	-10.1875	True	False	morphology	determiner_noun_agreement	Write a natural, coherent English sentence.
759	27	An adult bought these black axes.	An adult bought this black axes.	-81.5	-81.5	-10.1875	-10.1875	False	False	morphology	determiner_noun_agreement	Write a natural, coherent English sentence.
760	27	Sara isn't kissing this nice woman.	Sara isn't kissing these nice woman.	-102.0	-102.0	-10.1875	-10.1875	False	False	morphology	determiner_noun_agreement	Write a natural, coherent English sentence.
761	27	Robert couldn't embarrass those scared people.	Robert couldn't embarrass that scared people.	-92.5	-92.5	-10.25	-10.25	False	False	morphology	determiner_noun_agreement	Write a natural, coherent English sentence.
762	27	Deborah had fled from that important woman.	Deborah had fled from those important woman.	-101.0	-101.0	-10.125	-10.125	False	False	morphology	determiner_noun_agreement	Write a natural, coherent English sentence.
763	27	Brenda discussed that serious woman.	Brenda discussed those serious woman.	-72.0	-72.0	-10.3125	-10.25	False	False	morphology	determiner_noun_agreement	Write a natural, coherent English sentence.
764	27	Some women questioned that big woman.	Some women questioned those big woman.	-72.0	-72.0	-10.25	-10.3125	False	True	morphology	determiner_noun_agreement	Write a natural, coherent English sentence.
765	27	Rodney didn't kiss those displeased women.	Rodney didn't kiss that displeased women.	-120.5	-120.5	-10.0625	-10.0625	False	False	morphology	determiner_noun_agreement	Write a natural, coherent English sentence.
766	27	Carrie can help those lost alumni.	Carrie can help that lost alumni.	-101.0	-101.0	-10.0625	-10.125	False	True	morphology	determiner_noun_agreement	Write a natural, coherent English sentence.
767	27	Many guests approach this lucky man.	Many guests approach these lucky man.	-71.0	-71.5	-10.1875	-10.1875	True	False	morphology	determiner_noun_agreement	Write a natural, coherent English sentence.
768	27	Some student messes up that hard foot.	Some student messes up those hard foot.	-91.0	-91.0	-10.125	-10.125	False	False	morphology	determiner_noun_agreement	Write a natural, coherent English sentence.
769	27	Some men had skated around these hard oases.	Some men had skated around this hard oases.	-112.5	-112.5	-10.25	-10.25	False	False	morphology	determiner_noun_agreement	Write a natural, coherent English sentence.
770	27	Some light would annoy those happy alumni.	Some light would annoy that happy alumni.	-102.0	-102.0	-10.1875	-10.1875	False	False	morphology	determiner_noun_agreement	Write a natural, coherent English sentence.
771	27	Many casseroles shock these unconvinced men.	Many casseroles shock this unconvinced men.	-120.5	-120.5	-10.0625	-10.0625	False	False	morphology	determiner_noun_agreement	Write a natural, coherent English sentence.
772	27	Carl talks about those confident children.	Carl talks about that confident children.	-71.5	-71.5	-10.25	-10.25	False	False	morphology	determiner_noun_agreement	Write a natural, coherent English sentence.
773	27	Timothy was dropping by those new oases.	Timothy was dropping by that new oases.	-101.5	-101.0	-10.125	-10.125	False	False	morphology	determiner_noun_agreement	Write a natural, coherent English sentence.
774	27	Lori has approached these scared people.	Lori has approached this scared people.	-82.5	-82.5	-10.3125	-10.3125	False	False	morphology	determiner_noun_agreement	Write a natural, coherent English sentence.
775	27	Jodi wouldn't mess up those orange feet.	Jodi wouldn't mess up that orange feet.	-112.5	-112.5	-10.1875	-10.1875	False	False	morphology	determiner_noun_agreement	Write a natural, coherent English sentence.
776	27	This newspaper article will embarrass this determined child.	This newspaper article will embarrass these determined child.	-91.5	-91.5	-10.1875	-10.1875	False	False	morphology	determiner_noun_agreement	Write a natural, coherent English sentence.
777	27	A lot of guys conceal this long analysis.	A lot of guys conceal these long analysis.	-102.0	-102.0	-10.1875	-10.1875	False	False	morphology	determiner_noun_agreement	Write a natural, coherent English sentence.
778	27	Lawrence fired that serious woman.	Lawrence fired those serious woman.	-62.0	-62.25	-10.375	-10.375	True	False	morphology	determiner_noun_agreement	Write a natural, coherent English sentence.
779	27	This story didn't bore this serious man.	This story didn't bore these serious man.	-102.0	-102.0	-10.1875	-10.1875	False	False	morphology	determiner_noun_agreement	Write a natural, coherent English sentence.
780	27	Mary can't remember that clever person.	Mary can't remember those clever person.	-91.5	-91.5	-10.125	-10.1875	False	True	morphology	determiner_noun_agreement	Write a natural, coherent English sentence.
781	27	Marie could listen to that big woman.	Marie could listen to those big woman.	-82.0	-81.5	-10.25	-10.1875	False	False	morphology	determiner_noun_agreement	Write a natural, coherent English sentence.
782	27	Clyde had those exposed axes.	Clyde had that exposed axes.	-92.0	-92.0	-10.25	-10.25	False	False	morphology	determiner_noun_agreement	Write a natural, coherent English sentence.
783	27	Victoria has left these delighted men.	Victoria has left this delighted men.	-72.0	-72.0	-10.3125	-10.3125	False	False	morphology	determiner_noun_agreement	Write a natural, coherent English sentence.
784	27	The Impressionists disagree with those bad analyses.	The Impressionists disagree with that bad analyses.	-110.0	-110.5	-10.0	-10.0	True	False	morphology	determiner_noun_agreement	Write a natural, coherent English sentence.
785	27	Amy took that hidden fungus.	Amy took those hidden fungus.	-81.5	-81.5	-10.1875	-10.1875	False	False	morphology	determiner_noun_agreement	Write a natural, coherent English sentence.
786	27	Rose was fixing this hard foot.	Rose was fixing these hard foot.	-72.0	-72.0	-10.25	-10.25	False	False	morphology	determiner_noun_agreement	Write a natural, coherent English sentence.
787	27	Most dishes weren't astounding these scared men.	Most dishes weren't astounding this scared men.	-122.0	-122.0	-10.125	-10.125	False	False	morphology	determiner_noun_agreement	Write a natural, coherent English sentence.
788	27	The doctor sees those smooth cacti.	The doctor sees that smooth cacti.	-92.0	-92.0	-10.1875	-10.1875	False	False	morphology	determiner_noun_agreement	Write a natural, coherent English sentence.
789	27	Rodney hadn't cured these white octopi.	Rodney hadn't cured this white octopi.	-132.0	-132.0	-10.125	-10.125	False	False	morphology	determiner_noun_agreement	Write a natural, coherent English sentence.
790	27	This museum hadn't disgusted these troubled men.	This museum hadn't disgusted this troubled men.	-122.0	-122.0	-10.1875	-10.1875	False	False	morphology	determiner_noun_agreement	Write a natural, coherent English sentence.
791	27	Patrick complained about those scared men.	Patrick complained about that scared men.	-72.0	-72.0	-10.3125	-10.25	False	False	morphology	determiner_noun_agreement	Write a natural, coherent English sentence.
792	27	Jacqueline should stun these determined alumni.	Jacqueline should stun this determined alumni.	-121.5	-121.5	-10.125	-10.125	False	False	morphology	determiner_noun_agreement	Write a natural, coherent English sentence.
793	27	All apples worry this serious man.	All apples worry these serious man.	-81.0	-81.0	-10.125	-10.125	False	False	morphology	determiner_noun_agreement	Write a natural, coherent English sentence.
794	27	The drawing isn't scaring that old child.	The drawing isn't scaring those old child.	-112.0	-112.0	-10.1875	-10.1875	False	False	morphology	determiner_noun_agreement	Write a natural, coherent English sentence.
795	27	Veronica questioned this uncertain woman.	Veronica questioned these uncertain woman.	-81.0	-81.0	-10.125	-10.125	False	False	morphology	determiner_noun_agreement	Write a natural, coherent English sentence.
796	27	Vanessa hadn't known this determined alumnus.	Vanessa hadn't known these determined alumnus.	-121.0	-121.5	-10.125	-10.125	True	False	morphology	determiner_noun_agreement	Write a natural, coherent English sentence.
797	27	Cynthia hadn't kissed this unemployed man.	Cynthia hadn't kissed these unemployed man.	-131.0	-131.0	-10.0625	-10.0625	False	False	morphology	determiner_noun_agreement	Write a natural, coherent English sentence.
798	27	These companies irritate that exposed woman.	These companies irritate those exposed woman.	-82.0	-81.5	-10.25	-10.1875	False	False	morphology	determiner_noun_agreement	Write a natural, coherent English sentence.
799	27	This dancer wasn't biking to this orange oasis.	This dancer wasn't biking to these orange oasis.	-142.0	-142.0	-10.125	-10.1875	False	True	morphology	determiner_noun_agreement	Write a natural, coherent English sentence.
800	27	Those legislatures could disturb this upset alumnus.	Those legislatures could disturb these upset alumnus.	-112.0	-111.5	-10.1875	-10.125	False	False	morphology	determiner_noun_agreement	Write a natural, coherent English sentence.
801	27	Some adult hasn't hidden these ill men.	Some adult hasn't hidden this ill men.	-103.0	-103.0	-10.3125	-10.3125	False	False	morphology	determiner_noun_agreement	Write a natural, coherent English sentence.
802	27	A cashier should insult these hidden children.	A cashier should insult this hidden children.	-92.0	-92.0	-10.25	-10.25	False	False	morphology	determiner_noun_agreement	Write a natural, coherent English sentence.
803	27	Danielle could annoy that confident man.	Danielle could annoy those confident man.	-81.5	-81.5	-10.1875	-10.1875	False	False	morphology	determiner_noun_agreement	Write a natural, coherent English sentence.
804	27	These teachers lift this exposed goose.	These teachers lift these exposed goose.	-82.0	-82.0	-10.25	-10.25	False	False	morphology	determiner_noun_agreement	Write a natural, coherent English sentence.
805	27	Christina drove to that exposed oasis.	Christina drove to those exposed oasis.	-90.5	-91.0	-10.0625	-10.0625	True	False	morphology	determiner_noun_agreement	Write a natural, coherent English sentence.
806	27	Jesus hadn't sounded like these hidden people.	Jesus hadn't sounded like this hidden people.	-102.0	-101.5	-10.1875	-10.1875	False	False	morphology	determiner_noun_agreement	Write a natural, coherent English sentence.
807	27	Many mushrooms irritate that upset man.	Many mushrooms irritate those upset man.	-90.0	-90.0	-10.0	-10.0	False	False	morphology	determiner_noun_agreement	Write a natural, coherent English sentence.
808	27	Some committee bought those white lice.	Some committee bought that white lice.	-82.0	-82.0	-10.25	-10.25	False	False	morphology	determiner_noun_agreement	Write a natural, coherent English sentence.
809	27	Daniel hasn't known this determined man.	Daniel hasn't known these determined man.	-92.0	-92.0	-10.25	-10.25	False	False	morphology	determiner_noun_agreement	Write a natural, coherent English sentence.
810	27	Art hadn't scared these serious alumni.	Art hadn't scared this serious alumni.	-112.0	-112.0	-10.1875	-10.1875	False	False	morphology	determiner_noun_agreement	Write a natural, coherent English sentence.
811	27	Alice fires this unconvinced child.	Alice fires these unconvinced child.	-91.5	-91.5	-10.1875	-10.1875	False	False	morphology	determiner_noun_agreement	Write a natural, coherent English sentence.
812	27	Melanie hid that exposed tooth.	Melanie hid those exposed tooth.	-71.0	-71.0	-10.125	-10.125	False	False	morphology	determiner_noun_agreement	Write a natural, coherent English sentence.
813	27	Most hamsters find that red tooth.	Most hamsters find those red tooth.	-81.5	-81.0	-10.1875	-10.125	False	False	morphology	determiner_noun_agreement	Write a natural, coherent English sentence.
814	27	Those children explore those small oases.	Those children explore that small oases.	-81.5	-82.0	-10.1875	-10.25	True	True	morphology	determiner_noun_agreement	Write a natural, coherent English sentence.
815	27	Most museums listen to this troubled man.	Most museums listen to these troubled man.	-101.0	-100.5	-10.0625	-10.0625	False	False	morphology	determiner_noun_agreement	Write a natural, coherent English sentence.
816	27	Patrick embarrassed this unemployed person.	Patrick embarrassed these unemployed person.	-71.0	-71.0	-10.125	-10.125	False	False	morphology	determiner_noun_agreement	Write a natural, coherent English sentence.
817	27	A lot of icicles had alarmed that hidden woman.	A lot of icicles had alarmed those hidden woman.	-121.5	-122.0	-10.125	-10.125	True	False	morphology	determiner_noun_agreement	Write a natural, coherent English sentence.
818	27	Matt hadn't impressed this exposed child.	Matt hadn't impressed these exposed child.	-93.0	-93.0	-10.3125	-10.3125	False	False	morphology	determiner_noun_agreement	Write a natural, coherent English sentence.
819	27	Eric might see those new feet.	Eric might see that new feet.	-72.0	-72.0	-10.3125	-10.3125	False	False	morphology	determiner_noun_agreement	Write a natural, coherent English sentence.
820	27	Some turtle can confuse this old alumnus.	Some turtle can confuse these old alumnus.	-131.0	-131.0	-10.0625	-10.0625	False	False	morphology	determiner_noun_agreement	Write a natural, coherent English sentence.
821	27	Most guests explore these smooth oases.	Most guests explore this smooth oases.	-82.0	-82.0	-10.25	-10.25	False	False	morphology	determiner_noun_agreement	Write a natural, coherent English sentence.
822	27	Brian has praised that happy alumnus.	Brian has praised those happy alumnus.	-92.0	-92.0	-10.25	-10.1875	False	False	morphology	determiner_noun_agreement	Write a natural, coherent English sentence.
823	27	Karen sees these ill lice.	Karen sees this ill lice.	-72.0	-72.0	-10.3125	-10.3125	False	False	morphology	determiner_noun_agreement	Write a natural, coherent English sentence.
824	27	Alicia doesn't observe this confident alumnus.	Alicia doesn't observe these confident alumnus.	-131.0	-132.0	-10.125	-10.125	True	False	morphology	determiner_noun_agreement	Write a natural, coherent English sentence.
825	27	That horse does find this lost octopus.	That horse does find these lost octopus.	-101.5	-101.5	-10.125	-10.125	False	False	morphology	determiner_noun_agreement	Write a natural, coherent English sentence.
826	27	Those customers haven't annoyed those delighted children.	Those customers haven't annoyed that delighted children.	-111.0	-111.5	-10.125	-10.125	True	False	morphology	determiner_noun_agreement	Write a natural, coherent English sentence.
827	27	The Great Lakes confused these hidden women.	The Great Lakes confused this hidden women.	-92.5	-92.5	-10.25	-10.3125	False	True	morphology	determiner_noun_agreement	Write a natural, coherent English sentence.
828	27	Russell watches these unsure women.	Russell watches this unsure women.	-72.0	-72.0	-10.25	-10.3125	False	True	morphology	determiner_noun_agreement	Write a natural, coherent English sentence.
829	27	Jacqueline has concealed these long synopses.	Jacqueline has concealed this long synopses.	-121.0	-120.5	-10.0625	-10.0625	False	False	morphology	determiner_noun_agreement	Write a natural, coherent English sentence.
830	27	Carrie isn't hiring this small woman.	Carrie isn't hiring these small woman.	-102.5	-102.5	-10.25	-10.25	False	False	morphology	determiner_noun_agreement	Write a natural, coherent English sentence.
831	27	Charles doesn't admire these big mice.	Charles doesn't admire this big mice.	-112.0	-112.0	-10.1875	-10.1875	False	False	morphology	determiner_noun_agreement	Write a natural, coherent English sentence.
832	27	The Impressionists might think about that white thesis.	The Impressionists might think about those white thesis.	-110.5	-110.5	-10.0625	-10.0625	False	False	morphology	determiner_noun_agreement	Write a natural, coherent English sentence.
833	27	Most men question those bad people.	Most men question that bad people.	-72.5	-72.5	-10.3125	-10.375	False	True	morphology	determiner_noun_agreement	Write a natural, coherent English sentence.
834	27	Lissa hasn't left this upset woman.	Lissa hasn't left these upset woman.	-102.0	-102.5	-10.1875	-10.25	True	True	morphology	determiner_noun_agreement	Write a natural, coherent English sentence.
835	27	Janice won't fire that determined child.	Janice won't fire those determined child.	-102.5	-102.5	-10.25	-10.25	False	False	morphology	determiner_noun_agreement	Write a natural, coherent English sentence.
836	27	This company criticized this lucky man.	This company criticized these lucky man.	-81.0	-81.5	-10.125	-10.1875	True	True	morphology	determiner_noun_agreement	Write a natural, coherent English sentence.
837	27	The banks hurt that excited woman.	The banks hurt those excited woman.	-72.0	-72.0	-10.3125	-10.3125	False	False	morphology	determiner_noun_agreement	Write a natural, coherent English sentence.
838	27	Peter wasn't walking through those red oases.	Peter wasn't walking through that red oases.	-112.0	-112.0	-10.1875	-10.1875	False	False	morphology	determiner_noun_agreement	Write a natural, coherent English sentence.
839	27	Rebecca wasn't referencing this long synopsis.	Rebecca wasn't referencing these long synopsis.	-111.0	-111.5	-10.125	-10.125	True	False	morphology	determiner_noun_agreement	Write a natural, coherent English sentence.
840	27	Naomi notices this smooth octopus.	Naomi notices these smooth octopus.	-100.0	-100.0	-10.0	-10.0	False	False	morphology	determiner_noun_agreement	Write a natural, coherent English sentence.
841	27	Patrick conceals this hard stimulus.	Patrick conceals these hard stimulus.	-82.0	-81.5	-10.25	-10.1875	False	False	morphology	determiner_noun_agreement	Write a natural, coherent English sentence.
842	27	Candice shouldn't bring those smooth feet.	Candice shouldn't bring that smooth feet.	-102.0	-102.0	-10.1875	-10.1875	False	False	morphology	determiner_noun_agreement	Write a natural, coherent English sentence.
843	27	All books sound like those content women.	All books sound like that content women.	-82.0	-82.0	-10.25	-10.25	False	False	morphology	determiner_noun_agreement	Write a natural, coherent English sentence.
844	27	Bethany hasn't arrived at this white oasis.	Bethany hasn't arrived at these white oasis.	-121.0	-121.0	-10.0625	-10.0625	False	False	morphology	determiner_noun_agreement	Write a natural, coherent English sentence.
845	27	Steve reveals these unemployed alumni.	Steve reveals this unemployed alumni.	-91.0	-91.0	-10.125	-10.125	False	False	morphology	determiner_noun_agreement	Write a natural, coherent English sentence.
846	27	Sonia was upsetting that ill woman.	Sonia was upsetting those ill woman.	-91.5	-91.5	-10.125	-10.125	False	False	morphology	determiner_noun_agreement	Write a natural, coherent English sentence.
847	27	Keith wasn't boring these delighted men.	Keith wasn't boring this delighted men.	-93.0	-93.0	-10.3125	-10.3125	False	False	morphology	determiner_noun_agreement	Write a natural, coherent English sentence.
848	27	The Borgias admire these hard mice.	The Borgias admire this hard mice.	-112.5	-112.5	-10.1875	-10.25	False	True	morphology	determiner_noun_agreement	Write a natural, coherent English sentence.
849	27	These drivers had forgotten this good analysis.	These drivers had forgotten these good analysis.	-82.0	-82.0	-10.25	-10.25	False	False	morphology	determiner_noun_agreement	Write a natural, coherent English sentence.
850	27	Helen skates around this blue oasis.	Helen skates around these blue oasis.	-91.5	-91.5	-10.125	-10.1875	False	True	morphology	determiner_noun_agreement	Write a natural, coherent English sentence.
851	27	Galileo found that smooth stimulus.	Galileo found those smooth stimulus.	-89.5	-90.0	-9.9375	-10.0	True	True	morphology	determiner_noun_agreement	Write a natural, coherent English sentence.
852	27	Kimberley isn't curing these small octopi.	Kimberley isn't curing this small octopi.	-142.0	-142.0	-10.125	-10.125	False	False	morphology	determiner_noun_agreement	Write a natural, coherent English sentence.
853	27	Debra didn't conceal these popular men.	Debra didn't conceal this popular men.	-112.5	-112.5	-10.25	-10.25	False	False	morphology	determiner_noun_agreement	Write a natural, coherent English sentence.
854	27	A lot of doctors hug these scared children.	A lot of doctors hug this scared children.	-90.5	-91.0	-10.0625	-10.125	True	True	morphology	determiner_noun_agreement	Write a natural, coherent English sentence.
855	27	Those pedestrians weren't fleeing from these concealed men.	Those pedestrians weren't fleeing from this concealed men.	-151.0	-151.0	-10.0625	-10.0625	False	False	morphology	determiner_noun_agreement	Write a natural, coherent English sentence.
856	27	Those children find that exposed thesis.	Those children find those exposed thesis.	-71.5	-71.5	-10.1875	-10.1875	False	False	morphology	determiner_noun_agreement	Write a natural, coherent English sentence.
857	27	Debra admires these blue octopi.	Debra admires this blue octopi.	-101.0	-101.0	-10.125	-10.0625	False	False	morphology	determiner_noun_agreement	Write a natural, coherent English sentence.
858	27	Bruce wasn't approaching that clever alumnus.	Bruce wasn't approaching those clever alumnus.	-112.0	-112.0	-10.1875	-10.1875	False	False	morphology	determiner_noun_agreement	Write a natural, coherent English sentence.
859	27	Lawrence isn't questioning that nice woman.	Lawrence isn't questioning those nice woman.	-92.5	-93.0	-10.3125	-10.3125	True	False	morphology	determiner_noun_agreement	Write a natural, coherent English sentence.
860	27	Some waitresses have this big octopus.	Some waitresses have these big octopus.	-109.5	-109.5	-10.0	-9.9375	False	False	morphology	determiner_noun_agreement	Write a natural, coherent English sentence.
861	27	Carolyn had embarrassed that busy alumnus.	Carolyn had embarrassed those busy alumnus.	-101.5	-101.5	-10.1875	-10.1875	False	False	morphology	determiner_noun_agreement	Write a natural, coherent English sentence.
862	27	Jeffrey aggravated that smart man.	Jeffrey aggravated those smart man.	-90.5	-90.0	-10.0625	-10.0	False	False	morphology	determiner_noun_agreement	Write a natural, coherent English sentence.
863	27	Guy messed up this yellow foot.	Guy messed up these yellow foot.	-80.0	-80.0	-10.0	-10.0	False	False	morphology	determiner_noun_agreement	Write a natural, coherent English sentence.
864	27	Every book is embarrassing this small woman.	Every book is embarrassing these small woman.	-91.5	-91.5	-10.125	-10.125	False	False	morphology	determiner_noun_agreement	Write a natural, coherent English sentence.
865	27	These associations were talking about these scared women.	These associations were talking about this scared women.	-91.5	-91.5	-10.1875	-10.1875	False	False	morphology	determiner_noun_agreement	Write a natural, coherent English sentence.
866	27	Todd disturbs this upset child.	Todd disturbs these upset child.	-81.5	-82.0	-10.1875	-10.25	True	True	morphology	determiner_noun_agreement	Write a natural, coherent English sentence.
867	27	That window alarms these exposed women.	That window alarms this exposed women.	-82.0	-82.0	-10.25	-10.25	False	False	morphology	determiner_noun_agreement	Write a natural, coherent English sentence.
868	27	A window upsets these upset men.	A window upsets this upset men.	-82.0	-82.0	-10.25	-10.25	False	False	morphology	determiner_noun_agreement	Write a natural, coherent English sentence.
869	27	Monet is fixing that brown foot.	Monet is fixing those brown foot.	-82.0	-81.5	-10.25	-10.1875	False	False	morphology	determiner_noun_agreement	Write a natural, coherent English sentence.
870	27	Adam left these big alumni.	Adam left this big alumni.	-81.5	-81.5	-10.1875	-10.1875	False	False	morphology	determiner_noun_agreement	Write a natural, coherent English sentence.
871	27	Stacy can exit that big oasis.	Stacy can exit those big oasis.	-92.0	-92.0	-10.1875	-10.25	False	True	morphology	determiner_noun_agreement	Write a natural, coherent English sentence.
872	27	Roger was returning to those happy alumni.	Roger was returning to that happy alumni.	-101.0	-101.5	-10.125	-10.125	True	False	morphology	determiner_noun_agreement	Write a natural, coherent English sentence.
873	27	Dana isn't investigating this ill woman.	Dana isn't investigating these ill woman.	-112.0	-112.5	-10.1875	-10.1875	True	False	morphology	determiner_noun_agreement	Write a natural, coherent English sentence.
874	27	Tammy has those yellow axes.	Tammy has that yellow axes.	-81.0	-81.0	-10.125	-10.125	False	False	morphology	determiner_noun_agreement	Write a natural, coherent English sentence.
875	27	Marla leaves those employed children.	Marla leaves that employed children.	-72.0	-72.0	-10.3125	-10.3125	False	False	morphology	determiner_noun_agreement	Write a natural, coherent English sentence.
876	27	Sarah referenced that ill child.	Sarah referenced those ill child.	-71.0	-71.0	-10.1875	-10.1875	False	False	morphology	determiner_noun_agreement	Write a natural, coherent English sentence.
877	27	Edward complained about this serious child.	Edward complained about these serious child.	-71.5	-71.5	-10.25	-10.1875	False	False	morphology	determiner_noun_agreement	Write a natural, coherent English sentence.
878	27	Carolyn healed those bad women.	Carolyn healed that bad women.	-82.0	-82.0	-10.25	-10.25	False	False	morphology	determiner_noun_agreement	Write a natural, coherent English sentence.
879	27	The waitresses fired those upset alumni.	The waitresses fired that upset alumni.	-111.0	-111.0	-10.0625	-10.0625	False	False	morphology	determiner_noun_agreement	Write a natural, coherent English sentence.
880	27	Every driver dropped by that old oasis.	Every driver dropped by those old oasis.	-91.5	-92.0	-10.1875	-10.1875	True	False	morphology	determiner_noun_agreement	Write a natural, coherent English sentence.
881	27	William hadn't hugged these hopeful alumni.	William hadn't hugged this hopeful alumni.	-131.0	-131.0	-10.0625	-10.0625	False	False	morphology	determiner_noun_agreement	Write a natural, coherent English sentence.
882	27	The Lutherans had messed up those lost feet.	The Lutherans had messed up that lost feet.	-111.5	-111.5	-10.125	-10.125	False	False	morphology	determiner_noun_agreement	Write a natural, coherent English sentence.
883	27	Florence hasn't confused those standing men.	Florence hasn't confused that standing men.	-92.5	-92.5	-10.25	-10.3125	False	True	morphology	determiner_noun_agreement	Write a natural, coherent English sentence.
884	27	Some convertible upset this upset woman.	Some convertible upset these upset woman.	-81.5	-81.5	-10.1875	-10.1875	False	False	morphology	determiner_noun_agreement	Write a natural, coherent English sentence.
885	27	Rebecca saw this hidden foot.	Rebecca saw these hidden foot.	-61.5	-61.5	-10.25	-10.25	False	False	morphology	determiner_noun_agreement	Write a natural, coherent English sentence.
886	27	Derek returned to these content men.	Derek returned to this content men.	-82.0	-81.5	-10.25	-10.1875	False	False	morphology	determiner_noun_agreement	Write a natural, coherent English sentence.
887	27	Those teachers love those hidden women.	Those teachers love that hidden women.	-72.0	-72.5	-10.25	-10.375	True	True	morphology	determiner_noun_agreement	Write a natural, coherent English sentence.
888	27	Jennifer worried those ill men.	Jennifer worried that ill men.	-61.75	-61.75	-10.3125	-10.3125	False	False	morphology	determiner_noun_agreement	Write a natural, coherent English sentence.
889	27	A chair was stunning this big man.	A chair was stunning these big man.	-82.0	-82.0	-10.25	-10.25	False	False	morphology	determiner_noun_agreement	Write a natural, coherent English sentence.
890	27	Paintings looked like that gray thesis.	Paintings looked like those gray thesis.	-92.0	-92.0	-10.1875	-10.1875	False	False	morphology	determiner_noun_agreement	Write a natural, coherent English sentence.
891	27	Karla toured this rough oasis.	Karla toured these rough oasis.	-92.0	-92.0	-10.1875	-10.1875	False	False	morphology	determiner_noun_agreement	Write a natural, coherent English sentence.
892	27	Walter couldn't boycott those hidden oases.	Walter couldn't boycott that hidden oases.	-112.5	-112.5	-10.25	-10.25	False	False	morphology	determiner_noun_agreement	Write a natural, coherent English sentence.
893	27	Donald has worried this smart man.	Donald has worried these smart man.	-72.0	-72.0	-10.3125	-10.25	False	False	morphology	determiner_noun_agreement	Write a natural, coherent English sentence.
894	27	Catherine has boycotted those gray oases.	Catherine has boycotted that gray oases.	-102.5	-102.5	-10.25	-10.25	False	False	morphology	determiner_noun_agreement	Write a natural, coherent English sentence.
895	27	Nicole toured those yellow oases.	Nicole toured that yellow oases.	-82.0	-82.0	-10.25	-10.25	False	False	morphology	determiner_noun_agreement	Write a natural, coherent English sentence.
896	27	Barbara praises that young woman.	Barbara praises those young woman.	-71.5	-72.0	-10.25	-10.25	True	False	morphology	determiner_noun_agreement	Write a natural, coherent English sentence.
897	27	The apple aggravates those hopeful children.	The apple aggravates that hopeful children.	-99.5	-100.0	-9.9375	-10.0	True	True	morphology	determiner_noun_agreement	Write a natural, coherent English sentence.
898	27	All photographs could look like this big fungus.	All photographs could look like these big fungus.	-111.5	-111.5	-10.125	-10.125	False	False	morphology	determiner_noun_agreement	Write a natural, coherent English sentence.
899	27	Guys should talk about that good synopsis.	Guys should talk about those good synopsis.	-101.5	-101.0	-10.125	-10.125	False	False	morphology	determiner_noun_agreement	Write a natural, coherent English sentence.
900	27	Tracy discovered this concealed alumnus.	Tracy discovered these concealed alumnus.	-101.0	-101.5	-10.125	-10.1875	True	True	morphology	determiner_noun_agreement	Write a natural, coherent English sentence.
901	27	All actresses are helping this troubled man.	All actresses are helping these troubled man.	-100.0	-100.0	-10.0	-10.0	False	False	morphology	determiner_noun_agreement	Write a natural, coherent English sentence.
902	27	Douglas isn't revealing this dirty foot.	Douglas isn't revealing these dirty foot.	-92.5	-92.5	-10.3125	-10.3125	False	False	morphology	determiner_noun_agreement	Write a natural, coherent English sentence.
903	27	Most senators confuse that standing child.	Most senators confuse those standing child.	-92.5	-92.0	-10.25	-10.25	False	False	morphology	determiner_noun_agreement	Write a natural, coherent English sentence.
904	27	Those doctors embarrass that upset woman.	Those doctors embarrass those upset woman.	-72.0	-72.0	-10.25	-10.3125	False	True	morphology	determiner_noun_agreement	Write a natural, coherent English sentence.
905	27	A lot of customers were healing those sick men.	A lot of customers were healing that sick men.	-101.5	-101.5	-10.125	-10.125	False	False	morphology	determiner_noun_agreement	Write a natural, coherent English sentence.
906	27	Sabrina does conceal these old alumni.	Sabrina does conceal this old alumni.	-121.5	-121.5	-10.125	-10.125	False	False	morphology	determiner_noun_agreement	Write a natural, coherent English sentence.
907	27	Many girls can't observe those young alumni.	Many girls can't observe that young alumni.	-123.0	-123.0	-10.25	-10.25	False	False	morphology	determiner_noun_agreement	Write a natural, coherent English sentence.
908	27	The actresses hire that lucky man.	The actresses hire those lucky man.	-81.5	-81.5	-10.1875	-10.1875	False	False	morphology	determiner_noun_agreement	Write a natural, coherent English sentence.
909	27	Andrea is firing that scared child.	Andrea is firing those scared child.	-72.0	-72.0	-10.25	-10.3125	False	True	morphology	determiner_noun_agreement	Write a natural, coherent English sentence.
910	27	That dancer scanned that bad synopsis.	That dancer scanned those bad synopsis.	-102.0	-101.5	-10.1875	-10.1875	False	False	morphology	determiner_noun_agreement	Write a natural, coherent English sentence.
911	27	Daniel breaks these dirty teeth.	Daniel breaks this dirty teeth.	-61.5	-61.5	-10.25	-10.25	False	False	morphology	determiner_noun_agreement	Write a natural, coherent English sentence.
912	27	Students had messed up those purple teeth.	Students had messed up that purple teeth.	-91.5	-91.5	-10.1875	-10.1875	False	False	morphology	determiner_noun_agreement	Write a natural, coherent English sentence.
913	27	Becky boycotted those old oases.	Becky boycotted that old oases.	-102.0	-102.0	-10.1875	-10.1875	False	False	morphology	determiner_noun_agreement	Write a natural, coherent English sentence.
914	27	Florence talks to those good women.	Florence talks to that good women.	-72.0	-72.0	-10.3125	-10.3125	False	False	morphology	determiner_noun_agreement	Write a natural, coherent English sentence.
915	27	Carmen won't break this big foot.	Carmen won't break these big foot.	-102.0	-102.0	-10.1875	-10.25	False	True	morphology	determiner_noun_agreement	Write a natural, coherent English sentence.
916	27	Stephen fired those employed men.	Stephen fired that employed men.	-62.0	-62.0	-10.3125	-10.3125	False	False	morphology	determiner_noun_agreement	Write a natural, coherent English sentence.
917	27	Many governments confuse this sick woman.	Many governments confuse these sick woman.	-82.0	-82.5	-10.25	-10.3125	True	True	morphology	determiner_noun_agreement	Write a natural, coherent English sentence.
918	27	Heidi healed this troubled child.	Heidi healed these troubled child.	-91.0	-91.0	-10.125	-10.125	False	False	morphology	determiner_noun_agreement	Write a natural, coherent English sentence.
919	27	Daniel questions these employed alumni.	Daniel questions this employed alumni.	-81.5	-81.5	-10.1875	-10.1875	False	False	morphology	determiner_noun_agreement	Write a natural, coherent English sentence.
920	27	People admire these yellow oxen.	People admire this yellow oxen.	-81.0	-81.0	-10.125	-10.125	False	False	morphology	determiner_noun_agreement	Write a natural, coherent English sentence.
921	27	Those adults embarrasses this displeased woman.	Those adults embarrasses these displeased woman.	-101.0	-101.5	-10.125	-10.125	True	False	morphology	determiner_noun_agreement	Write a natural, coherent English sentence.
922	27	Winston Churchill notices these big nuclei.	Winston Churchill notices this big nuclei.	-110.5	-110.5	-10.0625	-10.0	False	False	morphology	determiner_noun_agreement	Write a natural, coherent English sentence.
923	27	All women hide those concealed nuclei.	All women hide that concealed nuclei.	-92.0	-92.0	-10.25	-10.25	False	False	morphology	determiner_noun_agreement	Write a natural, coherent English sentence.
924	27	Charles was escaping from those lucky men.	Charles was escaping from that lucky men.	-91.0	-91.5	-10.125	-10.1875	True	True	morphology	determiner_noun_agreement	Write a natural, coherent English sentence.
925	27	Paul doesn't insult this happy woman.	Paul doesn't insult these happy woman.	-92.0	-92.5	-10.25	-10.25	True	False	morphology	determiner_noun_agreement	Write a natural, coherent English sentence.
926	27	Galileo isn't scanning this brown thesis.	Galileo isn't scanning these brown thesis.	-121.0	-121.5	-10.125	-10.125	True	False	morphology	determiner_noun_agreement	Write a natural, coherent English sentence.
927	27	The newspaper article doesn't annoy that exposed man.	The newspaper article doesn't annoy those exposed man.	-112.0	-111.5	-10.1875	-10.125	False	False	morphology	determiner_noun_agreement	Write a natural, coherent English sentence.
928	27	Carmen noticed these gray cacti.	Carmen noticed this gray cacti.	-91.5	-91.0	-10.125	-10.125	False	False	morphology	determiner_noun_agreement	Write a natural, coherent English sentence.
929	27	Teresa approaches this upset man.	Teresa approaches these upset man.	-71.0	-71.0	-10.125	-10.1875	False	True	morphology	determiner_noun_agreement	Write a natural, coherent English sentence.
930	27	April was revealing this hidden woman.	April was revealing these hidden woman.	-71.5	-71.5	-10.1875	-10.1875	False	False	morphology	determiner_noun_agreement	Write a natural, coherent English sentence.
931	27	Michael has loved these scared men.	Michael has loved this scared men.	-72.0	-72.0	-10.25	-10.3125	False	True	morphology	determiner_noun_agreement	Write a natural, coherent English sentence.
932	27	Joseph hadn't bought those hard lice.	Joseph hadn't bought that hard lice.	-102.5	-102.5	-10.25	-10.25	False	False	morphology	determiner_noun_agreement	Write a natural, coherent English sentence.
933	27	Larry did drive to this out in the open oasis.	Larry did drive to these out in the open oasis.	-122.0	-122.0	-10.1875	-10.1875	False	False	morphology	determiner_noun_agreement	Write a natural, coherent English sentence.
934	27	Lisa hasn't driven to that new oasis.	Lisa hasn't driven to those new oasis.	-111.0	-111.5	-10.0625	-10.125	True	True	morphology	determiner_noun_agreement	Write a natural, coherent English sentence.
935	27	Steve scanned this good synopsis.	Steve scanned these good synopsis.	-81.0	-81.0	-10.125	-10.125	False	False	morphology	determiner_noun_agreement	Write a natural, coherent English sentence.
936	27	The Lutherans care for those hopeful men.	The Lutherans care for that hopeful men.	-101.0	-101.5	-10.125	-10.1875	True	True	morphology	determiner_noun_agreement	Write a natural, coherent English sentence.
937	27	Christine bikes to these orange oases.	Christine bikes to this orange oases.	-101.0	-101.0	-10.125	-10.0625	False	False	morphology	determiner_noun_agreement	Write a natural, coherent English sentence.
938	27	Most actors distracted this popular woman.	Most actors distracted these popular woman.	-82.0	-82.0	-10.25	-10.25	False	False	morphology	determiner_noun_agreement	Write a natural, coherent English sentence.
939	27	Emily should observe those displeased men.	Emily should observe that displeased men.	-91.5	-91.5	-10.1875	-10.1875	False	False	morphology	determiner_noun_agreement	Write a natural, coherent English sentence.
940	27	The drivers do sell this green thesis.	The drivers do sell these green thesis.	-82.0	-82.0	-10.25	-10.25	False	False	morphology	determiner_noun_agreement	Write a natural, coherent English sentence.
941	27	Most drivers love these unemployed men.	Most drivers love this unemployed men.	-81.0	-81.5	-10.125	-10.1875	True	True	morphology	determiner_noun_agreement	Write a natural, coherent English sentence.
942	27	Those doctors care for this hopeful man.	Those doctors care for these hopeful man.	-90.0	-90.5	-10.0	-10.0625	True	True	morphology	determiner_noun_agreement	Write a natural, coherent English sentence.
943	27	Brad kisses that displeased man.	Brad kisses those displeased man.	-91.0	-91.0	-10.125	-10.125	False	False	morphology	determiner_noun_agreement	Write a natural, coherent English sentence.
944	27	Danielle had argued about those troubled men.	Danielle had argued about that troubled men.	-101.5	-102.0	-10.1875	-10.1875	True	False	morphology	determiner_noun_agreement	Write a natural, coherent English sentence.
945	27	An actor is disgusting those unsure men.	An actor is disgusting that unsure men.	-101.5	-102.0	-10.1875	-10.1875	True	False	morphology	determiner_noun_agreement	Write a natural, coherent English sentence.
946	27	Galileo didn't hurt those displeased children.	Galileo didn't hurt that displeased children.	-130.0	-131.0	-10.0	-10.0625	True	True	morphology	determiner_noun_agreement	Write a natural, coherent English sentence.
947	27	Omar messed up these small teeth.	Omar messed up this small teeth.	-90.5	-91.0	-10.0625	-10.0625	True	False	morphology	determiner_noun_agreement	Write a natural, coherent English sentence.
948	27	Carmen will watch this smart person.	Carmen will watch these smart person.	-81.5	-81.5	-10.1875	-10.1875	False	False	morphology	determiner_noun_agreement	Write a natural, coherent English sentence.
949	27	Jeffrey hid that unlucky child.	Jeffrey hid those unlucky child.	-91.5	-91.0	-10.125	-10.125	False	False	morphology	determiner_noun_agreement	Write a natural, coherent English sentence.
950	27	Every plane bothers this upset child.	Every plane bothers these upset child.	-81.0	-81.0	-10.125	-10.125	False	False	morphology	determiner_noun_agreement	Write a natural, coherent English sentence.
951	27	A lot of hospitals have those blue teeth.	A lot of hospitals have that blue teeth.	-91.0	-91.0	-10.125	-10.125	False	False	morphology	determiner_noun_agreement	Write a natural, coherent English sentence.
952	27	Nancy wasn't disturbing that clever man.	Nancy wasn't disturbing those clever man.	-102.0	-101.5	-10.1875	-10.1875	False	False	morphology	determiner_noun_agreement	Write a natural, coherent English sentence.
953	27	These ladies bought that white tooth.	These ladies bought those white tooth.	-71.5	-71.5	-10.25	-10.25	False	False	morphology	determiner_noun_agreement	Write a natural, coherent English sentence.
954	27	Every skirt annoys that confident person.	Every skirt annoys those confident person.	-91.5	-92.0	-10.1875	-10.1875	True	False	morphology	determiner_noun_agreement	Write a natural, coherent English sentence.
955	27	These actors weren't biking to these red oases.	These actors weren't biking to this red oases.	-132.0	-132.0	-10.1875	-10.125	False	False	morphology	determiner_noun_agreement	Write a natural, coherent English sentence.
956	27	Carmen has described those confident people.	Carmen has described that confident people.	-82.0	-82.0	-10.25	-10.25	False	False	morphology	determiner_noun_agreement	Write a natural, coherent English sentence.
957	27	All legislatures criticize that brown oasis.	All legislatures criticize those brown oasis.	-101.5	-101.0	-10.125	-10.125	False	False	morphology	determiner_noun_agreement	Write a natural, coherent English sentence.
958	27	Paula works with that clever person.	Paula works with those clever person.	-82.0	-82.0	-10.25	-10.25	False	False	morphology	determiner_noun_agreement	Write a natural, coherent English sentence.
959	27	Benjamin respects those confident children.	Benjamin respects that confident children.	-71.5	-72.0	-10.1875	-10.25	True	True	morphology	determiner_noun_agreement	Write a natural, coherent English sentence.
960	27	Mitchell attacked these unsure alumni.	Mitchell attacked this unsure alumni.	-91.5	-91.5	-10.1875	-10.1875	False	False	morphology	determiner_noun_agreement	Write a natural, coherent English sentence.
961	27	The Lutherans hadn't cleaned these broken teeth.	The Lutherans hadn't cleaned this broken teeth.	-111.5	-112.0	-10.125	-10.1875	True	True	morphology	determiner_noun_agreement	Write a natural, coherent English sentence.
962	27	A lot of children observe that young child.	A lot of children observe those young child.	-91.0	-91.0	-10.125	-10.125	False	False	morphology	determiner_noun_agreement	Write a natural, coherent English sentence.
963	27	Gary hadn't sounded like this out in the open oasis.	Gary hadn't sounded like these out in the open oasis.	-141.0	-142.0	-10.125	-10.125	True	False	morphology	determiner_noun_agreement	Write a natural, coherent English sentence.
964	27	That fish annoyed this serious alumnus.	That fish annoyed these serious alumnus.	-101.0	-101.0	-10.0625	-10.0625	False	False	morphology	determiner_noun_agreement	Write a natural, coherent English sentence.
965	27	Spotlights worry those standing people.	Spotlights worry that standing people.	-71.5	-71.5	-10.1875	-10.25	False	True	morphology	determiner_noun_agreement	Write a natural, coherent English sentence.
966	27	Rodney returned to these content alumni.	Rodney returned to this content alumni.	-101.0	-101.0	-10.0625	-10.0625	False	False	morphology	determiner_noun_agreement	Write a natural, coherent English sentence.
967	27	Bruce references this unemployed child.	Bruce references these unemployed child.	-71.5	-71.0	-10.1875	-10.1875	False	False	morphology	determiner_noun_agreement	Write a natural, coherent English sentence.
968	27	Many museums criticize this bad analysis.	Many museums criticize these bad analysis.	-91.0	-91.0	-10.0625	-10.125	False	True	morphology	determiner_noun_agreement	Write a natural, coherent English sentence.
969	27	Danielle knows that concealed man.	Danielle knows those concealed man.	-81.5	-81.5	-10.1875	-10.1875	False	False	morphology	determiner_noun_agreement	Write a natural, coherent English sentence.
970	27	Katherine sells that smooth oasis.	Katherine sells those smooth oasis.	-91.0	-91.0	-10.125	-10.125	False	False	morphology	determiner_noun_agreement	Write a natural, coherent English sentence.
971	27	Meredith hadn't scared these clever people.	Meredith hadn't scared this clever people.	-112.0	-112.0	-10.1875	-10.1875	False	False	morphology	determiner_noun_agreement	Write a natural, coherent English sentence.
972	27	Walter biked to these gray oases.	Walter biked to this gray oases.	-101.5	-101.5	-10.1875	-10.125	False	False	morphology	determiner_noun_agreement	Write a natural, coherent English sentence.
973	27	Phillip has investigated this unemployed man.	Phillip has investigated these unemployed man.	-91.0	-91.0	-10.125	-10.125	False	False	morphology	determiner_noun_agreement	Write a natural, coherent English sentence.
974	27	Alice knows that ill woman.	Alice knows those ill woman.	-61.5	-62.0	-10.25	-10.3125	True	True	morphology	determiner_noun_agreement	Write a natural, coherent English sentence.
975	27	Daniel bothered that unemployed alumnus.	Daniel bothered those unemployed alumnus.	-90.5	-90.5	-10.0625	-10.0625	False	False	morphology	determiner_noun_agreement	Write a natural, coherent English sentence.
976	27	Some children notice this black thesis.	Some children notice these black thesis.	-71.5	-72.0	-10.25	-10.25	True	False	morphology	determiner_noun_agreement	Write a natural, coherent English sentence.
977	27	George has alarmed these unemployed children.	George has alarmed this unemployed children.	-91.0	-91.5	-10.125	-10.1875	True	True	morphology	determiner_noun_agreement	Write a natural, coherent English sentence.
978	27	Sarah won't drive to this concealed oasis.	Sarah won't drive to these concealed oasis.	-121.5	-122.0	-10.125	-10.1875	True	True	morphology	determiner_noun_agreement	Write a natural, coherent English sentence.
979	27	Grace arrived at those small oases.	Grace arrived at that small oases.	-81.5	-81.0	-10.1875	-10.125	False	False	morphology	determiner_noun_agreement	Write a natural, coherent English sentence.
980	27	David kisses that lucky man.	David kisses those lucky man.	-71.0	-71.0	-10.125	-10.125	False	False	morphology	determiner_noun_agreement	Write a natural, coherent English sentence.
981	27	Laura isn't lifting this smooth axis.	Laura isn't lifting these smooth axis.	-92.5	-92.5	-10.25	-10.3125	False	True	morphology	determiner_noun_agreement	Write a natural, coherent English sentence.
982	27	Mark embarrassed these confident children.	Mark embarrassed this confident children.	-61.5	-61.75	-10.25	-10.3125	True	True	morphology	determiner_noun_agreement	Write a natural, coherent English sentence.
983	27	Patients bothers this employed man.	Patients bothers these employed man.	-81.0	-81.0	-10.125	-10.125	False	False	morphology	determiner_noun_agreement	Write a natural, coherent English sentence.
984	27	Christopher has criticized this bad synopsis.	Christopher has criticized these bad synopsis.	-91.0	-91.0	-10.125	-10.125	False	False	morphology	determiner_noun_agreement	Write a natural, coherent English sentence.
985	27	Todd hadn't gone to this cheap oasis.	Todd hadn't gone to these cheap oasis.	-112.0	-112.0	-10.1875	-10.1875	False	False	morphology	determiner_noun_agreement	Write a natural, coherent English sentence.
986	27	Becca does investigate this lucky alumnus.	Becca does investigate these lucky alumnus.	-101.5	-101.5	-10.125	-10.125	False	False	morphology	determiner_noun_agreement	Write a natural, coherent English sentence.
987	27	Sabrina visits those fast women.	Sabrina visits that fast women.	-81.0	-81.0	-10.125	-10.125	False	False	morphology	determiner_noun_agreement	Write a natural, coherent English sentence.
988	27	Janet knew those unconvinced children.	Janet knew that unconvinced children.	-102.0	-101.5	-10.1875	-10.125	False	False	morphology	determiner_noun_agreement	Write a natural, coherent English sentence.
989	27	Christine hated this young man.	Christine hated these young man.	-71.5	-71.5	-10.25	-10.25	False	False	morphology	determiner_noun_agreement	Write a natural, coherent English sentence.
990	27	Chad hadn't complained about these big oases.	Chad hadn't complained about this big oases.	-122.5	-122.5	-10.1875	-10.1875	False	False	morphology	determiner_noun_agreement	Write a natural, coherent English sentence.
991	27	Many bikes stun that nice man.	Many bikes stun those nice man.	-92.5	-92.5	-10.25	-10.25	False	False	morphology	determiner_noun_agreement	Write a natural, coherent English sentence.
992	27	William hasn't investigated these fast men.	William hasn't investigated this fast men.	-92.5	-92.0	-10.25	-10.25	False	False	morphology	determiner_noun_agreement	Write a natural, coherent English sentence.
993	27	Kristin couldn't research these smooth oases.	Kristin couldn't research this smooth oases.	-112.5	-112.5	-10.25	-10.25	False	False	morphology	determiner_noun_agreement	Write a natural, coherent English sentence.
994	27	Travis arrives at these old oases.	Travis arrives at this old oases.	-91.5	-91.0	-10.1875	-10.125	False	False	morphology	determiner_noun_agreement	Write a natural, coherent English sentence.
995	27	Many boys drive to this yellow oasis.	Many boys drive to these yellow oasis.	-92.0	-92.0	-10.1875	-10.25	False	True	morphology	determiner_noun_agreement	Write a natural, coherent English sentence.
996	27	Danielle won't heal those unlucky people.	Danielle won't heal that unlucky people.	-122.0	-122.5	-10.1875	-10.1875	True	False	morphology	determiner_noun_agreement	Write a natural, coherent English sentence.
997	27	Sabrina wouldn't go to that new oasis.	Sabrina wouldn't go to those new oasis.	-131.0	-131.0	-10.0625	-10.0625	False	False	morphology	determiner_noun_agreement	Write a natural, coherent English sentence.
998	27	This movie theater annoys these lucky alumni.	This movie theater annoys this lucky alumni.	-122.0	-122.0	-10.125	-10.125	False	False	morphology	determiner_noun_agreement	Write a natural, coherent English sentence.
999	27	Stacy doesn't appreciate that out in the open woman.	Stacy doesn't appreciate those out in the open woman.	-132.0	-132.0	-10.125	-10.1875	False	True	morphology	determiner_noun_agreement	Write a natural, coherent English sentence.
0	28	Alexander didn't walk through that new oasis.	Alexander didn't walk through those new oasis.	-111.5	-111.5	-10.125	-10.125	False	False	morphology	determiner_noun_agreement	Write a natural, coherent English sentence.
1	28	This hair irritates these old alumni.	This hair irritates this old alumni.	-101.0	-100.5	-10.0625	-10.0625	False	False	morphology	determiner_noun_agreement	Write a natural, coherent English sentence.
2	28	Winston Churchill was escaping from this serious person.	Winston Churchill was escaping from these serious person.	-120.0	-120.0	-10.0	-10.0	False	False	morphology	determiner_noun_agreement	Write a natural, coherent English sentence.
3	28	Anna walks through these purple oases.	Anna walks through this purple oases.	-81.0	-80.5	-10.125	-10.0625	False	False	morphology	determiner_noun_agreement	Write a natural, coherent English sentence.
4	28	Alicia sounded like this good analysis.	Alicia sounded like these good analysis.	-91.0	-91.5	-10.125	-10.125	True	False	morphology	determiner_noun_agreement	Write a natural, coherent English sentence.
5	28	Jeffrey might complain about this gray thesis.	Jeffrey might complain about these gray thesis.	-90.0	-90.0	-10.0	-10.0	False	False	morphology	determiner_noun_agreement	Write a natural, coherent English sentence.
6	28	Meredith approaches these concealed women.	Meredith approaches this concealed women.	-91.0	-91.0	-10.0625	-10.0625	False	False	morphology	determiner_noun_agreement	Write a natural, coherent English sentence.
7	28	Julia questioned those small children.	Julia questioned that small children.	-61.75	-62.0	-10.3125	-10.3125	True	False	morphology	determiner_noun_agreement	Write a natural, coherent English sentence.
8	28	That adult has brought that purple octopus.	That adult has brought those purple octopus.	-100.5	-100.5	-10.0625	-10.0625	False	False	morphology	determiner_noun_agreement	Write a natural, coherent English sentence.
9	28	The people hug this displeased woman.	The people hug these displeased woman.	-90.5	-91.0	-10.0625	-10.125	True	True	morphology	determiner_noun_agreement	Write a natural, coherent English sentence.
10	28	That beef did bore these displeased people.	That beef did bore this displeased people.	-101.5	-101.5	-10.1875	-10.1875	False	False	morphology	determiner_noun_agreement	Write a natural, coherent English sentence.
11	28	These libraries talk about these long synopses.	These libraries talk about this long synopses.	-100.5	-100.5	-10.0625	-10.0	False	False	morphology	determiner_noun_agreement	Write a natural, coherent English sentence.
12	28	Lori wasn't hiring those delighted men.	Lori wasn't hiring that delighted men.	-102.5	-103.0	-10.25	-10.25	True	False	morphology	determiner_noun_agreement	Write a natural, coherent English sentence.
13	28	The teachers are running around this concealed oasis.	The teachers are running around these concealed oasis.	-111.0	-111.0	-10.125	-10.125	False	False	morphology	determiner_noun_agreement	Write a natural, coherent English sentence.
14	28	Those bananas embarrass these delighted people.	Those bananas embarrass this delighted people.	-81.0	-81.0	-10.125	-10.125	False	False	morphology	determiner_noun_agreement	Write a natural, coherent English sentence.
15	28	Mitchell brought those green oases.	Mitchell brought that green oases.	-71.5	-71.5	-10.25	-10.25	False	False	morphology	determiner_noun_agreement	Write a natural, coherent English sentence.
16	28	The actresses complain about this rough thesis.	The actresses complain about these rough thesis.	-91.0	-91.0	-10.125	-10.125	False	False	morphology	determiner_noun_agreement	Write a natural, coherent English sentence.
17	28	Russell investigates these fast women.	Russell investigates this fast women.	-71.0	-71.0	-10.1875	-10.1875	False	False	morphology	determiner_noun_agreement	Write a natural, coherent English sentence.
18	28	Irene praised those bad synopses.	Irene praised that bad synopses.	-91.5	-91.5	-10.125	-10.1875	False	True	morphology	determiner_noun_agreement	Write a natural, coherent English sentence.
19	28	Denise did confuse that important woman.	Denise did confuse those important woman.	-91.0	-91.5	-10.125	-10.1875	True	True	morphology	determiner_noun_agreement	Write a natural, coherent English sentence.
20	28	Some patients dislike those nice women.	Some patients dislike that nice women.	-81.5	-81.5	-10.1875	-10.1875	False	False	morphology	determiner_noun_agreement	Write a natural, coherent English sentence.
21	28	Amelia wasn't observing this hopeful man.	Amelia wasn't observing these hopeful man.	-120.5	-120.0	-10.0	-10.0	False	False	morphology	determiner_noun_agreement	Write a natural, coherent English sentence.
22	28	Grace is hugging these popular women.	Grace is hugging this popular women.	-80.5	-81.0	-10.0625	-10.125	True	True	morphology	determiner_noun_agreement	Write a natural, coherent English sentence.
23	28	Julia might describe this long synopsis.	Julia might describe these long synopsis.	-81.0	-81.5	-10.125	-10.1875	True	True	morphology	determiner_noun_agreement	Write a natural, coherent English sentence.
24	28	Many pedestrians do return to these happy men.	Many pedestrians do return to this happy men.	-111.5	-111.5	-10.125	-10.125	False	False	morphology	determiner_noun_agreement	Write a natural, coherent English sentence.
25	28	Laura noticed that determined man.	Laura noticed those determined man.	-61.0	-61.5	-10.1875	-10.25	True	True	morphology	determiner_noun_agreement	Write a natural, coherent English sentence.
26	28	Julie would pass those red oases.	Julie would pass that red oases.	-82.0	-82.0	-10.25	-10.25	False	False	morphology	determiner_noun_agreement	Write a natural, coherent English sentence.
27	28	These doctors boast about this out in the open child.	These doctors boast about these out in the open child.	-120.5	-121.0	-10.0625	-10.0625	True	False	morphology	determiner_noun_agreement	Write a natural, coherent English sentence.
28	28	Stephen isn't revealing this brown nucleus.	Stephen isn't revealing these brown nucleus.	-102.0	-102.0	-10.1875	-10.25	False	True	morphology	determiner_noun_agreement	Write a natural, coherent English sentence.
29	28	Travel stuns that sick child.	Travel stuns those sick child.	-72.0	-72.0	-10.25	-10.25	False	False	morphology	determiner_noun_agreement	Write a natural, coherent English sentence.
30	28	Amelia healed that unemployed woman.	Amelia healed those unemployed woman.	-90.5	-90.5	-10.0625	-10.0625	False	False	morphology	determiner_noun_agreement	Write a natural, coherent English sentence.
31	28	Noah attacks that ill child.	Noah attacks those ill child.	-61.5	-61.75	-10.25	-10.3125	True	True	morphology	determiner_noun_agreement	Write a natural, coherent English sentence.
32	28	Randolf buys those gray fungi.	Randolf buys that gray fungi.	-91.5	-91.5	-10.125	-10.125	False	False	morphology	determiner_noun_agreement	Write a natural, coherent English sentence.
33	28	Some pedestrians disagreed with this big woman.	Some pedestrians disagreed with these big woman.	-110.5	-110.5	-10.0625	-10.0625	False	False	morphology	determiner_noun_agreement	Write a natural, coherent English sentence.
34	28	Adam might sound like these determined children.	Adam might sound like this determined children.	-82.0	-82.0	-10.25	-10.25	False	False	morphology	determiner_noun_agreement	Write a natural, coherent English sentence.
35	28	Bill has stunned this confident man.	Bill has stunned these confident man.	-82.0	-82.0	-10.25	-10.25	False	False	morphology	determiner_noun_agreement	Write a natural, coherent English sentence.
36	28	Rhonda should see these blue oases.	Rhonda should see this blue oases.	-91.0	-91.5	-10.125	-10.1875	True	True	morphology	determiner_noun_agreement	Write a natural, coherent English sentence.
37	28	Stephen cares for that out in the open alumnus.	Stephen cares for those out in the open alumnus.	-122.0	-121.5	-10.1875	-10.125	False	False	morphology	determiner_noun_agreement	Write a natural, coherent English sentence.
38	28	Cheryl has bought this green oasis.	Cheryl has bought these green oasis.	-90.5	-91.0	-10.0625	-10.0625	True	False	morphology	determiner_noun_agreement	Write a natural, coherent English sentence.
39	28	Every door annoyed this lucky child.	Every door annoyed these lucky child.	-81.0	-81.0	-10.125	-10.125	False	False	morphology	determiner_noun_agreement	Write a natural, coherent English sentence.
40	28	Gerald cures that unlucky child.	Gerald cures those unlucky child.	-101.0	-100.5	-10.0625	-10.0625	False	False	morphology	determiner_noun_agreement	Write a natural, coherent English sentence.
41	28	Eyes weren't worrying this troubled child.	Eyes weren't worrying these troubled child.	-111.5	-111.5	-10.125	-10.125	False	False	morphology	determiner_noun_agreement	Write a natural, coherent English sentence.
42	28	Michael isn't referencing this long synopsis.	Michael isn't referencing these long synopsis.	-111.0	-111.0	-10.0625	-10.125	False	True	morphology	determiner_noun_agreement	Write a natural, coherent English sentence.
43	28	Robert insults this serious man.	Robert insults these serious man.	-71.0	-71.0	-10.1875	-10.1875	False	False	morphology	determiner_noun_agreement	Write a natural, coherent English sentence.
44	28	Waitresses describe that smart alumnus.	Waitresses describe those smart alumnus.	-100.0	-100.5	-10.0	-10.0625	True	True	morphology	determiner_noun_agreement	Write a natural, coherent English sentence.
45	28	Dan doesn't respect this unemployed alumnus.	Dan doesn't respect these unemployed alumnus.	-121.0	-121.0	-10.0625	-10.0625	False	False	morphology	determiner_noun_agreement	Write a natural, coherent English sentence.
46	28	Eric has upset those scared people.	Eric has upset that scared people.	-72.0	-72.0	-10.3125	-10.3125	False	False	morphology	determiner_noun_agreement	Write a natural, coherent English sentence.
47	28	Sabrina was biking to this exposed oasis.	Sabrina was biking to these exposed oasis.	-120.0	-120.0	-10.0	-10.0	False	False	morphology	determiner_noun_agreement	Write a natural, coherent English sentence.
48	28	Edward can't think about these exposed mice.	Edward can't think about this exposed mice.	-112.0	-112.0	-10.1875	-10.1875	False	False	morphology	determiner_noun_agreement	Write a natural, coherent English sentence.
49	28	Phillip listened to this standing alumnus.	Phillip listened to these standing alumnus.	-101.0	-101.0	-10.125	-10.125	False	False	morphology	determiner_noun_agreement	Write a natural, coherent English sentence.
50	28	Those men skate around this small oasis.	Those men skate around these small oasis.	-101.5	-101.5	-10.125	-10.125	False	False	morphology	determiner_noun_agreement	Write a natural, coherent English sentence.
51	28	Rhonda could think about those content children.	Rhonda could think about that content children.	-91.5	-92.0	-10.1875	-10.1875	True	False	morphology	determiner_noun_agreement	Write a natural, coherent English sentence.
52	28	Melissa had remembered that unsure person.	Melissa had remembered those unsure person.	-91.0	-91.5	-10.125	-10.1875	True	True	morphology	determiner_noun_agreement	Write a natural, coherent English sentence.
53	28	The students talk about this upset person.	The students talk about these upset person.	-80.5	-81.0	-10.0625	-10.125	True	True	morphology	determiner_noun_agreement	Write a natural, coherent English sentence.
54	28	Leslie insults those upset alumni.	Leslie insults that upset alumni.	-100.0	-100.5	-10.0	-10.0	True	False	morphology	determiner_noun_agreement	Write a natural, coherent English sentence.
55	28	Hats distract this ill man.	Hats distract these ill man.	-71.5	-71.5	-10.25	-10.25	False	False	morphology	determiner_noun_agreement	Write a natural, coherent English sentence.
56	28	Dawn sounded like this determined child.	Dawn sounded like these determined child.	-80.5	-80.5	-10.0625	-10.0625	False	False	morphology	determiner_noun_agreement	Write a natural, coherent English sentence.
57	28	Carl had run around that brown oasis.	Carl had run around those brown oasis.	-91.0	-91.0	-10.125	-10.125	False	False	morphology	determiner_noun_agreement	Write a natural, coherent English sentence.
58	28	Anna criticizes these concealed children.	Anna criticizes this concealed children.	-81.0	-81.0	-10.125	-10.125	False	False	morphology	determiner_noun_agreement	Write a natural, coherent English sentence.
59	28	The waiter might criticize that unemployed man.	The waiter might criticize those unemployed man.	-109.5	-109.5	-9.9375	-9.9375	False	False	morphology	determiner_noun_agreement	Write a natural, coherent English sentence.
60	28	Tracy was investigating this troubled alumnus.	Tracy was investigating these troubled alumnus.	-120.0	-120.0	-10.0	-10.0	False	False	morphology	determiner_noun_agreement	Write a natural, coherent English sentence.
61	28	These newspaper articles astound this clever child.	These newspaper articles astound these clever child.	-90.5	-91.0	-10.0625	-10.125	True	True	morphology	determiner_noun_agreement	Write a natural, coherent English sentence.
62	28	Dana hadn't attacked this small man.	Dana hadn't attacked these small man.	-102.5	-102.5	-10.25	-10.25	False	False	morphology	determiner_noun_agreement	Write a natural, coherent English sentence.
63	28	Curtis wasn't breaking those hard teeth.	Curtis wasn't breaking that hard teeth.	-102.0	-102.5	-10.25	-10.25	True	False	morphology	determiner_noun_agreement	Write a natural, coherent English sentence.
64	28	All customers attack this employed alumnus.	All customers attack these employed alumnus.	-91.0	-91.0	-10.125	-10.125	False	False	morphology	determiner_noun_agreement	Write a natural, coherent English sentence.
65	28	Most ladies go to those purple oases.	Most ladies go to that purple oases.	-92.0	-92.0	-10.25	-10.25	False	False	morphology	determiner_noun_agreement	Write a natural, coherent English sentence.
66	28	A dancer tours that blue oasis.	A dancer tours those blue oasis.	-92.0	-92.0	-10.1875	-10.1875	False	False	morphology	determiner_noun_agreement	Write a natural, coherent English sentence.
67	28	Steven irritated this unconvinced woman.	Steven irritated these unconvinced woman.	-100.0	-100.5	-10.0	-10.0625	True	True	morphology	determiner_noun_agreement	Write a natural, coherent English sentence.
68	28	Tara wasn't helping that sick man.	Tara wasn't helping those sick man.	-102.0	-102.0	-10.25	-10.25	False	False	morphology	determiner_noun_agreement	Write a natural, coherent English sentence.
69	28	The dancers aren't cleaning that smooth fungus.	The dancers aren't cleaning those smooth fungus.	-132.0	-132.0	-10.125	-10.125	False	False	morphology	determiner_noun_agreement	Write a natural, coherent English sentence.
70	28	Melissa had talked about these white theses.	Melissa had talked about this white theses.	-100.5	-100.5	-10.0625	-10.0625	False	False	morphology	determiner_noun_agreement	Write a natural, coherent English sentence.
71	28	The man isn't watching those upset men.	The man isn't watching that upset men.	-102.0	-102.0	-10.1875	-10.1875	False	False	morphology	determiner_noun_agreement	Write a natural, coherent English sentence.
72	28	Sabrina won't worry this out in the open person.	Sabrina won't worry these out in the open person.	-141.0	-142.0	-10.125	-10.125	True	False	morphology	determiner_noun_agreement	Write a natural, coherent English sentence.
73	28	Every bird embarrassed these unemployed men.	Every bird embarrassed this unemployed men.	-80.0	-80.0	-10.0	-10.0	False	False	morphology	determiner_noun_agreement	Write a natural, coherent English sentence.
74	28	The Borgias drive to that small oasis.	The Borgias drive to those small oasis.	-111.5	-112.0	-10.125	-10.1875	True	True	morphology	determiner_noun_agreement	Write a natural, coherent English sentence.
75	28	Bradley likes these brown fungi.	Bradley likes this brown fungi.	-80.5	-80.5	-10.0625	-10.0625	False	False	morphology	determiner_noun_agreement	Write a natural, coherent English sentence.
76	28	Most guys go to that black oasis.	Most guys go to those black oasis.	-92.0	-92.0	-10.1875	-10.1875	False	False	morphology	determiner_noun_agreement	Write a natural, coherent English sentence.
77	28	A pedestrian hadn't approached these hopeful women.	A pedestrian hadn't approached this hopeful women.	-120.0	-120.5	-10.0	-10.0625	True	True	morphology	determiner_noun_agreement	Write a natural, coherent English sentence.
78	28	Some senators aren't healing this unemployed alumnus.	Some senators aren't healing these unemployed alumnus.	-141.0	-141.0	-10.0625	-10.0625	False	False	morphology	determiner_noun_agreement	Write a natural, coherent English sentence.
79	28	That cart wasn't stunning these exposed men.	That cart wasn't stunning this exposed men.	-103.0	-103.0	-10.3125	-10.3125	False	False	morphology	determiner_noun_agreement	Write a natural, coherent English sentence.
80	28	Joel can think about this smart man.	Joel can think about these smart man.	-81.5	-81.0	-10.1875	-10.125	False	False	morphology	determiner_noun_agreement	Write a natural, coherent English sentence.
81	28	Those prints disgust those good people.	Those prints disgust that good people.	-71.0	-71.5	-10.125	-10.25	True	True	morphology	determiner_noun_agreement	Write a natural, coherent English sentence.
82	28	Beverly hadn't passed these yellow oases.	Beverly hadn't passed this yellow oases.	-112.0	-112.0	-10.1875	-10.1875	False	False	morphology	determiner_noun_agreement	Write a natural, coherent English sentence.
83	28	A lot of prints irritate this unconvinced woman.	A lot of prints irritate these unconvinced woman.	-130.0	-130.0	-10.0	-10.0	False	False	morphology	determiner_noun_agreement	Write a natural, coherent English sentence.
84	28	Many customers hire those standing alumni.	Many customers hire that standing alumni.	-91.0	-91.5	-10.125	-10.1875	True	True	morphology	determiner_noun_agreement	Write a natural, coherent English sentence.
85	28	Some rug isn't irritating that nice woman.	Some rug isn't irritating those nice woman.	-112.0	-112.0	-10.1875	-10.1875	False	False	morphology	determiner_noun_agreement	Write a natural, coherent English sentence.
86	28	Jill embarrassed those busy men.	Jill embarrassed that busy men.	-71.5	-72.0	-10.25	-10.3125	True	True	morphology	determiner_noun_agreement	Write a natural, coherent English sentence.
87	28	Most sketches could hurt this uncertain person.	Most sketches could hurt these uncertain person.	-101.5	-102.0	-10.125	-10.1875	True	True	morphology	determiner_noun_agreement	Write a natural, coherent English sentence.
88	28	Patricia lifted those purple feet.	Patricia lifted that purple feet.	-80.0	-80.0	-10.0	-10.0	False	False	morphology	determiner_noun_agreement	Write a natural, coherent English sentence.
89	28	The girls sell this hard fungus.	The girls sell these hard fungus.	-91.0	-90.5	-10.0625	-10.0625	False	False	morphology	determiner_noun_agreement	Write a natural, coherent English sentence.
90	28	Nicole has seen this yellow cactus.	Nicole has seen these yellow cactus.	-90.5	-90.5	-10.0625	-10.0625	False	False	morphology	determiner_noun_agreement	Write a natural, coherent English sentence.
91	28	Sharon could arrive at those big oases.	Sharon could arrive at that big oases.	-101.0	-101.5	-10.125	-10.125	True	False	morphology	determiner_noun_agreement	Write a natural, coherent English sentence.
92	28	This cashier can fire that good woman.	This cashier can fire those good woman.	-91.5	-91.5	-10.1875	-10.1875	False	False	morphology	determiner_noun_agreement	Write a natural, coherent English sentence.
93	28	Raymond left those scared children.	Raymond left that scared children.	-61.5	-61.75	-10.25	-10.3125	True	True	morphology	determiner_noun_agreement	Write a natural, coherent English sentence.
94	28	Noah could discuss that clever person.	Noah could discuss those clever person.	-72.0	-72.0	-10.25	-10.25	False	False	morphology	determiner_noun_agreement	Write a natural, coherent English sentence.
95	28	Rachelle knew that concealed woman.	Rachelle knew those concealed woman.	-81.0	-81.5	-10.125	-10.1875	True	True	morphology	determiner_noun_agreement	Write a natural, coherent English sentence.
96	28	Dawn hasn't cured those gray oxen.	Dawn hasn't cured that gray oxen.	-121.0	-121.0	-10.0625	-10.0625	False	False	morphology	determiner_noun_agreement	Write a natural, coherent English sentence.
97	28	The Great Lakes haven't disgusted those out in the open people.	The Great Lakes haven't disgusted that out in the open people.	-161.0	-161.0	-10.0625	-10.0625	False	False	morphology	determiner_noun_agreement	Write a natural, coherent English sentence.
98	28	Wayne doesn't exit those cheap oases.	Wayne doesn't exit that cheap oases.	-102.5	-102.5	-10.25	-10.25	False	False	morphology	determiner_noun_agreement	Write a natural, coherent English sentence.
99	28	These waitresses haven't astounded this fast woman.	These waitresses haven't astounded these fast woman.	-140.0	-140.0	-10.0	-10.0	False	False	morphology	determiner_noun_agreement	Write a natural, coherent English sentence.
100	28	Patrick hasn't lifted this out in the open cactus.	Patrick hasn't lifted these out in the open cactus.	-142.0	-142.0	-10.125	-10.125	False	False	morphology	determiner_noun_agreement	Write a natural, coherent English sentence.
101	28	Angela isn't embarrassing those excited children.	Angela isn't embarrassing that excited children.	-102.0	-102.0	-10.1875	-10.1875	False	False	morphology	determiner_noun_agreement	Write a natural, coherent English sentence.
102	28	Jennifer hasn't criticized this smart man.	Jennifer hasn't criticized these smart man.	-101.5	-101.5	-10.1875	-10.125	False	False	morphology	determiner_noun_agreement	Write a natural, coherent English sentence.
103	28	April watched this big person.	April watched these big person.	-61.75	-61.5	-10.25	-10.25	False	False	morphology	determiner_noun_agreement	Write a natural, coherent English sentence.
104	28	Candice hadn't bothered that serious alumnus.	Candice hadn't bothered those serious alumnus.	-121.5	-121.0	-10.125	-10.125	False	False	morphology	determiner_noun_agreement	Write a natural, coherent English sentence.
105	28	The Clintons observe those happy women.	The Clintons observe that happy women.	-92.0	-92.0	-10.1875	-10.1875	False	False	morphology	determiner_noun_agreement	Write a natural, coherent English sentence.
106	28	The Clintons observe this excited man.	The Clintons observe these excited man.	-92.0	-92.0	-10.1875	-10.1875	False	False	morphology	determiner_noun_agreement	Write a natural, coherent English sentence.
107	28	Associations were listening to that unlucky child.	Associations were listening to those unlucky child.	-111.5	-111.0	-10.125	-10.125	False	False	morphology	determiner_noun_agreement	Write a natural, coherent English sentence.
108	28	Those committees discussed that busy woman.	Those committees discussed those busy woman.	-90.5	-90.5	-10.0625	-10.0625	False	False	morphology	determiner_noun_agreement	Write a natural, coherent English sentence.
109	28	Debra isn't discussing that good analysis.	Debra isn't discussing those good analysis.	-102.5	-102.5	-10.25	-10.25	False	False	morphology	determiner_noun_agreement	Write a natural, coherent English sentence.
110	28	The drawing distracts this lucky woman.	The drawing distracts these lucky woman.	-81.0	-81.5	-10.125	-10.1875	True	True	morphology	determiner_noun_agreement	Write a natural, coherent English sentence.
111	28	Holly couldn't dislike this exposed child.	Holly couldn't dislike these exposed child.	-102.0	-102.5	-10.25	-10.25	True	False	morphology	determiner_noun_agreement	Write a natural, coherent English sentence.
112	28	Angela examines that good synopsis.	Angela examines those good synopsis.	-80.5	-80.5	-10.0625	-10.0625	False	False	morphology	determiner_noun_agreement	Write a natural, coherent English sentence.
113	28	These skateboards aggravate that lucky woman.	These skateboards aggravate those lucky woman.	-110.0	-110.0	-10.0	-10.0	False	False	morphology	determiner_noun_agreement	Write a natural, coherent English sentence.
114	28	Some play alarms those small women.	Some play alarms that small women.	-82.0	-82.0	-10.25	-10.25	False	False	morphology	determiner_noun_agreement	Write a natural, coherent English sentence.
115	28	Students investigate these nice men.	Students investigate this nice men.	-61.75	-61.75	-10.3125	-10.3125	False	False	morphology	determiner_noun_agreement	Write a natural, coherent English sentence.
116	28	Tanya wasn't shocking that busy child.	Tanya wasn't shocking those busy child.	-112.0	-112.5	-10.1875	-10.1875	True	False	morphology	determiner_noun_agreement	Write a natural, coherent English sentence.
117	28	Brett has boasted about this nice person.	Brett has boasted about these nice person.	-101.0	-101.0	-10.125	-10.125	False	False	morphology	determiner_noun_agreement	Write a natural, coherent English sentence.
118	28	Jennifer described that hidden woman.	Jennifer described those hidden woman.	-62.0	-61.75	-10.3125	-10.3125	False	False	morphology	determiner_noun_agreement	Write a natural, coherent English sentence.
119	28	Winston Churchill passed these red oases.	Winston Churchill passed this red oases.	-101.0	-100.5	-10.0625	-10.0625	False	False	morphology	determiner_noun_agreement	Write a natural, coherent English sentence.
120	28	Some mirror could scare this nice woman.	Some mirror could scare these nice woman.	-92.0	-92.5	-10.1875	-10.25	True	True	morphology	determiner_noun_agreement	Write a natural, coherent English sentence.
121	28	Caroline hadn't fired that scared alumnus.	Caroline hadn't fired those scared alumnus.	-112.0	-112.0	-10.1875	-10.1875	False	False	morphology	determiner_noun_agreement	Write a natural, coherent English sentence.
122	28	Edward wasn't referencing that displeased woman.	Edward wasn't referencing those displeased woman.	-121.0	-121.5	-10.125	-10.125	True	False	morphology	determiner_noun_agreement	Write a natural, coherent English sentence.
123	28	Many teachers clean these cheap teeth.	Many teachers clean this cheap teeth.	-71.5	-72.0	-10.25	-10.25	True	False	morphology	determiner_noun_agreement	Write a natural, coherent English sentence.
124	28	Wayne might remember these new oases.	Wayne might remember this new oases.	-82.0	-82.0	-10.25	-10.25	False	False	morphology	determiner_noun_agreement	Write a natural, coherent English sentence.
125	28	Some high school alarms this determined man.	Some high school alarms these determined man.	-91.0	-91.0	-10.125	-10.125	False	False	morphology	determiner_noun_agreement	Write a natural, coherent English sentence.
126	28	Vincent had returned to these out in the open oases.	Vincent had returned to this out in the open oases.	-121.5	-121.5	-10.125	-10.125	False	False	morphology	determiner_noun_agreement	Write a natural, coherent English sentence.
127	28	Marla hired this standing child.	Marla hired these standing child.	-72.0	-72.0	-10.3125	-10.3125	False	False	morphology	determiner_noun_agreement	Write a natural, coherent English sentence.
128	28	Some cucumber has upset those ill men.	Some cucumber has upset that ill men.	-101.0	-101.0	-10.125	-10.125	False	False	morphology	determiner_noun_agreement	Write a natural, coherent English sentence.
129	28	Russell hasn't kissed this content man.	Russell hasn't kissed these content man.	-92.0	-92.5	-10.1875	-10.25	True	True	morphology	determiner_noun_agreement	Write a natural, coherent English sentence.
130	28	Guy has left this determined man.	Guy has left these determined man.	-71.5	-71.5	-10.25	-10.25	False	False	morphology	determiner_noun_agreement	Write a natural, coherent English sentence.
131	28	The Lutherans listen to these employed women.	The Lutherans listen to this employed women.	-91.0	-91.0	-10.125	-10.125	False	False	morphology	determiner_noun_agreement	Write a natural, coherent English sentence.
132	28	Candice disliked these bad analyses.	Candice disliked this bad analyses.	-100.0	-100.0	-10.0	-10.0	False	False	morphology	determiner_noun_agreement	Write a natural, coherent English sentence.
133	28	Many women heal these lost geese.	Many women heal this lost geese.	-82.0	-82.0	-10.25	-10.25	False	False	morphology	determiner_noun_agreement	Write a natural, coherent English sentence.
134	28	Wayne has remembered these smart people.	Wayne has remembered this smart people.	-72.0	-72.0	-10.25	-10.25	False	False	morphology	determiner_noun_agreement	Write a natural, coherent English sentence.
135	28	This teenager had dropped by these white oases.	This teenager had dropped by this white oases.	-102.0	-102.0	-10.1875	-10.1875	False	False	morphology	determiner_noun_agreement	Write a natural, coherent English sentence.
136	28	Eva has exited those smooth oases.	Eva has exited that smooth oases.	-91.5	-91.5	-10.1875	-10.1875	False	False	morphology	determiner_noun_agreement	Write a natural, coherent English sentence.
137	28	Cheryl wouldn't aggravate that bad person.	Cheryl wouldn't aggravate those bad person.	-121.5	-121.5	-10.125	-10.125	False	False	morphology	determiner_noun_agreement	Write a natural, coherent English sentence.
138	28	Katherine hadn't shocked those young children.	Katherine hadn't shocked that young children.	-102.0	-102.5	-10.25	-10.25	True	False	morphology	determiner_noun_agreement	Write a natural, coherent English sentence.
139	28	The student loves these troubled people.	The student loves this troubled people.	-81.0	-81.5	-10.125	-10.1875	True	True	morphology	determiner_noun_agreement	Write a natural, coherent English sentence.
140	28	Tracy cared for those smart alumni.	Tracy cared for that smart alumni.	-101.0	-101.5	-10.125	-10.125	True	False	morphology	determiner_noun_agreement	Write a natural, coherent English sentence.
141	28	Guys return to these small oases.	Guys return to this small oases.	-92.0	-92.0	-10.25	-10.25	False	False	morphology	determiner_noun_agreement	Write a natural, coherent English sentence.
142	28	Marcus won't bike to this white oasis.	Marcus won't bike to these white oasis.	-111.5	-111.5	-10.125	-10.125	False	False	morphology	determiner_noun_agreement	Write a natural, coherent English sentence.
143	28	Eggplants impressed these unconvinced alumni.	Eggplants impressed this unconvinced alumni.	-140.0	-140.0	-10.0	-10.0	False	False	morphology	determiner_noun_agreement	Write a natural, coherent English sentence.
144	28	A turtle has bored those troubled children.	A turtle has bored that troubled children.	-110.0	-110.5	-10.0	-10.0625	True	True	morphology	determiner_noun_agreement	Write a natural, coherent English sentence.
145	28	The adults were taking those old teeth.	The adults were taking that old teeth.	-81.5	-81.0	-10.1875	-10.125	False	False	morphology	determiner_noun_agreement	Write a natural, coherent English sentence.
146	28	Alan wasn't returning to those blue oases.	Alan wasn't returning to that blue oases.	-112.0	-112.5	-10.1875	-10.25	True	True	morphology	determiner_noun_agreement	Write a natural, coherent English sentence.
147	28	Theodore had lifted this rough cactus.	Theodore had lifted these rough cactus.	-100.5	-100.5	-10.0625	-10.0625	False	False	morphology	determiner_noun_agreement	Write a natural, coherent English sentence.
148	28	Joel isn't praising those good synopses.	Joel isn't praising that good synopses.	-122.0	-122.0	-10.125	-10.125	False	False	morphology	determiner_noun_agreement	Write a natural, coherent English sentence.
149	28	The pedestrian knows these standing women.	The pedestrian knows this standing women.	-81.0	-81.0	-10.125	-10.125	False	False	morphology	determiner_noun_agreement	Write a natural, coherent English sentence.
150	28	Some museums forget that good analysis.	Some museums forget those good analysis.	-80.5	-81.0	-10.0625	-10.125	True	True	morphology	determiner_noun_agreement	Write a natural, coherent English sentence.
151	28	The Clintons might clean that lost fungus.	The Clintons might clean those lost fungus.	-121.5	-121.5	-10.125	-10.125	False	False	morphology	determiner_noun_agreement	Write a natural, coherent English sentence.
152	28	Mary is bothering these out in the open children.	Mary is bothering this out in the open children.	-111.0	-111.0	-10.125	-10.125	False	False	morphology	determiner_noun_agreement	Write a natural, coherent English sentence.
153	28	Many customers sell that lost ox.	Many customers sell those lost ox.	-71.5	-71.5	-10.1875	-10.1875	False	False	morphology	determiner_noun_agreement	Write a natural, coherent English sentence.
154	28	These waitresses praise these troubled men.	These waitresses praise this troubled men.	-100.0	-100.0	-10.0	-10.0	False	False	morphology	determiner_noun_agreement	Write a natural, coherent English sentence.
155	28	Many men didn't admire that nice person.	Many men didn't admire those nice person.	-112.0	-112.0	-10.1875	-10.1875	False	False	morphology	determiner_noun_agreement	Write a natural, coherent English sentence.
156	28	Jesus ran around this exposed oasis.	Jesus ran around these exposed oasis.	-81.0	-81.5	-10.125	-10.1875	True	True	morphology	determiner_noun_agreement	Write a natural, coherent English sentence.
157	28	Many customers talk about that delighted child.	Many customers talk about those delighted child.	-81.5	-81.5	-10.1875	-10.1875	False	False	morphology	determiner_noun_agreement	Write a natural, coherent English sentence.
158	28	Drawings had disgusted this small woman.	Drawings had disgusted these small woman.	-91.5	-92.0	-10.1875	-10.1875	True	False	morphology	determiner_noun_agreement	Write a natural, coherent English sentence.
159	28	Colleen did care for that good man.	Colleen did care for those good man.	-91.5	-91.5	-10.1875	-10.1875	False	False	morphology	determiner_noun_agreement	Write a natural, coherent English sentence.
160	28	Marcus admired those exposed geese.	Marcus admired that exposed geese.	-81.5	-82.0	-10.1875	-10.25	True	True	morphology	determiner_noun_agreement	Write a natural, coherent English sentence.
161	28	Randolf has noticed this clean foot.	Randolf has noticed these clean foot.	-82.0	-81.5	-10.25	-10.1875	False	False	morphology	determiner_noun_agreement	Write a natural, coherent English sentence.
162	28	Craig could listen to that determined man.	Craig could listen to those determined man.	-82.0	-81.5	-10.25	-10.1875	False	False	morphology	determiner_noun_agreement	Write a natural, coherent English sentence.
163	28	Movies stunned this small man.	Movies stunned these small man.	-81.0	-81.0	-10.125	-10.125	False	False	morphology	determiner_noun_agreement	Write a natural, coherent English sentence.
164	28	Timothy buys this rough ox.	Timothy buys these rough ox.	-81.0	-81.0	-10.125	-10.125	False	False	morphology	determiner_noun_agreement	Write a natural, coherent English sentence.
165	28	Some women go to those red oases.	Some women go to that red oases.	-92.0	-91.5	-10.1875	-10.1875	False	False	morphology	determiner_noun_agreement	Write a natural, coherent English sentence.
166	28	Ruth fixed this clean tooth.	Ruth fixed these clean tooth.	-62.0	-62.0	-10.3125	-10.375	False	True	morphology	determiner_noun_agreement	Write a natural, coherent English sentence.
167	28	Monica is boring those clever men.	Monica is boring that clever men.	-81.5	-81.5	-10.1875	-10.1875	False	False	morphology	determiner_noun_agreement	Write a natural, coherent English sentence.
168	28	Janice knows these hidden alumni.	Janice knows this hidden alumni.	-91.0	-90.5	-10.0625	-10.0625	False	False	morphology	determiner_noun_agreement	Write a natural, coherent English sentence.
169	28	Spain insults this delighted alumnus.	Spain insults these delighted alumnus.	-91.0	-91.0	-10.125	-10.125	False	False	morphology	determiner_noun_agreement	Write a natural, coherent English sentence.
170	28	Some planes bore that displeased child.	Some planes bore those displeased child.	-91.5	-91.5	-10.1875	-10.1875	False	False	morphology	determiner_noun_agreement	Write a natural, coherent English sentence.
171	28	Dishes should upset these happy men.	Dishes should upset this happy men.	-81.5	-81.5	-10.1875	-10.1875	False	False	morphology	determiner_noun_agreement	Write a natural, coherent English sentence.
172	28	That painting looked like these yellow stimuli.	That painting looked like this yellow stimuli.	-90.5	-90.5	-10.0625	-10.0625	False	False	morphology	determiner_noun_agreement	Write a natural, coherent English sentence.
173	28	Amy shocked that content man.	Amy shocked those content man.	-62.0	-62.0	-10.375	-10.3125	False	False	morphology	determiner_noun_agreement	Write a natural, coherent English sentence.
174	28	Melinda hasn't hidden this determined woman.	Melinda hasn't hidden these determined woman.	-102.0	-102.0	-10.1875	-10.1875	False	False	morphology	determiner_noun_agreement	Write a natural, coherent English sentence.
175	28	Caroline did drive to this brown oasis.	Caroline did drive to these brown oasis.	-91.5	-92.0	-10.1875	-10.1875	True	False	morphology	determiner_noun_agreement	Write a natural, coherent English sentence.
176	28	That rice disturbed those smart alumni.	That rice disturbed that smart alumni.	-101.0	-101.0	-10.125	-10.125	False	False	morphology	determiner_noun_agreement	Write a natural, coherent English sentence.
177	28	Brian will examine these long analyses.	Brian will examine this long analyses.	-81.0	-81.0	-10.125	-10.125	False	False	morphology	determiner_noun_agreement	Write a natural, coherent English sentence.
178	28	Mark dislikes this uncertain child.	Mark dislikes these uncertain child.	-81.0	-81.0	-10.125	-10.125	False	False	morphology	determiner_noun_agreement	Write a natural, coherent English sentence.
179	28	Rose was returning to these out in the open children.	Rose was returning to this out in the open children.	-112.0	-112.0	-10.1875	-10.1875	False	False	morphology	determiner_noun_agreement	Write a natural, coherent English sentence.
180	28	The guest has fixed this red tooth.	The guest has fixed these red tooth.	-82.0	-82.0	-10.25	-10.25	False	False	morphology	determiner_noun_agreement	Write a natural, coherent English sentence.
181	28	Jennifer is breaking this big tooth.	Jennifer is breaking these big tooth.	-71.0	-71.0	-10.1875	-10.1875	False	False	morphology	determiner_noun_agreement	Write a natural, coherent English sentence.
182	28	Sabrina isn't referencing these red theses.	Sabrina isn't referencing this red theses.	-130.0	-130.0	-10.0	-10.0625	False	True	morphology	determiner_noun_agreement	Write a natural, coherent English sentence.
183	28	Valerie hadn't exited that exposed oasis.	Valerie hadn't exited those exposed oasis.	-122.0	-122.0	-10.1875	-10.1875	False	False	morphology	determiner_noun_agreement	Write a natural, coherent English sentence.
184	28	Every restaurant had worried this hidden child.	Every restaurant had worried these hidden child.	-82.0	-82.0	-10.25	-10.25	False	False	morphology	determiner_noun_agreement	Write a natural, coherent English sentence.
185	28	A woman was examining those long synopses.	A woman was examining that long synopses.	-110.0	-110.0	-10.0	-10.0	False	False	morphology	determiner_noun_agreement	Write a natural, coherent English sentence.
186	28	All actresses approach that content man.	All actresses approach those content man.	-81.0	-81.0	-10.125	-10.125	False	False	morphology	determiner_noun_agreement	Write a natural, coherent English sentence.
187	28	Sarah cleaned those yellow feet.	Sarah cleaned that yellow feet.	-61.0	-61.5	-10.1875	-10.25	True	True	morphology	determiner_noun_agreement	Write a natural, coherent English sentence.
188	28	Margaret tours those black oases.	Margaret tours that black oases.	-72.0	-72.0	-10.3125	-10.3125	False	False	morphology	determiner_noun_agreement	Write a natural, coherent English sentence.
189	28	Rachel wasn't messing up this clean foot.	Rachel wasn't messing up these clean foot.	-111.5	-112.0	-10.125	-10.1875	True	True	morphology	determiner_noun_agreement	Write a natural, coherent English sentence.
190	28	The Lutherans go to that old oasis.	The Lutherans go to those old oasis.	-101.0	-101.0	-10.0625	-10.125	False	True	morphology	determiner_noun_agreement	Write a natural, coherent English sentence.
191	28	The lamps shock those hidden alumni.	The lamps shock that hidden alumni.	-101.5	-101.5	-10.125	-10.1875	False	True	morphology	determiner_noun_agreement	Write a natural, coherent English sentence.
192	28	Claire conceals those small stimuli.	Claire conceals that small stimuli.	-82.0	-82.0	-10.25	-10.25	False	False	morphology	determiner_noun_agreement	Write a natural, coherent English sentence.
193	28	Most documentaries annoy that busy person.	Most documentaries annoy those busy person.	-81.0	-81.0	-10.125	-10.125	False	False	morphology	determiner_noun_agreement	Write a natural, coherent English sentence.
194	28	Pamela shouldn't return to those exposed men.	Pamela shouldn't return to that exposed men.	-111.5	-111.5	-10.125	-10.125	False	False	morphology	determiner_noun_agreement	Write a natural, coherent English sentence.
195	28	That person couldn't arrive at that purple oasis.	That person couldn't arrive at those purple oasis.	-121.0	-121.5	-10.125	-10.125	True	False	morphology	determiner_noun_agreement	Write a natural, coherent English sentence.
196	28	Alicia won't admire those big nuclei.	Alicia won't admire that big nuclei.	-132.0	-132.0	-10.125	-10.125	False	False	morphology	determiner_noun_agreement	Write a natural, coherent English sentence.
197	28	Curtis arrived at that red oasis.	Curtis arrived at those red oasis.	-90.5	-90.5	-10.0625	-10.0625	False	False	morphology	determiner_noun_agreement	Write a natural, coherent English sentence.
198	28	People investigate that smart man.	People investigate those smart man.	-62.0	-61.5	-10.3125	-10.25	False	False	morphology	determiner_noun_agreement	Write a natural, coherent English sentence.
199	28	Some boys hire these content alumni.	Some boys hire this content alumni.	-91.5	-91.0	-10.125	-10.125	False	False	morphology	determiner_noun_agreement	Write a natural, coherent English sentence.
200	28	Leslie found these brown feet.	Leslie found this brown feet.	-70.5	-71.0	-10.0625	-10.125	True	True	morphology	determiner_noun_agreement	Write a natural, coherent English sentence.
201	28	Alexander was firing that displeased woman.	Alexander was firing those displeased woman.	-91.5	-91.5	-10.125	-10.1875	False	True	morphology	determiner_noun_agreement	Write a natural, coherent English sentence.
202	28	Florence hasn't argued about those confident children.	Florence hasn't argued about that confident children.	-102.0	-102.0	-10.1875	-10.1875	False	False	morphology	determiner_noun_agreement	Write a natural, coherent English sentence.
203	28	That adult hadn't complained about that exposed man.	That adult hadn't complained about those exposed man.	-112.0	-112.0	-10.1875	-10.1875	False	False	morphology	determiner_noun_agreement	Write a natural, coherent English sentence.
204	28	Larry works with these scared women.	Larry works with this scared women.	-71.5	-72.0	-10.25	-10.25	True	False	morphology	determiner_noun_agreement	Write a natural, coherent English sentence.
205	28	Kathleen leaves this old child.	Kathleen leaves these old child.	-71.0	-71.0	-10.125	-10.125	False	False	morphology	determiner_noun_agreement	Write a natural, coherent English sentence.
206	28	The actresses weren't watching these scared people.	The actresses weren't watching this scared people.	-111.5	-111.5	-10.125	-10.125	False	False	morphology	determiner_noun_agreement	Write a natural, coherent English sentence.
207	28	Derek isn't escaping from these blue oases.	Derek isn't escaping from this blue oases.	-132.0	-132.0	-10.125	-10.125	False	False	morphology	determiner_noun_agreement	Write a natural, coherent English sentence.
208	28	Naomi isn't talking about that cheap oasis.	Naomi isn't talking about those cheap oasis.	-121.0	-121.0	-10.0625	-10.0625	False	False	morphology	determiner_noun_agreement	Write a natural, coherent English sentence.
209	28	These guests hate these troubled men.	These guests hate this troubled men.	-81.5	-81.5	-10.1875	-10.1875	False	False	morphology	determiner_noun_agreement	Write a natural, coherent English sentence.
210	28	Patricia wasn't hiring those small children.	Patricia wasn't hiring that small children.	-110.5	-111.0	-10.0625	-10.0625	True	False	morphology	determiner_noun_agreement	Write a natural, coherent English sentence.
211	28	All stairs weren't alarming that lucky woman.	All stairs weren't alarming those lucky woman.	-111.5	-111.5	-10.125	-10.125	False	False	morphology	determiner_noun_agreement	Write a natural, coherent English sentence.
212	28	Many drivers left that confident alumnus.	Many drivers left those confident alumnus.	-91.0	-91.5	-10.125	-10.1875	True	True	morphology	determiner_noun_agreement	Write a natural, coherent English sentence.
213	28	Every skirt disgusts these smart children.	Every skirt disgusts this smart children.	-81.0	-81.5	-10.125	-10.1875	True	True	morphology	determiner_noun_agreement	Write a natural, coherent English sentence.
214	28	Valerie has astounded that lost alumnus.	Valerie has astounded those lost alumnus.	-120.5	-120.5	-10.0625	-10.0	False	False	morphology	determiner_noun_agreement	Write a natural, coherent English sentence.
215	28	Sonia should describe this determined child.	Sonia should describe these determined child.	-82.0	-81.5	-10.25	-10.1875	False	False	morphology	determiner_noun_agreement	Write a natural, coherent English sentence.
216	28	A lot of lakes weren't disgusting that old person.	A lot of lakes weren't disgusting those old person.	-140.0	-140.0	-10.0	-10.0	False	False	morphology	determiner_noun_agreement	Write a natural, coherent English sentence.
217	28	Some pants hadn't aggravated that good woman.	Some pants hadn't aggravated those good woman.	-121.5	-122.0	-10.125	-10.125	True	False	morphology	determiner_noun_agreement	Write a natural, coherent English sentence.
218	28	Anne does return to that old woman.	Anne does return to those old woman.	-81.0	-81.5	-10.125	-10.1875	True	True	morphology	determiner_noun_agreement	Write a natural, coherent English sentence.
219	28	Alan wasn't listening to that delighted person.	Alan wasn't listening to those delighted person.	-102.0	-102.0	-10.1875	-10.1875	False	False	morphology	determiner_noun_agreement	Write a natural, coherent English sentence.
220	28	Some icicles annoy those serious alumni.	Some icicles annoy that serious alumni.	-100.5	-101.0	-10.0625	-10.0625	True	False	morphology	determiner_noun_agreement	Write a natural, coherent English sentence.
221	28	Many women won't scare those uncertain men.	Many women won't scare that uncertain men.	-112.5	-112.5	-10.25	-10.25	False	False	morphology	determiner_noun_agreement	Write a natural, coherent English sentence.
222	28	Science disgusts this unconvinced alumnus.	Science disgusts these unconvinced alumnus.	-119.5	-119.5	-9.9375	-9.9375	False	False	morphology	determiner_noun_agreement	Write a natural, coherent English sentence.
223	28	Connie tours these rough oases.	Connie tours this rough oases.	-81.5	-82.0	-10.1875	-10.25	True	True	morphology	determiner_noun_agreement	Write a natural, coherent English sentence.
224	28	Those banks were talking about this lost thesis.	Those banks were talking about these lost thesis.	-91.0	-91.0	-10.125	-10.125	False	False	morphology	determiner_noun_agreement	Write a natural, coherent English sentence.
225	28	Some prints didn't look like this rough louse.	Some prints didn't look like these rough louse.	-121.5	-122.0	-10.125	-10.125	True	False	morphology	determiner_noun_agreement	Write a natural, coherent English sentence.
226	28	All pedestrians like those rough theses.	All pedestrians like that rough theses.	-101.5	-101.5	-10.125	-10.125	False	False	morphology	determiner_noun_agreement	Write a natural, coherent English sentence.
227	28	Douglas saw that black fungus.	Douglas saw those black fungus.	-80.5	-81.0	-10.0625	-10.125	True	True	morphology	determiner_noun_agreement	Write a natural, coherent English sentence.
228	28	Sarah examined that bad analysis.	Sarah examined those bad analysis.	-62.0	-62.0	-10.3125	-10.3125	False	False	morphology	determiner_noun_agreement	Write a natural, coherent English sentence.
229	28	An actress researches this long thesis.	An actress researches these long thesis.	-101.0	-101.0	-10.0625	-10.0625	False	False	morphology	determiner_noun_agreement	Write a natural, coherent English sentence.
230	28	Those waitresses criticize this hidden child.	Those waitresses criticize these hidden child.	-100.0	-100.0	-10.0	-10.0	False	False	morphology	determiner_noun_agreement	Write a natural, coherent English sentence.
231	28	Most drivers question these upset alumni.	Most drivers question this upset alumni.	-91.0	-91.5	-10.125	-10.125	True	False	morphology	determiner_noun_agreement	Write a natural, coherent English sentence.
232	28	Phillip isn't working with these small women.	Phillip isn't working with this small women.	-112.0	-112.0	-10.1875	-10.1875	False	False	morphology	determiner_noun_agreement	Write a natural, coherent English sentence.
233	28	Jennifer can't aggravate that unlucky man.	Jennifer can't aggravate those unlucky man.	-132.0	-131.0	-10.125	-10.125	False	False	morphology	determiner_noun_agreement	Write a natural, coherent English sentence.
234	28	Essays confuse this good woman.	Essays confuse these good woman.	-82.0	-82.0	-10.25	-10.25	False	False	morphology	determiner_noun_agreement	Write a natural, coherent English sentence.
235	28	Amelia has forgotten those bad analyses.	Amelia has forgotten that bad analyses.	-90.5	-91.0	-10.0625	-10.0625	True	False	morphology	determiner_noun_agreement	Write a natural, coherent English sentence.
236	28	Michael had explored this brown oasis.	Michael had explored these brown oasis.	-81.0	-81.5	-10.125	-10.1875	True	True	morphology	determiner_noun_agreement	Write a natural, coherent English sentence.
237	28	Natalie can aggravate those smart men.	Natalie can aggravate that smart men.	-100.5	-101.0	-10.0625	-10.0625	True	False	morphology	determiner_noun_agreement	Write a natural, coherent English sentence.
238	28	That patient won't go to these cheap oases.	That patient won't go to this cheap oases.	-122.5	-122.5	-10.1875	-10.1875	False	False	morphology	determiner_noun_agreement	Write a natural, coherent English sentence.
239	28	Heidi had discovered those black feet.	Heidi had discovered that black feet.	-81.5	-81.0	-10.1875	-10.125	False	False	morphology	determiner_noun_agreement	Write a natural, coherent English sentence.
240	28	David hadn't watched those determined men.	David hadn't watched that determined men.	-92.0	-92.0	-10.1875	-10.1875	False	False	morphology	determiner_noun_agreement	Write a natural, coherent English sentence.
241	28	Some teenager couldn't walk through these green oases.	Some teenager couldn't walk through this green oases.	-122.5	-122.5	-10.25	-10.1875	False	False	morphology	determiner_noun_agreement	Write a natural, coherent English sentence.
242	28	Christina shouldn't sell this hard oasis.	Christina shouldn't sell these hard oasis.	-111.5	-111.0	-10.125	-10.125	False	False	morphology	determiner_noun_agreement	Write a natural, coherent English sentence.
243	28	Christopher isn't firing those sick men.	Christopher isn't firing that sick men.	-92.5	-92.5	-10.3125	-10.3125	False	False	morphology	determiner_noun_agreement	Write a natural, coherent English sentence.
244	28	Most students hide that yellow mouse.	Most students hide those yellow mouse.	-71.5	-71.5	-10.1875	-10.1875	False	False	morphology	determiner_noun_agreement	Write a natural, coherent English sentence.
245	28	Holly did buy those clean feet.	Holly did buy that clean feet.	-71.5	-72.0	-10.1875	-10.25	True	True	morphology	determiner_noun_agreement	Write a natural, coherent English sentence.
246	28	Many actors clean these brown theses.	Many actors clean this brown theses.	-82.0	-82.0	-10.25	-10.25	False	False	morphology	determiner_noun_agreement	Write a natural, coherent English sentence.
247	28	Stacy would hide those lost lice.	Stacy would hide that lost lice.	-92.0	-92.5	-10.25	-10.25	True	False	morphology	determiner_noun_agreement	Write a natural, coherent English sentence.
248	28	Alan drove to that new oasis.	Alan drove to those new oasis.	-80.0	-80.5	-10.0	-10.0625	True	True	morphology	determiner_noun_agreement	Write a natural, coherent English sentence.
249	28	The Impressionists tour this purple oasis.	The Impressionists tour these purple oasis.	-100.5	-100.5	-10.0	-10.0625	False	True	morphology	determiner_noun_agreement	Write a natural, coherent English sentence.
250	28	Wayne is talking to this hidden woman.	Wayne is talking to these hidden woman.	-81.5	-82.0	-10.1875	-10.25	True	True	morphology	determiner_noun_agreement	Write a natural, coherent English sentence.
251	28	Christopher forgets this happy child.	Christopher forgets these happy child.	-71.0	-71.0	-10.1875	-10.125	False	False	morphology	determiner_noun_agreement	Write a natural, coherent English sentence.
252	28	Julie can boycott those cheap oases.	Julie can boycott that cheap oases.	-91.0	-91.5	-10.125	-10.1875	True	True	morphology	determiner_noun_agreement	Write a natural, coherent English sentence.
253	28	Most senators dislike these bad theses.	Most senators dislike this bad theses.	-101.0	-101.5	-10.125	-10.125	True	False	morphology	determiner_noun_agreement	Write a natural, coherent English sentence.
254	28	Denise concealed this content person.	Denise concealed these content person.	-81.0	-81.5	-10.125	-10.1875	True	True	morphology	determiner_noun_agreement	Write a natural, coherent English sentence.
255	28	Some bike shocks these nice women.	Some bike shocks this nice women.	-81.5	-81.5	-10.1875	-10.1875	False	False	morphology	determiner_noun_agreement	Write a natural, coherent English sentence.
256	28	These teenagers fix those hidden feet.	These teenagers fix that hidden feet.	-80.5	-81.0	-10.0625	-10.125	True	True	morphology	determiner_noun_agreement	Write a natural, coherent English sentence.
257	28	Ella praised that ill woman.	Ella praised those ill woman.	-71.5	-71.5	-10.25	-10.25	False	False	morphology	determiner_noun_agreement	Write a natural, coherent English sentence.
258	28	Current events stun these lost people.	Current events stun this lost people.	-81.5	-81.5	-10.1875	-10.1875	False	False	morphology	determiner_noun_agreement	Write a natural, coherent English sentence.
259	28	Mary tours this gray oasis.	Mary tours these gray oasis.	-71.0	-71.0	-10.1875	-10.1875	False	False	morphology	determiner_noun_agreement	Write a natural, coherent English sentence.
260	28	Linda visited those unsure men.	Linda visited that unsure men.	-72.0	-72.0	-10.25	-10.25	False	False	morphology	determiner_noun_agreement	Write a natural, coherent English sentence.
261	28	Dan wouldn't boycott that smooth oasis.	Dan wouldn't boycott those smooth oasis.	-111.5	-111.0	-10.125	-10.125	False	False	morphology	determiner_noun_agreement	Write a natural, coherent English sentence.
262	28	Those men leave that brown oasis.	Those men leave those brown oasis.	-81.5	-81.5	-10.1875	-10.1875	False	False	morphology	determiner_noun_agreement	Write a natural, coherent English sentence.
263	28	Lissa does pass these black oases.	Lissa does pass this black oases.	-92.5	-92.5	-10.3125	-10.3125	False	False	morphology	determiner_noun_agreement	Write a natural, coherent English sentence.
264	28	Alice had embarrassed this happy man.	Alice had embarrassed these happy man.	-72.0	-72.0	-10.25	-10.25	False	False	morphology	determiner_noun_agreement	Write a natural, coherent English sentence.
265	28	Wayne is worrying that hopeful child.	Wayne is worrying those hopeful child.	-81.0	-81.0	-10.125	-10.125	False	False	morphology	determiner_noun_agreement	Write a natural, coherent English sentence.
266	28	Lucille is biking to that green oasis.	Lucille is biking to those green oasis.	-109.5	-110.0	-10.0	-10.0	True	False	morphology	determiner_noun_agreement	Write a natural, coherent English sentence.
267	28	Katherine hadn't skated around this white oasis.	Katherine hadn't skated around these white oasis.	-132.0	-132.0	-10.1875	-10.1875	False	False	morphology	determiner_noun_agreement	Write a natural, coherent English sentence.
268	28	James observed this hopeful child.	James observed these hopeful child.	-70.0	-70.0	-10.0	-10.0	False	False	morphology	determiner_noun_agreement	Write a natural, coherent English sentence.
269	28	Gerald liked this big child.	Gerald liked these big child.	-71.0	-71.0	-10.1875	-10.125	False	False	morphology	determiner_noun_agreement	Write a natural, coherent English sentence.
270	28	That committee wasn't hiring this displeased alumnus.	That committee wasn't hiring these displeased alumnus.	-141.0	-141.0	-10.0625	-10.0625	False	False	morphology	determiner_noun_agreement	Write a natural, coherent English sentence.
271	28	Gary isn't breaking that white tooth.	Gary isn't breaking those white tooth.	-92.0	-92.5	-10.25	-10.25	True	False	morphology	determiner_noun_agreement	Write a natural, coherent English sentence.
272	28	Walter hasn't seen those content children.	Walter hasn't seen that content children.	-92.0	-92.0	-10.1875	-10.1875	False	False	morphology	determiner_noun_agreement	Write a natural, coherent English sentence.
273	28	Martha didn't clean these hidden teeth.	Martha didn't clean this hidden teeth.	-91.5	-92.0	-10.1875	-10.1875	True	False	morphology	determiner_noun_agreement	Write a natural, coherent English sentence.
274	28	These teachers are returning to those lost men.	These teachers are returning to that lost men.	-91.5	-91.0	-10.125	-10.125	False	False	morphology	determiner_noun_agreement	Write a natural, coherent English sentence.
275	28	Ellen hadn't boycotted that hidden oasis.	Ellen hadn't boycotted those hidden oasis.	-122.0	-122.0	-10.125	-10.125	False	False	morphology	determiner_noun_agreement	Write a natural, coherent English sentence.
276	28	Some patients drive to these brown oases.	Some patients drive to this brown oases.	-92.0	-91.5	-10.1875	-10.1875	False	False	morphology	determiner_noun_agreement	Write a natural, coherent English sentence.
277	28	Nina wasn't referencing this ill person.	Nina wasn't referencing these ill person.	-101.5	-101.5	-10.1875	-10.1875	False	False	morphology	determiner_noun_agreement	Write a natural, coherent English sentence.
278	28	Denise praises these fast children.	Denise praises this fast children.	-81.0	-81.0	-10.125	-10.125	False	False	morphology	determiner_noun_agreement	Write a natural, coherent English sentence.
279	28	Most customers attack that clever man.	Most customers attack those clever man.	-72.0	-71.5	-10.3125	-10.25	False	False	morphology	determiner_noun_agreement	Write a natural, coherent English sentence.
280	28	Every photograph looks like those exposed people.	Every photograph looks like that exposed people.	-81.0	-81.5	-10.125	-10.1875	True	True	morphology	determiner_noun_agreement	Write a natural, coherent English sentence.
281	28	Cindy shouldn't cure that confident alumnus.	Cindy shouldn't cure those confident alumnus.	-132.0	-132.0	-10.1875	-10.1875	False	False	morphology	determiner_noun_agreement	Write a natural, coherent English sentence.
282	28	The Borgias reveal these blue feet.	The Borgias reveal this blue feet.	-92.0	-92.5	-10.25	-10.25	True	False	morphology	determiner_noun_agreement	Write a natural, coherent English sentence.
283	28	Ella lifts these exposed fungi.	Ella lifts this exposed fungi.	-91.0	-91.5	-10.125	-10.125	True	False	morphology	determiner_noun_agreement	Write a natural, coherent English sentence.
284	28	The Lutherans astound that unsure person.	The Lutherans astound those unsure person.	-102.0	-101.5	-10.1875	-10.125	False	False	morphology	determiner_noun_agreement	Write a natural, coherent English sentence.
285	28	These cakes bore that determined woman.	These cakes bore those determined woman.	-82.0	-82.0	-10.25	-10.25	False	False	morphology	determiner_noun_agreement	Write a natural, coherent English sentence.
286	28	Nina lifts this orange cactus.	Nina lifts these orange cactus.	-90.5	-90.5	-10.0625	-10.0625	False	False	morphology	determiner_noun_agreement	Write a natural, coherent English sentence.
287	28	The actors kiss these unconvinced children.	The actors kiss this unconvinced children.	-101.0	-101.0	-10.0625	-10.125	False	True	morphology	determiner_noun_agreement	Write a natural, coherent English sentence.
288	28	Sharon dislikes that brown thesis.	Sharon dislikes those brown thesis.	-90.5	-90.5	-10.0625	-10.0625	False	False	morphology	determiner_noun_agreement	Write a natural, coherent English sentence.
289	28	The customers sell these rough fungi.	The customers sell this rough fungi.	-81.0	-81.5	-10.125	-10.1875	True	True	morphology	determiner_noun_agreement	Write a natural, coherent English sentence.
290	28	Janice didn't cure those employed men.	Janice didn't cure that employed men.	-101.5	-102.0	-10.125	-10.1875	True	True	morphology	determiner_noun_agreement	Write a natural, coherent English sentence.
291	28	Paula left this uncertain person.	Paula left these uncertain person.	-71.0	-71.5	-10.1875	-10.25	True	True	morphology	determiner_noun_agreement	Write a natural, coherent English sentence.
292	28	Those guys had escaped from those employed children.	Those guys had escaped from that employed children.	-91.0	-91.0	-10.125	-10.125	False	False	morphology	determiner_noun_agreement	Write a natural, coherent English sentence.
293	28	Christine wasn't touring that old oasis.	Christine wasn't touring those old oasis.	-121.0	-121.0	-10.0625	-10.0625	False	False	morphology	determiner_noun_agreement	Write a natural, coherent English sentence.
294	28	These waitresses praise this rough thesis.	These waitresses praise these rough thesis.	-91.0	-91.0	-10.0625	-10.125	False	True	morphology	determiner_noun_agreement	Write a natural, coherent English sentence.
295	28	Some girls hadn't passed this concealed oasis.	Some girls hadn't passed these concealed oasis.	-122.0	-122.5	-10.1875	-10.1875	True	False	morphology	determiner_noun_agreement	Write a natural, coherent English sentence.
296	28	Andrea lifts these small cacti.	Andrea lifts this small cacti.	-91.0	-91.5	-10.125	-10.125	True	False	morphology	determiner_noun_agreement	Write a natural, coherent English sentence.
297	28	Kristen is scanning those bad synopses.	Kristen is scanning that bad synopses.	-111.0	-111.5	-10.125	-10.125	True	False	morphology	determiner_noun_agreement	Write a natural, coherent English sentence.
298	28	Alan is skated around these cheap oases.	Alan is skated around this cheap oases.	-102.5	-102.0	-10.25	-10.25	False	False	morphology	determiner_noun_agreement	Write a natural, coherent English sentence.
299	28	Kayla has investigated these busy people.	Kayla has investigated this busy people.	-81.5	-81.5	-10.1875	-10.1875	False	False	morphology	determiner_noun_agreement	Write a natural, coherent English sentence.
300	28	Timothy observes that good woman.	Timothy observes those good woman.	-80.0	-81.0	-10.0	-10.125	True	True	morphology	determiner_noun_agreement	Write a natural, coherent English sentence.
301	28	Every museum hadn't discussed those hidden theses.	Every museum hadn't discussed that hidden theses.	-112.0	-112.5	-10.1875	-10.1875	True	False	morphology	determiner_noun_agreement	Write a natural, coherent English sentence.
302	28	Some cashiers help this troubled person.	Some cashiers help these troubled person.	-90.0	-90.5	-10.0	-10.0625	True	True	morphology	determiner_noun_agreement	Write a natural, coherent English sentence.
303	28	Amanda was attacking that displeased woman.	Amanda was attacking those displeased woman.	-91.5	-91.5	-10.1875	-10.1875	False	False	morphology	determiner_noun_agreement	Write a natural, coherent English sentence.
304	28	This window upsets these lost people.	This window upsets this lost people.	-81.5	-82.0	-10.1875	-10.25	True	True	morphology	determiner_noun_agreement	Write a natural, coherent English sentence.
305	28	Cindy wasn't bringing those gray cacti.	Cindy wasn't bringing that gray cacti.	-132.0	-132.0	-10.125	-10.125	False	False	morphology	determiner_noun_agreement	Write a natural, coherent English sentence.
306	28	Peter complained about these good synopses.	Peter complained about this good synopses.	-91.0	-91.0	-10.125	-10.125	False	False	morphology	determiner_noun_agreement	Write a natural, coherent English sentence.
307	28	Danielle was touring those new oases.	Danielle was touring that new oases.	-101.0	-101.0	-10.0625	-10.0625	False	False	morphology	determiner_noun_agreement	Write a natural, coherent English sentence.
308	28	Elaine discusses that standing person.	Elaine discusses those standing person.	-81.0	-81.0	-10.125	-10.125	False	False	morphology	determiner_noun_agreement	Write a natural, coherent English sentence.
309	28	Jacqueline had healed those rough geese.	Jacqueline had healed that rough geese.	-110.5	-110.5	-10.0625	-10.0625	False	False	morphology	determiner_noun_agreement	Write a natural, coherent English sentence.
310	28	All rivers were distracting those standing men.	All rivers were distracting that standing men.	-91.5	-92.0	-10.125	-10.25	True	True	morphology	determiner_noun_agreement	Write a natural, coherent English sentence.
311	28	Some people exit those yellow oases.	Some people exit that yellow oases.	-81.0	-81.0	-10.125	-10.125	False	False	morphology	determiner_noun_agreement	Write a natural, coherent English sentence.
312	28	Becca isn't exploring these hard oases.	Becca isn't exploring this hard oases.	-112.0	-112.0	-10.1875	-10.1875	False	False	morphology	determiner_noun_agreement	Write a natural, coherent English sentence.
313	28	Timothy revealed that big foot.	Timothy revealed those big foot.	-70.0	-71.0	-10.0	-10.125	True	True	morphology	determiner_noun_agreement	Write a natural, coherent English sentence.
314	28	Adam fires these determined men.	Adam fires this determined men.	-62.0	-62.0	-10.3125	-10.3125	False	False	morphology	determiner_noun_agreement	Write a natural, coherent English sentence.
315	28	The teenagers clean this purple foot.	The teenagers clean these purple foot.	-80.5	-80.5	-10.0625	-10.0625	False	False	morphology	determiner_noun_agreement	Write a natural, coherent English sentence.
316	28	The Great Lakes could annoy that troubled man.	The Great Lakes could annoy those troubled man.	-111.0	-111.0	-10.0625	-10.0625	False	False	morphology	determiner_noun_agreement	Write a natural, coherent English sentence.
317	28	Karen discusses those bad men.	Karen discusses that bad men.	-71.5	-71.5	-10.1875	-10.1875	False	False	morphology	determiner_noun_agreement	Write a natural, coherent English sentence.
318	28	Phillip didn't find those ill alumni.	Phillip didn't find that ill alumni.	-121.0	-121.0	-10.0625	-10.0625	False	False	morphology	determiner_noun_agreement	Write a natural, coherent English sentence.
319	28	A lot of men reference these good analyses.	A lot of men reference this good analyses.	-101.5	-101.5	-10.125	-10.1875	False	True	morphology	determiner_noun_agreement	Write a natural, coherent English sentence.
320	28	Larry had insulted these lucky children.	Larry had insulted this lucky children.	-81.0	-81.5	-10.125	-10.1875	True	True	morphology	determiner_noun_agreement	Write a natural, coherent English sentence.
321	28	Debra is firing that determined child.	Debra is firing those determined child.	-82.0	-82.0	-10.25	-10.25	False	False	morphology	determiner_noun_agreement	Write a natural, coherent English sentence.
322	28	Noah was watching that fast woman.	Noah was watching those fast woman.	-71.0	-71.5	-10.1875	-10.1875	True	False	morphology	determiner_noun_agreement	Write a natural, coherent English sentence.
323	28	Gina works with that displeased person.	Gina works with those displeased person.	-101.0	-101.0	-10.125	-10.125	False	False	morphology	determiner_noun_agreement	Write a natural, coherent English sentence.
324	28	Most doctors would bring these big nuclei.	Most doctors would bring this big nuclei.	-92.0	-92.0	-10.1875	-10.1875	False	False	morphology	determiner_noun_agreement	Write a natural, coherent English sentence.
325	28	All drawings alarm that unconvinced child.	All drawings alarm those unconvinced child.	-101.5	-101.0	-10.1875	-10.125	False	False	morphology	determiner_noun_agreement	Write a natural, coherent English sentence.
326	28	Some libraries hate that busy man.	Some libraries hate those busy man.	-71.5	-71.5	-10.1875	-10.1875	False	False	morphology	determiner_noun_agreement	Write a natural, coherent English sentence.
327	28	Derek disgusted that unemployed child.	Derek disgusted those unemployed child.	-91.0	-91.0	-10.0625	-10.0625	False	False	morphology	determiner_noun_agreement	Write a natural, coherent English sentence.
328	28	Marla hadn't fired these good men.	Marla hadn't fired this good men.	-102.5	-102.5	-10.25	-10.25	False	False	morphology	determiner_noun_agreement	Write a natural, coherent English sentence.
329	28	Carmen examined that red thesis.	Carmen examined those red thesis.	-71.5	-71.5	-10.25	-10.1875	False	False	morphology	determiner_noun_agreement	Write a natural, coherent English sentence.
330	28	Amelia investigates this smart woman.	Amelia investigates these smart woman.	-81.0	-81.0	-10.125	-10.125	False	False	morphology	determiner_noun_agreement	Write a natural, coherent English sentence.
331	28	The Borgias hire that displeased alumnus.	The Borgias hire those displeased alumnus.	-131.0	-131.0	-10.0625	-10.0625	False	False	morphology	determiner_noun_agreement	Write a natural, coherent English sentence.
332	28	Stacey would arrive at these orange oases.	Stacey would arrive at this orange oases.	-111.0	-111.0	-10.0625	-10.0625	False	False	morphology	determiner_noun_agreement	Write a natural, coherent English sentence.
333	28	Anna works with this lucky man.	Anna works with these lucky man.	-71.0	-71.0	-10.1875	-10.125	False	False	morphology	determiner_noun_agreement	Write a natural, coherent English sentence.
334	28	Walter has scanned this rough thesis.	Walter has scanned these rough thesis.	-82.0	-82.0	-10.25	-10.25	False	False	morphology	determiner_noun_agreement	Write a natural, coherent English sentence.
335	28	Some mushroom bothered that lucky woman.	Some mushroom bothered those lucky woman.	-80.5	-80.5	-10.0625	-10.0625	False	False	morphology	determiner_noun_agreement	Write a natural, coherent English sentence.
336	28	Cynthia walked through this hard oasis.	Cynthia walked through these hard oasis.	-110.0	-110.5	-10.0	-10.0625	True	True	morphology	determiner_noun_agreement	Write a natural, coherent English sentence.
337	28	Liam has healed these black oxen.	Liam has healed this black oxen.	-101.0	-101.0	-10.125	-10.125	False	False	morphology	determiner_noun_agreement	Write a natural, coherent English sentence.
338	28	Andrew did notice these white axes.	Andrew did notice this white axes.	-82.0	-82.0	-10.25	-10.25	False	False	morphology	determiner_noun_agreement	Write a natural, coherent English sentence.
339	28	Bethany kisses these serious alumni.	Bethany kisses this serious alumni.	-100.5	-100.5	-10.0625	-10.0625	False	False	morphology	determiner_noun_agreement	Write a natural, coherent English sentence.
340	28	Vanessa watches this nice person.	Vanessa watches these nice person.	-71.0	-71.0	-10.125	-10.125	False	False	morphology	determiner_noun_agreement	Write a natural, coherent English sentence.
341	28	Every window astounded that big man.	Every window astounded those big man.	-91.0	-91.0	-10.125	-10.0625	False	False	morphology	determiner_noun_agreement	Write a natural, coherent English sentence.
342	28	Donna leaves that upset man.	Donna leaves those upset man.	-71.0	-71.0	-10.125	-10.1875	False	True	morphology	determiner_noun_agreement	Write a natural, coherent English sentence.
343	28	Many students drop by that orange oasis.	Many students drop by those orange oasis.	-91.5	-91.5	-10.1875	-10.1875	False	False	morphology	determiner_noun_agreement	Write a natural, coherent English sentence.
344	28	The sketches looked like this unsure man.	The sketches looked like these unsure man.	-110.5	-110.5	-10.0625	-10.0625	False	False	morphology	determiner_noun_agreement	Write a natural, coherent English sentence.
345	28	Helen fixes that broken tooth.	Helen fixes those broken tooth.	-70.0	-70.0	-10.0	-10.0	False	False	morphology	determiner_noun_agreement	Write a natural, coherent English sentence.
346	28	Robert wasn't annoying that old person.	Robert wasn't annoying those old person.	-92.0	-92.0	-10.1875	-10.25	False	True	morphology	determiner_noun_agreement	Write a natural, coherent English sentence.
347	28	Amy isn't talking to that young woman.	Amy isn't talking to those young woman.	-101.5	-102.0	-10.1875	-10.1875	True	False	morphology	determiner_noun_agreement	Write a natural, coherent English sentence.
348	28	Alan hadn't remembered these long analyses.	Alan hadn't remembered this long analyses.	-101.5	-102.0	-10.1875	-10.1875	True	False	morphology	determiner_noun_agreement	Write a natural, coherent English sentence.
349	28	Stephen is working with these out in the open women.	Stephen is working with this out in the open women.	-112.0	-112.0	-10.1875	-10.1875	False	False	morphology	determiner_noun_agreement	Write a natural, coherent English sentence.
350	28	This library had discussed these employed men.	This library had discussed this employed men.	-82.0	-82.0	-10.25	-10.25	False	False	morphology	determiner_noun_agreement	Write a natural, coherent English sentence.
351	28	This teenager can't worry those delighted men.	This teenager can't worry that delighted men.	-103.0	-103.0	-10.3125	-10.3125	False	False	morphology	determiner_noun_agreement	Write a natural, coherent English sentence.
352	28	Wendy revealed that sick octopus.	Wendy revealed those sick octopus.	-90.0	-91.0	-10.0	-10.0625	True	True	morphology	determiner_noun_agreement	Write a natural, coherent English sentence.
353	28	The Clintons haven't worked with that young person.	The Clintons haven't worked with those young person.	-131.0	-131.0	-10.125	-10.125	False	False	morphology	determiner_noun_agreement	Write a natural, coherent English sentence.
354	28	Some committee aggravates this unconvinced woman.	Some committee aggravates these unconvinced woman.	-120.5	-120.5	-10.0	-10.0625	False	True	morphology	determiner_noun_agreement	Write a natural, coherent English sentence.
355	28	Guy bored that troubled man.	Guy bored those troubled man.	-72.0	-71.5	-10.25	-10.25	False	False	morphology	determiner_noun_agreement	Write a natural, coherent English sentence.
356	28	Every actress scanned those bad analyses.	Every actress scanned that bad analyses.	-91.5	-92.0	-10.1875	-10.1875	True	False	morphology	determiner_noun_agreement	Write a natural, coherent English sentence.
357	28	A library alarms that determined child.	A library alarms those determined child.	-82.0	-82.0	-10.25	-10.25	False	False	morphology	determiner_noun_agreement	Write a natural, coherent English sentence.
358	28	Sheila can't notice this clever man.	Sheila can't notice these clever man.	-101.5	-101.0	-10.125	-10.125	False	False	morphology	determiner_noun_agreement	Write a natural, coherent English sentence.
359	28	James forgets this fast alumnus.	James forgets these fast alumnus.	-90.5	-90.5	-10.0625	-10.0625	False	False	morphology	determiner_noun_agreement	Write a natural, coherent English sentence.
360	28	Noah hasn't thought about these smooth lice.	Noah hasn't thought about this smooth lice.	-111.5	-111.5	-10.125	-10.125	False	False	morphology	determiner_noun_agreement	Write a natural, coherent English sentence.
361	28	Aaron sees these gray oases.	Aaron sees this gray oases.	-71.5	-71.5	-10.25	-10.25	False	False	morphology	determiner_noun_agreement	Write a natural, coherent English sentence.
362	28	Sherry has taken this standing goose.	Sherry has taken these standing goose.	-91.5	-91.5	-10.1875	-10.1875	False	False	morphology	determiner_noun_agreement	Write a natural, coherent English sentence.
363	28	Marie hasn't found those ill geese.	Marie hasn't found that ill geese.	-102.0	-102.0	-10.1875	-10.1875	False	False	morphology	determiner_noun_agreement	Write a natural, coherent English sentence.
364	28	Peter isn't arriving at that red oasis.	Peter isn't arriving at those red oasis.	-111.0	-111.0	-10.125	-10.125	False	False	morphology	determiner_noun_agreement	Write a natural, coherent English sentence.
365	28	Jill isn't boycotting those orange oases.	Jill isn't boycotting that orange oases.	-141.0	-141.0	-10.0625	-10.125	False	True	morphology	determiner_noun_agreement	Write a natural, coherent English sentence.
366	28	Julia messes up that orange foot.	Julia messes up those orange foot.	-81.0	-81.0	-10.125	-10.125	False	False	morphology	determiner_noun_agreement	Write a natural, coherent English sentence.
367	28	That hill didn't disturb that content woman.	That hill didn't disturb those content woman.	-102.0	-102.0	-10.1875	-10.1875	False	False	morphology	determiner_noun_agreement	Write a natural, coherent English sentence.
368	28	Suzanne has concealed that concealed man.	Suzanne has concealed those concealed man.	-100.0	-100.5	-10.0	-10.0625	True	True	morphology	determiner_noun_agreement	Write a natural, coherent English sentence.
369	28	Alicia sells that orange octopus.	Alicia sells those orange octopus.	-109.0	-109.0	-9.9375	-9.875	False	False	morphology	determiner_noun_agreement	Write a natural, coherent English sentence.
370	28	Leslie has discussed that delighted child.	Leslie has discussed those delighted child.	-81.5	-81.5	-10.1875	-10.1875	False	False	morphology	determiner_noun_agreement	Write a natural, coherent English sentence.
371	28	Andrea could like these white lice.	Andrea could like this white lice.	-81.5	-81.5	-10.1875	-10.1875	False	False	morphology	determiner_noun_agreement	Write a natural, coherent English sentence.
372	28	Most children break those rough teeth.	Most children break that rough teeth.	-71.5	-71.5	-10.25	-10.25	False	False	morphology	determiner_noun_agreement	Write a natural, coherent English sentence.
373	28	Richard did work with this clever child.	Richard did work with these clever child.	-82.0	-82.0	-10.25	-10.25	False	False	morphology	determiner_noun_agreement	Write a natural, coherent English sentence.
374	28	Anne hugs this unemployed woman.	Anne hugs these unemployed woman.	-80.0	-80.0	-10.0	-10.0	False	False	morphology	determiner_noun_agreement	Write a natural, coherent English sentence.
375	28	Those actors attack that excited child.	Those actors attack those excited child.	-72.0	-72.0	-10.25	-10.25	False	False	morphology	determiner_noun_agreement	Write a natural, coherent English sentence.
376	28	Bruce was hugging that unconvinced man.	Bruce was hugging those unconvinced man.	-110.0	-110.0	-10.0	-10.0	False	False	morphology	determiner_noun_agreement	Write a natural, coherent English sentence.
377	28	Patrick hasn't hidden this orange oasis.	Patrick hasn't hidden these orange oasis.	-102.5	-102.5	-10.25	-10.25	False	False	morphology	determiner_noun_agreement	Write a natural, coherent English sentence.
378	28	Alicia hadn't discussed that uncertain person.	Alicia hadn't discussed those uncertain person.	-111.5	-111.5	-10.125	-10.125	False	False	morphology	determiner_noun_agreement	Write a natural, coherent English sentence.
379	28	Susan wasn't talking to those confident men.	Susan wasn't talking to that confident men.	-101.5	-102.0	-10.1875	-10.1875	True	False	morphology	determiner_noun_agreement	Write a natural, coherent English sentence.
380	28	Cheryl will scan that good synopsis.	Cheryl will scan those good synopsis.	-91.0	-91.0	-10.125	-10.125	False	False	morphology	determiner_noun_agreement	Write a natural, coherent English sentence.
381	28	Tamara kissed that unsure man.	Tamara kissed those unsure man.	-81.0	-81.0	-10.125	-10.125	False	False	morphology	determiner_noun_agreement	Write a natural, coherent English sentence.
382	28	Craig boasts about those bad analyses.	Craig boasts about that bad analyses.	-91.0	-91.0	-10.125	-10.125	False	False	morphology	determiner_noun_agreement	Write a natural, coherent English sentence.
383	28	Randolf hadn't hugged those serious people.	Randolf hadn't hugged that serious people.	-111.5	-111.5	-10.125	-10.125	False	False	morphology	determiner_noun_agreement	Write a natural, coherent English sentence.
384	28	Many doctors cure these exposed men.	Many doctors cure this exposed men.	-71.5	-71.5	-10.25	-10.25	False	False	morphology	determiner_noun_agreement	Write a natural, coherent English sentence.
385	28	Women criticized those smooth theses.	Women criticized that smooth theses.	-81.0	-81.0	-10.125	-10.125	False	False	morphology	determiner_noun_agreement	Write a natural, coherent English sentence.
386	28	Some light disturbs that old person.	Some light disturbs those old person.	-91.5	-91.5	-10.125	-10.1875	False	True	morphology	determiner_noun_agreement	Write a natural, coherent English sentence.
387	28	Carol was questioning this big man.	Carol was questioning these big man.	-71.5	-71.5	-10.25	-10.25	False	False	morphology	determiner_noun_agreement	Write a natural, coherent English sentence.
388	28	Sara has gone to that old oasis.	Sara has gone to those old oasis.	-90.5	-91.0	-10.0625	-10.125	True	True	morphology	determiner_noun_agreement	Write a natural, coherent English sentence.
389	28	Steven brought these red oases.	Steven brought this red oases.	-71.5	-71.5	-10.1875	-10.1875	False	False	morphology	determiner_noun_agreement	Write a natural, coherent English sentence.
390	28	Diana will disgust these ill children.	Diana will disgust this ill children.	-72.0	-72.5	-10.3125	-10.3125	True	False	morphology	determiner_noun_agreement	Write a natural, coherent English sentence.
391	28	Steven disturbs these sick alumni.	Steven disturbs this sick alumni.	-101.5	-101.5	-10.125	-10.125	False	False	morphology	determiner_noun_agreement	Write a natural, coherent English sentence.
392	28	Angela wasn't lifting these blue feet.	Angela wasn't lifting this blue feet.	-92.0	-92.5	-10.25	-10.25	True	False	morphology	determiner_noun_agreement	Write a natural, coherent English sentence.
393	28	Sharon hasn't stunned that unsure child.	Sharon hasn't stunned those unsure child.	-123.0	-122.5	-10.25	-10.25	False	False	morphology	determiner_noun_agreement	Write a natural, coherent English sentence.
394	28	These girls question that concealed man.	These girls question those concealed man.	-81.5	-81.0	-10.1875	-10.125	False	False	morphology	determiner_noun_agreement	Write a natural, coherent English sentence.
395	28	Martha wasn't kissing this unemployed man.	Martha wasn't kissing these unemployed man.	-110.0	-110.0	-10.0	-10.0	False	False	morphology	determiner_noun_agreement	Write a natural, coherent English sentence.
396	28	Kendra isn't working with this excited child.	Kendra isn't working with these excited child.	-122.5	-122.5	-10.1875	-10.1875	False	False	morphology	determiner_noun_agreement	Write a natural, coherent English sentence.
397	28	All actresses praise this hard thesis.	All actresses praise these hard thesis.	-81.0	-81.0	-10.125	-10.125	False	False	morphology	determiner_noun_agreement	Write a natural, coherent English sentence.
398	28	David cleans that hard tooth.	David cleans those hard tooth.	-71.0	-71.0	-10.1875	-10.1875	False	False	morphology	determiner_noun_agreement	Write a natural, coherent English sentence.
399	28	Julia sounded like this uncertain person.	Julia sounded like these uncertain person.	-71.5	-71.5	-10.1875	-10.25	False	True	morphology	determiner_noun_agreement	Write a natural, coherent English sentence.
400	28	Those actors attacked that happy alumnus.	Those actors attacked those happy alumnus.	-91.5	-91.5	-10.125	-10.125	False	False	morphology	determiner_noun_agreement	Write a natural, coherent English sentence.
401	28	Eva hadn't admired these black fungi.	Eva hadn't admired this black fungi.	-112.0	-112.0	-10.1875	-10.1875	False	False	morphology	determiner_noun_agreement	Write a natural, coherent English sentence.
402	28	Many chairs aren't disgusting this unlucky child.	Many chairs aren't disgusting these unlucky child.	-131.0	-131.0	-10.0625	-10.0625	False	False	morphology	determiner_noun_agreement	Write a natural, coherent English sentence.
403	28	Those waiters break these rough teeth.	Those waiters break this rough teeth.	-81.5	-82.0	-10.1875	-10.25	True	True	morphology	determiner_noun_agreement	Write a natural, coherent English sentence.
404	28	Becca leaves this uncertain child.	Becca leaves these uncertain child.	-71.5	-71.5	-10.1875	-10.25	False	True	morphology	determiner_noun_agreement	Write a natural, coherent English sentence.
405	28	Some steak disturbs these displeased children.	Some steak disturbs this displeased children.	-121.0	-121.0	-10.0625	-10.0625	False	False	morphology	determiner_noun_agreement	Write a natural, coherent English sentence.
406	28	Christine wouldn't conceal this lost stimulus.	Christine wouldn't conceal these lost stimulus.	-121.5	-121.0	-10.125	-10.125	False	False	morphology	determiner_noun_agreement	Write a natural, coherent English sentence.
407	28	Every face irritates those unemployed alumni.	Every face irritates that unemployed alumni.	-109.5	-109.5	-9.9375	-9.9375	False	False	morphology	determiner_noun_agreement	Write a natural, coherent English sentence.
408	28	Susan noticed that unlucky person.	Susan noticed those unlucky person.	-80.5	-81.0	-10.0625	-10.125	True	True	morphology	determiner_noun_agreement	Write a natural, coherent English sentence.
409	28	Some women drop by those concealed oases.	Some women drop by that concealed oases.	-102.0	-102.0	-10.1875	-10.1875	False	False	morphology	determiner_noun_agreement	Write a natural, coherent English sentence.
410	28	The Clintons disagree with these serious men.	The Clintons disagree with this serious men.	-101.0	-101.0	-10.125	-10.125	False	False	morphology	determiner_noun_agreement	Write a natural, coherent English sentence.
411	28	Phillip discovers these busy women.	Phillip discovers this busy women.	-81.0	-81.0	-10.125	-10.125	False	False	morphology	determiner_noun_agreement	Write a natural, coherent English sentence.
412	28	Waiters investigate that hopeful woman.	Waiters investigate those hopeful woman.	-80.0	-80.0	-10.0	-10.0	False	False	morphology	determiner_noun_agreement	Write a natural, coherent English sentence.
413	28	Regina hasn't found these white nuclei.	Regina hasn't found this white nuclei.	-121.5	-122.0	-10.125	-10.125	True	False	morphology	determiner_noun_agreement	Write a natural, coherent English sentence.
414	28	Irene scanned those purple theses.	Irene scanned that purple theses.	-91.5	-91.5	-10.125	-10.1875	False	True	morphology	determiner_noun_agreement	Write a natural, coherent English sentence.
415	28	A bank references those popular people.	A bank references that popular people.	-72.0	-72.0	-10.3125	-10.3125	False	False	morphology	determiner_noun_agreement	Write a natural, coherent English sentence.
416	28	Vincent tours this old oasis.	Vincent tours these old oasis.	-71.0	-71.0	-10.1875	-10.1875	False	False	morphology	determiner_noun_agreement	Write a natural, coherent English sentence.
417	28	Alicia kisses that standing woman.	Alicia kisses those standing woman.	-91.0	-91.0	-10.0625	-10.125	False	True	morphology	determiner_noun_agreement	Write a natural, coherent English sentence.
418	28	Some candles aren't boring those displeased men.	Some candles aren't boring that displeased men.	-132.0	-132.0	-10.125	-10.125	False	False	morphology	determiner_noun_agreement	Write a natural, coherent English sentence.
419	28	That teenager does care for this old alumnus.	That teenager does care for these old alumnus.	-111.0	-111.5	-10.0625	-10.125	True	True	morphology	determiner_noun_agreement	Write a natural, coherent English sentence.
420	28	A lot of drawings weren't alarming that displeased man.	A lot of drawings weren't alarming those displeased man.	-151.0	-151.0	-10.0625	-10.0625	False	False	morphology	determiner_noun_agreement	Write a natural, coherent English sentence.
421	28	That face astounded that important woman.	That face astounded those important woman.	-91.0	-91.0	-10.0625	-10.125	False	True	morphology	determiner_noun_agreement	Write a natural, coherent English sentence.
422	28	Tiffany had approached these unemployed people.	Tiffany had approached this unemployed people.	-100.5	-100.5	-10.0625	-10.0625	False	False	morphology	determiner_noun_agreement	Write a natural, coherent English sentence.
423	28	Christina is passing these rough oases.	Christina is passing this rough oases.	-91.0	-91.5	-10.125	-10.125	True	False	morphology	determiner_noun_agreement	Write a natural, coherent English sentence.
424	28	Debra was praising those busy people.	Debra was praising that busy people.	-91.0	-91.5	-10.125	-10.1875	True	True	morphology	determiner_noun_agreement	Write a natural, coherent English sentence.
425	28	The doctors didn't care for these scared children.	The doctors didn't care for this scared children.	-111.0	-111.5	-10.125	-10.125	True	False	morphology	determiner_noun_agreement	Write a natural, coherent English sentence.
426	28	Those ladders stun these small people.	Those ladders stun this small people.	-102.0	-102.0	-10.1875	-10.25	False	True	morphology	determiner_noun_agreement	Write a natural, coherent English sentence.
427	28	Samuel isn't distracting these clever women.	Samuel isn't distracting this clever women.	-102.0	-102.0	-10.1875	-10.25	False	True	morphology	determiner_noun_agreement	Write a natural, coherent English sentence.
428	28	Lucille dropped by those new oases.	Lucille dropped by that new oases.	-91.0	-91.0	-10.125	-10.125	False	False	morphology	determiner_noun_agreement	Write a natural, coherent English sentence.
429	28	A legislature should aggravate that busy child.	A legislature should aggravate those busy child.	-111.0	-111.0	-10.0625	-10.0625	False	False	morphology	determiner_noun_agreement	Write a natural, coherent English sentence.
430	28	Larry observed that lucky child.	Larry observed those lucky child.	-61.25	-61.5	-10.25	-10.25	True	False	morphology	determiner_noun_agreement	Write a natural, coherent English sentence.
431	28	Lawrence wasn't approaching those troubled children.	Lawrence wasn't approaching that troubled children.	-101.5	-102.0	-10.1875	-10.1875	True	False	morphology	determiner_noun_agreement	Write a natural, coherent English sentence.
432	28	Most libraries describe those delighted men.	Most libraries describe that delighted men.	-72.0	-72.0	-10.3125	-10.3125	False	False	morphology	determiner_noun_agreement	Write a natural, coherent English sentence.
433	28	The Impressionists alarms that sick child.	The Impressionists alarms those sick child.	-101.0	-101.0	-10.125	-10.125	False	False	morphology	determiner_noun_agreement	Write a natural, coherent English sentence.
434	28	A lot of children have this exposed axis.	A lot of children have these exposed axis.	-91.0	-91.0	-10.125	-10.125	False	False	morphology	determiner_noun_agreement	Write a natural, coherent English sentence.
435	28	Melissa couldn't reveal that small man.	Melissa couldn't reveal those small man.	-101.5	-101.5	-10.125	-10.125	False	False	morphology	determiner_noun_agreement	Write a natural, coherent English sentence.
436	28	These carriages won't impress those bad men.	These carriages won't impress that bad men.	-112.0	-112.5	-10.1875	-10.25	True	True	morphology	determiner_noun_agreement	Write a natural, coherent English sentence.
437	28	Many girls drop by that red oasis.	Many girls drop by those red oasis.	-91.5	-91.5	-10.1875	-10.1875	False	False	morphology	determiner_noun_agreement	Write a natural, coherent English sentence.
438	28	The Impressionists fled from this small woman.	The Impressionists fled from these small woman.	-99.5	-100.0	-10.0	-10.0	True	False	morphology	determiner_noun_agreement	Write a natural, coherent English sentence.
439	28	Ann arrived at that blue oasis.	Ann arrived at those blue oasis.	-80.5	-81.0	-10.0625	-10.125	True	True	morphology	determiner_noun_agreement	Write a natural, coherent English sentence.
440	28	The sock isn't disturbing those lucky children.	The sock isn't disturbing that lucky children.	-110.5	-111.0	-10.0625	-10.125	True	True	morphology	determiner_noun_agreement	Write a natural, coherent English sentence.
441	28	Those socks were shocking those unlucky men.	Those socks were shocking that unlucky men.	-110.0	-110.5	-10.0	-10.0625	True	True	morphology	determiner_noun_agreement	Write a natural, coherent English sentence.
442	28	Christine wasn't walking through those cheap oases.	Christine wasn't walking through that cheap oases.	-122.0	-122.0	-10.1875	-10.1875	False	False	morphology	determiner_noun_agreement	Write a natural, coherent English sentence.
443	28	Mary appreciates those content women.	Mary appreciates that content women.	-71.0	-71.0	-10.1875	-10.1875	False	False	morphology	determiner_noun_agreement	Write a natural, coherent English sentence.
444	28	That lady didn't question this ill person.	That lady didn't question these ill person.	-102.0	-102.0	-10.1875	-10.1875	False	False	morphology	determiner_noun_agreement	Write a natural, coherent English sentence.
445	28	Most birds annoy this young woman.	Most birds annoy these young woman.	-70.5	-71.0	-10.0625	-10.125	True	True	morphology	determiner_noun_agreement	Write a natural, coherent English sentence.
446	28	Amelia is kissing these content men.	Amelia is kissing this content men.	-91.0	-90.5	-10.0625	-10.0625	False	False	morphology	determiner_noun_agreement	Write a natural, coherent English sentence.
447	28	Judy isn't taking those standing oxen.	Judy isn't taking that standing oxen.	-112.0	-112.0	-10.1875	-10.1875	False	False	morphology	determiner_noun_agreement	Write a natural, coherent English sentence.
448	28	Irene is discussing those clever alumni.	Irene is discussing that clever alumni.	-101.0	-101.5	-10.125	-10.125	True	False	morphology	determiner_noun_agreement	Write a natural, coherent English sentence.
449	28	Danielle could describe these long analyses.	Danielle could describe this long analyses.	-91.0	-91.0	-10.125	-10.125	False	False	morphology	determiner_noun_agreement	Write a natural, coherent English sentence.
450	28	Eva hasn't praised that lucky woman.	Eva hasn't praised those lucky woman.	-92.0	-92.0	-10.25	-10.25	False	False	morphology	determiner_noun_agreement	Write a natural, coherent English sentence.
451	28	Grace might observe that unlucky woman.	Grace might observe those unlucky woman.	-91.0	-91.5	-10.0625	-10.1875	True	True	morphology	determiner_noun_agreement	Write a natural, coherent English sentence.
452	28	The Clintons bothered these clever people.	The Clintons bothered this clever people.	-91.5	-91.5	-10.125	-10.1875	False	True	morphology	determiner_noun_agreement	Write a natural, coherent English sentence.
453	28	April hadn't embarrassed those employed alumni.	April hadn't embarrassed that employed alumni.	-112.0	-112.0	-10.1875	-10.1875	False	False	morphology	determiner_noun_agreement	Write a natural, coherent English sentence.
454	28	Marie shouldn't forget that happy man.	Marie shouldn't forget those happy man.	-91.5	-91.5	-10.1875	-10.1875	False	False	morphology	determiner_noun_agreement	Write a natural, coherent English sentence.
455	28	Renee isn't breaking that cheap foot.	Renee isn't breaking those cheap foot.	-112.5	-112.5	-10.1875	-10.1875	False	False	morphology	determiner_noun_agreement	Write a natural, coherent English sentence.
456	28	Monica shouldn't sell those new oases.	Monica shouldn't sell that new oases.	-111.5	-111.5	-10.125	-10.125	False	False	morphology	determiner_noun_agreement	Write a natural, coherent English sentence.
457	28	Every dancer has returned to that troubled man.	Every dancer has returned to those troubled man.	-111.0	-111.0	-10.0625	-10.0625	False	False	morphology	determiner_noun_agreement	Write a natural, coherent English sentence.
458	28	Those dancers break those green teeth.	Those dancers break that green teeth.	-82.0	-82.0	-10.25	-10.25	False	False	morphology	determiner_noun_agreement	Write a natural, coherent English sentence.
459	28	These teachers talk about these fast women.	These teachers talk about this fast women.	-81.5	-81.5	-10.1875	-10.1875	False	False	morphology	determiner_noun_agreement	Write a natural, coherent English sentence.
460	28	Spain hasn't praised that happy man.	Spain hasn't praised those happy man.	-92.5	-92.5	-10.25	-10.3125	False	True	morphology	determiner_noun_agreement	Write a natural, coherent English sentence.
461	28	Monica does kiss those good people.	Monica does kiss that good people.	-81.0	-81.5	-10.125	-10.1875	True	True	morphology	determiner_noun_agreement	Write a natural, coherent English sentence.
462	28	Benjamin can boast about those busy men.	Benjamin can boast about that busy men.	-91.5	-91.5	-10.125	-10.1875	False	True	morphology	determiner_noun_agreement	Write a natural, coherent English sentence.
463	28	Donald conceals this lost nucleus.	Donald conceals these lost nucleus.	-81.5	-81.5	-10.1875	-10.1875	False	False	morphology	determiner_noun_agreement	Write a natural, coherent English sentence.
464	28	Gregory was embarrassing this big woman.	Gregory was embarrassing these big woman.	-82.0	-82.0	-10.25	-10.25	False	False	morphology	determiner_noun_agreement	Write a natural, coherent English sentence.
465	28	The waiter wasn't stunning that hidden child.	The waiter wasn't stunning those hidden child.	-112.0	-112.5	-10.1875	-10.1875	True	False	morphology	determiner_noun_agreement	Write a natural, coherent English sentence.
466	28	A lot of photographs haven't looked like this red stimulus.	A lot of photographs haven't looked like these red stimulus.	-140.0	-140.0	-10.0	-10.0	False	False	morphology	determiner_noun_agreement	Write a natural, coherent English sentence.
467	28	A patient fixed those cheap feet.	A patient fixed that cheap feet.	-72.0	-72.5	-10.25	-10.375	True	True	morphology	determiner_noun_agreement	Write a natural, coherent English sentence.
468	28	Many gates shouldn't astound these unsure alumni.	Many gates shouldn't astound this unsure alumni.	-142.0	-142.0	-10.125	-10.125	False	False	morphology	determiner_noun_agreement	Write a natural, coherent English sentence.
469	28	That picture hasn't looked like these big men.	That picture hasn't looked like this big men.	-111.5	-111.0	-10.125	-10.125	False	False	morphology	determiner_noun_agreement	Write a natural, coherent English sentence.
470	28	These waitresses talk about this hidden thesis.	These waitresses talk about these hidden thesis.	-100.5	-100.5	-10.0625	-10.0625	False	False	morphology	determiner_noun_agreement	Write a natural, coherent English sentence.
471	28	Stacy concealed those gray axes.	Stacy concealed that gray axes.	-92.0	-92.0	-10.1875	-10.1875	False	False	morphology	determiner_noun_agreement	Write a natural, coherent English sentence.
472	28	Nicole remembers those serious alumni.	Nicole remembers that serious alumni.	-91.0	-91.5	-10.125	-10.125	True	False	morphology	determiner_noun_agreement	Write a natural, coherent English sentence.
473	28	Leslie hadn't gone to that small oasis.	Leslie hadn't gone to those small oasis.	-120.5	-120.5	-10.0625	-10.0625	False	False	morphology	determiner_noun_agreement	Write a natural, coherent English sentence.
474	28	Joel wasn't praising this ill person.	Joel wasn't praising these ill person.	-102.0	-102.5	-10.1875	-10.25	True	True	morphology	determiner_noun_agreement	Write a natural, coherent English sentence.
475	28	These drivers embarrasses this young alumnus.	These drivers embarrasses these young alumnus.	-100.5	-101.0	-10.0625	-10.0625	True	False	morphology	determiner_noun_agreement	Write a natural, coherent English sentence.
476	28	Beef bores that delighted woman.	Beef bores those delighted woman.	-82.0	-82.0	-10.25	-10.25	False	False	morphology	determiner_noun_agreement	Write a natural, coherent English sentence.
477	28	Mitchell goes to this gray oasis.	Mitchell goes to these gray oasis.	-81.0	-81.0	-10.125	-10.125	False	False	morphology	determiner_noun_agreement	Write a natural, coherent English sentence.
478	28	The mouth bores these upset men.	The mouth bores this upset men.	-82.5	-82.5	-10.3125	-10.3125	False	False	morphology	determiner_noun_agreement	Write a natural, coherent English sentence.
479	28	Most legislatures discuss those good people.	Most legislatures discuss that good people.	-81.5	-82.0	-10.1875	-10.25	True	True	morphology	determiner_noun_agreement	Write a natural, coherent English sentence.
480	28	The boys mess up those purple feet.	The boys mess up that purple feet.	-81.5	-81.5	-10.1875	-10.1875	False	False	morphology	determiner_noun_agreement	Write a natural, coherent English sentence.
481	28	Cashiers describe these fast children.	Cashiers describe this fast children.	-71.0	-71.0	-10.1875	-10.1875	False	False	morphology	determiner_noun_agreement	Write a natural, coherent English sentence.
482	28	Roger has fired those unconvinced men.	Roger has fired that unconvinced men.	-101.5	-102.0	-10.125	-10.1875	True	True	morphology	determiner_noun_agreement	Write a natural, coherent English sentence.
483	28	Amy wasn't kissing this content man.	Amy wasn't kissing these content man.	-101.0	-101.5	-10.125	-10.1875	True	True	morphology	determiner_noun_agreement	Write a natural, coherent English sentence.
484	28	Every dancer hadn't praised those good analyses.	Every dancer hadn't praised that good analyses.	-122.5	-122.5	-10.1875	-10.25	False	True	morphology	determiner_noun_agreement	Write a natural, coherent English sentence.
485	28	Rhonda wasn't hiding those red mice.	Rhonda wasn't hiding that red mice.	-112.0	-112.0	-10.1875	-10.1875	False	False	morphology	determiner_noun_agreement	Write a natural, coherent English sentence.
486	28	Every pedestrian talks about that bad synopsis.	Every pedestrian talks about those bad synopsis.	-100.0	-99.5	-10.0	-10.0	False	False	morphology	determiner_noun_agreement	Write a natural, coherent English sentence.
487	28	The fish shocks these old alumni.	The fish shocks this old alumni.	-100.5	-100.5	-10.0625	-10.0625	False	False	morphology	determiner_noun_agreement	Write a natural, coherent English sentence.
488	28	Those waitresses visited those scared alumni.	Those waitresses visited that scared alumni.	-110.0	-110.0	-10.0	-10.0	False	False	morphology	determiner_noun_agreement	Write a natural, coherent English sentence.
489	28	That library was listening to this nice man.	That library was listening to these nice man.	-91.0	-91.0	-10.0625	-10.125	False	True	morphology	determiner_noun_agreement	Write a natural, coherent English sentence.
490	28	Steve wasn't bringing that blue stimulus.	Steve wasn't bringing those blue stimulus.	-101.5	-101.5	-10.1875	-10.125	False	False	morphology	determiner_noun_agreement	Write a natural, coherent English sentence.
491	28	Some guest was hiring that scared woman.	Some guest was hiring those scared woman.	-82.0	-82.5	-10.25	-10.3125	True	True	morphology	determiner_noun_agreement	Write a natural, coherent English sentence.
492	28	The spotlights upset this unconvinced alumnus.	The spotlights upset these unconvinced alumnus.	-130.0	-130.0	-10.0	-10.0	False	False	morphology	determiner_noun_agreement	Write a natural, coherent English sentence.
493	28	Todd might observe this lost man.	Todd might observe these lost man.	-72.0	-72.0	-10.25	-10.25	False	False	morphology	determiner_noun_agreement	Write a natural, coherent English sentence.
494	28	People could describe that unconvinced person.	People could describe those unconvinced person.	-101.0	-101.5	-10.125	-10.125	True	False	morphology	determiner_noun_agreement	Write a natural, coherent English sentence.
495	28	That waiter had astounded these lucky people.	That waiter had astounded this lucky people.	-110.5	-111.0	-10.0625	-10.125	True	True	morphology	determiner_noun_agreement	Write a natural, coherent English sentence.
496	28	Kendra disgusted these confident women.	Kendra disgusted this confident women.	-92.0	-92.0	-10.1875	-10.25	False	True	morphology	determiner_noun_agreement	Write a natural, coherent English sentence.
497	28	Spain hasn't annoyed those old people.	Spain hasn't annoyed that old people.	-101.0	-101.0	-10.125	-10.125	False	False	morphology	determiner_noun_agreement	Write a natural, coherent English sentence.
498	28	Steve kisses these out in the open people.	Steve kisses this out in the open people.	-101.0	-101.0	-10.0625	-10.0625	False	False	morphology	determiner_noun_agreement	Write a natural, coherent English sentence.
499	28	Wayne kissed those unconvinced men.	Wayne kissed that unconvinced men.	-91.0	-91.5	-10.125	-10.125	True	False	morphology	determiner_noun_agreement	Write a natural, coherent English sentence.
500	28	Douglas has brought those lost cacti.	Douglas has brought that lost cacti.	-91.5	-91.5	-10.125	-10.125	False	False	morphology	determiner_noun_agreement	Write a natural, coherent English sentence.
501	28	Tammy can't reveal that big alumnus.	Tammy can't reveal those big alumnus.	-121.5	-121.5	-10.125	-10.125	False	False	morphology	determiner_noun_agreement	Write a natural, coherent English sentence.
502	28	Deborah fled from those standing children.	Deborah fled from that standing children.	-90.5	-90.5	-10.0625	-10.0625	False	False	morphology	determiner_noun_agreement	Write a natural, coherent English sentence.
503	28	A man wasn't cleaning that hard fungus.	A man wasn't cleaning those hard fungus.	-122.0	-122.0	-10.125	-10.125	False	False	morphology	determiner_noun_agreement	Write a natural, coherent English sentence.
504	28	Danielle has broken those gray teeth.	Danielle has broken that gray teeth.	-81.0	-81.0	-10.125	-10.125	False	False	morphology	determiner_noun_agreement	Write a natural, coherent English sentence.
505	28	Derek praised this big thesis.	Derek praised these big thesis.	-72.0	-72.0	-10.3125	-10.3125	False	False	morphology	determiner_noun_agreement	Write a natural, coherent English sentence.
506	28	Gary has disgusted those unsure people.	Gary has disgusted that unsure people.	-92.0	-91.5	-10.1875	-10.1875	False	False	morphology	determiner_noun_agreement	Write a natural, coherent English sentence.
507	28	A senator insulted this bad synopsis.	A senator insulted these bad synopsis.	-101.0	-100.5	-10.0625	-10.0625	False	False	morphology	determiner_noun_agreement	Write a natural, coherent English sentence.
508	28	A lot of drivers visit these purple oases.	A lot of drivers visit this purple oases.	-101.5	-101.5	-10.125	-10.125	False	False	morphology	determiner_noun_agreement	Write a natural, coherent English sentence.
509	28	Richard isn't attacking this fast child.	Richard isn't attacking these fast child.	-92.0	-92.0	-10.25	-10.25	False	False	morphology	determiner_noun_agreement	Write a natural, coherent English sentence.
510	28	Frank shocked that unsure man.	Frank shocked those unsure man.	-72.5	-72.0	-10.3125	-10.25	False	False	morphology	determiner_noun_agreement	Write a natural, coherent English sentence.
511	28	Brett returned to that confident man.	Brett returned to those confident man.	-81.5	-81.5	-10.1875	-10.1875	False	False	morphology	determiner_noun_agreement	Write a natural, coherent English sentence.
512	28	Many ladies weren't passing these old oases.	Many ladies weren't passing this old oases.	-112.5	-112.5	-10.25	-10.25	False	False	morphology	determiner_noun_agreement	Write a natural, coherent English sentence.
513	28	A waiter brought those purple teeth.	A waiter brought that purple teeth.	-80.5	-80.5	-10.0625	-10.0625	False	False	morphology	determiner_noun_agreement	Write a natural, coherent English sentence.
514	28	Beverly has fired this fast alumnus.	Beverly has fired these fast alumnus.	-102.0	-102.0	-10.1875	-10.1875	False	False	morphology	determiner_noun_agreement	Write a natural, coherent English sentence.
515	28	Men haven't observed that standing man.	Men haven't observed those standing man.	-92.0	-92.0	-10.25	-10.25	False	False	morphology	determiner_noun_agreement	Write a natural, coherent English sentence.
516	28	Tiffany admired this ill child.	Tiffany admired these ill child.	-91.0	-91.0	-10.125	-10.125	False	False	morphology	determiner_noun_agreement	Write a natural, coherent English sentence.
517	28	That patient didn't love that unemployed alumnus.	That patient didn't love those unemployed alumnus.	-131.0	-131.0	-10.0625	-10.0625	False	False	morphology	determiner_noun_agreement	Write a natural, coherent English sentence.
518	28	Aaron reveals that red tooth.	Aaron reveals those red tooth.	-61.75	-62.0	-10.3125	-10.375	True	True	morphology	determiner_noun_agreement	Write a natural, coherent English sentence.
519	28	Monica was insulting those bad people.	Monica was insulting that bad people.	-90.5	-91.0	-10.0625	-10.125	True	True	morphology	determiner_noun_agreement	Write a natural, coherent English sentence.
520	28	These teenagers watch that old alumnus.	These teenagers watch those old alumnus.	-99.5	-99.5	-9.9375	-9.9375	False	False	morphology	determiner_noun_agreement	Write a natural, coherent English sentence.
521	28	Tina might confuse this exposed child.	Tina might confuse these exposed child.	-92.0	-92.0	-10.25	-10.25	False	False	morphology	determiner_noun_agreement	Write a natural, coherent English sentence.
522	28	A face was confusing that nice woman.	A face was confusing those nice woman.	-82.0	-82.0	-10.25	-10.25	False	False	morphology	determiner_noun_agreement	Write a natural, coherent English sentence.
523	28	An adult researches that good analysis.	An adult researches those good analysis.	-101.0	-101.0	-10.125	-10.125	False	False	morphology	determiner_noun_agreement	Write a natural, coherent English sentence.
524	28	Some broccoli isn't annoying these unconvinced women.	Some broccoli isn't annoying this unconvinced women.	-150.0	-150.0	-10.0	-10.0	False	False	morphology	determiner_noun_agreement	Write a natural, coherent English sentence.
525	28	Nancy talks about these content children.	Nancy talks about this content children.	-71.5	-71.0	-10.1875	-10.1875	False	False	morphology	determiner_noun_agreement	Write a natural, coherent English sentence.
526	28	Regina found this lost ox.	Regina found these lost ox.	-81.0	-81.0	-10.125	-10.125	False	False	morphology	determiner_noun_agreement	Write a natural, coherent English sentence.
527	28	Emily had respected that clever man.	Emily had respected those clever man.	-71.5	-71.5	-10.1875	-10.1875	False	False	morphology	determiner_noun_agreement	Write a natural, coherent English sentence.
528	28	Kathleen has worked with this confident man.	Kathleen has worked with these confident man.	-91.0	-91.0	-10.125	-10.125	False	False	morphology	determiner_noun_agreement	Write a natural, coherent English sentence.
529	28	Most customers are distracting these determined children.	Most customers are distracting this determined children.	-91.0	-91.5	-10.125	-10.1875	True	True	morphology	determiner_noun_agreement	Write a natural, coherent English sentence.
530	28	Rachelle didn't cure this black octopus.	Rachelle didn't cure these black octopus.	-120.5	-121.0	-10.0625	-10.0625	True	False	morphology	determiner_noun_agreement	Write a natural, coherent English sentence.
531	28	Steven hugs these standing men.	Steven hugs this standing men.	-71.5	-71.5	-10.1875	-10.1875	False	False	morphology	determiner_noun_agreement	Write a natural, coherent English sentence.
532	28	Every popsicle shocked those excited men.	Every popsicle shocked that excited men.	-91.0	-92.0	-10.125	-10.1875	True	True	morphology	determiner_noun_agreement	Write a natural, coherent English sentence.
533	28	Sonia lifts that new oasis.	Sonia lifts those new oasis.	-91.0	-91.0	-10.125	-10.125	False	False	morphology	determiner_noun_agreement	Write a natural, coherent English sentence.
534	28	Cheryl might tour that purple oasis.	Cheryl might tour those purple oasis.	-91.5	-91.5	-10.1875	-10.1875	False	False	morphology	determiner_noun_agreement	Write a natural, coherent English sentence.
535	28	This doctor appreciates this bad child.	This doctor appreciates these bad child.	-81.5	-81.5	-10.1875	-10.1875	False	False	morphology	determiner_noun_agreement	Write a natural, coherent English sentence.
536	28	Leslie breaks those red feet.	Leslie breaks that red feet.	-71.0	-71.0	-10.125	-10.125	False	False	morphology	determiner_noun_agreement	Write a natural, coherent English sentence.
537	28	Bethany hasn't hidden that yellow louse.	Bethany hasn't hidden those yellow louse.	-111.5	-112.0	-10.125	-10.1875	True	True	morphology	determiner_noun_agreement	Write a natural, coherent English sentence.
538	28	Some people have criticized this brown thesis.	Some people have criticized these brown thesis.	-90.0	-90.0	-10.0	-10.0	False	False	morphology	determiner_noun_agreement	Write a natural, coherent English sentence.
539	28	Noah heals this determined child.	Noah heals these determined child.	-72.0	-72.0	-10.3125	-10.3125	False	False	morphology	determiner_noun_agreement	Write a natural, coherent English sentence.
540	28	Kevin biked to those big oases.	Kevin biked to that big oases.	-100.5	-100.5	-10.0625	-10.0625	False	False	morphology	determiner_noun_agreement	Write a natural, coherent English sentence.
541	28	Wayne hadn't bored these sick men.	Wayne hadn't bored this sick men.	-92.5	-92.5	-10.3125	-10.3125	False	False	morphology	determiner_noun_agreement	Write a natural, coherent English sentence.
542	28	Amy returns to those young alumni.	Amy returns to that young alumni.	-91.0	-91.0	-10.0625	-10.125	False	True	morphology	determiner_noun_agreement	Write a natural, coherent English sentence.
543	28	That gate did aggravate this excited woman.	That gate did aggravate these excited woman.	-101.0	-101.5	-10.125	-10.125	True	False	morphology	determiner_noun_agreement	Write a natural, coherent English sentence.
544	28	Melissa observes that bad child.	Melissa observes those bad child.	-81.0	-81.0	-10.125	-10.125	False	False	morphology	determiner_noun_agreement	Write a natural, coherent English sentence.
545	28	Kathleen wasn't scanning those long synopses.	Kathleen wasn't scanning that long synopses.	-131.0	-131.0	-10.125	-10.125	False	False	morphology	determiner_noun_agreement	Write a natural, coherent English sentence.
546	28	That guy dropped by these white oases.	That guy dropped by this white oases.	-91.5	-91.5	-10.125	-10.125	False	False	morphology	determiner_noun_agreement	Write a natural, coherent English sentence.
547	28	Every child might fire this serious child.	Every child might fire these serious child.	-82.0	-82.0	-10.25	-10.25	False	False	morphology	determiner_noun_agreement	Write a natural, coherent English sentence.
548	28	Meredith had concealed that black thesis.	Meredith had concealed those black thesis.	-101.0	-101.0	-10.125	-10.125	False	False	morphology	determiner_noun_agreement	Write a natural, coherent English sentence.
549	28	Randolf didn't see these blue teeth.	Randolf didn't see this blue teeth.	-101.5	-101.5	-10.125	-10.1875	False	True	morphology	determiner_noun_agreement	Write a natural, coherent English sentence.
550	28	Some guy passes that rough oasis.	Some guy passes those rough oasis.	-82.0	-82.0	-10.25	-10.25	False	False	morphology	determiner_noun_agreement	Write a natural, coherent English sentence.
551	28	Guys hurts that smart man.	Guys hurts those smart man.	-82.0	-81.5	-10.25	-10.1875	False	False	morphology	determiner_noun_agreement	Write a natural, coherent English sentence.
552	28	Many museums should describe this fast man.	Many museums should describe these fast man.	-91.0	-91.0	-10.125	-10.125	False	False	morphology	determiner_noun_agreement	Write a natural, coherent English sentence.
553	28	A lot of chairs haven't embarrassed this serious man.	A lot of chairs haven't embarrassed these serious man.	-121.5	-122.0	-10.125	-10.125	True	False	morphology	determiner_noun_agreement	Write a natural, coherent English sentence.
554	28	Emily talked about that ill alumnus.	Emily talked about those ill alumnus.	-90.5	-90.5	-10.0625	-10.0625	False	False	morphology	determiner_noun_agreement	Write a natural, coherent English sentence.
555	28	A lot of girls notice these black lice.	A lot of girls notice this black lice.	-101.5	-101.5	-10.125	-10.125	False	False	morphology	determiner_noun_agreement	Write a natural, coherent English sentence.
556	28	Those schools reference that green thesis.	Those schools reference those green thesis.	-72.0	-72.5	-10.3125	-10.3125	True	False	morphology	determiner_noun_agreement	Write a natural, coherent English sentence.
557	28	Bradley had bored this delighted alumnus.	Bradley had bored these delighted alumnus.	-101.0	-101.0	-10.125	-10.125	False	False	morphology	determiner_noun_agreement	Write a natural, coherent English sentence.
558	28	Melinda scares this good woman.	Melinda scares these good woman.	-82.0	-82.0	-10.25	-10.25	False	False	morphology	determiner_noun_agreement	Write a natural, coherent English sentence.
559	28	Those pedestrians go to those big oases.	Those pedestrians go to that big oases.	-112.0	-112.0	-10.1875	-10.1875	False	False	morphology	determiner_noun_agreement	Write a natural, coherent English sentence.
560	28	Many doctors escaped from that lost child.	Many doctors escaped from those lost child.	-81.5	-81.5	-10.1875	-10.1875	False	False	morphology	determiner_noun_agreement	Write a natural, coherent English sentence.
561	28	Tamara isn't revealing that orange ox.	Tamara isn't revealing those orange ox.	-102.0	-102.0	-10.1875	-10.1875	False	False	morphology	determiner_noun_agreement	Write a natural, coherent English sentence.
562	28	Many patients arrive at that hidden oasis.	Many patients arrive at those hidden oasis.	-89.5	-89.5	-9.9375	-9.9375	False	False	morphology	determiner_noun_agreement	Write a natural, coherent English sentence.
563	28	Beth leaves these happy children.	Beth leaves this happy children.	-61.5	-61.5	-10.25	-10.25	False	False	morphology	determiner_noun_agreement	Write a natural, coherent English sentence.
564	28	Deanna broke that yellow foot.	Deanna broke those yellow foot.	-71.5	-71.5	-10.1875	-10.25	False	True	morphology	determiner_noun_agreement	Write a natural, coherent English sentence.
565	28	Jessica had talked to that concealed man.	Jessica had talked to those concealed man.	-91.0	-92.0	-10.125	-10.1875	True	True	morphology	determiner_noun_agreement	Write a natural, coherent English sentence.
566	28	Those actors praise those long synopses.	Those actors praise that long synopses.	-91.5	-92.0	-10.1875	-10.1875	True	False	morphology	determiner_noun_agreement	Write a natural, coherent English sentence.
567	28	This coat hasn't astounded these popular men.	This coat hasn't astounded this popular men.	-121.0	-121.0	-10.125	-10.125	False	False	morphology	determiner_noun_agreement	Write a natural, coherent English sentence.
568	28	Wendy does talk to this scared alumnus.	Wendy does talk to these scared alumnus.	-111.0	-111.0	-10.0625	-10.125	False	True	morphology	determiner_noun_agreement	Write a natural, coherent English sentence.
569	28	Christine is questioning these happy men.	Christine is questioning this happy men.	-81.5	-81.5	-10.1875	-10.1875	False	False	morphology	determiner_noun_agreement	Write a natural, coherent English sentence.
570	28	All doctors loved that displeased man.	All doctors loved those displeased man.	-91.5	-91.5	-10.1875	-10.1875	False	False	morphology	determiner_noun_agreement	Write a natural, coherent English sentence.
571	28	Waitresses researched these long synopses.	Waitresses researched this long synopses.	-130.0	-130.0	-10.0	-10.0	False	False	morphology	determiner_noun_agreement	Write a natural, coherent English sentence.
572	28	Alexander can flee from this nice woman.	Alexander can flee from these nice woman.	-91.0	-91.5	-10.125	-10.1875	True	True	morphology	determiner_noun_agreement	Write a natural, coherent English sentence.
573	28	Walter hadn't hated this fast man.	Walter hadn't hated these fast man.	-92.5	-92.5	-10.25	-10.25	False	False	morphology	determiner_noun_agreement	Write a natural, coherent English sentence.
574	28	Those cashiers buy those smooth lice.	Those cashiers buy that smooth lice.	-91.0	-91.0	-10.125	-10.125	False	False	morphology	determiner_noun_agreement	Write a natural, coherent English sentence.
575	28	Sonia hid that determined child.	Sonia hid those determined child.	-72.0	-71.5	-10.25	-10.25	False	False	morphology	determiner_noun_agreement	Write a natural, coherent English sentence.
576	28	Barbara is observing that excited person.	Barbara is observing those excited person.	-81.0	-81.0	-10.125	-10.125	False	False	morphology	determiner_noun_agreement	Write a natural, coherent English sentence.
577	28	That company stuns these unconvinced women.	That company stuns this unconvinced women.	-111.5	-112.0	-10.125	-10.1875	True	True	morphology	determiner_noun_agreement	Write a natural, coherent English sentence.
578	28	Paul thought about those bad theses.	Paul thought about that bad theses.	-81.5	-81.5	-10.1875	-10.1875	False	False	morphology	determiner_noun_agreement	Write a natural, coherent English sentence.
579	28	Victoria escaped from these displeased children.	Victoria escaped from this displeased children.	-90.5	-91.0	-10.0625	-10.125	True	True	morphology	determiner_noun_agreement	Write a natural, coherent English sentence.
580	28	Brad notices this big octopus.	Brad notices these big octopus.	-89.5	-89.5	-9.9375	-9.9375	False	False	morphology	determiner_noun_agreement	Write a natural, coherent English sentence.
581	28	Adam is praising those yellow theses.	Adam is praising that yellow theses.	-91.5	-91.5	-10.125	-10.1875	False	True	morphology	determiner_noun_agreement	Write a natural, coherent English sentence.
582	28	Douglas did tour those hidden oases.	Douglas did tour that hidden oases.	-81.5	-81.5	-10.1875	-10.1875	False	False	morphology	determiner_noun_agreement	Write a natural, coherent English sentence.
583	28	Gerald couldn't know these happy men.	Gerald couldn't know this happy men.	-101.5	-101.5	-10.1875	-10.1875	False	False	morphology	determiner_noun_agreement	Write a natural, coherent English sentence.
584	28	Those women hug that smart man.	Those women hug those smart man.	-71.5	-71.5	-10.1875	-10.1875	False	False	morphology	determiner_noun_agreement	Write a natural, coherent English sentence.
585	28	These senators wouldn't forget that long synopsis.	These senators wouldn't forget those long synopsis.	-121.5	-121.5	-10.125	-10.125	False	False	morphology	determiner_noun_agreement	Write a natural, coherent English sentence.
586	28	Edward took those lost stimuli.	Edward took that lost stimuli.	-71.0	-71.0	-10.1875	-10.1875	False	False	morphology	determiner_noun_agreement	Write a natural, coherent English sentence.
587	28	The waitresses did know this lucky person.	The waitresses did know these lucky person.	-100.5	-100.5	-10.0	-10.0625	False	True	morphology	determiner_noun_agreement	Write a natural, coherent English sentence.
588	28	That library might love this important person.	That library might love these important person.	-82.0	-82.0	-10.25	-10.25	False	False	morphology	determiner_noun_agreement	Write a natural, coherent English sentence.
589	28	Carrie was healing this gray octopus.	Carrie was healing these gray octopus.	-100.5	-101.0	-10.0625	-10.0625	True	False	morphology	determiner_noun_agreement	Write a natural, coherent English sentence.
590	28	Sonia hadn't cleaned those gray teeth.	Sonia hadn't cleaned that gray teeth.	-102.0	-101.5	-10.1875	-10.1875	False	False	morphology	determiner_noun_agreement	Write a natural, coherent English sentence.
591	28	The Lutherans alarmed this confident woman.	The Lutherans alarmed these confident woman.	-91.5	-92.0	-10.1875	-10.1875	True	False	morphology	determiner_noun_agreement	Write a natural, coherent English sentence.
592	28	This shirt impressed those popular people.	This shirt impressed that popular people.	-71.5	-72.0	-10.1875	-10.25	True	True	morphology	determiner_noun_agreement	Write a natural, coherent English sentence.
593	28	Some schools love that employed person.	Some schools love those employed person.	-72.0	-72.0	-10.25	-10.25	False	False	morphology	determiner_noun_agreement	Write a natural, coherent English sentence.
594	28	Valerie hasn't known this young child.	Valerie hasn't known these young child.	-101.5	-101.5	-10.125	-10.125	False	False	morphology	determiner_noun_agreement	Write a natural, coherent English sentence.
595	28	Scott respected those displeased men.	Scott respected that displeased men.	-81.5	-82.0	-10.1875	-10.25	True	True	morphology	determiner_noun_agreement	Write a natural, coherent English sentence.
596	28	The ladies work with those lost children.	The ladies work with that lost children.	-81.5	-82.0	-10.1875	-10.25	True	True	morphology	determiner_noun_agreement	Write a natural, coherent English sentence.
597	28	Dawn had biked to this small oasis.	Dawn had biked to these small oasis.	-119.0	-119.5	-9.9375	-9.9375	True	False	morphology	determiner_noun_agreement	Write a natural, coherent English sentence.
598	28	Samantha would explore that gray oasis.	Samantha would explore those gray oasis.	-99.5	-100.0	-9.9375	-10.0	True	True	morphology	determiner_noun_agreement	Write a natural, coherent English sentence.
599	28	All steps upset those unemployed men.	All steps upset that unemployed men.	-80.5	-81.0	-10.0625	-10.125	True	True	morphology	determiner_noun_agreement	Write a natural, coherent English sentence.
600	28	Marla has described that unemployed woman.	Marla has described those unemployed woman.	-91.5	-91.5	-10.125	-10.125	False	False	morphology	determiner_noun_agreement	Write a natural, coherent English sentence.
601	28	Most universities bore those excited children.	Most universities bore that excited children.	-72.0	-72.0	-10.25	-10.25	False	False	morphology	determiner_noun_agreement	Write a natural, coherent English sentence.
602	28	These banks should reference that purple thesis.	These banks should reference those purple thesis.	-82.0	-82.0	-10.25	-10.25	False	False	morphology	determiner_noun_agreement	Write a natural, coherent English sentence.
603	28	Sherry brought those concealed geese.	Sherry brought that concealed geese.	-91.5	-91.5	-10.125	-10.1875	False	True	morphology	determiner_noun_agreement	Write a natural, coherent English sentence.
604	28	Many pedestrians complain about these long analyses.	Many pedestrians complain about this long analyses.	-109.5	-110.0	-9.9375	-10.0	True	True	morphology	determiner_noun_agreement	Write a natural, coherent English sentence.
605	28	Theresa fixed these small teeth.	Theresa fixed this small teeth.	-71.0	-71.0	-10.125	-10.125	False	False	morphology	determiner_noun_agreement	Write a natural, coherent English sentence.
606	28	This lake disturbed those unconvinced men.	This lake disturbed that unconvinced men.	-111.0	-111.0	-10.0625	-10.125	False	True	morphology	determiner_noun_agreement	Write a natural, coherent English sentence.
607	28	Catherine was talking about those bad synopses.	Catherine was talking about that bad synopses.	-101.5	-101.5	-10.125	-10.125	False	False	morphology	determiner_noun_agreement	Write a natural, coherent English sentence.
608	28	Alicia had escaped from these hidden men.	Alicia had escaped from this hidden men.	-101.0	-101.0	-10.0625	-10.125	False	True	morphology	determiner_noun_agreement	Write a natural, coherent English sentence.
609	28	Natalie hasn't worked with this confident woman.	Natalie hasn't worked with these confident woman.	-111.5	-111.5	-10.125	-10.125	False	False	morphology	determiner_noun_agreement	Write a natural, coherent English sentence.
610	28	Amelia annoyed this smart man.	Amelia annoyed these smart man.	-80.0	-80.0	-10.0	-10.0	False	False	morphology	determiner_noun_agreement	Write a natural, coherent English sentence.
611	28	Every guest is irritating this serious child.	Every guest is irritating these serious child.	-91.5	-91.5	-10.1875	-10.1875	False	False	morphology	determiner_noun_agreement	Write a natural, coherent English sentence.
612	28	All reports annoyed this hopeful person.	All reports annoyed these hopeful person.	-89.5	-90.0	-9.9375	-10.0	True	True	morphology	determiner_noun_agreement	Write a natural, coherent English sentence.
613	28	These women break those orange teeth.	These women break that orange teeth.	-71.5	-72.0	-10.25	-10.25	True	False	morphology	determiner_noun_agreement	Write a natural, coherent English sentence.
614	28	Christopher could shock this excited child.	Christopher could shock these excited child.	-72.0	-72.0	-10.3125	-10.3125	False	False	morphology	determiner_noun_agreement	Write a natural, coherent English sentence.
615	28	This spotlight hasn't disgusted that employed child.	This spotlight hasn't disgusted those employed child.	-122.0	-122.0	-10.1875	-10.1875	False	False	morphology	determiner_noun_agreement	Write a natural, coherent English sentence.
616	28	Samantha fled from that busy child.	Samantha fled from those busy child.	-89.5	-89.5	-9.9375	-9.9375	False	False	morphology	determiner_noun_agreement	Write a natural, coherent English sentence.
617	28	Lucille arrived at that hard oasis.	Lucille arrived at those hard oasis.	-90.5	-91.0	-10.0625	-10.125	True	True	morphology	determiner_noun_agreement	Write a natural, coherent English sentence.
618	28	All teachers see those yellow lice.	All teachers see that yellow lice.	-82.0	-82.0	-10.25	-10.25	False	False	morphology	determiner_noun_agreement	Write a natural, coherent English sentence.
619	28	Some photographs haven't looked like these small octopi.	Some photographs haven't looked like this small octopi.	-131.0	-131.0	-10.125	-10.125	False	False	morphology	determiner_noun_agreement	Write a natural, coherent English sentence.
620	28	Danielle brought those blue feet.	Danielle brought that blue feet.	-71.0	-71.5	-10.125	-10.1875	True	True	morphology	determiner_noun_agreement	Write a natural, coherent English sentence.
621	28	Todd hadn't left those exposed men.	Todd hadn't left that exposed men.	-92.0	-92.0	-10.25	-10.25	False	False	morphology	determiner_noun_agreement	Write a natural, coherent English sentence.
622	28	Some doctors embarrasses those delighted alumni.	Some doctors embarrasses that delighted alumni.	-101.5	-101.5	-10.125	-10.125	False	False	morphology	determiner_noun_agreement	Write a natural, coherent English sentence.
623	28	The actresses forget that unemployed alumnus.	The actresses forget those unemployed alumnus.	-109.5	-109.5	-9.9375	-9.9375	False	False	morphology	determiner_noun_agreement	Write a natural, coherent English sentence.
624	28	A lot of socks alarm this unsure alumnus.	A lot of socks alarm these unsure alumnus.	-121.5	-121.0	-10.125	-10.125	False	False	morphology	determiner_noun_agreement	Write a natural, coherent English sentence.
625	28	The customers are thinking about that busy child.	The customers are thinking about those busy child.	-91.0	-91.0	-10.125	-10.125	False	False	morphology	determiner_noun_agreement	Write a natural, coherent English sentence.
626	28	Kristin wasn't kissing those small men.	Kristin wasn't kissing that small men.	-111.0	-111.0	-10.125	-10.125	False	False	morphology	determiner_noun_agreement	Write a natural, coherent English sentence.
627	28	Omar hasn't broken this broken foot.	Omar hasn't broken these broken foot.	-102.0	-102.0	-10.1875	-10.1875	False	False	morphology	determiner_noun_agreement	Write a natural, coherent English sentence.
628	28	The actress worked with this nice woman.	The actress worked with these nice woman.	-81.5	-82.0	-10.1875	-10.25	True	True	morphology	determiner_noun_agreement	Write a natural, coherent English sentence.
629	28	Patients insult these happy people.	Patients insult this happy people.	-71.5	-71.5	-10.1875	-10.25	False	True	morphology	determiner_noun_agreement	Write a natural, coherent English sentence.
630	28	Spain bought those orange lice.	Spain bought that orange lice.	-71.0	-71.5	-10.1875	-10.1875	True	False	morphology	determiner_noun_agreement	Write a natural, coherent English sentence.
631	28	Those waiters didn't kiss this unlucky child.	Those waiters didn't kiss these unlucky child.	-131.0	-131.0	-10.0625	-10.0625	False	False	morphology	determiner_noun_agreement	Write a natural, coherent English sentence.
632	28	Jennifer isn't touring these old oases.	Jennifer isn't touring this old oases.	-111.5	-111.5	-10.125	-10.125	False	False	morphology	determiner_noun_agreement	Write a natural, coherent English sentence.
633	28	Glaciers upset this small child.	Glaciers upset these small child.	-80.5	-81.0	-10.0625	-10.125	True	True	morphology	determiner_noun_agreement	Write a natural, coherent English sentence.
634	28	John investigated these old men.	John investigated this old men.	-61.25	-61.0	-10.1875	-10.125	False	False	morphology	determiner_noun_agreement	Write a natural, coherent English sentence.
635	28	Some doctors hated these yellow theses.	Some doctors hated this yellow theses.	-81.5	-82.0	-10.1875	-10.25	True	True	morphology	determiner_noun_agreement	Write a natural, coherent English sentence.
636	28	Linda described that clever man.	Linda described those clever man.	-61.25	-61.25	-10.1875	-10.1875	False	False	morphology	determiner_noun_agreement	Write a natural, coherent English sentence.
637	28	Many drawings are looking like these excited women.	Many drawings are looking like this excited women.	-92.0	-92.0	-10.1875	-10.1875	False	False	morphology	determiner_noun_agreement	Write a natural, coherent English sentence.
638	28	Mitchell had concealed that small tooth.	Mitchell had concealed those small tooth.	-81.5	-81.5	-10.1875	-10.1875	False	False	morphology	determiner_noun_agreement	Write a natural, coherent English sentence.
639	28	Every dog had irritated this young child.	Every dog had irritated these young child.	-90.0	-90.5	-10.0	-10.0625	True	True	morphology	determiner_noun_agreement	Write a natural, coherent English sentence.
640	28	Some doctors lift this exposed ox.	Some doctors lift these exposed ox.	-72.0	-72.0	-10.25	-10.3125	False	True	morphology	determiner_noun_agreement	Write a natural, coherent English sentence.
641	28	Valerie was disgusting that happy woman.	Valerie was disgusting those happy woman.	-91.5	-91.5	-10.1875	-10.1875	False	False	morphology	determiner_noun_agreement	Write a natural, coherent English sentence.
642	28	Claire hugs those clever men.	Claire hugs that clever men.	-71.5	-71.5	-10.1875	-10.1875	False	False	morphology	determiner_noun_agreement	Write a natural, coherent English sentence.
643	28	All adults go to these white oases.	All adults go to this white oases.	-91.5	-91.5	-10.1875	-10.1875	False	False	morphology	determiner_noun_agreement	Write a natural, coherent English sentence.
644	28	Bill observed this nice child.	Bill observed these nice child.	-61.75	-61.75	-10.3125	-10.25	False	False	morphology	determiner_noun_agreement	Write a natural, coherent English sentence.
645	28	Diana kissed these delighted alumni.	Diana kissed this delighted alumni.	-81.0	-81.0	-10.125	-10.125	False	False	morphology	determiner_noun_agreement	Write a natural, coherent English sentence.
646	28	Governments are describing those sick people.	Governments are describing that sick people.	-80.5	-80.5	-10.0625	-10.0625	False	False	morphology	determiner_noun_agreement	Write a natural, coherent English sentence.
647	28	The doctors cure that young woman.	The doctors cure those young woman.	-70.5	-71.0	-10.0625	-10.125	True	True	morphology	determiner_noun_agreement	Write a natural, coherent English sentence.
648	28	Dancers did disagree with this ill child.	Dancers did disagree with these ill child.	-92.5	-92.0	-10.25	-10.25	False	False	morphology	determiner_noun_agreement	Write a natural, coherent English sentence.
649	28	Veronica couldn't embarrass these exposed men.	Veronica couldn't embarrass this exposed men.	-111.0	-111.0	-10.125	-10.125	False	False	morphology	determiner_noun_agreement	Write a natural, coherent English sentence.
650	28	The students cared for that delighted man.	The students cared for those delighted man.	-81.0	-81.0	-10.125	-10.125	False	False	morphology	determiner_noun_agreement	Write a natural, coherent English sentence.
651	28	Steve conceals these important men.	Steve conceals this important men.	-71.0	-71.5	-10.1875	-10.1875	True	False	morphology	determiner_noun_agreement	Write a natural, coherent English sentence.
652	28	These actresses will talk to these content men.	These actresses will talk to this content men.	-101.0	-101.0	-10.0625	-10.0625	False	False	morphology	determiner_noun_agreement	Write a natural, coherent English sentence.
653	28	That teenager wouldn't buy these rough oxen.	That teenager wouldn't buy this rough oxen.	-112.0	-112.0	-10.1875	-10.1875	False	False	morphology	determiner_noun_agreement	Write a natural, coherent English sentence.
654	28	Sheila wouldn't kiss that happy child.	Sheila wouldn't kiss those happy child.	-101.5	-101.5	-10.125	-10.125	False	False	morphology	determiner_noun_agreement	Write a natural, coherent English sentence.
655	28	Erin drove to these out in the open oases.	Erin drove to this out in the open oases.	-121.5	-121.5	-10.125	-10.125	False	False	morphology	determiner_noun_agreement	Write a natural, coherent English sentence.
656	28	Every hat has embarrassed those hopeful people.	Every hat has embarrassed that hopeful people.	-89.5	-90.0	-9.9375	-10.0	True	True	morphology	determiner_noun_agreement	Write a natural, coherent English sentence.
657	28	Every man is fleeing from that exposed oasis.	Every man is fleeing from those exposed oasis.	-110.5	-110.5	-10.0625	-10.0625	False	False	morphology	determiner_noun_agreement	Write a natural, coherent English sentence.
658	28	Some adults visit this ill man.	Some adults visit these ill man.	-72.0	-71.5	-10.25	-10.25	False	False	morphology	determiner_noun_agreement	Write a natural, coherent English sentence.
659	28	Janet did lift that good thesis.	Janet did lift those good thesis.	-81.5	-81.0	-10.1875	-10.125	False	False	morphology	determiner_noun_agreement	Write a natural, coherent English sentence.
660	28	Katherine was cleaning this orange tooth.	Katherine was cleaning these orange tooth.	-82.0	-82.0	-10.25	-10.25	False	False	morphology	determiner_noun_agreement	Write a natural, coherent English sentence.
661	28	A lot of tomatoes can't confuse these ill alumni.	A lot of tomatoes can't confuse this ill alumni.	-160.0	-161.0	-10.0	-10.0625	True	True	morphology	determiner_noun_agreement	Write a natural, coherent English sentence.
662	28	Rose goes to those out in the open oases.	Rose goes to that out in the open oases.	-111.0	-111.5	-10.125	-10.125	True	False	morphology	determiner_noun_agreement	Write a natural, coherent English sentence.
663	28	These governments criticize those gray oases.	These governments criticize that gray oases.	-91.5	-92.0	-10.1875	-10.1875	True	False	morphology	determiner_noun_agreement	Write a natural, coherent English sentence.
664	28	Kevin forgot those delighted men.	Kevin forgot that delighted men.	-61.75	-61.5	-10.3125	-10.25	False	False	morphology	determiner_noun_agreement	Write a natural, coherent English sentence.
665	28	Most companies describe that long analysis.	Most companies describe those long analysis.	-72.0	-72.0	-10.3125	-10.3125	False	False	morphology	determiner_noun_agreement	Write a natural, coherent English sentence.
666	28	Vincent was skated around this small oasis.	Vincent was skated around these small oasis.	-102.0	-102.0	-10.1875	-10.1875	False	False	morphology	determiner_noun_agreement	Write a natural, coherent English sentence.
667	28	Many guys arrive at these out in the open oases.	Many guys arrive at this out in the open oases.	-120.5	-120.5	-10.0625	-10.0625	False	False	morphology	determiner_noun_agreement	Write a natural, coherent English sentence.
668	28	Gregory hadn't revealed these lost fungi.	Gregory hadn't revealed this lost fungi.	-102.0	-102.0	-10.1875	-10.25	False	True	morphology	determiner_noun_agreement	Write a natural, coherent English sentence.
669	28	The cake stuns this standing man.	The cake stuns these standing man.	-81.5	-81.5	-10.1875	-10.1875	False	False	morphology	determiner_noun_agreement	Write a natural, coherent English sentence.
670	28	Cheryl isn't irritating that clever man.	Cheryl isn't irritating those clever man.	-111.5	-111.5	-10.125	-10.125	False	False	morphology	determiner_noun_agreement	Write a natural, coherent English sentence.
671	28	Some cat bores those old children.	Some cat bores that old children.	-81.5	-81.5	-10.1875	-10.1875	False	False	morphology	determiner_noun_agreement	Write a natural, coherent English sentence.
672	28	The actress knows that delighted child.	The actress knows those delighted child.	-71.5	-71.5	-10.1875	-10.25	False	True	morphology	determiner_noun_agreement	Write a natural, coherent English sentence.
673	28	That actress had driven to these hidden oases.	That actress had driven to this hidden oases.	-101.5	-101.5	-10.1875	-10.125	False	False	morphology	determiner_noun_agreement	Write a natural, coherent English sentence.
674	28	The Lutherans arrive at this cheap oasis.	The Lutherans arrive at these cheap oasis.	-100.5	-100.5	-10.0	-10.0625	False	True	morphology	determiner_noun_agreement	Write a natural, coherent English sentence.
675	28	Diane was kissing those lost women.	Diane was kissing that lost women.	-92.0	-92.0	-10.1875	-10.1875	False	False	morphology	determiner_noun_agreement	Write a natural, coherent English sentence.
676	28	Larry disturbs this employed woman.	Larry disturbs these employed woman.	-81.5	-82.0	-10.1875	-10.25	True	True	morphology	determiner_noun_agreement	Write a natural, coherent English sentence.
677	28	Pies shock this upset woman.	Pies shock these upset woman.	-72.0	-72.5	-10.3125	-10.3125	True	False	morphology	determiner_noun_agreement	Write a natural, coherent English sentence.
678	28	Some waiters hug this content alumnus.	Some waiters hug these content alumnus.	-101.0	-101.0	-10.0625	-10.125	False	True	morphology	determiner_noun_agreement	Write a natural, coherent English sentence.
679	28	Anna talked to those unsure men.	Anna talked to that unsure men.	-82.0	-81.5	-10.25	-10.1875	False	False	morphology	determiner_noun_agreement	Write a natural, coherent English sentence.
680	28	This school bores this determined man.	This school bores these determined man.	-81.5	-82.0	-10.1875	-10.25	True	True	morphology	determiner_noun_agreement	Write a natural, coherent English sentence.
681	28	Omar had thought about these unemployed men.	Omar had thought about this unemployed men.	-101.0	-101.0	-10.0625	-10.0625	False	False	morphology	determiner_noun_agreement	Write a natural, coherent English sentence.
682	28	Winston Churchill cleaned these big nuclei.	Winston Churchill cleaned this big nuclei.	-100.5	-100.5	-10.0625	-10.0625	False	False	morphology	determiner_noun_agreement	Write a natural, coherent English sentence.
683	28	These organizations aren't concealing that exposed child.	These organizations aren't concealing those exposed child.	-112.0	-112.0	-10.1875	-10.1875	False	False	morphology	determiner_noun_agreement	Write a natural, coherent English sentence.
684	28	Erin bought this concealed axis.	Erin bought these concealed axis.	-81.5	-81.5	-10.1875	-10.1875	False	False	morphology	determiner_noun_agreement	Write a natural, coherent English sentence.
685	28	Dan examines this long analysis.	Dan examines these long analysis.	-71.5	-71.5	-10.1875	-10.1875	False	False	morphology	determiner_noun_agreement	Write a natural, coherent English sentence.
686	28	These drivers concealed these gray oxen.	These drivers concealed this gray oxen.	-91.5	-91.5	-10.1875	-10.1875	False	False	morphology	determiner_noun_agreement	Write a natural, coherent English sentence.
687	28	All children impresses this happy man.	All children impresses these happy man.	-81.5	-81.0	-10.1875	-10.125	False	False	morphology	determiner_noun_agreement	Write a natural, coherent English sentence.
688	28	People will conceal that concealed man.	People will conceal those concealed man.	-91.0	-91.0	-10.125	-10.125	False	False	morphology	determiner_noun_agreement	Write a natural, coherent English sentence.
689	28	Some patient returns to this old man.	Some patient returns to these old man.	-81.5	-81.5	-10.1875	-10.1875	False	False	morphology	determiner_noun_agreement	Write a natural, coherent English sentence.
690	28	Many actresses discovered those big oases.	Many actresses discovered that big oases.	-91.0	-91.0	-10.125	-10.125	False	False	morphology	determiner_noun_agreement	Write a natural, coherent English sentence.
691	28	The school talks about those young alumni.	The school talks about that young alumni.	-100.0	-100.0	-10.0	-10.0	False	False	morphology	determiner_noun_agreement	Write a natural, coherent English sentence.
692	28	Omar admired these blue fungi.	Omar admired this blue fungi.	-91.5	-91.5	-10.125	-10.1875	False	True	morphology	determiner_noun_agreement	Write a natural, coherent English sentence.
693	28	Some school can't hate these good people.	Some school can't hate this good people.	-103.0	-103.0	-10.3125	-10.3125	False	False	morphology	determiner_noun_agreement	Write a natural, coherent English sentence.
694	28	A lot of eggplants wouldn't disturb that determined woman.	A lot of eggplants wouldn't disturb those determined woman.	-141.0	-141.0	-10.0625	-10.0625	False	False	morphology	determiner_noun_agreement	Write a natural, coherent English sentence.
695	28	That cake could annoy these uncertain men.	That cake could annoy this uncertain men.	-82.0	-82.0	-10.25	-10.25	False	False	morphology	determiner_noun_agreement	Write a natural, coherent English sentence.
696	28	Lamps are worrying these hopeful alumni.	Lamps are worrying this hopeful alumni.	-109.5	-110.0	-9.9375	-10.0	True	True	morphology	determiner_noun_agreement	Write a natural, coherent English sentence.
697	28	A lot of eggplants bore these excited alumni.	A lot of eggplants bore this excited alumni.	-130.0	-131.0	-10.0625	-10.0625	True	False	morphology	determiner_noun_agreement	Write a natural, coherent English sentence.
698	28	A lot of teachers arrived at these old oases.	A lot of teachers arrived at this old oases.	-111.0	-111.0	-10.0625	-10.0625	False	False	morphology	determiner_noun_agreement	Write a natural, coherent English sentence.
699	28	Most sweaters hurt those happy people.	Most sweaters hurt that happy people.	-81.0	-81.5	-10.125	-10.1875	True	True	morphology	determiner_noun_agreement	Write a natural, coherent English sentence.
700	28	Tara scans those good analyses.	Tara scans that good analyses.	-92.0	-92.0	-10.1875	-10.1875	False	False	morphology	determiner_noun_agreement	Write a natural, coherent English sentence.
701	28	The man doesn't reference this out in the open woman.	The man doesn't reference these out in the open woman.	-131.0	-131.0	-10.125	-10.0625	False	False	morphology	determiner_noun_agreement	Write a natural, coherent English sentence.
702	28	This cashier is leaving this employed person.	This cashier is leaving these employed person.	-90.0	-90.5	-10.0	-10.0625	True	True	morphology	determiner_noun_agreement	Write a natural, coherent English sentence.
703	28	Bananas bother these clever alumni.	Bananas bother this clever alumni.	-89.5	-89.5	-9.9375	-9.9375	False	False	morphology	determiner_noun_agreement	Write a natural, coherent English sentence.
704	28	Some convertibles had worried those fast men.	Some convertibles had worried that fast men.	-92.0	-91.5	-10.1875	-10.1875	False	False	morphology	determiner_noun_agreement	Write a natural, coherent English sentence.
705	28	Carl bored those nice women.	Carl bored that nice women.	-61.75	-62.0	-10.25	-10.3125	True	True	morphology	determiner_noun_agreement	Write a natural, coherent English sentence.
706	28	These teachers explore these old oases.	These teachers explore this old oases.	-82.0	-82.0	-10.25	-10.25	False	False	morphology	determiner_noun_agreement	Write a natural, coherent English sentence.
707	28	Many waiters work with this scared child.	Many waiters work with these scared child.	-91.5	-92.0	-10.1875	-10.1875	True	False	morphology	determiner_noun_agreement	Write a natural, coherent English sentence.
708	28	Committees admire that smart child.	Committees admire those smart child.	-91.0	-91.0	-10.125	-10.125	False	False	morphology	determiner_noun_agreement	Write a natural, coherent English sentence.
709	28	Matt approaches this exposed child.	Matt approaches these exposed child.	-61.75	-61.75	-10.3125	-10.3125	False	False	morphology	determiner_noun_agreement	Write a natural, coherent English sentence.
710	28	Brian talks to this lucky man.	Brian talks to these lucky man.	-71.0	-71.5	-10.1875	-10.1875	True	False	morphology	determiner_noun_agreement	Write a natural, coherent English sentence.
711	28	A boy isn't talking about that red oasis.	A boy isn't talking about those red oasis.	-122.0	-122.0	-10.1875	-10.1875	False	False	morphology	determiner_noun_agreement	Write a natural, coherent English sentence.
712	28	Phillip bought those black feet.	Phillip bought that black feet.	-70.5	-71.0	-10.0625	-10.125	True	True	morphology	determiner_noun_agreement	Write a natural, coherent English sentence.
713	28	Eric isn't buying those brown geese.	Eric isn't buying that brown geese.	-102.0	-102.0	-10.1875	-10.1875	False	False	morphology	determiner_noun_agreement	Write a natural, coherent English sentence.
714	28	Elaine remembers this delighted woman.	Elaine remembers these delighted woman.	-81.0	-81.5	-10.125	-10.1875	True	True	morphology	determiner_noun_agreement	Write a natural, coherent English sentence.
715	28	This pedestrian arrives at that smooth oasis.	This pedestrian arrives at those smooth oasis.	-99.5	-100.0	-9.9375	-10.0	True	True	morphology	determiner_noun_agreement	Write a natural, coherent English sentence.
716	28	Those men forget these smart men.	Those men forget this smart men.	-71.5	-72.0	-10.1875	-10.25	True	True	morphology	determiner_noun_agreement	Write a natural, coherent English sentence.
717	28	Tara might alarm this unsure person.	Tara might alarm these unsure person.	-92.5	-92.5	-10.25	-10.25	False	False	morphology	determiner_noun_agreement	Write a natural, coherent English sentence.
718	28	Vanessa was healing those purple geese.	Vanessa was healing that purple geese.	-91.0	-91.0	-10.125	-10.125	False	False	morphology	determiner_noun_agreement	Write a natural, coherent English sentence.
719	28	Steven hasn't questioned those troubled people.	Steven hasn't questioned that troubled people.	-102.0	-102.0	-10.1875	-10.1875	False	False	morphology	determiner_noun_agreement	Write a natural, coherent English sentence.
720	28	Thomas hides this clever woman.	Thomas hides these clever woman.	-71.5	-71.5	-10.25	-10.25	False	False	morphology	determiner_noun_agreement	Write a natural, coherent English sentence.
721	28	Most eyes confuse these content alumni.	Most eyes confuse this content alumni.	-102.0	-101.5	-10.1875	-10.1875	False	False	morphology	determiner_noun_agreement	Write a natural, coherent English sentence.
722	28	That dog aggravates this busy child.	That dog aggravates these busy child.	-90.5	-90.5	-10.0625	-10.0625	False	False	morphology	determiner_noun_agreement	Write a natural, coherent English sentence.
723	28	Karen has attacked this popular child.	Karen has attacked these popular child.	-72.0	-72.0	-10.25	-10.3125	False	True	morphology	determiner_noun_agreement	Write a natural, coherent English sentence.
724	28	Heidi might confuse those displeased men.	Heidi might confuse that displeased men.	-111.0	-111.0	-10.0625	-10.125	False	True	morphology	determiner_noun_agreement	Write a natural, coherent English sentence.
725	28	Maria kisses this bad person.	Maria kisses these bad person.	-71.0	-71.0	-10.125	-10.125	False	False	morphology	determiner_noun_agreement	Write a natural, coherent English sentence.
726	28	Tanya passes this purple oasis.	Tanya passes these purple oasis.	-81.0	-81.5	-10.125	-10.1875	True	True	morphology	determiner_noun_agreement	Write a natural, coherent English sentence.
727	28	Marla has respected those delighted alumni.	Marla has respected that delighted alumni.	-102.5	-102.5	-10.25	-10.25	False	False	morphology	determiner_noun_agreement	Write a natural, coherent English sentence.
728	28	Paula is investigating this employed alumnus.	Paula is investigating these employed alumnus.	-110.5	-110.5	-10.0625	-10.0625	False	False	morphology	determiner_noun_agreement	Write a natural, coherent English sentence.
729	28	Most chairs aren't disgusting those serious women.	Most chairs aren't disgusting that serious women.	-111.5	-111.5	-10.125	-10.125	False	False	morphology	determiner_noun_agreement	Write a natural, coherent English sentence.
730	28	Men hadn't run around this purple oasis.	Men hadn't run around these purple oasis.	-111.5	-111.5	-10.125	-10.125	False	False	morphology	determiner_noun_agreement	Write a natural, coherent English sentence.
731	28	Tina hadn't arrived at those green oases.	Tina hadn't arrived at that green oases.	-122.0	-122.0	-10.125	-10.125	False	False	morphology	determiner_noun_agreement	Write a natural, coherent English sentence.
732	28	Karla knew this busy alumnus.	Karla knew these busy alumnus.	-91.5	-91.0	-10.125	-10.125	False	False	morphology	determiner_noun_agreement	Write a natural, coherent English sentence.
733	28	The actors care for these exposed people.	The actors care for this exposed people.	-82.0	-82.0	-10.25	-10.25	False	False	morphology	determiner_noun_agreement	Write a natural, coherent English sentence.
734	28	Michelle might alarm this employed man.	Michelle might alarm these employed man.	-72.0	-72.0	-10.25	-10.3125	False	True	morphology	determiner_noun_agreement	Write a natural, coherent English sentence.
735	28	Maria hasn't walked through these hard oases.	Maria hasn't walked through this hard oases.	-112.0	-111.5	-10.1875	-10.125	False	False	morphology	determiner_noun_agreement	Write a natural, coherent English sentence.
736	28	That report might disagree with those delighted men.	That report might disagree with that delighted men.	-91.0	-91.5	-10.125	-10.1875	True	True	morphology	determiner_noun_agreement	Write a natural, coherent English sentence.
737	28	Actresses discuss this popular person.	Actresses discuss these popular person.	-80.5	-81.0	-10.0625	-10.125	True	True	morphology	determiner_noun_agreement	Write a natural, coherent English sentence.
738	28	Holly won't watch these unlucky men.	Holly won't watch this unlucky men.	-111.5	-111.5	-10.125	-10.125	False	False	morphology	determiner_noun_agreement	Write a natural, coherent English sentence.
739	28	Carl was driving to those blue oases.	Carl was driving to that blue oases.	-91.0	-91.5	-10.125	-10.125	True	False	morphology	determiner_noun_agreement	Write a natural, coherent English sentence.
740	28	Bill passes that rough oasis.	Bill passes those rough oasis.	-71.5	-71.5	-10.25	-10.1875	False	False	morphology	determiner_noun_agreement	Write a natural, coherent English sentence.
741	28	All men praise this good thesis.	All men praise these good thesis.	-71.5	-71.5	-10.1875	-10.25	False	True	morphology	determiner_noun_agreement	Write a natural, coherent English sentence.
742	28	Many doctors should escape from these hopeful women.	Many doctors should escape from this hopeful women.	-101.0	-101.0	-10.125	-10.125	False	False	morphology	determiner_noun_agreement	Write a natural, coherent English sentence.
743	28	Many girls find these nice men.	Many girls find this nice men.	-71.0	-71.5	-10.1875	-10.1875	True	False	morphology	determiner_noun_agreement	Write a natural, coherent English sentence.
744	28	Every museum helps those concealed children.	Every museum helps that concealed children.	-81.5	-82.0	-10.1875	-10.25	True	True	morphology	determiner_noun_agreement	Write a natural, coherent English sentence.
745	28	Marla was distracting these determined people.	Marla was distracting this determined people.	-92.0	-92.0	-10.1875	-10.25	False	True	morphology	determiner_noun_agreement	Write a natural, coherent English sentence.
746	28	Those computers might confuse this nice child.	Those computers might confuse these nice child.	-91.5	-91.5	-10.1875	-10.1875	False	False	morphology	determiner_noun_agreement	Write a natural, coherent English sentence.
747	28	Tanya hasn't loved that content woman.	Tanya hasn't loved those content woman.	-102.5	-102.5	-10.25	-10.25	False	False	morphology	determiner_noun_agreement	Write a natural, coherent English sentence.
748	28	Theresa won't conceal those lost lice.	Theresa won't conceal that lost lice.	-122.0	-121.5	-10.125	-10.125	False	False	morphology	determiner_noun_agreement	Write a natural, coherent English sentence.
749	28	The Borgias do cure these out in the open octopi.	The Borgias do cure this out in the open octopi.	-152.0	-152.0	-10.125	-10.125	False	False	morphology	determiner_noun_agreement	Write a natural, coherent English sentence.
750	28	Kenneth messed up those lost teeth.	Kenneth messed up that lost teeth.	-90.0	-90.0	-10.0	-10.0	False	False	morphology	determiner_noun_agreement	Write a natural, coherent English sentence.
751	28	Jodi doesn't alarm these unsure people.	Jodi doesn't alarm this unsure people.	-112.0	-112.5	-10.1875	-10.25	True	True	morphology	determiner_noun_agreement	Write a natural, coherent English sentence.
752	28	This customer scans those good analyses.	This customer scans that good analyses.	-91.5	-91.5	-10.1875	-10.1875	False	False	morphology	determiner_noun_agreement	Write a natural, coherent English sentence.
753	28	Vincent can't watch this hopeful alumnus.	Vincent can't watch these hopeful alumnus.	-121.0	-120.5	-10.0625	-10.0625	False	False	morphology	determiner_noun_agreement	Write a natural, coherent English sentence.
754	28	Jodi talked to this unconvinced child.	Jodi talked to these unconvinced child.	-111.5	-111.5	-10.125	-10.125	False	False	morphology	determiner_noun_agreement	Write a natural, coherent English sentence.
755	28	Katherine exited these exposed oases.	Katherine exited this exposed oases.	-92.0	-91.5	-10.1875	-10.1875	False	False	morphology	determiner_noun_agreement	Write a natural, coherent English sentence.
756	28	Beverly hasn't brought these rough fungi.	Beverly hasn't brought this rough fungi.	-111.5	-111.5	-10.125	-10.125	False	False	morphology	determiner_noun_agreement	Write a natural, coherent English sentence.
757	28	That unicycle is boring those standing children.	That unicycle is boring that standing children.	-100.0	-100.5	-10.0	-10.0625	True	True	morphology	determiner_noun_agreement	Write a natural, coherent English sentence.
758	28	That boy can't escape from those unsure children.	That boy can't escape from that unsure children.	-122.0	-122.5	-10.1875	-10.1875	True	False	morphology	determiner_noun_agreement	Write a natural, coherent English sentence.
759	28	An adult bought these black axes.	An adult bought this black axes.	-81.5	-81.5	-10.1875	-10.1875	False	False	morphology	determiner_noun_agreement	Write a natural, coherent English sentence.
760	28	Sara isn't kissing this nice woman.	Sara isn't kissing these nice woman.	-101.5	-101.5	-10.125	-10.1875	False	True	morphology	determiner_noun_agreement	Write a natural, coherent English sentence.
761	28	Robert couldn't embarrass those scared people.	Robert couldn't embarrass that scared people.	-92.0	-92.0	-10.25	-10.25	False	False	morphology	determiner_noun_agreement	Write a natural, coherent English sentence.
762	28	Deborah had fled from that important woman.	Deborah had fled from those important woman.	-100.5	-101.0	-10.0625	-10.0625	True	False	morphology	determiner_noun_agreement	Write a natural, coherent English sentence.
763	28	Brenda discussed that serious woman.	Brenda discussed those serious woman.	-71.5	-71.5	-10.25	-10.1875	False	False	morphology	determiner_noun_agreement	Write a natural, coherent English sentence.
764	28	Some women questioned that big woman.	Some women questioned those big woman.	-71.5	-72.0	-10.25	-10.25	True	False	morphology	determiner_noun_agreement	Write a natural, coherent English sentence.
765	28	Rodney didn't kiss those displeased women.	Rodney didn't kiss that displeased women.	-120.0	-120.0	-10.0	-10.0	False	False	morphology	determiner_noun_agreement	Write a natural, coherent English sentence.
766	28	Carrie can help those lost alumni.	Carrie can help that lost alumni.	-100.5	-100.5	-10.0625	-10.0625	False	False	morphology	determiner_noun_agreement	Write a natural, coherent English sentence.
767	28	Many guests approach this lucky man.	Many guests approach these lucky man.	-71.0	-71.0	-10.125	-10.125	False	False	morphology	determiner_noun_agreement	Write a natural, coherent English sentence.
768	28	Some student messes up that hard foot.	Some student messes up those hard foot.	-91.0	-91.0	-10.125	-10.0625	False	False	morphology	determiner_noun_agreement	Write a natural, coherent English sentence.
769	28	Some men had skated around these hard oases.	Some men had skated around this hard oases.	-112.5	-112.5	-10.1875	-10.25	False	True	morphology	determiner_noun_agreement	Write a natural, coherent English sentence.
770	28	Some light would annoy those happy alumni.	Some light would annoy that happy alumni.	-101.0	-101.5	-10.125	-10.125	True	False	morphology	determiner_noun_agreement	Write a natural, coherent English sentence.
771	28	Many casseroles shock these unconvinced men.	Many casseroles shock this unconvinced men.	-119.5	-120.0	-9.9375	-10.0	True	True	morphology	determiner_noun_agreement	Write a natural, coherent English sentence.
772	28	Carl talks about those confident children.	Carl talks about that confident children.	-71.0	-71.5	-10.1875	-10.1875	True	False	morphology	determiner_noun_agreement	Write a natural, coherent English sentence.
773	28	Timothy was dropping by those new oases.	Timothy was dropping by that new oases.	-101.0	-101.0	-10.125	-10.125	False	False	morphology	determiner_noun_agreement	Write a natural, coherent English sentence.
774	28	Lori has approached these scared people.	Lori has approached this scared people.	-82.0	-82.0	-10.25	-10.25	False	False	morphology	determiner_noun_agreement	Write a natural, coherent English sentence.
775	28	Jodi wouldn't mess up those orange feet.	Jodi wouldn't mess up that orange feet.	-112.0	-112.0	-10.1875	-10.1875	False	False	morphology	determiner_noun_agreement	Write a natural, coherent English sentence.
776	28	This newspaper article will embarrass this determined child.	This newspaper article will embarrass these determined child.	-91.0	-91.5	-10.125	-10.125	True	False	morphology	determiner_noun_agreement	Write a natural, coherent English sentence.
777	28	A lot of guys conceal this long analysis.	A lot of guys conceal these long analysis.	-101.5	-101.5	-10.1875	-10.125	False	False	morphology	determiner_noun_agreement	Write a natural, coherent English sentence.
778	28	Lawrence fired that serious woman.	Lawrence fired those serious woman.	-62.0	-62.0	-10.3125	-10.375	False	True	morphology	determiner_noun_agreement	Write a natural, coherent English sentence.
779	28	This story didn't bore this serious man.	This story didn't bore these serious man.	-101.5	-102.0	-10.125	-10.1875	True	True	morphology	determiner_noun_agreement	Write a natural, coherent English sentence.
780	28	Mary can't remember that clever person.	Mary can't remember those clever person.	-91.0	-91.0	-10.125	-10.125	False	False	morphology	determiner_noun_agreement	Write a natural, coherent English sentence.
781	28	Marie could listen to that big woman.	Marie could listen to those big woman.	-81.5	-81.5	-10.1875	-10.1875	False	False	morphology	determiner_noun_agreement	Write a natural, coherent English sentence.
782	28	Clyde had those exposed axes.	Clyde had that exposed axes.	-92.0	-92.0	-10.25	-10.25	False	False	morphology	determiner_noun_agreement	Write a natural, coherent English sentence.
783	28	Victoria has left these delighted men.	Victoria has left this delighted men.	-72.0	-72.0	-10.25	-10.25	False	False	morphology	determiner_noun_agreement	Write a natural, coherent English sentence.
784	28	The Impressionists disagree with those bad analyses.	The Impressionists disagree with that bad analyses.	-109.5	-109.5	-9.9375	-9.9375	False	False	morphology	determiner_noun_agreement	Write a natural, coherent English sentence.
785	28	Amy took that hidden fungus.	Amy took those hidden fungus.	-81.0	-81.5	-10.125	-10.1875	True	True	morphology	determiner_noun_agreement	Write a natural, coherent English sentence.
786	28	Rose was fixing this hard foot.	Rose was fixing these hard foot.	-71.5	-72.0	-10.25	-10.25	True	False	morphology	determiner_noun_agreement	Write a natural, coherent English sentence.
787	28	Most dishes weren't astounding these scared men.	Most dishes weren't astounding this scared men.	-121.0	-121.0	-10.125	-10.125	False	False	morphology	determiner_noun_agreement	Write a natural, coherent English sentence.
788	28	The doctor sees those smooth cacti.	The doctor sees that smooth cacti.	-91.0	-91.0	-10.125	-10.125	False	False	morphology	determiner_noun_agreement	Write a natural, coherent English sentence.
789	28	Rodney hadn't cured these white octopi.	Rodney hadn't cured this white octopi.	-131.0	-131.0	-10.125	-10.125	False	False	morphology	determiner_noun_agreement	Write a natural, coherent English sentence.
790	28	This museum hadn't disgusted these troubled men.	This museum hadn't disgusted this troubled men.	-122.0	-122.0	-10.125	-10.1875	False	True	morphology	determiner_noun_agreement	Write a natural, coherent English sentence.
791	28	Patrick complained about those scared men.	Patrick complained about that scared men.	-71.5	-71.5	-10.25	-10.25	False	False	morphology	determiner_noun_agreement	Write a natural, coherent English sentence.
792	28	Jacqueline should stun these determined alumni.	Jacqueline should stun this determined alumni.	-120.0	-120.5	-10.0	-10.0625	True	True	morphology	determiner_noun_agreement	Write a natural, coherent English sentence.
793	28	All apples worry this serious man.	All apples worry these serious man.	-80.5	-80.5	-10.0625	-10.0625	False	False	morphology	determiner_noun_agreement	Write a natural, coherent English sentence.
794	28	The drawing isn't scaring that old child.	The drawing isn't scaring those old child.	-112.0	-112.0	-10.1875	-10.1875	False	False	morphology	determiner_noun_agreement	Write a natural, coherent English sentence.
795	28	Veronica questioned this uncertain woman.	Veronica questioned these uncertain woman.	-80.5	-80.5	-10.0625	-10.0625	False	False	morphology	determiner_noun_agreement	Write a natural, coherent English sentence.
796	28	Vanessa hadn't known this determined alumnus.	Vanessa hadn't known these determined alumnus.	-120.5	-121.0	-10.0625	-10.0625	True	False	morphology	determiner_noun_agreement	Write a natural, coherent English sentence.
797	28	Cynthia hadn't kissed this unemployed man.	Cynthia hadn't kissed these unemployed man.	-130.0	-130.0	-10.0	-10.0	False	False	morphology	determiner_noun_agreement	Write a natural, coherent English sentence.
798	28	These companies irritate that exposed woman.	These companies irritate those exposed woman.	-82.0	-81.5	-10.25	-10.1875	False	False	morphology	determiner_noun_agreement	Write a natural, coherent English sentence.
799	28	This dancer wasn't biking to this orange oasis.	This dancer wasn't biking to these orange oasis.	-142.0	-142.0	-10.125	-10.125	False	False	morphology	determiner_noun_agreement	Write a natural, coherent English sentence.
800	28	Those legislatures could disturb this upset alumnus.	Those legislatures could disturb these upset alumnus.	-111.0	-111.0	-10.125	-10.125	False	False	morphology	determiner_noun_agreement	Write a natural, coherent English sentence.
801	28	Some adult hasn't hidden these ill men.	Some adult hasn't hidden this ill men.	-103.0	-103.0	-10.25	-10.25	False	False	morphology	determiner_noun_agreement	Write a natural, coherent English sentence.
802	28	A cashier should insult these hidden children.	A cashier should insult this hidden children.	-91.5	-91.5	-10.1875	-10.1875	False	False	morphology	determiner_noun_agreement	Write a natural, coherent English sentence.
803	28	Danielle could annoy that confident man.	Danielle could annoy those confident man.	-81.5	-81.5	-10.1875	-10.1875	False	False	morphology	determiner_noun_agreement	Write a natural, coherent English sentence.
804	28	These teachers lift this exposed goose.	These teachers lift these exposed goose.	-81.5	-81.5	-10.1875	-10.1875	False	False	morphology	determiner_noun_agreement	Write a natural, coherent English sentence.
805	28	Christina drove to that exposed oasis.	Christina drove to those exposed oasis.	-90.5	-91.0	-10.0625	-10.0625	True	False	morphology	determiner_noun_agreement	Write a natural, coherent English sentence.
806	28	Jesus hadn't sounded like these hidden people.	Jesus hadn't sounded like this hidden people.	-101.5	-101.5	-10.1875	-10.125	False	False	morphology	determiner_noun_agreement	Write a natural, coherent English sentence.
807	28	Many mushrooms irritate that upset man.	Many mushrooms irritate those upset man.	-90.0	-89.5	-10.0	-9.9375	False	False	morphology	determiner_noun_agreement	Write a natural, coherent English sentence.
808	28	Some committee bought those white lice.	Some committee bought that white lice.	-82.0	-82.0	-10.25	-10.25	False	False	morphology	determiner_noun_agreement	Write a natural, coherent English sentence.
809	28	Daniel hasn't known this determined man.	Daniel hasn't known these determined man.	-92.0	-92.0	-10.1875	-10.1875	False	False	morphology	determiner_noun_agreement	Write a natural, coherent English sentence.
810	28	Art hadn't scared these serious alumni.	Art hadn't scared this serious alumni.	-111.5	-111.5	-10.125	-10.125	False	False	morphology	determiner_noun_agreement	Write a natural, coherent English sentence.
811	28	Alice fires this unconvinced child.	Alice fires these unconvinced child.	-91.5	-91.5	-10.125	-10.1875	False	True	morphology	determiner_noun_agreement	Write a natural, coherent English sentence.
812	28	Melanie hid that exposed tooth.	Melanie hid those exposed tooth.	-71.0	-70.5	-10.125	-10.125	False	False	morphology	determiner_noun_agreement	Write a natural, coherent English sentence.
813	28	Most hamsters find that red tooth.	Most hamsters find those red tooth.	-81.0	-81.0	-10.125	-10.125	False	False	morphology	determiner_noun_agreement	Write a natural, coherent English sentence.
814	28	Those children explore those small oases.	Those children explore that small oases.	-81.0	-81.0	-10.125	-10.125	False	False	morphology	determiner_noun_agreement	Write a natural, coherent English sentence.
815	28	Most museums listen to this troubled man.	Most museums listen to these troubled man.	-100.0	-100.0	-10.0	-10.0	False	False	morphology	determiner_noun_agreement	Write a natural, coherent English sentence.
816	28	Patrick embarrassed this unemployed person.	Patrick embarrassed these unemployed person.	-70.5	-71.0	-10.0625	-10.125	True	True	morphology	determiner_noun_agreement	Write a natural, coherent English sentence.
817	28	A lot of icicles had alarmed that hidden woman.	A lot of icicles had alarmed those hidden woman.	-121.0	-121.5	-10.125	-10.125	True	False	morphology	determiner_noun_agreement	Write a natural, coherent English sentence.
818	28	Matt hadn't impressed this exposed child.	Matt hadn't impressed these exposed child.	-93.0	-93.0	-10.3125	-10.3125	False	False	morphology	determiner_noun_agreement	Write a natural, coherent English sentence.
819	28	Eric might see those new feet.	Eric might see that new feet.	-72.0	-72.0	-10.25	-10.3125	False	True	morphology	determiner_noun_agreement	Write a natural, coherent English sentence.
820	28	Some turtle can confuse this old alumnus.	Some turtle can confuse these old alumnus.	-130.0	-130.0	-10.0	-10.0	False	False	morphology	determiner_noun_agreement	Write a natural, coherent English sentence.
821	28	Most guests explore these smooth oases.	Most guests explore this smooth oases.	-82.0	-82.0	-10.25	-10.25	False	False	morphology	determiner_noun_agreement	Write a natural, coherent English sentence.
822	28	Brian has praised that happy alumnus.	Brian has praised those happy alumnus.	-92.0	-91.5	-10.1875	-10.1875	False	False	morphology	determiner_noun_agreement	Write a natural, coherent English sentence.
823	28	Karen sees these ill lice.	Karen sees this ill lice.	-72.0	-72.0	-10.25	-10.3125	False	True	morphology	determiner_noun_agreement	Write a natural, coherent English sentence.
824	28	Alicia doesn't observe this confident alumnus.	Alicia doesn't observe these confident alumnus.	-131.0	-131.0	-10.0625	-10.0625	False	False	morphology	determiner_noun_agreement	Write a natural, coherent English sentence.
825	28	That horse does find this lost octopus.	That horse does find these lost octopus.	-101.0	-101.0	-10.125	-10.125	False	False	morphology	determiner_noun_agreement	Write a natural, coherent English sentence.
826	28	Those customers haven't annoyed those delighted children.	Those customers haven't annoyed that delighted children.	-111.0	-111.0	-10.0625	-10.0625	False	False	morphology	determiner_noun_agreement	Write a natural, coherent English sentence.
827	28	The Great Lakes confused these hidden women.	The Great Lakes confused this hidden women.	-91.5	-91.5	-10.125	-10.1875	False	True	morphology	determiner_noun_agreement	Write a natural, coherent English sentence.
828	28	Russell watches these unsure women.	Russell watches this unsure women.	-71.5	-72.0	-10.25	-10.25	True	False	morphology	determiner_noun_agreement	Write a natural, coherent English sentence.
829	28	Jacqueline has concealed these long synopses.	Jacqueline has concealed this long synopses.	-120.0	-120.0	-10.0	-10.0	False	False	morphology	determiner_noun_agreement	Write a natural, coherent English sentence.
830	28	Carrie isn't hiring this small woman.	Carrie isn't hiring these small woman.	-102.0	-102.5	-10.25	-10.25	True	False	morphology	determiner_noun_agreement	Write a natural, coherent English sentence.
831	28	Charles doesn't admire these big mice.	Charles doesn't admire this big mice.	-112.0	-112.0	-10.1875	-10.1875	False	False	morphology	determiner_noun_agreement	Write a natural, coherent English sentence.
832	28	The Impressionists might think about that white thesis.	The Impressionists might think about those white thesis.	-110.0	-110.0	-10.0	-10.0	False	False	morphology	determiner_noun_agreement	Write a natural, coherent English sentence.
833	28	Most men question those bad people.	Most men question that bad people.	-72.0	-72.5	-10.3125	-10.3125	True	False	morphology	determiner_noun_agreement	Write a natural, coherent English sentence.
834	28	Lissa hasn't left this upset woman.	Lissa hasn't left these upset woman.	-102.0	-102.0	-10.1875	-10.25	False	True	morphology	determiner_noun_agreement	Write a natural, coherent English sentence.
835	28	Janice won't fire that determined child.	Janice won't fire those determined child.	-102.0	-102.0	-10.1875	-10.1875	False	False	morphology	determiner_noun_agreement	Write a natural, coherent English sentence.
836	28	This company criticized this lucky man.	This company criticized these lucky man.	-81.0	-81.0	-10.125	-10.125	False	False	morphology	determiner_noun_agreement	Write a natural, coherent English sentence.
837	28	The banks hurt that excited woman.	The banks hurt those excited woman.	-72.0	-72.0	-10.25	-10.3125	False	True	morphology	determiner_noun_agreement	Write a natural, coherent English sentence.
838	28	Peter wasn't walking through those red oases.	Peter wasn't walking through that red oases.	-112.0	-112.0	-10.1875	-10.1875	False	False	morphology	determiner_noun_agreement	Write a natural, coherent English sentence.
839	28	Rebecca wasn't referencing this long synopsis.	Rebecca wasn't referencing these long synopsis.	-111.0	-111.0	-10.0625	-10.125	False	True	morphology	determiner_noun_agreement	Write a natural, coherent English sentence.
840	28	Naomi notices this smooth octopus.	Naomi notices these smooth octopus.	-99.0	-99.0	-9.875	-9.875	False	False	morphology	determiner_noun_agreement	Write a natural, coherent English sentence.
841	28	Patrick conceals this hard stimulus.	Patrick conceals these hard stimulus.	-81.5	-81.5	-10.1875	-10.1875	False	False	morphology	determiner_noun_agreement	Write a natural, coherent English sentence.
842	28	Candice shouldn't bring those smooth feet.	Candice shouldn't bring that smooth feet.	-101.5	-102.0	-10.125	-10.1875	True	True	morphology	determiner_noun_agreement	Write a natural, coherent English sentence.
843	28	All books sound like those content women.	All books sound like that content women.	-81.5	-81.5	-10.1875	-10.1875	False	False	morphology	determiner_noun_agreement	Write a natural, coherent English sentence.
844	28	Bethany hasn't arrived at this white oasis.	Bethany hasn't arrived at these white oasis.	-120.5	-120.5	-10.0	-10.0625	False	True	morphology	determiner_noun_agreement	Write a natural, coherent English sentence.
845	28	Steve reveals these unemployed alumni.	Steve reveals this unemployed alumni.	-90.0	-90.5	-10.0	-10.0625	True	True	morphology	determiner_noun_agreement	Write a natural, coherent English sentence.
846	28	Sonia was upsetting that ill woman.	Sonia was upsetting those ill woman.	-91.0	-91.0	-10.125	-10.125	False	False	morphology	determiner_noun_agreement	Write a natural, coherent English sentence.
847	28	Keith wasn't boring these delighted men.	Keith wasn't boring this delighted men.	-93.0	-93.0	-10.3125	-10.3125	False	False	morphology	determiner_noun_agreement	Write a natural, coherent English sentence.
848	28	The Borgias admire these hard mice.	The Borgias admire this hard mice.	-112.0	-112.5	-10.1875	-10.1875	True	False	morphology	determiner_noun_agreement	Write a natural, coherent English sentence.
849	28	These drivers had forgotten this good analysis.	These drivers had forgotten these good analysis.	-81.5	-82.0	-10.1875	-10.25	True	True	morphology	determiner_noun_agreement	Write a natural, coherent English sentence.
850	28	Helen skates around this blue oasis.	Helen skates around these blue oasis.	-91.0	-91.0	-10.0625	-10.125	False	True	morphology	determiner_noun_agreement	Write a natural, coherent English sentence.
851	28	Galileo found that smooth stimulus.	Galileo found those smooth stimulus.	-89.0	-89.5	-9.875	-9.9375	True	True	morphology	determiner_noun_agreement	Write a natural, coherent English sentence.
852	28	Kimberley isn't curing these small octopi.	Kimberley isn't curing this small octopi.	-141.0	-141.0	-10.0625	-10.0625	False	False	morphology	determiner_noun_agreement	Write a natural, coherent English sentence.
853	28	Debra didn't conceal these popular men.	Debra didn't conceal this popular men.	-112.0	-112.0	-10.1875	-10.1875	False	False	morphology	determiner_noun_agreement	Write a natural, coherent English sentence.
854	28	A lot of doctors hug these scared children.	A lot of doctors hug this scared children.	-90.5	-91.0	-10.0625	-10.0625	True	False	morphology	determiner_noun_agreement	Write a natural, coherent English sentence.
855	28	Those pedestrians weren't fleeing from these concealed men.	Those pedestrians weren't fleeing from this concealed men.	-150.0	-150.0	-10.0	-10.0625	False	True	morphology	determiner_noun_agreement	Write a natural, coherent English sentence.
856	28	Those children find that exposed thesis.	Those children find those exposed thesis.	-71.5	-71.5	-10.1875	-10.1875	False	False	morphology	determiner_noun_agreement	Write a natural, coherent English sentence.
857	28	Debra admires these blue octopi.	Debra admires this blue octopi.	-101.0	-100.5	-10.0625	-10.0625	False	False	morphology	determiner_noun_agreement	Write a natural, coherent English sentence.
858	28	Bruce wasn't approaching that clever alumnus.	Bruce wasn't approaching those clever alumnus.	-111.5	-112.0	-10.125	-10.1875	True	True	morphology	determiner_noun_agreement	Write a natural, coherent English sentence.
859	28	Lawrence isn't questioning that nice woman.	Lawrence isn't questioning those nice woman.	-92.5	-93.0	-10.25	-10.3125	True	True	morphology	determiner_noun_agreement	Write a natural, coherent English sentence.
860	28	Some waitresses have this big octopus.	Some waitresses have these big octopus.	-109.5	-109.0	-9.9375	-9.9375	False	False	morphology	determiner_noun_agreement	Write a natural, coherent English sentence.
861	28	Carolyn had embarrassed that busy alumnus.	Carolyn had embarrassed those busy alumnus.	-101.5	-101.5	-10.125	-10.125	False	False	morphology	determiner_noun_agreement	Write a natural, coherent English sentence.
862	28	Jeffrey aggravated that smart man.	Jeffrey aggravated those smart man.	-90.0	-90.0	-10.0	-10.0	False	False	morphology	determiner_noun_agreement	Write a natural, coherent English sentence.
863	28	Guy messed up this yellow foot.	Guy messed up these yellow foot.	-79.5	-79.5	-9.9375	-9.9375	False	False	morphology	determiner_noun_agreement	Write a natural, coherent English sentence.
864	28	Every book is embarrassing this small woman.	Every book is embarrassing these small woman.	-91.0	-91.0	-10.125	-10.125	False	False	morphology	determiner_noun_agreement	Write a natural, coherent English sentence.
865	28	These associations were talking about these scared women.	These associations were talking about this scared women.	-91.0	-91.5	-10.125	-10.1875	True	True	morphology	determiner_noun_agreement	Write a natural, coherent English sentence.
866	28	Todd disturbs this upset child.	Todd disturbs these upset child.	-81.5	-81.5	-10.1875	-10.1875	False	False	morphology	determiner_noun_agreement	Write a natural, coherent English sentence.
867	28	That window alarms these exposed women.	That window alarms this exposed women.	-82.0	-82.0	-10.25	-10.25	False	False	morphology	determiner_noun_agreement	Write a natural, coherent English sentence.
868	28	A window upsets these upset men.	A window upsets this upset men.	-82.0	-82.0	-10.25	-10.25	False	False	morphology	determiner_noun_agreement	Write a natural, coherent English sentence.
869	28	Monet is fixing that brown foot.	Monet is fixing those brown foot.	-81.5	-81.5	-10.1875	-10.1875	False	False	morphology	determiner_noun_agreement	Write a natural, coherent English sentence.
870	28	Adam left these big alumni.	Adam left this big alumni.	-81.0	-81.0	-10.125	-10.125	False	False	morphology	determiner_noun_agreement	Write a natural, coherent English sentence.
871	28	Stacy can exit that big oasis.	Stacy can exit those big oasis.	-91.5	-92.0	-10.1875	-10.1875	True	False	morphology	determiner_noun_agreement	Write a natural, coherent English sentence.
872	28	Roger was returning to those happy alumni.	Roger was returning to that happy alumni.	-100.5	-101.0	-10.0625	-10.0625	True	False	morphology	determiner_noun_agreement	Write a natural, coherent English sentence.
873	28	Dana isn't investigating this ill woman.	Dana isn't investigating these ill woman.	-111.5	-112.0	-10.125	-10.1875	True	True	morphology	determiner_noun_agreement	Write a natural, coherent English sentence.
874	28	Tammy has those yellow axes.	Tammy has that yellow axes.	-81.0	-81.0	-10.125	-10.125	False	False	morphology	determiner_noun_agreement	Write a natural, coherent English sentence.
875	28	Marla leaves those employed children.	Marla leaves that employed children.	-72.0	-72.0	-10.3125	-10.25	False	False	morphology	determiner_noun_agreement	Write a natural, coherent English sentence.
876	28	Sarah referenced that ill child.	Sarah referenced those ill child.	-71.0	-71.0	-10.1875	-10.125	False	False	morphology	determiner_noun_agreement	Write a natural, coherent English sentence.
877	28	Edward complained about this serious child.	Edward complained about these serious child.	-71.5	-71.5	-10.1875	-10.1875	False	False	morphology	determiner_noun_agreement	Write a natural, coherent English sentence.
878	28	Carolyn healed those bad women.	Carolyn healed that bad women.	-81.5	-81.5	-10.1875	-10.1875	False	False	morphology	determiner_noun_agreement	Write a natural, coherent English sentence.
879	28	The waitresses fired those upset alumni.	The waitresses fired that upset alumni.	-110.0	-110.0	-10.0	-10.0	False	False	morphology	determiner_noun_agreement	Write a natural, coherent English sentence.
880	28	Every driver dropped by that old oasis.	Every driver dropped by those old oasis.	-91.5	-91.5	-10.1875	-10.1875	False	False	morphology	determiner_noun_agreement	Write a natural, coherent English sentence.
881	28	William hadn't hugged these hopeful alumni.	William hadn't hugged this hopeful alumni.	-130.0	-130.0	-9.9375	-10.0	False	True	morphology	determiner_noun_agreement	Write a natural, coherent English sentence.
882	28	The Lutherans had messed up those lost feet.	The Lutherans had messed up that lost feet.	-111.0	-111.0	-10.0625	-10.0625	False	False	morphology	determiner_noun_agreement	Write a natural, coherent English sentence.
883	28	Florence hasn't confused those standing men.	Florence hasn't confused that standing men.	-92.0	-92.5	-10.25	-10.25	True	False	morphology	determiner_noun_agreement	Write a natural, coherent English sentence.
884	28	Some convertible upset this upset woman.	Some convertible upset these upset woman.	-81.0	-81.5	-10.125	-10.1875	True	True	morphology	determiner_noun_agreement	Write a natural, coherent English sentence.
885	28	Rebecca saw this hidden foot.	Rebecca saw these hidden foot.	-61.5	-61.5	-10.25	-10.25	False	False	morphology	determiner_noun_agreement	Write a natural, coherent English sentence.
886	28	Derek returned to these content men.	Derek returned to this content men.	-81.5	-81.5	-10.1875	-10.1875	False	False	morphology	determiner_noun_agreement	Write a natural, coherent English sentence.
887	28	Those teachers love those hidden women.	Those teachers love that hidden women.	-72.0	-72.0	-10.25	-10.3125	False	True	morphology	determiner_noun_agreement	Write a natural, coherent English sentence.
888	28	Jennifer worried those ill men.	Jennifer worried that ill men.	-61.75	-61.5	-10.3125	-10.25	False	False	morphology	determiner_noun_agreement	Write a natural, coherent English sentence.
889	28	A chair was stunning this big man.	A chair was stunning these big man.	-81.5	-81.5	-10.1875	-10.1875	False	False	morphology	determiner_noun_agreement	Write a natural, coherent English sentence.
890	28	Paintings looked like that gray thesis.	Paintings looked like those gray thesis.	-91.5	-91.5	-10.1875	-10.125	False	False	morphology	determiner_noun_agreement	Write a natural, coherent English sentence.
891	28	Karla toured this rough oasis.	Karla toured these rough oasis.	-92.0	-91.5	-10.1875	-10.1875	False	False	morphology	determiner_noun_agreement	Write a natural, coherent English sentence.
892	28	Walter couldn't boycott those hidden oases.	Walter couldn't boycott that hidden oases.	-112.0	-112.5	-10.1875	-10.1875	True	False	morphology	determiner_noun_agreement	Write a natural, coherent English sentence.
893	28	Donald has worried this smart man.	Donald has worried these smart man.	-71.5	-72.0	-10.25	-10.25	True	False	morphology	determiner_noun_agreement	Write a natural, coherent English sentence.
894	28	Catherine has boycotted those gray oases.	Catherine has boycotted that gray oases.	-102.0	-102.0	-10.1875	-10.1875	False	False	morphology	determiner_noun_agreement	Write a natural, coherent English sentence.
895	28	Nicole toured those yellow oases.	Nicole toured that yellow oases.	-82.0	-82.0	-10.25	-10.25	False	False	morphology	determiner_noun_agreement	Write a natural, coherent English sentence.
896	28	Barbara praises that young woman.	Barbara praises those young woman.	-71.0	-71.5	-10.1875	-10.1875	True	False	morphology	determiner_noun_agreement	Write a natural, coherent English sentence.
897	28	The apple aggravates those hopeful children.	The apple aggravates that hopeful children.	-99.0	-99.5	-9.9375	-9.9375	True	False	morphology	determiner_noun_agreement	Write a natural, coherent English sentence.
898	28	All photographs could look like this big fungus.	All photographs could look like these big fungus.	-111.0	-111.0	-10.125	-10.125	False	False	morphology	determiner_noun_agreement	Write a natural, coherent English sentence.
899	28	Guys should talk about that good synopsis.	Guys should talk about those good synopsis.	-101.0	-100.5	-10.0625	-10.0625	False	False	morphology	determiner_noun_agreement	Write a natural, coherent English sentence.
900	28	Tracy discovered this concealed alumnus.	Tracy discovered these concealed alumnus.	-101.0	-101.0	-10.125	-10.125	False	False	morphology	determiner_noun_agreement	Write a natural, coherent English sentence.
901	28	All actresses are helping this troubled man.	All actresses are helping these troubled man.	-99.0	-99.5	-9.875	-9.9375	True	True	morphology	determiner_noun_agreement	Write a natural, coherent English sentence.
902	28	Douglas isn't revealing this dirty foot.	Douglas isn't revealing these dirty foot.	-92.5	-92.5	-10.25	-10.25	False	False	morphology	determiner_noun_agreement	Write a natural, coherent English sentence.
903	28	Most senators confuse that standing child.	Most senators confuse those standing child.	-92.0	-92.0	-10.25	-10.1875	False	False	morphology	determiner_noun_agreement	Write a natural, coherent English sentence.
904	28	Those doctors embarrass that upset woman.	Those doctors embarrass those upset woman.	-71.5	-72.0	-10.25	-10.3125	True	True	morphology	determiner_noun_agreement	Write a natural, coherent English sentence.
905	28	A lot of customers were healing those sick men.	A lot of customers were healing that sick men.	-101.0	-101.0	-10.0625	-10.125	False	True	morphology	determiner_noun_agreement	Write a natural, coherent English sentence.
906	28	Sabrina does conceal these old alumni.	Sabrina does conceal this old alumni.	-121.0	-121.0	-10.0625	-10.0625	False	False	morphology	determiner_noun_agreement	Write a natural, coherent English sentence.
907	28	Many girls can't observe those young alumni.	Many girls can't observe that young alumni.	-122.0	-122.0	-10.1875	-10.1875	False	False	morphology	determiner_noun_agreement	Write a natural, coherent English sentence.
908	28	The actresses hire that lucky man.	The actresses hire those lucky man.	-81.5	-81.0	-10.1875	-10.125	False	False	morphology	determiner_noun_agreement	Write a natural, coherent English sentence.
909	28	Andrea is firing that scared child.	Andrea is firing those scared child.	-71.5	-72.0	-10.25	-10.25	True	False	morphology	determiner_noun_agreement	Write a natural, coherent English sentence.
910	28	That dancer scanned that bad synopsis.	That dancer scanned those bad synopsis.	-102.0	-101.5	-10.1875	-10.125	False	False	morphology	determiner_noun_agreement	Write a natural, coherent English sentence.
911	28	Daniel breaks these dirty teeth.	Daniel breaks this dirty teeth.	-61.25	-61.5	-10.1875	-10.25	True	True	morphology	determiner_noun_agreement	Write a natural, coherent English sentence.
912	28	Students had messed up those purple teeth.	Students had messed up that purple teeth.	-91.0	-91.0	-10.125	-10.125	False	False	morphology	determiner_noun_agreement	Write a natural, coherent English sentence.
913	28	Becky boycotted those old oases.	Becky boycotted that old oases.	-101.0	-101.0	-10.125	-10.125	False	False	morphology	determiner_noun_agreement	Write a natural, coherent English sentence.
914	28	Florence talks to those good women.	Florence talks to that good women.	-72.0	-72.0	-10.3125	-10.3125	False	False	morphology	determiner_noun_agreement	Write a natural, coherent English sentence.
915	28	Carmen won't break this big foot.	Carmen won't break these big foot.	-102.0	-102.0	-10.1875	-10.1875	False	False	morphology	determiner_noun_agreement	Write a natural, coherent English sentence.
916	28	Stephen fired those employed men.	Stephen fired that employed men.	-61.75	-62.0	-10.3125	-10.3125	True	False	morphology	determiner_noun_agreement	Write a natural, coherent English sentence.
917	28	Many governments confuse this sick woman.	Many governments confuse these sick woman.	-82.0	-82.0	-10.25	-10.25	False	False	morphology	determiner_noun_agreement	Write a natural, coherent English sentence.
918	28	Heidi healed this troubled child.	Heidi healed these troubled child.	-90.5	-90.5	-10.0625	-10.0625	False	False	morphology	determiner_noun_agreement	Write a natural, coherent English sentence.
919	28	Daniel questions these employed alumni.	Daniel questions this employed alumni.	-81.0	-81.5	-10.125	-10.1875	True	True	morphology	determiner_noun_agreement	Write a natural, coherent English sentence.
920	28	People admire these yellow oxen.	People admire this yellow oxen.	-81.0	-80.5	-10.125	-10.0625	False	False	morphology	determiner_noun_agreement	Write a natural, coherent English sentence.
921	28	Those adults embarrasses this displeased woman.	Those adults embarrasses these displeased woman.	-100.5	-101.0	-10.0625	-10.0625	True	False	morphology	determiner_noun_agreement	Write a natural, coherent English sentence.
922	28	Winston Churchill notices these big nuclei.	Winston Churchill notices this big nuclei.	-110.0	-110.0	-10.0	-10.0	False	False	morphology	determiner_noun_agreement	Write a natural, coherent English sentence.
923	28	All women hide those concealed nuclei.	All women hide that concealed nuclei.	-91.5	-91.5	-10.1875	-10.1875	False	False	morphology	determiner_noun_agreement	Write a natural, coherent English sentence.
924	28	Charles was escaping from those lucky men.	Charles was escaping from that lucky men.	-91.0	-91.5	-10.125	-10.125	True	False	morphology	determiner_noun_agreement	Write a natural, coherent English sentence.
925	28	Paul doesn't insult this happy woman.	Paul doesn't insult these happy woman.	-92.0	-92.5	-10.25	-10.25	True	False	morphology	determiner_noun_agreement	Write a natural, coherent English sentence.
926	28	Galileo isn't scanning this brown thesis.	Galileo isn't scanning these brown thesis.	-121.0	-121.0	-10.0625	-10.0625	False	False	morphology	determiner_noun_agreement	Write a natural, coherent English sentence.
927	28	The newspaper article doesn't annoy that exposed man.	The newspaper article doesn't annoy those exposed man.	-111.5	-111.0	-10.125	-10.125	False	False	morphology	determiner_noun_agreement	Write a natural, coherent English sentence.
928	28	Carmen noticed these gray cacti.	Carmen noticed this gray cacti.	-90.5	-90.5	-10.0625	-10.0625	False	False	morphology	determiner_noun_agreement	Write a natural, coherent English sentence.
929	28	Teresa approaches this upset man.	Teresa approaches these upset man.	-71.0	-71.0	-10.125	-10.125	False	False	morphology	determiner_noun_agreement	Write a natural, coherent English sentence.
930	28	April was revealing this hidden woman.	April was revealing these hidden woman.	-71.0	-71.0	-10.1875	-10.1875	False	False	morphology	determiner_noun_agreement	Write a natural, coherent English sentence.
931	28	Michael has loved these scared men.	Michael has loved this scared men.	-72.0	-72.0	-10.25	-10.3125	False	True	morphology	determiner_noun_agreement	Write a natural, coherent English sentence.
932	28	Joseph hadn't bought those hard lice.	Joseph hadn't bought that hard lice.	-102.0	-102.0	-10.1875	-10.1875	False	False	morphology	determiner_noun_agreement	Write a natural, coherent English sentence.
933	28	Larry did drive to this out in the open oasis.	Larry did drive to these out in the open oasis.	-122.0	-122.0	-10.125	-10.1875	False	True	morphology	determiner_noun_agreement	Write a natural, coherent English sentence.
934	28	Lisa hasn't driven to that new oasis.	Lisa hasn't driven to those new oasis.	-110.5	-111.0	-10.0625	-10.0625	True	False	morphology	determiner_noun_agreement	Write a natural, coherent English sentence.
935	28	Steve scanned this good synopsis.	Steve scanned these good synopsis.	-81.0	-81.0	-10.125	-10.125	False	False	morphology	determiner_noun_agreement	Write a natural, coherent English sentence.
936	28	The Lutherans care for those hopeful men.	The Lutherans care for that hopeful men.	-100.5	-101.0	-10.0625	-10.125	True	True	morphology	determiner_noun_agreement	Write a natural, coherent English sentence.
937	28	Christine bikes to these orange oases.	Christine bikes to this orange oases.	-101.0	-101.0	-10.0625	-10.0625	False	False	morphology	determiner_noun_agreement	Write a natural, coherent English sentence.
938	28	Most actors distracted this popular woman.	Most actors distracted these popular woman.	-82.0	-82.0	-10.25	-10.25	False	False	morphology	determiner_noun_agreement	Write a natural, coherent English sentence.
939	28	Emily should observe those displeased men.	Emily should observe that displeased men.	-91.5	-91.5	-10.125	-10.125	False	False	morphology	determiner_noun_agreement	Write a natural, coherent English sentence.
940	28	The drivers do sell this green thesis.	The drivers do sell these green thesis.	-82.0	-82.0	-10.25	-10.25	False	False	morphology	determiner_noun_agreement	Write a natural, coherent English sentence.
941	28	Most drivers love these unemployed men.	Most drivers love this unemployed men.	-80.5	-81.0	-10.0625	-10.125	True	True	morphology	determiner_noun_agreement	Write a natural, coherent English sentence.
942	28	Those doctors care for this hopeful man.	Those doctors care for these hopeful man.	-90.0	-90.0	-10.0	-10.0	False	False	morphology	determiner_noun_agreement	Write a natural, coherent English sentence.
943	28	Brad kisses that displeased man.	Brad kisses those displeased man.	-90.5	-90.5	-10.0625	-10.0625	False	False	morphology	determiner_noun_agreement	Write a natural, coherent English sentence.
944	28	Danielle had argued about those troubled men.	Danielle had argued about that troubled men.	-101.0	-101.5	-10.125	-10.125	True	False	morphology	determiner_noun_agreement	Write a natural, coherent English sentence.
945	28	An actor is disgusting those unsure men.	An actor is disgusting that unsure men.	-101.5	-102.0	-10.1875	-10.1875	True	False	morphology	determiner_noun_agreement	Write a natural, coherent English sentence.
946	28	Galileo didn't hurt those displeased children.	Galileo didn't hurt that displeased children.	-130.0	-130.0	-10.0	-10.0	False	False	morphology	determiner_noun_agreement	Write a natural, coherent English sentence.
947	28	Omar messed up these small teeth.	Omar messed up this small teeth.	-90.0	-90.0	-10.0	-10.0	False	False	morphology	determiner_noun_agreement	Write a natural, coherent English sentence.
948	28	Carmen will watch this smart person.	Carmen will watch these smart person.	-81.5	-81.5	-10.1875	-10.1875	False	False	morphology	determiner_noun_agreement	Write a natural, coherent English sentence.
949	28	Jeffrey hid that unlucky child.	Jeffrey hid those unlucky child.	-91.0	-91.0	-10.125	-10.0625	False	False	morphology	determiner_noun_agreement	Write a natural, coherent English sentence.
950	28	Every plane bothers this upset child.	Every plane bothers these upset child.	-81.0	-81.0	-10.125	-10.125	False	False	morphology	determiner_noun_agreement	Write a natural, coherent English sentence.
951	28	A lot of hospitals have those blue teeth.	A lot of hospitals have that blue teeth.	-91.0	-91.0	-10.0625	-10.0625	False	False	morphology	determiner_noun_agreement	Write a natural, coherent English sentence.
952	28	Nancy wasn't disturbing that clever man.	Nancy wasn't disturbing those clever man.	-101.5	-101.5	-10.125	-10.125	False	False	morphology	determiner_noun_agreement	Write a natural, coherent English sentence.
953	28	These ladies bought that white tooth.	These ladies bought those white tooth.	-71.5	-71.5	-10.1875	-10.1875	False	False	morphology	determiner_noun_agreement	Write a natural, coherent English sentence.
954	28	Every skirt annoys that confident person.	Every skirt annoys those confident person.	-91.5	-92.0	-10.1875	-10.1875	True	False	morphology	determiner_noun_agreement	Write a natural, coherent English sentence.
955	28	These actors weren't biking to these red oases.	These actors weren't biking to this red oases.	-132.0	-131.0	-10.125	-10.125	False	False	morphology	determiner_noun_agreement	Write a natural, coherent English sentence.
956	28	Carmen has described those confident people.	Carmen has described that confident people.	-81.5	-81.5	-10.1875	-10.1875	False	False	morphology	determiner_noun_agreement	Write a natural, coherent English sentence.
957	28	All legislatures criticize that brown oasis.	All legislatures criticize those brown oasis.	-101.0	-100.5	-10.125	-10.0625	False	False	morphology	determiner_noun_agreement	Write a natural, coherent English sentence.
958	28	Paula works with that clever person.	Paula works with those clever person.	-81.5	-81.5	-10.1875	-10.1875	False	False	morphology	determiner_noun_agreement	Write a natural, coherent English sentence.
959	28	Benjamin respects those confident children.	Benjamin respects that confident children.	-71.5	-72.0	-10.1875	-10.25	True	True	morphology	determiner_noun_agreement	Write a natural, coherent English sentence.
960	28	Mitchell attacked these unsure alumni.	Mitchell attacked this unsure alumni.	-91.5	-91.5	-10.125	-10.125	False	False	morphology	determiner_noun_agreement	Write a natural, coherent English sentence.
961	28	The Lutherans hadn't cleaned these broken teeth.	The Lutherans hadn't cleaned this broken teeth.	-111.5	-111.5	-10.125	-10.125	False	False	morphology	determiner_noun_agreement	Write a natural, coherent English sentence.
962	28	A lot of children observe that young child.	A lot of children observe those young child.	-91.0	-91.0	-10.125	-10.125	False	False	morphology	determiner_noun_agreement	Write a natural, coherent English sentence.
963	28	Gary hadn't sounded like this out in the open oasis.	Gary hadn't sounded like these out in the open oasis.	-141.0	-142.0	-10.125	-10.125	True	False	morphology	determiner_noun_agreement	Write a natural, coherent English sentence.
964	28	That fish annoyed this serious alumnus.	That fish annoyed these serious alumnus.	-100.0	-100.5	-10.0	-10.0	True	False	morphology	determiner_noun_agreement	Write a natural, coherent English sentence.
965	28	Spotlights worry those standing people.	Spotlights worry that standing people.	-71.0	-71.5	-10.1875	-10.1875	True	False	morphology	determiner_noun_agreement	Write a natural, coherent English sentence.
966	28	Rodney returned to these content alumni.	Rodney returned to this content alumni.	-100.5	-100.5	-10.0625	-10.0625	False	False	morphology	determiner_noun_agreement	Write a natural, coherent English sentence.
967	28	Bruce references this unemployed child.	Bruce references these unemployed child.	-71.0	-71.0	-10.1875	-10.125	False	False	morphology	determiner_noun_agreement	Write a natural, coherent English sentence.
968	28	Many museums criticize this bad analysis.	Many museums criticize these bad analysis.	-90.5	-90.5	-10.0625	-10.0625	False	False	morphology	determiner_noun_agreement	Write a natural, coherent English sentence.
969	28	Danielle knows that concealed man.	Danielle knows those concealed man.	-81.5	-81.5	-10.1875	-10.1875	False	False	morphology	determiner_noun_agreement	Write a natural, coherent English sentence.
970	28	Katherine sells that smooth oasis.	Katherine sells those smooth oasis.	-90.5	-90.5	-10.0625	-10.0625	False	False	morphology	determiner_noun_agreement	Write a natural, coherent English sentence.
971	28	Meredith hadn't scared these clever people.	Meredith hadn't scared this clever people.	-111.5	-111.5	-10.125	-10.125	False	False	morphology	determiner_noun_agreement	Write a natural, coherent English sentence.
972	28	Walter biked to these gray oases.	Walter biked to this gray oases.	-101.0	-101.0	-10.125	-10.0625	False	False	morphology	determiner_noun_agreement	Write a natural, coherent English sentence.
973	28	Phillip has investigated this unemployed man.	Phillip has investigated these unemployed man.	-90.5	-90.5	-10.0625	-10.0625	False	False	morphology	determiner_noun_agreement	Write a natural, coherent English sentence.
974	28	Alice knows that ill woman.	Alice knows those ill woman.	-61.5	-62.0	-10.25	-10.3125	True	True	morphology	determiner_noun_agreement	Write a natural, coherent English sentence.
975	28	Daniel bothered that unemployed alumnus.	Daniel bothered those unemployed alumnus.	-90.0	-90.0	-10.0	-10.0	False	False	morphology	determiner_noun_agreement	Write a natural, coherent English sentence.
976	28	Some children notice this black thesis.	Some children notice these black thesis.	-71.5	-71.5	-10.1875	-10.25	False	True	morphology	determiner_noun_agreement	Write a natural, coherent English sentence.
977	28	George has alarmed these unemployed children.	George has alarmed this unemployed children.	-90.5	-91.0	-10.0625	-10.125	True	True	morphology	determiner_noun_agreement	Write a natural, coherent English sentence.
978	28	Sarah won't drive to this concealed oasis.	Sarah won't drive to these concealed oasis.	-121.0	-121.5	-10.0625	-10.125	True	True	morphology	determiner_noun_agreement	Write a natural, coherent English sentence.
979	28	Grace arrived at those small oases.	Grace arrived at that small oases.	-81.5	-81.0	-10.1875	-10.125	False	False	morphology	determiner_noun_agreement	Write a natural, coherent English sentence.
980	28	David kisses that lucky man.	David kisses those lucky man.	-70.5	-70.5	-10.0625	-10.125	False	True	morphology	determiner_noun_agreement	Write a natural, coherent English sentence.
981	28	Laura isn't lifting this smooth axis.	Laura isn't lifting these smooth axis.	-92.0	-92.5	-10.25	-10.25	True	False	morphology	determiner_noun_agreement	Write a natural, coherent English sentence.
982	28	Mark embarrassed these confident children.	Mark embarrassed this confident children.	-61.25	-61.75	-10.1875	-10.3125	True	True	morphology	determiner_noun_agreement	Write a natural, coherent English sentence.
983	28	Patients bothers this employed man.	Patients bothers these employed man.	-81.0	-81.0	-10.125	-10.125	False	False	morphology	determiner_noun_agreement	Write a natural, coherent English sentence.
984	28	Christopher has criticized this bad synopsis.	Christopher has criticized these bad synopsis.	-90.5	-91.0	-10.0625	-10.0625	True	False	morphology	determiner_noun_agreement	Write a natural, coherent English sentence.
985	28	Todd hadn't gone to this cheap oasis.	Todd hadn't gone to these cheap oasis.	-111.5	-111.5	-10.125	-10.125	False	False	morphology	determiner_noun_agreement	Write a natural, coherent English sentence.
986	28	Becca does investigate this lucky alumnus.	Becca does investigate these lucky alumnus.	-101.0	-101.0	-10.125	-10.125	False	False	morphology	determiner_noun_agreement	Write a natural, coherent English sentence.
987	28	Sabrina visits those fast women.	Sabrina visits that fast women.	-81.0	-81.0	-10.125	-10.125	False	False	morphology	determiner_noun_agreement	Write a natural, coherent English sentence.
988	28	Janet knew those unconvinced children.	Janet knew that unconvinced children.	-101.0	-101.0	-10.125	-10.0625	False	False	morphology	determiner_noun_agreement	Write a natural, coherent English sentence.
989	28	Christine hated this young man.	Christine hated these young man.	-71.0	-71.5	-10.1875	-10.1875	True	False	morphology	determiner_noun_agreement	Write a natural, coherent English sentence.
990	28	Chad hadn't complained about these big oases.	Chad hadn't complained about this big oases.	-122.0	-122.0	-10.125	-10.1875	False	True	morphology	determiner_noun_agreement	Write a natural, coherent English sentence.
991	28	Many bikes stun that nice man.	Many bikes stun those nice man.	-92.0	-92.0	-10.25	-10.25	False	False	morphology	determiner_noun_agreement	Write a natural, coherent English sentence.
992	28	William hasn't investigated these fast men.	William hasn't investigated this fast men.	-92.0	-92.0	-10.25	-10.1875	False	False	morphology	determiner_noun_agreement	Write a natural, coherent English sentence.
993	28	Kristin couldn't research these smooth oases.	Kristin couldn't research this smooth oases.	-112.5	-112.5	-10.1875	-10.1875	False	False	morphology	determiner_noun_agreement	Write a natural, coherent English sentence.
994	28	Travis arrives at these old oases.	Travis arrives at this old oases.	-91.0	-91.0	-10.125	-10.125	False	False	morphology	determiner_noun_agreement	Write a natural, coherent English sentence.
995	28	Many boys drive to this yellow oasis.	Many boys drive to these yellow oasis.	-91.5	-92.0	-10.1875	-10.1875	True	False	morphology	determiner_noun_agreement	Write a natural, coherent English sentence.
996	28	Danielle won't heal those unlucky people.	Danielle won't heal that unlucky people.	-121.5	-122.0	-10.125	-10.1875	True	True	morphology	determiner_noun_agreement	Write a natural, coherent English sentence.
997	28	Sabrina wouldn't go to that new oasis.	Sabrina wouldn't go to those new oasis.	-130.0	-130.0	-10.0	-10.0625	False	True	morphology	determiner_noun_agreement	Write a natural, coherent English sentence.
998	28	This movie theater annoys these lucky alumni.	This movie theater annoys this lucky alumni.	-121.0	-121.0	-10.0625	-10.0625	False	False	morphology	determiner_noun_agreement	Write a natural, coherent English sentence.
999	28	Stacy doesn't appreciate that out in the open woman.	Stacy doesn't appreciate those out in the open woman.	-132.0	-132.0	-10.125	-10.125	False	False	morphology	determiner_noun_agreement	Write a natural, coherent English sentence.
0	29	Alexander didn't walk through that new oasis.	Alexander didn't walk through those new oasis.	-110.0	-110.5	-10.0	-10.0625	True	True	morphology	determiner_noun_agreement	Write a natural, coherent English sentence.
1	29	This hair irritates these old alumni.	This hair irritates this old alumni.	-99.5	-99.5	-9.9375	-9.9375	False	False	morphology	determiner_noun_agreement	Write a natural, coherent English sentence.
2	29	Winston Churchill was escaping from this serious person.	Winston Churchill was escaping from these serious person.	-118.0	-118.0	-9.8125	-9.875	False	True	morphology	determiner_noun_agreement	Write a natural, coherent English sentence.
3	29	Anna walks through these purple oases.	Anna walks through this purple oases.	-80.0	-80.0	-10.0	-10.0	False	False	morphology	determiner_noun_agreement	Write a natural, coherent English sentence.
4	29	Alicia sounded like this good analysis.	Alicia sounded like these good analysis.	-90.5	-90.5	-10.0625	-10.0625	False	False	morphology	determiner_noun_agreement	Write a natural, coherent English sentence.
5	29	Jeffrey might complain about this gray thesis.	Jeffrey might complain about these gray thesis.	-89.5	-89.5	-9.9375	-9.9375	False	False	morphology	determiner_noun_agreement	Write a natural, coherent English sentence.
6	29	Meredith approaches these concealed women.	Meredith approaches this concealed women.	-90.0	-90.0	-10.0	-10.0	False	False	morphology	determiner_noun_agreement	Write a natural, coherent English sentence.
7	29	Julia questioned those small children.	Julia questioned that small children.	-61.5	-61.5	-10.25	-10.25	False	False	morphology	determiner_noun_agreement	Write a natural, coherent English sentence.
8	29	That adult has brought that purple octopus.	That adult has brought those purple octopus.	-100.0	-99.5	-10.0	-10.0	False	False	morphology	determiner_noun_agreement	Write a natural, coherent English sentence.
9	29	The people hug this displeased woman.	The people hug these displeased woman.	-89.5	-90.5	-9.9375	-10.0625	True	True	morphology	determiner_noun_agreement	Write a natural, coherent English sentence.
10	29	That beef did bore these displeased people.	That beef did bore this displeased people.	-101.0	-101.0	-10.125	-10.125	False	False	morphology	determiner_noun_agreement	Write a natural, coherent English sentence.
11	29	These libraries talk about these long synopses.	These libraries talk about this long synopses.	-99.0	-99.0	-9.9375	-9.9375	False	False	morphology	determiner_noun_agreement	Write a natural, coherent English sentence.
12	29	Lori wasn't hiring those delighted men.	Lori wasn't hiring that delighted men.	-102.0	-102.0	-10.1875	-10.1875	False	False	morphology	determiner_noun_agreement	Write a natural, coherent English sentence.
13	29	The teachers are running around this concealed oasis.	The teachers are running around these concealed oasis.	-110.0	-110.0	-10.0	-10.0	False	False	morphology	determiner_noun_agreement	Write a natural, coherent English sentence.
14	29	Those bananas embarrass these delighted people.	Those bananas embarrass this delighted people.	-80.0	-80.5	-10.0	-10.0625	True	True	morphology	determiner_noun_agreement	Write a natural, coherent English sentence.
15	29	Mitchell brought those green oases.	Mitchell brought that green oases.	-71.5	-71.5	-10.1875	-10.1875	False	False	morphology	determiner_noun_agreement	Write a natural, coherent English sentence.
16	29	The actresses complain about this rough thesis.	The actresses complain about these rough thesis.	-90.0	-90.0	-10.0	-10.0	False	False	morphology	determiner_noun_agreement	Write a natural, coherent English sentence.
17	29	Russell investigates these fast women.	Russell investigates this fast women.	-71.0	-71.0	-10.125	-10.125	False	False	morphology	determiner_noun_agreement	Write a natural, coherent English sentence.
18	29	Irene praised those bad synopses.	Irene praised that bad synopses.	-90.0	-90.5	-10.0	-10.0625	True	True	morphology	determiner_noun_agreement	Write a natural, coherent English sentence.
19	29	Denise did confuse that important woman.	Denise did confuse those important woman.	-90.5	-91.0	-10.0625	-10.0625	True	False	morphology	determiner_noun_agreement	Write a natural, coherent English sentence.
20	29	Some patients dislike those nice women.	Some patients dislike that nice women.	-81.0	-81.0	-10.125	-10.125	False	False	morphology	determiner_noun_agreement	Write a natural, coherent English sentence.
21	29	Amelia wasn't observing this hopeful man.	Amelia wasn't observing these hopeful man.	-119.0	-119.0	-9.9375	-9.9375	False	False	morphology	determiner_noun_agreement	Write a natural, coherent English sentence.
22	29	Grace is hugging these popular women.	Grace is hugging this popular women.	-80.0	-80.5	-10.0	-10.0625	True	True	morphology	determiner_noun_agreement	Write a natural, coherent English sentence.
23	29	Julia might describe this long synopsis.	Julia might describe these long synopsis.	-80.5	-81.0	-10.0625	-10.125	True	True	morphology	determiner_noun_agreement	Write a natural, coherent English sentence.
24	29	Many pedestrians do return to these happy men.	Many pedestrians do return to this happy men.	-110.0	-110.0	-10.0	-10.0	False	False	morphology	determiner_noun_agreement	Write a natural, coherent English sentence.
25	29	Laura noticed that determined man.	Laura noticed those determined man.	-60.5	-61.0	-10.125	-10.1875	True	True	morphology	determiner_noun_agreement	Write a natural, coherent English sentence.
26	29	Julie would pass those red oases.	Julie would pass that red oases.	-81.5	-81.5	-10.1875	-10.1875	False	False	morphology	determiner_noun_agreement	Write a natural, coherent English sentence.
27	29	These doctors boast about this out in the open child.	These doctors boast about these out in the open child.	-119.0	-119.5	-9.9375	-10.0	True	True	morphology	determiner_noun_agreement	Write a natural, coherent English sentence.
28	29	Stephen isn't revealing this brown nucleus.	Stephen isn't revealing these brown nucleus.	-101.0	-101.0	-10.125	-10.125	False	False	morphology	determiner_noun_agreement	Write a natural, coherent English sentence.
29	29	Travel stuns that sick child.	Travel stuns those sick child.	-71.5	-71.5	-10.1875	-10.25	False	True	morphology	determiner_noun_agreement	Write a natural, coherent English sentence.
30	29	Amelia healed that unemployed woman.	Amelia healed those unemployed woman.	-90.0	-90.0	-10.0	-10.0	False	False	morphology	determiner_noun_agreement	Write a natural, coherent English sentence.
31	29	Noah attacks that ill child.	Noah attacks those ill child.	-61.25	-61.5	-10.1875	-10.25	True	True	morphology	determiner_noun_agreement	Write a natural, coherent English sentence.
32	29	Randolf buys those gray fungi.	Randolf buys that gray fungi.	-90.5	-90.0	-10.0625	-10.0	False	False	morphology	determiner_noun_agreement	Write a natural, coherent English sentence.
33	29	Some pedestrians disagreed with this big woman.	Some pedestrians disagreed with these big woman.	-109.0	-109.0	-9.875	-9.9375	False	True	morphology	determiner_noun_agreement	Write a natural, coherent English sentence.
34	29	Adam might sound like these determined children.	Adam might sound like this determined children.	-81.0	-81.0	-10.125	-10.125	False	False	morphology	determiner_noun_agreement	Write a natural, coherent English sentence.
35	29	Bill has stunned this confident man.	Bill has stunned these confident man.	-81.5	-81.5	-10.1875	-10.1875	False	False	morphology	determiner_noun_agreement	Write a natural, coherent English sentence.
36	29	Rhonda should see these blue oases.	Rhonda should see this blue oases.	-90.5	-90.5	-10.0625	-10.0625	False	False	morphology	determiner_noun_agreement	Write a natural, coherent English sentence.
37	29	Stephen cares for that out in the open alumnus.	Stephen cares for those out in the open alumnus.	-121.0	-120.5	-10.0625	-10.0	False	False	morphology	determiner_noun_agreement	Write a natural, coherent English sentence.
38	29	Cheryl has bought this green oasis.	Cheryl has bought these green oasis.	-90.0	-90.5	-10.0	-10.0625	True	True	morphology	determiner_noun_agreement	Write a natural, coherent English sentence.
39	29	Every door annoyed this lucky child.	Every door annoyed these lucky child.	-80.0	-80.5	-10.0	-10.0625	True	True	morphology	determiner_noun_agreement	Write a natural, coherent English sentence.
40	29	Gerald cures that unlucky child.	Gerald cures those unlucky child.	-100.0	-99.5	-10.0	-9.9375	False	False	morphology	determiner_noun_agreement	Write a natural, coherent English sentence.
41	29	Eyes weren't worrying this troubled child.	Eyes weren't worrying these troubled child.	-110.5	-110.5	-10.0625	-10.0625	False	False	morphology	determiner_noun_agreement	Write a natural, coherent English sentence.
42	29	Michael isn't referencing this long synopsis.	Michael isn't referencing these long synopsis.	-109.5	-110.0	-9.9375	-10.0	True	True	morphology	determiner_noun_agreement	Write a natural, coherent English sentence.
43	29	Robert insults this serious man.	Robert insults these serious man.	-70.5	-70.5	-10.0625	-10.0625	False	False	morphology	determiner_noun_agreement	Write a natural, coherent English sentence.
44	29	Waitresses describe that smart alumnus.	Waitresses describe those smart alumnus.	-98.5	-99.0	-9.875	-9.9375	True	True	morphology	determiner_noun_agreement	Write a natural, coherent English sentence.
45	29	Dan doesn't respect this unemployed alumnus.	Dan doesn't respect these unemployed alumnus.	-120.0	-119.5	-10.0	-9.9375	False	False	morphology	determiner_noun_agreement	Write a natural, coherent English sentence.
46	29	Eric has upset those scared people.	Eric has upset that scared people.	-71.5	-71.5	-10.25	-10.25	False	False	morphology	determiner_noun_agreement	Write a natural, coherent English sentence.
47	29	Sabrina was biking to this exposed oasis.	Sabrina was biking to these exposed oasis.	-118.5	-119.0	-9.875	-9.875	True	False	morphology	determiner_noun_agreement	Write a natural, coherent English sentence.
48	29	Edward can't think about these exposed mice.	Edward can't think about this exposed mice.	-111.5	-111.5	-10.125	-10.125	False	False	morphology	determiner_noun_agreement	Write a natural, coherent English sentence.
49	29	Phillip listened to this standing alumnus.	Phillip listened to these standing alumnus.	-100.0	-100.0	-10.0	-10.0	False	False	morphology	determiner_noun_agreement	Write a natural, coherent English sentence.
50	29	Those men skate around this small oasis.	Those men skate around these small oasis.	-100.5	-101.0	-10.0625	-10.0625	True	False	morphology	determiner_noun_agreement	Write a natural, coherent English sentence.
51	29	Rhonda could think about those content children.	Rhonda could think about that content children.	-91.0	-91.0	-10.125	-10.125	False	False	morphology	determiner_noun_agreement	Write a natural, coherent English sentence.
52	29	Melissa had remembered that unsure person.	Melissa had remembered those unsure person.	-90.5	-91.0	-10.0625	-10.125	True	True	morphology	determiner_noun_agreement	Write a natural, coherent English sentence.
53	29	The students talk about this upset person.	The students talk about these upset person.	-80.0	-80.5	-10.0	-10.0625	True	True	morphology	determiner_noun_agreement	Write a natural, coherent English sentence.
54	29	Leslie insults those upset alumni.	Leslie insults that upset alumni.	-98.5	-98.5	-9.875	-9.875	False	False	morphology	determiner_noun_agreement	Write a natural, coherent English sentence.
55	29	Hats distract this ill man.	Hats distract these ill man.	-71.0	-71.0	-10.125	-10.1875	False	True	morphology	determiner_noun_agreement	Write a natural, coherent English sentence.
56	29	Dawn sounded like this determined child.	Dawn sounded like these determined child.	-80.0	-80.0	-10.0	-10.0	False	False	morphology	determiner_noun_agreement	Write a natural, coherent English sentence.
57	29	Carl had run around that brown oasis.	Carl had run around those brown oasis.	-90.0	-90.5	-10.0	-10.0625	True	True	morphology	determiner_noun_agreement	Write a natural, coherent English sentence.
58	29	Anna criticizes these concealed children.	Anna criticizes this concealed children.	-80.5	-80.5	-10.0625	-10.0625	False	False	morphology	determiner_noun_agreement	Write a natural, coherent English sentence.
59	29	The waiter might criticize that unemployed man.	The waiter might criticize those unemployed man.	-108.0	-108.0	-9.8125	-9.8125	False	False	morphology	determiner_noun_agreement	Write a natural, coherent English sentence.
60	29	Tracy was investigating this troubled alumnus.	Tracy was investigating these troubled alumnus.	-119.0	-119.0	-9.9375	-9.9375	False	False	morphology	determiner_noun_agreement	Write a natural, coherent English sentence.
61	29	These newspaper articles astound this clever child.	These newspaper articles astound these clever child.	-90.0	-90.5	-10.0	-10.0625	True	True	morphology	determiner_noun_agreement	Write a natural, coherent English sentence.
62	29	Dana hadn't attacked this small man.	Dana hadn't attacked these small man.	-101.5	-101.5	-10.125	-10.1875	False	True	morphology	determiner_noun_agreement	Write a natural, coherent English sentence.
63	29	Curtis wasn't breaking those hard teeth.	Curtis wasn't breaking that hard teeth.	-101.5	-101.0	-10.125	-10.125	False	False	morphology	determiner_noun_agreement	Write a natural, coherent English sentence.
64	29	All customers attack this employed alumnus.	All customers attack these employed alumnus.	-90.0	-90.5	-10.0	-10.0625	True	True	morphology	determiner_noun_agreement	Write a natural, coherent English sentence.
65	29	Most ladies go to those purple oases.	Most ladies go to that purple oases.	-91.5	-91.5	-10.1875	-10.1875	False	False	morphology	determiner_noun_agreement	Write a natural, coherent English sentence.
66	29	A dancer tours that blue oasis.	A dancer tours those blue oasis.	-91.0	-91.5	-10.125	-10.125	True	False	morphology	determiner_noun_agreement	Write a natural, coherent English sentence.
67	29	Steven irritated this unconvinced woman.	Steven irritated these unconvinced woman.	-99.5	-99.5	-9.9375	-10.0	False	True	morphology	determiner_noun_agreement	Write a natural, coherent English sentence.
68	29	Tara wasn't helping that sick man.	Tara wasn't helping those sick man.	-101.5	-101.5	-10.125	-10.125	False	False	morphology	determiner_noun_agreement	Write a natural, coherent English sentence.
69	29	The dancers aren't cleaning that smooth fungus.	The dancers aren't cleaning those smooth fungus.	-130.0	-130.0	-10.0625	-10.0625	False	False	morphology	determiner_noun_agreement	Write a natural, coherent English sentence.
70	29	Melissa had talked about these white theses.	Melissa had talked about this white theses.	-100.0	-100.0	-10.0	-10.0	False	False	morphology	determiner_noun_agreement	Write a natural, coherent English sentence.
71	29	The man isn't watching those upset men.	The man isn't watching that upset men.	-101.0	-101.0	-10.125	-10.0625	False	False	morphology	determiner_noun_agreement	Write a natural, coherent English sentence.
72	29	Sabrina won't worry this out in the open person.	Sabrina won't worry these out in the open person.	-140.0	-140.0	-10.0	-10.0	False	False	morphology	determiner_noun_agreement	Write a natural, coherent English sentence.
73	29	Every bird embarrassed these unemployed men.	Every bird embarrassed this unemployed men.	-79.5	-80.0	-9.9375	-10.0	True	True	morphology	determiner_noun_agreement	Write a natural, coherent English sentence.
74	29	The Borgias drive to that small oasis.	The Borgias drive to those small oasis.	-110.5	-111.0	-10.0625	-10.0625	True	False	morphology	determiner_noun_agreement	Write a natural, coherent English sentence.
75	29	Bradley likes these brown fungi.	Bradley likes this brown fungi.	-79.0	-79.5	-9.875	-9.9375	True	True	morphology	determiner_noun_agreement	Write a natural, coherent English sentence.
76	29	Most guys go to that black oasis.	Most guys go to those black oasis.	-91.0	-91.0	-10.125	-10.125	False	False	morphology	determiner_noun_agreement	Write a natural, coherent English sentence.
77	29	A pedestrian hadn't approached these hopeful women.	A pedestrian hadn't approached this hopeful women.	-118.5	-119.0	-9.875	-9.9375	True	True	morphology	determiner_noun_agreement	Write a natural, coherent English sentence.
78	29	Some senators aren't healing this unemployed alumnus.	Some senators aren't healing these unemployed alumnus.	-140.0	-140.0	-9.9375	-10.0	False	True	morphology	determiner_noun_agreement	Write a natural, coherent English sentence.
79	29	That cart wasn't stunning these exposed men.	That cart wasn't stunning this exposed men.	-102.5	-102.5	-10.25	-10.25	False	False	morphology	determiner_noun_agreement	Write a natural, coherent English sentence.
80	29	Joel can think about this smart man.	Joel can think about these smart man.	-80.5	-80.5	-10.0625	-10.0625	False	False	morphology	determiner_noun_agreement	Write a natural, coherent English sentence.
81	29	Those prints disgust those good people.	Those prints disgust that good people.	-71.0	-71.5	-10.125	-10.1875	True	True	morphology	determiner_noun_agreement	Write a natural, coherent English sentence.
82	29	Beverly hadn't passed these yellow oases.	Beverly hadn't passed this yellow oases.	-111.0	-111.0	-10.125	-10.125	False	False	morphology	determiner_noun_agreement	Write a natural, coherent English sentence.
83	29	A lot of prints irritate this unconvinced woman.	A lot of prints irritate these unconvinced woman.	-128.0	-129.0	-9.875	-9.9375	True	True	morphology	determiner_noun_agreement	Write a natural, coherent English sentence.
84	29	Many customers hire those standing alumni.	Many customers hire that standing alumni.	-90.0	-90.5	-10.0	-10.0625	True	True	morphology	determiner_noun_agreement	Write a natural, coherent English sentence.
85	29	Some rug isn't irritating that nice woman.	Some rug isn't irritating those nice woman.	-111.0	-111.0	-10.0625	-10.0625	False	False	morphology	determiner_noun_agreement	Write a natural, coherent English sentence.
86	29	Jill embarrassed those busy men.	Jill embarrassed that busy men.	-71.0	-71.5	-10.125	-10.1875	True	True	morphology	determiner_noun_agreement	Write a natural, coherent English sentence.
87	29	Most sketches could hurt this uncertain person.	Most sketches could hurt these uncertain person.	-101.0	-101.0	-10.0625	-10.125	False	True	morphology	determiner_noun_agreement	Write a natural, coherent English sentence.
88	29	Patricia lifted those purple feet.	Patricia lifted that purple feet.	-79.0	-79.5	-9.875	-9.9375	True	True	morphology	determiner_noun_agreement	Write a natural, coherent English sentence.
89	29	The girls sell this hard fungus.	The girls sell these hard fungus.	-90.0	-89.5	-10.0	-9.9375	False	False	morphology	determiner_noun_agreement	Write a natural, coherent English sentence.
90	29	Nicole has seen this yellow cactus.	Nicole has seen these yellow cactus.	-89.5	-89.5	-9.9375	-9.9375	False	False	morphology	determiner_noun_agreement	Write a natural, coherent English sentence.
91	29	Sharon could arrive at those big oases.	Sharon could arrive at that big oases.	-100.5	-100.5	-10.0625	-10.0625	False	False	morphology	determiner_noun_agreement	Write a natural, coherent English sentence.
92	29	This cashier can fire that good woman.	This cashier can fire those good woman.	-90.5	-91.0	-10.0625	-10.0625	True	False	morphology	determiner_noun_agreement	Write a natural, coherent English sentence.
93	29	Raymond left those scared children.	Raymond left that scared children.	-61.0	-61.25	-10.125	-10.25	True	True	morphology	determiner_noun_agreement	Write a natural, coherent English sentence.
94	29	Noah could discuss that clever person.	Noah could discuss those clever person.	-71.5	-71.5	-10.1875	-10.25	False	True	morphology	determiner_noun_agreement	Write a natural, coherent English sentence.
95	29	Rachelle knew that concealed woman.	Rachelle knew those concealed woman.	-80.5	-81.0	-10.0625	-10.125	True	True	morphology	determiner_noun_agreement	Write a natural, coherent English sentence.
96	29	Dawn hasn't cured those gray oxen.	Dawn hasn't cured that gray oxen.	-120.0	-120.0	-10.0	-10.0	False	False	morphology	determiner_noun_agreement	Write a natural, coherent English sentence.
97	29	The Great Lakes haven't disgusted those out in the open people.	The Great Lakes haven't disgusted that out in the open people.	-159.0	-159.0	-9.9375	-9.9375	False	False	morphology	determiner_noun_agreement	Write a natural, coherent English sentence.
98	29	Wayne doesn't exit those cheap oases.	Wayne doesn't exit that cheap oases.	-101.5	-102.0	-10.125	-10.1875	True	True	morphology	determiner_noun_agreement	Write a natural, coherent English sentence.
99	29	These waitresses haven't astounded this fast woman.	These waitresses haven't astounded these fast woman.	-137.0	-138.0	-9.8125	-9.8125	True	False	morphology	determiner_noun_agreement	Write a natural, coherent English sentence.
100	29	Patrick hasn't lifted this out in the open cactus.	Patrick hasn't lifted these out in the open cactus.	-140.0	-140.0	-10.0	-10.0	False	False	morphology	determiner_noun_agreement	Write a natural, coherent English sentence.
101	29	Angela isn't embarrassing those excited children.	Angela isn't embarrassing that excited children.	-101.0	-101.0	-10.0625	-10.125	False	True	morphology	determiner_noun_agreement	Write a natural, coherent English sentence.
102	29	Jennifer hasn't criticized this smart man.	Jennifer hasn't criticized these smart man.	-100.5	-100.5	-10.0625	-10.0625	False	False	morphology	determiner_noun_agreement	Write a natural, coherent English sentence.
103	29	April watched this big person.	April watched these big person.	-61.25	-61.25	-10.1875	-10.1875	False	False	morphology	determiner_noun_agreement	Write a natural, coherent English sentence.
104	29	Candice hadn't bothered that serious alumnus.	Candice hadn't bothered those serious alumnus.	-120.0	-120.0	-10.0	-10.0	False	False	morphology	determiner_noun_agreement	Write a natural, coherent English sentence.
105	29	The Clintons observe those happy women.	The Clintons observe that happy women.	-91.0	-91.0	-10.0625	-10.125	False	True	morphology	determiner_noun_agreement	Write a natural, coherent English sentence.
106	29	The Clintons observe this excited man.	The Clintons observe these excited man.	-90.5	-91.0	-10.0625	-10.0625	True	False	morphology	determiner_noun_agreement	Write a natural, coherent English sentence.
107	29	Associations were listening to that unlucky child.	Associations were listening to those unlucky child.	-110.0	-110.0	-10.0	-10.0	False	False	morphology	determiner_noun_agreement	Write a natural, coherent English sentence.
108	29	Those committees discussed that busy woman.	Those committees discussed those busy woman.	-90.0	-90.0	-10.0	-10.0	False	False	morphology	determiner_noun_agreement	Write a natural, coherent English sentence.
109	29	Debra isn't discussing that good analysis.	Debra isn't discussing those good analysis.	-101.0	-101.5	-10.125	-10.125	True	False	morphology	determiner_noun_agreement	Write a natural, coherent English sentence.
110	29	The drawing distracts this lucky woman.	The drawing distracts these lucky woman.	-80.0	-80.5	-10.0	-10.0625	True	True	morphology	determiner_noun_agreement	Write a natural, coherent English sentence.
111	29	Holly couldn't dislike this exposed child.	Holly couldn't dislike these exposed child.	-101.5	-101.5	-10.125	-10.1875	False	True	morphology	determiner_noun_agreement	Write a natural, coherent English sentence.
112	29	Angela examines that good synopsis.	Angela examines those good synopsis.	-80.0	-80.0	-10.0	-10.0	False	False	morphology	determiner_noun_agreement	Write a natural, coherent English sentence.
113	29	These skateboards aggravate that lucky woman.	These skateboards aggravate those lucky woman.	-109.5	-109.5	-9.9375	-9.9375	False	False	morphology	determiner_noun_agreement	Write a natural, coherent English sentence.
114	29	Some play alarms those small women.	Some play alarms that small women.	-81.5	-81.5	-10.1875	-10.1875	False	False	morphology	determiner_noun_agreement	Write a natural, coherent English sentence.
115	29	Students investigate these nice men.	Students investigate this nice men.	-61.5	-61.5	-10.25	-10.25	False	False	morphology	determiner_noun_agreement	Write a natural, coherent English sentence.
116	29	Tanya wasn't shocking that busy child.	Tanya wasn't shocking those busy child.	-111.0	-111.0	-10.0625	-10.125	False	True	morphology	determiner_noun_agreement	Write a natural, coherent English sentence.
117	29	Brett has boasted about this nice person.	Brett has boasted about these nice person.	-100.0	-100.5	-10.0	-10.0625	True	True	morphology	determiner_noun_agreement	Write a natural, coherent English sentence.
118	29	Jennifer described that hidden woman.	Jennifer described those hidden woman.	-61.5	-61.5	-10.25	-10.25	False	False	morphology	determiner_noun_agreement	Write a natural, coherent English sentence.
119	29	Winston Churchill passed these red oases.	Winston Churchill passed this red oases.	-99.5	-99.5	-9.9375	-9.9375	False	False	morphology	determiner_noun_agreement	Write a natural, coherent English sentence.
120	29	Some mirror could scare this nice woman.	Some mirror could scare these nice woman.	-91.0	-92.0	-10.125	-10.1875	True	True	morphology	determiner_noun_agreement	Write a natural, coherent English sentence.
121	29	Caroline hadn't fired that scared alumnus.	Caroline hadn't fired those scared alumnus.	-111.0	-111.0	-10.0625	-10.0625	False	False	morphology	determiner_noun_agreement	Write a natural, coherent English sentence.
122	29	Edward wasn't referencing that displeased woman.	Edward wasn't referencing those displeased woman.	-120.0	-120.0	-10.0	-10.0	False	False	morphology	determiner_noun_agreement	Write a natural, coherent English sentence.
123	29	Many teachers clean these cheap teeth.	Many teachers clean this cheap teeth.	-71.5	-71.5	-10.1875	-10.1875	False	False	morphology	determiner_noun_agreement	Write a natural, coherent English sentence.
124	29	Wayne might remember these new oases.	Wayne might remember this new oases.	-82.0	-81.5	-10.25	-10.1875	False	False	morphology	determiner_noun_agreement	Write a natural, coherent English sentence.
125	29	Some high school alarms this determined man.	Some high school alarms these determined man.	-90.5	-90.5	-10.0625	-10.0625	False	False	morphology	determiner_noun_agreement	Write a natural, coherent English sentence.
126	29	Vincent had returned to these out in the open oases.	Vincent had returned to this out in the open oases.	-120.5	-120.5	-10.0625	-10.0	False	False	morphology	determiner_noun_agreement	Write a natural, coherent English sentence.
127	29	Marla hired this standing child.	Marla hired these standing child.	-71.5	-72.0	-10.25	-10.25	True	False	morphology	determiner_noun_agreement	Write a natural, coherent English sentence.
128	29	Some cucumber has upset those ill men.	Some cucumber has upset that ill men.	-99.5	-100.0	-10.0	-10.0	True	False	morphology	determiner_noun_agreement	Write a natural, coherent English sentence.
129	29	Russell hasn't kissed this content man.	Russell hasn't kissed these content man.	-91.0	-91.5	-10.125	-10.1875	True	True	morphology	determiner_noun_agreement	Write a natural, coherent English sentence.
130	29	Guy has left this determined man.	Guy has left these determined man.	-71.5	-71.5	-10.1875	-10.1875	False	False	morphology	determiner_noun_agreement	Write a natural, coherent English sentence.
131	29	The Lutherans listen to these employed women.	The Lutherans listen to this employed women.	-90.0	-90.0	-10.0	-10.0	False	False	morphology	determiner_noun_agreement	Write a natural, coherent English sentence.
132	29	Candice disliked these bad analyses.	Candice disliked this bad analyses.	-98.0	-98.5	-9.8125	-9.8125	True	False	morphology	determiner_noun_agreement	Write a natural, coherent English sentence.
133	29	Many women heal these lost geese.	Many women heal this lost geese.	-81.5	-81.5	-10.1875	-10.1875	False	False	morphology	determiner_noun_agreement	Write a natural, coherent English sentence.
134	29	Wayne has remembered these smart people.	Wayne has remembered this smart people.	-71.5	-71.5	-10.1875	-10.25	False	True	morphology	determiner_noun_agreement	Write a natural, coherent English sentence.
135	29	This teenager had dropped by these white oases.	This teenager had dropped by this white oases.	-101.5	-101.5	-10.125	-10.125	False	False	morphology	determiner_noun_agreement	Write a natural, coherent English sentence.
136	29	Eva has exited those smooth oases.	Eva has exited that smooth oases.	-91.0	-91.0	-10.125	-10.125	False	False	morphology	determiner_noun_agreement	Write a natural, coherent English sentence.
137	29	Cheryl wouldn't aggravate that bad person.	Cheryl wouldn't aggravate those bad person.	-120.5	-120.0	-10.0	-10.0	False	False	morphology	determiner_noun_agreement	Write a natural, coherent English sentence.
138	29	Katherine hadn't shocked those young children.	Katherine hadn't shocked that young children.	-101.0	-101.5	-10.125	-10.125	True	False	morphology	determiner_noun_agreement	Write a natural, coherent English sentence.
139	29	The student loves these troubled people.	The student loves this troubled people.	-80.5	-80.5	-10.0625	-10.0625	False	False	morphology	determiner_noun_agreement	Write a natural, coherent English sentence.
140	29	Tracy cared for those smart alumni.	Tracy cared for that smart alumni.	-100.0	-100.5	-10.0	-10.0625	True	True	morphology	determiner_noun_agreement	Write a natural, coherent English sentence.
141	29	Guys return to these small oases.	Guys return to this small oases.	-91.0	-91.0	-10.125	-10.125	False	False	morphology	determiner_noun_agreement	Write a natural, coherent English sentence.
142	29	Marcus won't bike to this white oasis.	Marcus won't bike to these white oasis.	-110.0	-110.5	-10.0	-10.0	True	False	morphology	determiner_noun_agreement	Write a natural, coherent English sentence.
143	29	Eggplants impressed these unconvinced alumni.	Eggplants impressed this unconvinced alumni.	-138.0	-138.0	-9.8125	-9.875	False	True	morphology	determiner_noun_agreement	Write a natural, coherent English sentence.
144	29	A turtle has bored those troubled children.	A turtle has bored that troubled children.	-109.0	-109.5	-9.9375	-9.9375	True	False	morphology	determiner_noun_agreement	Write a natural, coherent English sentence.
145	29	The adults were taking those old teeth.	The adults were taking that old teeth.	-80.5	-80.5	-10.0625	-10.0625	False	False	morphology	determiner_noun_agreement	Write a natural, coherent English sentence.
146	29	Alan wasn't returning to those blue oases.	Alan wasn't returning to that blue oases.	-111.5	-111.5	-10.125	-10.125	False	False	morphology	determiner_noun_agreement	Write a natural, coherent English sentence.
147	29	Theodore had lifted this rough cactus.	Theodore had lifted these rough cactus.	-99.0	-99.5	-9.9375	-9.9375	True	False	morphology	determiner_noun_agreement	Write a natural, coherent English sentence.
148	29	Joel isn't praising those good synopses.	Joel isn't praising that good synopses.	-120.0	-120.5	-10.0	-10.0	True	False	morphology	determiner_noun_agreement	Write a natural, coherent English sentence.
149	29	The pedestrian knows these standing women.	The pedestrian knows this standing women.	-80.0	-80.0	-10.0	-10.0	False	False	morphology	determiner_noun_agreement	Write a natural, coherent English sentence.
150	29	Some museums forget that good analysis.	Some museums forget those good analysis.	-79.5	-80.0	-9.9375	-10.0	True	True	morphology	determiner_noun_agreement	Write a natural, coherent English sentence.
151	29	The Clintons might clean that lost fungus.	The Clintons might clean those lost fungus.	-119.5	-120.0	-9.9375	-10.0	True	True	morphology	determiner_noun_agreement	Write a natural, coherent English sentence.
152	29	Mary is bothering these out in the open children.	Mary is bothering this out in the open children.	-110.0	-110.0	-10.0	-10.0	False	False	morphology	determiner_noun_agreement	Write a natural, coherent English sentence.
153	29	Many customers sell that lost ox.	Many customers sell those lost ox.	-71.0	-71.0	-10.125	-10.1875	False	True	morphology	determiner_noun_agreement	Write a natural, coherent English sentence.
154	29	These waitresses praise these troubled men.	These waitresses praise this troubled men.	-98.0	-98.5	-9.8125	-9.875	True	True	morphology	determiner_noun_agreement	Write a natural, coherent English sentence.
155	29	Many men didn't admire that nice person.	Many men didn't admire those nice person.	-110.5	-111.0	-10.0625	-10.0625	True	False	morphology	determiner_noun_agreement	Write a natural, coherent English sentence.
156	29	Jesus ran around this exposed oasis.	Jesus ran around these exposed oasis.	-80.5	-81.0	-10.0625	-10.125	True	True	morphology	determiner_noun_agreement	Write a natural, coherent English sentence.
157	29	Many customers talk about that delighted child.	Many customers talk about those delighted child.	-81.0	-81.0	-10.125	-10.125	False	False	morphology	determiner_noun_agreement	Write a natural, coherent English sentence.
158	29	Drawings had disgusted this small woman.	Drawings had disgusted these small woman.	-91.0	-91.0	-10.0625	-10.125	False	True	morphology	determiner_noun_agreement	Write a natural, coherent English sentence.
159	29	Colleen did care for that good man.	Colleen did care for those good man.	-91.0	-90.5	-10.0625	-10.0625	False	False	morphology	determiner_noun_agreement	Write a natural, coherent English sentence.
160	29	Marcus admired those exposed geese.	Marcus admired that exposed geese.	-81.0	-81.0	-10.125	-10.125	False	False	morphology	determiner_noun_agreement	Write a natural, coherent English sentence.
161	29	Randolf has noticed this clean foot.	Randolf has noticed these clean foot.	-81.5	-81.0	-10.1875	-10.125	False	False	morphology	determiner_noun_agreement	Write a natural, coherent English sentence.
162	29	Craig could listen to that determined man.	Craig could listen to those determined man.	-81.0	-81.0	-10.125	-10.125	False	False	morphology	determiner_noun_agreement	Write a natural, coherent English sentence.
163	29	Movies stunned this small man.	Movies stunned these small man.	-80.0	-80.5	-10.0	-10.0625	True	True	morphology	determiner_noun_agreement	Write a natural, coherent English sentence.
164	29	Timothy buys this rough ox.	Timothy buys these rough ox.	-80.5	-80.5	-10.0625	-10.0625	False	False	morphology	determiner_noun_agreement	Write a natural, coherent English sentence.
165	29	Some women go to those red oases.	Some women go to that red oases.	-91.0	-91.0	-10.125	-10.125	False	False	morphology	determiner_noun_agreement	Write a natural, coherent English sentence.
166	29	Ruth fixed this clean tooth.	Ruth fixed these clean tooth.	-61.75	-61.5	-10.25	-10.25	False	False	morphology	determiner_noun_agreement	Write a natural, coherent English sentence.
167	29	Monica is boring those clever men.	Monica is boring that clever men.	-81.0	-81.0	-10.125	-10.125	False	False	morphology	determiner_noun_agreement	Write a natural, coherent English sentence.
168	29	Janice knows these hidden alumni.	Janice knows this hidden alumni.	-90.0	-89.5	-10.0	-9.9375	False	False	morphology	determiner_noun_agreement	Write a natural, coherent English sentence.
169	29	Spain insults this delighted alumnus.	Spain insults these delighted alumnus.	-90.0	-90.5	-10.0	-10.0625	True	True	morphology	determiner_noun_agreement	Write a natural, coherent English sentence.
170	29	Some planes bore that displeased child.	Some planes bore those displeased child.	-91.0	-91.0	-10.125	-10.125	False	False	morphology	determiner_noun_agreement	Write a natural, coherent English sentence.
171	29	Dishes should upset these happy men.	Dishes should upset this happy men.	-81.0	-81.0	-10.125	-10.125	False	False	morphology	determiner_noun_agreement	Write a natural, coherent English sentence.
172	29	That painting looked like these yellow stimuli.	That painting looked like this yellow stimuli.	-90.0	-90.0	-10.0	-10.0	False	False	morphology	determiner_noun_agreement	Write a natural, coherent English sentence.
173	29	Amy shocked that content man.	Amy shocked those content man.	-61.75	-61.5	-10.3125	-10.25	False	False	morphology	determiner_noun_agreement	Write a natural, coherent English sentence.
174	29	Melinda hasn't hidden this determined woman.	Melinda hasn't hidden these determined woman.	-101.0	-101.0	-10.0625	-10.125	False	True	morphology	determiner_noun_agreement	Write a natural, coherent English sentence.
175	29	Caroline did drive to this brown oasis.	Caroline did drive to these brown oasis.	-91.0	-91.0	-10.125	-10.125	False	False	morphology	determiner_noun_agreement	Write a natural, coherent English sentence.
176	29	That rice disturbed those smart alumni.	That rice disturbed that smart alumni.	-100.0	-100.0	-10.0	-10.0	False	False	morphology	determiner_noun_agreement	Write a natural, coherent English sentence.
177	29	Brian will examine these long analyses.	Brian will examine this long analyses.	-80.0	-80.0	-10.0	-10.0	False	False	morphology	determiner_noun_agreement	Write a natural, coherent English sentence.
178	29	Mark dislikes this uncertain child.	Mark dislikes these uncertain child.	-79.5	-80.0	-9.9375	-10.0	True	True	morphology	determiner_noun_agreement	Write a natural, coherent English sentence.
179	29	Rose was returning to these out in the open children.	Rose was returning to this out in the open children.	-111.0	-111.0	-10.125	-10.0625	False	False	morphology	determiner_noun_agreement	Write a natural, coherent English sentence.
180	29	The guest has fixed this red tooth.	The guest has fixed these red tooth.	-81.0	-81.5	-10.125	-10.1875	True	True	morphology	determiner_noun_agreement	Write a natural, coherent English sentence.
181	29	Jennifer is breaking this big tooth.	Jennifer is breaking these big tooth.	-70.5	-70.5	-10.0625	-10.0625	False	False	morphology	determiner_noun_agreement	Write a natural, coherent English sentence.
182	29	Sabrina isn't referencing these red theses.	Sabrina isn't referencing this red theses.	-129.0	-129.0	-9.9375	-9.9375	False	False	morphology	determiner_noun_agreement	Write a natural, coherent English sentence.
183	29	Valerie hadn't exited that exposed oasis.	Valerie hadn't exited those exposed oasis.	-120.5	-121.0	-10.0625	-10.0625	True	False	morphology	determiner_noun_agreement	Write a natural, coherent English sentence.
184	29	Every restaurant had worried this hidden child.	Every restaurant had worried these hidden child.	-81.5	-82.0	-10.1875	-10.25	True	True	morphology	determiner_noun_agreement	Write a natural, coherent English sentence.
185	29	A woman was examining those long synopses.	A woman was examining that long synopses.	-108.5	-109.0	-9.875	-9.875	True	False	morphology	determiner_noun_agreement	Write a natural, coherent English sentence.
186	29	All actresses approach that content man.	All actresses approach those content man.	-80.0	-80.0	-10.0	-10.0	False	False	morphology	determiner_noun_agreement	Write a natural, coherent English sentence.
187	29	Sarah cleaned those yellow feet.	Sarah cleaned that yellow feet.	-60.75	-61.0	-10.125	-10.1875	True	True	morphology	determiner_noun_agreement	Write a natural, coherent English sentence.
188	29	Margaret tours those black oases.	Margaret tours that black oases.	-72.0	-72.0	-10.25	-10.25	False	False	morphology	determiner_noun_agreement	Write a natural, coherent English sentence.
189	29	Rachel wasn't messing up this clean foot.	Rachel wasn't messing up these clean foot.	-110.5	-111.0	-10.0625	-10.0625	True	False	morphology	determiner_noun_agreement	Write a natural, coherent English sentence.
190	29	The Lutherans go to that old oasis.	The Lutherans go to those old oasis.	-99.5	-100.0	-10.0	-10.0	True	False	morphology	determiner_noun_agreement	Write a natural, coherent English sentence.
191	29	The lamps shock those hidden alumni.	The lamps shock that hidden alumni.	-100.0	-100.0	-10.0	-10.0	False	False	morphology	determiner_noun_agreement	Write a natural, coherent English sentence.
192	29	Claire conceals those small stimuli.	Claire conceals that small stimuli.	-81.0	-81.0	-10.125	-10.125	False	False	morphology	determiner_noun_agreement	Write a natural, coherent English sentence.
193	29	Most documentaries annoy that busy person.	Most documentaries annoy those busy person.	-80.5	-81.0	-10.0625	-10.125	True	True	morphology	determiner_noun_agreement	Write a natural, coherent English sentence.
194	29	Pamela shouldn't return to those exposed men.	Pamela shouldn't return to that exposed men.	-110.5	-110.0	-10.0	-10.0	False	False	morphology	determiner_noun_agreement	Write a natural, coherent English sentence.
195	29	That person couldn't arrive at that purple oasis.	That person couldn't arrive at those purple oasis.	-120.0	-120.5	-10.0	-10.0	True	False	morphology	determiner_noun_agreement	Write a natural, coherent English sentence.
196	29	Alicia won't admire those big nuclei.	Alicia won't admire that big nuclei.	-130.0	-130.0	-10.0	-10.0625	False	True	morphology	determiner_noun_agreement	Write a natural, coherent English sentence.
197	29	Curtis arrived at that red oasis.	Curtis arrived at those red oasis.	-89.5	-90.0	-9.9375	-10.0	True	True	morphology	determiner_noun_agreement	Write a natural, coherent English sentence.
198	29	People investigate that smart man.	People investigate those smart man.	-61.5	-61.25	-10.25	-10.1875	False	False	morphology	determiner_noun_agreement	Write a natural, coherent English sentence.
199	29	Some boys hire these content alumni.	Some boys hire this content alumni.	-90.0	-90.0	-10.0	-10.0	False	False	morphology	determiner_noun_agreement	Write a natural, coherent English sentence.
200	29	Leslie found these brown feet.	Leslie found this brown feet.	-70.0	-70.5	-10.0	-10.0625	True	True	morphology	determiner_noun_agreement	Write a natural, coherent English sentence.
201	29	Alexander was firing that displeased woman.	Alexander was firing those displeased woman.	-90.5	-91.0	-10.0625	-10.125	True	True	morphology	determiner_noun_agreement	Write a natural, coherent English sentence.
202	29	Florence hasn't argued about those confident children.	Florence hasn't argued about that confident children.	-101.5	-101.0	-10.125	-10.125	False	False	morphology	determiner_noun_agreement	Write a natural, coherent English sentence.
203	29	That adult hadn't complained about that exposed man.	That adult hadn't complained about those exposed man.	-111.0	-111.0	-10.125	-10.0625	False	False	morphology	determiner_noun_agreement	Write a natural, coherent English sentence.
204	29	Larry works with these scared women.	Larry works with this scared women.	-71.0	-71.0	-10.125	-10.1875	False	True	morphology	determiner_noun_agreement	Write a natural, coherent English sentence.
205	29	Kathleen leaves this old child.	Kathleen leaves these old child.	-70.5	-70.5	-10.0625	-10.0625	False	False	morphology	determiner_noun_agreement	Write a natural, coherent English sentence.
206	29	The actresses weren't watching these scared people.	The actresses weren't watching this scared people.	-110.0	-110.0	-10.0	-10.0	False	False	morphology	determiner_noun_agreement	Write a natural, coherent English sentence.
207	29	Derek isn't escaping from these blue oases.	Derek isn't escaping from this blue oases.	-130.0	-130.0	-10.0	-10.0	False	False	morphology	determiner_noun_agreement	Write a natural, coherent English sentence.
208	29	Naomi isn't talking about that cheap oasis.	Naomi isn't talking about those cheap oasis.	-120.0	-120.0	-10.0	-10.0	False	False	morphology	determiner_noun_agreement	Write a natural, coherent English sentence.
209	29	These guests hate these troubled men.	These guests hate this troubled men.	-81.0	-81.0	-10.125	-10.125	False	False	morphology	determiner_noun_agreement	Write a natural, coherent English sentence.
210	29	Patricia wasn't hiring those small children.	Patricia wasn't hiring that small children.	-109.5	-109.5	-9.9375	-10.0	False	True	morphology	determiner_noun_agreement	Write a natural, coherent English sentence.
211	29	All stairs weren't alarming that lucky woman.	All stairs weren't alarming those lucky woman.	-110.0	-110.0	-10.0	-10.0	False	False	morphology	determiner_noun_agreement	Write a natural, coherent English sentence.
212	29	Many drivers left that confident alumnus.	Many drivers left those confident alumnus.	-90.5	-91.0	-10.0625	-10.125	True	True	morphology	determiner_noun_agreement	Write a natural, coherent English sentence.
213	29	Every skirt disgusts these smart children.	Every skirt disgusts this smart children.	-80.5	-81.0	-10.0625	-10.125	True	True	morphology	determiner_noun_agreement	Write a natural, coherent English sentence.
214	29	Valerie has astounded that lost alumnus.	Valerie has astounded those lost alumnus.	-119.0	-119.0	-9.9375	-9.9375	False	False	morphology	determiner_noun_agreement	Write a natural, coherent English sentence.
215	29	Sonia should describe this determined child.	Sonia should describe these determined child.	-81.0	-81.0	-10.125	-10.125	False	False	morphology	determiner_noun_agreement	Write a natural, coherent English sentence.
216	29	A lot of lakes weren't disgusting that old person.	A lot of lakes weren't disgusting those old person.	-139.0	-139.0	-9.9375	-9.9375	False	False	morphology	determiner_noun_agreement	Write a natural, coherent English sentence.
217	29	Some pants hadn't aggravated that good woman.	Some pants hadn't aggravated those good woman.	-120.5	-120.5	-10.0625	-10.0625	False	False	morphology	determiner_noun_agreement	Write a natural, coherent English sentence.
218	29	Anne does return to that old woman.	Anne does return to those old woman.	-80.5	-81.0	-10.0625	-10.125	True	True	morphology	determiner_noun_agreement	Write a natural, coherent English sentence.
219	29	Alan wasn't listening to that delighted person.	Alan wasn't listening to those delighted person.	-101.0	-101.0	-10.0625	-10.125	False	True	morphology	determiner_noun_agreement	Write a natural, coherent English sentence.
220	29	Some icicles annoy those serious alumni.	Some icicles annoy that serious alumni.	-99.5	-99.5	-9.9375	-9.9375	False	False	morphology	determiner_noun_agreement	Write a natural, coherent English sentence.
221	29	Many women won't scare those uncertain men.	Many women won't scare that uncertain men.	-112.0	-112.0	-10.1875	-10.1875	False	False	morphology	determiner_noun_agreement	Write a natural, coherent English sentence.
222	29	Science disgusts this unconvinced alumnus.	Science disgusts these unconvinced alumnus.	-117.5	-117.5	-9.8125	-9.8125	False	False	morphology	determiner_noun_agreement	Write a natural, coherent English sentence.
223	29	Connie tours these rough oases.	Connie tours this rough oases.	-81.0	-81.5	-10.125	-10.1875	True	True	morphology	determiner_noun_agreement	Write a natural, coherent English sentence.
224	29	Those banks were talking about this lost thesis.	Those banks were talking about these lost thesis.	-90.5	-91.0	-10.0625	-10.0625	True	False	morphology	determiner_noun_agreement	Write a natural, coherent English sentence.
225	29	Some prints didn't look like this rough louse.	Some prints didn't look like these rough louse.	-120.5	-120.5	-10.0625	-10.0625	False	False	morphology	determiner_noun_agreement	Write a natural, coherent English sentence.
226	29	All pedestrians like those rough theses.	All pedestrians like that rough theses.	-100.0	-100.5	-10.0	-10.0	True	False	morphology	determiner_noun_agreement	Write a natural, coherent English sentence.
227	29	Douglas saw that black fungus.	Douglas saw those black fungus.	-79.5	-80.0	-9.9375	-10.0	True	True	morphology	determiner_noun_agreement	Write a natural, coherent English sentence.
228	29	Sarah examined that bad analysis.	Sarah examined those bad analysis.	-61.5	-61.5	-10.25	-10.25	False	False	morphology	determiner_noun_agreement	Write a natural, coherent English sentence.
229	29	An actress researches this long thesis.	An actress researches these long thesis.	-99.5	-99.5	-9.9375	-10.0	False	True	morphology	determiner_noun_agreement	Write a natural, coherent English sentence.
230	29	Those waitresses criticize this hidden child.	Those waitresses criticize these hidden child.	-98.5	-99.0	-9.875	-9.875	True	False	morphology	determiner_noun_agreement	Write a natural, coherent English sentence.
231	29	Most drivers question these upset alumni.	Most drivers question this upset alumni.	-90.0	-90.0	-10.0	-10.0	False	False	morphology	determiner_noun_agreement	Write a natural, coherent English sentence.
232	29	Phillip isn't working with these small women.	Phillip isn't working with this small women.	-111.0	-111.0	-10.0625	-10.0625	False	False	morphology	determiner_noun_agreement	Write a natural, coherent English sentence.
233	29	Jennifer can't aggravate that unlucky man.	Jennifer can't aggravate those unlucky man.	-130.0	-130.0	-10.0	-10.0	False	False	morphology	determiner_noun_agreement	Write a natural, coherent English sentence.
234	29	Essays confuse this good woman.	Essays confuse these good woman.	-81.5	-81.5	-10.1875	-10.1875	False	False	morphology	determiner_noun_agreement	Write a natural, coherent English sentence.
235	29	Amelia has forgotten those bad analyses.	Amelia has forgotten that bad analyses.	-89.5	-89.5	-9.9375	-9.9375	False	False	morphology	determiner_noun_agreement	Write a natural, coherent English sentence.
236	29	Michael had explored this brown oasis.	Michael had explored these brown oasis.	-81.0	-81.0	-10.125	-10.125	False	False	morphology	determiner_noun_agreement	Write a natural, coherent English sentence.
237	29	Natalie can aggravate those smart men.	Natalie can aggravate that smart men.	-99.5	-100.0	-9.9375	-10.0	True	True	morphology	determiner_noun_agreement	Write a natural, coherent English sentence.
238	29	That patient won't go to these cheap oases.	That patient won't go to this cheap oases.	-121.5	-121.5	-10.125	-10.125	False	False	morphology	determiner_noun_agreement	Write a natural, coherent English sentence.
239	29	Heidi had discovered those black feet.	Heidi had discovered that black feet.	-81.0	-80.5	-10.125	-10.0625	False	False	morphology	determiner_noun_agreement	Write a natural, coherent English sentence.
240	29	David hadn't watched those determined men.	David hadn't watched that determined men.	-91.0	-91.0	-10.125	-10.125	False	False	morphology	determiner_noun_agreement	Write a natural, coherent English sentence.
241	29	Some teenager couldn't walk through these green oases.	Some teenager couldn't walk through this green oases.	-121.5	-121.5	-10.125	-10.125	False	False	morphology	determiner_noun_agreement	Write a natural, coherent English sentence.
242	29	Christina shouldn't sell this hard oasis.	Christina shouldn't sell these hard oasis.	-110.0	-110.0	-10.0	-10.0	False	False	morphology	determiner_noun_agreement	Write a natural, coherent English sentence.
243	29	Christopher isn't firing those sick men.	Christopher isn't firing that sick men.	-92.0	-92.0	-10.1875	-10.1875	False	False	morphology	determiner_noun_agreement	Write a natural, coherent English sentence.
244	29	Most students hide that yellow mouse.	Most students hide those yellow mouse.	-71.0	-71.0	-10.125	-10.125	False	False	morphology	determiner_noun_agreement	Write a natural, coherent English sentence.
245	29	Holly did buy those clean feet.	Holly did buy that clean feet.	-71.0	-71.5	-10.1875	-10.1875	True	False	morphology	determiner_noun_agreement	Write a natural, coherent English sentence.
246	29	Many actors clean these brown theses.	Many actors clean this brown theses.	-81.0	-81.0	-10.125	-10.125	False	False	morphology	determiner_noun_agreement	Write a natural, coherent English sentence.
247	29	Stacy would hide those lost lice.	Stacy would hide that lost lice.	-92.0	-92.0	-10.1875	-10.1875	False	False	morphology	determiner_noun_agreement	Write a natural, coherent English sentence.
248	29	Alan drove to that new oasis.	Alan drove to those new oasis.	-79.5	-80.0	-9.9375	-10.0	True	True	morphology	determiner_noun_agreement	Write a natural, coherent English sentence.
249	29	The Impressionists tour this purple oasis.	The Impressionists tour these purple oasis.	-99.5	-99.5	-9.9375	-9.9375	False	False	morphology	determiner_noun_agreement	Write a natural, coherent English sentence.
250	29	Wayne is talking to this hidden woman.	Wayne is talking to these hidden woman.	-80.5	-81.5	-10.0625	-10.1875	True	True	morphology	determiner_noun_agreement	Write a natural, coherent English sentence.
251	29	Christopher forgets this happy child.	Christopher forgets these happy child.	-71.0	-70.5	-10.125	-10.0625	False	False	morphology	determiner_noun_agreement	Write a natural, coherent English sentence.
252	29	Julie can boycott those cheap oases.	Julie can boycott that cheap oases.	-90.5	-91.0	-10.0625	-10.125	True	True	morphology	determiner_noun_agreement	Write a natural, coherent English sentence.
253	29	Most senators dislike these bad theses.	Most senators dislike this bad theses.	-100.0	-100.5	-10.0	-10.0625	True	True	morphology	determiner_noun_agreement	Write a natural, coherent English sentence.
254	29	Denise concealed this content person.	Denise concealed these content person.	-80.5	-81.0	-10.0625	-10.125	True	True	morphology	determiner_noun_agreement	Write a natural, coherent English sentence.
255	29	Some bike shocks these nice women.	Some bike shocks this nice women.	-81.0	-81.0	-10.125	-10.125	False	False	morphology	determiner_noun_agreement	Write a natural, coherent English sentence.
256	29	These teenagers fix those hidden feet.	These teenagers fix that hidden feet.	-80.0	-80.0	-10.0	-10.0	False	False	morphology	determiner_noun_agreement	Write a natural, coherent English sentence.
257	29	Ella praised that ill woman.	Ella praised those ill woman.	-71.0	-71.0	-10.125	-10.1875	False	True	morphology	determiner_noun_agreement	Write a natural, coherent English sentence.
258	29	Current events stun these lost people.	Current events stun this lost people.	-81.0	-81.0	-10.125	-10.125	False	False	morphology	determiner_noun_agreement	Write a natural, coherent English sentence.
259	29	Mary tours this gray oasis.	Mary tours these gray oasis.	-71.0	-71.0	-10.125	-10.125	False	False	morphology	determiner_noun_agreement	Write a natural, coherent English sentence.
260	29	Linda visited those unsure men.	Linda visited that unsure men.	-71.5	-71.5	-10.1875	-10.1875	False	False	morphology	determiner_noun_agreement	Write a natural, coherent English sentence.
261	29	Dan wouldn't boycott that smooth oasis.	Dan wouldn't boycott those smooth oasis.	-110.5	-110.5	-10.0625	-10.0	False	False	morphology	determiner_noun_agreement	Write a natural, coherent English sentence.
262	29	Those men leave that brown oasis.	Those men leave those brown oasis.	-81.0	-81.0	-10.125	-10.125	False	False	morphology	determiner_noun_agreement	Write a natural, coherent English sentence.
263	29	Lissa does pass these black oases.	Lissa does pass this black oases.	-92.0	-92.0	-10.1875	-10.25	False	True	morphology	determiner_noun_agreement	Write a natural, coherent English sentence.
264	29	Alice had embarrassed this happy man.	Alice had embarrassed these happy man.	-71.5	-71.0	-10.1875	-10.1875	False	False	morphology	determiner_noun_agreement	Write a natural, coherent English sentence.
265	29	Wayne is worrying that hopeful child.	Wayne is worrying those hopeful child.	-80.5	-80.5	-10.0625	-10.0625	False	False	morphology	determiner_noun_agreement	Write a natural, coherent English sentence.
266	29	Lucille is biking to that green oasis.	Lucille is biking to those green oasis.	-108.5	-109.0	-9.875	-9.9375	True	True	morphology	determiner_noun_agreement	Write a natural, coherent English sentence.
267	29	Katherine hadn't skated around this white oasis.	Katherine hadn't skated around these white oasis.	-131.0	-131.0	-10.0625	-10.0625	False	False	morphology	determiner_noun_agreement	Write a natural, coherent English sentence.
268	29	James observed this hopeful child.	James observed these hopeful child.	-69.5	-69.0	-9.9375	-9.875	False	False	morphology	determiner_noun_agreement	Write a natural, coherent English sentence.
269	29	Gerald liked this big child.	Gerald liked these big child.	-70.5	-70.5	-10.0625	-10.0625	False	False	morphology	determiner_noun_agreement	Write a natural, coherent English sentence.
270	29	That committee wasn't hiring this displeased alumnus.	That committee wasn't hiring these displeased alumnus.	-140.0	-140.0	-10.0	-10.0	False	False	morphology	determiner_noun_agreement	Write a natural, coherent English sentence.
271	29	Gary isn't breaking that white tooth.	Gary isn't breaking those white tooth.	-91.0	-91.5	-10.125	-10.1875	True	True	morphology	determiner_noun_agreement	Write a natural, coherent English sentence.
272	29	Walter hasn't seen those content children.	Walter hasn't seen that content children.	-91.0	-91.0	-10.125	-10.125	False	False	morphology	determiner_noun_agreement	Write a natural, coherent English sentence.
273	29	Martha didn't clean these hidden teeth.	Martha didn't clean this hidden teeth.	-91.0	-91.0	-10.0625	-10.0625	False	False	morphology	determiner_noun_agreement	Write a natural, coherent English sentence.
274	29	These teachers are returning to those lost men.	These teachers are returning to that lost men.	-90.5	-90.5	-10.0625	-10.0625	False	False	morphology	determiner_noun_agreement	Write a natural, coherent English sentence.
275	29	Ellen hadn't boycotted that hidden oasis.	Ellen hadn't boycotted those hidden oasis.	-120.5	-120.5	-10.0	-10.0625	False	True	morphology	determiner_noun_agreement	Write a natural, coherent English sentence.
276	29	Some patients drive to these brown oases.	Some patients drive to this brown oases.	-91.0	-91.0	-10.125	-10.125	False	False	morphology	determiner_noun_agreement	Write a natural, coherent English sentence.
277	29	Nina wasn't referencing this ill person.	Nina wasn't referencing these ill person.	-101.0	-101.0	-10.0625	-10.0625	False	False	morphology	determiner_noun_agreement	Write a natural, coherent English sentence.
278	29	Denise praises these fast children.	Denise praises this fast children.	-80.5	-80.5	-10.0625	-10.0625	False	False	morphology	determiner_noun_agreement	Write a natural, coherent English sentence.
279	29	Most customers attack that clever man.	Most customers attack those clever man.	-71.5	-71.5	-10.1875	-10.1875	False	False	morphology	determiner_noun_agreement	Write a natural, coherent English sentence.
280	29	Every photograph looks like those exposed people.	Every photograph looks like that exposed people.	-80.5	-81.0	-10.0625	-10.125	True	True	morphology	determiner_noun_agreement	Write a natural, coherent English sentence.
281	29	Cindy shouldn't cure that confident alumnus.	Cindy shouldn't cure those confident alumnus.	-130.0	-131.0	-10.0625	-10.0625	True	False	morphology	determiner_noun_agreement	Write a natural, coherent English sentence.
282	29	The Borgias reveal these blue feet.	The Borgias reveal this blue feet.	-91.5	-92.0	-10.1875	-10.1875	True	False	morphology	determiner_noun_agreement	Write a natural, coherent English sentence.
283	29	Ella lifts these exposed fungi.	Ella lifts this exposed fungi.	-90.0	-90.0	-10.0	-10.0	False	False	morphology	determiner_noun_agreement	Write a natural, coherent English sentence.
284	29	The Lutherans astound that unsure person.	The Lutherans astound those unsure person.	-101.0	-100.5	-10.125	-10.0625	False	False	morphology	determiner_noun_agreement	Write a natural, coherent English sentence.
285	29	These cakes bore that determined woman.	These cakes bore those determined woman.	-81.5	-81.5	-10.1875	-10.1875	False	False	morphology	determiner_noun_agreement	Write a natural, coherent English sentence.
286	29	Nina lifts this orange cactus.	Nina lifts these orange cactus.	-89.0	-89.0	-9.875	-9.9375	False	True	morphology	determiner_noun_agreement	Write a natural, coherent English sentence.
287	29	The actors kiss these unconvinced children.	The actors kiss this unconvinced children.	-100.0	-100.0	-10.0	-10.0	False	False	morphology	determiner_noun_agreement	Write a natural, coherent English sentence.
288	29	Sharon dislikes that brown thesis.	Sharon dislikes those brown thesis.	-89.0	-89.0	-9.875	-9.875	False	False	morphology	determiner_noun_agreement	Write a natural, coherent English sentence.
289	29	The customers sell these rough fungi.	The customers sell this rough fungi.	-80.5	-80.5	-10.0625	-10.0625	False	False	morphology	determiner_noun_agreement	Write a natural, coherent English sentence.
290	29	Janice didn't cure those employed men.	Janice didn't cure that employed men.	-100.5	-101.0	-10.0625	-10.0625	True	False	morphology	determiner_noun_agreement	Write a natural, coherent English sentence.
291	29	Paula left this uncertain person.	Paula left these uncertain person.	-71.0	-71.0	-10.125	-10.125	False	False	morphology	determiner_noun_agreement	Write a natural, coherent English sentence.
292	29	Those guys had escaped from those employed children.	Those guys had escaped from that employed children.	-90.0	-90.5	-10.0	-10.0625	True	True	morphology	determiner_noun_agreement	Write a natural, coherent English sentence.
293	29	Christine wasn't touring that old oasis.	Christine wasn't touring those old oasis.	-119.5	-120.0	-9.9375	-10.0	True	True	morphology	determiner_noun_agreement	Write a natural, coherent English sentence.
294	29	These waitresses praise this rough thesis.	These waitresses praise these rough thesis.	-89.5	-90.0	-9.9375	-10.0	True	True	morphology	determiner_noun_agreement	Write a natural, coherent English sentence.
295	29	Some girls hadn't passed this concealed oasis.	Some girls hadn't passed these concealed oasis.	-121.0	-121.5	-10.125	-10.125	True	False	morphology	determiner_noun_agreement	Write a natural, coherent English sentence.
296	29	Andrea lifts these small cacti.	Andrea lifts this small cacti.	-90.0	-90.0	-10.0	-10.0	False	False	morphology	determiner_noun_agreement	Write a natural, coherent English sentence.
297	29	Kristen is scanning those bad synopses.	Kristen is scanning that bad synopses.	-109.5	-110.0	-9.9375	-10.0	True	True	morphology	determiner_noun_agreement	Write a natural, coherent English sentence.
298	29	Alan is skated around these cheap oases.	Alan is skated around this cheap oases.	-101.5	-101.5	-10.125	-10.1875	False	True	morphology	determiner_noun_agreement	Write a natural, coherent English sentence.
299	29	Kayla has investigated these busy people.	Kayla has investigated this busy people.	-81.0	-81.0	-10.125	-10.125	False	False	morphology	determiner_noun_agreement	Write a natural, coherent English sentence.
300	29	Timothy observes that good woman.	Timothy observes those good woman.	-79.0	-80.0	-9.875	-10.0	True	True	morphology	determiner_noun_agreement	Write a natural, coherent English sentence.
301	29	Every museum hadn't discussed those hidden theses.	Every museum hadn't discussed that hidden theses.	-111.0	-111.5	-10.0625	-10.125	True	True	morphology	determiner_noun_agreement	Write a natural, coherent English sentence.
302	29	Some cashiers help this troubled person.	Some cashiers help these troubled person.	-89.0	-89.5	-9.9375	-9.9375	True	False	morphology	determiner_noun_agreement	Write a natural, coherent English sentence.
303	29	Amanda was attacking that displeased woman.	Amanda was attacking those displeased woman.	-91.0	-91.0	-10.0625	-10.125	False	True	morphology	determiner_noun_agreement	Write a natural, coherent English sentence.
304	29	This window upsets these lost people.	This window upsets this lost people.	-80.5	-81.0	-10.0625	-10.125	True	True	morphology	determiner_noun_agreement	Write a natural, coherent English sentence.
305	29	Cindy wasn't bringing those gray cacti.	Cindy wasn't bringing that gray cacti.	-130.0	-130.0	-10.0	-10.0	False	False	morphology	determiner_noun_agreement	Write a natural, coherent English sentence.
306	29	Peter complained about these good synopses.	Peter complained about this good synopses.	-90.0	-90.0	-10.0	-10.0	False	False	morphology	determiner_noun_agreement	Write a natural, coherent English sentence.
307	29	Danielle was touring those new oases.	Danielle was touring that new oases.	-100.0	-100.0	-10.0	-10.0	False	False	morphology	determiner_noun_agreement	Write a natural, coherent English sentence.
308	29	Elaine discusses that standing person.	Elaine discusses those standing person.	-80.0	-80.0	-10.0	-10.0	False	False	morphology	determiner_noun_agreement	Write a natural, coherent English sentence.
309	29	Jacqueline had healed those rough geese.	Jacqueline had healed that rough geese.	-110.0	-109.5	-10.0	-10.0	False	False	morphology	determiner_noun_agreement	Write a natural, coherent English sentence.
310	29	All rivers were distracting those standing men.	All rivers were distracting that standing men.	-90.5	-91.5	-10.0625	-10.125	True	True	morphology	determiner_noun_agreement	Write a natural, coherent English sentence.
311	29	Some people exit those yellow oases.	Some people exit that yellow oases.	-80.5	-80.5	-10.0625	-10.0625	False	False	morphology	determiner_noun_agreement	Write a natural, coherent English sentence.
312	29	Becca isn't exploring these hard oases.	Becca isn't exploring this hard oases.	-111.5	-111.5	-10.125	-10.125	False	False	morphology	determiner_noun_agreement	Write a natural, coherent English sentence.
313	29	Timothy revealed that big foot.	Timothy revealed those big foot.	-69.5	-70.0	-9.875	-10.0625	True	True	morphology	determiner_noun_agreement	Write a natural, coherent English sentence.
314	29	Adam fires these determined men.	Adam fires this determined men.	-61.5	-61.75	-10.25	-10.3125	True	True	morphology	determiner_noun_agreement	Write a natural, coherent English sentence.
315	29	The teenagers clean this purple foot.	The teenagers clean these purple foot.	-80.0	-80.0	-10.0	-10.0	False	False	morphology	determiner_noun_agreement	Write a natural, coherent English sentence.
316	29	The Great Lakes could annoy that troubled man.	The Great Lakes could annoy those troubled man.	-109.5	-109.5	-9.9375	-9.9375	False	False	morphology	determiner_noun_agreement	Write a natural, coherent English sentence.
317	29	Karen discusses those bad men.	Karen discusses that bad men.	-70.5	-70.5	-10.0625	-10.0625	False	False	morphology	determiner_noun_agreement	Write a natural, coherent English sentence.
318	29	Phillip didn't find those ill alumni.	Phillip didn't find that ill alumni.	-119.0	-119.0	-9.875	-9.9375	False	True	morphology	determiner_noun_agreement	Write a natural, coherent English sentence.
319	29	A lot of men reference these good analyses.	A lot of men reference this good analyses.	-100.0	-100.5	-10.0	-10.0625	True	True	morphology	determiner_noun_agreement	Write a natural, coherent English sentence.
320	29	Larry had insulted these lucky children.	Larry had insulted this lucky children.	-80.5	-81.0	-10.0625	-10.125	True	True	morphology	determiner_noun_agreement	Write a natural, coherent English sentence.
321	29	Debra is firing that determined child.	Debra is firing those determined child.	-81.0	-81.0	-10.125	-10.125	False	False	morphology	determiner_noun_agreement	Write a natural, coherent English sentence.
322	29	Noah was watching that fast woman.	Noah was watching those fast woman.	-70.5	-71.0	-10.0625	-10.125	True	True	morphology	determiner_noun_agreement	Write a natural, coherent English sentence.
323	29	Gina works with that displeased person.	Gina works with those displeased person.	-100.0	-100.0	-10.0	-10.0	False	False	morphology	determiner_noun_agreement	Write a natural, coherent English sentence.
324	29	Most doctors would bring these big nuclei.	Most doctors would bring this big nuclei.	-91.0	-91.0	-10.125	-10.125	False	False	morphology	determiner_noun_agreement	Write a natural, coherent English sentence.
325	29	All drawings alarm that unconvinced child.	All drawings alarm those unconvinced child.	-101.0	-100.0	-10.0625	-10.0	False	False	morphology	determiner_noun_agreement	Write a natural, coherent English sentence.
326	29	Some libraries hate that busy man.	Some libraries hate those busy man.	-71.0	-71.0	-10.125	-10.125	False	False	morphology	determiner_noun_agreement	Write a natural, coherent English sentence.
327	29	Derek disgusted that unemployed child.	Derek disgusted those unemployed child.	-90.0	-90.0	-10.0	-10.0	False	False	morphology	determiner_noun_agreement	Write a natural, coherent English sentence.
328	29	Marla hadn't fired these good men.	Marla hadn't fired this good men.	-101.5	-101.5	-10.125	-10.1875	False	True	morphology	determiner_noun_agreement	Write a natural, coherent English sentence.
329	29	Carmen examined that red thesis.	Carmen examined those red thesis.	-71.0	-71.0	-10.125	-10.125	False	False	morphology	determiner_noun_agreement	Write a natural, coherent English sentence.
330	29	Amelia investigates this smart woman.	Amelia investigates these smart woman.	-80.5	-81.0	-10.0625	-10.125	True	True	morphology	determiner_noun_agreement	Write a natural, coherent English sentence.
331	29	The Borgias hire that displeased alumnus.	The Borgias hire those displeased alumnus.	-129.0	-129.0	-9.9375	-9.9375	False	False	morphology	determiner_noun_agreement	Write a natural, coherent English sentence.
332	29	Stacey would arrive at these orange oases.	Stacey would arrive at this orange oases.	-109.5	-110.0	-10.0	-10.0	True	False	morphology	determiner_noun_agreement	Write a natural, coherent English sentence.
333	29	Anna works with this lucky man.	Anna works with these lucky man.	-70.5	-70.5	-10.0625	-10.0625	False	False	morphology	determiner_noun_agreement	Write a natural, coherent English sentence.
334	29	Walter has scanned this rough thesis.	Walter has scanned these rough thesis.	-82.0	-82.0	-10.25	-10.25	False	False	morphology	determiner_noun_agreement	Write a natural, coherent English sentence.
335	29	Some mushroom bothered that lucky woman.	Some mushroom bothered those lucky woman.	-80.0	-80.0	-10.0	-10.0	False	False	morphology	determiner_noun_agreement	Write a natural, coherent English sentence.
336	29	Cynthia walked through this hard oasis.	Cynthia walked through these hard oasis.	-109.5	-109.5	-9.9375	-9.9375	False	False	morphology	determiner_noun_agreement	Write a natural, coherent English sentence.
337	29	Liam has healed these black oxen.	Liam has healed this black oxen.	-100.0	-100.0	-10.0	-10.0	False	False	morphology	determiner_noun_agreement	Write a natural, coherent English sentence.
338	29	Andrew did notice these white axes.	Andrew did notice this white axes.	-81.5	-81.5	-10.1875	-10.1875	False	False	morphology	determiner_noun_agreement	Write a natural, coherent English sentence.
339	29	Bethany kisses these serious alumni.	Bethany kisses this serious alumni.	-98.5	-98.5	-9.875	-9.875	False	False	morphology	determiner_noun_agreement	Write a natural, coherent English sentence.
340	29	Vanessa watches this nice person.	Vanessa watches these nice person.	-70.5	-70.5	-10.0625	-10.0625	False	False	morphology	determiner_noun_agreement	Write a natural, coherent English sentence.
341	29	Every window astounded that big man.	Every window astounded those big man.	-90.0	-89.5	-10.0	-9.9375	False	False	morphology	determiner_noun_agreement	Write a natural, coherent English sentence.
342	29	Donna leaves that upset man.	Donna leaves those upset man.	-70.5	-70.5	-10.0625	-10.125	False	True	morphology	determiner_noun_agreement	Write a natural, coherent English sentence.
343	29	Many students drop by that orange oasis.	Many students drop by those orange oasis.	-90.5	-91.0	-10.0625	-10.0625	True	False	morphology	determiner_noun_agreement	Write a natural, coherent English sentence.
344	29	The sketches looked like this unsure man.	The sketches looked like these unsure man.	-109.5	-109.5	-9.9375	-9.9375	False	False	morphology	determiner_noun_agreement	Write a natural, coherent English sentence.
345	29	Helen fixes that broken tooth.	Helen fixes those broken tooth.	-69.0	-69.5	-9.875	-9.9375	True	True	morphology	determiner_noun_agreement	Write a natural, coherent English sentence.
346	29	Robert wasn't annoying that old person.	Robert wasn't annoying those old person.	-91.0	-91.5	-10.125	-10.1875	True	True	morphology	determiner_noun_agreement	Write a natural, coherent English sentence.
347	29	Amy isn't talking to that young woman.	Amy isn't talking to those young woman.	-100.5	-101.0	-10.0625	-10.0625	True	False	morphology	determiner_noun_agreement	Write a natural, coherent English sentence.
348	29	Alan hadn't remembered these long analyses.	Alan hadn't remembered this long analyses.	-100.5	-100.5	-10.0625	-10.0625	False	False	morphology	determiner_noun_agreement	Write a natural, coherent English sentence.
349	29	Stephen is working with these out in the open women.	Stephen is working with this out in the open women.	-111.0	-111.0	-10.0625	-10.0625	False	False	morphology	determiner_noun_agreement	Write a natural, coherent English sentence.
350	29	This library had discussed these employed men.	This library had discussed this employed men.	-81.5	-81.5	-10.1875	-10.1875	False	False	morphology	determiner_noun_agreement	Write a natural, coherent English sentence.
351	29	This teenager can't worry those delighted men.	This teenager can't worry that delighted men.	-102.0	-102.0	-10.1875	-10.1875	False	False	morphology	determiner_noun_agreement	Write a natural, coherent English sentence.
352	29	Wendy revealed that sick octopus.	Wendy revealed those sick octopus.	-89.0	-89.5	-9.875	-9.9375	True	True	morphology	determiner_noun_agreement	Write a natural, coherent English sentence.
353	29	The Clintons haven't worked with that young person.	The Clintons haven't worked with those young person.	-130.0	-130.0	-10.0	-10.0	False	False	morphology	determiner_noun_agreement	Write a natural, coherent English sentence.
354	29	Some committee aggravates this unconvinced woman.	Some committee aggravates these unconvinced woman.	-119.0	-119.5	-9.9375	-9.9375	True	False	morphology	determiner_noun_agreement	Write a natural, coherent English sentence.
355	29	Guy bored that troubled man.	Guy bored those troubled man.	-71.5	-71.0	-10.1875	-10.1875	False	False	morphology	determiner_noun_agreement	Write a natural, coherent English sentence.
356	29	Every actress scanned those bad analyses.	Every actress scanned that bad analyses.	-90.5	-91.0	-10.0625	-10.0625	True	False	morphology	determiner_noun_agreement	Write a natural, coherent English sentence.
357	29	A library alarms that determined child.	A library alarms those determined child.	-81.5	-81.0	-10.1875	-10.125	False	False	morphology	determiner_noun_agreement	Write a natural, coherent English sentence.
358	29	Sheila can't notice this clever man.	Sheila can't notice these clever man.	-100.5	-100.5	-10.0625	-10.0	False	False	morphology	determiner_noun_agreement	Write a natural, coherent English sentence.
359	29	James forgets this fast alumnus.	James forgets these fast alumnus.	-90.0	-90.0	-10.0	-10.0	False	False	morphology	determiner_noun_agreement	Write a natural, coherent English sentence.
360	29	Noah hasn't thought about these smooth lice.	Noah hasn't thought about this smooth lice.	-111.0	-111.0	-10.0625	-10.0625	False	False	morphology	determiner_noun_agreement	Write a natural, coherent English sentence.
361	29	Aaron sees these gray oases.	Aaron sees this gray oases.	-71.0	-71.0	-10.125	-10.1875	False	True	morphology	determiner_noun_agreement	Write a natural, coherent English sentence.
362	29	Sherry has taken this standing goose.	Sherry has taken these standing goose.	-91.0	-91.0	-10.0625	-10.0625	False	False	morphology	determiner_noun_agreement	Write a natural, coherent English sentence.
363	29	Marie hasn't found those ill geese.	Marie hasn't found that ill geese.	-101.5	-101.0	-10.125	-10.125	False	False	morphology	determiner_noun_agreement	Write a natural, coherent English sentence.
364	29	Peter isn't arriving at that red oasis.	Peter isn't arriving at those red oasis.	-110.0	-110.5	-10.0	-10.0	True	False	morphology	determiner_noun_agreement	Write a natural, coherent English sentence.
365	29	Jill isn't boycotting those orange oases.	Jill isn't boycotting that orange oases.	-139.0	-140.0	-9.9375	-10.0	True	True	morphology	determiner_noun_agreement	Write a natural, coherent English sentence.
366	29	Julia messes up that orange foot.	Julia messes up those orange foot.	-80.0	-80.5	-10.0	-10.0625	True	True	morphology	determiner_noun_agreement	Write a natural, coherent English sentence.
367	29	That hill didn't disturb that content woman.	That hill didn't disturb those content woman.	-101.0	-101.0	-10.125	-10.125	False	False	morphology	determiner_noun_agreement	Write a natural, coherent English sentence.
368	29	Suzanne has concealed that concealed man.	Suzanne has concealed those concealed man.	-99.0	-99.5	-9.9375	-9.9375	True	False	morphology	determiner_noun_agreement	Write a natural, coherent English sentence.
369	29	Alicia sells that orange octopus.	Alicia sells those orange octopus.	-108.0	-108.0	-9.8125	-9.8125	False	False	morphology	determiner_noun_agreement	Write a natural, coherent English sentence.
370	29	Leslie has discussed that delighted child.	Leslie has discussed those delighted child.	-81.0	-81.0	-10.125	-10.125	False	False	morphology	determiner_noun_agreement	Write a natural, coherent English sentence.
371	29	Andrea could like these white lice.	Andrea could like this white lice.	-81.0	-81.0	-10.125	-10.125	False	False	morphology	determiner_noun_agreement	Write a natural, coherent English sentence.
372	29	Most children break those rough teeth.	Most children break that rough teeth.	-71.0	-71.0	-10.1875	-10.1875	False	False	morphology	determiner_noun_agreement	Write a natural, coherent English sentence.
373	29	Richard did work with this clever child.	Richard did work with these clever child.	-81.0	-81.0	-10.125	-10.125	False	False	morphology	determiner_noun_agreement	Write a natural, coherent English sentence.
374	29	Anne hugs this unemployed woman.	Anne hugs these unemployed woman.	-79.5	-80.0	-9.9375	-10.0	True	True	morphology	determiner_noun_agreement	Write a natural, coherent English sentence.
375	29	Those actors attack that excited child.	Those actors attack those excited child.	-71.5	-71.5	-10.1875	-10.1875	False	False	morphology	determiner_noun_agreement	Write a natural, coherent English sentence.
376	29	Bruce was hugging that unconvinced man.	Bruce was hugging those unconvinced man.	-109.0	-109.0	-9.875	-9.9375	False	True	morphology	determiner_noun_agreement	Write a natural, coherent English sentence.
377	29	Patrick hasn't hidden this orange oasis.	Patrick hasn't hidden these orange oasis.	-101.5	-101.5	-10.125	-10.125	False	False	morphology	determiner_noun_agreement	Write a natural, coherent English sentence.
378	29	Alicia hadn't discussed that uncertain person.	Alicia hadn't discussed those uncertain person.	-110.5	-110.5	-10.0625	-10.0625	False	False	morphology	determiner_noun_agreement	Write a natural, coherent English sentence.
379	29	Susan wasn't talking to those confident men.	Susan wasn't talking to that confident men.	-101.0	-101.0	-10.0625	-10.0625	False	False	morphology	determiner_noun_agreement	Write a natural, coherent English sentence.
380	29	Cheryl will scan that good synopsis.	Cheryl will scan those good synopsis.	-90.5	-90.5	-10.0625	-10.0625	False	False	morphology	determiner_noun_agreement	Write a natural, coherent English sentence.
381	29	Tamara kissed that unsure man.	Tamara kissed those unsure man.	-80.0	-80.0	-10.0	-10.0	False	False	morphology	determiner_noun_agreement	Write a natural, coherent English sentence.
382	29	Craig boasts about those bad analyses.	Craig boasts about that bad analyses.	-90.0	-90.0	-10.0	-10.0	False	False	morphology	determiner_noun_agreement	Write a natural, coherent English sentence.
383	29	Randolf hadn't hugged those serious people.	Randolf hadn't hugged that serious people.	-110.0	-110.0	-10.0	-10.0	False	False	morphology	determiner_noun_agreement	Write a natural, coherent English sentence.
384	29	Many doctors cure these exposed men.	Many doctors cure this exposed men.	-71.0	-71.5	-10.1875	-10.1875	True	False	morphology	determiner_noun_agreement	Write a natural, coherent English sentence.
385	29	Women criticized those smooth theses.	Women criticized that smooth theses.	-80.5	-80.0	-10.0625	-10.0	False	False	morphology	determiner_noun_agreement	Write a natural, coherent English sentence.
386	29	Some light disturbs that old person.	Some light disturbs those old person.	-90.5	-90.5	-10.0625	-10.0625	False	False	morphology	determiner_noun_agreement	Write a natural, coherent English sentence.
387	29	Carol was questioning this big man.	Carol was questioning these big man.	-71.0	-71.0	-10.125	-10.125	False	False	morphology	determiner_noun_agreement	Write a natural, coherent English sentence.
388	29	Sara has gone to that old oasis.	Sara has gone to those old oasis.	-90.0	-90.5	-10.0	-10.0625	True	True	morphology	determiner_noun_agreement	Write a natural, coherent English sentence.
389	29	Steven brought these red oases.	Steven brought this red oases.	-71.0	-71.0	-10.125	-10.125	False	False	morphology	determiner_noun_agreement	Write a natural, coherent English sentence.
390	29	Diana will disgust these ill children.	Diana will disgust this ill children.	-72.0	-72.0	-10.25	-10.3125	False	True	morphology	determiner_noun_agreement	Write a natural, coherent English sentence.
391	29	Steven disturbs these sick alumni.	Steven disturbs this sick alumni.	-99.5	-100.0	-9.9375	-10.0	True	True	morphology	determiner_noun_agreement	Write a natural, coherent English sentence.
392	29	Angela wasn't lifting these blue feet.	Angela wasn't lifting this blue feet.	-91.5	-92.0	-10.1875	-10.1875	True	False	morphology	determiner_noun_agreement	Write a natural, coherent English sentence.
393	29	Sharon hasn't stunned that unsure child.	Sharon hasn't stunned those unsure child.	-122.0	-121.5	-10.125	-10.125	False	False	morphology	determiner_noun_agreement	Write a natural, coherent English sentence.
394	29	These girls question that concealed man.	These girls question those concealed man.	-81.0	-80.5	-10.125	-10.0625	False	False	morphology	determiner_noun_agreement	Write a natural, coherent English sentence.
395	29	Martha wasn't kissing this unemployed man.	Martha wasn't kissing these unemployed man.	-108.5	-109.0	-9.875	-9.9375	True	True	morphology	determiner_noun_agreement	Write a natural, coherent English sentence.
396	29	Kendra isn't working with this excited child.	Kendra isn't working with these excited child.	-121.5	-121.5	-10.125	-10.125	False	False	morphology	determiner_noun_agreement	Write a natural, coherent English sentence.
397	29	All actresses praise this hard thesis.	All actresses praise these hard thesis.	-80.0	-80.0	-10.0	-10.0	False	False	morphology	determiner_noun_agreement	Write a natural, coherent English sentence.
398	29	David cleans that hard tooth.	David cleans those hard tooth.	-70.5	-70.5	-10.0625	-10.0625	False	False	morphology	determiner_noun_agreement	Write a natural, coherent English sentence.
399	29	Julia sounded like this uncertain person.	Julia sounded like these uncertain person.	-71.0	-71.5	-10.125	-10.1875	True	True	morphology	determiner_noun_agreement	Write a natural, coherent English sentence.
400	29	Those actors attacked that happy alumnus.	Those actors attacked those happy alumnus.	-91.0	-90.5	-10.0625	-10.0625	False	False	morphology	determiner_noun_agreement	Write a natural, coherent English sentence.
401	29	Eva hadn't admired these black fungi.	Eva hadn't admired this black fungi.	-110.5	-110.5	-10.0625	-10.0625	False	False	morphology	determiner_noun_agreement	Write a natural, coherent English sentence.
402	29	Many chairs aren't disgusting this unlucky child.	Many chairs aren't disgusting these unlucky child.	-129.0	-129.0	-9.9375	-9.9375	False	False	morphology	determiner_noun_agreement	Write a natural, coherent English sentence.
403	29	Those waiters break these rough teeth.	Those waiters break this rough teeth.	-81.0	-81.0	-10.125	-10.125	False	False	morphology	determiner_noun_agreement	Write a natural, coherent English sentence.
404	29	Becca leaves this uncertain child.	Becca leaves these uncertain child.	-71.0	-71.0	-10.125	-10.1875	False	True	morphology	determiner_noun_agreement	Write a natural, coherent English sentence.
405	29	Some steak disturbs these displeased children.	Some steak disturbs this displeased children.	-119.5	-119.5	-9.9375	-10.0	False	True	morphology	determiner_noun_agreement	Write a natural, coherent English sentence.
406	29	Christine wouldn't conceal this lost stimulus.	Christine wouldn't conceal these lost stimulus.	-120.0	-120.0	-10.0	-10.0	False	False	morphology	determiner_noun_agreement	Write a natural, coherent English sentence.
407	29	Every face irritates those unemployed alumni.	Every face irritates that unemployed alumni.	-108.0	-108.0	-9.8125	-9.8125	False	False	morphology	determiner_noun_agreement	Write a natural, coherent English sentence.
408	29	Susan noticed that unlucky person.	Susan noticed those unlucky person.	-79.5	-80.0	-9.9375	-10.0	True	True	morphology	determiner_noun_agreement	Write a natural, coherent English sentence.
409	29	Some women drop by those concealed oases.	Some women drop by that concealed oases.	-101.0	-101.0	-10.125	-10.125	False	False	morphology	determiner_noun_agreement	Write a natural, coherent English sentence.
410	29	The Clintons disagree with these serious men.	The Clintons disagree with this serious men.	-100.0	-100.0	-10.0	-10.0	False	False	morphology	determiner_noun_agreement	Write a natural, coherent English sentence.
411	29	Phillip discovers these busy women.	Phillip discovers this busy women.	-80.0	-80.0	-10.0	-10.0	False	False	morphology	determiner_noun_agreement	Write a natural, coherent English sentence.
412	29	Waiters investigate that hopeful woman.	Waiters investigate those hopeful woman.	-79.5	-79.5	-9.9375	-9.9375	False	False	morphology	determiner_noun_agreement	Write a natural, coherent English sentence.
413	29	Regina hasn't found these white nuclei.	Regina hasn't found this white nuclei.	-120.0	-120.5	-10.0	-10.0625	True	True	morphology	determiner_noun_agreement	Write a natural, coherent English sentence.
414	29	Irene scanned those purple theses.	Irene scanned that purple theses.	-90.5	-90.5	-10.0625	-10.0625	False	False	morphology	determiner_noun_agreement	Write a natural, coherent English sentence.
415	29	A bank references those popular people.	A bank references that popular people.	-71.5	-71.5	-10.1875	-10.25	False	True	morphology	determiner_noun_agreement	Write a natural, coherent English sentence.
416	29	Vincent tours this old oasis.	Vincent tours these old oasis.	-70.5	-71.0	-10.0625	-10.125	True	True	morphology	determiner_noun_agreement	Write a natural, coherent English sentence.
417	29	Alicia kisses that standing woman.	Alicia kisses those standing woman.	-89.5	-89.5	-9.9375	-9.9375	False	False	morphology	determiner_noun_agreement	Write a natural, coherent English sentence.
418	29	Some candles aren't boring those displeased men.	Some candles aren't boring that displeased men.	-130.0	-130.0	-10.0	-10.0625	False	True	morphology	determiner_noun_agreement	Write a natural, coherent English sentence.
419	29	That teenager does care for this old alumnus.	That teenager does care for these old alumnus.	-110.0	-110.5	-10.0	-10.0625	True	True	morphology	determiner_noun_agreement	Write a natural, coherent English sentence.
420	29	A lot of drawings weren't alarming that displeased man.	A lot of drawings weren't alarming those displeased man.	-149.0	-149.0	-9.9375	-9.9375	False	False	morphology	determiner_noun_agreement	Write a natural, coherent English sentence.
421	29	That face astounded that important woman.	That face astounded those important woman.	-90.0	-90.0	-10.0	-10.0	False	False	morphology	determiner_noun_agreement	Write a natural, coherent English sentence.
422	29	Tiffany had approached these unemployed people.	Tiffany had approached this unemployed people.	-99.5	-99.5	-9.9375	-9.9375	False	False	morphology	determiner_noun_agreement	Write a natural, coherent English sentence.
423	29	Christina is passing these rough oases.	Christina is passing this rough oases.	-90.5	-90.5	-10.0625	-10.0625	False	False	morphology	determiner_noun_agreement	Write a natural, coherent English sentence.
424	29	Debra was praising those busy people.	Debra was praising that busy people.	-90.5	-90.5	-10.0625	-10.0625	False	False	morphology	determiner_noun_agreement	Write a natural, coherent English sentence.
425	29	The doctors didn't care for these scared children.	The doctors didn't care for this scared children.	-110.0	-110.0	-10.0	-10.0	False	False	morphology	determiner_noun_agreement	Write a natural, coherent English sentence.
426	29	Those ladders stun these small people.	Those ladders stun this small people.	-101.0	-101.0	-10.125	-10.125	False	False	morphology	determiner_noun_agreement	Write a natural, coherent English sentence.
427	29	Samuel isn't distracting these clever women.	Samuel isn't distracting this clever women.	-101.0	-101.0	-10.125	-10.125	False	False	morphology	determiner_noun_agreement	Write a natural, coherent English sentence.
428	29	Lucille dropped by those new oases.	Lucille dropped by that new oases.	-90.5	-90.0	-10.0625	-10.0	False	False	morphology	determiner_noun_agreement	Write a natural, coherent English sentence.
429	29	A legislature should aggravate that busy child.	A legislature should aggravate those busy child.	-110.0	-110.0	-10.0	-10.0	False	False	morphology	determiner_noun_agreement	Write a natural, coherent English sentence.
430	29	Larry observed that lucky child.	Larry observed those lucky child.	-61.0	-61.0	-10.125	-10.1875	False	True	morphology	determiner_noun_agreement	Write a natural, coherent English sentence.
431	29	Lawrence wasn't approaching those troubled children.	Lawrence wasn't approaching that troubled children.	-100.5	-101.0	-10.0625	-10.125	True	True	morphology	determiner_noun_agreement	Write a natural, coherent English sentence.
432	29	Most libraries describe those delighted men.	Most libraries describe that delighted men.	-72.0	-72.0	-10.25	-10.25	False	False	morphology	determiner_noun_agreement	Write a natural, coherent English sentence.
433	29	The Impressionists alarms that sick child.	The Impressionists alarms those sick child.	-99.5	-100.0	-10.0	-10.0	True	False	morphology	determiner_noun_agreement	Write a natural, coherent English sentence.
434	29	A lot of children have this exposed axis.	A lot of children have these exposed axis.	-90.5	-90.5	-10.0625	-10.0625	False	False	morphology	determiner_noun_agreement	Write a natural, coherent English sentence.
435	29	Melissa couldn't reveal that small man.	Melissa couldn't reveal those small man.	-100.0	-100.5	-10.0	-10.0625	True	True	morphology	determiner_noun_agreement	Write a natural, coherent English sentence.
436	29	These carriages won't impress those bad men.	These carriages won't impress that bad men.	-111.0	-111.5	-10.125	-10.125	True	False	morphology	determiner_noun_agreement	Write a natural, coherent English sentence.
437	29	Many girls drop by that red oasis.	Many girls drop by those red oasis.	-91.0	-91.0	-10.0625	-10.125	False	True	morphology	determiner_noun_agreement	Write a natural, coherent English sentence.
438	29	The Impressionists fled from this small woman.	The Impressionists fled from these small woman.	-98.5	-99.0	-9.875	-9.875	True	False	morphology	determiner_noun_agreement	Write a natural, coherent English sentence.
439	29	Ann arrived at that blue oasis.	Ann arrived at those blue oasis.	-80.0	-80.5	-10.0	-10.0625	True	True	morphology	determiner_noun_agreement	Write a natural, coherent English sentence.
440	29	The sock isn't disturbing those lucky children.	The sock isn't disturbing that lucky children.	-109.0	-109.5	-9.9375	-9.9375	True	False	morphology	determiner_noun_agreement	Write a natural, coherent English sentence.
441	29	Those socks were shocking those unlucky men.	Those socks were shocking that unlucky men.	-108.5	-109.0	-9.875	-9.9375	True	True	morphology	determiner_noun_agreement	Write a natural, coherent English sentence.
442	29	Christine wasn't walking through those cheap oases.	Christine wasn't walking through that cheap oases.	-121.0	-121.0	-10.0625	-10.0625	False	False	morphology	determiner_noun_agreement	Write a natural, coherent English sentence.
443	29	Mary appreciates those content women.	Mary appreciates that content women.	-70.5	-70.5	-10.125	-10.0625	False	False	morphology	determiner_noun_agreement	Write a natural, coherent English sentence.
444	29	That lady didn't question this ill person.	That lady didn't question these ill person.	-101.5	-101.5	-10.125	-10.125	False	False	morphology	determiner_noun_agreement	Write a natural, coherent English sentence.
445	29	Most birds annoy this young woman.	Most birds annoy these young woman.	-70.0	-70.5	-10.0	-10.0625	True	True	morphology	determiner_noun_agreement	Write a natural, coherent English sentence.
446	29	Amelia is kissing these content men.	Amelia is kissing this content men.	-90.0	-90.0	-10.0	-10.0	False	False	morphology	determiner_noun_agreement	Write a natural, coherent English sentence.
447	29	Judy isn't taking those standing oxen.	Judy isn't taking that standing oxen.	-111.0	-111.0	-10.0625	-10.0625	False	False	morphology	determiner_noun_agreement	Write a natural, coherent English sentence.
448	29	Irene is discussing those clever alumni.	Irene is discussing that clever alumni.	-100.0	-100.0	-10.0	-10.0	False	False	morphology	determiner_noun_agreement	Write a natural, coherent English sentence.
449	29	Danielle could describe these long analyses.	Danielle could describe this long analyses.	-90.0	-90.0	-10.0	-10.0	False	False	morphology	determiner_noun_agreement	Write a natural, coherent English sentence.
450	29	Eva hasn't praised that lucky woman.	Eva hasn't praised those lucky woman.	-91.5	-91.5	-10.125	-10.1875	False	True	morphology	determiner_noun_agreement	Write a natural, coherent English sentence.
451	29	Grace might observe that unlucky woman.	Grace might observe those unlucky woman.	-90.0	-91.0	-10.0	-10.0625	True	True	morphology	determiner_noun_agreement	Write a natural, coherent English sentence.
452	29	The Clintons bothered these clever people.	The Clintons bothered this clever people.	-90.5	-90.5	-10.0625	-10.0625	False	False	morphology	determiner_noun_agreement	Write a natural, coherent English sentence.
453	29	April hadn't embarrassed those employed alumni.	April hadn't embarrassed that employed alumni.	-110.5	-110.5	-10.0625	-10.0625	False	False	morphology	determiner_noun_agreement	Write a natural, coherent English sentence.
454	29	Marie shouldn't forget that happy man.	Marie shouldn't forget those happy man.	-90.5	-90.5	-10.0625	-10.0625	False	False	morphology	determiner_noun_agreement	Write a natural, coherent English sentence.
455	29	Renee isn't breaking that cheap foot.	Renee isn't breaking those cheap foot.	-111.0	-111.0	-10.125	-10.125	False	False	morphology	determiner_noun_agreement	Write a natural, coherent English sentence.
456	29	Monica shouldn't sell those new oases.	Monica shouldn't sell that new oases.	-110.5	-110.5	-10.0625	-10.0625	False	False	morphology	determiner_noun_agreement	Write a natural, coherent English sentence.
457	29	Every dancer has returned to that troubled man.	Every dancer has returned to those troubled man.	-110.0	-110.0	-10.0	-10.0	False	False	morphology	determiner_noun_agreement	Write a natural, coherent English sentence.
458	29	Those dancers break those green teeth.	Those dancers break that green teeth.	-81.5	-81.5	-10.1875	-10.1875	False	False	morphology	determiner_noun_agreement	Write a natural, coherent English sentence.
459	29	These teachers talk about these fast women.	These teachers talk about this fast women.	-81.0	-81.0	-10.125	-10.125	False	False	morphology	determiner_noun_agreement	Write a natural, coherent English sentence.
460	29	Spain hasn't praised that happy man.	Spain hasn't praised those happy man.	-91.5	-92.0	-10.1875	-10.1875	True	False	morphology	determiner_noun_agreement	Write a natural, coherent English sentence.
461	29	Monica does kiss those good people.	Monica does kiss that good people.	-80.5	-80.5	-10.0625	-10.0625	False	False	morphology	determiner_noun_agreement	Write a natural, coherent English sentence.
462	29	Benjamin can boast about those busy men.	Benjamin can boast about that busy men.	-90.5	-91.0	-10.0625	-10.125	True	True	morphology	determiner_noun_agreement	Write a natural, coherent English sentence.
463	29	Donald conceals this lost nucleus.	Donald conceals these lost nucleus.	-81.0	-81.0	-10.125	-10.125	False	False	morphology	determiner_noun_agreement	Write a natural, coherent English sentence.
464	29	Gregory was embarrassing this big woman.	Gregory was embarrassing these big woman.	-81.0	-81.0	-10.125	-10.125	False	False	morphology	determiner_noun_agreement	Write a natural, coherent English sentence.
465	29	The waiter wasn't stunning that hidden child.	The waiter wasn't stunning those hidden child.	-111.0	-111.0	-10.125	-10.125	False	False	morphology	determiner_noun_agreement	Write a natural, coherent English sentence.
466	29	A lot of photographs haven't looked like this red stimulus.	A lot of photographs haven't looked like these red stimulus.	-139.0	-139.0	-9.9375	-9.9375	False	False	morphology	determiner_noun_agreement	Write a natural, coherent English sentence.
467	29	A patient fixed those cheap feet.	A patient fixed that cheap feet.	-71.5	-72.0	-10.1875	-10.3125	True	True	morphology	determiner_noun_agreement	Write a natural, coherent English sentence.
468	29	Many gates shouldn't astound these unsure alumni.	Many gates shouldn't astound this unsure alumni.	-140.0	-140.0	-10.0	-10.0	False	False	morphology	determiner_noun_agreement	Write a natural, coherent English sentence.
469	29	That picture hasn't looked like these big men.	That picture hasn't looked like this big men.	-110.5	-110.0	-10.0	-10.0	False	False	morphology	determiner_noun_agreement	Write a natural, coherent English sentence.
470	29	These waitresses talk about this hidden thesis.	These waitresses talk about these hidden thesis.	-99.0	-99.0	-9.875	-9.9375	False	True	morphology	determiner_noun_agreement	Write a natural, coherent English sentence.
471	29	Stacy concealed those gray axes.	Stacy concealed that gray axes.	-91.0	-91.0	-10.125	-10.125	False	False	morphology	determiner_noun_agreement	Write a natural, coherent English sentence.
472	29	Nicole remembers those serious alumni.	Nicole remembers that serious alumni.	-90.0	-90.0	-10.0	-10.0	False	False	morphology	determiner_noun_agreement	Write a natural, coherent English sentence.
473	29	Leslie hadn't gone to that small oasis.	Leslie hadn't gone to those small oasis.	-119.0	-119.5	-9.9375	-9.9375	True	False	morphology	determiner_noun_agreement	Write a natural, coherent English sentence.
474	29	Joel wasn't praising this ill person.	Joel wasn't praising these ill person.	-101.5	-101.5	-10.125	-10.125	False	False	morphology	determiner_noun_agreement	Write a natural, coherent English sentence.
475	29	These drivers embarrasses this young alumnus.	These drivers embarrasses these young alumnus.	-100.0	-100.0	-10.0	-10.0	False	False	morphology	determiner_noun_agreement	Write a natural, coherent English sentence.
476	29	Beef bores that delighted woman.	Beef bores those delighted woman.	-81.0	-81.5	-10.125	-10.1875	True	True	morphology	determiner_noun_agreement	Write a natural, coherent English sentence.
477	29	Mitchell goes to this gray oasis.	Mitchell goes to these gray oasis.	-80.5	-81.0	-10.0625	-10.125	True	True	morphology	determiner_noun_agreement	Write a natural, coherent English sentence.
478	29	The mouth bores these upset men.	The mouth bores this upset men.	-82.0	-82.0	-10.25	-10.25	False	False	morphology	determiner_noun_agreement	Write a natural, coherent English sentence.
479	29	Most legislatures discuss those good people.	Most legislatures discuss that good people.	-81.0	-81.0	-10.125	-10.125	False	False	morphology	determiner_noun_agreement	Write a natural, coherent English sentence.
480	29	The boys mess up those purple feet.	The boys mess up that purple feet.	-81.0	-81.0	-10.125	-10.125	False	False	morphology	determiner_noun_agreement	Write a natural, coherent English sentence.
481	29	Cashiers describe these fast children.	Cashiers describe this fast children.	-70.5	-70.5	-10.0625	-10.0625	False	False	morphology	determiner_noun_agreement	Write a natural, coherent English sentence.
482	29	Roger has fired those unconvinced men.	Roger has fired that unconvinced men.	-100.5	-101.0	-10.0625	-10.125	True	True	morphology	determiner_noun_agreement	Write a natural, coherent English sentence.
483	29	Amy wasn't kissing this content man.	Amy wasn't kissing these content man.	-100.0	-100.5	-10.0	-10.0625	True	True	morphology	determiner_noun_agreement	Write a natural, coherent English sentence.
484	29	Every dancer hadn't praised those good analyses.	Every dancer hadn't praised that good analyses.	-121.0	-121.0	-10.0625	-10.125	False	True	morphology	determiner_noun_agreement	Write a natural, coherent English sentence.
485	29	Rhonda wasn't hiding those red mice.	Rhonda wasn't hiding that red mice.	-111.0	-110.5	-10.0625	-10.0625	False	False	morphology	determiner_noun_agreement	Write a natural, coherent English sentence.
486	29	Every pedestrian talks about that bad synopsis.	Every pedestrian talks about those bad synopsis.	-99.0	-99.0	-9.9375	-9.875	False	False	morphology	determiner_noun_agreement	Write a natural, coherent English sentence.
487	29	The fish shocks these old alumni.	The fish shocks this old alumni.	-99.0	-99.0	-9.875	-9.875	False	False	morphology	determiner_noun_agreement	Write a natural, coherent English sentence.
488	29	Those waitresses visited those scared alumni.	Those waitresses visited that scared alumni.	-107.5	-108.0	-9.8125	-9.8125	True	False	morphology	determiner_noun_agreement	Write a natural, coherent English sentence.
489	29	That library was listening to this nice man.	That library was listening to these nice man.	-90.0	-90.0	-10.0	-10.0	False	False	morphology	determiner_noun_agreement	Write a natural, coherent English sentence.
490	29	Steve wasn't bringing that blue stimulus.	Steve wasn't bringing those blue stimulus.	-101.0	-100.5	-10.0625	-10.0625	False	False	morphology	determiner_noun_agreement	Write a natural, coherent English sentence.
491	29	Some guest was hiring that scared woman.	Some guest was hiring those scared woman.	-81.5	-82.0	-10.1875	-10.25	True	True	morphology	determiner_noun_agreement	Write a natural, coherent English sentence.
492	29	The spotlights upset this unconvinced alumnus.	The spotlights upset these unconvinced alumnus.	-128.0	-128.0	-9.875	-9.875	False	False	morphology	determiner_noun_agreement	Write a natural, coherent English sentence.
493	29	Todd might observe this lost man.	Todd might observe these lost man.	-71.5	-71.5	-10.1875	-10.1875	False	False	morphology	determiner_noun_agreement	Write a natural, coherent English sentence.
494	29	People could describe that unconvinced person.	People could describe those unconvinced person.	-100.5	-100.5	-10.0625	-10.0625	False	False	morphology	determiner_noun_agreement	Write a natural, coherent English sentence.
495	29	That waiter had astounded these lucky people.	That waiter had astounded this lucky people.	-110.0	-110.5	-10.0	-10.0625	True	True	morphology	determiner_noun_agreement	Write a natural, coherent English sentence.
496	29	Kendra disgusted these confident women.	Kendra disgusted this confident women.	-91.0	-91.0	-10.125	-10.125	False	False	morphology	determiner_noun_agreement	Write a natural, coherent English sentence.
497	29	Spain hasn't annoyed those old people.	Spain hasn't annoyed that old people.	-100.0	-100.0	-10.0	-10.0	False	False	morphology	determiner_noun_agreement	Write a natural, coherent English sentence.
498	29	Steve kisses these out in the open people.	Steve kisses this out in the open people.	-99.0	-99.0	-9.875	-9.875	False	False	morphology	determiner_noun_agreement	Write a natural, coherent English sentence.
499	29	Wayne kissed those unconvinced men.	Wayne kissed that unconvinced men.	-90.5	-90.5	-10.0625	-10.0625	False	False	morphology	determiner_noun_agreement	Write a natural, coherent English sentence.
500	29	Douglas has brought those lost cacti.	Douglas has brought that lost cacti.	-90.0	-90.5	-10.0	-10.0625	True	True	morphology	determiner_noun_agreement	Write a natural, coherent English sentence.
501	29	Tammy can't reveal that big alumnus.	Tammy can't reveal those big alumnus.	-120.0	-120.0	-10.0	-10.0	False	False	morphology	determiner_noun_agreement	Write a natural, coherent English sentence.
502	29	Deborah fled from those standing children.	Deborah fled from that standing children.	-90.0	-90.0	-10.0	-10.0	False	False	morphology	determiner_noun_agreement	Write a natural, coherent English sentence.
503	29	A man wasn't cleaning that hard fungus.	A man wasn't cleaning those hard fungus.	-120.5	-120.5	-10.0625	-10.0625	False	False	morphology	determiner_noun_agreement	Write a natural, coherent English sentence.
504	29	Danielle has broken those gray teeth.	Danielle has broken that gray teeth.	-81.0	-80.5	-10.125	-10.0625	False	False	morphology	determiner_noun_agreement	Write a natural, coherent English sentence.
505	29	Derek praised this big thesis.	Derek praised these big thesis.	-71.5	-71.5	-10.1875	-10.25	False	True	morphology	determiner_noun_agreement	Write a natural, coherent English sentence.
506	29	Gary has disgusted those unsure people.	Gary has disgusted that unsure people.	-91.0	-91.0	-10.125	-10.0625	False	False	morphology	determiner_noun_agreement	Write a natural, coherent English sentence.
507	29	A senator insulted this bad synopsis.	A senator insulted these bad synopsis.	-99.5	-99.5	-10.0	-10.0	False	False	morphology	determiner_noun_agreement	Write a natural, coherent English sentence.
508	29	A lot of drivers visit these purple oases.	A lot of drivers visit this purple oases.	-100.5	-100.5	-10.0625	-10.0625	False	False	morphology	determiner_noun_agreement	Write a natural, coherent English sentence.
509	29	Richard isn't attacking this fast child.	Richard isn't attacking these fast child.	-91.5	-91.5	-10.125	-10.125	False	False	morphology	determiner_noun_agreement	Write a natural, coherent English sentence.
510	29	Frank shocked that unsure man.	Frank shocked those unsure man.	-72.0	-71.5	-10.3125	-10.1875	False	False	morphology	determiner_noun_agreement	Write a natural, coherent English sentence.
511	29	Brett returned to that confident man.	Brett returned to those confident man.	-80.5	-81.0	-10.0625	-10.125	True	True	morphology	determiner_noun_agreement	Write a natural, coherent English sentence.
512	29	Many ladies weren't passing these old oases.	Many ladies weren't passing this old oases.	-111.5	-112.0	-10.125	-10.1875	True	True	morphology	determiner_noun_agreement	Write a natural, coherent English sentence.
513	29	A waiter brought those purple teeth.	A waiter brought that purple teeth.	-80.0	-80.0	-10.0	-10.0	False	False	morphology	determiner_noun_agreement	Write a natural, coherent English sentence.
514	29	Beverly has fired this fast alumnus.	Beverly has fired these fast alumnus.	-101.0	-101.0	-10.125	-10.125	False	False	morphology	determiner_noun_agreement	Write a natural, coherent English sentence.
515	29	Men haven't observed that standing man.	Men haven't observed those standing man.	-91.5	-91.5	-10.1875	-10.1875	False	False	morphology	determiner_noun_agreement	Write a natural, coherent English sentence.
516	29	Tiffany admired this ill child.	Tiffany admired these ill child.	-90.0	-90.0	-10.0	-10.0	False	False	morphology	determiner_noun_agreement	Write a natural, coherent English sentence.
517	29	That patient didn't love that unemployed alumnus.	That patient didn't love those unemployed alumnus.	-130.0	-130.0	-10.0	-10.0	False	False	morphology	determiner_noun_agreement	Write a natural, coherent English sentence.
518	29	Aaron reveals that red tooth.	Aaron reveals those red tooth.	-61.5	-62.0	-10.25	-10.3125	True	True	morphology	determiner_noun_agreement	Write a natural, coherent English sentence.
519	29	Monica was insulting those bad people.	Monica was insulting that bad people.	-89.5	-90.0	-9.9375	-10.0	True	True	morphology	determiner_noun_agreement	Write a natural, coherent English sentence.
520	29	These teenagers watch that old alumnus.	These teenagers watch those old alumnus.	-98.5	-98.5	-9.875	-9.875	False	False	morphology	determiner_noun_agreement	Write a natural, coherent English sentence.
521	29	Tina might confuse this exposed child.	Tina might confuse these exposed child.	-91.0	-91.0	-10.125	-10.125	False	False	morphology	determiner_noun_agreement	Write a natural, coherent English sentence.
522	29	A face was confusing that nice woman.	A face was confusing those nice woman.	-81.5	-82.0	-10.1875	-10.25	True	True	morphology	determiner_noun_agreement	Write a natural, coherent English sentence.
523	29	An adult researches that good analysis.	An adult researches those good analysis.	-100.0	-100.0	-10.0	-10.0	False	False	morphology	determiner_noun_agreement	Write a natural, coherent English sentence.
524	29	Some broccoli isn't annoying these unconvinced women.	Some broccoli isn't annoying this unconvinced women.	-149.0	-149.0	-9.875	-9.9375	False	True	morphology	determiner_noun_agreement	Write a natural, coherent English sentence.
525	29	Nancy talks about these content children.	Nancy talks about this content children.	-71.0	-71.0	-10.125	-10.125	False	False	morphology	determiner_noun_agreement	Write a natural, coherent English sentence.
526	29	Regina found this lost ox.	Regina found these lost ox.	-80.0	-80.5	-10.0	-10.0625	True	True	morphology	determiner_noun_agreement	Write a natural, coherent English sentence.
527	29	Emily had respected that clever man.	Emily had respected those clever man.	-71.0	-71.0	-10.125	-10.125	False	False	morphology	determiner_noun_agreement	Write a natural, coherent English sentence.
528	29	Kathleen has worked with this confident man.	Kathleen has worked with these confident man.	-90.0	-90.0	-10.0	-10.0	False	False	morphology	determiner_noun_agreement	Write a natural, coherent English sentence.
529	29	Most customers are distracting these determined children.	Most customers are distracting this determined children.	-90.5	-91.0	-10.0625	-10.125	True	True	morphology	determiner_noun_agreement	Write a natural, coherent English sentence.
530	29	Rachelle didn't cure this black octopus.	Rachelle didn't cure these black octopus.	-119.0	-119.5	-9.9375	-10.0	True	True	morphology	determiner_noun_agreement	Write a natural, coherent English sentence.
531	29	Steven hugs these standing men.	Steven hugs this standing men.	-71.0	-71.0	-10.125	-10.125	False	False	morphology	determiner_noun_agreement	Write a natural, coherent English sentence.
532	29	Every popsicle shocked those excited men.	Every popsicle shocked that excited men.	-90.5	-91.0	-10.0625	-10.125	True	True	morphology	determiner_noun_agreement	Write a natural, coherent English sentence.
533	29	Sonia lifts that new oasis.	Sonia lifts those new oasis.	-90.0	-90.0	-10.0	-10.0	False	False	morphology	determiner_noun_agreement	Write a natural, coherent English sentence.
534	29	Cheryl might tour that purple oasis.	Cheryl might tour those purple oasis.	-90.5	-91.0	-10.0625	-10.125	True	True	morphology	determiner_noun_agreement	Write a natural, coherent English sentence.
535	29	This doctor appreciates this bad child.	This doctor appreciates these bad child.	-80.5	-81.0	-10.0625	-10.125	True	True	morphology	determiner_noun_agreement	Write a natural, coherent English sentence.
536	29	Leslie breaks those red feet.	Leslie breaks that red feet.	-70.5	-70.5	-10.0625	-10.0625	False	False	morphology	determiner_noun_agreement	Write a natural, coherent English sentence.
537	29	Bethany hasn't hidden that yellow louse.	Bethany hasn't hidden those yellow louse.	-111.0	-111.0	-10.0625	-10.125	False	True	morphology	determiner_noun_agreement	Write a natural, coherent English sentence.
538	29	Some people have criticized this brown thesis.	Some people have criticized these brown thesis.	-89.0	-89.0	-9.875	-9.875	False	False	morphology	determiner_noun_agreement	Write a natural, coherent English sentence.
539	29	Noah heals this determined child.	Noah heals these determined child.	-71.5	-71.5	-10.1875	-10.1875	False	False	morphology	determiner_noun_agreement	Write a natural, coherent English sentence.
540	29	Kevin biked to those big oases.	Kevin biked to that big oases.	-99.0	-98.5	-9.875	-9.875	False	False	morphology	determiner_noun_agreement	Write a natural, coherent English sentence.
541	29	Wayne hadn't bored these sick men.	Wayne hadn't bored this sick men.	-92.0	-92.0	-10.1875	-10.1875	False	False	morphology	determiner_noun_agreement	Write a natural, coherent English sentence.
542	29	Amy returns to those young alumni.	Amy returns to that young alumni.	-90.0	-90.0	-10.0	-10.0	False	False	morphology	determiner_noun_agreement	Write a natural, coherent English sentence.
543	29	That gate did aggravate this excited woman.	That gate did aggravate these excited woman.	-100.5	-100.5	-10.0	-10.0625	False	True	morphology	determiner_noun_agreement	Write a natural, coherent English sentence.
544	29	Melissa observes that bad child.	Melissa observes those bad child.	-80.0	-80.5	-10.0	-10.0625	True	True	morphology	determiner_noun_agreement	Write a natural, coherent English sentence.
545	29	Kathleen wasn't scanning those long synopses.	Kathleen wasn't scanning that long synopses.	-129.0	-130.0	-9.9375	-10.0	True	True	morphology	determiner_noun_agreement	Write a natural, coherent English sentence.
546	29	That guy dropped by these white oases.	That guy dropped by this white oases.	-91.0	-91.0	-10.0625	-10.0625	False	False	morphology	determiner_noun_agreement	Write a natural, coherent English sentence.
547	29	Every child might fire this serious child.	Every child might fire these serious child.	-81.5	-81.5	-10.1875	-10.1875	False	False	morphology	determiner_noun_agreement	Write a natural, coherent English sentence.
548	29	Meredith had concealed that black thesis.	Meredith had concealed those black thesis.	-100.0	-100.0	-10.0	-10.0	False	False	morphology	determiner_noun_agreement	Write a natural, coherent English sentence.
549	29	Randolf didn't see these blue teeth.	Randolf didn't see this blue teeth.	-100.5	-100.5	-10.0625	-10.0625	False	False	morphology	determiner_noun_agreement	Write a natural, coherent English sentence.
550	29	Some guy passes that rough oasis.	Some guy passes those rough oasis.	-81.5	-81.5	-10.1875	-10.1875	False	False	morphology	determiner_noun_agreement	Write a natural, coherent English sentence.
551	29	Guys hurts that smart man.	Guys hurts those smart man.	-81.0	-81.0	-10.125	-10.125	False	False	morphology	determiner_noun_agreement	Write a natural, coherent English sentence.
552	29	Many museums should describe this fast man.	Many museums should describe these fast man.	-90.0	-90.0	-10.0	-10.0	False	False	morphology	determiner_noun_agreement	Write a natural, coherent English sentence.
553	29	A lot of chairs haven't embarrassed this serious man.	A lot of chairs haven't embarrassed these serious man.	-121.0	-121.0	-10.0625	-10.0625	False	False	morphology	determiner_noun_agreement	Write a natural, coherent English sentence.
554	29	Emily talked about that ill alumnus.	Emily talked about those ill alumnus.	-90.0	-90.0	-10.0	-10.0	False	False	morphology	determiner_noun_agreement	Write a natural, coherent English sentence.
555	29	A lot of girls notice these black lice.	A lot of girls notice this black lice.	-100.5	-100.5	-10.0625	-10.0625	False	False	morphology	determiner_noun_agreement	Write a natural, coherent English sentence.
556	29	Those schools reference that green thesis.	Those schools reference those green thesis.	-72.0	-72.0	-10.25	-10.25	False	False	morphology	determiner_noun_agreement	Write a natural, coherent English sentence.
557	29	Bradley had bored this delighted alumnus.	Bradley had bored these delighted alumnus.	-100.5	-100.0	-10.0	-10.0	False	False	morphology	determiner_noun_agreement	Write a natural, coherent English sentence.
558	29	Melinda scares this good woman.	Melinda scares these good woman.	-81.5	-81.5	-10.1875	-10.1875	False	False	morphology	determiner_noun_agreement	Write a natural, coherent English sentence.
559	29	Those pedestrians go to those big oases.	Those pedestrians go to that big oases.	-111.0	-110.5	-10.0625	-10.0625	False	False	morphology	determiner_noun_agreement	Write a natural, coherent English sentence.
560	29	Many doctors escaped from that lost child.	Many doctors escaped from those lost child.	-81.0	-81.0	-10.125	-10.125	False	False	morphology	determiner_noun_agreement	Write a natural, coherent English sentence.
561	29	Tamara isn't revealing that orange ox.	Tamara isn't revealing those orange ox.	-101.0	-101.0	-10.0625	-10.125	False	True	morphology	determiner_noun_agreement	Write a natural, coherent English sentence.
562	29	Many patients arrive at that hidden oasis.	Many patients arrive at those hidden oasis.	-88.0	-88.5	-9.8125	-9.875	True	True	morphology	determiner_noun_agreement	Write a natural, coherent English sentence.
563	29	Beth leaves these happy children.	Beth leaves this happy children.	-61.25	-61.25	-10.1875	-10.1875	False	False	morphology	determiner_noun_agreement	Write a natural, coherent English sentence.
564	29	Deanna broke that yellow foot.	Deanna broke those yellow foot.	-71.0	-71.0	-10.125	-10.125	False	False	morphology	determiner_noun_agreement	Write a natural, coherent English sentence.
565	29	Jessica had talked to that concealed man.	Jessica had talked to those concealed man.	-90.0	-91.0	-10.0	-10.0625	True	True	morphology	determiner_noun_agreement	Write a natural, coherent English sentence.
566	29	Those actors praise those long synopses.	Those actors praise that long synopses.	-90.5	-91.0	-10.0625	-10.125	True	True	morphology	determiner_noun_agreement	Write a natural, coherent English sentence.
567	29	This coat hasn't astounded these popular men.	This coat hasn't astounded this popular men.	-120.0	-120.0	-10.0	-10.0	False	False	morphology	determiner_noun_agreement	Write a natural, coherent English sentence.
568	29	Wendy does talk to this scared alumnus.	Wendy does talk to these scared alumnus.	-109.5	-110.0	-9.9375	-10.0	True	True	morphology	determiner_noun_agreement	Write a natural, coherent English sentence.
569	29	Christine is questioning these happy men.	Christine is questioning this happy men.	-81.0	-81.0	-10.125	-10.125	False	False	morphology	determiner_noun_agreement	Write a natural, coherent English sentence.
570	29	All doctors loved that displeased man.	All doctors loved those displeased man.	-90.5	-91.0	-10.0625	-10.0625	True	False	morphology	determiner_noun_agreement	Write a natural, coherent English sentence.
571	29	Waitresses researched these long synopses.	Waitresses researched this long synopses.	-127.0	-127.5	-9.8125	-9.8125	True	False	morphology	determiner_noun_agreement	Write a natural, coherent English sentence.
572	29	Alexander can flee from this nice woman.	Alexander can flee from these nice woman.	-90.5	-90.5	-10.0625	-10.0625	False	False	morphology	determiner_noun_agreement	Write a natural, coherent English sentence.
573	29	Walter hadn't hated this fast man.	Walter hadn't hated these fast man.	-91.5	-91.5	-10.1875	-10.125	False	False	morphology	determiner_noun_agreement	Write a natural, coherent English sentence.
574	29	Those cashiers buy those smooth lice.	Those cashiers buy that smooth lice.	-90.5	-90.5	-10.0625	-10.0625	False	False	morphology	determiner_noun_agreement	Write a natural, coherent English sentence.
575	29	Sonia hid that determined child.	Sonia hid those determined child.	-71.5	-71.0	-10.1875	-10.1875	False	False	morphology	determiner_noun_agreement	Write a natural, coherent English sentence.
576	29	Barbara is observing that excited person.	Barbara is observing those excited person.	-80.0	-80.0	-10.0	-10.0	False	False	morphology	determiner_noun_agreement	Write a natural, coherent English sentence.
577	29	That company stuns these unconvinced women.	That company stuns this unconvinced women.	-110.5	-110.5	-10.0625	-10.0625	False	False	morphology	determiner_noun_agreement	Write a natural, coherent English sentence.
578	29	Paul thought about those bad theses.	Paul thought about that bad theses.	-81.0	-81.0	-10.125	-10.125	False	False	morphology	determiner_noun_agreement	Write a natural, coherent English sentence.
579	29	Victoria escaped from these displeased children.	Victoria escaped from this displeased children.	-90.0	-90.0	-10.0	-10.0	False	False	morphology	determiner_noun_agreement	Write a natural, coherent English sentence.
580	29	Brad notices this big octopus.	Brad notices these big octopus.	-88.5	-88.5	-9.8125	-9.875	False	True	morphology	determiner_noun_agreement	Write a natural, coherent English sentence.
581	29	Adam is praising those yellow theses.	Adam is praising that yellow theses.	-90.5	-91.0	-10.0625	-10.125	True	True	morphology	determiner_noun_agreement	Write a natural, coherent English sentence.
582	29	Douglas did tour those hidden oases.	Douglas did tour that hidden oases.	-81.0	-81.0	-10.125	-10.125	False	False	morphology	determiner_noun_agreement	Write a natural, coherent English sentence.
583	29	Gerald couldn't know these happy men.	Gerald couldn't know this happy men.	-100.5	-100.5	-10.0625	-10.0625	False	False	morphology	determiner_noun_agreement	Write a natural, coherent English sentence.
584	29	Those women hug that smart man.	Those women hug those smart man.	-71.0	-71.0	-10.125	-10.125	False	False	morphology	determiner_noun_agreement	Write a natural, coherent English sentence.
585	29	These senators wouldn't forget that long synopsis.	These senators wouldn't forget those long synopsis.	-120.5	-120.5	-10.0625	-10.0625	False	False	morphology	determiner_noun_agreement	Write a natural, coherent English sentence.
586	29	Edward took those lost stimuli.	Edward took that lost stimuli.	-71.0	-70.5	-10.125	-10.125	False	False	morphology	determiner_noun_agreement	Write a natural, coherent English sentence.
587	29	The waitresses did know this lucky person.	The waitresses did know these lucky person.	-99.0	-99.5	-9.9375	-9.9375	True	False	morphology	determiner_noun_agreement	Write a natural, coherent English sentence.
588	29	That library might love this important person.	That library might love these important person.	-81.0	-81.0	-10.125	-10.125	False	False	morphology	determiner_noun_agreement	Write a natural, coherent English sentence.
589	29	Carrie was healing this gray octopus.	Carrie was healing these gray octopus.	-99.5	-100.0	-10.0	-10.0	True	False	morphology	determiner_noun_agreement	Write a natural, coherent English sentence.
590	29	Sonia hadn't cleaned those gray teeth.	Sonia hadn't cleaned that gray teeth.	-101.0	-100.5	-10.0625	-10.0625	False	False	morphology	determiner_noun_agreement	Write a natural, coherent English sentence.
591	29	The Lutherans alarmed this confident woman.	The Lutherans alarmed these confident woman.	-90.5	-91.0	-10.0625	-10.125	True	True	morphology	determiner_noun_agreement	Write a natural, coherent English sentence.
592	29	This shirt impressed those popular people.	This shirt impressed that popular people.	-71.0	-71.5	-10.125	-10.1875	True	True	morphology	determiner_noun_agreement	Write a natural, coherent English sentence.
593	29	Some schools love that employed person.	Some schools love those employed person.	-71.5	-71.5	-10.1875	-10.1875	False	False	morphology	determiner_noun_agreement	Write a natural, coherent English sentence.
594	29	Valerie hasn't known this young child.	Valerie hasn't known these young child.	-100.5	-100.5	-10.0625	-10.0625	False	False	morphology	determiner_noun_agreement	Write a natural, coherent English sentence.
595	29	Scott respected those displeased men.	Scott respected that displeased men.	-81.0	-81.5	-10.125	-10.1875	True	True	morphology	determiner_noun_agreement	Write a natural, coherent English sentence.
596	29	The ladies work with those lost children.	The ladies work with that lost children.	-81.0	-81.0	-10.125	-10.125	False	False	morphology	determiner_noun_agreement	Write a natural, coherent English sentence.
597	29	Dawn had biked to this small oasis.	Dawn had biked to these small oasis.	-117.5	-118.0	-9.8125	-9.8125	True	False	morphology	determiner_noun_agreement	Write a natural, coherent English sentence.
598	29	Samantha would explore that gray oasis.	Samantha would explore those gray oasis.	-98.5	-98.5	-9.875	-9.875	False	False	morphology	determiner_noun_agreement	Write a natural, coherent English sentence.
599	29	All steps upset those unemployed men.	All steps upset that unemployed men.	-80.0	-80.5	-10.0	-10.0625	True	True	morphology	determiner_noun_agreement	Write a natural, coherent English sentence.
600	29	Marla has described that unemployed woman.	Marla has described those unemployed woman.	-90.5	-91.0	-10.0625	-10.0625	True	False	morphology	determiner_noun_agreement	Write a natural, coherent English sentence.
601	29	Most universities bore those excited children.	Most universities bore that excited children.	-71.5	-72.0	-10.1875	-10.25	True	True	morphology	determiner_noun_agreement	Write a natural, coherent English sentence.
602	29	These banks should reference that purple thesis.	These banks should reference those purple thesis.	-81.5	-81.5	-10.1875	-10.1875	False	False	morphology	determiner_noun_agreement	Write a natural, coherent English sentence.
603	29	Sherry brought those concealed geese.	Sherry brought that concealed geese.	-90.5	-90.5	-10.0625	-10.0625	False	False	morphology	determiner_noun_agreement	Write a natural, coherent English sentence.
604	29	Many pedestrians complain about these long analyses.	Many pedestrians complain about this long analyses.	-108.0	-108.0	-9.8125	-9.8125	False	False	morphology	determiner_noun_agreement	Write a natural, coherent English sentence.
605	29	Theresa fixed these small teeth.	Theresa fixed this small teeth.	-70.5	-70.0	-10.0625	-10.0625	False	False	morphology	determiner_noun_agreement	Write a natural, coherent English sentence.
606	29	This lake disturbed those unconvinced men.	This lake disturbed that unconvinced men.	-110.0	-110.0	-10.0	-10.0	False	False	morphology	determiner_noun_agreement	Write a natural, coherent English sentence.
607	29	Catherine was talking about those bad synopses.	Catherine was talking about that bad synopses.	-100.5	-100.5	-10.0	-10.0625	False	True	morphology	determiner_noun_agreement	Write a natural, coherent English sentence.
608	29	Alicia had escaped from these hidden men.	Alicia had escaped from this hidden men.	-100.0	-100.0	-10.0	-10.0	False	False	morphology	determiner_noun_agreement	Write a natural, coherent English sentence.
609	29	Natalie hasn't worked with this confident woman.	Natalie hasn't worked with these confident woman.	-110.0	-110.5	-10.0	-10.0625	True	True	morphology	determiner_noun_agreement	Write a natural, coherent English sentence.
610	29	Amelia annoyed this smart man.	Amelia annoyed these smart man.	-80.0	-80.0	-10.0	-10.0	False	False	morphology	determiner_noun_agreement	Write a natural, coherent English sentence.
611	29	Every guest is irritating this serious child.	Every guest is irritating these serious child.	-91.0	-91.0	-10.125	-10.125	False	False	morphology	determiner_noun_agreement	Write a natural, coherent English sentence.
612	29	All reports annoyed this hopeful person.	All reports annoyed these hopeful person.	-89.0	-89.0	-9.875	-9.875	False	False	morphology	determiner_noun_agreement	Write a natural, coherent English sentence.
613	29	These women break those orange teeth.	These women break that orange teeth.	-71.5	-71.5	-10.1875	-10.1875	False	False	morphology	determiner_noun_agreement	Write a natural, coherent English sentence.
614	29	Christopher could shock this excited child.	Christopher could shock these excited child.	-71.5	-71.5	-10.25	-10.25	False	False	morphology	determiner_noun_agreement	Write a natural, coherent English sentence.
615	29	This spotlight hasn't disgusted that employed child.	This spotlight hasn't disgusted those employed child.	-121.0	-120.5	-10.0625	-10.0625	False	False	morphology	determiner_noun_agreement	Write a natural, coherent English sentence.
616	29	Samantha fled from that busy child.	Samantha fled from those busy child.	-88.5	-88.5	-9.8125	-9.8125	False	False	morphology	determiner_noun_agreement	Write a natural, coherent English sentence.
617	29	Lucille arrived at that hard oasis.	Lucille arrived at those hard oasis.	-90.0	-90.0	-10.0	-10.0	False	False	morphology	determiner_noun_agreement	Write a natural, coherent English sentence.
618	29	All teachers see those yellow lice.	All teachers see that yellow lice.	-81.0	-81.0	-10.125	-10.125	False	False	morphology	determiner_noun_agreement	Write a natural, coherent English sentence.
619	29	Some photographs haven't looked like these small octopi.	Some photographs haven't looked like this small octopi.	-130.0	-130.0	-10.0	-10.0	False	False	morphology	determiner_noun_agreement	Write a natural, coherent English sentence.
620	29	Danielle brought those blue feet.	Danielle brought that blue feet.	-70.5	-71.0	-10.125	-10.125	True	False	morphology	determiner_noun_agreement	Write a natural, coherent English sentence.
621	29	Todd hadn't left those exposed men.	Todd hadn't left that exposed men.	-91.5	-91.5	-10.125	-10.1875	False	True	morphology	determiner_noun_agreement	Write a natural, coherent English sentence.
622	29	Some doctors embarrasses those delighted alumni.	Some doctors embarrasses that delighted alumni.	-100.0	-100.0	-10.0	-10.0	False	False	morphology	determiner_noun_agreement	Write a natural, coherent English sentence.
623	29	The actresses forget that unemployed alumnus.	The actresses forget those unemployed alumnus.	-108.0	-108.0	-9.8125	-9.8125	False	False	morphology	determiner_noun_agreement	Write a natural, coherent English sentence.
624	29	A lot of socks alarm this unsure alumnus.	A lot of socks alarm these unsure alumnus.	-120.5	-120.5	-10.0625	-10.0	False	False	morphology	determiner_noun_agreement	Write a natural, coherent English sentence.
625	29	The customers are thinking about that busy child.	The customers are thinking about those busy child.	-90.5	-90.5	-10.0625	-10.0625	False	False	morphology	determiner_noun_agreement	Write a natural, coherent English sentence.
626	29	Kristin wasn't kissing those small men.	Kristin wasn't kissing that small men.	-110.0	-110.0	-10.0	-10.0	False	False	morphology	determiner_noun_agreement	Write a natural, coherent English sentence.
627	29	Omar hasn't broken this broken foot.	Omar hasn't broken these broken foot.	-101.0	-101.0	-10.125	-10.125	False	False	morphology	determiner_noun_agreement	Write a natural, coherent English sentence.
628	29	The actress worked with this nice woman.	The actress worked with these nice woman.	-81.0	-81.0	-10.125	-10.125	False	False	morphology	determiner_noun_agreement	Write a natural, coherent English sentence.
629	29	Patients insult these happy people.	Patients insult this happy people.	-71.0	-71.0	-10.125	-10.1875	False	True	morphology	determiner_noun_agreement	Write a natural, coherent English sentence.
630	29	Spain bought those orange lice.	Spain bought that orange lice.	-70.5	-71.0	-10.125	-10.125	True	False	morphology	determiner_noun_agreement	Write a natural, coherent English sentence.
631	29	Those waiters didn't kiss this unlucky child.	Those waiters didn't kiss these unlucky child.	-129.0	-129.0	-9.9375	-9.9375	False	False	morphology	determiner_noun_agreement	Write a natural, coherent English sentence.
632	29	Jennifer isn't touring these old oases.	Jennifer isn't touring this old oases.	-110.0	-110.0	-10.0	-10.0	False	False	morphology	determiner_noun_agreement	Write a natural, coherent English sentence.
633	29	Glaciers upset this small child.	Glaciers upset these small child.	-80.0	-80.0	-10.0	-10.0	False	False	morphology	determiner_noun_agreement	Write a natural, coherent English sentence.
634	29	John investigated these old men.	John investigated this old men.	-60.75	-60.5	-10.125	-10.0625	False	False	morphology	determiner_noun_agreement	Write a natural, coherent English sentence.
635	29	Some doctors hated these yellow theses.	Some doctors hated this yellow theses.	-81.5	-81.5	-10.1875	-10.1875	False	False	morphology	determiner_noun_agreement	Write a natural, coherent English sentence.
636	29	Linda described that clever man.	Linda described those clever man.	-60.75	-60.75	-10.125	-10.125	False	False	morphology	determiner_noun_agreement	Write a natural, coherent English sentence.
637	29	Many drawings are looking like these excited women.	Many drawings are looking like this excited women.	-91.5	-91.0	-10.125	-10.125	False	False	morphology	determiner_noun_agreement	Write a natural, coherent English sentence.
638	29	Mitchell had concealed that small tooth.	Mitchell had concealed those small tooth.	-81.0	-81.0	-10.125	-10.125	False	False	morphology	determiner_noun_agreement	Write a natural, coherent English sentence.
639	29	Every dog had irritated this young child.	Every dog had irritated these young child.	-89.5	-90.0	-9.9375	-10.0	True	True	morphology	determiner_noun_agreement	Write a natural, coherent English sentence.
640	29	Some doctors lift this exposed ox.	Some doctors lift these exposed ox.	-71.5	-71.5	-10.25	-10.25	False	False	morphology	determiner_noun_agreement	Write a natural, coherent English sentence.
641	29	Valerie was disgusting that happy woman.	Valerie was disgusting those happy woman.	-90.5	-90.5	-10.0625	-10.0625	False	False	morphology	determiner_noun_agreement	Write a natural, coherent English sentence.
642	29	Claire hugs those clever men.	Claire hugs that clever men.	-71.0	-71.0	-10.125	-10.125	False	False	morphology	determiner_noun_agreement	Write a natural, coherent English sentence.
643	29	All adults go to these white oases.	All adults go to this white oases.	-91.0	-91.0	-10.125	-10.125	False	False	morphology	determiner_noun_agreement	Write a natural, coherent English sentence.
644	29	Bill observed this nice child.	Bill observed these nice child.	-61.25	-61.25	-10.1875	-10.1875	False	False	morphology	determiner_noun_agreement	Write a natural, coherent English sentence.
645	29	Diana kissed these delighted alumni.	Diana kissed this delighted alumni.	-80.0	-80.0	-10.0	-10.0	False	False	morphology	determiner_noun_agreement	Write a natural, coherent English sentence.
646	29	Governments are describing those sick people.	Governments are describing that sick people.	-80.0	-80.0	-10.0	-10.0	False	False	morphology	determiner_noun_agreement	Write a natural, coherent English sentence.
647	29	The doctors cure that young woman.	The doctors cure those young woman.	-69.5	-70.0	-9.9375	-10.0625	True	True	morphology	determiner_noun_agreement	Write a natural, coherent English sentence.
648	29	Dancers did disagree with this ill child.	Dancers did disagree with these ill child.	-91.5	-91.5	-10.1875	-10.1875	False	False	morphology	determiner_noun_agreement	Write a natural, coherent English sentence.
649	29	Veronica couldn't embarrass these exposed men.	Veronica couldn't embarrass this exposed men.	-110.0	-110.0	-10.0	-10.0	False	False	morphology	determiner_noun_agreement	Write a natural, coherent English sentence.
650	29	The students cared for that delighted man.	The students cared for those delighted man.	-80.5	-80.5	-10.0625	-10.0625	False	False	morphology	determiner_noun_agreement	Write a natural, coherent English sentence.
651	29	Steve conceals these important men.	Steve conceals this important men.	-71.0	-71.0	-10.125	-10.125	False	False	morphology	determiner_noun_agreement	Write a natural, coherent English sentence.
652	29	These actresses will talk to these content men.	These actresses will talk to this content men.	-99.0	-99.0	-9.9375	-9.9375	False	False	morphology	determiner_noun_agreement	Write a natural, coherent English sentence.
653	29	That teenager wouldn't buy these rough oxen.	That teenager wouldn't buy this rough oxen.	-111.0	-111.5	-10.125	-10.125	True	False	morphology	determiner_noun_agreement	Write a natural, coherent English sentence.
654	29	Sheila wouldn't kiss that happy child.	Sheila wouldn't kiss those happy child.	-100.5	-100.5	-10.0625	-10.0625	False	False	morphology	determiner_noun_agreement	Write a natural, coherent English sentence.
655	29	Erin drove to these out in the open oases.	Erin drove to this out in the open oases.	-120.5	-120.5	-10.0625	-10.0	False	False	morphology	determiner_noun_agreement	Write a natural, coherent English sentence.
656	29	Every hat has embarrassed those hopeful people.	Every hat has embarrassed that hopeful people.	-89.0	-89.5	-9.875	-9.9375	True	True	morphology	determiner_noun_agreement	Write a natural, coherent English sentence.
657	29	Every man is fleeing from that exposed oasis.	Every man is fleeing from those exposed oasis.	-109.5	-109.5	-9.9375	-9.9375	False	False	morphology	determiner_noun_agreement	Write a natural, coherent English sentence.
658	29	Some adults visit this ill man.	Some adults visit these ill man.	-71.0	-71.5	-10.1875	-10.1875	True	False	morphology	determiner_noun_agreement	Write a natural, coherent English sentence.
659	29	Janet did lift that good thesis.	Janet did lift those good thesis.	-81.0	-81.0	-10.125	-10.125	False	False	morphology	determiner_noun_agreement	Write a natural, coherent English sentence.
660	29	Katherine was cleaning this orange tooth.	Katherine was cleaning these orange tooth.	-81.5	-81.5	-10.1875	-10.1875	False	False	morphology	determiner_noun_agreement	Write a natural, coherent English sentence.
661	29	A lot of tomatoes can't confuse these ill alumni.	A lot of tomatoes can't confuse this ill alumni.	-158.0	-159.0	-9.875	-9.9375	True	True	morphology	determiner_noun_agreement	Write a natural, coherent English sentence.
662	29	Rose goes to those out in the open oases.	Rose goes to that out in the open oases.	-110.5	-110.5	-10.0	-10.0625	False	True	morphology	determiner_noun_agreement	Write a natural, coherent English sentence.
663	29	These governments criticize those gray oases.	These governments criticize that gray oases.	-91.0	-91.0	-10.0625	-10.125	False	True	morphology	determiner_noun_agreement	Write a natural, coherent English sentence.
664	29	Kevin forgot those delighted men.	Kevin forgot that delighted men.	-61.5	-61.0	-10.25	-10.1875	False	False	morphology	determiner_noun_agreement	Write a natural, coherent English sentence.
665	29	Most companies describe that long analysis.	Most companies describe those long analysis.	-71.5	-71.5	-10.1875	-10.25	False	True	morphology	determiner_noun_agreement	Write a natural, coherent English sentence.
666	29	Vincent was skated around this small oasis.	Vincent was skated around these small oasis.	-101.0	-101.0	-10.0625	-10.125	False	True	morphology	determiner_noun_agreement	Write a natural, coherent English sentence.
667	29	Many guys arrive at these out in the open oases.	Many guys arrive at this out in the open oases.	-119.5	-119.5	-9.9375	-9.9375	False	False	morphology	determiner_noun_agreement	Write a natural, coherent English sentence.
668	29	Gregory hadn't revealed these lost fungi.	Gregory hadn't revealed this lost fungi.	-101.0	-101.0	-10.125	-10.125	False	False	morphology	determiner_noun_agreement	Write a natural, coherent English sentence.
669	29	The cake stuns this standing man.	The cake stuns these standing man.	-80.5	-80.5	-10.0625	-10.0625	False	False	morphology	determiner_noun_agreement	Write a natural, coherent English sentence.
670	29	Cheryl isn't irritating that clever man.	Cheryl isn't irritating those clever man.	-110.5	-110.5	-10.0625	-10.0625	False	False	morphology	determiner_noun_agreement	Write a natural, coherent English sentence.
671	29	Some cat bores those old children.	Some cat bores that old children.	-81.0	-81.0	-10.125	-10.125	False	False	morphology	determiner_noun_agreement	Write a natural, coherent English sentence.
672	29	The actress knows that delighted child.	The actress knows those delighted child.	-71.0	-71.0	-10.125	-10.125	False	False	morphology	determiner_noun_agreement	Write a natural, coherent English sentence.
673	29	That actress had driven to these hidden oases.	That actress had driven to this hidden oases.	-101.0	-100.5	-10.0625	-10.0625	False	False	morphology	determiner_noun_agreement	Write a natural, coherent English sentence.
674	29	The Lutherans arrive at this cheap oasis.	The Lutherans arrive at these cheap oasis.	-99.5	-100.0	-9.9375	-10.0	True	True	morphology	determiner_noun_agreement	Write a natural, coherent English sentence.
675	29	Diane was kissing those lost women.	Diane was kissing that lost women.	-91.0	-91.0	-10.125	-10.125	False	False	morphology	determiner_noun_agreement	Write a natural, coherent English sentence.
676	29	Larry disturbs this employed woman.	Larry disturbs these employed woman.	-80.5	-81.0	-10.0625	-10.125	True	True	morphology	determiner_noun_agreement	Write a natural, coherent English sentence.
677	29	Pies shock this upset woman.	Pies shock these upset woman.	-72.0	-72.0	-10.25	-10.3125	False	True	morphology	determiner_noun_agreement	Write a natural, coherent English sentence.
678	29	Some waiters hug this content alumnus.	Some waiters hug these content alumnus.	-100.0	-100.0	-10.0	-10.0	False	False	morphology	determiner_noun_agreement	Write a natural, coherent English sentence.
679	29	Anna talked to those unsure men.	Anna talked to that unsure men.	-81.0	-80.5	-10.125	-10.0625	False	False	morphology	determiner_noun_agreement	Write a natural, coherent English sentence.
680	29	This school bores this determined man.	This school bores these determined man.	-81.0	-81.0	-10.125	-10.125	False	False	morphology	determiner_noun_agreement	Write a natural, coherent English sentence.
681	29	Omar had thought about these unemployed men.	Omar had thought about this unemployed men.	-100.0	-100.0	-10.0	-10.0	False	False	morphology	determiner_noun_agreement	Write a natural, coherent English sentence.
682	29	Winston Churchill cleaned these big nuclei.	Winston Churchill cleaned this big nuclei.	-99.5	-99.5	-9.9375	-9.9375	False	False	morphology	determiner_noun_agreement	Write a natural, coherent English sentence.
683	29	These organizations aren't concealing that exposed child.	These organizations aren't concealing those exposed child.	-110.5	-111.0	-10.0625	-10.0625	True	False	morphology	determiner_noun_agreement	Write a natural, coherent English sentence.
684	29	Erin bought this concealed axis.	Erin bought these concealed axis.	-80.5	-81.0	-10.0625	-10.125	True	True	morphology	determiner_noun_agreement	Write a natural, coherent English sentence.
685	29	Dan examines this long analysis.	Dan examines these long analysis.	-71.0	-71.0	-10.125	-10.125	False	False	morphology	determiner_noun_agreement	Write a natural, coherent English sentence.
686	29	These drivers concealed these gray oxen.	These drivers concealed this gray oxen.	-91.0	-91.0	-10.0625	-10.125	False	True	morphology	determiner_noun_agreement	Write a natural, coherent English sentence.
687	29	All children impresses this happy man.	All children impresses these happy man.	-80.5	-80.0	-10.0625	-10.0	False	False	morphology	determiner_noun_agreement	Write a natural, coherent English sentence.
688	29	People will conceal that concealed man.	People will conceal those concealed man.	-90.5	-90.5	-10.0625	-10.0625	False	False	morphology	determiner_noun_agreement	Write a natural, coherent English sentence.
689	29	Some patient returns to this old man.	Some patient returns to these old man.	-81.0	-81.0	-10.125	-10.125	False	False	morphology	determiner_noun_agreement	Write a natural, coherent English sentence.
690	29	Many actresses discovered those big oases.	Many actresses discovered that big oases.	-90.0	-90.0	-10.0	-10.0	False	False	morphology	determiner_noun_agreement	Write a natural, coherent English sentence.
691	29	The school talks about those young alumni.	The school talks about that young alumni.	-99.0	-99.0	-9.875	-9.875	False	False	morphology	determiner_noun_agreement	Write a natural, coherent English sentence.
692	29	Omar admired these blue fungi.	Omar admired this blue fungi.	-90.5	-90.5	-10.0625	-10.0625	False	False	morphology	determiner_noun_agreement	Write a natural, coherent English sentence.
693	29	Some school can't hate these good people.	Some school can't hate this good people.	-102.0	-102.0	-10.25	-10.25	False	False	morphology	determiner_noun_agreement	Write a natural, coherent English sentence.
694	29	A lot of eggplants wouldn't disturb that determined woman.	A lot of eggplants wouldn't disturb those determined woman.	-140.0	-140.0	-10.0	-10.0	False	False	morphology	determiner_noun_agreement	Write a natural, coherent English sentence.
695	29	That cake could annoy these uncertain men.	That cake could annoy this uncertain men.	-81.5	-82.0	-10.1875	-10.25	True	True	morphology	determiner_noun_agreement	Write a natural, coherent English sentence.
696	29	Lamps are worrying these hopeful alumni.	Lamps are worrying this hopeful alumni.	-108.0	-108.5	-9.8125	-9.875	True	True	morphology	determiner_noun_agreement	Write a natural, coherent English sentence.
697	29	A lot of eggplants bore these excited alumni.	A lot of eggplants bore this excited alumni.	-129.0	-129.0	-9.9375	-9.9375	False	False	morphology	determiner_noun_agreement	Write a natural, coherent English sentence.
698	29	A lot of teachers arrived at these old oases.	A lot of teachers arrived at this old oases.	-110.0	-110.0	-10.0	-10.0	False	False	morphology	determiner_noun_agreement	Write a natural, coherent English sentence.
699	29	Most sweaters hurt those happy people.	Most sweaters hurt that happy people.	-80.5	-81.0	-10.0625	-10.125	True	True	morphology	determiner_noun_agreement	Write a natural, coherent English sentence.
700	29	Tara scans those good analyses.	Tara scans that good analyses.	-90.5	-91.0	-10.0625	-10.0625	True	False	morphology	determiner_noun_agreement	Write a natural, coherent English sentence.
701	29	The man doesn't reference this out in the open woman.	The man doesn't reference these out in the open woman.	-130.0	-129.0	-10.0	-9.9375	False	False	morphology	determiner_noun_agreement	Write a natural, coherent English sentence.
702	29	This cashier is leaving this employed person.	This cashier is leaving these employed person.	-89.5	-90.0	-9.9375	-10.0	True	True	morphology	determiner_noun_agreement	Write a natural, coherent English sentence.
703	29	Bananas bother these clever alumni.	Bananas bother this clever alumni.	-88.0	-88.0	-9.8125	-9.8125	False	False	morphology	determiner_noun_agreement	Write a natural, coherent English sentence.
704	29	Some convertibles had worried those fast men.	Some convertibles had worried that fast men.	-91.5	-91.0	-10.1875	-10.125	False	False	morphology	determiner_noun_agreement	Write a natural, coherent English sentence.
705	29	Carl bored those nice women.	Carl bored that nice women.	-61.5	-61.5	-10.25	-10.25	False	False	morphology	determiner_noun_agreement	Write a natural, coherent English sentence.
706	29	These teachers explore these old oases.	These teachers explore this old oases.	-81.5	-81.5	-10.1875	-10.1875	False	False	morphology	determiner_noun_agreement	Write a natural, coherent English sentence.
707	29	Many waiters work with this scared child.	Many waiters work with these scared child.	-91.0	-91.0	-10.125	-10.125	False	False	morphology	determiner_noun_agreement	Write a natural, coherent English sentence.
708	29	Committees admire that smart child.	Committees admire those smart child.	-90.0	-90.0	-10.0	-10.0	False	False	morphology	determiner_noun_agreement	Write a natural, coherent English sentence.
709	29	Matt approaches this exposed child.	Matt approaches these exposed child.	-61.5	-61.5	-10.25	-10.25	False	False	morphology	determiner_noun_agreement	Write a natural, coherent English sentence.
710	29	Brian talks to this lucky man.	Brian talks to these lucky man.	-70.5	-70.5	-10.0625	-10.0625	False	False	morphology	determiner_noun_agreement	Write a natural, coherent English sentence.
711	29	A boy isn't talking about that red oasis.	A boy isn't talking about those red oasis.	-121.0	-121.0	-10.0625	-10.0625	False	False	morphology	determiner_noun_agreement	Write a natural, coherent English sentence.
712	29	Phillip bought those black feet.	Phillip bought that black feet.	-70.0	-70.5	-10.0	-10.0625	True	True	morphology	determiner_noun_agreement	Write a natural, coherent English sentence.
713	29	Eric isn't buying those brown geese.	Eric isn't buying that brown geese.	-101.0	-101.0	-10.0625	-10.125	False	True	morphology	determiner_noun_agreement	Write a natural, coherent English sentence.
714	29	Elaine remembers this delighted woman.	Elaine remembers these delighted woman.	-80.0	-80.0	-10.0	-10.0	False	False	morphology	determiner_noun_agreement	Write a natural, coherent English sentence.
715	29	This pedestrian arrives at that smooth oasis.	This pedestrian arrives at those smooth oasis.	-98.5	-99.0	-9.8125	-9.875	True	True	morphology	determiner_noun_agreement	Write a natural, coherent English sentence.
716	29	Those men forget these smart men.	Those men forget this smart men.	-71.0	-71.5	-10.1875	-10.1875	True	False	morphology	determiner_noun_agreement	Write a natural, coherent English sentence.
717	29	Tara might alarm this unsure person.	Tara might alarm these unsure person.	-91.5	-91.5	-10.125	-10.1875	False	True	morphology	determiner_noun_agreement	Write a natural, coherent English sentence.
718	29	Vanessa was healing those purple geese.	Vanessa was healing that purple geese.	-90.5	-90.5	-10.0625	-10.0625	False	False	morphology	determiner_noun_agreement	Write a natural, coherent English sentence.
719	29	Steven hasn't questioned those troubled people.	Steven hasn't questioned that troubled people.	-100.5	-101.0	-10.0625	-10.125	True	True	morphology	determiner_noun_agreement	Write a natural, coherent English sentence.
720	29	Thomas hides this clever woman.	Thomas hides these clever woman.	-71.0	-71.5	-10.1875	-10.1875	True	False	morphology	determiner_noun_agreement	Write a natural, coherent English sentence.
721	29	Most eyes confuse these content alumni.	Most eyes confuse this content alumni.	-100.5	-100.5	-10.0625	-10.0625	False	False	morphology	determiner_noun_agreement	Write a natural, coherent English sentence.
722	29	That dog aggravates this busy child.	That dog aggravates these busy child.	-89.5	-89.5	-9.9375	-9.9375	False	False	morphology	determiner_noun_agreement	Write a natural, coherent English sentence.
723	29	Karen has attacked this popular child.	Karen has attacked these popular child.	-71.5	-71.5	-10.1875	-10.25	False	True	morphology	determiner_noun_agreement	Write a natural, coherent English sentence.
724	29	Heidi might confuse those displeased men.	Heidi might confuse that displeased men.	-110.0	-110.0	-10.0	-10.0	False	False	morphology	determiner_noun_agreement	Write a natural, coherent English sentence.
725	29	Maria kisses this bad person.	Maria kisses these bad person.	-70.0	-70.0	-9.9375	-10.0	False	True	morphology	determiner_noun_agreement	Write a natural, coherent English sentence.
726	29	Tanya passes this purple oasis.	Tanya passes these purple oasis.	-80.5	-81.0	-10.0625	-10.125	True	True	morphology	determiner_noun_agreement	Write a natural, coherent English sentence.
727	29	Marla has respected those delighted alumni.	Marla has respected that delighted alumni.	-101.0	-101.0	-10.125	-10.125	False	False	morphology	determiner_noun_agreement	Write a natural, coherent English sentence.
728	29	Paula is investigating this employed alumnus.	Paula is investigating these employed alumnus.	-109.0	-109.5	-9.9375	-9.9375	True	False	morphology	determiner_noun_agreement	Write a natural, coherent English sentence.
729	29	Most chairs aren't disgusting those serious women.	Most chairs aren't disgusting that serious women.	-110.5	-110.5	-10.0625	-10.0625	False	False	morphology	determiner_noun_agreement	Write a natural, coherent English sentence.
730	29	Men hadn't run around this purple oasis.	Men hadn't run around these purple oasis.	-110.5	-111.0	-10.0625	-10.0625	True	False	morphology	determiner_noun_agreement	Write a natural, coherent English sentence.
731	29	Tina hadn't arrived at those green oases.	Tina hadn't arrived at that green oases.	-120.5	-120.5	-10.0625	-10.0	False	False	morphology	determiner_noun_agreement	Write a natural, coherent English sentence.
732	29	Karla knew this busy alumnus.	Karla knew these busy alumnus.	-91.0	-91.0	-10.0625	-10.0625	False	False	morphology	determiner_noun_agreement	Write a natural, coherent English sentence.
733	29	The actors care for these exposed people.	The actors care for this exposed people.	-81.0	-81.0	-10.125	-10.125	False	False	morphology	determiner_noun_agreement	Write a natural, coherent English sentence.
734	29	Michelle might alarm this employed man.	Michelle might alarm these employed man.	-71.5	-72.0	-10.25	-10.25	True	False	morphology	determiner_noun_agreement	Write a natural, coherent English sentence.
735	29	Maria hasn't walked through these hard oases.	Maria hasn't walked through this hard oases.	-111.0	-110.5	-10.0625	-10.0625	False	False	morphology	determiner_noun_agreement	Write a natural, coherent English sentence.
736	29	That report might disagree with those delighted men.	That report might disagree with that delighted men.	-90.0	-91.0	-10.0	-10.0625	True	True	morphology	determiner_noun_agreement	Write a natural, coherent English sentence.
737	29	Actresses discuss this popular person.	Actresses discuss these popular person.	-79.0	-79.5	-9.875	-9.9375	True	True	morphology	determiner_noun_agreement	Write a natural, coherent English sentence.
738	29	Holly won't watch these unlucky men.	Holly won't watch this unlucky men.	-110.5	-110.5	-10.0625	-10.0625	False	False	morphology	determiner_noun_agreement	Write a natural, coherent English sentence.
739	29	Carl was driving to those blue oases.	Carl was driving to that blue oases.	-90.5	-90.5	-10.0625	-10.0625	False	False	morphology	determiner_noun_agreement	Write a natural, coherent English sentence.
740	29	Bill passes that rough oasis.	Bill passes those rough oasis.	-71.0	-71.0	-10.1875	-10.1875	False	False	morphology	determiner_noun_agreement	Write a natural, coherent English sentence.
741	29	All men praise this good thesis.	All men praise these good thesis.	-71.0	-71.5	-10.125	-10.1875	True	True	morphology	determiner_noun_agreement	Write a natural, coherent English sentence.
742	29	Many doctors should escape from these hopeful women.	Many doctors should escape from this hopeful women.	-100.0	-100.0	-10.0	-10.0	False	False	morphology	determiner_noun_agreement	Write a natural, coherent English sentence.
743	29	Many girls find these nice men.	Many girls find this nice men.	-71.0	-71.0	-10.125	-10.125	False	False	morphology	determiner_noun_agreement	Write a natural, coherent English sentence.
744	29	Every museum helps those concealed children.	Every museum helps that concealed children.	-81.0	-81.0	-10.125	-10.125	False	False	morphology	determiner_noun_agreement	Write a natural, coherent English sentence.
745	29	Marla was distracting these determined people.	Marla was distracting this determined people.	-91.0	-91.5	-10.125	-10.125	True	False	morphology	determiner_noun_agreement	Write a natural, coherent English sentence.
746	29	Those computers might confuse this nice child.	Those computers might confuse these nice child.	-90.5	-91.0	-10.0625	-10.125	True	True	morphology	determiner_noun_agreement	Write a natural, coherent English sentence.
747	29	Tanya hasn't loved that content woman.	Tanya hasn't loved those content woman.	-101.5	-101.5	-10.125	-10.1875	False	True	morphology	determiner_noun_agreement	Write a natural, coherent English sentence.
748	29	Theresa won't conceal those lost lice.	Theresa won't conceal that lost lice.	-120.5	-120.5	-10.0625	-10.0	False	False	morphology	determiner_noun_agreement	Write a natural, coherent English sentence.
749	29	The Borgias do cure these out in the open octopi.	The Borgias do cure this out in the open octopi.	-151.0	-150.0	-10.0625	-10.0	False	False	morphology	determiner_noun_agreement	Write a natural, coherent English sentence.
750	29	Kenneth messed up those lost teeth.	Kenneth messed up that lost teeth.	-89.0	-89.0	-9.875	-9.875	False	False	morphology	determiner_noun_agreement	Write a natural, coherent English sentence.
751	29	Jodi doesn't alarm these unsure people.	Jodi doesn't alarm this unsure people.	-111.0	-111.0	-10.125	-10.125	False	False	morphology	determiner_noun_agreement	Write a natural, coherent English sentence.
752	29	This customer scans those good analyses.	This customer scans that good analyses.	-90.5	-90.5	-10.0625	-10.0625	False	False	morphology	determiner_noun_agreement	Write a natural, coherent English sentence.
753	29	Vincent can't watch this hopeful alumnus.	Vincent can't watch these hopeful alumnus.	-119.5	-119.5	-9.9375	-9.9375	False	False	morphology	determiner_noun_agreement	Write a natural, coherent English sentence.
754	29	Jodi talked to this unconvinced child.	Jodi talked to these unconvinced child.	-110.0	-110.0	-10.0	-10.0	False	False	morphology	determiner_noun_agreement	Write a natural, coherent English sentence.
755	29	Katherine exited these exposed oases.	Katherine exited this exposed oases.	-91.0	-91.0	-10.125	-10.125	False	False	morphology	determiner_noun_agreement	Write a natural, coherent English sentence.
756	29	Beverly hasn't brought these rough fungi.	Beverly hasn't brought this rough fungi.	-110.5	-110.5	-10.0625	-10.0625	False	False	morphology	determiner_noun_agreement	Write a natural, coherent English sentence.
757	29	That unicycle is boring those standing children.	That unicycle is boring that standing children.	-99.0	-99.5	-9.9375	-9.9375	True	False	morphology	determiner_noun_agreement	Write a natural, coherent English sentence.
758	29	That boy can't escape from those unsure children.	That boy can't escape from that unsure children.	-120.5	-121.0	-10.0625	-10.0625	True	False	morphology	determiner_noun_agreement	Write a natural, coherent English sentence.
759	29	An adult bought these black axes.	An adult bought this black axes.	-80.5	-80.5	-10.0625	-10.0625	False	False	morphology	determiner_noun_agreement	Write a natural, coherent English sentence.
760	29	Sara isn't kissing this nice woman.	Sara isn't kissing these nice woman.	-100.5	-100.5	-10.0625	-10.0625	False	False	morphology	determiner_noun_agreement	Write a natural, coherent English sentence.
761	29	Robert couldn't embarrass those scared people.	Robert couldn't embarrass that scared people.	-91.0	-91.0	-10.125	-10.125	False	False	morphology	determiner_noun_agreement	Write a natural, coherent English sentence.
762	29	Deborah had fled from that important woman.	Deborah had fled from those important woman.	-100.0	-100.0	-10.0	-10.0	False	False	morphology	determiner_noun_agreement	Write a natural, coherent English sentence.
763	29	Brenda discussed that serious woman.	Brenda discussed those serious woman.	-71.0	-71.0	-10.125	-10.125	False	False	morphology	determiner_noun_agreement	Write a natural, coherent English sentence.
764	29	Some women questioned that big woman.	Some women questioned those big woman.	-71.0	-71.5	-10.1875	-10.1875	True	False	morphology	determiner_noun_agreement	Write a natural, coherent English sentence.
765	29	Rodney didn't kiss those displeased women.	Rodney didn't kiss that displeased women.	-119.0	-119.0	-9.875	-9.875	False	False	morphology	determiner_noun_agreement	Write a natural, coherent English sentence.
766	29	Carrie can help those lost alumni.	Carrie can help that lost alumni.	-99.0	-99.5	-9.9375	-9.9375	True	False	morphology	determiner_noun_agreement	Write a natural, coherent English sentence.
767	29	Many guests approach this lucky man.	Many guests approach these lucky man.	-70.5	-70.5	-10.0625	-10.125	False	True	morphology	determiner_noun_agreement	Write a natural, coherent English sentence.
768	29	Some student messes up that hard foot.	Some student messes up those hard foot.	-90.0	-90.0	-10.0	-10.0	False	False	morphology	determiner_noun_agreement	Write a natural, coherent English sentence.
769	29	Some men had skated around these hard oases.	Some men had skated around this hard oases.	-111.5	-112.0	-10.125	-10.1875	True	True	morphology	determiner_noun_agreement	Write a natural, coherent English sentence.
770	29	Some light would annoy those happy alumni.	Some light would annoy that happy alumni.	-100.0	-100.5	-10.0	-10.0625	True	True	morphology	determiner_noun_agreement	Write a natural, coherent English sentence.
771	29	Many casseroles shock these unconvinced men.	Many casseroles shock this unconvinced men.	-118.5	-119.0	-9.875	-9.875	True	False	morphology	determiner_noun_agreement	Write a natural, coherent English sentence.
772	29	Carl talks about those confident children.	Carl talks about that confident children.	-71.0	-71.0	-10.125	-10.125	False	False	morphology	determiner_noun_agreement	Write a natural, coherent English sentence.
773	29	Timothy was dropping by those new oases.	Timothy was dropping by that new oases.	-100.5	-100.0	-10.0	-10.0	False	False	morphology	determiner_noun_agreement	Write a natural, coherent English sentence.
774	29	Lori has approached these scared people.	Lori has approached this scared people.	-81.5	-81.5	-10.1875	-10.1875	False	False	morphology	determiner_noun_agreement	Write a natural, coherent English sentence.
775	29	Jodi wouldn't mess up those orange feet.	Jodi wouldn't mess up that orange feet.	-111.0	-111.0	-10.0625	-10.0625	False	False	morphology	determiner_noun_agreement	Write a natural, coherent English sentence.
776	29	This newspaper article will embarrass this determined child.	This newspaper article will embarrass these determined child.	-90.5	-91.0	-10.0625	-10.0625	True	False	morphology	determiner_noun_agreement	Write a natural, coherent English sentence.
777	29	A lot of guys conceal this long analysis.	A lot of guys conceal these long analysis.	-101.0	-101.0	-10.0625	-10.0625	False	False	morphology	determiner_noun_agreement	Write a natural, coherent English sentence.
778	29	Lawrence fired that serious woman.	Lawrence fired those serious woman.	-61.5	-61.75	-10.25	-10.3125	True	True	morphology	determiner_noun_agreement	Write a natural, coherent English sentence.
779	29	This story didn't bore this serious man.	This story didn't bore these serious man.	-100.5	-101.0	-10.0625	-10.0625	True	False	morphology	determiner_noun_agreement	Write a natural, coherent English sentence.
780	29	Mary can't remember that clever person.	Mary can't remember those clever person.	-90.0	-90.0	-10.0	-10.0	False	False	morphology	determiner_noun_agreement	Write a natural, coherent English sentence.
781	29	Marie could listen to that big woman.	Marie could listen to those big woman.	-81.0	-81.0	-10.125	-10.125	False	False	morphology	determiner_noun_agreement	Write a natural, coherent English sentence.
782	29	Clyde had those exposed axes.	Clyde had that exposed axes.	-91.0	-91.0	-10.125	-10.125	False	False	morphology	determiner_noun_agreement	Write a natural, coherent English sentence.
783	29	Victoria has left these delighted men.	Victoria has left this delighted men.	-71.5	-71.5	-10.1875	-10.1875	False	False	morphology	determiner_noun_agreement	Write a natural, coherent English sentence.
784	29	The Impressionists disagree with those bad analyses.	The Impressionists disagree with that bad analyses.	-107.5	-108.0	-9.8125	-9.8125	True	False	morphology	determiner_noun_agreement	Write a natural, coherent English sentence.
785	29	Amy took that hidden fungus.	Amy took those hidden fungus.	-80.0	-80.5	-10.0	-10.0625	True	True	morphology	determiner_noun_agreement	Write a natural, coherent English sentence.
786	29	Rose was fixing this hard foot.	Rose was fixing these hard foot.	-71.5	-71.5	-10.1875	-10.1875	False	False	morphology	determiner_noun_agreement	Write a natural, coherent English sentence.
787	29	Most dishes weren't astounding these scared men.	Most dishes weren't astounding this scared men.	-120.5	-120.5	-10.0	-10.0	False	False	morphology	determiner_noun_agreement	Write a natural, coherent English sentence.
788	29	The doctor sees those smooth cacti.	The doctor sees that smooth cacti.	-90.0	-90.0	-10.0	-10.0	False	False	morphology	determiner_noun_agreement	Write a natural, coherent English sentence.
789	29	Rodney hadn't cured these white octopi.	Rodney hadn't cured this white octopi.	-130.0	-130.0	-10.0	-10.0	False	False	morphology	determiner_noun_agreement	Write a natural, coherent English sentence.
790	29	This museum hadn't disgusted these troubled men.	This museum hadn't disgusted this troubled men.	-120.5	-120.5	-10.0625	-10.0625	False	False	morphology	determiner_noun_agreement	Write a natural, coherent English sentence.
791	29	Patrick complained about those scared men.	Patrick complained about that scared men.	-71.0	-71.0	-10.1875	-10.1875	False	False	morphology	determiner_noun_agreement	Write a natural, coherent English sentence.
792	29	Jacqueline should stun these determined alumni.	Jacqueline should stun this determined alumni.	-118.0	-118.5	-9.875	-9.875	True	False	morphology	determiner_noun_agreement	Write a natural, coherent English sentence.
793	29	All apples worry this serious man.	All apples worry these serious man.	-79.5	-79.5	-9.9375	-9.9375	False	False	morphology	determiner_noun_agreement	Write a natural, coherent English sentence.
794	29	The drawing isn't scaring that old child.	The drawing isn't scaring those old child.	-110.5	-111.0	-10.0	-10.0625	True	True	morphology	determiner_noun_agreement	Write a natural, coherent English sentence.
795	29	Veronica questioned this uncertain woman.	Veronica questioned these uncertain woman.	-80.0	-80.0	-10.0	-10.0	False	False	morphology	determiner_noun_agreement	Write a natural, coherent English sentence.
796	29	Vanessa hadn't known this determined alumnus.	Vanessa hadn't known these determined alumnus.	-119.5	-119.5	-9.9375	-9.9375	False	False	morphology	determiner_noun_agreement	Write a natural, coherent English sentence.
797	29	Cynthia hadn't kissed this unemployed man.	Cynthia hadn't kissed these unemployed man.	-129.0	-129.0	-9.9375	-9.9375	False	False	morphology	determiner_noun_agreement	Write a natural, coherent English sentence.
798	29	These companies irritate that exposed woman.	These companies irritate those exposed woman.	-81.0	-81.0	-10.125	-10.125	False	False	morphology	determiner_noun_agreement	Write a natural, coherent English sentence.
799	29	This dancer wasn't biking to this orange oasis.	This dancer wasn't biking to these orange oasis.	-140.0	-140.0	-10.0	-10.0625	False	True	morphology	determiner_noun_agreement	Write a natural, coherent English sentence.
800	29	Those legislatures could disturb this upset alumnus.	Those legislatures could disturb these upset alumnus.	-110.5	-110.5	-10.0625	-10.0625	False	False	morphology	determiner_noun_agreement	Write a natural, coherent English sentence.
801	29	Some adult hasn't hidden these ill men.	Some adult hasn't hidden this ill men.	-102.5	-102.5	-10.25	-10.25	False	False	morphology	determiner_noun_agreement	Write a natural, coherent English sentence.
802	29	A cashier should insult these hidden children.	A cashier should insult this hidden children.	-91.0	-91.0	-10.125	-10.125	False	False	morphology	determiner_noun_agreement	Write a natural, coherent English sentence.
803	29	Danielle could annoy that confident man.	Danielle could annoy those confident man.	-81.0	-81.0	-10.125	-10.125	False	False	morphology	determiner_noun_agreement	Write a natural, coherent English sentence.
804	29	These teachers lift this exposed goose.	These teachers lift these exposed goose.	-81.0	-81.0	-10.125	-10.125	False	False	morphology	determiner_noun_agreement	Write a natural, coherent English sentence.
805	29	Christina drove to that exposed oasis.	Christina drove to those exposed oasis.	-89.5	-90.0	-9.9375	-10.0	True	True	morphology	determiner_noun_agreement	Write a natural, coherent English sentence.
806	29	Jesus hadn't sounded like these hidden people.	Jesus hadn't sounded like this hidden people.	-100.5	-100.5	-10.0625	-10.0625	False	False	morphology	determiner_noun_agreement	Write a natural, coherent English sentence.
807	29	Many mushrooms irritate that upset man.	Many mushrooms irritate those upset man.	-89.0	-88.5	-9.875	-9.875	False	False	morphology	determiner_noun_agreement	Write a natural, coherent English sentence.
808	29	Some committee bought those white lice.	Some committee bought that white lice.	-81.5	-81.5	-10.1875	-10.1875	False	False	morphology	determiner_noun_agreement	Write a natural, coherent English sentence.
809	29	Daniel hasn't known this determined man.	Daniel hasn't known these determined man.	-91.0	-91.0	-10.125	-10.125	False	False	morphology	determiner_noun_agreement	Write a natural, coherent English sentence.
810	29	Art hadn't scared these serious alumni.	Art hadn't scared this serious alumni.	-110.0	-110.0	-10.0	-10.0	False	False	morphology	determiner_noun_agreement	Write a natural, coherent English sentence.
811	29	Alice fires this unconvinced child.	Alice fires these unconvinced child.	-90.5	-90.5	-10.0625	-10.0625	False	False	morphology	determiner_noun_agreement	Write a natural, coherent English sentence.
812	29	Melanie hid that exposed tooth.	Melanie hid those exposed tooth.	-70.0	-70.5	-10.0625	-10.0625	True	False	morphology	determiner_noun_agreement	Write a natural, coherent English sentence.
813	29	Most hamsters find that red tooth.	Most hamsters find those red tooth.	-80.0	-80.0	-10.0	-10.0	False	False	morphology	determiner_noun_agreement	Write a natural, coherent English sentence.
814	29	Those children explore those small oases.	Those children explore that small oases.	-80.5	-80.5	-10.0625	-10.0625	False	False	morphology	determiner_noun_agreement	Write a natural, coherent English sentence.
815	29	Most museums listen to this troubled man.	Most museums listen to these troubled man.	-99.0	-99.0	-9.875	-9.875	False	False	morphology	determiner_noun_agreement	Write a natural, coherent English sentence.
816	29	Patrick embarrassed this unemployed person.	Patrick embarrassed these unemployed person.	-70.0	-70.0	-10.0	-10.0	False	False	morphology	determiner_noun_agreement	Write a natural, coherent English sentence.
817	29	A lot of icicles had alarmed that hidden woman.	A lot of icicles had alarmed those hidden woman.	-120.0	-120.5	-10.0	-10.0	True	False	morphology	determiner_noun_agreement	Write a natural, coherent English sentence.
818	29	Matt hadn't impressed this exposed child.	Matt hadn't impressed these exposed child.	-92.0	-92.0	-10.25	-10.25	False	False	morphology	determiner_noun_agreement	Write a natural, coherent English sentence.
819	29	Eric might see those new feet.	Eric might see that new feet.	-71.5	-71.5	-10.1875	-10.25	False	True	morphology	determiner_noun_agreement	Write a natural, coherent English sentence.
820	29	Some turtle can confuse this old alumnus.	Some turtle can confuse these old alumnus.	-128.0	-129.0	-9.875	-9.9375	True	True	morphology	determiner_noun_agreement	Write a natural, coherent English sentence.
821	29	Most guests explore these smooth oases.	Most guests explore this smooth oases.	-81.5	-81.5	-10.1875	-10.1875	False	False	morphology	determiner_noun_agreement	Write a natural, coherent English sentence.
822	29	Brian has praised that happy alumnus.	Brian has praised those happy alumnus.	-91.0	-91.0	-10.125	-10.0625	False	False	morphology	determiner_noun_agreement	Write a natural, coherent English sentence.
823	29	Karen sees these ill lice.	Karen sees this ill lice.	-71.5	-72.0	-10.25	-10.25	True	False	morphology	determiner_noun_agreement	Write a natural, coherent English sentence.
824	29	Alicia doesn't observe this confident alumnus.	Alicia doesn't observe these confident alumnus.	-130.0	-130.0	-9.9375	-10.0	False	True	morphology	determiner_noun_agreement	Write a natural, coherent English sentence.
825	29	That horse does find this lost octopus.	That horse does find these lost octopus.	-100.5	-100.5	-10.0	-10.0625	False	True	morphology	determiner_noun_agreement	Write a natural, coherent English sentence.
826	29	Those customers haven't annoyed those delighted children.	Those customers haven't annoyed that delighted children.	-109.5	-110.0	-9.9375	-10.0	True	True	morphology	determiner_noun_agreement	Write a natural, coherent English sentence.
827	29	The Great Lakes confused these hidden women.	The Great Lakes confused this hidden women.	-90.5	-90.5	-10.0625	-10.0625	False	False	morphology	determiner_noun_agreement	Write a natural, coherent English sentence.
828	29	Russell watches these unsure women.	Russell watches this unsure women.	-71.5	-71.5	-10.1875	-10.1875	False	False	morphology	determiner_noun_agreement	Write a natural, coherent English sentence.
829	29	Jacqueline has concealed these long synopses.	Jacqueline has concealed this long synopses.	-118.5	-118.5	-9.875	-9.875	False	False	morphology	determiner_noun_agreement	Write a natural, coherent English sentence.
830	29	Carrie isn't hiring this small woman.	Carrie isn't hiring these small woman.	-101.5	-101.0	-10.125	-10.125	False	False	morphology	determiner_noun_agreement	Write a natural, coherent English sentence.
831	29	Charles doesn't admire these big mice.	Charles doesn't admire this big mice.	-110.5	-111.0	-10.0625	-10.0625	True	False	morphology	determiner_noun_agreement	Write a natural, coherent English sentence.
832	29	The Impressionists might think about that white thesis.	The Impressionists might think about those white thesis.	-109.0	-109.0	-9.875	-9.875	False	False	morphology	determiner_noun_agreement	Write a natural, coherent English sentence.
833	29	Most men question those bad people.	Most men question that bad people.	-72.0	-72.0	-10.25	-10.25	False	False	morphology	determiner_noun_agreement	Write a natural, coherent English sentence.
834	29	Lissa hasn't left this upset woman.	Lissa hasn't left these upset woman.	-101.0	-101.0	-10.125	-10.125	False	False	morphology	determiner_noun_agreement	Write a natural, coherent English sentence.
835	29	Janice won't fire that determined child.	Janice won't fire those determined child.	-101.0	-101.0	-10.125	-10.125	False	False	morphology	determiner_noun_agreement	Write a natural, coherent English sentence.
836	29	This company criticized this lucky man.	This company criticized these lucky man.	-80.0	-80.5	-10.0	-10.0625	True	True	morphology	determiner_noun_agreement	Write a natural, coherent English sentence.
837	29	The banks hurt that excited woman.	The banks hurt those excited woman.	-71.0	-71.5	-10.1875	-10.1875	True	False	morphology	determiner_noun_agreement	Write a natural, coherent English sentence.
838	29	Peter wasn't walking through those red oases.	Peter wasn't walking through that red oases.	-111.0	-111.0	-10.0625	-10.0625	False	False	morphology	determiner_noun_agreement	Write a natural, coherent English sentence.
839	29	Rebecca wasn't referencing this long synopsis.	Rebecca wasn't referencing these long synopsis.	-110.0	-110.0	-10.0	-10.0	False	False	morphology	determiner_noun_agreement	Write a natural, coherent English sentence.
840	29	Naomi notices this smooth octopus.	Naomi notices these smooth octopus.	-98.0	-98.0	-9.8125	-9.8125	False	False	morphology	determiner_noun_agreement	Write a natural, coherent English sentence.
841	29	Patrick conceals this hard stimulus.	Patrick conceals these hard stimulus.	-81.0	-81.0	-10.125	-10.125	False	False	morphology	determiner_noun_agreement	Write a natural, coherent English sentence.
842	29	Candice shouldn't bring those smooth feet.	Candice shouldn't bring that smooth feet.	-100.5	-101.0	-10.0625	-10.0625	True	False	morphology	determiner_noun_agreement	Write a natural, coherent English sentence.
843	29	All books sound like those content women.	All books sound like that content women.	-81.0	-81.0	-10.125	-10.125	False	False	morphology	determiner_noun_agreement	Write a natural, coherent English sentence.
844	29	Bethany hasn't arrived at this white oasis.	Bethany hasn't arrived at these white oasis.	-119.5	-119.5	-9.9375	-9.9375	False	False	morphology	determiner_noun_agreement	Write a natural, coherent English sentence.
845	29	Steve reveals these unemployed alumni.	Steve reveals this unemployed alumni.	-89.0	-89.0	-9.875	-9.9375	False	True	morphology	determiner_noun_agreement	Write a natural, coherent English sentence.
846	29	Sonia was upsetting that ill woman.	Sonia was upsetting those ill woman.	-90.5	-90.5	-10.0625	-10.0625	False	False	morphology	determiner_noun_agreement	Write a natural, coherent English sentence.
847	29	Keith wasn't boring these delighted men.	Keith wasn't boring this delighted men.	-92.0	-92.0	-10.25	-10.25	False	False	morphology	determiner_noun_agreement	Write a natural, coherent English sentence.
848	29	The Borgias admire these hard mice.	The Borgias admire this hard mice.	-111.0	-111.0	-10.125	-10.125	False	False	morphology	determiner_noun_agreement	Write a natural, coherent English sentence.
849	29	These drivers had forgotten this good analysis.	These drivers had forgotten these good analysis.	-81.0	-81.0	-10.125	-10.125	False	False	morphology	determiner_noun_agreement	Write a natural, coherent English sentence.
850	29	Helen skates around this blue oasis.	Helen skates around these blue oasis.	-90.0	-90.5	-10.0	-10.0625	True	True	morphology	determiner_noun_agreement	Write a natural, coherent English sentence.
851	29	Galileo found that smooth stimulus.	Galileo found those smooth stimulus.	-88.0	-89.0	-9.8125	-9.875	True	True	morphology	determiner_noun_agreement	Write a natural, coherent English sentence.
852	29	Kimberley isn't curing these small octopi.	Kimberley isn't curing this small octopi.	-140.0	-140.0	-10.0	-10.0	False	False	morphology	determiner_noun_agreement	Write a natural, coherent English sentence.
853	29	Debra didn't conceal these popular men.	Debra didn't conceal this popular men.	-110.5	-111.0	-10.0625	-10.0625	True	False	morphology	determiner_noun_agreement	Write a natural, coherent English sentence.
854	29	A lot of doctors hug these scared children.	A lot of doctors hug this scared children.	-90.0	-90.5	-10.0	-10.0625	True	True	morphology	determiner_noun_agreement	Write a natural, coherent English sentence.
855	29	Those pedestrians weren't fleeing from these concealed men.	Those pedestrians weren't fleeing from this concealed men.	-148.0	-148.0	-9.875	-9.875	False	False	morphology	determiner_noun_agreement	Write a natural, coherent English sentence.
856	29	Those children find that exposed thesis.	Those children find those exposed thesis.	-71.0	-71.0	-10.125	-10.1875	False	True	morphology	determiner_noun_agreement	Write a natural, coherent English sentence.
857	29	Debra admires these blue octopi.	Debra admires this blue octopi.	-100.0	-99.5	-10.0	-9.9375	False	False	morphology	determiner_noun_agreement	Write a natural, coherent English sentence.
858	29	Bruce wasn't approaching that clever alumnus.	Bruce wasn't approaching those clever alumnus.	-110.5	-111.0	-10.0625	-10.0625	True	False	morphology	determiner_noun_agreement	Write a natural, coherent English sentence.
859	29	Lawrence isn't questioning that nice woman.	Lawrence isn't questioning those nice woman.	-91.5	-92.0	-10.1875	-10.25	True	True	morphology	determiner_noun_agreement	Write a natural, coherent English sentence.
860	29	Some waitresses have this big octopus.	Some waitresses have these big octopus.	-107.0	-107.0	-9.75	-9.75	False	False	morphology	determiner_noun_agreement	Write a natural, coherent English sentence.
861	29	Carolyn had embarrassed that busy alumnus.	Carolyn had embarrassed those busy alumnus.	-100.5	-100.5	-10.0625	-10.0625	False	False	morphology	determiner_noun_agreement	Write a natural, coherent English sentence.
862	29	Jeffrey aggravated that smart man.	Jeffrey aggravated those smart man.	-89.5	-89.0	-9.9375	-9.9375	False	False	morphology	determiner_noun_agreement	Write a natural, coherent English sentence.
863	29	Guy messed up this yellow foot.	Guy messed up these yellow foot.	-79.0	-79.0	-9.875	-9.875	False	False	morphology	determiner_noun_agreement	Write a natural, coherent English sentence.
864	29	Every book is embarrassing this small woman.	Every book is embarrassing these small woman.	-90.0	-90.5	-10.0	-10.0625	True	True	morphology	determiner_noun_agreement	Write a natural, coherent English sentence.
865	29	These associations were talking about these scared women.	These associations were talking about this scared women.	-91.0	-91.0	-10.125	-10.125	False	False	morphology	determiner_noun_agreement	Write a natural, coherent English sentence.
866	29	Todd disturbs this upset child.	Todd disturbs these upset child.	-80.5	-80.5	-10.0625	-10.0625	False	False	morphology	determiner_noun_agreement	Write a natural, coherent English sentence.
867	29	That window alarms these exposed women.	That window alarms this exposed women.	-81.5	-81.5	-10.1875	-10.1875	False	False	morphology	determiner_noun_agreement	Write a natural, coherent English sentence.
868	29	A window upsets these upset men.	A window upsets this upset men.	-81.5	-81.5	-10.1875	-10.1875	False	False	morphology	determiner_noun_agreement	Write a natural, coherent English sentence.
869	29	Monet is fixing that brown foot.	Monet is fixing those brown foot.	-81.0	-81.0	-10.125	-10.125	False	False	morphology	determiner_noun_agreement	Write a natural, coherent English sentence.
870	29	Adam left these big alumni.	Adam left this big alumni.	-80.0	-80.0	-10.0	-10.0	False	False	morphology	determiner_noun_agreement	Write a natural, coherent English sentence.
871	29	Stacy can exit that big oasis.	Stacy can exit those big oasis.	-91.0	-91.5	-10.125	-10.125	True	False	morphology	determiner_noun_agreement	Write a natural, coherent English sentence.
872	29	Roger was returning to those happy alumni.	Roger was returning to that happy alumni.	-99.5	-99.5	-9.9375	-10.0	False	True	morphology	determiner_noun_agreement	Write a natural, coherent English sentence.
873	29	Dana isn't investigating this ill woman.	Dana isn't investigating these ill woman.	-110.5	-111.0	-10.0625	-10.0625	True	False	morphology	determiner_noun_agreement	Write a natural, coherent English sentence.
874	29	Tammy has those yellow axes.	Tammy has that yellow axes.	-80.5	-80.0	-10.0625	-10.0	False	False	morphology	determiner_noun_agreement	Write a natural, coherent English sentence.
875	29	Marla leaves those employed children.	Marla leaves that employed children.	-72.0	-71.5	-10.25	-10.1875	False	False	morphology	determiner_noun_agreement	Write a natural, coherent English sentence.
876	29	Sarah referenced that ill child.	Sarah referenced those ill child.	-70.5	-70.5	-10.0625	-10.0625	False	False	morphology	determiner_noun_agreement	Write a natural, coherent English sentence.
877	29	Edward complained about this serious child.	Edward complained about these serious child.	-71.0	-71.0	-10.125	-10.125	False	False	morphology	determiner_noun_agreement	Write a natural, coherent English sentence.
878	29	Carolyn healed those bad women.	Carolyn healed that bad women.	-80.5	-80.5	-10.0625	-10.0625	False	False	morphology	determiner_noun_agreement	Write a natural, coherent English sentence.
879	29	The waitresses fired those upset alumni.	The waitresses fired that upset alumni.	-108.5	-108.5	-9.875	-9.875	False	False	morphology	determiner_noun_agreement	Write a natural, coherent English sentence.
880	29	Every driver dropped by that old oasis.	Every driver dropped by those old oasis.	-90.5	-91.0	-10.0625	-10.125	True	True	morphology	determiner_noun_agreement	Write a natural, coherent English sentence.
881	29	William hadn't hugged these hopeful alumni.	William hadn't hugged this hopeful alumni.	-127.5	-128.0	-9.8125	-9.8125	True	False	morphology	determiner_noun_agreement	Write a natural, coherent English sentence.
882	29	The Lutherans had messed up those lost feet.	The Lutherans had messed up that lost feet.	-110.0	-110.0	-10.0	-10.0	False	False	morphology	determiner_noun_agreement	Write a natural, coherent English sentence.
883	29	Florence hasn't confused those standing men.	Florence hasn't confused that standing men.	-91.5	-92.0	-10.1875	-10.1875	True	False	morphology	determiner_noun_agreement	Write a natural, coherent English sentence.
884	29	Some convertible upset this upset woman.	Some convertible upset these upset woman.	-80.5	-81.0	-10.0625	-10.125	True	True	morphology	determiner_noun_agreement	Write a natural, coherent English sentence.
885	29	Rebecca saw this hidden foot.	Rebecca saw these hidden foot.	-61.0	-61.0	-10.1875	-10.1875	False	False	morphology	determiner_noun_agreement	Write a natural, coherent English sentence.
886	29	Derek returned to these content men.	Derek returned to this content men.	-81.0	-81.0	-10.125	-10.125	False	False	morphology	determiner_noun_agreement	Write a natural, coherent English sentence.
887	29	Those teachers love those hidden women.	Those teachers love that hidden women.	-71.5	-72.0	-10.1875	-10.25	True	True	morphology	determiner_noun_agreement	Write a natural, coherent English sentence.
888	29	Jennifer worried those ill men.	Jennifer worried that ill men.	-61.5	-61.25	-10.25	-10.1875	False	False	morphology	determiner_noun_agreement	Write a natural, coherent English sentence.
889	29	A chair was stunning this big man.	A chair was stunning these big man.	-81.0	-81.0	-10.125	-10.125	False	False	morphology	determiner_noun_agreement	Write a natural, coherent English sentence.
890	29	Paintings looked like that gray thesis.	Paintings looked like those gray thesis.	-91.0	-91.0	-10.125	-10.125	False	False	morphology	determiner_noun_agreement	Write a natural, coherent English sentence.
891	29	Karla toured this rough oasis.	Karla toured these rough oasis.	-91.0	-91.0	-10.125	-10.125	False	False	morphology	determiner_noun_agreement	Write a natural, coherent English sentence.
892	29	Walter couldn't boycott those hidden oases.	Walter couldn't boycott that hidden oases.	-111.0	-111.0	-10.125	-10.125	False	False	morphology	determiner_noun_agreement	Write a natural, coherent English sentence.
893	29	Donald has worried this smart man.	Donald has worried these smart man.	-71.5	-71.5	-10.1875	-10.1875	False	False	morphology	determiner_noun_agreement	Write a natural, coherent English sentence.
894	29	Catherine has boycotted those gray oases.	Catherine has boycotted that gray oases.	-101.0	-101.5	-10.125	-10.125	True	False	morphology	determiner_noun_agreement	Write a natural, coherent English sentence.
895	29	Nicole toured those yellow oases.	Nicole toured that yellow oases.	-81.0	-81.0	-10.125	-10.125	False	False	morphology	determiner_noun_agreement	Write a natural, coherent English sentence.
896	29	Barbara praises that young woman.	Barbara praises those young woman.	-70.5	-71.0	-10.0625	-10.125	True	True	morphology	determiner_noun_agreement	Write a natural, coherent English sentence.
897	29	The apple aggravates those hopeful children.	The apple aggravates that hopeful children.	-98.5	-98.5	-9.8125	-9.875	False	True	morphology	determiner_noun_agreement	Write a natural, coherent English sentence.
898	29	All photographs could look like this big fungus.	All photographs could look like these big fungus.	-110.0	-110.0	-10.0	-10.0	False	False	morphology	determiner_noun_agreement	Write a natural, coherent English sentence.
899	29	Guys should talk about that good synopsis.	Guys should talk about those good synopsis.	-100.0	-100.0	-10.0	-10.0	False	False	morphology	determiner_noun_agreement	Write a natural, coherent English sentence.
900	29	Tracy discovered this concealed alumnus.	Tracy discovered these concealed alumnus.	-100.0	-100.5	-10.0	-10.0625	True	True	morphology	determiner_noun_agreement	Write a natural, coherent English sentence.
901	29	All actresses are helping this troubled man.	All actresses are helping these troubled man.	-98.0	-98.0	-9.75	-9.8125	False	True	morphology	determiner_noun_agreement	Write a natural, coherent English sentence.
902	29	Douglas isn't revealing this dirty foot.	Douglas isn't revealing these dirty foot.	-92.0	-92.0	-10.1875	-10.1875	False	False	morphology	determiner_noun_agreement	Write a natural, coherent English sentence.
903	29	Most senators confuse that standing child.	Most senators confuse those standing child.	-91.5	-91.5	-10.125	-10.125	False	False	morphology	determiner_noun_agreement	Write a natural, coherent English sentence.
904	29	Those doctors embarrass that upset woman.	Those doctors embarrass those upset woman.	-71.0	-71.5	-10.1875	-10.25	True	True	morphology	determiner_noun_agreement	Write a natural, coherent English sentence.
905	29	A lot of customers were healing those sick men.	A lot of customers were healing that sick men.	-100.0	-100.5	-10.0	-10.0625	True	True	morphology	determiner_noun_agreement	Write a natural, coherent English sentence.
906	29	Sabrina does conceal these old alumni.	Sabrina does conceal this old alumni.	-119.0	-119.0	-9.9375	-9.9375	False	False	morphology	determiner_noun_agreement	Write a natural, coherent English sentence.
907	29	Many girls can't observe those young alumni.	Many girls can't observe that young alumni.	-120.5	-121.0	-10.0625	-10.0625	True	False	morphology	determiner_noun_agreement	Write a natural, coherent English sentence.
908	29	The actresses hire that lucky man.	The actresses hire those lucky man.	-80.0	-80.0	-10.0	-10.0	False	False	morphology	determiner_noun_agreement	Write a natural, coherent English sentence.
909	29	Andrea is firing that scared child.	Andrea is firing those scared child.	-71.0	-71.5	-10.1875	-10.1875	True	False	morphology	determiner_noun_agreement	Write a natural, coherent English sentence.
910	29	That dancer scanned that bad synopsis.	That dancer scanned those bad synopsis.	-101.0	-100.5	-10.0625	-10.0625	False	False	morphology	determiner_noun_agreement	Write a natural, coherent English sentence.
911	29	Daniel breaks these dirty teeth.	Daniel breaks this dirty teeth.	-61.0	-61.25	-10.125	-10.1875	True	True	morphology	determiner_noun_agreement	Write a natural, coherent English sentence.
912	29	Students had messed up those purple teeth.	Students had messed up that purple teeth.	-90.5	-90.5	-10.0625	-10.0625	False	False	morphology	determiner_noun_agreement	Write a natural, coherent English sentence.
913	29	Becky boycotted those old oases.	Becky boycotted that old oases.	-100.0	-100.5	-10.0	-10.0625	True	True	morphology	determiner_noun_agreement	Write a natural, coherent English sentence.
914	29	Florence talks to those good women.	Florence talks to that good women.	-71.5	-71.5	-10.1875	-10.1875	False	False	morphology	determiner_noun_agreement	Write a natural, coherent English sentence.
915	29	Carmen won't break this big foot.	Carmen won't break these big foot.	-101.0	-101.0	-10.0625	-10.125	False	True	morphology	determiner_noun_agreement	Write a natural, coherent English sentence.
916	29	Stephen fired those employed men.	Stephen fired that employed men.	-61.5	-61.75	-10.25	-10.25	True	False	morphology	determiner_noun_agreement	Write a natural, coherent English sentence.
917	29	Many governments confuse this sick woman.	Many governments confuse these sick woman.	-81.5	-82.0	-10.1875	-10.25	True	True	morphology	determiner_noun_agreement	Write a natural, coherent English sentence.
918	29	Heidi healed this troubled child.	Heidi healed these troubled child.	-89.0	-89.5	-9.9375	-9.9375	True	False	morphology	determiner_noun_agreement	Write a natural, coherent English sentence.
919	29	Daniel questions these employed alumni.	Daniel questions this employed alumni.	-80.0	-80.0	-10.0	-10.0	False	False	morphology	determiner_noun_agreement	Write a natural, coherent English sentence.
920	29	People admire these yellow oxen.	People admire this yellow oxen.	-80.0	-80.0	-10.0	-10.0	False	False	morphology	determiner_noun_agreement	Write a natural, coherent English sentence.
921	29	Those adults embarrasses this displeased woman.	Those adults embarrasses these displeased woman.	-100.0	-100.0	-10.0	-10.0	False	False	morphology	determiner_noun_agreement	Write a natural, coherent English sentence.
922	29	Winston Churchill notices these big nuclei.	Winston Churchill notices this big nuclei.	-108.0	-108.0	-9.8125	-9.8125	False	False	morphology	determiner_noun_agreement	Write a natural, coherent English sentence.
923	29	All women hide those concealed nuclei.	All women hide that concealed nuclei.	-90.5	-90.5	-10.0625	-10.0625	False	False	morphology	determiner_noun_agreement	Write a natural, coherent English sentence.
924	29	Charles was escaping from those lucky men.	Charles was escaping from that lucky men.	-90.0	-90.5	-10.0	-10.0625	True	True	morphology	determiner_noun_agreement	Write a natural, coherent English sentence.
925	29	Paul doesn't insult this happy woman.	Paul doesn't insult these happy woman.	-91.5	-91.5	-10.125	-10.1875	False	True	morphology	determiner_noun_agreement	Write a natural, coherent English sentence.
926	29	Galileo isn't scanning this brown thesis.	Galileo isn't scanning these brown thesis.	-119.5	-120.0	-9.9375	-10.0	True	True	morphology	determiner_noun_agreement	Write a natural, coherent English sentence.
927	29	The newspaper article doesn't annoy that exposed man.	The newspaper article doesn't annoy those exposed man.	-110.5	-110.0	-10.0625	-10.0	False	False	morphology	determiner_noun_agreement	Write a natural, coherent English sentence.
928	29	Carmen noticed these gray cacti.	Carmen noticed this gray cacti.	-89.5	-89.5	-9.9375	-9.9375	False	False	morphology	determiner_noun_agreement	Write a natural, coherent English sentence.
929	29	Teresa approaches this upset man.	Teresa approaches these upset man.	-70.0	-70.0	-10.0	-10.0625	False	True	morphology	determiner_noun_agreement	Write a natural, coherent English sentence.
930	29	April was revealing this hidden woman.	April was revealing these hidden woman.	-71.0	-71.0	-10.125	-10.125	False	False	morphology	determiner_noun_agreement	Write a natural, coherent English sentence.
931	29	Michael has loved these scared men.	Michael has loved this scared men.	-71.5	-71.5	-10.1875	-10.1875	False	False	morphology	determiner_noun_agreement	Write a natural, coherent English sentence.
932	29	Joseph hadn't bought those hard lice.	Joseph hadn't bought that hard lice.	-101.5	-101.5	-10.125	-10.125	False	False	morphology	determiner_noun_agreement	Write a natural, coherent English sentence.
933	29	Larry did drive to this out in the open oasis.	Larry did drive to these out in the open oasis.	-120.5	-121.0	-10.0625	-10.0625	True	False	morphology	determiner_noun_agreement	Write a natural, coherent English sentence.
934	29	Lisa hasn't driven to that new oasis.	Lisa hasn't driven to those new oasis.	-109.0	-110.0	-9.9375	-10.0	True	True	morphology	determiner_noun_agreement	Write a natural, coherent English sentence.
935	29	Steve scanned this good synopsis.	Steve scanned these good synopsis.	-80.0	-80.0	-10.0	-10.0	False	False	morphology	determiner_noun_agreement	Write a natural, coherent English sentence.
936	29	The Lutherans care for those hopeful men.	The Lutherans care for that hopeful men.	-99.5	-100.5	-9.9375	-10.0625	True	True	morphology	determiner_noun_agreement	Write a natural, coherent English sentence.
937	29	Christine bikes to these orange oases.	Christine bikes to this orange oases.	-99.5	-99.5	-9.9375	-9.9375	False	False	morphology	determiner_noun_agreement	Write a natural, coherent English sentence.
938	29	Most actors distracted this popular woman.	Most actors distracted these popular woman.	-81.0	-81.5	-10.125	-10.1875	True	True	morphology	determiner_noun_agreement	Write a natural, coherent English sentence.
939	29	Emily should observe those displeased men.	Emily should observe that displeased men.	-91.0	-90.5	-10.0625	-10.0625	False	False	morphology	determiner_noun_agreement	Write a natural, coherent English sentence.
940	29	The drivers do sell this green thesis.	The drivers do sell these green thesis.	-81.5	-81.0	-10.1875	-10.125	False	False	morphology	determiner_noun_agreement	Write a natural, coherent English sentence.
941	29	Most drivers love these unemployed men.	Most drivers love this unemployed men.	-80.5	-80.5	-10.0625	-10.0625	False	False	morphology	determiner_noun_agreement	Write a natural, coherent English sentence.
942	29	Those doctors care for this hopeful man.	Those doctors care for these hopeful man.	-89.0	-89.5	-9.875	-9.9375	True	True	morphology	determiner_noun_agreement	Write a natural, coherent English sentence.
943	29	Brad kisses that displeased man.	Brad kisses those displeased man.	-89.0	-89.0	-9.875	-9.9375	False	True	morphology	determiner_noun_agreement	Write a natural, coherent English sentence.
944	29	Danielle had argued about those troubled men.	Danielle had argued about that troubled men.	-100.5	-100.5	-10.0625	-10.0625	False	False	morphology	determiner_noun_agreement	Write a natural, coherent English sentence.
945	29	An actor is disgusting those unsure men.	An actor is disgusting that unsure men.	-101.0	-101.0	-10.0625	-10.125	False	True	morphology	determiner_noun_agreement	Write a natural, coherent English sentence.
946	29	Galileo didn't hurt those displeased children.	Galileo didn't hurt that displeased children.	-128.0	-128.0	-9.8125	-9.875	False	True	morphology	determiner_noun_agreement	Write a natural, coherent English sentence.
947	29	Omar messed up these small teeth.	Omar messed up this small teeth.	-89.0	-89.0	-9.875	-9.9375	False	True	morphology	determiner_noun_agreement	Write a natural, coherent English sentence.
948	29	Carmen will watch this smart person.	Carmen will watch these smart person.	-81.0	-80.5	-10.125	-10.0625	False	False	morphology	determiner_noun_agreement	Write a natural, coherent English sentence.
949	29	Jeffrey hid that unlucky child.	Jeffrey hid those unlucky child.	-90.0	-90.0	-10.0	-10.0	False	False	morphology	determiner_noun_agreement	Write a natural, coherent English sentence.
950	29	Every plane bothers this upset child.	Every plane bothers these upset child.	-80.5	-80.5	-10.0625	-10.0625	False	False	morphology	determiner_noun_agreement	Write a natural, coherent English sentence.
951	29	A lot of hospitals have those blue teeth.	A lot of hospitals have that blue teeth.	-90.0	-90.0	-10.0	-10.0	False	False	morphology	determiner_noun_agreement	Write a natural, coherent English sentence.
952	29	Nancy wasn't disturbing that clever man.	Nancy wasn't disturbing those clever man.	-100.0	-100.0	-10.0	-10.0	False	False	morphology	determiner_noun_agreement	Write a natural, coherent English sentence.
953	29	These ladies bought that white tooth.	These ladies bought those white tooth.	-71.0	-71.0	-10.125	-10.125	False	False	morphology	determiner_noun_agreement	Write a natural, coherent English sentence.
954	29	Every skirt annoys that confident person.	Every skirt annoys those confident person.	-90.5	-91.0	-10.0625	-10.125	True	True	morphology	determiner_noun_agreement	Write a natural, coherent English sentence.
955	29	These actors weren't biking to these red oases.	These actors weren't biking to this red oases.	-130.0	-130.0	-10.0	-10.0	False	False	morphology	determiner_noun_agreement	Write a natural, coherent English sentence.
956	29	Carmen has described those confident people.	Carmen has described that confident people.	-81.0	-80.5	-10.125	-10.0625	False	False	morphology	determiner_noun_agreement	Write a natural, coherent English sentence.
957	29	All legislatures criticize that brown oasis.	All legislatures criticize those brown oasis.	-100.0	-99.5	-10.0	-9.9375	False	False	morphology	determiner_noun_agreement	Write a natural, coherent English sentence.
958	29	Paula works with that clever person.	Paula works with those clever person.	-81.0	-81.0	-10.125	-10.125	False	False	morphology	determiner_noun_agreement	Write a natural, coherent English sentence.
959	29	Benjamin respects those confident children.	Benjamin respects that confident children.	-70.5	-71.0	-10.0625	-10.125	True	True	morphology	determiner_noun_agreement	Write a natural, coherent English sentence.
960	29	Mitchell attacked these unsure alumni.	Mitchell attacked this unsure alumni.	-90.5	-90.5	-10.0625	-10.0625	False	False	morphology	determiner_noun_agreement	Write a natural, coherent English sentence.
961	29	The Lutherans hadn't cleaned these broken teeth.	The Lutherans hadn't cleaned this broken teeth.	-110.5	-110.5	-10.0625	-10.0625	False	False	morphology	determiner_noun_agreement	Write a natural, coherent English sentence.
962	29	A lot of children observe that young child.	A lot of children observe those young child.	-90.0	-90.5	-10.0	-10.0625	True	True	morphology	determiner_noun_agreement	Write a natural, coherent English sentence.
963	29	Gary hadn't sounded like this out in the open oasis.	Gary hadn't sounded like these out in the open oasis.	-140.0	-140.0	-10.0	-10.0	False	False	morphology	determiner_noun_agreement	Write a natural, coherent English sentence.
964	29	That fish annoyed this serious alumnus.	That fish annoyed these serious alumnus.	-99.0	-99.5	-9.875	-9.9375	True	True	morphology	determiner_noun_agreement	Write a natural, coherent English sentence.
965	29	Spotlights worry those standing people.	Spotlights worry that standing people.	-71.0	-71.0	-10.125	-10.1875	False	True	morphology	determiner_noun_agreement	Write a natural, coherent English sentence.
966	29	Rodney returned to these content alumni.	Rodney returned to this content alumni.	-99.0	-99.0	-9.875	-9.9375	False	True	morphology	determiner_noun_agreement	Write a natural, coherent English sentence.
967	29	Bruce references this unemployed child.	Bruce references these unemployed child.	-71.0	-70.5	-10.125	-10.0625	False	False	morphology	determiner_noun_agreement	Write a natural, coherent English sentence.
968	29	Many museums criticize this bad analysis.	Many museums criticize these bad analysis.	-89.0	-89.5	-9.9375	-9.9375	True	False	morphology	determiner_noun_agreement	Write a natural, coherent English sentence.
969	29	Danielle knows that concealed man.	Danielle knows those concealed man.	-81.0	-81.0	-10.125	-10.125	False	False	morphology	determiner_noun_agreement	Write a natural, coherent English sentence.
970	29	Katherine sells that smooth oasis.	Katherine sells those smooth oasis.	-89.5	-89.5	-9.9375	-9.9375	False	False	morphology	determiner_noun_agreement	Write a natural, coherent English sentence.
971	29	Meredith hadn't scared these clever people.	Meredith hadn't scared this clever people.	-110.5	-110.5	-10.0	-10.0625	False	True	morphology	determiner_noun_agreement	Write a natural, coherent English sentence.
972	29	Walter biked to these gray oases.	Walter biked to this gray oases.	-99.5	-99.0	-9.9375	-9.9375	False	False	morphology	determiner_noun_agreement	Write a natural, coherent English sentence.
973	29	Phillip has investigated this unemployed man.	Phillip has investigated these unemployed man.	-89.5	-90.0	-9.9375	-10.0	True	True	morphology	determiner_noun_agreement	Write a natural, coherent English sentence.
974	29	Alice knows that ill woman.	Alice knows those ill woman.	-61.0	-61.5	-10.1875	-10.25	True	True	morphology	determiner_noun_agreement	Write a natural, coherent English sentence.
975	29	Daniel bothered that unemployed alumnus.	Daniel bothered those unemployed alumnus.	-89.5	-89.0	-9.9375	-9.875	False	False	morphology	determiner_noun_agreement	Write a natural, coherent English sentence.
976	29	Some children notice this black thesis.	Some children notice these black thesis.	-71.0	-71.0	-10.125	-10.1875	False	True	morphology	determiner_noun_agreement	Write a natural, coherent English sentence.
977	29	George has alarmed these unemployed children.	George has alarmed this unemployed children.	-89.5	-90.0	-9.9375	-10.0	True	True	morphology	determiner_noun_agreement	Write a natural, coherent English sentence.
978	29	Sarah won't drive to this concealed oasis.	Sarah won't drive to these concealed oasis.	-119.5	-120.0	-9.9375	-10.0	True	True	morphology	determiner_noun_agreement	Write a natural, coherent English sentence.
979	29	Grace arrived at those small oases.	Grace arrived at that small oases.	-81.0	-80.5	-10.125	-10.0625	False	False	morphology	determiner_noun_agreement	Write a natural, coherent English sentence.
980	29	David kisses that lucky man.	David kisses those lucky man.	-69.0	-69.5	-9.875	-9.9375	True	True	morphology	determiner_noun_agreement	Write a natural, coherent English sentence.
981	29	Laura isn't lifting this smooth axis.	Laura isn't lifting these smooth axis.	-91.5	-91.5	-10.1875	-10.1875	False	False	morphology	determiner_noun_agreement	Write a natural, coherent English sentence.
982	29	Mark embarrassed these confident children.	Mark embarrassed this confident children.	-61.0	-61.25	-10.125	-10.25	True	True	morphology	determiner_noun_agreement	Write a natural, coherent English sentence.
983	29	Patients bothers this employed man.	Patients bothers these employed man.	-80.5	-80.5	-10.0625	-10.0625	False	False	morphology	determiner_noun_agreement	Write a natural, coherent English sentence.
984	29	Christopher has criticized this bad synopsis.	Christopher has criticized these bad synopsis.	-90.0	-90.0	-10.0	-10.0	False	False	morphology	determiner_noun_agreement	Write a natural, coherent English sentence.
985	29	Todd hadn't gone to this cheap oasis.	Todd hadn't gone to these cheap oasis.	-110.0	-110.5	-10.0	-10.0625	True	True	morphology	determiner_noun_agreement	Write a natural, coherent English sentence.
986	29	Becca does investigate this lucky alumnus.	Becca does investigate these lucky alumnus.	-100.5	-100.5	-10.0625	-10.0625	False	False	morphology	determiner_noun_agreement	Write a natural, coherent English sentence.
987	29	Sabrina visits those fast women.	Sabrina visits that fast women.	-80.0	-80.0	-10.0	-10.0	False	False	morphology	determiner_noun_agreement	Write a natural, coherent English sentence.
988	29	Janet knew those unconvinced children.	Janet knew that unconvinced children.	-100.5	-100.0	-10.0625	-10.0	False	False	morphology	determiner_noun_agreement	Write a natural, coherent English sentence.
989	29	Christine hated this young man.	Christine hated these young man.	-70.5	-71.0	-10.0625	-10.125	True	True	morphology	determiner_noun_agreement	Write a natural, coherent English sentence.
990	29	Chad hadn't complained about these big oases.	Chad hadn't complained about this big oases.	-121.0	-121.0	-10.0625	-10.0625	False	False	morphology	determiner_noun_agreement	Write a natural, coherent English sentence.
991	29	Many bikes stun that nice man.	Many bikes stun those nice man.	-91.5	-91.5	-10.125	-10.125	False	False	morphology	determiner_noun_agreement	Write a natural, coherent English sentence.
992	29	William hasn't investigated these fast men.	William hasn't investigated this fast men.	-91.5	-91.0	-10.125	-10.125	False	False	morphology	determiner_noun_agreement	Write a natural, coherent English sentence.
993	29	Kristin couldn't research these smooth oases.	Kristin couldn't research this smooth oases.	-111.0	-111.0	-10.125	-10.125	False	False	morphology	determiner_noun_agreement	Write a natural, coherent English sentence.
994	29	Travis arrives at these old oases.	Travis arrives at this old oases.	-90.5	-90.5	-10.0625	-10.0625	False	False	morphology	determiner_noun_agreement	Write a natural, coherent English sentence.
995	29	Many boys drive to this yellow oasis.	Many boys drive to these yellow oasis.	-91.0	-91.5	-10.125	-10.1875	True	True	morphology	determiner_noun_agreement	Write a natural, coherent English sentence.
996	29	Danielle won't heal those unlucky people.	Danielle won't heal that unlucky people.	-120.5	-120.5	-10.0	-10.0625	False	True	morphology	determiner_noun_agreement	Write a natural, coherent English sentence.
997	29	Sabrina wouldn't go to that new oasis.	Sabrina wouldn't go to those new oasis.	-128.0	-129.0	-9.875	-9.9375	True	True	morphology	determiner_noun_agreement	Write a natural, coherent English sentence.
998	29	This movie theater annoys these lucky alumni.	This movie theater annoys this lucky alumni.	-119.0	-119.0	-9.9375	-9.9375	False	False	morphology	determiner_noun_agreement	Write a natural, coherent English sentence.
999	29	Stacy doesn't appreciate that out in the open woman.	Stacy doesn't appreciate those out in the open woman.	-131.0	-131.0	-10.0625	-10.0625	False	False	morphology	determiner_noun_agreement	Write a natural, coherent English sentence.
0	30	Alexander didn't walk through that new oasis.	Alexander didn't walk through those new oasis.	-108.0	-108.5	-9.8125	-9.875	True	True	morphology	determiner_noun_agreement	Write a natural, coherent English sentence.
1	30	This hair irritates these old alumni.	This hair irritates this old alumni.	-97.5	-97.5	-9.75	-9.75	False	False	morphology	determiner_noun_agreement	Write a natural, coherent English sentence.
2	30	Winston Churchill was escaping from this serious person.	Winston Churchill was escaping from these serious person.	-116.0	-116.0	-9.625	-9.6875	False	True	morphology	determiner_noun_agreement	Write a natural, coherent English sentence.
3	30	Anna walks through these purple oases.	Anna walks through this purple oases.	-79.0	-79.0	-9.875	-9.875	False	False	morphology	determiner_noun_agreement	Write a natural, coherent English sentence.
4	30	Alicia sounded like this good analysis.	Alicia sounded like these good analysis.	-88.5	-89.0	-9.875	-9.875	True	False	morphology	determiner_noun_agreement	Write a natural, coherent English sentence.
5	30	Jeffrey might complain about this gray thesis.	Jeffrey might complain about these gray thesis.	-88.5	-88.5	-9.8125	-9.8125	False	False	morphology	determiner_noun_agreement	Write a natural, coherent English sentence.
6	30	Meredith approaches these concealed women.	Meredith approaches this concealed women.	-88.5	-89.0	-9.8125	-9.875	True	True	morphology	determiner_noun_agreement	Write a natural, coherent English sentence.
7	30	Julia questioned those small children.	Julia questioned that small children.	-60.5	-60.5	-10.125	-10.0625	False	False	morphology	determiner_noun_agreement	Write a natural, coherent English sentence.
8	30	That adult has brought that purple octopus.	That adult has brought those purple octopus.	-98.0	-98.0	-9.75	-9.75	False	False	morphology	determiner_noun_agreement	Write a natural, coherent English sentence.
9	30	The people hug this displeased woman.	The people hug these displeased woman.	-88.0	-88.5	-9.75	-9.875	True	True	morphology	determiner_noun_agreement	Write a natural, coherent English sentence.
10	30	That beef did bore these displeased people.	That beef did bore this displeased people.	-99.0	-99.0	-9.9375	-9.875	False	False	morphology	determiner_noun_agreement	Write a natural, coherent English sentence.
11	30	These libraries talk about these long synopses.	These libraries talk about this long synopses.	-97.0	-97.5	-9.6875	-9.75	True	True	morphology	determiner_noun_agreement	Write a natural, coherent English sentence.
12	30	Lori wasn't hiring those delighted men.	Lori wasn't hiring that delighted men.	-99.5	-100.0	-10.0	-10.0	True	False	morphology	determiner_noun_agreement	Write a natural, coherent English sentence.
13	30	The teachers are running around this concealed oasis.	The teachers are running around these concealed oasis.	-107.5	-108.0	-9.75	-9.8125	True	True	morphology	determiner_noun_agreement	Write a natural, coherent English sentence.
14	30	Those bananas embarrass these delighted people.	Those bananas embarrass this delighted people.	-79.0	-79.0	-9.875	-9.875	False	False	morphology	determiner_noun_agreement	Write a natural, coherent English sentence.
15	30	Mitchell brought those green oases.	Mitchell brought that green oases.	-70.5	-70.5	-10.0625	-10.0625	False	False	morphology	determiner_noun_agreement	Write a natural, coherent English sentence.
16	30	The actresses complain about this rough thesis.	The actresses complain about these rough thesis.	-89.0	-89.0	-9.875	-9.875	False	False	morphology	determiner_noun_agreement	Write a natural, coherent English sentence.
17	30	Russell investigates these fast women.	Russell investigates this fast women.	-69.5	-70.0	-9.875	-9.9375	True	True	morphology	determiner_noun_agreement	Write a natural, coherent English sentence.
18	30	Irene praised those bad synopses.	Irene praised that bad synopses.	-88.5	-89.0	-9.8125	-9.875	True	True	morphology	determiner_noun_agreement	Write a natural, coherent English sentence.
19	30	Denise did confuse that important woman.	Denise did confuse those important woman.	-89.0	-89.0	-9.875	-9.9375	False	True	morphology	determiner_noun_agreement	Write a natural, coherent English sentence.
20	30	Some patients dislike those nice women.	Some patients dislike that nice women.	-79.5	-79.5	-9.9375	-9.9375	False	False	morphology	determiner_noun_agreement	Write a natural, coherent English sentence.
21	30	Amelia wasn't observing this hopeful man.	Amelia wasn't observing these hopeful man.	-117.0	-117.0	-9.75	-9.75	False	False	morphology	determiner_noun_agreement	Write a natural, coherent English sentence.
22	30	Grace is hugging these popular women.	Grace is hugging this popular women.	-79.0	-79.5	-9.875	-9.9375	True	True	morphology	determiner_noun_agreement	Write a natural, coherent English sentence.
23	30	Julia might describe this long synopsis.	Julia might describe these long synopsis.	-79.5	-80.0	-9.9375	-10.0	True	True	morphology	determiner_noun_agreement	Write a natural, coherent English sentence.
24	30	Many pedestrians do return to these happy men.	Many pedestrians do return to this happy men.	-107.5	-108.0	-9.8125	-9.8125	True	False	morphology	determiner_noun_agreement	Write a natural, coherent English sentence.
25	30	Laura noticed that determined man.	Laura noticed those determined man.	-60.0	-60.5	-10.0	-10.0625	True	True	morphology	determiner_noun_agreement	Write a natural, coherent English sentence.
26	30	Julie would pass those red oases.	Julie would pass that red oases.	-80.0	-80.5	-10.0	-10.0625	True	True	morphology	determiner_noun_agreement	Write a natural, coherent English sentence.
27	30	These doctors boast about this out in the open child.	These doctors boast about these out in the open child.	-117.0	-117.0	-9.75	-9.75	False	False	morphology	determiner_noun_agreement	Write a natural, coherent English sentence.
28	30	Stephen isn't revealing this brown nucleus.	Stephen isn't revealing these brown nucleus.	-99.0	-99.0	-9.875	-9.9375	False	True	morphology	determiner_noun_agreement	Write a natural, coherent English sentence.
29	30	Travel stuns that sick child.	Travel stuns those sick child.	-70.0	-70.5	-10.0	-10.0625	True	True	morphology	determiner_noun_agreement	Write a natural, coherent English sentence.
30	30	Amelia healed that unemployed woman.	Amelia healed those unemployed woman.	-88.0	-88.0	-9.8125	-9.8125	False	False	morphology	determiner_noun_agreement	Write a natural, coherent English sentence.
31	30	Noah attacks that ill child.	Noah attacks those ill child.	-60.5	-60.75	-10.0625	-10.125	True	True	morphology	determiner_noun_agreement	Write a natural, coherent English sentence.
32	30	Randolf buys those gray fungi.	Randolf buys that gray fungi.	-89.0	-89.0	-9.875	-9.875	False	False	morphology	determiner_noun_agreement	Write a natural, coherent English sentence.
33	30	Some pedestrians disagreed with this big woman.	Some pedestrians disagreed with these big woman.	-106.5	-106.5	-9.6875	-9.6875	False	False	morphology	determiner_noun_agreement	Write a natural, coherent English sentence.
34	30	Adam might sound like these determined children.	Adam might sound like this determined children.	-80.0	-80.0	-10.0	-10.0	False	False	morphology	determiner_noun_agreement	Write a natural, coherent English sentence.
35	30	Bill has stunned this confident man.	Bill has stunned these confident man.	-79.5	-80.0	-9.9375	-10.0	True	True	morphology	determiner_noun_agreement	Write a natural, coherent English sentence.
36	30	Rhonda should see these blue oases.	Rhonda should see this blue oases.	-89.0	-89.0	-9.875	-9.9375	False	True	morphology	determiner_noun_agreement	Write a natural, coherent English sentence.
37	30	Stephen cares for that out in the open alumnus.	Stephen cares for those out in the open alumnus.	-119.0	-118.0	-9.875	-9.875	False	False	morphology	determiner_noun_agreement	Write a natural, coherent English sentence.
38	30	Cheryl has bought this green oasis.	Cheryl has bought these green oasis.	-88.5	-88.5	-9.8125	-9.875	False	True	morphology	determiner_noun_agreement	Write a natural, coherent English sentence.
39	30	Every door annoyed this lucky child.	Every door annoyed these lucky child.	-79.0	-79.5	-9.875	-9.9375	True	True	morphology	determiner_noun_agreement	Write a natural, coherent English sentence.
40	30	Gerald cures that unlucky child.	Gerald cures those unlucky child.	-98.5	-98.0	-9.875	-9.8125	False	False	morphology	determiner_noun_agreement	Write a natural, coherent English sentence.
41	30	Eyes weren't worrying this troubled child.	Eyes weren't worrying these troubled child.	-108.0	-108.0	-9.8125	-9.8125	False	False	morphology	determiner_noun_agreement	Write a natural, coherent English sentence.
42	30	Michael isn't referencing this long synopsis.	Michael isn't referencing these long synopsis.	-107.5	-108.0	-9.75	-9.8125	True	True	morphology	determiner_noun_agreement	Write a natural, coherent English sentence.
43	30	Robert insults this serious man.	Robert insults these serious man.	-69.5	-69.5	-9.875	-9.9375	False	True	morphology	determiner_noun_agreement	Write a natural, coherent English sentence.
44	30	Waitresses describe that smart alumnus.	Waitresses describe those smart alumnus.	-97.5	-98.0	-9.75	-9.8125	True	True	morphology	determiner_noun_agreement	Write a natural, coherent English sentence.
45	30	Dan doesn't respect this unemployed alumnus.	Dan doesn't respect these unemployed alumnus.	-117.5	-117.5	-9.8125	-9.8125	False	False	morphology	determiner_noun_agreement	Write a natural, coherent English sentence.
46	30	Eric has upset those scared people.	Eric has upset that scared people.	-70.5	-70.5	-10.0625	-10.0625	False	False	morphology	determiner_noun_agreement	Write a natural, coherent English sentence.
47	30	Sabrina was biking to this exposed oasis.	Sabrina was biking to these exposed oasis.	-116.0	-116.0	-9.625	-9.6875	False	True	morphology	determiner_noun_agreement	Write a natural, coherent English sentence.
48	30	Edward can't think about these exposed mice.	Edward can't think about this exposed mice.	-109.5	-109.5	-9.9375	-9.9375	False	False	morphology	determiner_noun_agreement	Write a natural, coherent English sentence.
49	30	Phillip listened to this standing alumnus.	Phillip listened to these standing alumnus.	-98.5	-98.5	-9.875	-9.875	False	False	morphology	determiner_noun_agreement	Write a natural, coherent English sentence.
50	30	Those men skate around this small oasis.	Those men skate around these small oasis.	-98.0	-99.0	-9.8125	-9.875	True	True	morphology	determiner_noun_agreement	Write a natural, coherent English sentence.
51	30	Rhonda could think about those content children.	Rhonda could think about that content children.	-89.5	-89.5	-9.9375	-9.9375	False	False	morphology	determiner_noun_agreement	Write a natural, coherent English sentence.
52	30	Melissa had remembered that unsure person.	Melissa had remembered those unsure person.	-89.0	-89.5	-9.875	-9.9375	True	True	morphology	determiner_noun_agreement	Write a natural, coherent English sentence.
53	30	The students talk about this upset person.	The students talk about these upset person.	-78.5	-79.0	-9.8125	-9.875	True	True	morphology	determiner_noun_agreement	Write a natural, coherent English sentence.
54	30	Leslie insults those upset alumni.	Leslie insults that upset alumni.	-97.0	-97.5	-9.6875	-9.75	True	True	morphology	determiner_noun_agreement	Write a natural, coherent English sentence.
55	30	Hats distract this ill man.	Hats distract these ill man.	-70.0	-70.0	-10.0	-10.0625	False	True	morphology	determiner_noun_agreement	Write a natural, coherent English sentence.
56	30	Dawn sounded like this determined child.	Dawn sounded like these determined child.	-78.5	-79.0	-9.8125	-9.875	True	True	morphology	determiner_noun_agreement	Write a natural, coherent English sentence.
57	30	Carl had run around that brown oasis.	Carl had run around those brown oasis.	-89.0	-89.0	-9.875	-9.9375	False	True	morphology	determiner_noun_agreement	Write a natural, coherent English sentence.
58	30	Anna criticizes these concealed children.	Anna criticizes this concealed children.	-79.0	-79.0	-9.875	-9.875	False	False	morphology	determiner_noun_agreement	Write a natural, coherent English sentence.
59	30	The waiter might criticize that unemployed man.	The waiter might criticize those unemployed man.	-105.5	-106.0	-9.5625	-9.625	True	True	morphology	determiner_noun_agreement	Write a natural, coherent English sentence.
60	30	Tracy was investigating this troubled alumnus.	Tracy was investigating these troubled alumnus.	-116.5	-116.5	-9.6875	-9.6875	False	False	morphology	determiner_noun_agreement	Write a natural, coherent English sentence.
61	30	These newspaper articles astound this clever child.	These newspaper articles astound these clever child.	-88.5	-89.0	-9.8125	-9.875	True	True	morphology	determiner_noun_agreement	Write a natural, coherent English sentence.
62	30	Dana hadn't attacked this small man.	Dana hadn't attacked these small man.	-99.5	-99.5	-9.9375	-9.9375	False	False	morphology	determiner_noun_agreement	Write a natural, coherent English sentence.
63	30	Curtis wasn't breaking those hard teeth.	Curtis wasn't breaking that hard teeth.	-99.5	-99.5	-9.9375	-9.9375	False	False	morphology	determiner_noun_agreement	Write a natural, coherent English sentence.
64	30	All customers attack this employed alumnus.	All customers attack these employed alumnus.	-88.5	-89.0	-9.875	-9.875	True	False	morphology	determiner_noun_agreement	Write a natural, coherent English sentence.
65	30	Most ladies go to those purple oases.	Most ladies go to that purple oases.	-89.5	-90.0	-9.9375	-10.0	True	True	morphology	determiner_noun_agreement	Write a natural, coherent English sentence.
66	30	A dancer tours that blue oasis.	A dancer tours those blue oasis.	-89.5	-90.0	-9.9375	-10.0	True	True	morphology	determiner_noun_agreement	Write a natural, coherent English sentence.
67	30	Steven irritated this unconvinced woman.	Steven irritated these unconvinced woman.	-97.5	-98.0	-9.75	-9.75	True	False	morphology	determiner_noun_agreement	Write a natural, coherent English sentence.
68	30	Tara wasn't helping that sick man.	Tara wasn't helping those sick man.	-99.5	-99.5	-9.9375	-9.9375	False	False	morphology	determiner_noun_agreement	Write a natural, coherent English sentence.
69	30	The dancers aren't cleaning that smooth fungus.	The dancers aren't cleaning those smooth fungus.	-128.0	-128.0	-9.8125	-9.875	False	True	morphology	determiner_noun_agreement	Write a natural, coherent English sentence.
70	30	Melissa had talked about these white theses.	Melissa had talked about this white theses.	-98.0	-98.0	-9.8125	-9.8125	False	False	morphology	determiner_noun_agreement	Write a natural, coherent English sentence.
71	30	The man isn't watching those upset men.	The man isn't watching that upset men.	-99.0	-99.0	-9.875	-9.875	False	False	morphology	determiner_noun_agreement	Write a natural, coherent English sentence.
72	30	Sabrina won't worry this out in the open person.	Sabrina won't worry these out in the open person.	-137.0	-137.0	-9.75	-9.75	False	False	morphology	determiner_noun_agreement	Write a natural, coherent English sentence.
73	30	Every bird embarrassed these unemployed men.	Every bird embarrassed this unemployed men.	-78.0	-79.0	-9.75	-9.875	True	True	morphology	determiner_noun_agreement	Write a natural, coherent English sentence.
74	30	The Borgias drive to that small oasis.	The Borgias drive to those small oasis.	-108.5	-109.0	-9.875	-9.9375	True	True	morphology	determiner_noun_agreement	Write a natural, coherent English sentence.
75	30	Bradley likes these brown fungi.	Bradley likes this brown fungi.	-77.5	-78.0	-9.6875	-9.75	True	True	morphology	determiner_noun_agreement	Write a natural, coherent English sentence.
76	30	Most guys go to that black oasis.	Most guys go to those black oasis.	-89.0	-89.0	-9.9375	-9.9375	False	False	morphology	determiner_noun_agreement	Write a natural, coherent English sentence.
77	30	A pedestrian hadn't approached these hopeful women.	A pedestrian hadn't approached this hopeful women.	-116.5	-117.0	-9.75	-9.75	True	False	morphology	determiner_noun_agreement	Write a natural, coherent English sentence.
78	30	Some senators aren't healing this unemployed alumnus.	Some senators aren't healing these unemployed alumnus.	-137.0	-137.0	-9.75	-9.8125	False	True	morphology	determiner_noun_agreement	Write a natural, coherent English sentence.
79	30	That cart wasn't stunning these exposed men.	That cart wasn't stunning this exposed men.	-100.5	-101.0	-10.0625	-10.0625	True	False	morphology	determiner_noun_agreement	Write a natural, coherent English sentence.
80	30	Joel can think about this smart man.	Joel can think about these smart man.	-79.5	-79.5	-9.9375	-9.9375	False	False	morphology	determiner_noun_agreement	Write a natural, coherent English sentence.
81	30	Those prints disgust those good people.	Those prints disgust that good people.	-69.5	-70.5	-9.9375	-10.0625	True	True	morphology	determiner_noun_agreement	Write a natural, coherent English sentence.
82	30	Beverly hadn't passed these yellow oases.	Beverly hadn't passed this yellow oases.	-109.0	-109.0	-9.9375	-9.9375	False	False	morphology	determiner_noun_agreement	Write a natural, coherent English sentence.
83	30	A lot of prints irritate this unconvinced woman.	A lot of prints irritate these unconvinced woman.	-125.0	-126.0	-9.625	-9.6875	True	True	morphology	determiner_noun_agreement	Write a natural, coherent English sentence.
84	30	Many customers hire those standing alumni.	Many customers hire that standing alumni.	-89.0	-89.5	-9.875	-9.9375	True	True	morphology	determiner_noun_agreement	Write a natural, coherent English sentence.
85	30	Some rug isn't irritating that nice woman.	Some rug isn't irritating those nice woman.	-108.5	-109.0	-9.875	-9.875	True	False	morphology	determiner_noun_agreement	Write a natural, coherent English sentence.
86	30	Jill embarrassed those busy men.	Jill embarrassed that busy men.	-70.0	-70.5	-10.0	-10.0625	True	True	morphology	determiner_noun_agreement	Write a natural, coherent English sentence.
87	30	Most sketches could hurt this uncertain person.	Most sketches could hurt these uncertain person.	-98.5	-99.0	-9.875	-9.9375	True	True	morphology	determiner_noun_agreement	Write a natural, coherent English sentence.
88	30	Patricia lifted those purple feet.	Patricia lifted that purple feet.	-78.0	-78.0	-9.75	-9.75	False	False	morphology	determiner_noun_agreement	Write a natural, coherent English sentence.
89	30	The girls sell this hard fungus.	The girls sell these hard fungus.	-88.0	-88.0	-9.75	-9.75	False	False	morphology	determiner_noun_agreement	Write a natural, coherent English sentence.
90	30	Nicole has seen this yellow cactus.	Nicole has seen these yellow cactus.	-87.0	-87.0	-9.6875	-9.625	False	False	morphology	determiner_noun_agreement	Write a natural, coherent English sentence.
91	30	Sharon could arrive at those big oases.	Sharon could arrive at that big oases.	-99.0	-99.0	-9.875	-9.875	False	False	morphology	determiner_noun_agreement	Write a natural, coherent English sentence.
92	30	This cashier can fire that good woman.	This cashier can fire those good woman.	-89.5	-89.5	-9.9375	-9.9375	False	False	morphology	determiner_noun_agreement	Write a natural, coherent English sentence.
93	30	Raymond left those scared children.	Raymond left that scared children.	-60.25	-60.75	-10.0625	-10.125	True	True	morphology	determiner_noun_agreement	Write a natural, coherent English sentence.
94	30	Noah could discuss that clever person.	Noah could discuss those clever person.	-71.0	-71.0	-10.125	-10.125	False	False	morphology	determiner_noun_agreement	Write a natural, coherent English sentence.
95	30	Rachelle knew that concealed woman.	Rachelle knew those concealed woman.	-79.5	-80.0	-9.9375	-10.0	True	True	morphology	determiner_noun_agreement	Write a natural, coherent English sentence.
96	30	Dawn hasn't cured those gray oxen.	Dawn hasn't cured that gray oxen.	-117.0	-117.5	-9.75	-9.8125	True	True	morphology	determiner_noun_agreement	Write a natural, coherent English sentence.
97	30	The Great Lakes haven't disgusted those out in the open people.	The Great Lakes haven't disgusted that out in the open people.	-156.0	-155.0	-9.75	-9.6875	False	False	morphology	determiner_noun_agreement	Write a natural, coherent English sentence.
98	30	Wayne doesn't exit those cheap oases.	Wayne doesn't exit that cheap oases.	-99.5	-100.0	-9.9375	-10.0	True	True	morphology	determiner_noun_agreement	Write a natural, coherent English sentence.
99	30	These waitresses haven't astounded this fast woman.	These waitresses haven't astounded these fast woman.	-135.0	-136.0	-9.6875	-9.6875	True	False	morphology	determiner_noun_agreement	Write a natural, coherent English sentence.
100	30	Patrick hasn't lifted this out in the open cactus.	Patrick hasn't lifted these out in the open cactus.	-136.0	-136.0	-9.75	-9.75	False	False	morphology	determiner_noun_agreement	Write a natural, coherent English sentence.
101	30	Angela isn't embarrassing those excited children.	Angela isn't embarrassing that excited children.	-99.0	-99.0	-9.875	-9.9375	False	True	morphology	determiner_noun_agreement	Write a natural, coherent English sentence.
102	30	Jennifer hasn't criticized this smart man.	Jennifer hasn't criticized these smart man.	-98.5	-98.5	-9.875	-9.875	False	False	morphology	determiner_noun_agreement	Write a natural, coherent English sentence.
103	30	April watched this big person.	April watched these big person.	-60.5	-60.5	-10.125	-10.125	False	False	morphology	determiner_noun_agreement	Write a natural, coherent English sentence.
104	30	Candice hadn't bothered that serious alumnus.	Candice hadn't bothered those serious alumnus.	-118.0	-118.0	-9.8125	-9.8125	False	False	morphology	determiner_noun_agreement	Write a natural, coherent English sentence.
105	30	The Clintons observe those happy women.	The Clintons observe that happy women.	-89.0	-89.5	-9.9375	-9.9375	True	False	morphology	determiner_noun_agreement	Write a natural, coherent English sentence.
106	30	The Clintons observe this excited man.	The Clintons observe these excited man.	-89.5	-89.5	-9.9375	-9.9375	False	False	morphology	determiner_noun_agreement	Write a natural, coherent English sentence.
107	30	Associations were listening to that unlucky child.	Associations were listening to those unlucky child.	-108.0	-108.0	-9.8125	-9.8125	False	False	morphology	determiner_noun_agreement	Write a natural, coherent English sentence.
108	30	Those committees discussed that busy woman.	Those committees discussed those busy woman.	-88.0	-88.0	-9.75	-9.8125	False	True	morphology	determiner_noun_agreement	Write a natural, coherent English sentence.
109	30	Debra isn't discussing that good analysis.	Debra isn't discussing those good analysis.	-99.0	-99.5	-9.9375	-9.9375	True	False	morphology	determiner_noun_agreement	Write a natural, coherent English sentence.
110	30	The drawing distracts this lucky woman.	The drawing distracts these lucky woman.	-79.0	-79.5	-9.875	-9.9375	True	True	morphology	determiner_noun_agreement	Write a natural, coherent English sentence.
111	30	Holly couldn't dislike this exposed child.	Holly couldn't dislike these exposed child.	-100.0	-100.0	-10.0	-10.0	False	False	morphology	determiner_noun_agreement	Write a natural, coherent English sentence.
112	30	Angela examines that good synopsis.	Angela examines those good synopsis.	-78.0	-78.5	-9.75	-9.8125	True	True	morphology	determiner_noun_agreement	Write a natural, coherent English sentence.
113	30	These skateboards aggravate that lucky woman.	These skateboards aggravate those lucky woman.	-107.0	-107.0	-9.75	-9.75	False	False	morphology	determiner_noun_agreement	Write a natural, coherent English sentence.
114	30	Some play alarms those small women.	Some play alarms that small women.	-80.0	-80.0	-10.0	-10.0	False	False	morphology	determiner_noun_agreement	Write a natural, coherent English sentence.
115	30	Students investigate these nice men.	Students investigate this nice men.	-60.75	-60.75	-10.125	-10.125	False	False	morphology	determiner_noun_agreement	Write a natural, coherent English sentence.
116	30	Tanya wasn't shocking that busy child.	Tanya wasn't shocking those busy child.	-109.0	-109.5	-9.9375	-9.9375	True	False	morphology	determiner_noun_agreement	Write a natural, coherent English sentence.
117	30	Brett has boasted about this nice person.	Brett has boasted about these nice person.	-98.5	-99.0	-9.875	-9.875	True	False	morphology	determiner_noun_agreement	Write a natural, coherent English sentence.
118	30	Jennifer described that hidden woman.	Jennifer described those hidden woman.	-60.75	-60.75	-10.125	-10.125	False	False	morphology	determiner_noun_agreement	Write a natural, coherent English sentence.
119	30	Winston Churchill passed these red oases.	Winston Churchill passed this red oases.	-97.5	-97.5	-9.75	-9.75	False	False	morphology	determiner_noun_agreement	Write a natural, coherent English sentence.
120	30	Some mirror could scare this nice woman.	Some mirror could scare these nice woman.	-89.0	-90.0	-9.9375	-10.0	True	True	morphology	determiner_noun_agreement	Write a natural, coherent English sentence.
121	30	Caroline hadn't fired that scared alumnus.	Caroline hadn't fired those scared alumnus.	-109.0	-109.0	-9.9375	-9.9375	False	False	morphology	determiner_noun_agreement	Write a natural, coherent English sentence.
122	30	Edward wasn't referencing that displeased woman.	Edward wasn't referencing those displeased woman.	-117.5	-118.0	-9.8125	-9.875	True	True	morphology	determiner_noun_agreement	Write a natural, coherent English sentence.
123	30	Many teachers clean these cheap teeth.	Many teachers clean this cheap teeth.	-70.5	-70.5	-10.0625	-10.125	False	True	morphology	determiner_noun_agreement	Write a natural, coherent English sentence.
124	30	Wayne might remember these new oases.	Wayne might remember this new oases.	-80.5	-80.5	-10.0625	-10.0625	False	False	morphology	determiner_noun_agreement	Write a natural, coherent English sentence.
125	30	Some high school alarms this determined man.	Some high school alarms these determined man.	-89.0	-89.0	-9.875	-9.9375	False	True	morphology	determiner_noun_agreement	Write a natural, coherent English sentence.
126	30	Vincent had returned to these out in the open oases.	Vincent had returned to this out in the open oases.	-118.0	-118.0	-9.8125	-9.8125	False	False	morphology	determiner_noun_agreement	Write a natural, coherent English sentence.
127	30	Marla hired this standing child.	Marla hired these standing child.	-70.5	-71.0	-10.125	-10.125	True	False	morphology	determiner_noun_agreement	Write a natural, coherent English sentence.
128	30	Some cucumber has upset those ill men.	Some cucumber has upset that ill men.	-98.0	-98.0	-9.75	-9.8125	False	True	morphology	determiner_noun_agreement	Write a natural, coherent English sentence.
129	30	Russell hasn't kissed this content man.	Russell hasn't kissed these content man.	-89.5	-90.0	-9.9375	-10.0	True	True	morphology	determiner_noun_agreement	Write a natural, coherent English sentence.
130	30	Guy has left this determined man.	Guy has left these determined man.	-70.0	-70.5	-10.0625	-10.0625	True	False	morphology	determiner_noun_agreement	Write a natural, coherent English sentence.
131	30	The Lutherans listen to these employed women.	The Lutherans listen to this employed women.	-88.5	-88.5	-9.8125	-9.8125	False	False	morphology	determiner_noun_agreement	Write a natural, coherent English sentence.
132	30	Candice disliked these bad analyses.	Candice disliked this bad analyses.	-96.0	-96.5	-9.625	-9.625	True	False	morphology	determiner_noun_agreement	Write a natural, coherent English sentence.
133	30	Many women heal these lost geese.	Many women heal this lost geese.	-80.0	-80.0	-10.0	-10.0	False	False	morphology	determiner_noun_agreement	Write a natural, coherent English sentence.
134	30	Wayne has remembered these smart people.	Wayne has remembered this smart people.	-70.5	-71.0	-10.0625	-10.125	True	True	morphology	determiner_noun_agreement	Write a natural, coherent English sentence.
135	30	This teenager had dropped by these white oases.	This teenager had dropped by this white oases.	-100.0	-100.0	-10.0	-10.0	False	False	morphology	determiner_noun_agreement	Write a natural, coherent English sentence.
136	30	Eva has exited those smooth oases.	Eva has exited that smooth oases.	-89.0	-89.0	-9.875	-9.9375	False	True	morphology	determiner_noun_agreement	Write a natural, coherent English sentence.
137	30	Cheryl wouldn't aggravate that bad person.	Cheryl wouldn't aggravate those bad person.	-117.5	-118.0	-9.8125	-9.8125	True	False	morphology	determiner_noun_agreement	Write a natural, coherent English sentence.
138	30	Katherine hadn't shocked those young children.	Katherine hadn't shocked that young children.	-99.0	-99.5	-9.9375	-9.9375	True	False	morphology	determiner_noun_agreement	Write a natural, coherent English sentence.
139	30	The student loves these troubled people.	The student loves this troubled people.	-79.0	-79.5	-9.875	-9.9375	True	True	morphology	determiner_noun_agreement	Write a natural, coherent English sentence.
140	30	Tracy cared for those smart alumni.	Tracy cared for that smart alumni.	-98.0	-99.0	-9.8125	-9.875	True	True	morphology	determiner_noun_agreement	Write a natural, coherent English sentence.
141	30	Guys return to these small oases.	Guys return to this small oases.	-89.0	-89.5	-9.9375	-9.9375	True	False	morphology	determiner_noun_agreement	Write a natural, coherent English sentence.
142	30	Marcus won't bike to this white oasis.	Marcus won't bike to these white oasis.	-108.0	-108.5	-9.8125	-9.875	True	True	morphology	determiner_noun_agreement	Write a natural, coherent English sentence.
143	30	Eggplants impressed these unconvinced alumni.	Eggplants impressed this unconvinced alumni.	-135.0	-135.0	-9.625	-9.625	False	False	morphology	determiner_noun_agreement	Write a natural, coherent English sentence.
144	30	A turtle has bored those troubled children.	A turtle has bored that troubled children.	-106.0	-106.5	-9.625	-9.6875	True	True	morphology	determiner_noun_agreement	Write a natural, coherent English sentence.
145	30	The adults were taking those old teeth.	The adults were taking that old teeth.	-79.0	-79.5	-9.875	-9.9375	True	True	morphology	determiner_noun_agreement	Write a natural, coherent English sentence.
146	30	Alan wasn't returning to those blue oases.	Alan wasn't returning to that blue oases.	-109.0	-109.5	-9.9375	-9.9375	True	False	morphology	determiner_noun_agreement	Write a natural, coherent English sentence.
147	30	Theodore had lifted this rough cactus.	Theodore had lifted these rough cactus.	-96.5	-97.0	-9.625	-9.6875	True	True	morphology	determiner_noun_agreement	Write a natural, coherent English sentence.
148	30	Joel isn't praising those good synopses.	Joel isn't praising that good synopses.	-117.5	-118.0	-9.75	-9.8125	True	True	morphology	determiner_noun_agreement	Write a natural, coherent English sentence.
149	30	The pedestrian knows these standing women.	The pedestrian knows this standing women.	-79.0	-79.0	-9.875	-9.875	False	False	morphology	determiner_noun_agreement	Write a natural, coherent English sentence.
150	30	Some museums forget that good analysis.	Some museums forget those good analysis.	-78.0	-79.0	-9.75	-9.875	True	True	morphology	determiner_noun_agreement	Write a natural, coherent English sentence.
151	30	The Clintons might clean that lost fungus.	The Clintons might clean those lost fungus.	-117.0	-117.5	-9.75	-9.75	True	False	morphology	determiner_noun_agreement	Write a natural, coherent English sentence.
152	30	Mary is bothering these out in the open children.	Mary is bothering this out in the open children.	-107.5	-108.0	-9.75	-9.8125	True	True	morphology	determiner_noun_agreement	Write a natural, coherent English sentence.
153	30	Many customers sell that lost ox.	Many customers sell those lost ox.	-70.0	-70.5	-10.0	-10.0625	True	True	morphology	determiner_noun_agreement	Write a natural, coherent English sentence.
154	30	These waitresses praise these troubled men.	These waitresses praise this troubled men.	-97.0	-97.5	-9.6875	-9.75	True	True	morphology	determiner_noun_agreement	Write a natural, coherent English sentence.
155	30	Many men didn't admire that nice person.	Many men didn't admire those nice person.	-108.0	-108.5	-9.8125	-9.875	True	True	morphology	determiner_noun_agreement	Write a natural, coherent English sentence.
156	30	Jesus ran around this exposed oasis.	Jesus ran around these exposed oasis.	-79.0	-80.0	-9.875	-10.0	True	True	morphology	determiner_noun_agreement	Write a natural, coherent English sentence.
157	30	Many customers talk about that delighted child.	Many customers talk about those delighted child.	-79.5	-79.5	-9.9375	-9.9375	False	False	morphology	determiner_noun_agreement	Write a natural, coherent English sentence.
158	30	Drawings had disgusted this small woman.	Drawings had disgusted these small woman.	-89.0	-89.5	-9.875	-9.9375	True	True	morphology	determiner_noun_agreement	Write a natural, coherent English sentence.
159	30	Colleen did care for that good man.	Colleen did care for those good man.	-89.0	-89.0	-9.9375	-9.875	False	False	morphology	determiner_noun_agreement	Write a natural, coherent English sentence.
160	30	Marcus admired those exposed geese.	Marcus admired that exposed geese.	-80.0	-80.0	-10.0	-10.0	False	False	morphology	determiner_noun_agreement	Write a natural, coherent English sentence.
161	30	Randolf has noticed this clean foot.	Randolf has noticed these clean foot.	-80.5	-80.0	-10.0625	-10.0	False	False	morphology	determiner_noun_agreement	Write a natural, coherent English sentence.
162	30	Craig could listen to that determined man.	Craig could listen to those determined man.	-80.0	-80.0	-10.0	-10.0	False	False	morphology	determiner_noun_agreement	Write a natural, coherent English sentence.
163	30	Movies stunned this small man.	Movies stunned these small man.	-79.0	-79.0	-9.875	-9.875	False	False	morphology	determiner_noun_agreement	Write a natural, coherent English sentence.
164	30	Timothy buys this rough ox.	Timothy buys these rough ox.	-79.0	-79.0	-9.875	-9.875	False	False	morphology	determiner_noun_agreement	Write a natural, coherent English sentence.
165	30	Some women go to those red oases.	Some women go to that red oases.	-89.0	-89.0	-9.9375	-9.875	False	False	morphology	determiner_noun_agreement	Write a natural, coherent English sentence.
166	30	Ruth fixed this clean tooth.	Ruth fixed these clean tooth.	-61.0	-61.0	-10.125	-10.1875	False	True	morphology	determiner_noun_agreement	Write a natural, coherent English sentence.
167	30	Monica is boring those clever men.	Monica is boring that clever men.	-79.5	-79.5	-9.9375	-9.9375	False	False	morphology	determiner_noun_agreement	Write a natural, coherent English sentence.
168	30	Janice knows these hidden alumni.	Janice knows this hidden alumni.	-88.5	-88.5	-9.8125	-9.8125	False	False	morphology	determiner_noun_agreement	Write a natural, coherent English sentence.
169	30	Spain insults this delighted alumnus.	Spain insults these delighted alumnus.	-88.5	-89.0	-9.8125	-9.875	True	True	morphology	determiner_noun_agreement	Write a natural, coherent English sentence.
170	30	Some planes bore that displeased child.	Some planes bore those displeased child.	-89.5	-89.5	-9.9375	-9.9375	False	False	morphology	determiner_noun_agreement	Write a natural, coherent English sentence.
171	30	Dishes should upset these happy men.	Dishes should upset this happy men.	-80.0	-80.0	-10.0	-10.0	False	False	morphology	determiner_noun_agreement	Write a natural, coherent English sentence.
172	30	That painting looked like these yellow stimuli.	That painting looked like this yellow stimuli.	-88.5	-89.0	-9.8125	-9.875	True	True	morphology	determiner_noun_agreement	Write a natural, coherent English sentence.
173	30	Amy shocked that content man.	Amy shocked those content man.	-60.75	-61.0	-10.125	-10.125	True	False	morphology	determiner_noun_agreement	Write a natural, coherent English sentence.
174	30	Melinda hasn't hidden this determined woman.	Melinda hasn't hidden these determined woman.	-99.0	-99.0	-9.875	-9.875	False	False	morphology	determiner_noun_agreement	Write a natural, coherent English sentence.
175	30	Caroline did drive to this brown oasis.	Caroline did drive to these brown oasis.	-89.5	-90.0	-9.9375	-10.0	True	True	morphology	determiner_noun_agreement	Write a natural, coherent English sentence.
176	30	That rice disturbed those smart alumni.	That rice disturbed that smart alumni.	-98.5	-99.0	-9.875	-9.875	True	False	morphology	determiner_noun_agreement	Write a natural, coherent English sentence.
177	30	Brian will examine these long analyses.	Brian will examine this long analyses.	-79.0	-79.0	-9.875	-9.875	False	False	morphology	determiner_noun_agreement	Write a natural, coherent English sentence.
178	30	Mark dislikes this uncertain child.	Mark dislikes these uncertain child.	-78.5	-78.5	-9.8125	-9.8125	False	False	morphology	determiner_noun_agreement	Write a natural, coherent English sentence.
179	30	Rose was returning to these out in the open children.	Rose was returning to this out in the open children.	-109.0	-109.0	-9.9375	-9.9375	False	False	morphology	determiner_noun_agreement	Write a natural, coherent English sentence.
180	30	The guest has fixed this red tooth.	The guest has fixed these red tooth.	-80.0	-80.0	-10.0	-10.0	False	False	morphology	determiner_noun_agreement	Write a natural, coherent English sentence.
181	30	Jennifer is breaking this big tooth.	Jennifer is breaking these big tooth.	-69.0	-69.5	-9.875	-9.9375	True	True	morphology	determiner_noun_agreement	Write a natural, coherent English sentence.
182	30	Sabrina isn't referencing these red theses.	Sabrina isn't referencing this red theses.	-126.0	-126.0	-9.6875	-9.6875	False	False	morphology	determiner_noun_agreement	Write a natural, coherent English sentence.
183	30	Valerie hadn't exited that exposed oasis.	Valerie hadn't exited those exposed oasis.	-119.0	-119.0	-9.875	-9.9375	False	True	morphology	determiner_noun_agreement	Write a natural, coherent English sentence.
184	30	Every restaurant had worried this hidden child.	Every restaurant had worried these hidden child.	-80.5	-81.0	-10.0625	-10.125	True	True	morphology	determiner_noun_agreement	Write a natural, coherent English sentence.
185	30	A woman was examining those long synopses.	A woman was examining that long synopses.	-106.5	-106.5	-9.6875	-9.6875	False	False	morphology	determiner_noun_agreement	Write a natural, coherent English sentence.
186	30	All actresses approach that content man.	All actresses approach those content man.	-79.0	-79.0	-9.875	-9.875	False	False	morphology	determiner_noun_agreement	Write a natural, coherent English sentence.
187	30	Sarah cleaned those yellow feet.	Sarah cleaned that yellow feet.	-60.0	-60.25	-10.0	-10.0625	True	True	morphology	determiner_noun_agreement	Write a natural, coherent English sentence.
188	30	Margaret tours those black oases.	Margaret tours that black oases.	-71.0	-71.0	-10.125	-10.125	False	False	morphology	determiner_noun_agreement	Write a natural, coherent English sentence.
189	30	Rachel wasn't messing up this clean foot.	Rachel wasn't messing up these clean foot.	-108.5	-109.0	-9.875	-9.875	True	False	morphology	determiner_noun_agreement	Write a natural, coherent English sentence.
190	30	The Lutherans go to that old oasis.	The Lutherans go to those old oasis.	-97.5	-98.0	-9.75	-9.8125	True	True	morphology	determiner_noun_agreement	Write a natural, coherent English sentence.
191	30	The lamps shock those hidden alumni.	The lamps shock that hidden alumni.	-98.5	-98.5	-9.875	-9.875	False	False	morphology	determiner_noun_agreement	Write a natural, coherent English sentence.
192	30	Claire conceals those small stimuli.	Claire conceals that small stimuli.	-79.5	-80.0	-9.9375	-10.0	True	True	morphology	determiner_noun_agreement	Write a natural, coherent English sentence.
193	30	Most documentaries annoy that busy person.	Most documentaries annoy those busy person.	-79.0	-79.5	-9.875	-9.9375	True	True	morphology	determiner_noun_agreement	Write a natural, coherent English sentence.
194	30	Pamela shouldn't return to those exposed men.	Pamela shouldn't return to that exposed men.	-108.5	-108.5	-9.875	-9.875	False	False	morphology	determiner_noun_agreement	Write a natural, coherent English sentence.
195	30	That person couldn't arrive at that purple oasis.	That person couldn't arrive at those purple oasis.	-117.5	-118.0	-9.8125	-9.8125	True	False	morphology	determiner_noun_agreement	Write a natural, coherent English sentence.
196	30	Alicia won't admire those big nuclei.	Alicia won't admire that big nuclei.	-127.5	-128.0	-9.8125	-9.8125	True	False	morphology	determiner_noun_agreement	Write a natural, coherent English sentence.
197	30	Curtis arrived at that red oasis.	Curtis arrived at those red oasis.	-88.0	-88.0	-9.75	-9.8125	False	True	morphology	determiner_noun_agreement	Write a natural, coherent English sentence.
198	30	People investigate that smart man.	People investigate those smart man.	-60.5	-60.5	-10.125	-10.125	False	False	morphology	determiner_noun_agreement	Write a natural, coherent English sentence.
199	30	Some boys hire these content alumni.	Some boys hire this content alumni.	-89.0	-89.0	-9.875	-9.875	False	False	morphology	determiner_noun_agreement	Write a natural, coherent English sentence.
200	30	Leslie found these brown feet.	Leslie found this brown feet.	-69.0	-69.5	-9.875	-9.9375	True	True	morphology	determiner_noun_agreement	Write a natural, coherent English sentence.
201	30	Alexander was firing that displeased woman.	Alexander was firing those displeased woman.	-89.0	-90.0	-9.875	-10.0	True	True	morphology	determiner_noun_agreement	Write a natural, coherent English sentence.
202	30	Florence hasn't argued about those confident children.	Florence hasn't argued about that confident children.	-99.5	-99.5	-9.9375	-9.9375	False	False	morphology	determiner_noun_agreement	Write a natural, coherent English sentence.
203	30	That adult hadn't complained about that exposed man.	That adult hadn't complained about those exposed man.	-109.5	-109.5	-9.9375	-9.9375	False	False	morphology	determiner_noun_agreement	Write a natural, coherent English sentence.
204	30	Larry works with these scared women.	Larry works with this scared women.	-70.0	-70.0	-9.9375	-10.0	False	True	morphology	determiner_noun_agreement	Write a natural, coherent English sentence.
205	30	Kathleen leaves this old child.	Kathleen leaves these old child.	-69.5	-69.5	-9.9375	-9.9375	False	False	morphology	determiner_noun_agreement	Write a natural, coherent English sentence.
206	30	The actresses weren't watching these scared people.	The actresses weren't watching this scared people.	-108.5	-108.5	-9.875	-9.875	False	False	morphology	determiner_noun_agreement	Write a natural, coherent English sentence.
207	30	Derek isn't escaping from these blue oases.	Derek isn't escaping from this blue oases.	-128.0	-128.0	-9.8125	-9.875	False	True	morphology	determiner_noun_agreement	Write a natural, coherent English sentence.
208	30	Naomi isn't talking about that cheap oasis.	Naomi isn't talking about those cheap oasis.	-118.0	-118.0	-9.8125	-9.8125	False	False	morphology	determiner_noun_agreement	Write a natural, coherent English sentence.
209	30	These guests hate these troubled men.	These guests hate this troubled men.	-80.0	-80.0	-10.0	-10.0	False	False	morphology	determiner_noun_agreement	Write a natural, coherent English sentence.
210	30	Patricia wasn't hiring those small children.	Patricia wasn't hiring that small children.	-107.0	-107.5	-9.75	-9.75	True	False	morphology	determiner_noun_agreement	Write a natural, coherent English sentence.
211	30	All stairs weren't alarming that lucky woman.	All stairs weren't alarming those lucky woman.	-108.0	-108.0	-9.8125	-9.8125	False	False	morphology	determiner_noun_agreement	Write a natural, coherent English sentence.
212	30	Many drivers left that confident alumnus.	Many drivers left those confident alumnus.	-89.5	-90.0	-9.9375	-10.0	True	True	morphology	determiner_noun_agreement	Write a natural, coherent English sentence.
213	30	Every skirt disgusts these smart children.	Every skirt disgusts this smart children.	-79.0	-79.5	-9.875	-9.9375	True	True	morphology	determiner_noun_agreement	Write a natural, coherent English sentence.
214	30	Valerie has astounded that lost alumnus.	Valerie has astounded those lost alumnus.	-117.0	-117.0	-9.75	-9.75	False	False	morphology	determiner_noun_agreement	Write a natural, coherent English sentence.
215	30	Sonia should describe this determined child.	Sonia should describe these determined child.	-80.0	-80.0	-10.0	-10.0	False	False	morphology	determiner_noun_agreement	Write a natural, coherent English sentence.
216	30	A lot of lakes weren't disgusting that old person.	A lot of lakes weren't disgusting those old person.	-136.0	-136.0	-9.6875	-9.6875	False	False	morphology	determiner_noun_agreement	Write a natural, coherent English sentence.
217	30	Some pants hadn't aggravated that good woman.	Some pants hadn't aggravated those good woman.	-118.0	-118.0	-9.8125	-9.8125	False	False	morphology	determiner_noun_agreement	Write a natural, coherent English sentence.
218	30	Anne does return to that old woman.	Anne does return to those old woman.	-79.5	-80.0	-9.9375	-10.0	True	True	morphology	determiner_noun_agreement	Write a natural, coherent English sentence.
219	30	Alan wasn't listening to that delighted person.	Alan wasn't listening to those delighted person.	-99.0	-99.5	-9.9375	-9.9375	True	False	morphology	determiner_noun_agreement	Write a natural, coherent English sentence.
220	30	Some icicles annoy those serious alumni.	Some icicles annoy that serious alumni.	-97.5	-98.0	-9.75	-9.8125	True	True	morphology	determiner_noun_agreement	Write a natural, coherent English sentence.
221	30	Many women won't scare those uncertain men.	Many women won't scare that uncertain men.	-109.5	-109.5	-9.9375	-9.9375	False	False	morphology	determiner_noun_agreement	Write a natural, coherent English sentence.
222	30	Science disgusts this unconvinced alumnus.	Science disgusts these unconvinced alumnus.	-114.5	-115.0	-9.5625	-9.5625	True	False	morphology	determiner_noun_agreement	Write a natural, coherent English sentence.
223	30	Connie tours these rough oases.	Connie tours this rough oases.	-80.0	-80.0	-10.0	-10.0	False	False	morphology	determiner_noun_agreement	Write a natural, coherent English sentence.
224	30	Those banks were talking about this lost thesis.	Those banks were talking about these lost thesis.	-89.0	-89.5	-9.875	-9.9375	True	True	morphology	determiner_noun_agreement	Write a natural, coherent English sentence.
225	30	Some prints didn't look like this rough louse.	Some prints didn't look like these rough louse.	-118.0	-118.0	-9.8125	-9.875	False	True	morphology	determiner_noun_agreement	Write a natural, coherent English sentence.
226	30	All pedestrians like those rough theses.	All pedestrians like that rough theses.	-98.0	-98.5	-9.8125	-9.875	True	True	morphology	determiner_noun_agreement	Write a natural, coherent English sentence.
227	30	Douglas saw that black fungus.	Douglas saw those black fungus.	-77.5	-78.5	-9.6875	-9.8125	True	True	morphology	determiner_noun_agreement	Write a natural, coherent English sentence.
228	30	Sarah examined that bad analysis.	Sarah examined those bad analysis.	-60.5	-60.75	-10.0625	-10.125	True	True	morphology	determiner_noun_agreement	Write a natural, coherent English sentence.
229	30	An actress researches this long thesis.	An actress researches these long thesis.	-97.0	-97.0	-9.6875	-9.6875	False	False	morphology	determiner_noun_agreement	Write a natural, coherent English sentence.
230	30	Those waitresses criticize this hidden child.	Those waitresses criticize these hidden child.	-97.5	-98.0	-9.75	-9.8125	True	True	morphology	determiner_noun_agreement	Write a natural, coherent English sentence.
231	30	Most drivers question these upset alumni.	Most drivers question this upset alumni.	-89.0	-89.0	-9.875	-9.875	False	False	morphology	determiner_noun_agreement	Write a natural, coherent English sentence.
232	30	Phillip isn't working with these small women.	Phillip isn't working with this small women.	-108.5	-109.0	-9.875	-9.875	True	False	morphology	determiner_noun_agreement	Write a natural, coherent English sentence.
233	30	Jennifer can't aggravate that unlucky man.	Jennifer can't aggravate those unlucky man.	-127.0	-127.0	-9.75	-9.75	False	False	morphology	determiner_noun_agreement	Write a natural, coherent English sentence.
234	30	Essays confuse this good woman.	Essays confuse these good woman.	-79.5	-80.0	-9.9375	-10.0	True	True	morphology	determiner_noun_agreement	Write a natural, coherent English sentence.
235	30	Amelia has forgotten those bad analyses.	Amelia has forgotten that bad analyses.	-88.0	-88.0	-9.75	-9.8125	False	True	morphology	determiner_noun_agreement	Write a natural, coherent English sentence.
236	30	Michael had explored this brown oasis.	Michael had explored these brown oasis.	-79.5	-80.0	-9.9375	-10.0	True	True	morphology	determiner_noun_agreement	Write a natural, coherent English sentence.
237	30	Natalie can aggravate those smart men.	Natalie can aggravate that smart men.	-97.0	-97.5	-9.6875	-9.75	True	True	morphology	determiner_noun_agreement	Write a natural, coherent English sentence.
238	30	That patient won't go to these cheap oases.	That patient won't go to this cheap oases.	-119.0	-119.5	-9.9375	-9.9375	True	False	morphology	determiner_noun_agreement	Write a natural, coherent English sentence.
239	30	Heidi had discovered those black feet.	Heidi had discovered that black feet.	-79.5	-79.0	-9.9375	-9.875	False	False	morphology	determiner_noun_agreement	Write a natural, coherent English sentence.
240	30	David hadn't watched those determined men.	David hadn't watched that determined men.	-89.5	-89.5	-9.9375	-9.9375	False	False	morphology	determiner_noun_agreement	Write a natural, coherent English sentence.
241	30	Some teenager couldn't walk through these green oases.	Some teenager couldn't walk through this green oases.	-119.0	-118.5	-9.875	-9.875	False	False	morphology	determiner_noun_agreement	Write a natural, coherent English sentence.
242	30	Christina shouldn't sell this hard oasis.	Christina shouldn't sell these hard oasis.	-108.0	-108.0	-9.8125	-9.8125	False	False	morphology	determiner_noun_agreement	Write a natural, coherent English sentence.
243	30	Christopher isn't firing those sick men.	Christopher isn't firing that sick men.	-90.5	-90.5	-10.0625	-10.0625	False	False	morphology	determiner_noun_agreement	Write a natural, coherent English sentence.
244	30	Most students hide that yellow mouse.	Most students hide those yellow mouse.	-70.0	-70.0	-10.0	-10.0	False	False	morphology	determiner_noun_agreement	Write a natural, coherent English sentence.
245	30	Holly did buy those clean feet.	Holly did buy that clean feet.	-70.0	-70.5	-10.0625	-10.0625	True	False	morphology	determiner_noun_agreement	Write a natural, coherent English sentence.
246	30	Many actors clean these brown theses.	Many actors clean this brown theses.	-80.0	-80.5	-10.0	-10.0625	True	True	morphology	determiner_noun_agreement	Write a natural, coherent English sentence.
247	30	Stacy would hide those lost lice.	Stacy would hide that lost lice.	-90.0	-90.0	-10.0	-10.0	False	False	morphology	determiner_noun_agreement	Write a natural, coherent English sentence.
248	30	Alan drove to that new oasis.	Alan drove to those new oasis.	-78.0	-78.5	-9.75	-9.8125	True	True	morphology	determiner_noun_agreement	Write a natural, coherent English sentence.
249	30	The Impressionists tour this purple oasis.	The Impressionists tour these purple oasis.	-97.5	-97.5	-9.75	-9.75	False	False	morphology	determiner_noun_agreement	Write a natural, coherent English sentence.
250	30	Wayne is talking to this hidden woman.	Wayne is talking to these hidden woman.	-79.0	-80.0	-9.875	-10.0	True	True	morphology	determiner_noun_agreement	Write a natural, coherent English sentence.
251	30	Christopher forgets this happy child.	Christopher forgets these happy child.	-70.0	-69.5	-9.9375	-9.9375	False	False	morphology	determiner_noun_agreement	Write a natural, coherent English sentence.
252	30	Julie can boycott those cheap oases.	Julie can boycott that cheap oases.	-89.0	-90.0	-9.9375	-10.0	True	True	morphology	determiner_noun_agreement	Write a natural, coherent English sentence.
253	30	Most senators dislike these bad theses.	Most senators dislike this bad theses.	-98.0	-98.5	-9.8125	-9.875	True	True	morphology	determiner_noun_agreement	Write a natural, coherent English sentence.
254	30	Denise concealed this content person.	Denise concealed these content person.	-79.0	-79.0	-9.875	-9.875	False	False	morphology	determiner_noun_agreement	Write a natural, coherent English sentence.
255	30	Some bike shocks these nice women.	Some bike shocks this nice women.	-79.5	-80.0	-9.9375	-10.0	True	True	morphology	determiner_noun_agreement	Write a natural, coherent English sentence.
256	30	These teenagers fix those hidden feet.	These teenagers fix that hidden feet.	-78.5	-78.5	-9.8125	-9.8125	False	False	morphology	determiner_noun_agreement	Write a natural, coherent English sentence.
257	30	Ella praised that ill woman.	Ella praised those ill woman.	-70.0	-70.0	-10.0	-10.0	False	False	morphology	determiner_noun_agreement	Write a natural, coherent English sentence.
258	30	Current events stun these lost people.	Current events stun this lost people.	-79.5	-80.0	-9.9375	-10.0	True	True	morphology	determiner_noun_agreement	Write a natural, coherent English sentence.
259	30	Mary tours this gray oasis.	Mary tours these gray oasis.	-69.5	-70.0	-9.9375	-9.9375	True	False	morphology	determiner_noun_agreement	Write a natural, coherent English sentence.
260	30	Linda visited those unsure men.	Linda visited that unsure men.	-70.0	-70.5	-10.0625	-10.0625	True	False	morphology	determiner_noun_agreement	Write a natural, coherent English sentence.
261	30	Dan wouldn't boycott that smooth oasis.	Dan wouldn't boycott those smooth oasis.	-109.0	-109.0	-9.9375	-9.875	False	False	morphology	determiner_noun_agreement	Write a natural, coherent English sentence.
262	30	Those men leave that brown oasis.	Those men leave those brown oasis.	-79.5	-79.5	-9.9375	-9.9375	False	False	morphology	determiner_noun_agreement	Write a natural, coherent English sentence.
263	30	Lissa does pass these black oases.	Lissa does pass this black oases.	-90.5	-91.0	-10.0625	-10.125	True	True	morphology	determiner_noun_agreement	Write a natural, coherent English sentence.
264	30	Alice had embarrassed this happy man.	Alice had embarrassed these happy man.	-70.0	-70.0	-10.0	-10.0625	False	True	morphology	determiner_noun_agreement	Write a natural, coherent English sentence.
265	30	Wayne is worrying that hopeful child.	Wayne is worrying those hopeful child.	-80.0	-79.5	-10.0	-9.9375	False	False	morphology	determiner_noun_agreement	Write a natural, coherent English sentence.
266	30	Lucille is biking to that green oasis.	Lucille is biking to those green oasis.	-106.0	-106.5	-9.625	-9.6875	True	True	morphology	determiner_noun_agreement	Write a natural, coherent English sentence.
267	30	Katherine hadn't skated around this white oasis.	Katherine hadn't skated around these white oasis.	-128.0	-128.0	-9.875	-9.875	False	False	morphology	determiner_noun_agreement	Write a natural, coherent English sentence.
268	30	James observed this hopeful child.	James observed these hopeful child.	-69.0	-68.5	-9.875	-9.8125	False	False	morphology	determiner_noun_agreement	Write a natural, coherent English sentence.
269	30	Gerald liked this big child.	Gerald liked these big child.	-69.5	-69.5	-9.9375	-9.9375	False	False	morphology	determiner_noun_agreement	Write a natural, coherent English sentence.
270	30	That committee wasn't hiring this displeased alumnus.	That committee wasn't hiring these displeased alumnus.	-137.0	-137.0	-9.75	-9.8125	False	True	morphology	determiner_noun_agreement	Write a natural, coherent English sentence.
271	30	Gary isn't breaking that white tooth.	Gary isn't breaking those white tooth.	-89.5	-89.5	-9.9375	-9.9375	False	False	morphology	determiner_noun_agreement	Write a natural, coherent English sentence.
272	30	Walter hasn't seen those content children.	Walter hasn't seen that content children.	-89.5	-89.5	-9.9375	-9.9375	False	False	morphology	determiner_noun_agreement	Write a natural, coherent English sentence.
273	30	Martha didn't clean these hidden teeth.	Martha didn't clean this hidden teeth.	-89.0	-89.0	-9.9375	-9.9375	False	False	morphology	determiner_noun_agreement	Write a natural, coherent English sentence.
274	30	These teachers are returning to those lost men.	These teachers are returning to that lost men.	-89.0	-89.0	-9.875	-9.875	False	False	morphology	determiner_noun_agreement	Write a natural, coherent English sentence.
275	30	Ellen hadn't boycotted that hidden oasis.	Ellen hadn't boycotted those hidden oasis.	-118.0	-118.0	-9.8125	-9.875	False	True	morphology	determiner_noun_agreement	Write a natural, coherent English sentence.
276	30	Some patients drive to these brown oases.	Some patients drive to this brown oases.	-89.5	-89.5	-9.9375	-9.9375	False	False	morphology	determiner_noun_agreement	Write a natural, coherent English sentence.
277	30	Nina wasn't referencing this ill person.	Nina wasn't referencing these ill person.	-98.5	-99.0	-9.875	-9.875	True	False	morphology	determiner_noun_agreement	Write a natural, coherent English sentence.
278	30	Denise praises these fast children.	Denise praises this fast children.	-78.5	-79.0	-9.8125	-9.875	True	True	morphology	determiner_noun_agreement	Write a natural, coherent English sentence.
279	30	Most customers attack that clever man.	Most customers attack those clever man.	-70.5	-70.0	-10.0625	-10.0	False	False	morphology	determiner_noun_agreement	Write a natural, coherent English sentence.
280	30	Every photograph looks like those exposed people.	Every photograph looks like that exposed people.	-79.0	-79.5	-9.875	-9.9375	True	True	morphology	determiner_noun_agreement	Write a natural, coherent English sentence.
281	30	Cindy shouldn't cure that confident alumnus.	Cindy shouldn't cure those confident alumnus.	-128.0	-128.0	-9.8125	-9.875	False	True	morphology	determiner_noun_agreement	Write a natural, coherent English sentence.
282	30	The Borgias reveal these blue feet.	The Borgias reveal this blue feet.	-90.0	-91.0	-10.0	-10.0625	True	True	morphology	determiner_noun_agreement	Write a natural, coherent English sentence.
283	30	Ella lifts these exposed fungi.	Ella lifts this exposed fungi.	-88.5	-88.5	-9.8125	-9.8125	False	False	morphology	determiner_noun_agreement	Write a natural, coherent English sentence.
284	30	The Lutherans astound that unsure person.	The Lutherans astound those unsure person.	-99.0	-98.5	-9.875	-9.875	False	False	morphology	determiner_noun_agreement	Write a natural, coherent English sentence.
285	30	These cakes bore that determined woman.	These cakes bore those determined woman.	-80.0	-80.0	-10.0	-10.0	False	False	morphology	determiner_noun_agreement	Write a natural, coherent English sentence.
286	30	Nina lifts this orange cactus.	Nina lifts these orange cactus.	-86.5	-86.5	-9.5625	-9.625	False	True	morphology	determiner_noun_agreement	Write a natural, coherent English sentence.
287	30	The actors kiss these unconvinced children.	The actors kiss this unconvinced children.	-98.0	-98.5	-9.8125	-9.875	True	True	morphology	determiner_noun_agreement	Write a natural, coherent English sentence.
288	30	Sharon dislikes that brown thesis.	Sharon dislikes those brown thesis.	-88.0	-88.0	-9.75	-9.75	False	False	morphology	determiner_noun_agreement	Write a natural, coherent English sentence.
289	30	The customers sell these rough fungi.	The customers sell this rough fungi.	-79.0	-79.5	-9.875	-9.9375	True	True	morphology	determiner_noun_agreement	Write a natural, coherent English sentence.
290	30	Janice didn't cure those employed men.	Janice didn't cure that employed men.	-98.5	-99.0	-9.875	-9.875	True	False	morphology	determiner_noun_agreement	Write a natural, coherent English sentence.
291	30	Paula left this uncertain person.	Paula left these uncertain person.	-70.0	-70.0	-10.0	-10.0	False	False	morphology	determiner_noun_agreement	Write a natural, coherent English sentence.
292	30	Those guys had escaped from those employed children.	Those guys had escaped from that employed children.	-89.0	-89.0	-9.875	-9.9375	False	True	morphology	determiner_noun_agreement	Write a natural, coherent English sentence.
293	30	Christine wasn't touring that old oasis.	Christine wasn't touring those old oasis.	-117.0	-117.5	-9.75	-9.8125	True	True	morphology	determiner_noun_agreement	Write a natural, coherent English sentence.
294	30	These waitresses praise this rough thesis.	These waitresses praise these rough thesis.	-88.5	-89.0	-9.875	-9.875	True	False	morphology	determiner_noun_agreement	Write a natural, coherent English sentence.
295	30	Some girls hadn't passed this concealed oasis.	Some girls hadn't passed these concealed oasis.	-119.0	-119.0	-9.875	-9.9375	False	True	morphology	determiner_noun_agreement	Write a natural, coherent English sentence.
296	30	Andrea lifts these small cacti.	Andrea lifts this small cacti.	-88.0	-88.0	-9.75	-9.75	False	False	morphology	determiner_noun_agreement	Write a natural, coherent English sentence.
297	30	Kristen is scanning those bad synopses.	Kristen is scanning that bad synopses.	-107.5	-107.5	-9.75	-9.75	False	False	morphology	determiner_noun_agreement	Write a natural, coherent English sentence.
298	30	Alan is skated around these cheap oases.	Alan is skated around this cheap oases.	-100.5	-100.5	-10.0625	-10.0625	False	False	morphology	determiner_noun_agreement	Write a natural, coherent English sentence.
299	30	Kayla has investigated these busy people.	Kayla has investigated this busy people.	-80.0	-80.0	-10.0	-10.0	False	False	morphology	determiner_noun_agreement	Write a natural, coherent English sentence.
300	30	Timothy observes that good woman.	Timothy observes those good woman.	-78.0	-78.5	-9.75	-9.8125	True	True	morphology	determiner_noun_agreement	Write a natural, coherent English sentence.
301	30	Every museum hadn't discussed those hidden theses.	Every museum hadn't discussed that hidden theses.	-109.0	-109.5	-9.9375	-9.9375	True	False	morphology	determiner_noun_agreement	Write a natural, coherent English sentence.
302	30	Some cashiers help this troubled person.	Some cashiers help these troubled person.	-88.0	-88.0	-9.75	-9.75	False	False	morphology	determiner_noun_agreement	Write a natural, coherent English sentence.
303	30	Amanda was attacking that displeased woman.	Amanda was attacking those displeased woman.	-89.0	-89.5	-9.875	-9.9375	True	True	morphology	determiner_noun_agreement	Write a natural, coherent English sentence.
304	30	This window upsets these lost people.	This window upsets this lost people.	-79.0	-79.5	-9.875	-9.9375	True	True	morphology	determiner_noun_agreement	Write a natural, coherent English sentence.
305	30	Cindy wasn't bringing those gray cacti.	Cindy wasn't bringing that gray cacti.	-127.5	-127.5	-9.8125	-9.8125	False	False	morphology	determiner_noun_agreement	Write a natural, coherent English sentence.
306	30	Peter complained about these good synopses.	Peter complained about this good synopses.	-88.0	-88.0	-9.8125	-9.8125	False	False	morphology	determiner_noun_agreement	Write a natural, coherent English sentence.
307	30	Danielle was touring those new oases.	Danielle was touring that new oases.	-98.0	-98.0	-9.8125	-9.8125	False	False	morphology	determiner_noun_agreement	Write a natural, coherent English sentence.
308	30	Elaine discusses that standing person.	Elaine discusses those standing person.	-79.0	-79.0	-9.875	-9.875	False	False	morphology	determiner_noun_agreement	Write a natural, coherent English sentence.
309	30	Jacqueline had healed those rough geese.	Jacqueline had healed that rough geese.	-107.5	-108.0	-9.8125	-9.8125	True	False	morphology	determiner_noun_agreement	Write a natural, coherent English sentence.
310	30	All rivers were distracting those standing men.	All rivers were distracting that standing men.	-88.5	-89.5	-9.8125	-9.9375	True	True	morphology	determiner_noun_agreement	Write a natural, coherent English sentence.
311	30	Some people exit those yellow oases.	Some people exit that yellow oases.	-79.0	-79.5	-9.875	-9.9375	True	True	morphology	determiner_noun_agreement	Write a natural, coherent English sentence.
312	30	Becca isn't exploring these hard oases.	Becca isn't exploring this hard oases.	-109.0	-109.5	-9.9375	-9.9375	True	False	morphology	determiner_noun_agreement	Write a natural, coherent English sentence.
313	30	Timothy revealed that big foot.	Timothy revealed those big foot.	-68.5	-69.5	-9.75	-9.9375	True	True	morphology	determiner_noun_agreement	Write a natural, coherent English sentence.
314	30	Adam fires these determined men.	Adam fires this determined men.	-60.75	-61.0	-10.125	-10.1875	True	True	morphology	determiner_noun_agreement	Write a natural, coherent English sentence.
315	30	The teenagers clean this purple foot.	The teenagers clean these purple foot.	-78.5	-78.5	-9.8125	-9.8125	False	False	morphology	determiner_noun_agreement	Write a natural, coherent English sentence.
316	30	The Great Lakes could annoy that troubled man.	The Great Lakes could annoy those troubled man.	-107.0	-107.5	-9.75	-9.75	True	False	morphology	determiner_noun_agreement	Write a natural, coherent English sentence.
317	30	Karen discusses those bad men.	Karen discusses that bad men.	-69.5	-69.5	-9.9375	-9.9375	False	False	morphology	determiner_noun_agreement	Write a natural, coherent English sentence.
318	30	Phillip didn't find those ill alumni.	Phillip didn't find that ill alumni.	-117.0	-117.0	-9.75	-9.75	False	False	morphology	determiner_noun_agreement	Write a natural, coherent English sentence.
319	30	A lot of men reference these good analyses.	A lot of men reference this good analyses.	-97.5	-98.0	-9.75	-9.8125	True	True	morphology	determiner_noun_agreement	Write a natural, coherent English sentence.
320	30	Larry had insulted these lucky children.	Larry had insulted this lucky children.	-79.0	-79.5	-9.875	-9.9375	True	True	morphology	determiner_noun_agreement	Write a natural, coherent English sentence.
321	30	Debra is firing that determined child.	Debra is firing those determined child.	-79.5	-80.0	-9.9375	-10.0	True	True	morphology	determiner_noun_agreement	Write a natural, coherent English sentence.
322	30	Noah was watching that fast woman.	Noah was watching those fast woman.	-69.5	-70.0	-9.9375	-10.0	True	True	morphology	determiner_noun_agreement	Write a natural, coherent English sentence.
323	30	Gina works with that displeased person.	Gina works with those displeased person.	-98.0	-98.0	-9.8125	-9.8125	False	False	morphology	determiner_noun_agreement	Write a natural, coherent English sentence.
324	30	Most doctors would bring these big nuclei.	Most doctors would bring this big nuclei.	-89.5	-89.5	-9.9375	-9.9375	False	False	morphology	determiner_noun_agreement	Write a natural, coherent English sentence.
325	30	All drawings alarm that unconvinced child.	All drawings alarm those unconvinced child.	-99.0	-98.5	-9.875	-9.8125	False	False	morphology	determiner_noun_agreement	Write a natural, coherent English sentence.
326	30	Some libraries hate that busy man.	Some libraries hate those busy man.	-70.0	-70.0	-10.0	-10.0	False	False	morphology	determiner_noun_agreement	Write a natural, coherent English sentence.
327	30	Derek disgusted that unemployed child.	Derek disgusted those unemployed child.	-88.5	-89.0	-9.8125	-9.875	True	True	morphology	determiner_noun_agreement	Write a natural, coherent English sentence.
328	30	Marla hadn't fired these good men.	Marla hadn't fired this good men.	-100.0	-100.0	-10.0	-10.0	False	False	morphology	determiner_noun_agreement	Write a natural, coherent English sentence.
329	30	Carmen examined that red thesis.	Carmen examined those red thesis.	-70.0	-70.0	-10.0	-10.0	False	False	morphology	determiner_noun_agreement	Write a natural, coherent English sentence.
330	30	Amelia investigates this smart woman.	Amelia investigates these smart woman.	-79.0	-79.0	-9.875	-9.875	False	False	morphology	determiner_noun_agreement	Write a natural, coherent English sentence.
331	30	The Borgias hire that displeased alumnus.	The Borgias hire those displeased alumnus.	-127.0	-127.0	-9.75	-9.75	False	False	morphology	determiner_noun_agreement	Write a natural, coherent English sentence.
332	30	Stacey would arrive at these orange oases.	Stacey would arrive at this orange oases.	-107.0	-107.5	-9.75	-9.75	True	False	morphology	determiner_noun_agreement	Write a natural, coherent English sentence.
333	30	Anna works with this lucky man.	Anna works with these lucky man.	-69.0	-69.5	-9.875	-9.9375	True	True	morphology	determiner_noun_agreement	Write a natural, coherent English sentence.
334	30	Walter has scanned this rough thesis.	Walter has scanned these rough thesis.	-80.5	-81.0	-10.0625	-10.125	True	True	morphology	determiner_noun_agreement	Write a natural, coherent English sentence.
335	30	Some mushroom bothered that lucky woman.	Some mushroom bothered those lucky woman.	-78.5	-79.0	-9.8125	-9.875	True	True	morphology	determiner_noun_agreement	Write a natural, coherent English sentence.
336	30	Cynthia walked through this hard oasis.	Cynthia walked through these hard oasis.	-107.0	-107.0	-9.6875	-9.75	False	True	morphology	determiner_noun_agreement	Write a natural, coherent English sentence.
337	30	Liam has healed these black oxen.	Liam has healed this black oxen.	-98.0	-98.0	-9.8125	-9.8125	False	False	morphology	determiner_noun_agreement	Write a natural, coherent English sentence.
338	30	Andrew did notice these white axes.	Andrew did notice this white axes.	-80.0	-80.5	-10.0	-10.0625	True	True	morphology	determiner_noun_agreement	Write a natural, coherent English sentence.
339	30	Bethany kisses these serious alumni.	Bethany kisses this serious alumni.	-97.5	-97.5	-9.75	-9.75	False	False	morphology	determiner_noun_agreement	Write a natural, coherent English sentence.
340	30	Vanessa watches this nice person.	Vanessa watches these nice person.	-69.5	-69.5	-9.9375	-9.9375	False	False	morphology	determiner_noun_agreement	Write a natural, coherent English sentence.
341	30	Every window astounded that big man.	Every window astounded those big man.	-88.5	-88.0	-9.8125	-9.8125	False	False	morphology	determiner_noun_agreement	Write a natural, coherent English sentence.
342	30	Donna leaves that upset man.	Donna leaves those upset man.	-69.5	-69.5	-9.9375	-9.9375	False	False	morphology	determiner_noun_agreement	Write a natural, coherent English sentence.
343	30	Many students drop by that orange oasis.	Many students drop by those orange oasis.	-89.0	-89.5	-9.9375	-9.9375	True	False	morphology	determiner_noun_agreement	Write a natural, coherent English sentence.
344	30	The sketches looked like this unsure man.	The sketches looked like these unsure man.	-107.5	-107.5	-9.75	-9.75	False	False	morphology	determiner_noun_agreement	Write a natural, coherent English sentence.
345	30	Helen fixes that broken tooth.	Helen fixes those broken tooth.	-68.0	-68.5	-9.75	-9.8125	True	True	morphology	determiner_noun_agreement	Write a natural, coherent English sentence.
346	30	Robert wasn't annoying that old person.	Robert wasn't annoying those old person.	-89.5	-90.0	-9.9375	-10.0	True	True	morphology	determiner_noun_agreement	Write a natural, coherent English sentence.
347	30	Amy isn't talking to that young woman.	Amy isn't talking to those young woman.	-98.5	-99.0	-9.8125	-9.875	True	True	morphology	determiner_noun_agreement	Write a natural, coherent English sentence.
348	30	Alan hadn't remembered these long analyses.	Alan hadn't remembered this long analyses.	-99.0	-99.0	-9.875	-9.9375	False	True	morphology	determiner_noun_agreement	Write a natural, coherent English sentence.
349	30	Stephen is working with these out in the open women.	Stephen is working with this out in the open women.	-108.0	-108.5	-9.8125	-9.875	True	True	morphology	determiner_noun_agreement	Write a natural, coherent English sentence.
350	30	This library had discussed these employed men.	This library had discussed this employed men.	-80.5	-80.5	-10.0625	-10.0625	False	False	morphology	determiner_noun_agreement	Write a natural, coherent English sentence.
351	30	This teenager can't worry those delighted men.	This teenager can't worry that delighted men.	-100.5	-100.5	-10.0625	-10.0625	False	False	morphology	determiner_noun_agreement	Write a natural, coherent English sentence.
352	30	Wendy revealed that sick octopus.	Wendy revealed those sick octopus.	-86.5	-88.0	-9.625	-9.75	True	True	morphology	determiner_noun_agreement	Write a natural, coherent English sentence.
353	30	The Clintons haven't worked with that young person.	The Clintons haven't worked with those young person.	-127.0	-127.0	-9.75	-9.75	False	False	morphology	determiner_noun_agreement	Write a natural, coherent English sentence.
354	30	Some committee aggravates this unconvinced woman.	Some committee aggravates these unconvinced woman.	-116.5	-117.0	-9.6875	-9.75	True	True	morphology	determiner_noun_agreement	Write a natural, coherent English sentence.
355	30	Guy bored that troubled man.	Guy bored those troubled man.	-70.0	-70.0	-10.0	-10.0625	False	True	morphology	determiner_noun_agreement	Write a natural, coherent English sentence.
356	30	Every actress scanned those bad analyses.	Every actress scanned that bad analyses.	-89.0	-89.5	-9.875	-9.9375	True	True	morphology	determiner_noun_agreement	Write a natural, coherent English sentence.
357	30	A library alarms that determined child.	A library alarms those determined child.	-80.5	-80.0	-10.0625	-10.0	False	False	morphology	determiner_noun_agreement	Write a natural, coherent English sentence.
358	30	Sheila can't notice this clever man.	Sheila can't notice these clever man.	-98.5	-98.5	-9.875	-9.875	False	False	morphology	determiner_noun_agreement	Write a natural, coherent English sentence.
359	30	James forgets this fast alumnus.	James forgets these fast alumnus.	-89.0	-89.0	-9.875	-9.875	False	False	morphology	determiner_noun_agreement	Write a natural, coherent English sentence.
360	30	Noah hasn't thought about these smooth lice.	Noah hasn't thought about this smooth lice.	-109.0	-109.0	-9.875	-9.875	False	False	morphology	determiner_noun_agreement	Write a natural, coherent English sentence.
361	30	Aaron sees these gray oases.	Aaron sees this gray oases.	-70.0	-70.5	-10.0	-10.0625	True	True	morphology	determiner_noun_agreement	Write a natural, coherent English sentence.
362	30	Sherry has taken this standing goose.	Sherry has taken these standing goose.	-89.0	-89.0	-9.875	-9.875	False	False	morphology	determiner_noun_agreement	Write a natural, coherent English sentence.
363	30	Marie hasn't found those ill geese.	Marie hasn't found that ill geese.	-99.5	-99.0	-9.9375	-9.9375	False	False	morphology	determiner_noun_agreement	Write a natural, coherent English sentence.
364	30	Peter isn't arriving at that red oasis.	Peter isn't arriving at those red oasis.	-107.5	-108.0	-9.8125	-9.8125	True	False	morphology	determiner_noun_agreement	Write a natural, coherent English sentence.
365	30	Jill isn't boycotting those orange oases.	Jill isn't boycotting that orange oases.	-136.0	-137.0	-9.75	-9.75	True	False	morphology	determiner_noun_agreement	Write a natural, coherent English sentence.
366	30	Julia messes up that orange foot.	Julia messes up those orange foot.	-79.0	-79.0	-9.875	-9.875	False	False	morphology	determiner_noun_agreement	Write a natural, coherent English sentence.
367	30	That hill didn't disturb that content woman.	That hill didn't disturb those content woman.	-99.0	-99.0	-9.875	-9.875	False	False	morphology	determiner_noun_agreement	Write a natural, coherent English sentence.
368	30	Suzanne has concealed that concealed man.	Suzanne has concealed those concealed man.	-97.0	-97.5	-9.75	-9.75	True	False	morphology	determiner_noun_agreement	Write a natural, coherent English sentence.
369	30	Alicia sells that orange octopus.	Alicia sells those orange octopus.	-105.0	-105.0	-9.5625	-9.5625	False	False	morphology	determiner_noun_agreement	Write a natural, coherent English sentence.
370	30	Leslie has discussed that delighted child.	Leslie has discussed those delighted child.	-79.5	-80.0	-9.9375	-10.0	True	True	morphology	determiner_noun_agreement	Write a natural, coherent English sentence.
371	30	Andrea could like these white lice.	Andrea could like this white lice.	-80.0	-80.0	-10.0	-10.0	False	False	morphology	determiner_noun_agreement	Write a natural, coherent English sentence.
372	30	Most children break those rough teeth.	Most children break that rough teeth.	-70.0	-70.0	-10.0	-10.0	False	False	morphology	determiner_noun_agreement	Write a natural, coherent English sentence.
373	30	Richard did work with this clever child.	Richard did work with these clever child.	-79.5	-79.5	-9.9375	-9.9375	False	False	morphology	determiner_noun_agreement	Write a natural, coherent English sentence.
374	30	Anne hugs this unemployed woman.	Anne hugs these unemployed woman.	-78.0	-78.5	-9.75	-9.8125	True	True	morphology	determiner_noun_agreement	Write a natural, coherent English sentence.
375	30	Those actors attack that excited child.	Those actors attack those excited child.	-70.5	-70.5	-10.0625	-10.125	False	True	morphology	determiner_noun_agreement	Write a natural, coherent English sentence.
376	30	Bruce was hugging that unconvinced man.	Bruce was hugging those unconvinced man.	-107.0	-107.0	-9.6875	-9.6875	False	False	morphology	determiner_noun_agreement	Write a natural, coherent English sentence.
377	30	Patrick hasn't hidden this orange oasis.	Patrick hasn't hidden these orange oasis.	-99.5	-100.0	-9.9375	-10.0	True	True	morphology	determiner_noun_agreement	Write a natural, coherent English sentence.
378	30	Alicia hadn't discussed that uncertain person.	Alicia hadn't discussed those uncertain person.	-108.5	-108.5	-9.875	-9.875	False	False	morphology	determiner_noun_agreement	Write a natural, coherent English sentence.
379	30	Susan wasn't talking to those confident men.	Susan wasn't talking to that confident men.	-99.0	-99.0	-9.875	-9.875	False	False	morphology	determiner_noun_agreement	Write a natural, coherent English sentence.
380	30	Cheryl will scan that good synopsis.	Cheryl will scan those good synopsis.	-89.0	-89.0	-9.875	-9.875	False	False	morphology	determiner_noun_agreement	Write a natural, coherent English sentence.
381	30	Tamara kissed that unsure man.	Tamara kissed those unsure man.	-78.5	-79.0	-9.8125	-9.875	True	True	morphology	determiner_noun_agreement	Write a natural, coherent English sentence.
382	30	Craig boasts about those bad analyses.	Craig boasts about that bad analyses.	-88.0	-89.0	-9.8125	-9.875	True	True	morphology	determiner_noun_agreement	Write a natural, coherent English sentence.
383	30	Randolf hadn't hugged those serious people.	Randolf hadn't hugged that serious people.	-108.0	-108.0	-9.8125	-9.8125	False	False	morphology	determiner_noun_agreement	Write a natural, coherent English sentence.
384	30	Many doctors cure these exposed men.	Many doctors cure this exposed men.	-70.0	-70.5	-10.0	-10.0625	True	True	morphology	determiner_noun_agreement	Write a natural, coherent English sentence.
385	30	Women criticized those smooth theses.	Women criticized that smooth theses.	-79.0	-79.0	-9.875	-9.875	False	False	morphology	determiner_noun_agreement	Write a natural, coherent English sentence.
386	30	Some light disturbs that old person.	Some light disturbs those old person.	-89.0	-89.0	-9.875	-9.9375	False	True	morphology	determiner_noun_agreement	Write a natural, coherent English sentence.
387	30	Carol was questioning this big man.	Carol was questioning these big man.	-70.0	-70.0	-10.0	-10.0	False	False	morphology	determiner_noun_agreement	Write a natural, coherent English sentence.
388	30	Sara has gone to that old oasis.	Sara has gone to those old oasis.	-88.0	-88.5	-9.75	-9.8125	True	True	morphology	determiner_noun_agreement	Write a natural, coherent English sentence.
389	30	Steven brought these red oases.	Steven brought this red oases.	-70.0	-70.0	-10.0	-10.0	False	False	morphology	determiner_noun_agreement	Write a natural, coherent English sentence.
390	30	Diana will disgust these ill children.	Diana will disgust this ill children.	-70.5	-71.0	-10.0625	-10.1875	True	True	morphology	determiner_noun_agreement	Write a natural, coherent English sentence.
391	30	Steven disturbs these sick alumni.	Steven disturbs this sick alumni.	-98.0	-99.0	-9.8125	-9.875	True	True	morphology	determiner_noun_agreement	Write a natural, coherent English sentence.
392	30	Angela wasn't lifting these blue feet.	Angela wasn't lifting this blue feet.	-90.0	-90.0	-10.0	-10.0	False	False	morphology	determiner_noun_agreement	Write a natural, coherent English sentence.
393	30	Sharon hasn't stunned that unsure child.	Sharon hasn't stunned those unsure child.	-119.5	-119.0	-9.9375	-9.9375	False	False	morphology	determiner_noun_agreement	Write a natural, coherent English sentence.
394	30	These girls question that concealed man.	These girls question those concealed man.	-79.5	-79.5	-9.9375	-9.9375	False	False	morphology	determiner_noun_agreement	Write a natural, coherent English sentence.
395	30	Martha wasn't kissing this unemployed man.	Martha wasn't kissing these unemployed man.	-106.5	-107.5	-9.6875	-9.75	True	True	morphology	determiner_noun_agreement	Write a natural, coherent English sentence.
396	30	Kendra isn't working with this excited child.	Kendra isn't working with these excited child.	-118.5	-119.0	-9.875	-9.875	True	False	morphology	determiner_noun_agreement	Write a natural, coherent English sentence.
397	30	All actresses praise this hard thesis.	All actresses praise these hard thesis.	-79.0	-79.5	-9.875	-9.9375	True	True	morphology	determiner_noun_agreement	Write a natural, coherent English sentence.
398	30	David cleans that hard tooth.	David cleans those hard tooth.	-69.0	-69.0	-9.875	-9.875	False	False	morphology	determiner_noun_agreement	Write a natural, coherent English sentence.
399	30	Julia sounded like this uncertain person.	Julia sounded like these uncertain person.	-70.0	-70.5	-10.0	-10.0625	True	True	morphology	determiner_noun_agreement	Write a natural, coherent English sentence.
400	30	Those actors attacked that happy alumnus.	Those actors attacked those happy alumnus.	-89.5	-89.5	-9.9375	-9.9375	False	False	morphology	determiner_noun_agreement	Write a natural, coherent English sentence.
401	30	Eva hadn't admired these black fungi.	Eva hadn't admired this black fungi.	-108.5	-108.5	-9.875	-9.875	False	False	morphology	determiner_noun_agreement	Write a natural, coherent English sentence.
402	30	Many chairs aren't disgusting this unlucky child.	Many chairs aren't disgusting these unlucky child.	-127.0	-127.0	-9.75	-9.75	False	False	morphology	determiner_noun_agreement	Write a natural, coherent English sentence.
403	30	Those waiters break these rough teeth.	Those waiters break this rough teeth.	-79.5	-80.0	-9.9375	-10.0	True	True	morphology	determiner_noun_agreement	Write a natural, coherent English sentence.
404	30	Becca leaves this uncertain child.	Becca leaves these uncertain child.	-70.5	-70.5	-10.0625	-10.0625	False	False	morphology	determiner_noun_agreement	Write a natural, coherent English sentence.
405	30	Some steak disturbs these displeased children.	Some steak disturbs this displeased children.	-116.5	-117.0	-9.6875	-9.75	True	True	morphology	determiner_noun_agreement	Write a natural, coherent English sentence.
406	30	Christine wouldn't conceal this lost stimulus.	Christine wouldn't conceal these lost stimulus.	-117.5	-118.0	-9.8125	-9.8125	True	False	morphology	determiner_noun_agreement	Write a natural, coherent English sentence.
407	30	Every face irritates those unemployed alumni.	Every face irritates that unemployed alumni.	-105.5	-106.0	-9.5625	-9.625	True	True	morphology	determiner_noun_agreement	Write a natural, coherent English sentence.
408	30	Susan noticed that unlucky person.	Susan noticed those unlucky person.	-78.5	-79.0	-9.8125	-9.875	True	True	morphology	determiner_noun_agreement	Write a natural, coherent English sentence.
409	30	Some women drop by those concealed oases.	Some women drop by that concealed oases.	-99.0	-99.0	-9.875	-9.9375	False	True	morphology	determiner_noun_agreement	Write a natural, coherent English sentence.
410	30	The Clintons disagree with these serious men.	The Clintons disagree with this serious men.	-98.0	-98.5	-9.8125	-9.8125	True	False	morphology	determiner_noun_agreement	Write a natural, coherent English sentence.
411	30	Phillip discovers these busy women.	Phillip discovers this busy women.	-79.0	-79.0	-9.875	-9.875	False	False	morphology	determiner_noun_agreement	Write a natural, coherent English sentence.
412	30	Waiters investigate that hopeful woman.	Waiters investigate those hopeful woman.	-78.5	-79.0	-9.8125	-9.875	True	True	morphology	determiner_noun_agreement	Write a natural, coherent English sentence.
413	30	Regina hasn't found these white nuclei.	Regina hasn't found this white nuclei.	-117.5	-118.0	-9.8125	-9.8125	True	False	morphology	determiner_noun_agreement	Write a natural, coherent English sentence.
414	30	Irene scanned those purple theses.	Irene scanned that purple theses.	-89.0	-89.0	-9.875	-9.9375	False	True	morphology	determiner_noun_agreement	Write a natural, coherent English sentence.
415	30	A bank references those popular people.	A bank references that popular people.	-70.5	-70.5	-10.0625	-10.0625	False	False	morphology	determiner_noun_agreement	Write a natural, coherent English sentence.
416	30	Vincent tours this old oasis.	Vincent tours these old oasis.	-69.5	-70.0	-9.9375	-10.0	True	True	morphology	determiner_noun_agreement	Write a natural, coherent English sentence.
417	30	Alicia kisses that standing woman.	Alicia kisses those standing woman.	-88.0	-88.5	-9.8125	-9.8125	True	False	morphology	determiner_noun_agreement	Write a natural, coherent English sentence.
418	30	Some candles aren't boring those displeased men.	Some candles aren't boring that displeased men.	-127.5	-128.0	-9.8125	-9.8125	True	False	morphology	determiner_noun_agreement	Write a natural, coherent English sentence.
419	30	That teenager does care for this old alumnus.	That teenager does care for these old alumnus.	-108.0	-109.0	-9.8125	-9.9375	True	True	morphology	determiner_noun_agreement	Write a natural, coherent English sentence.
420	30	A lot of drawings weren't alarming that displeased man.	A lot of drawings weren't alarming those displeased man.	-145.0	-146.0	-9.6875	-9.6875	True	False	morphology	determiner_noun_agreement	Write a natural, coherent English sentence.
421	30	That face astounded that important woman.	That face astounded those important woman.	-88.0	-88.5	-9.8125	-9.875	True	True	morphology	determiner_noun_agreement	Write a natural, coherent English sentence.
422	30	Tiffany had approached these unemployed people.	Tiffany had approached this unemployed people.	-98.0	-98.5	-9.8125	-9.8125	True	False	morphology	determiner_noun_agreement	Write a natural, coherent English sentence.
423	30	Christina is passing these rough oases.	Christina is passing this rough oases.	-89.0	-89.0	-9.875	-9.875	False	False	morphology	determiner_noun_agreement	Write a natural, coherent English sentence.
424	30	Debra was praising those busy people.	Debra was praising that busy people.	-89.0	-89.0	-9.875	-9.875	False	False	morphology	determiner_noun_agreement	Write a natural, coherent English sentence.
425	30	The doctors didn't care for these scared children.	The doctors didn't care for this scared children.	-108.0	-108.0	-9.8125	-9.8125	False	False	morphology	determiner_noun_agreement	Write a natural, coherent English sentence.
426	30	Those ladders stun these small people.	Those ladders stun this small people.	-99.0	-99.5	-9.9375	-9.9375	True	False	morphology	determiner_noun_agreement	Write a natural, coherent English sentence.
427	30	Samuel isn't distracting these clever women.	Samuel isn't distracting this clever women.	-99.0	-99.0	-9.875	-9.9375	False	True	morphology	determiner_noun_agreement	Write a natural, coherent English sentence.
428	30	Lucille dropped by those new oases.	Lucille dropped by that new oases.	-89.0	-88.5	-9.875	-9.8125	False	False	morphology	determiner_noun_agreement	Write a natural, coherent English sentence.
429	30	A legislature should aggravate that busy child.	A legislature should aggravate those busy child.	-108.0	-108.0	-9.8125	-9.8125	False	False	morphology	determiner_noun_agreement	Write a natural, coherent English sentence.
430	30	Larry observed that lucky child.	Larry observed those lucky child.	-60.0	-60.5	-10.0	-10.0625	True	True	morphology	determiner_noun_agreement	Write a natural, coherent English sentence.
431	30	Lawrence wasn't approaching those troubled children.	Lawrence wasn't approaching that troubled children.	-98.5	-99.5	-9.875	-9.9375	True	True	morphology	determiner_noun_agreement	Write a natural, coherent English sentence.
432	30	Most libraries describe those delighted men.	Most libraries describe that delighted men.	-71.0	-71.0	-10.125	-10.125	False	False	morphology	determiner_noun_agreement	Write a natural, coherent English sentence.
433	30	The Impressionists alarms that sick child.	The Impressionists alarms those sick child.	-98.0	-98.5	-9.8125	-9.875	True	True	morphology	determiner_noun_agreement	Write a natural, coherent English sentence.
434	30	A lot of children have this exposed axis.	A lot of children have these exposed axis.	-89.0	-89.0	-9.875	-9.875	False	False	morphology	determiner_noun_agreement	Write a natural, coherent English sentence.
435	30	Melissa couldn't reveal that small man.	Melissa couldn't reveal those small man.	-98.0	-98.5	-9.8125	-9.875	True	True	morphology	determiner_noun_agreement	Write a natural, coherent English sentence.
436	30	These carriages won't impress those bad men.	These carriages won't impress that bad men.	-109.0	-109.5	-9.875	-9.9375	True	True	morphology	determiner_noun_agreement	Write a natural, coherent English sentence.
437	30	Many girls drop by that red oasis.	Many girls drop by those red oasis.	-89.5	-89.5	-9.9375	-9.9375	False	False	morphology	determiner_noun_agreement	Write a natural, coherent English sentence.
438	30	The Impressionists fled from this small woman.	The Impressionists fled from these small woman.	-97.0	-97.5	-9.6875	-9.75	True	True	morphology	determiner_noun_agreement	Write a natural, coherent English sentence.
439	30	Ann arrived at that blue oasis.	Ann arrived at those blue oasis.	-78.5	-79.0	-9.8125	-9.875	True	True	morphology	determiner_noun_agreement	Write a natural, coherent English sentence.
440	30	The sock isn't disturbing those lucky children.	The sock isn't disturbing that lucky children.	-108.0	-108.5	-9.8125	-9.875	True	True	morphology	determiner_noun_agreement	Write a natural, coherent English sentence.
441	30	Those socks were shocking those unlucky men.	Those socks were shocking that unlucky men.	-106.5	-107.5	-9.6875	-9.75	True	True	morphology	determiner_noun_agreement	Write a natural, coherent English sentence.
442	30	Christine wasn't walking through those cheap oases.	Christine wasn't walking through that cheap oases.	-118.5	-118.5	-9.875	-9.875	False	False	morphology	determiner_noun_agreement	Write a natural, coherent English sentence.
443	30	Mary appreciates those content women.	Mary appreciates that content women.	-69.0	-69.0	-9.8125	-9.8125	False	False	morphology	determiner_noun_agreement	Write a natural, coherent English sentence.
444	30	That lady didn't question this ill person.	That lady didn't question these ill person.	-99.0	-99.5	-9.9375	-9.9375	True	False	morphology	determiner_noun_agreement	Write a natural, coherent English sentence.
445	30	Most birds annoy this young woman.	Most birds annoy these young woman.	-69.0	-69.5	-9.8125	-9.9375	True	True	morphology	determiner_noun_agreement	Write a natural, coherent English sentence.
446	30	Amelia is kissing these content men.	Amelia is kissing this content men.	-88.0	-88.0	-9.8125	-9.8125	False	False	morphology	determiner_noun_agreement	Write a natural, coherent English sentence.
447	30	Judy isn't taking those standing oxen.	Judy isn't taking that standing oxen.	-108.5	-109.0	-9.875	-9.875	True	False	morphology	determiner_noun_agreement	Write a natural, coherent English sentence.
448	30	Irene is discussing those clever alumni.	Irene is discussing that clever alumni.	-98.5	-98.5	-9.875	-9.875	False	False	morphology	determiner_noun_agreement	Write a natural, coherent English sentence.
449	30	Danielle could describe these long analyses.	Danielle could describe this long analyses.	-88.5	-89.0	-9.875	-9.875	True	False	morphology	determiner_noun_agreement	Write a natural, coherent English sentence.
450	30	Eva hasn't praised that lucky woman.	Eva hasn't praised those lucky woman.	-89.5	-90.0	-9.9375	-10.0	True	True	morphology	determiner_noun_agreement	Write a natural, coherent English sentence.
451	30	Grace might observe that unlucky woman.	Grace might observe those unlucky woman.	-88.5	-89.0	-9.875	-9.9375	True	True	morphology	determiner_noun_agreement	Write a natural, coherent English sentence.
452	30	The Clintons bothered these clever people.	The Clintons bothered this clever people.	-89.0	-89.0	-9.875	-9.875	False	False	morphology	determiner_noun_agreement	Write a natural, coherent English sentence.
453	30	April hadn't embarrassed those employed alumni.	April hadn't embarrassed that employed alumni.	-108.5	-108.5	-9.875	-9.875	False	False	morphology	determiner_noun_agreement	Write a natural, coherent English sentence.
454	30	Marie shouldn't forget that happy man.	Marie shouldn't forget those happy man.	-89.0	-89.0	-9.875	-9.875	False	False	morphology	determiner_noun_agreement	Write a natural, coherent English sentence.
455	30	Renee isn't breaking that cheap foot.	Renee isn't breaking those cheap foot.	-109.0	-109.0	-9.875	-9.875	False	False	morphology	determiner_noun_agreement	Write a natural, coherent English sentence.
456	30	Monica shouldn't sell those new oases.	Monica shouldn't sell that new oases.	-108.5	-108.5	-9.875	-9.875	False	False	morphology	determiner_noun_agreement	Write a natural, coherent English sentence.
457	30	Every dancer has returned to that troubled man.	Every dancer has returned to those troubled man.	-107.5	-108.0	-9.75	-9.8125	True	True	morphology	determiner_noun_agreement	Write a natural, coherent English sentence.
458	30	Those dancers break those green teeth.	Those dancers break that green teeth.	-79.5	-80.0	-9.9375	-10.0	True	True	morphology	determiner_noun_agreement	Write a natural, coherent English sentence.
459	30	These teachers talk about these fast women.	These teachers talk about this fast women.	-79.5	-80.0	-9.9375	-10.0	True	True	morphology	determiner_noun_agreement	Write a natural, coherent English sentence.
460	30	Spain hasn't praised that happy man.	Spain hasn't praised those happy man.	-89.5	-90.0	-9.9375	-10.0	True	True	morphology	determiner_noun_agreement	Write a natural, coherent English sentence.
461	30	Monica does kiss those good people.	Monica does kiss that good people.	-78.5	-79.0	-9.8125	-9.875	True	True	morphology	determiner_noun_agreement	Write a natural, coherent English sentence.
462	30	Benjamin can boast about those busy men.	Benjamin can boast about that busy men.	-89.0	-89.5	-9.9375	-9.9375	True	False	morphology	determiner_noun_agreement	Write a natural, coherent English sentence.
463	30	Donald conceals this lost nucleus.	Donald conceals these lost nucleus.	-79.0	-79.5	-9.875	-9.9375	True	True	morphology	determiner_noun_agreement	Write a natural, coherent English sentence.
464	30	Gregory was embarrassing this big woman.	Gregory was embarrassing these big woman.	-80.0	-80.0	-10.0	-10.0	False	False	morphology	determiner_noun_agreement	Write a natural, coherent English sentence.
465	30	The waiter wasn't stunning that hidden child.	The waiter wasn't stunning those hidden child.	-108.5	-109.0	-9.875	-9.875	True	False	morphology	determiner_noun_agreement	Write a natural, coherent English sentence.
466	30	A lot of photographs haven't looked like this red stimulus.	A lot of photographs haven't looked like these red stimulus.	-136.0	-137.0	-9.75	-9.75	True	False	morphology	determiner_noun_agreement	Write a natural, coherent English sentence.
467	30	A patient fixed those cheap feet.	A patient fixed that cheap feet.	-70.5	-71.0	-10.0625	-10.1875	True	True	morphology	determiner_noun_agreement	Write a natural, coherent English sentence.
468	30	Many gates shouldn't astound these unsure alumni.	Many gates shouldn't astound this unsure alumni.	-137.0	-137.0	-9.75	-9.8125	False	True	morphology	determiner_noun_agreement	Write a natural, coherent English sentence.
469	30	That picture hasn't looked like these big men.	That picture hasn't looked like this big men.	-108.0	-108.0	-9.8125	-9.8125	False	False	morphology	determiner_noun_agreement	Write a natural, coherent English sentence.
470	30	These waitresses talk about this hidden thesis.	These waitresses talk about these hidden thesis.	-98.0	-98.5	-9.8125	-9.8125	True	False	morphology	determiner_noun_agreement	Write a natural, coherent English sentence.
471	30	Stacy concealed those gray axes.	Stacy concealed that gray axes.	-89.0	-89.5	-9.9375	-9.9375	True	False	morphology	determiner_noun_agreement	Write a natural, coherent English sentence.
472	30	Nicole remembers those serious alumni.	Nicole remembers that serious alumni.	-88.5	-88.5	-9.8125	-9.8125	False	False	morphology	determiner_noun_agreement	Write a natural, coherent English sentence.
473	30	Leslie hadn't gone to that small oasis.	Leslie hadn't gone to those small oasis.	-116.0	-116.5	-9.6875	-9.75	True	True	morphology	determiner_noun_agreement	Write a natural, coherent English sentence.
474	30	Joel wasn't praising this ill person.	Joel wasn't praising these ill person.	-99.5	-100.0	-9.9375	-10.0	True	True	morphology	determiner_noun_agreement	Write a natural, coherent English sentence.
475	30	These drivers embarrasses this young alumnus.	These drivers embarrasses these young alumnus.	-98.0	-98.5	-9.8125	-9.875	True	True	morphology	determiner_noun_agreement	Write a natural, coherent English sentence.
476	30	Beef bores that delighted woman.	Beef bores those delighted woman.	-79.5	-80.0	-9.9375	-10.0	True	True	morphology	determiner_noun_agreement	Write a natural, coherent English sentence.
477	30	Mitchell goes to this gray oasis.	Mitchell goes to these gray oasis.	-79.0	-79.5	-9.875	-9.9375	True	True	morphology	determiner_noun_agreement	Write a natural, coherent English sentence.
478	30	The mouth bores these upset men.	The mouth bores this upset men.	-80.5	-80.5	-10.0625	-10.0625	False	False	morphology	determiner_noun_agreement	Write a natural, coherent English sentence.
479	30	Most legislatures discuss those good people.	Most legislatures discuss that good people.	-79.5	-80.0	-9.9375	-10.0	True	True	morphology	determiner_noun_agreement	Write a natural, coherent English sentence.
480	30	The boys mess up those purple feet.	The boys mess up that purple feet.	-79.5	-80.0	-9.9375	-10.0	True	True	morphology	determiner_noun_agreement	Write a natural, coherent English sentence.
481	30	Cashiers describe these fast children.	Cashiers describe this fast children.	-69.5	-70.0	-9.9375	-9.9375	True	False	morphology	determiner_noun_agreement	Write a natural, coherent English sentence.
482	30	Roger has fired those unconvinced men.	Roger has fired that unconvinced men.	-98.5	-99.5	-9.875	-9.9375	True	True	morphology	determiner_noun_agreement	Write a natural, coherent English sentence.
483	30	Amy wasn't kissing this content man.	Amy wasn't kissing these content man.	-98.0	-98.5	-9.75	-9.875	True	True	morphology	determiner_noun_agreement	Write a natural, coherent English sentence.
484	30	Every dancer hadn't praised those good analyses.	Every dancer hadn't praised that good analyses.	-118.5	-119.0	-9.875	-9.9375	True	True	morphology	determiner_noun_agreement	Write a natural, coherent English sentence.
485	30	Rhonda wasn't hiding those red mice.	Rhonda wasn't hiding that red mice.	-108.5	-108.5	-9.875	-9.875	False	False	morphology	determiner_noun_agreement	Write a natural, coherent English sentence.
486	30	Every pedestrian talks about that bad synopsis.	Every pedestrian talks about those bad synopsis.	-97.5	-97.5	-9.75	-9.75	False	False	morphology	determiner_noun_agreement	Write a natural, coherent English sentence.
487	30	The fish shocks these old alumni.	The fish shocks this old alumni.	-97.5	-97.5	-9.75	-9.75	False	False	morphology	determiner_noun_agreement	Write a natural, coherent English sentence.
488	30	Those waitresses visited those scared alumni.	Those waitresses visited that scared alumni.	-107.0	-107.5	-9.6875	-9.75	True	True	morphology	determiner_noun_agreement	Write a natural, coherent English sentence.
489	30	That library was listening to this nice man.	That library was listening to these nice man.	-88.5	-89.0	-9.8125	-9.875	True	True	morphology	determiner_noun_agreement	Write a natural, coherent English sentence.
490	30	Steve wasn't bringing that blue stimulus.	Steve wasn't bringing those blue stimulus.	-99.5	-99.0	-9.9375	-9.875	False	False	morphology	determiner_noun_agreement	Write a natural, coherent English sentence.
491	30	Some guest was hiring that scared woman.	Some guest was hiring those scared woman.	-80.5	-81.0	-10.0625	-10.125	True	True	morphology	determiner_noun_agreement	Write a natural, coherent English sentence.
492	30	The spotlights upset this unconvinced alumnus.	The spotlights upset these unconvinced alumnus.	-125.5	-126.0	-9.625	-9.6875	True	True	morphology	determiner_noun_agreement	Write a natural, coherent English sentence.
493	30	Todd might observe this lost man.	Todd might observe these lost man.	-70.0	-70.5	-10.0625	-10.0625	True	False	morphology	determiner_noun_agreement	Write a natural, coherent English sentence.
494	30	People could describe that unconvinced person.	People could describe those unconvinced person.	-98.5	-99.0	-9.875	-9.875	True	False	morphology	determiner_noun_agreement	Write a natural, coherent English sentence.
495	30	That waiter had astounded these lucky people.	That waiter had astounded this lucky people.	-107.5	-108.0	-9.75	-9.8125	True	True	morphology	determiner_noun_agreement	Write a natural, coherent English sentence.
496	30	Kendra disgusted these confident women.	Kendra disgusted this confident women.	-89.5	-90.0	-9.9375	-10.0	True	True	morphology	determiner_noun_agreement	Write a natural, coherent English sentence.
497	30	Spain hasn't annoyed those old people.	Spain hasn't annoyed that old people.	-98.0	-98.0	-9.8125	-9.8125	False	False	morphology	determiner_noun_agreement	Write a natural, coherent English sentence.
498	30	Steve kisses these out in the open people.	Steve kisses this out in the open people.	-97.5	-97.5	-9.75	-9.75	False	False	morphology	determiner_noun_agreement	Write a natural, coherent English sentence.
499	30	Wayne kissed those unconvinced men.	Wayne kissed that unconvinced men.	-89.0	-89.0	-9.875	-9.9375	False	True	morphology	determiner_noun_agreement	Write a natural, coherent English sentence.
500	30	Douglas has brought those lost cacti.	Douglas has brought that lost cacti.	-89.0	-89.0	-9.875	-9.875	False	False	morphology	determiner_noun_agreement	Write a natural, coherent English sentence.
501	30	Tammy can't reveal that big alumnus.	Tammy can't reveal those big alumnus.	-118.0	-118.5	-9.8125	-9.875	True	True	morphology	determiner_noun_agreement	Write a natural, coherent English sentence.
502	30	Deborah fled from those standing children.	Deborah fled from that standing children.	-87.0	-88.0	-9.6875	-9.75	True	True	morphology	determiner_noun_agreement	Write a natural, coherent English sentence.
503	30	A man wasn't cleaning that hard fungus.	A man wasn't cleaning those hard fungus.	-118.0	-118.0	-9.8125	-9.8125	False	False	morphology	determiner_noun_agreement	Write a natural, coherent English sentence.
504	30	Danielle has broken those gray teeth.	Danielle has broken that gray teeth.	-79.0	-79.0	-9.875	-9.875	False	False	morphology	determiner_noun_agreement	Write a natural, coherent English sentence.
505	30	Derek praised this big thesis.	Derek praised these big thesis.	-70.5	-70.5	-10.0625	-10.125	False	True	morphology	determiner_noun_agreement	Write a natural, coherent English sentence.
506	30	Gary has disgusted those unsure people.	Gary has disgusted that unsure people.	-89.5	-89.5	-9.9375	-9.9375	False	False	morphology	determiner_noun_agreement	Write a natural, coherent English sentence.
507	30	A senator insulted this bad synopsis.	A senator insulted these bad synopsis.	-98.0	-98.0	-9.75	-9.8125	False	True	morphology	determiner_noun_agreement	Write a natural, coherent English sentence.
508	30	A lot of drivers visit these purple oases.	A lot of drivers visit this purple oases.	-99.0	-99.0	-9.875	-9.875	False	False	morphology	determiner_noun_agreement	Write a natural, coherent English sentence.
509	30	Richard isn't attacking this fast child.	Richard isn't attacking these fast child.	-89.5	-90.0	-9.9375	-10.0	True	True	morphology	determiner_noun_agreement	Write a natural, coherent English sentence.
510	30	Frank shocked that unsure man.	Frank shocked those unsure man.	-71.0	-70.5	-10.1875	-10.0625	False	False	morphology	determiner_noun_agreement	Write a natural, coherent English sentence.
511	30	Brett returned to that confident man.	Brett returned to those confident man.	-79.5	-80.0	-9.9375	-10.0	True	True	morphology	determiner_noun_agreement	Write a natural, coherent English sentence.
512	30	Many ladies weren't passing these old oases.	Many ladies weren't passing this old oases.	-109.5	-110.0	-9.9375	-10.0	True	True	morphology	determiner_noun_agreement	Write a natural, coherent English sentence.
513	30	A waiter brought those purple teeth.	A waiter brought that purple teeth.	-78.5	-78.5	-9.8125	-9.8125	False	False	morphology	determiner_noun_agreement	Write a natural, coherent English sentence.
514	30	Beverly has fired this fast alumnus.	Beverly has fired these fast alumnus.	-99.5	-99.5	-9.9375	-9.9375	False	False	morphology	determiner_noun_agreement	Write a natural, coherent English sentence.
515	30	Men haven't observed that standing man.	Men haven't observed those standing man.	-89.5	-89.5	-9.9375	-9.9375	False	False	morphology	determiner_noun_agreement	Write a natural, coherent English sentence.
516	30	Tiffany admired this ill child.	Tiffany admired these ill child.	-88.0	-88.5	-9.8125	-9.8125	True	False	morphology	determiner_noun_agreement	Write a natural, coherent English sentence.
517	30	That patient didn't love that unemployed alumnus.	That patient didn't love those unemployed alumnus.	-127.0	-127.0	-9.8125	-9.8125	False	False	morphology	determiner_noun_agreement	Write a natural, coherent English sentence.
518	30	Aaron reveals that red tooth.	Aaron reveals those red tooth.	-60.75	-61.25	-10.125	-10.1875	True	True	morphology	determiner_noun_agreement	Write a natural, coherent English sentence.
519	30	Monica was insulting those bad people.	Monica was insulting that bad people.	-88.0	-88.5	-9.75	-9.8125	True	True	morphology	determiner_noun_agreement	Write a natural, coherent English sentence.
520	30	These teenagers watch that old alumnus.	These teenagers watch those old alumnus.	-97.0	-97.0	-9.6875	-9.6875	False	False	morphology	determiner_noun_agreement	Write a natural, coherent English sentence.
521	30	Tina might confuse this exposed child.	Tina might confuse these exposed child.	-89.5	-90.0	-9.9375	-10.0	True	True	morphology	determiner_noun_agreement	Write a natural, coherent English sentence.
522	30	A face was confusing that nice woman.	A face was confusing those nice woman.	-80.0	-80.5	-10.0	-10.0625	True	True	morphology	determiner_noun_agreement	Write a natural, coherent English sentence.
523	30	An adult researches that good analysis.	An adult researches those good analysis.	-97.0	-97.5	-9.75	-9.75	True	False	morphology	determiner_noun_agreement	Write a natural, coherent English sentence.
524	30	Some broccoli isn't annoying these unconvinced women.	Some broccoli isn't annoying this unconvinced women.	-145.0	-146.0	-9.6875	-9.6875	True	False	morphology	determiner_noun_agreement	Write a natural, coherent English sentence.
525	30	Nancy talks about these content children.	Nancy talks about this content children.	-70.0	-69.5	-10.0	-9.9375	False	False	morphology	determiner_noun_agreement	Write a natural, coherent English sentence.
526	30	Regina found this lost ox.	Regina found these lost ox.	-79.0	-79.0	-9.875	-9.875	False	False	morphology	determiner_noun_agreement	Write a natural, coherent English sentence.
527	30	Emily had respected that clever man.	Emily had respected those clever man.	-70.0	-70.5	-10.0	-10.0625	True	True	morphology	determiner_noun_agreement	Write a natural, coherent English sentence.
528	30	Kathleen has worked with this confident man.	Kathleen has worked with these confident man.	-88.0	-88.5	-9.8125	-9.8125	True	False	morphology	determiner_noun_agreement	Write a natural, coherent English sentence.
529	30	Most customers are distracting these determined children.	Most customers are distracting this determined children.	-89.0	-89.0	-9.875	-9.9375	False	True	morphology	determiner_noun_agreement	Write a natural, coherent English sentence.
530	30	Rachelle didn't cure this black octopus.	Rachelle didn't cure these black octopus.	-116.0	-117.0	-9.6875	-9.75	True	True	morphology	determiner_noun_agreement	Write a natural, coherent English sentence.
531	30	Steven hugs these standing men.	Steven hugs this standing men.	-70.0	-70.0	-9.9375	-10.0	False	True	morphology	determiner_noun_agreement	Write a natural, coherent English sentence.
532	30	Every popsicle shocked those excited men.	Every popsicle shocked that excited men.	-89.0	-90.0	-9.875	-10.0	True	True	morphology	determiner_noun_agreement	Write a natural, coherent English sentence.
533	30	Sonia lifts that new oasis.	Sonia lifts those new oasis.	-88.5	-88.5	-9.8125	-9.875	False	True	morphology	determiner_noun_agreement	Write a natural, coherent English sentence.
534	30	Cheryl might tour that purple oasis.	Cheryl might tour those purple oasis.	-89.0	-89.0	-9.875	-9.9375	False	True	morphology	determiner_noun_agreement	Write a natural, coherent English sentence.
535	30	This doctor appreciates this bad child.	This doctor appreciates these bad child.	-79.0	-79.0	-9.875	-9.875	False	False	morphology	determiner_noun_agreement	Write a natural, coherent English sentence.
536	30	Leslie breaks those red feet.	Leslie breaks that red feet.	-69.0	-69.5	-9.875	-9.9375	True	True	morphology	determiner_noun_agreement	Write a natural, coherent English sentence.
537	30	Bethany hasn't hidden that yellow louse.	Bethany hasn't hidden those yellow louse.	-108.5	-109.0	-9.875	-9.875	True	False	morphology	determiner_noun_agreement	Write a natural, coherent English sentence.
538	30	Some people have criticized this brown thesis.	Some people have criticized these brown thesis.	-87.5	-88.0	-9.75	-9.75	True	False	morphology	determiner_noun_agreement	Write a natural, coherent English sentence.
539	30	Noah heals this determined child.	Noah heals these determined child.	-70.5	-70.5	-10.0625	-10.125	False	True	morphology	determiner_noun_agreement	Write a natural, coherent English sentence.
540	30	Kevin biked to those big oases.	Kevin biked to that big oases.	-97.0	-97.0	-9.6875	-9.6875	False	False	morphology	determiner_noun_agreement	Write a natural, coherent English sentence.
541	30	Wayne hadn't bored these sick men.	Wayne hadn't bored this sick men.	-90.5	-90.5	-10.0625	-10.0625	False	False	morphology	determiner_noun_agreement	Write a natural, coherent English sentence.
542	30	Amy returns to those young alumni.	Amy returns to that young alumni.	-88.0	-89.0	-9.8125	-9.875	True	True	morphology	determiner_noun_agreement	Write a natural, coherent English sentence.
543	30	That gate did aggravate this excited woman.	That gate did aggravate these excited woman.	-98.5	-98.5	-9.8125	-9.875	False	True	morphology	determiner_noun_agreement	Write a natural, coherent English sentence.
544	30	Melissa observes that bad child.	Melissa observes those bad child.	-78.5	-79.0	-9.8125	-9.875	True	True	morphology	determiner_noun_agreement	Write a natural, coherent English sentence.
545	30	Kathleen wasn't scanning those long synopses.	Kathleen wasn't scanning that long synopses.	-126.5	-127.0	-9.75	-9.75	True	False	morphology	determiner_noun_agreement	Write a natural, coherent English sentence.
546	30	That guy dropped by these white oases.	That guy dropped by this white oases.	-89.0	-89.0	-9.9375	-9.9375	False	False	morphology	determiner_noun_agreement	Write a natural, coherent English sentence.
547	30	Every child might fire this serious child.	Every child might fire these serious child.	-80.5	-80.5	-10.0625	-10.0625	False	False	morphology	determiner_noun_agreement	Write a natural, coherent English sentence.
548	30	Meredith had concealed that black thesis.	Meredith had concealed those black thesis.	-98.5	-98.5	-9.8125	-9.8125	False	False	morphology	determiner_noun_agreement	Write a natural, coherent English sentence.
549	30	Randolf didn't see these blue teeth.	Randolf didn't see this blue teeth.	-99.0	-99.0	-9.875	-9.875	False	False	morphology	determiner_noun_agreement	Write a natural, coherent English sentence.
550	30	Some guy passes that rough oasis.	Some guy passes those rough oasis.	-80.5	-80.5	-10.0625	-10.0625	False	False	morphology	determiner_noun_agreement	Write a natural, coherent English sentence.
551	30	Guys hurts that smart man.	Guys hurts those smart man.	-80.0	-80.0	-10.0	-10.0	False	False	morphology	determiner_noun_agreement	Write a natural, coherent English sentence.
552	30	Many museums should describe this fast man.	Many museums should describe these fast man.	-88.5	-89.0	-9.8125	-9.875	True	True	morphology	determiner_noun_agreement	Write a natural, coherent English sentence.
553	30	A lot of chairs haven't embarrassed this serious man.	A lot of chairs haven't embarrassed these serious man.	-118.0	-118.5	-9.8125	-9.875	True	True	morphology	determiner_noun_agreement	Write a natural, coherent English sentence.
554	30	Emily talked about that ill alumnus.	Emily talked about those ill alumnus.	-88.5	-89.0	-9.8125	-9.875	True	True	morphology	determiner_noun_agreement	Write a natural, coherent English sentence.
555	30	A lot of girls notice these black lice.	A lot of girls notice this black lice.	-99.0	-99.0	-9.875	-9.875	False	False	morphology	determiner_noun_agreement	Write a natural, coherent English sentence.
556	30	Those schools reference that green thesis.	Those schools reference those green thesis.	-70.5	-71.0	-10.125	-10.125	True	False	morphology	determiner_noun_agreement	Write a natural, coherent English sentence.
557	30	Bradley had bored this delighted alumnus.	Bradley had bored these delighted alumnus.	-98.0	-98.5	-9.8125	-9.8125	True	False	morphology	determiner_noun_agreement	Write a natural, coherent English sentence.
558	30	Melinda scares this good woman.	Melinda scares these good woman.	-80.0	-80.0	-10.0	-10.0	False	False	morphology	determiner_noun_agreement	Write a natural, coherent English sentence.
559	30	Those pedestrians go to those big oases.	Those pedestrians go to that big oases.	-108.5	-108.5	-9.875	-9.875	False	False	morphology	determiner_noun_agreement	Write a natural, coherent English sentence.
560	30	Many doctors escaped from that lost child.	Many doctors escaped from those lost child.	-80.0	-80.0	-10.0	-10.0	False	False	morphology	determiner_noun_agreement	Write a natural, coherent English sentence.
561	30	Tamara isn't revealing that orange ox.	Tamara isn't revealing those orange ox.	-99.0	-99.0	-9.875	-9.9375	False	True	morphology	determiner_noun_agreement	Write a natural, coherent English sentence.
562	30	Many patients arrive at that hidden oasis.	Many patients arrive at those hidden oasis.	-86.0	-87.0	-9.5625	-9.625	True	True	morphology	determiner_noun_agreement	Write a natural, coherent English sentence.
563	30	Beth leaves these happy children.	Beth leaves this happy children.	-60.25	-60.5	-10.0625	-10.125	True	True	morphology	determiner_noun_agreement	Write a natural, coherent English sentence.
564	30	Deanna broke that yellow foot.	Deanna broke those yellow foot.	-70.0	-70.0	-10.0	-10.0	False	False	morphology	determiner_noun_agreement	Write a natural, coherent English sentence.
565	30	Jessica had talked to that concealed man.	Jessica had talked to those concealed man.	-88.5	-89.0	-9.8125	-9.9375	True	True	morphology	determiner_noun_agreement	Write a natural, coherent English sentence.
566	30	Those actors praise those long synopses.	Those actors praise that long synopses.	-88.5	-89.5	-9.875	-9.9375	True	True	morphology	determiner_noun_agreement	Write a natural, coherent English sentence.
567	30	This coat hasn't astounded these popular men.	This coat hasn't astounded this popular men.	-117.0	-117.5	-9.75	-9.8125	True	True	morphology	determiner_noun_agreement	Write a natural, coherent English sentence.
568	30	Wendy does talk to this scared alumnus.	Wendy does talk to these scared alumnus.	-108.0	-108.0	-9.8125	-9.8125	False	False	morphology	determiner_noun_agreement	Write a natural, coherent English sentence.
569	30	Christine is questioning these happy men.	Christine is questioning this happy men.	-79.0	-79.5	-9.875	-9.9375	True	True	morphology	determiner_noun_agreement	Write a natural, coherent English sentence.
570	30	All doctors loved that displeased man.	All doctors loved those displeased man.	-89.0	-89.5	-9.875	-9.9375	True	True	morphology	determiner_noun_agreement	Write a natural, coherent English sentence.
571	30	Waitresses researched these long synopses.	Waitresses researched this long synopses.	-124.5	-125.0	-9.5625	-9.625	True	True	morphology	determiner_noun_agreement	Write a natural, coherent English sentence.
572	30	Alexander can flee from this nice woman.	Alexander can flee from these nice woman.	-88.5	-89.0	-9.875	-9.9375	True	True	morphology	determiner_noun_agreement	Write a natural, coherent English sentence.
573	30	Walter hadn't hated this fast man.	Walter hadn't hated these fast man.	-90.0	-90.0	-10.0	-10.0	False	False	morphology	determiner_noun_agreement	Write a natural, coherent English sentence.
574	30	Those cashiers buy those smooth lice.	Those cashiers buy that smooth lice.	-89.0	-89.5	-9.9375	-9.9375	True	False	morphology	determiner_noun_agreement	Write a natural, coherent English sentence.
575	30	Sonia hid that determined child.	Sonia hid those determined child.	-70.5	-70.5	-10.0625	-10.0625	False	False	morphology	determiner_noun_agreement	Write a natural, coherent English sentence.
576	30	Barbara is observing that excited person.	Barbara is observing those excited person.	-78.5	-78.5	-9.8125	-9.8125	False	False	morphology	determiner_noun_agreement	Write a natural, coherent English sentence.
577	30	That company stuns these unconvinced women.	That company stuns this unconvinced women.	-108.5	-108.5	-9.875	-9.875	False	False	morphology	determiner_noun_agreement	Write a natural, coherent English sentence.
578	30	Paul thought about those bad theses.	Paul thought about that bad theses.	-80.0	-80.0	-10.0	-10.0	False	False	morphology	determiner_noun_agreement	Write a natural, coherent English sentence.
579	30	Victoria escaped from these displeased children.	Victoria escaped from this displeased children.	-88.5	-89.0	-9.8125	-9.875	True	True	morphology	determiner_noun_agreement	Write a natural, coherent English sentence.
580	30	Brad notices this big octopus.	Brad notices these big octopus.	-86.0	-86.5	-9.5625	-9.625	True	True	morphology	determiner_noun_agreement	Write a natural, coherent English sentence.
581	30	Adam is praising those yellow theses.	Adam is praising that yellow theses.	-89.0	-89.5	-9.875	-9.9375	True	True	morphology	determiner_noun_agreement	Write a natural, coherent English sentence.
582	30	Douglas did tour those hidden oases.	Douglas did tour that hidden oases.	-79.5	-79.5	-9.9375	-9.9375	False	False	morphology	determiner_noun_agreement	Write a natural, coherent English sentence.
583	30	Gerald couldn't know these happy men.	Gerald couldn't know this happy men.	-99.0	-99.0	-9.875	-9.9375	False	True	morphology	determiner_noun_agreement	Write a natural, coherent English sentence.
584	30	Those women hug that smart man.	Those women hug those smart man.	-69.5	-69.5	-9.9375	-9.9375	False	False	morphology	determiner_noun_agreement	Write a natural, coherent English sentence.
585	30	These senators wouldn't forget that long synopsis.	These senators wouldn't forget those long synopsis.	-118.0	-118.5	-9.875	-9.875	True	False	morphology	determiner_noun_agreement	Write a natural, coherent English sentence.
586	30	Edward took those lost stimuli.	Edward took that lost stimuli.	-70.0	-70.0	-10.0	-10.0	False	False	morphology	determiner_noun_agreement	Write a natural, coherent English sentence.
587	30	The waitresses did know this lucky person.	The waitresses did know these lucky person.	-97.5	-98.0	-9.75	-9.8125	True	True	morphology	determiner_noun_agreement	Write a natural, coherent English sentence.
588	30	That library might love this important person.	That library might love these important person.	-80.0	-80.0	-10.0	-10.0	False	False	morphology	determiner_noun_agreement	Write a natural, coherent English sentence.
589	30	Carrie was healing this gray octopus.	Carrie was healing these gray octopus.	-97.0	-98.0	-9.6875	-9.75	True	True	morphology	determiner_noun_agreement	Write a natural, coherent English sentence.
590	30	Sonia hadn't cleaned those gray teeth.	Sonia hadn't cleaned that gray teeth.	-99.0	-99.0	-9.9375	-9.875	False	False	morphology	determiner_noun_agreement	Write a natural, coherent English sentence.
591	30	The Lutherans alarmed this confident woman.	The Lutherans alarmed these confident woman.	-89.0	-89.5	-9.875	-9.9375	True	True	morphology	determiner_noun_agreement	Write a natural, coherent English sentence.
592	30	This shirt impressed those popular people.	This shirt impressed that popular people.	-70.0	-70.0	-9.9375	-10.0	False	True	morphology	determiner_noun_agreement	Write a natural, coherent English sentence.
593	30	Some schools love that employed person.	Some schools love those employed person.	-70.0	-70.5	-10.0	-10.0625	True	True	morphology	determiner_noun_agreement	Write a natural, coherent English sentence.
594	30	Valerie hasn't known this young child.	Valerie hasn't known these young child.	-98.5	-98.5	-9.875	-9.875	False	False	morphology	determiner_noun_agreement	Write a natural, coherent English sentence.
595	30	Scott respected those displeased men.	Scott respected that displeased men.	-80.0	-80.0	-10.0	-10.0	False	False	morphology	determiner_noun_agreement	Write a natural, coherent English sentence.
596	30	The ladies work with those lost children.	The ladies work with that lost children.	-79.5	-79.5	-9.9375	-9.9375	False	False	morphology	determiner_noun_agreement	Write a natural, coherent English sentence.
597	30	Dawn had biked to this small oasis.	Dawn had biked to these small oasis.	-114.5	-115.5	-9.5625	-9.625	True	True	morphology	determiner_noun_agreement	Write a natural, coherent English sentence.
598	30	Samantha would explore that gray oasis.	Samantha would explore those gray oasis.	-96.5	-96.5	-9.625	-9.6875	False	True	morphology	determiner_noun_agreement	Write a natural, coherent English sentence.
599	30	All steps upset those unemployed men.	All steps upset that unemployed men.	-78.5	-79.5	-9.8125	-9.9375	True	True	morphology	determiner_noun_agreement	Write a natural, coherent English sentence.
600	30	Marla has described that unemployed woman.	Marla has described those unemployed woman.	-89.0	-89.5	-9.875	-9.9375	True	True	morphology	determiner_noun_agreement	Write a natural, coherent English sentence.
601	30	Most universities bore those excited children.	Most universities bore that excited children.	-70.5	-71.0	-10.0625	-10.125	True	True	morphology	determiner_noun_agreement	Write a natural, coherent English sentence.
602	30	These banks should reference that purple thesis.	These banks should reference those purple thesis.	-80.0	-80.5	-10.0	-10.0625	True	True	morphology	determiner_noun_agreement	Write a natural, coherent English sentence.
603	30	Sherry brought those concealed geese.	Sherry brought that concealed geese.	-88.5	-89.0	-9.875	-9.875	True	False	morphology	determiner_noun_agreement	Write a natural, coherent English sentence.
604	30	Many pedestrians complain about these long analyses.	Many pedestrians complain about this long analyses.	-105.5	-106.0	-9.625	-9.625	True	False	morphology	determiner_noun_agreement	Write a natural, coherent English sentence.
605	30	Theresa fixed these small teeth.	Theresa fixed this small teeth.	-69.0	-69.0	-9.875	-9.875	False	False	morphology	determiner_noun_agreement	Write a natural, coherent English sentence.
606	30	This lake disturbed those unconvinced men.	This lake disturbed that unconvinced men.	-108.0	-108.0	-9.8125	-9.8125	False	False	morphology	determiner_noun_agreement	Write a natural, coherent English sentence.
607	30	Catherine was talking about those bad synopses.	Catherine was talking about that bad synopses.	-98.5	-98.5	-9.875	-9.875	False	False	morphology	determiner_noun_agreement	Write a natural, coherent English sentence.
608	30	Alicia had escaped from these hidden men.	Alicia had escaped from this hidden men.	-98.0	-98.0	-9.8125	-9.8125	False	False	morphology	determiner_noun_agreement	Write a natural, coherent English sentence.
609	30	Natalie hasn't worked with this confident woman.	Natalie hasn't worked with these confident woman.	-107.5	-108.0	-9.75	-9.8125	True	True	morphology	determiner_noun_agreement	Write a natural, coherent English sentence.
610	30	Amelia annoyed this smart man.	Amelia annoyed these smart man.	-78.0	-78.5	-9.75	-9.8125	True	True	morphology	determiner_noun_agreement	Write a natural, coherent English sentence.
611	30	Every guest is irritating this serious child.	Every guest is irritating these serious child.	-89.5	-89.5	-9.9375	-9.9375	False	False	morphology	determiner_noun_agreement	Write a natural, coherent English sentence.
612	30	All reports annoyed this hopeful person.	All reports annoyed these hopeful person.	-87.5	-88.0	-9.75	-9.75	True	False	morphology	determiner_noun_agreement	Write a natural, coherent English sentence.
613	30	These women break those orange teeth.	These women break that orange teeth.	-70.0	-70.5	-10.0625	-10.0625	True	False	morphology	determiner_noun_agreement	Write a natural, coherent English sentence.
614	30	Christopher could shock this excited child.	Christopher could shock these excited child.	-71.0	-71.0	-10.125	-10.125	False	False	morphology	determiner_noun_agreement	Write a natural, coherent English sentence.
615	30	This spotlight hasn't disgusted that employed child.	This spotlight hasn't disgusted those employed child.	-119.0	-118.5	-9.875	-9.875	False	False	morphology	determiner_noun_agreement	Write a natural, coherent English sentence.
616	30	Samantha fled from that busy child.	Samantha fled from those busy child.	-87.0	-87.0	-9.625	-9.6875	False	True	morphology	determiner_noun_agreement	Write a natural, coherent English sentence.
617	30	Lucille arrived at that hard oasis.	Lucille arrived at those hard oasis.	-88.0	-88.5	-9.8125	-9.8125	True	False	morphology	determiner_noun_agreement	Write a natural, coherent English sentence.
618	30	All teachers see those yellow lice.	All teachers see that yellow lice.	-79.5	-79.5	-9.9375	-9.9375	False	False	morphology	determiner_noun_agreement	Write a natural, coherent English sentence.
619	30	Some photographs haven't looked like these small octopi.	Some photographs haven't looked like this small octopi.	-127.5	-127.0	-9.8125	-9.8125	False	False	morphology	determiner_noun_agreement	Write a natural, coherent English sentence.
620	30	Danielle brought those blue feet.	Danielle brought that blue feet.	-69.5	-70.0	-9.9375	-10.0	True	True	morphology	determiner_noun_agreement	Write a natural, coherent English sentence.
621	30	Todd hadn't left those exposed men.	Todd hadn't left that exposed men.	-90.0	-90.0	-10.0	-10.0	False	False	morphology	determiner_noun_agreement	Write a natural, coherent English sentence.
622	30	Some doctors embarrasses those delighted alumni.	Some doctors embarrasses that delighted alumni.	-99.0	-99.0	-9.875	-9.875	False	False	morphology	determiner_noun_agreement	Write a natural, coherent English sentence.
623	30	The actresses forget that unemployed alumnus.	The actresses forget those unemployed alumnus.	-106.5	-106.5	-9.6875	-9.6875	False	False	morphology	determiner_noun_agreement	Write a natural, coherent English sentence.
624	30	A lot of socks alarm this unsure alumnus.	A lot of socks alarm these unsure alumnus.	-118.0	-118.0	-9.8125	-9.8125	False	False	morphology	determiner_noun_agreement	Write a natural, coherent English sentence.
625	30	The customers are thinking about that busy child.	The customers are thinking about those busy child.	-89.0	-89.0	-9.875	-9.875	False	False	morphology	determiner_noun_agreement	Write a natural, coherent English sentence.
626	30	Kristin wasn't kissing those small men.	Kristin wasn't kissing that small men.	-107.5	-108.0	-9.8125	-9.8125	True	False	morphology	determiner_noun_agreement	Write a natural, coherent English sentence.
627	30	Omar hasn't broken this broken foot.	Omar hasn't broken these broken foot.	-99.0	-99.0	-9.875	-9.875	False	False	morphology	determiner_noun_agreement	Write a natural, coherent English sentence.
628	30	The actress worked with this nice woman.	The actress worked with these nice woman.	-79.5	-80.0	-9.9375	-10.0	True	True	morphology	determiner_noun_agreement	Write a natural, coherent English sentence.
629	30	Patients insult these happy people.	Patients insult this happy people.	-69.5	-70.0	-9.9375	-10.0	True	True	morphology	determiner_noun_agreement	Write a natural, coherent English sentence.
630	30	Spain bought those orange lice.	Spain bought that orange lice.	-70.0	-70.0	-10.0	-10.0	False	False	morphology	determiner_noun_agreement	Write a natural, coherent English sentence.
631	30	Those waiters didn't kiss this unlucky child.	Those waiters didn't kiss these unlucky child.	-126.5	-127.5	-9.75	-9.8125	True	True	morphology	determiner_noun_agreement	Write a natural, coherent English sentence.
632	30	Jennifer isn't touring these old oases.	Jennifer isn't touring this old oases.	-108.0	-108.0	-9.8125	-9.8125	False	False	morphology	determiner_noun_agreement	Write a natural, coherent English sentence.
633	30	Glaciers upset this small child.	Glaciers upset these small child.	-78.5	-78.5	-9.8125	-9.8125	False	False	morphology	determiner_noun_agreement	Write a natural, coherent English sentence.
634	30	John investigated these old men.	John investigated this old men.	-60.0	-59.5	-10.0	-9.9375	False	False	morphology	determiner_noun_agreement	Write a natural, coherent English sentence.
635	30	Some doctors hated these yellow theses.	Some doctors hated this yellow theses.	-80.0	-80.5	-10.0	-10.0625	True	True	morphology	determiner_noun_agreement	Write a natural, coherent English sentence.
636	30	Linda described that clever man.	Linda described those clever man.	-60.0	-60.0	-10.0	-10.0	False	False	morphology	determiner_noun_agreement	Write a natural, coherent English sentence.
637	30	Many drawings are looking like these excited women.	Many drawings are looking like this excited women.	-90.0	-90.0	-10.0	-10.0	False	False	morphology	determiner_noun_agreement	Write a natural, coherent English sentence.
638	30	Mitchell had concealed that small tooth.	Mitchell had concealed those small tooth.	-79.5	-80.0	-9.9375	-10.0	True	True	morphology	determiner_noun_agreement	Write a natural, coherent English sentence.
639	30	Every dog had irritated this young child.	Every dog had irritated these young child.	-87.5	-88.5	-9.75	-9.8125	True	True	morphology	determiner_noun_agreement	Write a natural, coherent English sentence.
640	30	Some doctors lift this exposed ox.	Some doctors lift these exposed ox.	-71.0	-71.0	-10.125	-10.125	False	False	morphology	determiner_noun_agreement	Write a natural, coherent English sentence.
641	30	Valerie was disgusting that happy woman.	Valerie was disgusting those happy woman.	-89.5	-89.5	-9.9375	-9.9375	False	False	morphology	determiner_noun_agreement	Write a natural, coherent English sentence.
642	30	Claire hugs those clever men.	Claire hugs that clever men.	-70.0	-70.0	-10.0	-10.0	False	False	morphology	determiner_noun_agreement	Write a natural, coherent English sentence.
643	30	All adults go to these white oases.	All adults go to this white oases.	-89.0	-89.0	-9.875	-9.9375	False	True	morphology	determiner_noun_agreement	Write a natural, coherent English sentence.
644	30	Bill observed this nice child.	Bill observed these nice child.	-60.5	-60.5	-10.0625	-10.0625	False	False	morphology	determiner_noun_agreement	Write a natural, coherent English sentence.
645	30	Diana kissed these delighted alumni.	Diana kissed this delighted alumni.	-79.0	-79.0	-9.875	-9.875	False	False	morphology	determiner_noun_agreement	Write a natural, coherent English sentence.
646	30	Governments are describing those sick people.	Governments are describing that sick people.	-78.0	-78.0	-9.75	-9.75	False	False	morphology	determiner_noun_agreement	Write a natural, coherent English sentence.
647	30	The doctors cure that young woman.	The doctors cure those young woman.	-68.5	-69.0	-9.75	-9.875	True	True	morphology	determiner_noun_agreement	Write a natural, coherent English sentence.
648	30	Dancers did disagree with this ill child.	Dancers did disagree with these ill child.	-90.0	-90.0	-10.0	-10.0	False	False	morphology	determiner_noun_agreement	Write a natural, coherent English sentence.
649	30	Veronica couldn't embarrass these exposed men.	Veronica couldn't embarrass this exposed men.	-107.5	-108.0	-9.8125	-9.8125	True	False	morphology	determiner_noun_agreement	Write a natural, coherent English sentence.
650	30	The students cared for that delighted man.	The students cared for those delighted man.	-79.0	-79.0	-9.875	-9.875	False	False	morphology	determiner_noun_agreement	Write a natural, coherent English sentence.
651	30	Steve conceals these important men.	Steve conceals this important men.	-70.0	-70.0	-9.9375	-10.0	False	True	morphology	determiner_noun_agreement	Write a natural, coherent English sentence.
652	30	These actresses will talk to these content men.	These actresses will talk to this content men.	-98.0	-98.5	-9.8125	-9.8125	True	False	morphology	determiner_noun_agreement	Write a natural, coherent English sentence.
653	30	That teenager wouldn't buy these rough oxen.	That teenager wouldn't buy this rough oxen.	-109.5	-109.5	-9.9375	-9.9375	False	False	morphology	determiner_noun_agreement	Write a natural, coherent English sentence.
654	30	Sheila wouldn't kiss that happy child.	Sheila wouldn't kiss those happy child.	-99.0	-99.0	-9.875	-9.875	False	False	morphology	determiner_noun_agreement	Write a natural, coherent English sentence.
655	30	Erin drove to these out in the open oases.	Erin drove to this out in the open oases.	-118.0	-118.0	-9.8125	-9.8125	False	False	morphology	determiner_noun_agreement	Write a natural, coherent English sentence.
656	30	Every hat has embarrassed those hopeful people.	Every hat has embarrassed that hopeful people.	-87.5	-88.0	-9.75	-9.8125	True	True	morphology	determiner_noun_agreement	Write a natural, coherent English sentence.
657	30	Every man is fleeing from that exposed oasis.	Every man is fleeing from those exposed oasis.	-107.5	-108.0	-9.8125	-9.8125	True	False	morphology	determiner_noun_agreement	Write a natural, coherent English sentence.
658	30	Some adults visit this ill man.	Some adults visit these ill man.	-70.5	-70.5	-10.0625	-10.0625	False	False	morphology	determiner_noun_agreement	Write a natural, coherent English sentence.
659	30	Janet did lift that good thesis.	Janet did lift those good thesis.	-80.0	-80.0	-10.0	-10.0	False	False	morphology	determiner_noun_agreement	Write a natural, coherent English sentence.
660	30	Katherine was cleaning this orange tooth.	Katherine was cleaning these orange tooth.	-80.0	-80.0	-10.0	-10.0	False	False	morphology	determiner_noun_agreement	Write a natural, coherent English sentence.
661	30	A lot of tomatoes can't confuse these ill alumni.	A lot of tomatoes can't confuse this ill alumni.	-155.0	-156.0	-9.6875	-9.75	True	True	morphology	determiner_noun_agreement	Write a natural, coherent English sentence.
662	30	Rose goes to those out in the open oases.	Rose goes to that out in the open oases.	-108.0	-108.5	-9.8125	-9.875	True	True	morphology	determiner_noun_agreement	Write a natural, coherent English sentence.
663	30	These governments criticize those gray oases.	These governments criticize that gray oases.	-89.0	-89.5	-9.875	-9.9375	True	True	morphology	determiner_noun_agreement	Write a natural, coherent English sentence.
664	30	Kevin forgot those delighted men.	Kevin forgot that delighted men.	-60.75	-60.5	-10.125	-10.0625	False	False	morphology	determiner_noun_agreement	Write a natural, coherent English sentence.
665	30	Most companies describe that long analysis.	Most companies describe those long analysis.	-70.5	-70.5	-10.0625	-10.0625	False	False	morphology	determiner_noun_agreement	Write a natural, coherent English sentence.
666	30	Vincent was skated around this small oasis.	Vincent was skated around these small oasis.	-99.0	-99.5	-9.875	-9.9375	True	True	morphology	determiner_noun_agreement	Write a natural, coherent English sentence.
667	30	Many guys arrive at these out in the open oases.	Many guys arrive at this out in the open oases.	-117.0	-117.0	-9.75	-9.75	False	False	morphology	determiner_noun_agreement	Write a natural, coherent English sentence.
668	30	Gregory hadn't revealed these lost fungi.	Gregory hadn't revealed this lost fungi.	-100.0	-100.0	-10.0	-10.0	False	False	morphology	determiner_noun_agreement	Write a natural, coherent English sentence.
669	30	The cake stuns this standing man.	The cake stuns these standing man.	-79.0	-79.5	-9.875	-9.9375	True	True	morphology	determiner_noun_agreement	Write a natural, coherent English sentence.
670	30	Cheryl isn't irritating that clever man.	Cheryl isn't irritating those clever man.	-108.0	-108.5	-9.8125	-9.875	True	True	morphology	determiner_noun_agreement	Write a natural, coherent English sentence.
671	30	Some cat bores those old children.	Some cat bores that old children.	-80.0	-80.0	-10.0	-10.0	False	False	morphology	determiner_noun_agreement	Write a natural, coherent English sentence.
672	30	The actress knows that delighted child.	The actress knows those delighted child.	-70.0	-70.5	-10.0	-10.0625	True	True	morphology	determiner_noun_agreement	Write a natural, coherent English sentence.
673	30	That actress had driven to these hidden oases.	That actress had driven to this hidden oases.	-99.0	-98.5	-9.9375	-9.875	False	False	morphology	determiner_noun_agreement	Write a natural, coherent English sentence.
674	30	The Lutherans arrive at this cheap oasis.	The Lutherans arrive at these cheap oasis.	-97.5	-98.0	-9.75	-9.8125	True	True	morphology	determiner_noun_agreement	Write a natural, coherent English sentence.
675	30	Diane was kissing those lost women.	Diane was kissing that lost women.	-89.5	-89.5	-9.9375	-9.9375	False	False	morphology	determiner_noun_agreement	Write a natural, coherent English sentence.
676	30	Larry disturbs this employed woman.	Larry disturbs these employed woman.	-79.0	-79.5	-9.875	-9.9375	True	True	morphology	determiner_noun_agreement	Write a natural, coherent English sentence.
677	30	Pies shock this upset woman.	Pies shock these upset woman.	-70.5	-71.0	-10.0625	-10.125	True	True	morphology	determiner_noun_agreement	Write a natural, coherent English sentence.
678	30	Some waiters hug this content alumnus.	Some waiters hug these content alumnus.	-98.5	-98.5	-9.8125	-9.875	False	True	morphology	determiner_noun_agreement	Write a natural, coherent English sentence.
679	30	Anna talked to those unsure men.	Anna talked to that unsure men.	-79.5	-79.5	-9.9375	-9.9375	False	False	morphology	determiner_noun_agreement	Write a natural, coherent English sentence.
680	30	This school bores this determined man.	This school bores these determined man.	-79.5	-80.0	-9.9375	-10.0	True	True	morphology	determiner_noun_agreement	Write a natural, coherent English sentence.
681	30	Omar had thought about these unemployed men.	Omar had thought about this unemployed men.	-98.5	-98.5	-9.875	-9.875	False	False	morphology	determiner_noun_agreement	Write a natural, coherent English sentence.
682	30	Winston Churchill cleaned these big nuclei.	Winston Churchill cleaned this big nuclei.	-97.5	-97.5	-9.75	-9.75	False	False	morphology	determiner_noun_agreement	Write a natural, coherent English sentence.
683	30	These organizations aren't concealing that exposed child.	These organizations aren't concealing those exposed child.	-108.5	-108.5	-9.875	-9.875	False	False	morphology	determiner_noun_agreement	Write a natural, coherent English sentence.
684	30	Erin bought this concealed axis.	Erin bought these concealed axis.	-79.5	-80.0	-9.9375	-10.0	True	True	morphology	determiner_noun_agreement	Write a natural, coherent English sentence.
685	30	Dan examines this long analysis.	Dan examines these long analysis.	-69.5	-70.0	-9.9375	-10.0	True	True	morphology	determiner_noun_agreement	Write a natural, coherent English sentence.
686	30	These drivers concealed these gray oxen.	These drivers concealed this gray oxen.	-89.0	-89.5	-9.875	-9.9375	True	True	morphology	determiner_noun_agreement	Write a natural, coherent English sentence.
687	30	All children impresses this happy man.	All children impresses these happy man.	-79.0	-79.0	-9.875	-9.875	False	False	morphology	determiner_noun_agreement	Write a natural, coherent English sentence.
688	30	People will conceal that concealed man.	People will conceal those concealed man.	-88.0	-88.0	-9.8125	-9.8125	False	False	morphology	determiner_noun_agreement	Write a natural, coherent English sentence.
689	30	Some patient returns to this old man.	Some patient returns to these old man.	-79.5	-79.5	-9.9375	-9.9375	False	False	morphology	determiner_noun_agreement	Write a natural, coherent English sentence.
690	30	Many actresses discovered those big oases.	Many actresses discovered that big oases.	-89.0	-89.0	-9.875	-9.875	False	False	morphology	determiner_noun_agreement	Write a natural, coherent English sentence.
691	30	The school talks about those young alumni.	The school talks about that young alumni.	-97.0	-97.5	-9.6875	-9.75	True	True	morphology	determiner_noun_agreement	Write a natural, coherent English sentence.
692	30	Omar admired these blue fungi.	Omar admired this blue fungi.	-89.0	-89.0	-9.875	-9.875	False	False	morphology	determiner_noun_agreement	Write a natural, coherent English sentence.
693	30	Some school can't hate these good people.	Some school can't hate this good people.	-100.0	-100.0	-10.0	-10.0	False	False	morphology	determiner_noun_agreement	Write a natural, coherent English sentence.
694	30	A lot of eggplants wouldn't disturb that determined woman.	A lot of eggplants wouldn't disturb those determined woman.	-136.0	-137.0	-9.75	-9.75	True	False	morphology	determiner_noun_agreement	Write a natural, coherent English sentence.
695	30	That cake could annoy these uncertain men.	That cake could annoy this uncertain men.	-80.5	-81.0	-10.0625	-10.125	True	True	morphology	determiner_noun_agreement	Write a natural, coherent English sentence.
696	30	Lamps are worrying these hopeful alumni.	Lamps are worrying this hopeful alumni.	-106.5	-107.0	-9.6875	-9.75	True	True	morphology	determiner_noun_agreement	Write a natural, coherent English sentence.
697	30	A lot of eggplants bore these excited alumni.	A lot of eggplants bore this excited alumni.	-126.0	-126.5	-9.6875	-9.75	True	True	morphology	determiner_noun_agreement	Write a natural, coherent English sentence.
698	30	A lot of teachers arrived at these old oases.	A lot of teachers arrived at this old oases.	-108.0	-107.5	-9.8125	-9.8125	False	False	morphology	determiner_noun_agreement	Write a natural, coherent English sentence.
699	30	Most sweaters hurt those happy people.	Most sweaters hurt that happy people.	-79.0	-79.5	-9.875	-9.9375	True	True	morphology	determiner_noun_agreement	Write a natural, coherent English sentence.
700	30	Tara scans those good analyses.	Tara scans that good analyses.	-89.0	-89.5	-9.875	-9.9375	True	True	morphology	determiner_noun_agreement	Write a natural, coherent English sentence.
701	30	The man doesn't reference this out in the open woman.	The man doesn't reference these out in the open woman.	-126.5	-126.5	-9.75	-9.75	False	False	morphology	determiner_noun_agreement	Write a natural, coherent English sentence.
702	30	This cashier is leaving this employed person.	This cashier is leaving these employed person.	-88.0	-88.5	-9.75	-9.8125	True	True	morphology	determiner_noun_agreement	Write a natural, coherent English sentence.
703	30	Bananas bother these clever alumni.	Bananas bother this clever alumni.	-87.0	-87.0	-9.625	-9.6875	False	True	morphology	determiner_noun_agreement	Write a natural, coherent English sentence.
704	30	Some convertibles had worried those fast men.	Some convertibles had worried that fast men.	-90.0	-90.0	-10.0	-10.0	False	False	morphology	determiner_noun_agreement	Write a natural, coherent English sentence.
705	30	Carl bored those nice women.	Carl bored that nice women.	-60.75	-61.0	-10.125	-10.125	True	False	morphology	determiner_noun_agreement	Write a natural, coherent English sentence.
706	30	These teachers explore these old oases.	These teachers explore this old oases.	-80.0	-80.0	-10.0	-10.0	False	False	morphology	determiner_noun_agreement	Write a natural, coherent English sentence.
707	30	Many waiters work with this scared child.	Many waiters work with these scared child.	-89.5	-89.5	-9.9375	-9.9375	False	False	morphology	determiner_noun_agreement	Write a natural, coherent English sentence.
708	30	Committees admire that smart child.	Committees admire those smart child.	-88.0	-88.5	-9.8125	-9.8125	True	False	morphology	determiner_noun_agreement	Write a natural, coherent English sentence.
709	30	Matt approaches this exposed child.	Matt approaches these exposed child.	-60.5	-60.75	-10.125	-10.125	True	False	morphology	determiner_noun_agreement	Write a natural, coherent English sentence.
710	30	Brian talks to this lucky man.	Brian talks to these lucky man.	-69.5	-70.0	-9.9375	-10.0	True	True	morphology	determiner_noun_agreement	Write a natural, coherent English sentence.
711	30	A boy isn't talking about that red oasis.	A boy isn't talking about those red oasis.	-118.5	-118.5	-9.875	-9.875	False	False	morphology	determiner_noun_agreement	Write a natural, coherent English sentence.
712	30	Phillip bought those black feet.	Phillip bought that black feet.	-69.0	-69.5	-9.875	-9.9375	True	True	morphology	determiner_noun_agreement	Write a natural, coherent English sentence.
713	30	Eric isn't buying those brown geese.	Eric isn't buying that brown geese.	-99.0	-99.5	-9.875	-9.9375	True	True	morphology	determiner_noun_agreement	Write a natural, coherent English sentence.
714	30	Elaine remembers this delighted woman.	Elaine remembers these delighted woman.	-79.0	-79.0	-9.875	-9.875	False	False	morphology	determiner_noun_agreement	Write a natural, coherent English sentence.
715	30	This pedestrian arrives at that smooth oasis.	This pedestrian arrives at those smooth oasis.	-96.5	-97.0	-9.625	-9.75	True	True	morphology	determiner_noun_agreement	Write a natural, coherent English sentence.
716	30	Those men forget these smart men.	Those men forget this smart men.	-70.0	-70.5	-10.0	-10.0625	True	True	morphology	determiner_noun_agreement	Write a natural, coherent English sentence.
717	30	Tara might alarm this unsure person.	Tara might alarm these unsure person.	-90.0	-90.0	-10.0	-10.0	False	False	morphology	determiner_noun_agreement	Write a natural, coherent English sentence.
718	30	Vanessa was healing those purple geese.	Vanessa was healing that purple geese.	-89.0	-89.5	-9.875	-9.9375	True	True	morphology	determiner_noun_agreement	Write a natural, coherent English sentence.
719	30	Steven hasn't questioned those troubled people.	Steven hasn't questioned that troubled people.	-99.0	-99.0	-9.875	-9.9375	False	True	morphology	determiner_noun_agreement	Write a natural, coherent English sentence.
720	30	Thomas hides this clever woman.	Thomas hides these clever woman.	-70.0	-70.0	-10.0	-10.0	False	False	morphology	determiner_noun_agreement	Write a natural, coherent English sentence.
721	30	Most eyes confuse these content alumni.	Most eyes confuse this content alumni.	-99.0	-99.0	-9.9375	-9.875	False	False	morphology	determiner_noun_agreement	Write a natural, coherent English sentence.
722	30	That dog aggravates this busy child.	That dog aggravates these busy child.	-87.5	-88.0	-9.75	-9.75	True	False	morphology	determiner_noun_agreement	Write a natural, coherent English sentence.
723	30	Karen has attacked this popular child.	Karen has attacked these popular child.	-70.5	-70.5	-10.0625	-10.0625	False	False	morphology	determiner_noun_agreement	Write a natural, coherent English sentence.
724	30	Heidi might confuse those displeased men.	Heidi might confuse that displeased men.	-107.5	-108.0	-9.75	-9.8125	True	True	morphology	determiner_noun_agreement	Write a natural, coherent English sentence.
725	30	Maria kisses this bad person.	Maria kisses these bad person.	-69.0	-69.0	-9.8125	-9.875	False	True	morphology	determiner_noun_agreement	Write a natural, coherent English sentence.
726	30	Tanya passes this purple oasis.	Tanya passes these purple oasis.	-79.5	-79.5	-9.9375	-9.9375	False	False	morphology	determiner_noun_agreement	Write a natural, coherent English sentence.
727	30	Marla has respected those delighted alumni.	Marla has respected that delighted alumni.	-99.5	-100.0	-9.9375	-10.0	True	True	morphology	determiner_noun_agreement	Write a natural, coherent English sentence.
728	30	Paula is investigating this employed alumnus.	Paula is investigating these employed alumnus.	-107.0	-107.0	-9.6875	-9.75	False	True	morphology	determiner_noun_agreement	Write a natural, coherent English sentence.
729	30	Most chairs aren't disgusting those serious women.	Most chairs aren't disgusting that serious women.	-108.5	-108.5	-9.875	-9.875	False	False	morphology	determiner_noun_agreement	Write a natural, coherent English sentence.
730	30	Men hadn't run around this purple oasis.	Men hadn't run around these purple oasis.	-108.5	-108.5	-9.875	-9.875	False	False	morphology	determiner_noun_agreement	Write a natural, coherent English sentence.
731	30	Tina hadn't arrived at those green oases.	Tina hadn't arrived at that green oases.	-118.0	-118.0	-9.8125	-9.8125	False	False	morphology	determiner_noun_agreement	Write a natural, coherent English sentence.
732	30	Karla knew this busy alumnus.	Karla knew these busy alumnus.	-89.5	-89.5	-9.9375	-9.9375	False	False	morphology	determiner_noun_agreement	Write a natural, coherent English sentence.
733	30	The actors care for these exposed people.	The actors care for this exposed people.	-80.0	-80.0	-10.0	-10.0	False	False	morphology	determiner_noun_agreement	Write a natural, coherent English sentence.
734	30	Michelle might alarm this employed man.	Michelle might alarm these employed man.	-70.5	-71.0	-10.0625	-10.125	True	True	morphology	determiner_noun_agreement	Write a natural, coherent English sentence.
735	30	Maria hasn't walked through these hard oases.	Maria hasn't walked through this hard oases.	-108.0	-108.0	-9.8125	-9.8125	False	False	morphology	determiner_noun_agreement	Write a natural, coherent English sentence.
736	30	That report might disagree with those delighted men.	That report might disagree with that delighted men.	-88.5	-89.5	-9.8125	-9.9375	True	True	morphology	determiner_noun_agreement	Write a natural, coherent English sentence.
737	30	Actresses discuss this popular person.	Actresses discuss these popular person.	-78.5	-79.0	-9.8125	-9.875	True	True	morphology	determiner_noun_agreement	Write a natural, coherent English sentence.
738	30	Holly won't watch these unlucky men.	Holly won't watch this unlucky men.	-108.0	-108.5	-9.8125	-9.875	True	True	morphology	determiner_noun_agreement	Write a natural, coherent English sentence.
739	30	Carl was driving to those blue oases.	Carl was driving to that blue oases.	-88.5	-89.0	-9.875	-9.875	True	False	morphology	determiner_noun_agreement	Write a natural, coherent English sentence.
740	30	Bill passes that rough oasis.	Bill passes those rough oasis.	-70.0	-70.0	-10.0	-10.0	False	False	morphology	determiner_noun_agreement	Write a natural, coherent English sentence.
741	30	All men praise this good thesis.	All men praise these good thesis.	-70.0	-70.5	-9.9375	-10.0625	True	True	morphology	determiner_noun_agreement	Write a natural, coherent English sentence.
742	30	Many doctors should escape from these hopeful women.	Many doctors should escape from this hopeful women.	-98.5	-98.5	-9.875	-9.875	False	False	morphology	determiner_noun_agreement	Write a natural, coherent English sentence.
743	30	Many girls find these nice men.	Many girls find this nice men.	-70.0	-70.0	-10.0	-10.0	False	False	morphology	determiner_noun_agreement	Write a natural, coherent English sentence.
744	30	Every museum helps those concealed children.	Every museum helps that concealed children.	-79.5	-80.0	-9.9375	-10.0	True	True	morphology	determiner_noun_agreement	Write a natural, coherent English sentence.
745	30	Marla was distracting these determined people.	Marla was distracting this determined people.	-89.5	-90.0	-9.9375	-10.0	True	True	morphology	determiner_noun_agreement	Write a natural, coherent English sentence.
746	30	Those computers might confuse this nice child.	Those computers might confuse these nice child.	-88.5	-89.0	-9.8125	-9.875	True	True	morphology	determiner_noun_agreement	Write a natural, coherent English sentence.
747	30	Tanya hasn't loved that content woman.	Tanya hasn't loved those content woman.	-99.5	-100.0	-9.9375	-10.0	True	True	morphology	determiner_noun_agreement	Write a natural, coherent English sentence.
748	30	Theresa won't conceal those lost lice.	Theresa won't conceal that lost lice.	-118.5	-118.0	-9.875	-9.875	False	False	morphology	determiner_noun_agreement	Write a natural, coherent English sentence.
749	30	The Borgias do cure these out in the open octopi.	The Borgias do cure this out in the open octopi.	-148.0	-148.0	-9.875	-9.8125	False	False	morphology	determiner_noun_agreement	Write a natural, coherent English sentence.
750	30	Kenneth messed up those lost teeth.	Kenneth messed up that lost teeth.	-87.5	-88.0	-9.75	-9.75	True	False	morphology	determiner_noun_agreement	Write a natural, coherent English sentence.
751	30	Jodi doesn't alarm these unsure people.	Jodi doesn't alarm this unsure people.	-108.5	-109.0	-9.875	-9.875	True	False	morphology	determiner_noun_agreement	Write a natural, coherent English sentence.
752	30	This customer scans those good analyses.	This customer scans that good analyses.	-88.5	-89.0	-9.8125	-9.875	True	True	morphology	determiner_noun_agreement	Write a natural, coherent English sentence.
753	30	Vincent can't watch this hopeful alumnus.	Vincent can't watch these hopeful alumnus.	-117.5	-117.5	-9.8125	-9.8125	False	False	morphology	determiner_noun_agreement	Write a natural, coherent English sentence.
754	30	Jodi talked to this unconvinced child.	Jodi talked to these unconvinced child.	-108.0	-108.0	-9.8125	-9.8125	False	False	morphology	determiner_noun_agreement	Write a natural, coherent English sentence.
755	30	Katherine exited these exposed oases.	Katherine exited this exposed oases.	-89.5	-90.0	-9.9375	-10.0	True	True	morphology	determiner_noun_agreement	Write a natural, coherent English sentence.
756	30	Beverly hasn't brought these rough fungi.	Beverly hasn't brought this rough fungi.	-108.5	-108.5	-9.875	-9.875	False	False	morphology	determiner_noun_agreement	Write a natural, coherent English sentence.
757	30	That unicycle is boring those standing children.	That unicycle is boring that standing children.	-97.0	-97.5	-9.6875	-9.75	True	True	morphology	determiner_noun_agreement	Write a natural, coherent English sentence.
758	30	That boy can't escape from those unsure children.	That boy can't escape from that unsure children.	-118.5	-119.0	-9.875	-9.9375	True	True	morphology	determiner_noun_agreement	Write a natural, coherent English sentence.
759	30	An adult bought these black axes.	An adult bought this black axes.	-79.5	-80.0	-9.9375	-10.0	True	True	morphology	determiner_noun_agreement	Write a natural, coherent English sentence.
760	30	Sara isn't kissing this nice woman.	Sara isn't kissing these nice woman.	-98.5	-99.0	-9.875	-9.875	True	False	morphology	determiner_noun_agreement	Write a natural, coherent English sentence.
761	30	Robert couldn't embarrass those scared people.	Robert couldn't embarrass that scared people.	-90.0	-89.5	-10.0	-9.9375	False	False	morphology	determiner_noun_agreement	Write a natural, coherent English sentence.
762	30	Deborah had fled from that important woman.	Deborah had fled from those important woman.	-97.5	-97.5	-9.75	-9.75	False	False	morphology	determiner_noun_agreement	Write a natural, coherent English sentence.
763	30	Brenda discussed that serious woman.	Brenda discussed those serious woman.	-70.0	-70.0	-10.0	-10.0	False	False	morphology	determiner_noun_agreement	Write a natural, coherent English sentence.
764	30	Some women questioned that big woman.	Some women questioned those big woman.	-70.0	-70.5	-10.0625	-10.125	True	True	morphology	determiner_noun_agreement	Write a natural, coherent English sentence.
765	30	Rodney didn't kiss those displeased women.	Rodney didn't kiss that displeased women.	-116.5	-116.5	-9.6875	-9.6875	False	False	morphology	determiner_noun_agreement	Write a natural, coherent English sentence.
766	30	Carrie can help those lost alumni.	Carrie can help that lost alumni.	-97.0	-97.5	-9.75	-9.75	True	False	morphology	determiner_noun_agreement	Write a natural, coherent English sentence.
767	30	Many guests approach this lucky man.	Many guests approach these lucky man.	-69.5	-70.0	-9.9375	-10.0	True	True	morphology	determiner_noun_agreement	Write a natural, coherent English sentence.
768	30	Some student messes up that hard foot.	Some student messes up those hard foot.	-89.0	-89.0	-9.875	-9.875	False	False	morphology	determiner_noun_agreement	Write a natural, coherent English sentence.
769	30	Some men had skated around these hard oases.	Some men had skated around this hard oases.	-109.0	-109.5	-9.9375	-9.9375	True	False	morphology	determiner_noun_agreement	Write a natural, coherent English sentence.
770	30	Some light would annoy those happy alumni.	Some light would annoy that happy alumni.	-98.5	-99.0	-9.875	-9.875	True	False	morphology	determiner_noun_agreement	Write a natural, coherent English sentence.
771	30	Many casseroles shock these unconvinced men.	Many casseroles shock this unconvinced men.	-116.0	-116.0	-9.625	-9.6875	False	True	morphology	determiner_noun_agreement	Write a natural, coherent English sentence.
772	30	Carl talks about those confident children.	Carl talks about that confident children.	-70.0	-70.5	-10.0	-10.0625	True	True	morphology	determiner_noun_agreement	Write a natural, coherent English sentence.
773	30	Timothy was dropping by those new oases.	Timothy was dropping by that new oases.	-98.5	-98.5	-9.875	-9.8125	False	False	morphology	determiner_noun_agreement	Write a natural, coherent English sentence.
774	30	Lori has approached these scared people.	Lori has approached this scared people.	-80.5	-80.0	-10.0625	-10.0	False	False	morphology	determiner_noun_agreement	Write a natural, coherent English sentence.
775	30	Jodi wouldn't mess up those orange feet.	Jodi wouldn't mess up that orange feet.	-109.5	-109.5	-9.9375	-9.9375	False	False	morphology	determiner_noun_agreement	Write a natural, coherent English sentence.
776	30	This newspaper article will embarrass this determined child.	This newspaper article will embarrass these determined child.	-89.5	-90.0	-9.9375	-10.0	True	True	morphology	determiner_noun_agreement	Write a natural, coherent English sentence.
777	30	A lot of guys conceal this long analysis.	A lot of guys conceal these long analysis.	-99.0	-99.0	-9.875	-9.875	False	False	morphology	determiner_noun_agreement	Write a natural, coherent English sentence.
778	30	Lawrence fired that serious woman.	Lawrence fired those serious woman.	-60.75	-61.0	-10.125	-10.1875	True	True	morphology	determiner_noun_agreement	Write a natural, coherent English sentence.
779	30	This story didn't bore this serious man.	This story didn't bore these serious man.	-98.0	-99.0	-9.8125	-9.875	True	True	morphology	determiner_noun_agreement	Write a natural, coherent English sentence.
780	30	Mary can't remember that clever person.	Mary can't remember those clever person.	-88.5	-88.5	-9.8125	-9.8125	False	False	morphology	determiner_noun_agreement	Write a natural, coherent English sentence.
781	30	Marie could listen to that big woman.	Marie could listen to those big woman.	-80.0	-79.5	-10.0	-9.9375	False	False	morphology	determiner_noun_agreement	Write a natural, coherent English sentence.
782	30	Clyde had those exposed axes.	Clyde had that exposed axes.	-89.5	-89.5	-9.9375	-9.9375	False	False	morphology	determiner_noun_agreement	Write a natural, coherent English sentence.
783	30	Victoria has left these delighted men.	Victoria has left this delighted men.	-70.5	-70.5	-10.0625	-10.0625	False	False	morphology	determiner_noun_agreement	Write a natural, coherent English sentence.
784	30	The Impressionists disagree with those bad analyses.	The Impressionists disagree with that bad analyses.	-105.5	-106.0	-9.5625	-9.625	True	True	morphology	determiner_noun_agreement	Write a natural, coherent English sentence.
785	30	Amy took that hidden fungus.	Amy took those hidden fungus.	-78.5	-79.0	-9.8125	-9.875	True	True	morphology	determiner_noun_agreement	Write a natural, coherent English sentence.
786	30	Rose was fixing this hard foot.	Rose was fixing these hard foot.	-70.5	-70.5	-10.0625	-10.125	False	True	morphology	determiner_noun_agreement	Write a natural, coherent English sentence.
787	30	Most dishes weren't astounding these scared men.	Most dishes weren't astounding this scared men.	-117.5	-118.0	-9.8125	-9.8125	True	False	morphology	determiner_noun_agreement	Write a natural, coherent English sentence.
788	30	The doctor sees those smooth cacti.	The doctor sees that smooth cacti.	-88.5	-88.5	-9.8125	-9.8125	False	False	morphology	determiner_noun_agreement	Write a natural, coherent English sentence.
789	30	Rodney hadn't cured these white octopi.	Rodney hadn't cured this white octopi.	-127.5	-127.5	-9.8125	-9.8125	False	False	morphology	determiner_noun_agreement	Write a natural, coherent English sentence.
790	30	This museum hadn't disgusted these troubled men.	This museum hadn't disgusted this troubled men.	-118.0	-118.0	-9.8125	-9.875	False	True	morphology	determiner_noun_agreement	Write a natural, coherent English sentence.
791	30	Patrick complained about those scared men.	Patrick complained about that scared men.	-70.5	-70.5	-10.0625	-10.0625	False	False	morphology	determiner_noun_agreement	Write a natural, coherent English sentence.
792	30	Jacqueline should stun these determined alumni.	Jacqueline should stun this determined alumni.	-116.0	-116.5	-9.6875	-9.75	True	True	morphology	determiner_noun_agreement	Write a natural, coherent English sentence.
793	30	All apples worry this serious man.	All apples worry these serious man.	-78.0	-78.0	-9.75	-9.75	False	False	morphology	determiner_noun_agreement	Write a natural, coherent English sentence.
794	30	The drawing isn't scaring that old child.	The drawing isn't scaring those old child.	-108.0	-108.5	-9.8125	-9.875	True	True	morphology	determiner_noun_agreement	Write a natural, coherent English sentence.
795	30	Veronica questioned this uncertain woman.	Veronica questioned these uncertain woman.	-78.5	-78.5	-9.8125	-9.8125	False	False	morphology	determiner_noun_agreement	Write a natural, coherent English sentence.
796	30	Vanessa hadn't known this determined alumnus.	Vanessa hadn't known these determined alumnus.	-117.0	-117.5	-9.75	-9.8125	True	True	morphology	determiner_noun_agreement	Write a natural, coherent English sentence.
797	30	Cynthia hadn't kissed this unemployed man.	Cynthia hadn't kissed these unemployed man.	-126.0	-126.5	-9.6875	-9.75	True	True	morphology	determiner_noun_agreement	Write a natural, coherent English sentence.
798	30	These companies irritate that exposed woman.	These companies irritate those exposed woman.	-80.0	-79.5	-10.0	-9.9375	False	False	morphology	determiner_noun_agreement	Write a natural, coherent English sentence.
799	30	This dancer wasn't biking to this orange oasis.	This dancer wasn't biking to these orange oasis.	-137.0	-138.0	-9.8125	-9.875	True	True	morphology	determiner_noun_agreement	Write a natural, coherent English sentence.
800	30	Those legislatures could disturb this upset alumnus.	Those legislatures could disturb these upset alumnus.	-108.5	-109.0	-9.875	-9.875	True	False	morphology	determiner_noun_agreement	Write a natural, coherent English sentence.
801	30	Some adult hasn't hidden these ill men.	Some adult hasn't hidden this ill men.	-100.5	-100.5	-10.0625	-10.0625	False	False	morphology	determiner_noun_agreement	Write a natural, coherent English sentence.
802	30	A cashier should insult these hidden children.	A cashier should insult this hidden children.	-89.5	-89.5	-9.9375	-9.9375	False	False	morphology	determiner_noun_agreement	Write a natural, coherent English sentence.
803	30	Danielle could annoy that confident man.	Danielle could annoy those confident man.	-79.5	-80.0	-9.9375	-10.0	True	True	morphology	determiner_noun_agreement	Write a natural, coherent English sentence.
804	30	These teachers lift this exposed goose.	These teachers lift these exposed goose.	-79.5	-79.5	-9.9375	-9.9375	False	False	morphology	determiner_noun_agreement	Write a natural, coherent English sentence.
805	30	Christina drove to that exposed oasis.	Christina drove to those exposed oasis.	-88.0	-88.0	-9.8125	-9.8125	False	False	morphology	determiner_noun_agreement	Write a natural, coherent English sentence.
806	30	Jesus hadn't sounded like these hidden people.	Jesus hadn't sounded like this hidden people.	-99.0	-98.5	-9.875	-9.875	False	False	morphology	determiner_noun_agreement	Write a natural, coherent English sentence.
807	30	Many mushrooms irritate that upset man.	Many mushrooms irritate those upset man.	-87.0	-87.0	-9.625	-9.6875	False	True	morphology	determiner_noun_agreement	Write a natural, coherent English sentence.
808	30	Some committee bought those white lice.	Some committee bought that white lice.	-80.0	-80.0	-10.0	-10.0	False	False	morphology	determiner_noun_agreement	Write a natural, coherent English sentence.
809	30	Daniel hasn't known this determined man.	Daniel hasn't known these determined man.	-89.0	-89.5	-9.9375	-9.9375	True	False	morphology	determiner_noun_agreement	Write a natural, coherent English sentence.
810	30	Art hadn't scared these serious alumni.	Art hadn't scared this serious alumni.	-108.0	-108.0	-9.8125	-9.8125	False	False	morphology	determiner_noun_agreement	Write a natural, coherent English sentence.
811	30	Alice fires this unconvinced child.	Alice fires these unconvinced child.	-89.0	-89.0	-9.875	-9.875	False	False	morphology	determiner_noun_agreement	Write a natural, coherent English sentence.
812	30	Melanie hid that exposed tooth.	Melanie hid those exposed tooth.	-69.0	-69.0	-9.875	-9.875	False	False	morphology	determiner_noun_agreement	Write a natural, coherent English sentence.
813	30	Most hamsters find that red tooth.	Most hamsters find those red tooth.	-79.0	-79.0	-9.875	-9.875	False	False	morphology	determiner_noun_agreement	Write a natural, coherent English sentence.
814	30	Those children explore those small oases.	Those children explore that small oases.	-79.0	-79.0	-9.875	-9.875	False	False	morphology	determiner_noun_agreement	Write a natural, coherent English sentence.
815	30	Most museums listen to this troubled man.	Most museums listen to these troubled man.	-96.5	-97.0	-9.625	-9.6875	True	True	morphology	determiner_noun_agreement	Write a natural, coherent English sentence.
816	30	Patrick embarrassed this unemployed person.	Patrick embarrassed these unemployed person.	-69.5	-69.5	-9.875	-9.9375	False	True	morphology	determiner_noun_agreement	Write a natural, coherent English sentence.
817	30	A lot of icicles had alarmed that hidden woman.	A lot of icicles had alarmed those hidden woman.	-117.5	-118.0	-9.8125	-9.8125	True	False	morphology	determiner_noun_agreement	Write a natural, coherent English sentence.
818	30	Matt hadn't impressed this exposed child.	Matt hadn't impressed these exposed child.	-90.5	-90.5	-10.0625	-10.0625	False	False	morphology	determiner_noun_agreement	Write a natural, coherent English sentence.
819	30	Eric might see those new feet.	Eric might see that new feet.	-70.0	-70.5	-10.0	-10.0625	True	True	morphology	determiner_noun_agreement	Write a natural, coherent English sentence.
820	30	Some turtle can confuse this old alumnus.	Some turtle can confuse these old alumnus.	-125.0	-125.0	-9.625	-9.625	False	False	morphology	determiner_noun_agreement	Write a natural, coherent English sentence.
821	30	Most guests explore these smooth oases.	Most guests explore this smooth oases.	-80.0	-80.0	-10.0	-10.0	False	False	morphology	determiner_noun_agreement	Write a natural, coherent English sentence.
822	30	Brian has praised that happy alumnus.	Brian has praised those happy alumnus.	-89.5	-89.5	-9.9375	-9.9375	False	False	morphology	determiner_noun_agreement	Write a natural, coherent English sentence.
823	30	Karen sees these ill lice.	Karen sees this ill lice.	-70.5	-71.0	-10.0625	-10.125	True	True	morphology	determiner_noun_agreement	Write a natural, coherent English sentence.
824	30	Alicia doesn't observe this confident alumnus.	Alicia doesn't observe these confident alumnus.	-127.0	-127.0	-9.75	-9.75	False	False	morphology	determiner_noun_agreement	Write a natural, coherent English sentence.
825	30	That horse does find this lost octopus.	That horse does find these lost octopus.	-98.0	-98.5	-9.8125	-9.875	True	True	morphology	determiner_noun_agreement	Write a natural, coherent English sentence.
826	30	Those customers haven't annoyed those delighted children.	Those customers haven't annoyed that delighted children.	-107.5	-107.5	-9.75	-9.8125	False	True	morphology	determiner_noun_agreement	Write a natural, coherent English sentence.
827	30	The Great Lakes confused these hidden women.	The Great Lakes confused this hidden women.	-89.0	-89.5	-9.875	-9.9375	True	True	morphology	determiner_noun_agreement	Write a natural, coherent English sentence.
828	30	Russell watches these unsure women.	Russell watches this unsure women.	-70.5	-71.0	-10.0625	-10.125	True	True	morphology	determiner_noun_agreement	Write a natural, coherent English sentence.
829	30	Jacqueline has concealed these long synopses.	Jacqueline has concealed this long synopses.	-116.0	-116.0	-9.625	-9.6875	False	True	morphology	determiner_noun_agreement	Write a natural, coherent English sentence.
830	30	Carrie isn't hiring this small woman.	Carrie isn't hiring these small woman.	-99.0	-99.5	-9.9375	-9.9375	True	False	morphology	determiner_noun_agreement	Write a natural, coherent English sentence.
831	30	Charles doesn't admire these big mice.	Charles doesn't admire this big mice.	-108.0	-108.5	-9.8125	-9.875	True	True	morphology	determiner_noun_agreement	Write a natural, coherent English sentence.
832	30	The Impressionists might think about that white thesis.	The Impressionists might think about those white thesis.	-107.0	-107.0	-9.6875	-9.6875	False	False	morphology	determiner_noun_agreement	Write a natural, coherent English sentence.
833	30	Most men question those bad people.	Most men question that bad people.	-70.5	-71.0	-10.125	-10.125	True	False	morphology	determiner_noun_agreement	Write a natural, coherent English sentence.
834	30	Lissa hasn't left this upset woman.	Lissa hasn't left these upset woman.	-99.0	-99.5	-9.9375	-9.9375	True	False	morphology	determiner_noun_agreement	Write a natural, coherent English sentence.
835	30	Janice won't fire that determined child.	Janice won't fire those determined child.	-99.5	-99.5	-9.9375	-9.9375	False	False	morphology	determiner_noun_agreement	Write a natural, coherent English sentence.
836	30	This company criticized this lucky man.	This company criticized these lucky man.	-79.0	-79.5	-9.875	-9.9375	True	True	morphology	determiner_noun_agreement	Write a natural, coherent English sentence.
837	30	The banks hurt that excited woman.	The banks hurt those excited woman.	-70.0	-70.5	-10.0	-10.0625	True	True	morphology	determiner_noun_agreement	Write a natural, coherent English sentence.
838	30	Peter wasn't walking through those red oases.	Peter wasn't walking through that red oases.	-108.5	-108.5	-9.875	-9.875	False	False	morphology	determiner_noun_agreement	Write a natural, coherent English sentence.
839	30	Rebecca wasn't referencing this long synopsis.	Rebecca wasn't referencing these long synopsis.	-107.5	-108.0	-9.8125	-9.8125	True	False	morphology	determiner_noun_agreement	Write a natural, coherent English sentence.
840	30	Naomi notices this smooth octopus.	Naomi notices these smooth octopus.	-95.5	-96.0	-9.5625	-9.5625	True	False	morphology	determiner_noun_agreement	Write a natural, coherent English sentence.
841	30	Patrick conceals this hard stimulus.	Patrick conceals these hard stimulus.	-80.0	-80.0	-10.0	-10.0	False	False	morphology	determiner_noun_agreement	Write a natural, coherent English sentence.
842	30	Candice shouldn't bring those smooth feet.	Candice shouldn't bring that smooth feet.	-98.5	-99.0	-9.875	-9.875	True	False	morphology	determiner_noun_agreement	Write a natural, coherent English sentence.
843	30	All books sound like those content women.	All books sound like that content women.	-79.5	-79.5	-9.9375	-9.9375	False	False	morphology	determiner_noun_agreement	Write a natural, coherent English sentence.
844	30	Bethany hasn't arrived at this white oasis.	Bethany hasn't arrived at these white oasis.	-116.5	-117.0	-9.6875	-9.75	True	True	morphology	determiner_noun_agreement	Write a natural, coherent English sentence.
845	30	Steve reveals these unemployed alumni.	Steve reveals this unemployed alumni.	-88.0	-88.5	-9.75	-9.8125	True	True	morphology	determiner_noun_agreement	Write a natural, coherent English sentence.
846	30	Sonia was upsetting that ill woman.	Sonia was upsetting those ill woman.	-89.0	-89.0	-9.875	-9.875	False	False	morphology	determiner_noun_agreement	Write a natural, coherent English sentence.
847	30	Keith wasn't boring these delighted men.	Keith wasn't boring this delighted men.	-90.5	-90.5	-10.0625	-10.0625	False	False	morphology	determiner_noun_agreement	Write a natural, coherent English sentence.
848	30	The Borgias admire these hard mice.	The Borgias admire this hard mice.	-109.0	-109.5	-9.875	-9.9375	True	True	morphology	determiner_noun_agreement	Write a natural, coherent English sentence.
849	30	These drivers had forgotten this good analysis.	These drivers had forgotten these good analysis.	-80.0	-80.0	-10.0	-10.0	False	False	morphology	determiner_noun_agreement	Write a natural, coherent English sentence.
850	30	Helen skates around this blue oasis.	Helen skates around these blue oasis.	-88.0	-88.5	-9.8125	-9.875	True	True	morphology	determiner_noun_agreement	Write a natural, coherent English sentence.
851	30	Galileo found that smooth stimulus.	Galileo found those smooth stimulus.	-87.0	-87.5	-9.625	-9.75	True	True	morphology	determiner_noun_agreement	Write a natural, coherent English sentence.
852	30	Kimberley isn't curing these small octopi.	Kimberley isn't curing this small octopi.	-137.0	-137.0	-9.75	-9.75	False	False	morphology	determiner_noun_agreement	Write a natural, coherent English sentence.
853	30	Debra didn't conceal these popular men.	Debra didn't conceal this popular men.	-108.5	-109.0	-9.875	-9.875	True	False	morphology	determiner_noun_agreement	Write a natural, coherent English sentence.
854	30	A lot of doctors hug these scared children.	A lot of doctors hug this scared children.	-88.0	-89.0	-9.8125	-9.875	True	True	morphology	determiner_noun_agreement	Write a natural, coherent English sentence.
855	30	Those pedestrians weren't fleeing from these concealed men.	Those pedestrians weren't fleeing from this concealed men.	-145.0	-145.0	-9.625	-9.6875	False	True	morphology	determiner_noun_agreement	Write a natural, coherent English sentence.
856	30	Those children find that exposed thesis.	Those children find those exposed thesis.	-70.5	-70.5	-10.0625	-10.0625	False	False	morphology	determiner_noun_agreement	Write a natural, coherent English sentence.
857	30	Debra admires these blue octopi.	Debra admires this blue octopi.	-98.0	-97.5	-9.8125	-9.75	False	False	morphology	determiner_noun_agreement	Write a natural, coherent English sentence.
858	30	Bruce wasn't approaching that clever alumnus.	Bruce wasn't approaching those clever alumnus.	-108.5	-109.0	-9.875	-9.875	True	False	morphology	determiner_noun_agreement	Write a natural, coherent English sentence.
859	30	Lawrence isn't questioning that nice woman.	Lawrence isn't questioning those nice woman.	-90.0	-90.5	-10.0	-10.0625	True	True	morphology	determiner_noun_agreement	Write a natural, coherent English sentence.
860	30	Some waitresses have this big octopus.	Some waitresses have these big octopus.	-105.5	-105.0	-9.5625	-9.5625	False	False	morphology	determiner_noun_agreement	Write a natural, coherent English sentence.
861	30	Carolyn had embarrassed that busy alumnus.	Carolyn had embarrassed those busy alumnus.	-99.0	-99.5	-9.875	-9.9375	True	True	morphology	determiner_noun_agreement	Write a natural, coherent English sentence.
862	30	Jeffrey aggravated that smart man.	Jeffrey aggravated those smart man.	-88.0	-87.5	-9.75	-9.75	False	False	morphology	determiner_noun_agreement	Write a natural, coherent English sentence.
863	30	Guy messed up this yellow foot.	Guy messed up these yellow foot.	-77.5	-77.5	-9.6875	-9.6875	False	False	morphology	determiner_noun_agreement	Write a natural, coherent English sentence.
864	30	Every book is embarrassing this small woman.	Every book is embarrassing these small woman.	-88.0	-88.5	-9.8125	-9.8125	True	False	morphology	determiner_noun_agreement	Write a natural, coherent English sentence.
865	30	These associations were talking about these scared women.	These associations were talking about this scared women.	-89.0	-89.5	-9.875	-9.9375	True	True	morphology	determiner_noun_agreement	Write a natural, coherent English sentence.
866	30	Todd disturbs this upset child.	Todd disturbs these upset child.	-79.0	-79.5	-9.875	-9.9375	True	True	morphology	determiner_noun_agreement	Write a natural, coherent English sentence.
867	30	That window alarms these exposed women.	That window alarms this exposed women.	-80.0	-80.5	-10.0	-10.0625	True	True	morphology	determiner_noun_agreement	Write a natural, coherent English sentence.
868	30	A window upsets these upset men.	A window upsets this upset men.	-79.5	-80.0	-9.9375	-10.0	True	True	morphology	determiner_noun_agreement	Write a natural, coherent English sentence.
869	30	Monet is fixing that brown foot.	Monet is fixing those brown foot.	-80.0	-79.5	-10.0	-9.9375	False	False	morphology	determiner_noun_agreement	Write a natural, coherent English sentence.
870	30	Adam left these big alumni.	Adam left this big alumni.	-79.0	-79.5	-9.875	-9.9375	True	True	morphology	determiner_noun_agreement	Write a natural, coherent English sentence.
871	30	Stacy can exit that big oasis.	Stacy can exit those big oasis.	-89.0	-90.0	-9.9375	-10.0	True	True	morphology	determiner_noun_agreement	Write a natural, coherent English sentence.
872	30	Roger was returning to those happy alumni.	Roger was returning to that happy alumni.	-97.5	-98.0	-9.75	-9.8125	True	True	morphology	determiner_noun_agreement	Write a natural, coherent English sentence.
873	30	Dana isn't investigating this ill woman.	Dana isn't investigating these ill woman.	-108.0	-108.5	-9.8125	-9.875	True	True	morphology	determiner_noun_agreement	Write a natural, coherent English sentence.
874	30	Tammy has those yellow axes.	Tammy has that yellow axes.	-79.0	-79.0	-9.875	-9.875	False	False	morphology	determiner_noun_agreement	Write a natural, coherent English sentence.
875	30	Marla leaves those employed children.	Marla leaves that employed children.	-71.0	-71.0	-10.125	-10.125	False	False	morphology	determiner_noun_agreement	Write a natural, coherent English sentence.
876	30	Sarah referenced that ill child.	Sarah referenced those ill child.	-69.0	-69.0	-9.875	-9.875	False	False	morphology	determiner_noun_agreement	Write a natural, coherent English sentence.
877	30	Edward complained about this serious child.	Edward complained about these serious child.	-70.0	-70.0	-10.0	-10.0	False	False	morphology	determiner_noun_agreement	Write a natural, coherent English sentence.
878	30	Carolyn healed those bad women.	Carolyn healed that bad women.	-79.0	-79.5	-9.875	-9.9375	True	True	morphology	determiner_noun_agreement	Write a natural, coherent English sentence.
879	30	The waitresses fired those upset alumni.	The waitresses fired that upset alumni.	-107.0	-107.0	-9.6875	-9.75	False	True	morphology	determiner_noun_agreement	Write a natural, coherent English sentence.
880	30	Every driver dropped by that old oasis.	Every driver dropped by those old oasis.	-89.0	-89.5	-9.875	-9.9375	True	True	morphology	determiner_noun_agreement	Write a natural, coherent English sentence.
881	30	William hadn't hugged these hopeful alumni.	William hadn't hugged this hopeful alumni.	-126.0	-126.0	-9.6875	-9.6875	False	False	morphology	determiner_noun_agreement	Write a natural, coherent English sentence.
882	30	The Lutherans had messed up those lost feet.	The Lutherans had messed up that lost feet.	-108.0	-108.0	-9.8125	-9.8125	False	False	morphology	determiner_noun_agreement	Write a natural, coherent English sentence.
883	30	Florence hasn't confused those standing men.	Florence hasn't confused that standing men.	-90.0	-90.5	-10.0	-10.0625	True	True	morphology	determiner_noun_agreement	Write a natural, coherent English sentence.
884	30	Some convertible upset this upset woman.	Some convertible upset these upset woman.	-79.5	-80.0	-9.9375	-10.0	True	True	morphology	determiner_noun_agreement	Write a natural, coherent English sentence.
885	30	Rebecca saw this hidden foot.	Rebecca saw these hidden foot.	-60.25	-60.0	-10.0	-10.0	False	False	morphology	determiner_noun_agreement	Write a natural, coherent English sentence.
886	30	Derek returned to these content men.	Derek returned to this content men.	-79.5	-80.0	-9.9375	-10.0	True	True	morphology	determiner_noun_agreement	Write a natural, coherent English sentence.
887	30	Those teachers love those hidden women.	Those teachers love that hidden women.	-70.5	-71.0	-10.0625	-10.125	True	True	morphology	determiner_noun_agreement	Write a natural, coherent English sentence.
888	30	Jennifer worried those ill men.	Jennifer worried that ill men.	-61.0	-60.5	-10.125	-10.0625	False	False	morphology	determiner_noun_agreement	Write a natural, coherent English sentence.
889	30	A chair was stunning this big man.	A chair was stunning these big man.	-79.5	-80.0	-9.9375	-10.0	True	True	morphology	determiner_noun_agreement	Write a natural, coherent English sentence.
890	30	Paintings looked like that gray thesis.	Paintings looked like those gray thesis.	-90.0	-90.0	-10.0	-10.0	False	False	morphology	determiner_noun_agreement	Write a natural, coherent English sentence.
891	30	Karla toured this rough oasis.	Karla toured these rough oasis.	-89.5	-89.5	-9.9375	-9.9375	False	False	morphology	determiner_noun_agreement	Write a natural, coherent English sentence.
892	30	Walter couldn't boycott those hidden oases.	Walter couldn't boycott that hidden oases.	-109.5	-109.5	-10.0	-9.9375	False	False	morphology	determiner_noun_agreement	Write a natural, coherent English sentence.
893	30	Donald has worried this smart man.	Donald has worried these smart man.	-70.5	-70.5	-10.0625	-10.0625	False	False	morphology	determiner_noun_agreement	Write a natural, coherent English sentence.
894	30	Catherine has boycotted those gray oases.	Catherine has boycotted that gray oases.	-99.5	-99.5	-9.9375	-10.0	False	True	morphology	determiner_noun_agreement	Write a natural, coherent English sentence.
895	30	Nicole toured those yellow oases.	Nicole toured that yellow oases.	-80.0	-80.0	-10.0	-10.0	False	False	morphology	determiner_noun_agreement	Write a natural, coherent English sentence.
896	30	Barbara praises that young woman.	Barbara praises those young woman.	-69.0	-69.5	-9.875	-9.9375	True	True	morphology	determiner_noun_agreement	Write a natural, coherent English sentence.
897	30	The apple aggravates those hopeful children.	The apple aggravates that hopeful children.	-96.5	-97.0	-9.625	-9.6875	True	True	morphology	determiner_noun_agreement	Write a natural, coherent English sentence.
898	30	All photographs could look like this big fungus.	All photographs could look like these big fungus.	-107.5	-108.0	-9.75	-9.8125	True	True	morphology	determiner_noun_agreement	Write a natural, coherent English sentence.
899	30	Guys should talk about that good synopsis.	Guys should talk about those good synopsis.	-98.5	-98.5	-9.875	-9.8125	False	False	morphology	determiner_noun_agreement	Write a natural, coherent English sentence.
900	30	Tracy discovered this concealed alumnus.	Tracy discovered these concealed alumnus.	-98.5	-99.0	-9.8125	-9.875	True	True	morphology	determiner_noun_agreement	Write a natural, coherent English sentence.
901	30	All actresses are helping this troubled man.	All actresses are helping these troubled man.	-96.0	-96.0	-9.5625	-9.625	False	True	morphology	determiner_noun_agreement	Write a natural, coherent English sentence.
902	30	Douglas isn't revealing this dirty foot.	Douglas isn't revealing these dirty foot.	-90.5	-90.5	-10.0625	-10.0625	False	False	morphology	determiner_noun_agreement	Write a natural, coherent English sentence.
903	30	Most senators confuse that standing child.	Most senators confuse those standing child.	-90.0	-89.5	-10.0	-9.9375	False	False	morphology	determiner_noun_agreement	Write a natural, coherent English sentence.
904	30	Those doctors embarrass that upset woman.	Those doctors embarrass those upset woman.	-70.0	-71.0	-10.0	-10.125	True	True	morphology	determiner_noun_agreement	Write a natural, coherent English sentence.
905	30	A lot of customers were healing those sick men.	A lot of customers were healing that sick men.	-98.0	-99.0	-9.8125	-9.875	True	True	morphology	determiner_noun_agreement	Write a natural, coherent English sentence.
906	30	Sabrina does conceal these old alumni.	Sabrina does conceal this old alumni.	-117.0	-117.0	-9.75	-9.75	False	False	morphology	determiner_noun_agreement	Write a natural, coherent English sentence.
907	30	Many girls can't observe those young alumni.	Many girls can't observe that young alumni.	-119.0	-119.0	-9.875	-9.875	False	False	morphology	determiner_noun_agreement	Write a natural, coherent English sentence.
908	30	The actresses hire that lucky man.	The actresses hire those lucky man.	-79.5	-79.0	-9.9375	-9.875	False	False	morphology	determiner_noun_agreement	Write a natural, coherent English sentence.
909	30	Andrea is firing that scared child.	Andrea is firing those scared child.	-70.0	-70.5	-10.0	-10.0625	True	True	morphology	determiner_noun_agreement	Write a natural, coherent English sentence.
910	30	That dancer scanned that bad synopsis.	That dancer scanned those bad synopsis.	-99.0	-99.0	-9.9375	-9.875	False	False	morphology	determiner_noun_agreement	Write a natural, coherent English sentence.
911	30	Daniel breaks these dirty teeth.	Daniel breaks this dirty teeth.	-60.0	-60.5	-10.0	-10.0625	True	True	morphology	determiner_noun_agreement	Write a natural, coherent English sentence.
912	30	Students had messed up those purple teeth.	Students had messed up that purple teeth.	-89.0	-89.0	-9.875	-9.875	False	False	morphology	determiner_noun_agreement	Write a natural, coherent English sentence.
913	30	Becky boycotted those old oases.	Becky boycotted that old oases.	-98.5	-98.5	-9.8125	-9.875	False	True	morphology	determiner_noun_agreement	Write a natural, coherent English sentence.
914	30	Florence talks to those good women.	Florence talks to that good women.	-70.5	-70.5	-10.0625	-10.0625	False	False	morphology	determiner_noun_agreement	Write a natural, coherent English sentence.
915	30	Carmen won't break this big foot.	Carmen won't break these big foot.	-99.0	-99.0	-9.875	-9.875	False	False	morphology	determiner_noun_agreement	Write a natural, coherent English sentence.
916	30	Stephen fired those employed men.	Stephen fired that employed men.	-60.5	-60.75	-10.0625	-10.125	True	True	morphology	determiner_noun_agreement	Write a natural, coherent English sentence.
917	30	Many governments confuse this sick woman.	Many governments confuse these sick woman.	-80.0	-80.5	-10.0	-10.0625	True	True	morphology	determiner_noun_agreement	Write a natural, coherent English sentence.
918	30	Heidi healed this troubled child.	Heidi healed these troubled child.	-87.5	-87.5	-9.75	-9.75	False	False	morphology	determiner_noun_agreement	Write a natural, coherent English sentence.
919	30	Daniel questions these employed alumni.	Daniel questions this employed alumni.	-79.0	-79.0	-9.875	-9.875	False	False	morphology	determiner_noun_agreement	Write a natural, coherent English sentence.
920	30	People admire these yellow oxen.	People admire this yellow oxen.	-78.5	-78.0	-9.8125	-9.75	False	False	morphology	determiner_noun_agreement	Write a natural, coherent English sentence.
921	30	Those adults embarrasses this displeased woman.	Those adults embarrasses these displeased woman.	-98.0	-98.5	-9.8125	-9.8125	True	False	morphology	determiner_noun_agreement	Write a natural, coherent English sentence.
922	30	Winston Churchill notices these big nuclei.	Winston Churchill notices this big nuclei.	-106.0	-106.0	-9.625	-9.625	False	False	morphology	determiner_noun_agreement	Write a natural, coherent English sentence.
923	30	All women hide those concealed nuclei.	All women hide that concealed nuclei.	-89.0	-89.0	-9.9375	-9.9375	False	False	morphology	determiner_noun_agreement	Write a natural, coherent English sentence.
924	30	Charles was escaping from those lucky men.	Charles was escaping from that lucky men.	-89.0	-89.5	-9.875	-9.9375	True	True	morphology	determiner_noun_agreement	Write a natural, coherent English sentence.
925	30	Paul doesn't insult this happy woman.	Paul doesn't insult these happy woman.	-89.5	-90.0	-9.9375	-10.0	True	True	morphology	determiner_noun_agreement	Write a natural, coherent English sentence.
926	30	Galileo isn't scanning this brown thesis.	Galileo isn't scanning these brown thesis.	-117.0	-117.5	-9.75	-9.8125	True	True	morphology	determiner_noun_agreement	Write a natural, coherent English sentence.
927	30	The newspaper article doesn't annoy that exposed man.	The newspaper article doesn't annoy those exposed man.	-108.5	-108.5	-9.875	-9.875	False	False	morphology	determiner_noun_agreement	Write a natural, coherent English sentence.
928	30	Carmen noticed these gray cacti.	Carmen noticed this gray cacti.	-88.0	-88.0	-9.75	-9.75	False	False	morphology	determiner_noun_agreement	Write a natural, coherent English sentence.
929	30	Teresa approaches this upset man.	Teresa approaches these upset man.	-69.0	-69.5	-9.875	-9.9375	True	True	morphology	determiner_noun_agreement	Write a natural, coherent English sentence.
930	30	April was revealing this hidden woman.	April was revealing these hidden woman.	-70.0	-70.0	-10.0	-10.0	False	False	morphology	determiner_noun_agreement	Write a natural, coherent English sentence.
931	30	Michael has loved these scared men.	Michael has loved this scared men.	-70.5	-70.5	-10.0625	-10.125	False	True	morphology	determiner_noun_agreement	Write a natural, coherent English sentence.
932	30	Joseph hadn't bought those hard lice.	Joseph hadn't bought that hard lice.	-100.0	-100.0	-10.0	-10.0	False	False	morphology	determiner_noun_agreement	Write a natural, coherent English sentence.
933	30	Larry did drive to this out in the open oasis.	Larry did drive to these out in the open oasis.	-118.0	-118.5	-9.8125	-9.875	True	True	morphology	determiner_noun_agreement	Write a natural, coherent English sentence.
934	30	Lisa hasn't driven to that new oasis.	Lisa hasn't driven to those new oasis.	-106.5	-107.5	-9.6875	-9.75	True	True	morphology	determiner_noun_agreement	Write a natural, coherent English sentence.
935	30	Steve scanned this good synopsis.	Steve scanned these good synopsis.	-78.5	-79.0	-9.8125	-9.875	True	True	morphology	determiner_noun_agreement	Write a natural, coherent English sentence.
936	30	The Lutherans care for those hopeful men.	The Lutherans care for that hopeful men.	-98.0	-99.0	-9.8125	-9.875	True	True	morphology	determiner_noun_agreement	Write a natural, coherent English sentence.
937	30	Christine bikes to these orange oases.	Christine bikes to this orange oases.	-97.5	-97.5	-9.75	-9.75	False	False	morphology	determiner_noun_agreement	Write a natural, coherent English sentence.
938	30	Most actors distracted this popular woman.	Most actors distracted these popular woman.	-80.0	-80.0	-10.0	-10.0	False	False	morphology	determiner_noun_agreement	Write a natural, coherent English sentence.
939	30	Emily should observe those displeased men.	Emily should observe that displeased men.	-89.0	-89.0	-9.9375	-9.875	False	False	morphology	determiner_noun_agreement	Write a natural, coherent English sentence.
940	30	The drivers do sell this green thesis.	The drivers do sell these green thesis.	-80.0	-80.0	-10.0	-10.0	False	False	morphology	determiner_noun_agreement	Write a natural, coherent English sentence.
941	30	Most drivers love these unemployed men.	Most drivers love this unemployed men.	-79.0	-79.5	-9.875	-9.9375	True	True	morphology	determiner_noun_agreement	Write a natural, coherent English sentence.
942	30	Those doctors care for this hopeful man.	Those doctors care for these hopeful man.	-87.5	-88.0	-9.6875	-9.8125	True	True	morphology	determiner_noun_agreement	Write a natural, coherent English sentence.
943	30	Brad kisses that displeased man.	Brad kisses those displeased man.	-87.5	-88.0	-9.6875	-9.75	True	True	morphology	determiner_noun_agreement	Write a natural, coherent English sentence.
944	30	Danielle had argued about those troubled men.	Danielle had argued about that troubled men.	-98.5	-99.0	-9.875	-9.875	True	False	morphology	determiner_noun_agreement	Write a natural, coherent English sentence.
945	30	An actor is disgusting those unsure men.	An actor is disgusting that unsure men.	-99.0	-99.5	-9.9375	-9.9375	True	False	morphology	determiner_noun_agreement	Write a natural, coherent English sentence.
946	30	Galileo didn't hurt those displeased children.	Galileo didn't hurt that displeased children.	-125.5	-126.0	-9.625	-9.6875	True	True	morphology	determiner_noun_agreement	Write a natural, coherent English sentence.
947	30	Omar messed up these small teeth.	Omar messed up this small teeth.	-87.0	-87.5	-9.6875	-9.75	True	True	morphology	determiner_noun_agreement	Write a natural, coherent English sentence.
948	30	Carmen will watch this smart person.	Carmen will watch these smart person.	-79.5	-79.5	-9.9375	-9.9375	False	False	morphology	determiner_noun_agreement	Write a natural, coherent English sentence.
949	30	Jeffrey hid that unlucky child.	Jeffrey hid those unlucky child.	-89.0	-89.0	-9.875	-9.875	False	False	morphology	determiner_noun_agreement	Write a natural, coherent English sentence.
950	30	Every plane bothers this upset child.	Every plane bothers these upset child.	-79.0	-79.5	-9.875	-9.9375	True	True	morphology	determiner_noun_agreement	Write a natural, coherent English sentence.
951	30	A lot of hospitals have those blue teeth.	A lot of hospitals have that blue teeth.	-88.5	-89.0	-9.875	-9.875	True	False	morphology	determiner_noun_agreement	Write a natural, coherent English sentence.
952	30	Nancy wasn't disturbing that clever man.	Nancy wasn't disturbing those clever man.	-98.5	-99.0	-9.875	-9.875	True	False	morphology	determiner_noun_agreement	Write a natural, coherent English sentence.
953	30	These ladies bought that white tooth.	These ladies bought those white tooth.	-70.0	-70.0	-10.0	-10.0	False	False	morphology	determiner_noun_agreement	Write a natural, coherent English sentence.
954	30	Every skirt annoys that confident person.	Every skirt annoys those confident person.	-89.0	-89.5	-9.875	-9.9375	True	True	morphology	determiner_noun_agreement	Write a natural, coherent English sentence.
955	30	These actors weren't biking to these red oases.	These actors weren't biking to this red oases.	-128.0	-127.5	-9.875	-9.8125	False	False	morphology	determiner_noun_agreement	Write a natural, coherent English sentence.
956	30	Carmen has described those confident people.	Carmen has described that confident people.	-79.0	-79.5	-9.875	-9.9375	True	True	morphology	determiner_noun_agreement	Write a natural, coherent English sentence.
957	30	All legislatures criticize that brown oasis.	All legislatures criticize those brown oasis.	-98.0	-97.5	-9.8125	-9.75	False	False	morphology	determiner_noun_agreement	Write a natural, coherent English sentence.
958	30	Paula works with that clever person.	Paula works with those clever person.	-79.5	-80.0	-9.9375	-10.0	True	True	morphology	determiner_noun_agreement	Write a natural, coherent English sentence.
959	30	Benjamin respects those confident children.	Benjamin respects that confident children.	-69.5	-70.0	-9.9375	-10.0	True	True	morphology	determiner_noun_agreement	Write a natural, coherent English sentence.
960	30	Mitchell attacked these unsure alumni.	Mitchell attacked this unsure alumni.	-89.5	-90.0	-9.9375	-10.0	True	True	morphology	determiner_noun_agreement	Write a natural, coherent English sentence.
961	30	The Lutherans hadn't cleaned these broken teeth.	The Lutherans hadn't cleaned this broken teeth.	-108.5	-108.5	-9.875	-9.875	False	False	morphology	determiner_noun_agreement	Write a natural, coherent English sentence.
962	30	A lot of children observe that young child.	A lot of children observe those young child.	-88.5	-89.0	-9.8125	-9.875	True	True	morphology	determiner_noun_agreement	Write a natural, coherent English sentence.
963	30	Gary hadn't sounded like this out in the open oasis.	Gary hadn't sounded like these out in the open oasis.	-137.0	-138.0	-9.8125	-9.8125	True	False	morphology	determiner_noun_agreement	Write a natural, coherent English sentence.
964	30	That fish annoyed this serious alumnus.	That fish annoyed these serious alumnus.	-97.5	-98.0	-9.75	-9.8125	True	True	morphology	determiner_noun_agreement	Write a natural, coherent English sentence.
965	30	Spotlights worry those standing people.	Spotlights worry that standing people.	-70.0	-70.0	-10.0	-10.0	False	False	morphology	determiner_noun_agreement	Write a natural, coherent English sentence.
966	30	Rodney returned to these content alumni.	Rodney returned to this content alumni.	-97.5	-98.0	-9.75	-9.75	True	False	morphology	determiner_noun_agreement	Write a natural, coherent English sentence.
967	30	Bruce references this unemployed child.	Bruce references these unemployed child.	-70.0	-70.0	-10.0	-10.0	False	False	morphology	determiner_noun_agreement	Write a natural, coherent English sentence.
968	30	Many museums criticize this bad analysis.	Many museums criticize these bad analysis.	-87.0	-87.5	-9.6875	-9.75	True	True	morphology	determiner_noun_agreement	Write a natural, coherent English sentence.
969	30	Danielle knows that concealed man.	Danielle knows those concealed man.	-79.5	-79.5	-9.9375	-9.9375	False	False	morphology	determiner_noun_agreement	Write a natural, coherent English sentence.
970	30	Katherine sells that smooth oasis.	Katherine sells those smooth oasis.	-88.0	-88.0	-9.8125	-9.75	False	False	morphology	determiner_noun_agreement	Write a natural, coherent English sentence.
971	30	Meredith hadn't scared these clever people.	Meredith hadn't scared this clever people.	-108.5	-108.5	-9.875	-9.875	False	False	morphology	determiner_noun_agreement	Write a natural, coherent English sentence.
972	30	Walter biked to these gray oases.	Walter biked to this gray oases.	-97.5	-97.5	-9.75	-9.75	False	False	morphology	determiner_noun_agreement	Write a natural, coherent English sentence.
973	30	Phillip has investigated this unemployed man.	Phillip has investigated these unemployed man.	-88.5	-89.0	-9.8125	-9.875	True	True	morphology	determiner_noun_agreement	Write a natural, coherent English sentence.
974	30	Alice knows that ill woman.	Alice knows those ill woman.	-60.25	-60.75	-10.0625	-10.125	True	True	morphology	determiner_noun_agreement	Write a natural, coherent English sentence.
975	30	Daniel bothered that unemployed alumnus.	Daniel bothered those unemployed alumnus.	-88.0	-87.5	-9.75	-9.75	False	False	morphology	determiner_noun_agreement	Write a natural, coherent English sentence.
976	30	Some children notice this black thesis.	Some children notice these black thesis.	-70.0	-70.0	-10.0	-10.0	False	False	morphology	determiner_noun_agreement	Write a natural, coherent English sentence.
977	30	George has alarmed these unemployed children.	George has alarmed this unemployed children.	-88.0	-89.0	-9.8125	-9.875	True	True	morphology	determiner_noun_agreement	Write a natural, coherent English sentence.
978	30	Sarah won't drive to this concealed oasis.	Sarah won't drive to these concealed oasis.	-117.0	-118.0	-9.75	-9.8125	True	True	morphology	determiner_noun_agreement	Write a natural, coherent English sentence.
979	30	Grace arrived at those small oases.	Grace arrived at that small oases.	-79.0	-79.0	-9.875	-9.875	False	False	morphology	determiner_noun_agreement	Write a natural, coherent English sentence.
980	30	David kisses that lucky man.	David kisses those lucky man.	-68.5	-69.0	-9.8125	-9.875	True	True	morphology	determiner_noun_agreement	Write a natural, coherent English sentence.
981	30	Laura isn't lifting this smooth axis.	Laura isn't lifting these smooth axis.	-90.0	-90.0	-10.0	-10.0	False	False	morphology	determiner_noun_agreement	Write a natural, coherent English sentence.
982	30	Mark embarrassed these confident children.	Mark embarrassed this confident children.	-60.0	-60.5	-10.0	-10.0625	True	True	morphology	determiner_noun_agreement	Write a natural, coherent English sentence.
983	30	Patients bothers this employed man.	Patients bothers these employed man.	-79.0	-79.0	-9.875	-9.875	False	False	morphology	determiner_noun_agreement	Write a natural, coherent English sentence.
984	30	Christopher has criticized this bad synopsis.	Christopher has criticized these bad synopsis.	-88.0	-88.5	-9.8125	-9.875	True	True	morphology	determiner_noun_agreement	Write a natural, coherent English sentence.
985	30	Todd hadn't gone to this cheap oasis.	Todd hadn't gone to these cheap oasis.	-108.0	-108.0	-9.8125	-9.8125	False	False	morphology	determiner_noun_agreement	Write a natural, coherent English sentence.
986	30	Becca does investigate this lucky alumnus.	Becca does investigate these lucky alumnus.	-99.0	-99.0	-9.875	-9.875	False	False	morphology	determiner_noun_agreement	Write a natural, coherent English sentence.
987	30	Sabrina visits those fast women.	Sabrina visits that fast women.	-78.5	-78.5	-9.8125	-9.8125	False	False	morphology	determiner_noun_agreement	Write a natural, coherent English sentence.
988	30	Janet knew those unconvinced children.	Janet knew that unconvinced children.	-98.5	-98.0	-9.875	-9.8125	False	False	morphology	determiner_noun_agreement	Write a natural, coherent English sentence.
989	30	Christine hated this young man.	Christine hated these young man.	-69.0	-70.0	-9.875	-10.0	True	True	morphology	determiner_noun_agreement	Write a natural, coherent English sentence.
990	30	Chad hadn't complained about these big oases.	Chad hadn't complained about this big oases.	-119.0	-119.0	-9.875	-9.875	False	False	morphology	determiner_noun_agreement	Write a natural, coherent English sentence.
991	30	Many bikes stun that nice man.	Many bikes stun those nice man.	-90.0	-90.0	-10.0	-10.0	False	False	morphology	determiner_noun_agreement	Write a natural, coherent English sentence.
992	30	William hasn't investigated these fast men.	William hasn't investigated this fast men.	-89.5	-89.5	-9.9375	-9.9375	False	False	morphology	determiner_noun_agreement	Write a natural, coherent English sentence.
993	30	Kristin couldn't research these smooth oases.	Kristin couldn't research this smooth oases.	-109.0	-109.5	-9.9375	-9.9375	True	False	morphology	determiner_noun_agreement	Write a natural, coherent English sentence.
994	30	Travis arrives at these old oases.	Travis arrives at this old oases.	-88.5	-88.5	-9.8125	-9.8125	False	False	morphology	determiner_noun_agreement	Write a natural, coherent English sentence.
995	30	Many boys drive to this yellow oasis.	Many boys drive to these yellow oasis.	-89.5	-90.0	-9.9375	-10.0	True	True	morphology	determiner_noun_agreement	Write a natural, coherent English sentence.
996	30	Danielle won't heal those unlucky people.	Danielle won't heal that unlucky people.	-118.0	-119.0	-9.875	-9.875	True	False	morphology	determiner_noun_agreement	Write a natural, coherent English sentence.
997	30	Sabrina wouldn't go to that new oasis.	Sabrina wouldn't go to those new oasis.	-125.5	-126.0	-9.625	-9.6875	True	True	morphology	determiner_noun_agreement	Write a natural, coherent English sentence.
998	30	This movie theater annoys these lucky alumni.	This movie theater annoys this lucky alumni.	-116.5	-116.5	-9.6875	-9.75	False	True	morphology	determiner_noun_agreement	Write a natural, coherent English sentence.
999	30	Stacy doesn't appreciate that out in the open woman.	Stacy doesn't appreciate those out in the open woman.	-128.0	-128.0	-9.8125	-9.875	False	True	morphology	determiner_noun_agreement	Write a natural, coherent English sentence.
0	31	Alexander didn't walk through that new oasis.	Alexander didn't walk through those new oasis.	-105.0	-105.5	-9.5	-9.5625	True	True	morphology	determiner_noun_agreement	Write a natural, coherent English sentence.
1	31	This hair irritates these old alumni.	This hair irritates this old alumni.	-95.0	-95.0	-9.5	-9.5	False	False	morphology	determiner_noun_agreement	Write a natural, coherent English sentence.
2	31	Winston Churchill was escaping from this serious person.	Winston Churchill was escaping from these serious person.	-113.0	-114.0	-9.4375	-9.5	True	True	morphology	determiner_noun_agreement	Write a natural, coherent English sentence.
3	31	Anna walks through these purple oases.	Anna walks through this purple oases.	-77.0	-77.5	-9.625	-9.6875	True	True	morphology	determiner_noun_agreement	Write a natural, coherent English sentence.
4	31	Alicia sounded like this good analysis.	Alicia sounded like these good analysis.	-87.0	-87.5	-9.6875	-9.6875	True	False	morphology	determiner_noun_agreement	Write a natural, coherent English sentence.
5	31	Jeffrey might complain about this gray thesis.	Jeffrey might complain about these gray thesis.	-87.0	-87.0	-9.6875	-9.6875	False	False	morphology	determiner_noun_agreement	Write a natural, coherent English sentence.
6	31	Meredith approaches these concealed women.	Meredith approaches this concealed women.	-86.5	-87.0	-9.625	-9.6875	True	True	morphology	determiner_noun_agreement	Write a natural, coherent English sentence.
7	31	Julia questioned those small children.	Julia questioned that small children.	-59.5	-59.5	-9.9375	-9.9375	False	False	morphology	determiner_noun_agreement	Write a natural, coherent English sentence.
8	31	That adult has brought that purple octopus.	That adult has brought those purple octopus.	-96.0	-96.0	-9.625	-9.625	False	False	morphology	determiner_noun_agreement	Write a natural, coherent English sentence.
9	31	The people hug this displeased woman.	The people hug these displeased woman.	-85.5	-86.5	-9.5	-9.625	True	True	morphology	determiner_noun_agreement	Write a natural, coherent English sentence.
10	31	That beef did bore these displeased people.	That beef did bore this displeased people.	-97.0	-97.0	-9.75	-9.6875	False	False	morphology	determiner_noun_agreement	Write a natural, coherent English sentence.
11	31	These libraries talk about these long synopses.	These libraries talk about this long synopses.	-94.0	-95.0	-9.4375	-9.5	True	True	morphology	determiner_noun_agreement	Write a natural, coherent English sentence.
12	31	Lori wasn't hiring those delighted men.	Lori wasn't hiring that delighted men.	-97.0	-97.5	-9.6875	-9.75	True	True	morphology	determiner_noun_agreement	Write a natural, coherent English sentence.
13	31	The teachers are running around this concealed oasis.	The teachers are running around these concealed oasis.	-104.5	-105.5	-9.5	-9.5625	True	True	morphology	determiner_noun_agreement	Write a natural, coherent English sentence.
14	31	Those bananas embarrass these delighted people.	Those bananas embarrass this delighted people.	-77.0	-78.0	-9.625	-9.75	True	True	morphology	determiner_noun_agreement	Write a natural, coherent English sentence.
15	31	Mitchell brought those green oases.	Mitchell brought that green oases.	-69.5	-69.5	-9.9375	-9.9375	False	False	morphology	determiner_noun_agreement	Write a natural, coherent English sentence.
16	31	The actresses complain about this rough thesis.	The actresses complain about these rough thesis.	-87.5	-87.5	-9.75	-9.75	False	False	morphology	determiner_noun_agreement	Write a natural, coherent English sentence.
17	31	Russell investigates these fast women.	Russell investigates this fast women.	-68.0	-68.5	-9.75	-9.8125	True	True	morphology	determiner_noun_agreement	Write a natural, coherent English sentence.
18	31	Irene praised those bad synopses.	Irene praised that bad synopses.	-86.0	-87.0	-9.5625	-9.6875	True	True	morphology	determiner_noun_agreement	Write a natural, coherent English sentence.
19	31	Denise did confuse that important woman.	Denise did confuse those important woman.	-87.0	-88.0	-9.6875	-9.75	True	True	morphology	determiner_noun_agreement	Write a natural, coherent English sentence.
20	31	Some patients dislike those nice women.	Some patients dislike that nice women.	-78.0	-78.0	-9.75	-9.75	False	False	morphology	determiner_noun_agreement	Write a natural, coherent English sentence.
21	31	Amelia wasn't observing this hopeful man.	Amelia wasn't observing these hopeful man.	-114.5	-114.5	-9.5	-9.5	False	False	morphology	determiner_noun_agreement	Write a natural, coherent English sentence.
22	31	Grace is hugging these popular women.	Grace is hugging this popular women.	-77.0	-78.0	-9.625	-9.75	True	True	morphology	determiner_noun_agreement	Write a natural, coherent English sentence.
23	31	Julia might describe this long synopsis.	Julia might describe these long synopsis.	-78.0	-78.5	-9.75	-9.8125	True	True	morphology	determiner_noun_agreement	Write a natural, coherent English sentence.
24	31	Many pedestrians do return to these happy men.	Many pedestrians do return to this happy men.	-104.0	-105.0	-9.4375	-9.5625	True	True	morphology	determiner_noun_agreement	Write a natural, coherent English sentence.
25	31	Laura noticed that determined man.	Laura noticed those determined man.	-58.75	-60.0	-9.8125	-10.0	True	True	morphology	determiner_noun_agreement	Write a natural, coherent English sentence.
26	31	Julie would pass those red oases.	Julie would pass that red oases.	-79.0	-79.5	-9.875	-9.9375	True	True	morphology	determiner_noun_agreement	Write a natural, coherent English sentence.
27	31	These doctors boast about this out in the open child.	These doctors boast about these out in the open child.	-114.0	-114.5	-9.5	-9.5625	True	True	morphology	determiner_noun_agreement	Write a natural, coherent English sentence.
28	31	Stephen isn't revealing this brown nucleus.	Stephen isn't revealing these brown nucleus.	-96.5	-97.0	-9.625	-9.6875	True	True	morphology	determiner_noun_agreement	Write a natural, coherent English sentence.
29	31	Travel stuns that sick child.	Travel stuns those sick child.	-69.0	-69.5	-9.8125	-9.875	True	True	morphology	determiner_noun_agreement	Write a natural, coherent English sentence.
30	31	Amelia healed that unemployed woman.	Amelia healed those unemployed woman.	-86.0	-86.0	-9.5625	-9.5625	False	False	morphology	determiner_noun_agreement	Write a natural, coherent English sentence.
31	31	Noah attacks that ill child.	Noah attacks those ill child.	-59.75	-60.0	-9.9375	-10.0	True	True	morphology	determiner_noun_agreement	Write a natural, coherent English sentence.
32	31	Randolf buys those gray fungi.	Randolf buys that gray fungi.	-87.5	-87.5	-9.6875	-9.75	False	True	morphology	determiner_noun_agreement	Write a natural, coherent English sentence.
33	31	Some pedestrians disagreed with this big woman.	Some pedestrians disagreed with these big woman.	-102.5	-103.0	-9.3125	-9.375	True	True	morphology	determiner_noun_agreement	Write a natural, coherent English sentence.
34	31	Adam might sound like these determined children.	Adam might sound like this determined children.	-78.5	-79.0	-9.8125	-9.875	True	True	morphology	determiner_noun_agreement	Write a natural, coherent English sentence.
35	31	Bill has stunned this confident man.	Bill has stunned these confident man.	-78.0	-79.0	-9.75	-9.875	True	True	morphology	determiner_noun_agreement	Write a natural, coherent English sentence.
36	31	Rhonda should see these blue oases.	Rhonda should see this blue oases.	-87.5	-88.0	-9.75	-9.75	True	False	morphology	determiner_noun_agreement	Write a natural, coherent English sentence.
37	31	Stephen cares for that out in the open alumnus.	Stephen cares for those out in the open alumnus.	-116.0	-116.0	-9.6875	-9.6875	False	False	morphology	determiner_noun_agreement	Write a natural, coherent English sentence.
38	31	Cheryl has bought this green oasis.	Cheryl has bought these green oasis.	-86.5	-87.0	-9.625	-9.6875	True	True	morphology	determiner_noun_agreement	Write a natural, coherent English sentence.
39	31	Every door annoyed this lucky child.	Every door annoyed these lucky child.	-77.5	-78.0	-9.6875	-9.75	True	True	morphology	determiner_noun_agreement	Write a natural, coherent English sentence.
40	31	Gerald cures that unlucky child.	Gerald cures those unlucky child.	-96.5	-96.5	-9.625	-9.625	False	False	morphology	determiner_noun_agreement	Write a natural, coherent English sentence.
41	31	Eyes weren't worrying this troubled child.	Eyes weren't worrying these troubled child.	-105.0	-105.0	-9.5625	-9.5625	False	False	morphology	determiner_noun_agreement	Write a natural, coherent English sentence.
42	31	Michael isn't referencing this long synopsis.	Michael isn't referencing these long synopsis.	-104.5	-105.5	-9.5	-9.5625	True	True	morphology	determiner_noun_agreement	Write a natural, coherent English sentence.
43	31	Robert insults this serious man.	Robert insults these serious man.	-68.5	-69.0	-9.75	-9.875	True	True	morphology	determiner_noun_agreement	Write a natural, coherent English sentence.
44	31	Waitresses describe that smart alumnus.	Waitresses describe those smart alumnus.	-95.5	-96.5	-9.5	-9.625	True	True	morphology	determiner_noun_agreement	Write a natural, coherent English sentence.
45	31	Dan doesn't respect this unemployed alumnus.	Dan doesn't respect these unemployed alumnus.	-114.0	-114.0	-9.5	-9.5	False	False	morphology	determiner_noun_agreement	Write a natural, coherent English sentence.
46	31	Eric has upset those scared people.	Eric has upset that scared people.	-69.0	-69.0	-9.875	-9.875	False	False	morphology	determiner_noun_agreement	Write a natural, coherent English sentence.
47	31	Sabrina was biking to this exposed oasis.	Sabrina was biking to these exposed oasis.	-113.0	-113.5	-9.4375	-9.5	True	True	morphology	determiner_noun_agreement	Write a natural, coherent English sentence.
48	31	Edward can't think about these exposed mice.	Edward can't think about this exposed mice.	-106.0	-106.5	-9.625	-9.6875	True	True	morphology	determiner_noun_agreement	Write a natural, coherent English sentence.
49	31	Phillip listened to this standing alumnus.	Phillip listened to these standing alumnus.	-96.0	-96.5	-9.625	-9.625	True	False	morphology	determiner_noun_agreement	Write a natural, coherent English sentence.
50	31	Those men skate around this small oasis.	Those men skate around these small oasis.	-96.0	-97.0	-9.625	-9.6875	True	True	morphology	determiner_noun_agreement	Write a natural, coherent English sentence.
51	31	Rhonda could think about those content children.	Rhonda could think about that content children.	-88.0	-88.0	-9.75	-9.75	False	False	morphology	determiner_noun_agreement	Write a natural, coherent English sentence.
52	31	Melissa had remembered that unsure person.	Melissa had remembered those unsure person.	-87.5	-88.0	-9.6875	-9.75	True	True	morphology	determiner_noun_agreement	Write a natural, coherent English sentence.
53	31	The students talk about this upset person.	The students talk about these upset person.	-77.0	-77.5	-9.625	-9.6875	True	True	morphology	determiner_noun_agreement	Write a natural, coherent English sentence.
54	31	Leslie insults those upset alumni.	Leslie insults that upset alumni.	-95.0	-95.5	-9.5	-9.5625	True	True	morphology	determiner_noun_agreement	Write a natural, coherent English sentence.
55	31	Hats distract this ill man.	Hats distract these ill man.	-68.5	-69.0	-9.8125	-9.875	True	True	morphology	determiner_noun_agreement	Write a natural, coherent English sentence.
56	31	Dawn sounded like this determined child.	Dawn sounded like these determined child.	-77.0	-78.0	-9.625	-9.75	True	True	morphology	determiner_noun_agreement	Write a natural, coherent English sentence.
57	31	Carl had run around that brown oasis.	Carl had run around those brown oasis.	-87.5	-88.0	-9.6875	-9.75	True	True	morphology	determiner_noun_agreement	Write a natural, coherent English sentence.
58	31	Anna criticizes these concealed children.	Anna criticizes this concealed children.	-77.5	-77.5	-9.6875	-9.6875	False	False	morphology	determiner_noun_agreement	Write a natural, coherent English sentence.
59	31	The waiter might criticize that unemployed man.	The waiter might criticize those unemployed man.	-103.0	-103.0	-9.375	-9.375	False	False	morphology	determiner_noun_agreement	Write a natural, coherent English sentence.
60	31	Tracy was investigating this troubled alumnus.	Tracy was investigating these troubled alumnus.	-114.0	-114.0	-9.5	-9.5	False	False	morphology	determiner_noun_agreement	Write a natural, coherent English sentence.
61	31	These newspaper articles astound this clever child.	These newspaper articles astound these clever child.	-86.5	-87.5	-9.625	-9.75	True	True	morphology	determiner_noun_agreement	Write a natural, coherent English sentence.
62	31	Dana hadn't attacked this small man.	Dana hadn't attacked these small man.	-97.0	-97.0	-9.6875	-9.6875	False	False	morphology	determiner_noun_agreement	Write a natural, coherent English sentence.
63	31	Curtis wasn't breaking those hard teeth.	Curtis wasn't breaking that hard teeth.	-97.0	-97.0	-9.6875	-9.6875	False	False	morphology	determiner_noun_agreement	Write a natural, coherent English sentence.
64	31	All customers attack this employed alumnus.	All customers attack these employed alumnus.	-86.5	-87.0	-9.625	-9.6875	True	True	morphology	determiner_noun_agreement	Write a natural, coherent English sentence.
65	31	Most ladies go to those purple oases.	Most ladies go to that purple oases.	-88.5	-88.5	-9.8125	-9.8125	False	False	morphology	determiner_noun_agreement	Write a natural, coherent English sentence.
66	31	A dancer tours that blue oasis.	A dancer tours those blue oasis.	-87.5	-88.0	-9.6875	-9.8125	True	True	morphology	determiner_noun_agreement	Write a natural, coherent English sentence.
67	31	Steven irritated this unconvinced woman.	Steven irritated these unconvinced woman.	-95.5	-95.5	-9.5625	-9.5625	False	False	morphology	determiner_noun_agreement	Write a natural, coherent English sentence.
68	31	Tara wasn't helping that sick man.	Tara wasn't helping those sick man.	-96.5	-97.0	-9.625	-9.6875	True	True	morphology	determiner_noun_agreement	Write a natural, coherent English sentence.
69	31	The dancers aren't cleaning that smooth fungus.	The dancers aren't cleaning those smooth fungus.	-124.5	-125.0	-9.5625	-9.625	True	True	morphology	determiner_noun_agreement	Write a natural, coherent English sentence.
70	31	Melissa had talked about these white theses.	Melissa had talked about this white theses.	-96.0	-96.0	-9.625	-9.625	False	False	morphology	determiner_noun_agreement	Write a natural, coherent English sentence.
71	31	The man isn't watching those upset men.	The man isn't watching that upset men.	-95.5	-95.5	-9.5625	-9.5625	False	False	morphology	determiner_noun_agreement	Write a natural, coherent English sentence.
72	31	Sabrina won't worry this out in the open person.	Sabrina won't worry these out in the open person.	-132.0	-133.0	-9.4375	-9.5	True	True	morphology	determiner_noun_agreement	Write a natural, coherent English sentence.
73	31	Every bird embarrassed these unemployed men.	Every bird embarrassed this unemployed men.	-76.5	-77.0	-9.5625	-9.625	True	True	morphology	determiner_noun_agreement	Write a natural, coherent English sentence.
74	31	The Borgias drive to that small oasis.	The Borgias drive to those small oasis.	-106.0	-106.5	-9.625	-9.6875	True	True	morphology	determiner_noun_agreement	Write a natural, coherent English sentence.
75	31	Bradley likes these brown fungi.	Bradley likes this brown fungi.	-76.0	-76.5	-9.5	-9.5625	True	True	morphology	determiner_noun_agreement	Write a natural, coherent English sentence.
76	31	Most guys go to that black oasis.	Most guys go to those black oasis.	-87.5	-88.0	-9.75	-9.75	True	False	morphology	determiner_noun_agreement	Write a natural, coherent English sentence.
77	31	A pedestrian hadn't approached these hopeful women.	A pedestrian hadn't approached this hopeful women.	-113.5	-114.5	-9.4375	-9.5	True	True	morphology	determiner_noun_agreement	Write a natural, coherent English sentence.
78	31	Some senators aren't healing this unemployed alumnus.	Some senators aren't healing these unemployed alumnus.	-133.0	-133.0	-9.5	-9.5	False	False	morphology	determiner_noun_agreement	Write a natural, coherent English sentence.
79	31	That cart wasn't stunning these exposed men.	That cart wasn't stunning this exposed men.	-98.0	-98.5	-9.8125	-9.875	True	True	morphology	determiner_noun_agreement	Write a natural, coherent English sentence.
80	31	Joel can think about this smart man.	Joel can think about these smart man.	-78.0	-78.5	-9.75	-9.8125	True	True	morphology	determiner_noun_agreement	Write a natural, coherent English sentence.
81	31	Those prints disgust those good people.	Those prints disgust that good people.	-68.0	-69.5	-9.75	-9.9375	True	True	morphology	determiner_noun_agreement	Write a natural, coherent English sentence.
82	31	Beverly hadn't passed these yellow oases.	Beverly hadn't passed this yellow oases.	-106.5	-107.0	-9.6875	-9.6875	True	False	morphology	determiner_noun_agreement	Write a natural, coherent English sentence.
83	31	A lot of prints irritate this unconvinced woman.	A lot of prints irritate these unconvinced woman.	-122.0	-122.5	-9.375	-9.4375	True	True	morphology	determiner_noun_agreement	Write a natural, coherent English sentence.
84	31	Many customers hire those standing alumni.	Many customers hire that standing alumni.	-87.5	-88.0	-9.75	-9.8125	True	True	morphology	determiner_noun_agreement	Write a natural, coherent English sentence.
85	31	Some rug isn't irritating that nice woman.	Some rug isn't irritating those nice woman.	-105.0	-106.0	-9.5625	-9.625	True	True	morphology	determiner_noun_agreement	Write a natural, coherent English sentence.
86	31	Jill embarrassed those busy men.	Jill embarrassed that busy men.	-69.0	-69.0	-9.8125	-9.875	False	True	morphology	determiner_noun_agreement	Write a natural, coherent English sentence.
87	31	Most sketches could hurt this uncertain person.	Most sketches could hurt these uncertain person.	-96.5	-97.0	-9.625	-9.75	True	True	morphology	determiner_noun_agreement	Write a natural, coherent English sentence.
88	31	Patricia lifted those purple feet.	Patricia lifted that purple feet.	-76.5	-77.0	-9.5625	-9.625	True	True	morphology	determiner_noun_agreement	Write a natural, coherent English sentence.
89	31	The girls sell this hard fungus.	The girls sell these hard fungus.	-86.5	-86.5	-9.625	-9.625	False	False	morphology	determiner_noun_agreement	Write a natural, coherent English sentence.
90	31	Nicole has seen this yellow cactus.	Nicole has seen these yellow cactus.	-86.0	-86.0	-9.5625	-9.5625	False	False	morphology	determiner_noun_agreement	Write a natural, coherent English sentence.
91	31	Sharon could arrive at those big oases.	Sharon could arrive at that big oases.	-96.5	-97.0	-9.625	-9.6875	True	True	morphology	determiner_noun_agreement	Write a natural, coherent English sentence.
92	31	This cashier can fire that good woman.	This cashier can fire those good woman.	-88.0	-88.0	-9.75	-9.75	False	False	morphology	determiner_noun_agreement	Write a natural, coherent English sentence.
93	31	Raymond left those scared children.	Raymond left that scared children.	-59.5	-60.0	-9.9375	-10.0	True	True	morphology	determiner_noun_agreement	Write a natural, coherent English sentence.
94	31	Noah could discuss that clever person.	Noah could discuss those clever person.	-70.0	-70.5	-10.0	-10.0625	True	True	morphology	determiner_noun_agreement	Write a natural, coherent English sentence.
95	31	Rachelle knew that concealed woman.	Rachelle knew those concealed woman.	-78.0	-78.5	-9.75	-9.8125	True	True	morphology	determiner_noun_agreement	Write a natural, coherent English sentence.
96	31	Dawn hasn't cured those gray oxen.	Dawn hasn't cured that gray oxen.	-114.0	-114.0	-9.5	-9.5	False	False	morphology	determiner_noun_agreement	Write a natural, coherent English sentence.
97	31	The Great Lakes haven't disgusted those out in the open people.	The Great Lakes haven't disgusted that out in the open people.	-150.0	-150.0	-9.375	-9.375	False	False	morphology	determiner_noun_agreement	Write a natural, coherent English sentence.
98	31	Wayne doesn't exit those cheap oases.	Wayne doesn't exit that cheap oases.	-97.0	-98.0	-9.75	-9.8125	True	True	morphology	determiner_noun_agreement	Write a natural, coherent English sentence.
99	31	These waitresses haven't astounded this fast woman.	These waitresses haven't astounded these fast woman.	-131.0	-131.0	-9.375	-9.375	False	False	morphology	determiner_noun_agreement	Write a natural, coherent English sentence.
100	31	Patrick hasn't lifted this out in the open cactus.	Patrick hasn't lifted these out in the open cactus.	-133.0	-133.0	-9.5	-9.5	False	False	morphology	determiner_noun_agreement	Write a natural, coherent English sentence.
101	31	Angela isn't embarrassing those excited children.	Angela isn't embarrassing that excited children.	-96.5	-96.5	-9.625	-9.625	False	False	morphology	determiner_noun_agreement	Write a natural, coherent English sentence.
102	31	Jennifer hasn't criticized this smart man.	Jennifer hasn't criticized these smart man.	-95.0	-95.5	-9.5	-9.5625	True	True	morphology	determiner_noun_agreement	Write a natural, coherent English sentence.
103	31	April watched this big person.	April watched these big person.	-59.75	-59.75	-9.9375	-9.9375	False	False	morphology	determiner_noun_agreement	Write a natural, coherent English sentence.
104	31	Candice hadn't bothered that serious alumnus.	Candice hadn't bothered those serious alumnus.	-115.0	-114.5	-9.5625	-9.5625	False	False	morphology	determiner_noun_agreement	Write a natural, coherent English sentence.
105	31	The Clintons observe those happy women.	The Clintons observe that happy women.	-87.5	-87.5	-9.75	-9.75	False	False	morphology	determiner_noun_agreement	Write a natural, coherent English sentence.
106	31	The Clintons observe this excited man.	The Clintons observe these excited man.	-87.5	-88.0	-9.75	-9.75	True	False	morphology	determiner_noun_agreement	Write a natural, coherent English sentence.
107	31	Associations were listening to that unlucky child.	Associations were listening to those unlucky child.	-106.0	-105.5	-9.625	-9.625	False	False	morphology	determiner_noun_agreement	Write a natural, coherent English sentence.
108	31	Those committees discussed that busy woman.	Those committees discussed those busy woman.	-86.0	-86.5	-9.5625	-9.625	True	True	morphology	determiner_noun_agreement	Write a natural, coherent English sentence.
109	31	Debra isn't discussing that good analysis.	Debra isn't discussing those good analysis.	-96.0	-97.0	-9.625	-9.6875	True	True	morphology	determiner_noun_agreement	Write a natural, coherent English sentence.
110	31	The drawing distracts this lucky woman.	The drawing distracts these lucky woman.	-77.0	-77.5	-9.625	-9.6875	True	True	morphology	determiner_noun_agreement	Write a natural, coherent English sentence.
111	31	Holly couldn't dislike this exposed child.	Holly couldn't dislike these exposed child.	-97.0	-97.5	-9.75	-9.75	True	False	morphology	determiner_noun_agreement	Write a natural, coherent English sentence.
112	31	Angela examines that good synopsis.	Angela examines those good synopsis.	-76.5	-77.0	-9.5625	-9.625	True	True	morphology	determiner_noun_agreement	Write a natural, coherent English sentence.
113	31	These skateboards aggravate that lucky woman.	These skateboards aggravate those lucky woman.	-104.0	-104.5	-9.5	-9.5	True	False	morphology	determiner_noun_agreement	Write a natural, coherent English sentence.
114	31	Some play alarms those small women.	Some play alarms that small women.	-78.0	-78.0	-9.75	-9.75	False	False	morphology	determiner_noun_agreement	Write a natural, coherent English sentence.
115	31	Students investigate these nice men.	Students investigate this nice men.	-59.75	-60.0	-9.9375	-10.0	True	True	morphology	determiner_noun_agreement	Write a natural, coherent English sentence.
116	31	Tanya wasn't shocking that busy child.	Tanya wasn't shocking those busy child.	-106.5	-107.0	-9.6875	-9.6875	True	False	morphology	determiner_noun_agreement	Write a natural, coherent English sentence.
117	31	Brett has boasted about this nice person.	Brett has boasted about these nice person.	-96.5	-97.5	-9.6875	-9.75	True	True	morphology	determiner_noun_agreement	Write a natural, coherent English sentence.
118	31	Jennifer described that hidden woman.	Jennifer described those hidden woman.	-59.75	-60.0	-9.9375	-10.0	True	True	morphology	determiner_noun_agreement	Write a natural, coherent English sentence.
119	31	Winston Churchill passed these red oases.	Winston Churchill passed this red oases.	-96.0	-96.0	-9.5625	-9.625	False	True	morphology	determiner_noun_agreement	Write a natural, coherent English sentence.
120	31	Some mirror could scare this nice woman.	Some mirror could scare these nice woman.	-87.0	-88.0	-9.6875	-9.75	True	True	morphology	determiner_noun_agreement	Write a natural, coherent English sentence.
121	31	Caroline hadn't fired that scared alumnus.	Caroline hadn't fired those scared alumnus.	-106.0	-106.5	-9.625	-9.6875	True	True	morphology	determiner_noun_agreement	Write a natural, coherent English sentence.
122	31	Edward wasn't referencing that displeased woman.	Edward wasn't referencing those displeased woman.	-114.5	-115.5	-9.5625	-9.625	True	True	morphology	determiner_noun_agreement	Write a natural, coherent English sentence.
123	31	Many teachers clean these cheap teeth.	Many teachers clean this cheap teeth.	-69.5	-69.5	-9.9375	-9.9375	False	False	morphology	determiner_noun_agreement	Write a natural, coherent English sentence.
124	31	Wayne might remember these new oases.	Wayne might remember this new oases.	-79.0	-79.5	-9.875	-9.9375	True	True	morphology	determiner_noun_agreement	Write a natural, coherent English sentence.
125	31	Some high school alarms this determined man.	Some high school alarms these determined man.	-87.0	-87.5	-9.6875	-9.6875	True	False	morphology	determiner_noun_agreement	Write a natural, coherent English sentence.
126	31	Vincent had returned to these out in the open oases.	Vincent had returned to this out in the open oases.	-115.0	-115.0	-9.625	-9.625	False	False	morphology	determiner_noun_agreement	Write a natural, coherent English sentence.
127	31	Marla hired this standing child.	Marla hired these standing child.	-69.5	-70.0	-9.9375	-9.9375	True	False	morphology	determiner_noun_agreement	Write a natural, coherent English sentence.
128	31	Some cucumber has upset those ill men.	Some cucumber has upset that ill men.	-95.5	-96.0	-9.5625	-9.625	True	True	morphology	determiner_noun_agreement	Write a natural, coherent English sentence.
129	31	Russell hasn't kissed this content man.	Russell hasn't kissed these content man.	-86.5	-87.5	-9.625	-9.6875	True	True	morphology	determiner_noun_agreement	Write a natural, coherent English sentence.
130	31	Guy has left this determined man.	Guy has left these determined man.	-69.0	-69.5	-9.875	-9.9375	True	True	morphology	determiner_noun_agreement	Write a natural, coherent English sentence.
131	31	The Lutherans listen to these employed women.	The Lutherans listen to this employed women.	-86.5	-87.0	-9.625	-9.625	True	False	morphology	determiner_noun_agreement	Write a natural, coherent English sentence.
132	31	Candice disliked these bad analyses.	Candice disliked this bad analyses.	-94.0	-94.5	-9.375	-9.5	True	True	morphology	determiner_noun_agreement	Write a natural, coherent English sentence.
133	31	Many women heal these lost geese.	Many women heal this lost geese.	-78.5	-79.0	-9.8125	-9.875	True	True	morphology	determiner_noun_agreement	Write a natural, coherent English sentence.
134	31	Wayne has remembered these smart people.	Wayne has remembered this smart people.	-69.0	-69.5	-9.875	-9.9375	True	True	morphology	determiner_noun_agreement	Write a natural, coherent English sentence.
135	31	This teenager had dropped by these white oases.	This teenager had dropped by this white oases.	-98.0	-98.0	-9.8125	-9.8125	False	False	morphology	determiner_noun_agreement	Write a natural, coherent English sentence.
136	31	Eva has exited those smooth oases.	Eva has exited that smooth oases.	-87.5	-88.0	-9.6875	-9.75	True	True	morphology	determiner_noun_agreement	Write a natural, coherent English sentence.
137	31	Cheryl wouldn't aggravate that bad person.	Cheryl wouldn't aggravate those bad person.	-114.0	-114.0	-9.5	-9.5	False	False	morphology	determiner_noun_agreement	Write a natural, coherent English sentence.
138	31	Katherine hadn't shocked those young children.	Katherine hadn't shocked that young children.	-96.5	-97.0	-9.625	-9.6875	True	True	morphology	determiner_noun_agreement	Write a natural, coherent English sentence.
139	31	The student loves these troubled people.	The student loves this troubled people.	-77.0	-78.0	-9.625	-9.75	True	True	morphology	determiner_noun_agreement	Write a natural, coherent English sentence.
140	31	Tracy cared for those smart alumni.	Tracy cared for that smart alumni.	-96.0	-97.0	-9.625	-9.6875	True	True	morphology	determiner_noun_agreement	Write a natural, coherent English sentence.
141	31	Guys return to these small oases.	Guys return to this small oases.	-87.0	-87.5	-9.6875	-9.6875	True	False	morphology	determiner_noun_agreement	Write a natural, coherent English sentence.
142	31	Marcus won't bike to this white oasis.	Marcus won't bike to these white oasis.	-104.5	-105.0	-9.5	-9.5625	True	True	morphology	determiner_noun_agreement	Write a natural, coherent English sentence.
143	31	Eggplants impressed these unconvinced alumni.	Eggplants impressed this unconvinced alumni.	-131.0	-131.0	-9.375	-9.375	False	False	morphology	determiner_noun_agreement	Write a natural, coherent English sentence.
144	31	A turtle has bored those troubled children.	A turtle has bored that troubled children.	-104.0	-104.0	-9.4375	-9.4375	False	False	morphology	determiner_noun_agreement	Write a natural, coherent English sentence.
145	31	The adults were taking those old teeth.	The adults were taking that old teeth.	-77.5	-78.0	-9.6875	-9.75	True	True	morphology	determiner_noun_agreement	Write a natural, coherent English sentence.
146	31	Alan wasn't returning to those blue oases.	Alan wasn't returning to that blue oases.	-106.0	-107.0	-9.625	-9.6875	True	True	morphology	determiner_noun_agreement	Write a natural, coherent English sentence.
147	31	Theodore had lifted this rough cactus.	Theodore had lifted these rough cactus.	-96.0	-96.0	-9.5625	-9.625	False	True	morphology	determiner_noun_agreement	Write a natural, coherent English sentence.
148	31	Joel isn't praising those good synopses.	Joel isn't praising that good synopses.	-113.5	-114.5	-9.5	-9.5625	True	True	morphology	determiner_noun_agreement	Write a natural, coherent English sentence.
149	31	The pedestrian knows these standing women.	The pedestrian knows this standing women.	-77.0	-77.0	-9.625	-9.625	False	False	morphology	determiner_noun_agreement	Write a natural, coherent English sentence.
150	31	Some museums forget that good analysis.	Some museums forget those good analysis.	-76.5	-77.5	-9.5625	-9.6875	True	True	morphology	determiner_noun_agreement	Write a natural, coherent English sentence.
151	31	The Clintons might clean that lost fungus.	The Clintons might clean those lost fungus.	-114.5	-115.0	-9.5625	-9.5625	True	False	morphology	determiner_noun_agreement	Write a natural, coherent English sentence.
152	31	Mary is bothering these out in the open children.	Mary is bothering this out in the open children.	-105.0	-104.5	-9.5	-9.5	False	False	morphology	determiner_noun_agreement	Write a natural, coherent English sentence.
153	31	Many customers sell that lost ox.	Many customers sell those lost ox.	-69.0	-69.5	-9.875	-9.9375	True	True	morphology	determiner_noun_agreement	Write a natural, coherent English sentence.
154	31	These waitresses praise these troubled men.	These waitresses praise this troubled men.	-95.0	-96.0	-9.5	-9.625	True	True	morphology	determiner_noun_agreement	Write a natural, coherent English sentence.
155	31	Many men didn't admire that nice person.	Many men didn't admire those nice person.	-105.0	-106.0	-9.5625	-9.625	True	True	morphology	determiner_noun_agreement	Write a natural, coherent English sentence.
156	31	Jesus ran around this exposed oasis.	Jesus ran around these exposed oasis.	-78.0	-79.0	-9.75	-9.875	True	True	morphology	determiner_noun_agreement	Write a natural, coherent English sentence.
157	31	Many customers talk about that delighted child.	Many customers talk about those delighted child.	-78.5	-78.5	-9.8125	-9.8125	False	False	morphology	determiner_noun_agreement	Write a natural, coherent English sentence.
158	31	Drawings had disgusted this small woman.	Drawings had disgusted these small woman.	-87.0	-88.0	-9.6875	-9.75	True	True	morphology	determiner_noun_agreement	Write a natural, coherent English sentence.
159	31	Colleen did care for that good man.	Colleen did care for those good man.	-87.5	-87.5	-9.6875	-9.75	False	True	morphology	determiner_noun_agreement	Write a natural, coherent English sentence.
160	31	Marcus admired those exposed geese.	Marcus admired that exposed geese.	-78.5	-79.0	-9.8125	-9.875	True	True	morphology	determiner_noun_agreement	Write a natural, coherent English sentence.
161	31	Randolf has noticed this clean foot.	Randolf has noticed these clean foot.	-79.5	-79.0	-9.9375	-9.875	False	False	morphology	determiner_noun_agreement	Write a natural, coherent English sentence.
162	31	Craig could listen to that determined man.	Craig could listen to those determined man.	-79.0	-79.0	-9.875	-9.875	False	False	morphology	determiner_noun_agreement	Write a natural, coherent English sentence.
163	31	Movies stunned this small man.	Movies stunned these small man.	-77.0	-77.5	-9.625	-9.6875	True	True	morphology	determiner_noun_agreement	Write a natural, coherent English sentence.
164	31	Timothy buys this rough ox.	Timothy buys these rough ox.	-78.0	-78.0	-9.75	-9.75	False	False	morphology	determiner_noun_agreement	Write a natural, coherent English sentence.
165	31	Some women go to those red oases.	Some women go to that red oases.	-87.5	-87.0	-9.6875	-9.6875	False	False	morphology	determiner_noun_agreement	Write a natural, coherent English sentence.
166	31	Ruth fixed this clean tooth.	Ruth fixed these clean tooth.	-60.0	-60.25	-10.0	-10.0625	True	True	morphology	determiner_noun_agreement	Write a natural, coherent English sentence.
167	31	Monica is boring those clever men.	Monica is boring that clever men.	-77.5	-78.0	-9.6875	-9.75	True	True	morphology	determiner_noun_agreement	Write a natural, coherent English sentence.
168	31	Janice knows these hidden alumni.	Janice knows this hidden alumni.	-86.5	-86.5	-9.625	-9.625	False	False	morphology	determiner_noun_agreement	Write a natural, coherent English sentence.
169	31	Spain insults this delighted alumnus.	Spain insults these delighted alumnus.	-86.5	-87.0	-9.625	-9.6875	True	True	morphology	determiner_noun_agreement	Write a natural, coherent English sentence.
170	31	Some planes bore that displeased child.	Some planes bore those displeased child.	-88.0	-88.0	-9.75	-9.75	False	False	morphology	determiner_noun_agreement	Write a natural, coherent English sentence.
171	31	Dishes should upset these happy men.	Dishes should upset this happy men.	-78.0	-78.5	-9.75	-9.8125	True	True	morphology	determiner_noun_agreement	Write a natural, coherent English sentence.
172	31	That painting looked like these yellow stimuli.	That painting looked like this yellow stimuli.	-87.0	-87.5	-9.6875	-9.6875	True	False	morphology	determiner_noun_agreement	Write a natural, coherent English sentence.
173	31	Amy shocked that content man.	Amy shocked those content man.	-60.0	-60.0	-10.0	-10.0	False	False	morphology	determiner_noun_agreement	Write a natural, coherent English sentence.
174	31	Melinda hasn't hidden this determined woman.	Melinda hasn't hidden these determined woman.	-96.0	-96.0	-9.625	-9.625	False	False	morphology	determiner_noun_agreement	Write a natural, coherent English sentence.
175	31	Caroline did drive to this brown oasis.	Caroline did drive to these brown oasis.	-87.5	-88.0	-9.75	-9.8125	True	True	morphology	determiner_noun_agreement	Write a natural, coherent English sentence.
176	31	That rice disturbed those smart alumni.	That rice disturbed that smart alumni.	-96.5	-97.0	-9.6875	-9.6875	True	False	morphology	determiner_noun_agreement	Write a natural, coherent English sentence.
177	31	Brian will examine these long analyses.	Brian will examine this long analyses.	-77.5	-78.0	-9.6875	-9.75	True	True	morphology	determiner_noun_agreement	Write a natural, coherent English sentence.
178	31	Mark dislikes this uncertain child.	Mark dislikes these uncertain child.	-76.5	-77.0	-9.5625	-9.625	True	True	morphology	determiner_noun_agreement	Write a natural, coherent English sentence.
179	31	Rose was returning to these out in the open children.	Rose was returning to this out in the open children.	-106.5	-107.0	-9.6875	-9.6875	True	False	morphology	determiner_noun_agreement	Write a natural, coherent English sentence.
180	31	The guest has fixed this red tooth.	The guest has fixed these red tooth.	-78.0	-78.5	-9.75	-9.8125	True	True	morphology	determiner_noun_agreement	Write a natural, coherent English sentence.
181	31	Jennifer is breaking this big tooth.	Jennifer is breaking these big tooth.	-68.0	-68.5	-9.75	-9.8125	True	True	morphology	determiner_noun_agreement	Write a natural, coherent English sentence.
182	31	Sabrina isn't referencing these red theses.	Sabrina isn't referencing this red theses.	-122.5	-123.0	-9.4375	-9.5	True	True	morphology	determiner_noun_agreement	Write a natural, coherent English sentence.
183	31	Valerie hadn't exited that exposed oasis.	Valerie hadn't exited those exposed oasis.	-115.5	-116.0	-9.625	-9.625	True	False	morphology	determiner_noun_agreement	Write a natural, coherent English sentence.
184	31	Every restaurant had worried this hidden child.	Every restaurant had worried these hidden child.	-79.5	-80.0	-9.9375	-10.0	True	True	morphology	determiner_noun_agreement	Write a natural, coherent English sentence.
185	31	A woman was examining those long synopses.	A woman was examining that long synopses.	-104.0	-104.0	-9.4375	-9.5	False	True	morphology	determiner_noun_agreement	Write a natural, coherent English sentence.
186	31	All actresses approach that content man.	All actresses approach those content man.	-78.0	-78.0	-9.75	-9.75	False	False	morphology	determiner_noun_agreement	Write a natural, coherent English sentence.
187	31	Sarah cleaned those yellow feet.	Sarah cleaned that yellow feet.	-59.0	-59.5	-9.8125	-9.875	True	True	morphology	determiner_noun_agreement	Write a natural, coherent English sentence.
188	31	Margaret tours those black oases.	Margaret tours that black oases.	-70.0	-70.0	-10.0	-10.0	False	False	morphology	determiner_noun_agreement	Write a natural, coherent English sentence.
189	31	Rachel wasn't messing up this clean foot.	Rachel wasn't messing up these clean foot.	-106.0	-106.0	-9.625	-9.625	False	False	morphology	determiner_noun_agreement	Write a natural, coherent English sentence.
190	31	The Lutherans go to that old oasis.	The Lutherans go to those old oasis.	-95.0	-96.0	-9.5	-9.5625	True	True	morphology	determiner_noun_agreement	Write a natural, coherent English sentence.
191	31	The lamps shock those hidden alumni.	The lamps shock that hidden alumni.	-96.0	-96.5	-9.625	-9.625	True	False	morphology	determiner_noun_agreement	Write a natural, coherent English sentence.
192	31	Claire conceals those small stimuli.	Claire conceals that small stimuli.	-78.0	-78.5	-9.75	-9.8125	True	True	morphology	determiner_noun_agreement	Write a natural, coherent English sentence.
193	31	Most documentaries annoy that busy person.	Most documentaries annoy those busy person.	-77.0	-78.0	-9.625	-9.75	True	True	morphology	determiner_noun_agreement	Write a natural, coherent English sentence.
194	31	Pamela shouldn't return to those exposed men.	Pamela shouldn't return to that exposed men.	-105.5	-105.5	-9.5625	-9.625	False	True	morphology	determiner_noun_agreement	Write a natural, coherent English sentence.
195	31	That person couldn't arrive at that purple oasis.	That person couldn't arrive at those purple oasis.	-114.5	-115.0	-9.5625	-9.5625	True	False	morphology	determiner_noun_agreement	Write a natural, coherent English sentence.
196	31	Alicia won't admire those big nuclei.	Alicia won't admire that big nuclei.	-123.5	-124.5	-9.5	-9.5625	True	True	morphology	determiner_noun_agreement	Write a natural, coherent English sentence.
197	31	Curtis arrived at that red oasis.	Curtis arrived at those red oasis.	-86.0	-86.5	-9.5625	-9.625	True	True	morphology	determiner_noun_agreement	Write a natural, coherent English sentence.
198	31	People investigate that smart man.	People investigate those smart man.	-59.5	-59.75	-9.9375	-9.9375	True	False	morphology	determiner_noun_agreement	Write a natural, coherent English sentence.
199	31	Some boys hire these content alumni.	Some boys hire this content alumni.	-87.5	-87.5	-9.75	-9.75	False	False	morphology	determiner_noun_agreement	Write a natural, coherent English sentence.
200	31	Leslie found these brown feet.	Leslie found this brown feet.	-67.5	-68.0	-9.6875	-9.75	True	True	morphology	determiner_noun_agreement	Write a natural, coherent English sentence.
201	31	Alexander was firing that displeased woman.	Alexander was firing those displeased woman.	-87.0	-88.0	-9.6875	-9.8125	True	True	morphology	determiner_noun_agreement	Write a natural, coherent English sentence.
202	31	Florence hasn't argued about those confident children.	Florence hasn't argued about that confident children.	-96.5	-97.0	-9.6875	-9.6875	True	False	morphology	determiner_noun_agreement	Write a natural, coherent English sentence.
203	31	That adult hadn't complained about that exposed man.	That adult hadn't complained about those exposed man.	-107.0	-107.0	-9.6875	-9.6875	False	False	morphology	determiner_noun_agreement	Write a natural, coherent English sentence.
204	31	Larry works with these scared women.	Larry works with this scared women.	-68.5	-68.5	-9.75	-9.8125	False	True	morphology	determiner_noun_agreement	Write a natural, coherent English sentence.
205	31	Kathleen leaves this old child.	Kathleen leaves these old child.	-68.5	-68.5	-9.8125	-9.8125	False	False	morphology	determiner_noun_agreement	Write a natural, coherent English sentence.
206	31	The actresses weren't watching these scared people.	The actresses weren't watching this scared people.	-106.0	-106.0	-9.625	-9.625	False	False	morphology	determiner_noun_agreement	Write a natural, coherent English sentence.
207	31	Derek isn't escaping from these blue oases.	Derek isn't escaping from this blue oases.	-124.0	-124.5	-9.5625	-9.5625	True	False	morphology	determiner_noun_agreement	Write a natural, coherent English sentence.
208	31	Naomi isn't talking about that cheap oasis.	Naomi isn't talking about those cheap oasis.	-115.0	-114.5	-9.5625	-9.5625	False	False	morphology	determiner_noun_agreement	Write a natural, coherent English sentence.
209	31	These guests hate these troubled men.	These guests hate this troubled men.	-78.0	-79.0	-9.75	-9.875	True	True	morphology	determiner_noun_agreement	Write a natural, coherent English sentence.
210	31	Patricia wasn't hiring those small children.	Patricia wasn't hiring that small children.	-104.0	-104.5	-9.4375	-9.5	True	True	morphology	determiner_noun_agreement	Write a natural, coherent English sentence.
211	31	All stairs weren't alarming that lucky woman.	All stairs weren't alarming those lucky woman.	-105.0	-105.0	-9.5625	-9.5625	False	False	morphology	determiner_noun_agreement	Write a natural, coherent English sentence.
212	31	Many drivers left that confident alumnus.	Many drivers left those confident alumnus.	-88.0	-88.0	-9.75	-9.8125	False	True	morphology	determiner_noun_agreement	Write a natural, coherent English sentence.
213	31	Every skirt disgusts these smart children.	Every skirt disgusts this smart children.	-77.5	-78.0	-9.6875	-9.75	True	True	morphology	determiner_noun_agreement	Write a natural, coherent English sentence.
214	31	Valerie has astounded that lost alumnus.	Valerie has astounded those lost alumnus.	-114.0	-114.0	-9.5	-9.5	False	False	morphology	determiner_noun_agreement	Write a natural, coherent English sentence.
215	31	Sonia should describe this determined child.	Sonia should describe these determined child.	-78.5	-79.0	-9.8125	-9.875	True	True	morphology	determiner_noun_agreement	Write a natural, coherent English sentence.
216	31	A lot of lakes weren't disgusting that old person.	A lot of lakes weren't disgusting those old person.	-132.0	-132.0	-9.375	-9.4375	False	True	morphology	determiner_noun_agreement	Write a natural, coherent English sentence.
217	31	Some pants hadn't aggravated that good woman.	Some pants hadn't aggravated those good woman.	-114.0	-114.5	-9.5	-9.5625	True	True	morphology	determiner_noun_agreement	Write a natural, coherent English sentence.
218	31	Anne does return to that old woman.	Anne does return to those old woman.	-78.0	-78.5	-9.75	-9.8125	True	True	morphology	determiner_noun_agreement	Write a natural, coherent English sentence.
219	31	Alan wasn't listening to that delighted person.	Alan wasn't listening to those delighted person.	-96.5	-97.0	-9.625	-9.6875	True	True	morphology	determiner_noun_agreement	Write a natural, coherent English sentence.
220	31	Some icicles annoy those serious alumni.	Some icicles annoy that serious alumni.	-96.0	-96.0	-9.5625	-9.625	False	True	morphology	determiner_noun_agreement	Write a natural, coherent English sentence.
221	31	Many women won't scare those uncertain men.	Many women won't scare that uncertain men.	-106.0	-106.0	-9.625	-9.625	False	False	morphology	determiner_noun_agreement	Write a natural, coherent English sentence.
222	31	Science disgusts this unconvinced alumnus.	Science disgusts these unconvinced alumnus.	-112.0	-112.0	-9.3125	-9.375	False	True	morphology	determiner_noun_agreement	Write a natural, coherent English sentence.
223	31	Connie tours these rough oases.	Connie tours this rough oases.	-78.0	-79.0	-9.75	-9.875	True	True	morphology	determiner_noun_agreement	Write a natural, coherent English sentence.
224	31	Those banks were talking about this lost thesis.	Those banks were talking about these lost thesis.	-87.5	-88.0	-9.6875	-9.75	True	True	morphology	determiner_noun_agreement	Write a natural, coherent English sentence.
225	31	Some prints didn't look like this rough louse.	Some prints didn't look like these rough louse.	-115.0	-115.0	-9.5625	-9.5625	False	False	morphology	determiner_noun_agreement	Write a natural, coherent English sentence.
226	31	All pedestrians like those rough theses.	All pedestrians like that rough theses.	-95.0	-95.5	-9.5	-9.5625	True	True	morphology	determiner_noun_agreement	Write a natural, coherent English sentence.
227	31	Douglas saw that black fungus.	Douglas saw those black fungus.	-76.5	-77.5	-9.5625	-9.6875	True	True	morphology	determiner_noun_agreement	Write a natural, coherent English sentence.
228	31	Sarah examined that bad analysis.	Sarah examined those bad analysis.	-59.5	-59.5	-9.875	-9.9375	False	True	morphology	determiner_noun_agreement	Write a natural, coherent English sentence.
229	31	An actress researches this long thesis.	An actress researches these long thesis.	-94.5	-94.5	-9.4375	-9.4375	False	False	morphology	determiner_noun_agreement	Write a natural, coherent English sentence.
230	31	Those waitresses criticize this hidden child.	Those waitresses criticize these hidden child.	-96.0	-96.5	-9.5625	-9.625	True	True	morphology	determiner_noun_agreement	Write a natural, coherent English sentence.
231	31	Most drivers question these upset alumni.	Most drivers question this upset alumni.	-87.0	-87.5	-9.6875	-9.6875	True	False	morphology	determiner_noun_agreement	Write a natural, coherent English sentence.
232	31	Phillip isn't working with these small women.	Phillip isn't working with this small women.	-105.0	-105.5	-9.5625	-9.5625	True	False	morphology	determiner_noun_agreement	Write a natural, coherent English sentence.
233	31	Jennifer can't aggravate that unlucky man.	Jennifer can't aggravate those unlucky man.	-123.0	-123.0	-9.4375	-9.5	False	True	morphology	determiner_noun_agreement	Write a natural, coherent English sentence.
234	31	Essays confuse this good woman.	Essays confuse these good woman.	-77.5	-78.5	-9.6875	-9.8125	True	True	morphology	determiner_noun_agreement	Write a natural, coherent English sentence.
235	31	Amelia has forgotten those bad analyses.	Amelia has forgotten that bad analyses.	-86.0	-86.5	-9.5625	-9.625	True	True	morphology	determiner_noun_agreement	Write a natural, coherent English sentence.
236	31	Michael had explored this brown oasis.	Michael had explored these brown oasis.	-78.0	-78.5	-9.75	-9.8125	True	True	morphology	determiner_noun_agreement	Write a natural, coherent English sentence.
237	31	Natalie can aggravate those smart men.	Natalie can aggravate that smart men.	-94.5	-95.5	-9.4375	-9.5625	True	True	morphology	determiner_noun_agreement	Write a natural, coherent English sentence.
238	31	That patient won't go to these cheap oases.	That patient won't go to this cheap oases.	-115.0	-115.5	-9.625	-9.625	True	False	morphology	determiner_noun_agreement	Write a natural, coherent English sentence.
239	31	Heidi had discovered those black feet.	Heidi had discovered that black feet.	-78.0	-77.5	-9.75	-9.6875	False	False	morphology	determiner_noun_agreement	Write a natural, coherent English sentence.
240	31	David hadn't watched those determined men.	David hadn't watched that determined men.	-87.0	-87.0	-9.6875	-9.6875	False	False	morphology	determiner_noun_agreement	Write a natural, coherent English sentence.
241	31	Some teenager couldn't walk through these green oases.	Some teenager couldn't walk through this green oases.	-115.5	-115.5	-9.625	-9.625	False	False	morphology	determiner_noun_agreement	Write a natural, coherent English sentence.
242	31	Christina shouldn't sell this hard oasis.	Christina shouldn't sell these hard oasis.	-105.5	-105.5	-9.5625	-9.5625	False	False	morphology	determiner_noun_agreement	Write a natural, coherent English sentence.
243	31	Christopher isn't firing those sick men.	Christopher isn't firing that sick men.	-88.0	-88.5	-9.75	-9.8125	True	True	morphology	determiner_noun_agreement	Write a natural, coherent English sentence.
244	31	Most students hide that yellow mouse.	Most students hide those yellow mouse.	-69.0	-69.0	-9.875	-9.875	False	False	morphology	determiner_noun_agreement	Write a natural, coherent English sentence.
245	31	Holly did buy those clean feet.	Holly did buy that clean feet.	-69.5	-69.5	-9.9375	-9.9375	False	False	morphology	determiner_noun_agreement	Write a natural, coherent English sentence.
246	31	Many actors clean these brown theses.	Many actors clean this brown theses.	-78.5	-79.0	-9.8125	-9.875	True	True	morphology	determiner_noun_agreement	Write a natural, coherent English sentence.
247	31	Stacy would hide those lost lice.	Stacy would hide that lost lice.	-88.0	-88.5	-9.8125	-9.8125	True	False	morphology	determiner_noun_agreement	Write a natural, coherent English sentence.
248	31	Alan drove to that new oasis.	Alan drove to those new oasis.	-76.5	-77.5	-9.5625	-9.6875	True	True	morphology	determiner_noun_agreement	Write a natural, coherent English sentence.
249	31	The Impressionists tour this purple oasis.	The Impressionists tour these purple oasis.	-95.0	-95.5	-9.5	-9.5625	True	True	morphology	determiner_noun_agreement	Write a natural, coherent English sentence.
250	31	Wayne is talking to this hidden woman.	Wayne is talking to these hidden woman.	-77.0	-78.0	-9.625	-9.75	True	True	morphology	determiner_noun_agreement	Write a natural, coherent English sentence.
251	31	Christopher forgets this happy child.	Christopher forgets these happy child.	-69.0	-69.0	-9.8125	-9.8125	False	False	morphology	determiner_noun_agreement	Write a natural, coherent English sentence.
252	31	Julie can boycott those cheap oases.	Julie can boycott that cheap oases.	-88.0	-89.0	-9.8125	-9.875	True	True	morphology	determiner_noun_agreement	Write a natural, coherent English sentence.
253	31	Most senators dislike these bad theses.	Most senators dislike this bad theses.	-96.0	-97.0	-9.625	-9.6875	True	True	morphology	determiner_noun_agreement	Write a natural, coherent English sentence.
254	31	Denise concealed this content person.	Denise concealed these content person.	-77.0	-78.0	-9.625	-9.75	True	True	morphology	determiner_noun_agreement	Write a natural, coherent English sentence.
255	31	Some bike shocks these nice women.	Some bike shocks this nice women.	-78.0	-78.5	-9.75	-9.8125	True	True	morphology	determiner_noun_agreement	Write a natural, coherent English sentence.
256	31	These teenagers fix those hidden feet.	These teenagers fix that hidden feet.	-77.0	-77.5	-9.625	-9.6875	True	True	morphology	determiner_noun_agreement	Write a natural, coherent English sentence.
257	31	Ella praised that ill woman.	Ella praised those ill woman.	-68.5	-69.0	-9.8125	-9.875	True	True	morphology	determiner_noun_agreement	Write a natural, coherent English sentence.
258	31	Current events stun these lost people.	Current events stun this lost people.	-78.0	-78.0	-9.75	-9.75	False	False	morphology	determiner_noun_agreement	Write a natural, coherent English sentence.
259	31	Mary tours this gray oasis.	Mary tours these gray oasis.	-68.5	-68.5	-9.75	-9.8125	False	True	morphology	determiner_noun_agreement	Write a natural, coherent English sentence.
260	31	Linda visited those unsure men.	Linda visited that unsure men.	-69.0	-69.0	-9.875	-9.875	False	False	morphology	determiner_noun_agreement	Write a natural, coherent English sentence.
261	31	Dan wouldn't boycott that smooth oasis.	Dan wouldn't boycott those smooth oasis.	-106.0	-106.5	-9.625	-9.6875	True	True	morphology	determiner_noun_agreement	Write a natural, coherent English sentence.
262	31	Those men leave that brown oasis.	Those men leave those brown oasis.	-78.5	-78.5	-9.8125	-9.8125	False	False	morphology	determiner_noun_agreement	Write a natural, coherent English sentence.
263	31	Lissa does pass these black oases.	Lissa does pass this black oases.	-89.0	-89.5	-9.875	-9.9375	True	True	morphology	determiner_noun_agreement	Write a natural, coherent English sentence.
264	31	Alice had embarrassed this happy man.	Alice had embarrassed these happy man.	-68.5	-69.0	-9.8125	-9.875	True	True	morphology	determiner_noun_agreement	Write a natural, coherent English sentence.
265	31	Wayne is worrying that hopeful child.	Wayne is worrying those hopeful child.	-78.5	-78.5	-9.8125	-9.8125	False	False	morphology	determiner_noun_agreement	Write a natural, coherent English sentence.
266	31	Lucille is biking to that green oasis.	Lucille is biking to those green oasis.	-103.0	-104.0	-9.375	-9.5	True	True	morphology	determiner_noun_agreement	Write a natural, coherent English sentence.
267	31	Katherine hadn't skated around this white oasis.	Katherine hadn't skated around these white oasis.	-124.5	-124.5	-9.5625	-9.5625	False	False	morphology	determiner_noun_agreement	Write a natural, coherent English sentence.
268	31	James observed this hopeful child.	James observed these hopeful child.	-68.0	-68.0	-9.75	-9.75	False	False	morphology	determiner_noun_agreement	Write a natural, coherent English sentence.
269	31	Gerald liked this big child.	Gerald liked these big child.	-68.5	-68.5	-9.8125	-9.8125	False	False	morphology	determiner_noun_agreement	Write a natural, coherent English sentence.
270	31	That committee wasn't hiring this displeased alumnus.	That committee wasn't hiring these displeased alumnus.	-133.0	-133.0	-9.5	-9.5	False	False	morphology	determiner_noun_agreement	Write a natural, coherent English sentence.
271	31	Gary isn't breaking that white tooth.	Gary isn't breaking those white tooth.	-87.0	-87.5	-9.6875	-9.6875	True	False	morphology	determiner_noun_agreement	Write a natural, coherent English sentence.
272	31	Walter hasn't seen those content children.	Walter hasn't seen that content children.	-87.0	-86.5	-9.625	-9.625	False	False	morphology	determiner_noun_agreement	Write a natural, coherent English sentence.
273	31	Martha didn't clean these hidden teeth.	Martha didn't clean this hidden teeth.	-86.5	-86.5	-9.625	-9.625	False	False	morphology	determiner_noun_agreement	Write a natural, coherent English sentence.
274	31	These teachers are returning to those lost men.	These teachers are returning to that lost men.	-87.5	-87.5	-9.6875	-9.75	False	True	morphology	determiner_noun_agreement	Write a natural, coherent English sentence.
275	31	Ellen hadn't boycotted that hidden oasis.	Ellen hadn't boycotted those hidden oasis.	-114.5	-115.0	-9.5625	-9.625	True	True	morphology	determiner_noun_agreement	Write a natural, coherent English sentence.
276	31	Some patients drive to these brown oases.	Some patients drive to this brown oases.	-87.5	-88.0	-9.75	-9.75	True	False	morphology	determiner_noun_agreement	Write a natural, coherent English sentence.
277	31	Nina wasn't referencing this ill person.	Nina wasn't referencing these ill person.	-96.5	-96.5	-9.625	-9.6875	False	True	morphology	determiner_noun_agreement	Write a natural, coherent English sentence.
278	31	Denise praises these fast children.	Denise praises this fast children.	-77.0	-77.5	-9.625	-9.6875	True	True	morphology	determiner_noun_agreement	Write a natural, coherent English sentence.
279	31	Most customers attack that clever man.	Most customers attack those clever man.	-69.0	-69.0	-9.875	-9.875	False	False	morphology	determiner_noun_agreement	Write a natural, coherent English sentence.
280	31	Every photograph looks like those exposed people.	Every photograph looks like that exposed people.	-77.5	-78.0	-9.6875	-9.75	True	True	morphology	determiner_noun_agreement	Write a natural, coherent English sentence.
281	31	Cindy shouldn't cure that confident alumnus.	Cindy shouldn't cure those confident alumnus.	-124.0	-124.0	-9.5625	-9.5625	False	False	morphology	determiner_noun_agreement	Write a natural, coherent English sentence.
282	31	The Borgias reveal these blue feet.	The Borgias reveal this blue feet.	-88.0	-89.0	-9.8125	-9.875	True	True	morphology	determiner_noun_agreement	Write a natural, coherent English sentence.
283	31	Ella lifts these exposed fungi.	Ella lifts this exposed fungi.	-86.5	-87.0	-9.625	-9.625	True	False	morphology	determiner_noun_agreement	Write a natural, coherent English sentence.
284	31	The Lutherans astound that unsure person.	The Lutherans astound those unsure person.	-96.5	-96.5	-9.6875	-9.625	False	False	morphology	determiner_noun_agreement	Write a natural, coherent English sentence.
285	31	These cakes bore that determined woman.	These cakes bore those determined woman.	-78.5	-78.5	-9.8125	-9.8125	False	False	morphology	determiner_noun_agreement	Write a natural, coherent English sentence.
286	31	Nina lifts this orange cactus.	Nina lifts these orange cactus.	-85.5	-85.5	-9.5	-9.5	False	False	morphology	determiner_noun_agreement	Write a natural, coherent English sentence.
287	31	The actors kiss these unconvinced children.	The actors kiss this unconvinced children.	-95.5	-96.0	-9.5625	-9.625	True	True	morphology	determiner_noun_agreement	Write a natural, coherent English sentence.
288	31	Sharon dislikes that brown thesis.	Sharon dislikes those brown thesis.	-86.0	-86.0	-9.5	-9.5625	False	True	morphology	determiner_noun_agreement	Write a natural, coherent English sentence.
289	31	The customers sell these rough fungi.	The customers sell this rough fungi.	-77.5	-78.0	-9.6875	-9.75	True	True	morphology	determiner_noun_agreement	Write a natural, coherent English sentence.
290	31	Janice didn't cure those employed men.	Janice didn't cure that employed men.	-95.5	-96.5	-9.5625	-9.625	True	True	morphology	determiner_noun_agreement	Write a natural, coherent English sentence.
291	31	Paula left this uncertain person.	Paula left these uncertain person.	-69.0	-69.0	-9.8125	-9.875	False	True	morphology	determiner_noun_agreement	Write a natural, coherent English sentence.
292	31	Those guys had escaped from those employed children.	Those guys had escaped from that employed children.	-87.5	-88.0	-9.75	-9.75	True	False	morphology	determiner_noun_agreement	Write a natural, coherent English sentence.
293	31	Christine wasn't touring that old oasis.	Christine wasn't touring those old oasis.	-114.0	-114.0	-9.5	-9.5	False	False	morphology	determiner_noun_agreement	Write a natural, coherent English sentence.
294	31	These waitresses praise this rough thesis.	These waitresses praise these rough thesis.	-87.0	-88.0	-9.6875	-9.75	True	True	morphology	determiner_noun_agreement	Write a natural, coherent English sentence.
295	31	Some girls hadn't passed this concealed oasis.	Some girls hadn't passed these concealed oasis.	-115.5	-116.0	-9.625	-9.6875	True	True	morphology	determiner_noun_agreement	Write a natural, coherent English sentence.
296	31	Andrea lifts these small cacti.	Andrea lifts this small cacti.	-86.0	-86.0	-9.5	-9.5625	False	True	morphology	determiner_noun_agreement	Write a natural, coherent English sentence.
297	31	Kristen is scanning those bad synopses.	Kristen is scanning that bad synopses.	-105.0	-105.5	-9.5	-9.5625	True	True	morphology	determiner_noun_agreement	Write a natural, coherent English sentence.
298	31	Alan is skated around these cheap oases.	Alan is skated around this cheap oases.	-98.5	-99.0	-9.8125	-9.875	True	True	morphology	determiner_noun_agreement	Write a natural, coherent English sentence.
299	31	Kayla has investigated these busy people.	Kayla has investigated this busy people.	-78.0	-78.5	-9.75	-9.8125	True	True	morphology	determiner_noun_agreement	Write a natural, coherent English sentence.
300	31	Timothy observes that good woman.	Timothy observes those good woman.	-76.5	-77.5	-9.5625	-9.6875	True	True	morphology	determiner_noun_agreement	Write a natural, coherent English sentence.
301	31	Every museum hadn't discussed those hidden theses.	Every museum hadn't discussed that hidden theses.	-106.0	-106.5	-9.625	-9.6875	True	True	morphology	determiner_noun_agreement	Write a natural, coherent English sentence.
302	31	Some cashiers help this troubled person.	Some cashiers help these troubled person.	-86.0	-86.0	-9.5625	-9.5625	False	False	morphology	determiner_noun_agreement	Write a natural, coherent English sentence.
303	31	Amanda was attacking that displeased woman.	Amanda was attacking those displeased woman.	-87.5	-87.5	-9.6875	-9.75	False	True	morphology	determiner_noun_agreement	Write a natural, coherent English sentence.
304	31	This window upsets these lost people.	This window upsets this lost people.	-77.5	-78.0	-9.6875	-9.75	True	True	morphology	determiner_noun_agreement	Write a natural, coherent English sentence.
305	31	Cindy wasn't bringing those gray cacti.	Cindy wasn't bringing that gray cacti.	-124.0	-124.0	-9.5	-9.5625	False	True	morphology	determiner_noun_agreement	Write a natural, coherent English sentence.
306	31	Peter complained about these good synopses.	Peter complained about this good synopses.	-86.0	-86.5	-9.5625	-9.625	True	True	morphology	determiner_noun_agreement	Write a natural, coherent English sentence.
307	31	Danielle was touring those new oases.	Danielle was touring that new oases.	-96.0	-96.0	-9.625	-9.625	False	False	morphology	determiner_noun_agreement	Write a natural, coherent English sentence.
308	31	Elaine discusses that standing person.	Elaine discusses those standing person.	-78.0	-78.0	-9.75	-9.75	False	False	morphology	determiner_noun_agreement	Write a natural, coherent English sentence.
309	31	Jacqueline had healed those rough geese.	Jacqueline had healed that rough geese.	-105.5	-105.5	-9.5625	-9.625	False	True	morphology	determiner_noun_agreement	Write a natural, coherent English sentence.
310	31	All rivers were distracting those standing men.	All rivers were distracting that standing men.	-86.5	-88.0	-9.625	-9.75	True	True	morphology	determiner_noun_agreement	Write a natural, coherent English sentence.
311	31	Some people exit those yellow oases.	Some people exit that yellow oases.	-77.5	-78.0	-9.6875	-9.75	True	True	morphology	determiner_noun_agreement	Write a natural, coherent English sentence.
312	31	Becca isn't exploring these hard oases.	Becca isn't exploring this hard oases.	-106.0	-107.0	-9.625	-9.6875	True	True	morphology	determiner_noun_agreement	Write a natural, coherent English sentence.
313	31	Timothy revealed that big foot.	Timothy revealed those big foot.	-67.5	-68.5	-9.625	-9.8125	True	True	morphology	determiner_noun_agreement	Write a natural, coherent English sentence.
314	31	Adam fires these determined men.	Adam fires this determined men.	-60.0	-60.5	-10.0	-10.0625	True	True	morphology	determiner_noun_agreement	Write a natural, coherent English sentence.
315	31	The teenagers clean this purple foot.	The teenagers clean these purple foot.	-77.5	-77.5	-9.6875	-9.6875	False	False	morphology	determiner_noun_agreement	Write a natural, coherent English sentence.
316	31	The Great Lakes could annoy that troubled man.	The Great Lakes could annoy those troubled man.	-104.5	-105.0	-9.5	-9.5625	True	True	morphology	determiner_noun_agreement	Write a natural, coherent English sentence.
317	31	Karen discusses those bad men.	Karen discusses that bad men.	-68.5	-68.5	-9.75	-9.8125	False	True	morphology	determiner_noun_agreement	Write a natural, coherent English sentence.
318	31	Phillip didn't find those ill alumni.	Phillip didn't find that ill alumni.	-113.5	-114.0	-9.5	-9.5	True	False	morphology	determiner_noun_agreement	Write a natural, coherent English sentence.
319	31	A lot of men reference these good analyses.	A lot of men reference this good analyses.	-95.5	-96.0	-9.5625	-9.625	True	True	morphology	determiner_noun_agreement	Write a natural, coherent English sentence.
320	31	Larry had insulted these lucky children.	Larry had insulted this lucky children.	-77.5	-78.0	-9.6875	-9.75	True	True	morphology	determiner_noun_agreement	Write a natural, coherent English sentence.
321	31	Debra is firing that determined child.	Debra is firing those determined child.	-78.5	-78.5	-9.8125	-9.8125	False	False	morphology	determiner_noun_agreement	Write a natural, coherent English sentence.
322	31	Noah was watching that fast woman.	Noah was watching those fast woman.	-68.5	-69.0	-9.75	-9.8125	True	True	morphology	determiner_noun_agreement	Write a natural, coherent English sentence.
323	31	Gina works with that displeased person.	Gina works with those displeased person.	-95.5	-96.0	-9.5625	-9.5625	True	False	morphology	determiner_noun_agreement	Write a natural, coherent English sentence.
324	31	Most doctors would bring these big nuclei.	Most doctors would bring this big nuclei.	-87.5	-87.5	-9.75	-9.75	False	False	morphology	determiner_noun_agreement	Write a natural, coherent English sentence.
325	31	All drawings alarm that unconvinced child.	All drawings alarm those unconvinced child.	-96.5	-96.5	-9.6875	-9.625	False	False	morphology	determiner_noun_agreement	Write a natural, coherent English sentence.
326	31	Some libraries hate that busy man.	Some libraries hate those busy man.	-69.0	-69.0	-9.8125	-9.875	False	True	morphology	determiner_noun_agreement	Write a natural, coherent English sentence.
327	31	Derek disgusted that unemployed child.	Derek disgusted those unemployed child.	-87.5	-87.5	-9.6875	-9.75	False	True	morphology	determiner_noun_agreement	Write a natural, coherent English sentence.
328	31	Marla hadn't fired these good men.	Marla hadn't fired this good men.	-97.5	-97.5	-9.75	-9.75	False	False	morphology	determiner_noun_agreement	Write a natural, coherent English sentence.
329	31	Carmen examined that red thesis.	Carmen examined those red thesis.	-68.5	-68.5	-9.8125	-9.8125	False	False	morphology	determiner_noun_agreement	Write a natural, coherent English sentence.
330	31	Amelia investigates this smart woman.	Amelia investigates these smart woman.	-77.0	-77.5	-9.625	-9.6875	True	True	morphology	determiner_noun_agreement	Write a natural, coherent English sentence.
331	31	The Borgias hire that displeased alumnus.	The Borgias hire those displeased alumnus.	-124.0	-124.0	-9.5	-9.5	False	False	morphology	determiner_noun_agreement	Write a natural, coherent English sentence.
332	31	Stacey would arrive at these orange oases.	Stacey would arrive at this orange oases.	-104.5	-105.0	-9.5	-9.5	True	False	morphology	determiner_noun_agreement	Write a natural, coherent English sentence.
333	31	Anna works with this lucky man.	Anna works with these lucky man.	-67.5	-68.0	-9.6875	-9.75	True	True	morphology	determiner_noun_agreement	Write a natural, coherent English sentence.
334	31	Walter has scanned this rough thesis.	Walter has scanned these rough thesis.	-79.0	-79.5	-9.875	-9.9375	True	True	morphology	determiner_noun_agreement	Write a natural, coherent English sentence.
335	31	Some mushroom bothered that lucky woman.	Some mushroom bothered those lucky woman.	-77.0	-78.0	-9.625	-9.75	True	True	morphology	determiner_noun_agreement	Write a natural, coherent English sentence.
336	31	Cynthia walked through this hard oasis.	Cynthia walked through these hard oasis.	-105.0	-105.0	-9.5	-9.5625	False	True	morphology	determiner_noun_agreement	Write a natural, coherent English sentence.
337	31	Liam has healed these black oxen.	Liam has healed this black oxen.	-96.0	-96.0	-9.625	-9.625	False	False	morphology	determiner_noun_agreement	Write a natural, coherent English sentence.
338	31	Andrew did notice these white axes.	Andrew did notice this white axes.	-79.0	-79.5	-9.875	-9.9375	True	True	morphology	determiner_noun_agreement	Write a natural, coherent English sentence.
339	31	Bethany kisses these serious alumni.	Bethany kisses this serious alumni.	-95.5	-95.5	-9.5625	-9.5625	False	False	morphology	determiner_noun_agreement	Write a natural, coherent English sentence.
340	31	Vanessa watches this nice person.	Vanessa watches these nice person.	-68.5	-68.5	-9.75	-9.75	False	False	morphology	determiner_noun_agreement	Write a natural, coherent English sentence.
341	31	Every window astounded that big man.	Every window astounded those big man.	-86.0	-86.0	-9.5625	-9.5625	False	False	morphology	determiner_noun_agreement	Write a natural, coherent English sentence.
342	31	Donna leaves that upset man.	Donna leaves those upset man.	-68.5	-68.5	-9.75	-9.75	False	False	morphology	determiner_noun_agreement	Write a natural, coherent English sentence.
343	31	Many students drop by that orange oasis.	Many students drop by those orange oasis.	-87.5	-88.0	-9.75	-9.75	True	False	morphology	determiner_noun_agreement	Write a natural, coherent English sentence.
344	31	The sketches looked like this unsure man.	The sketches looked like these unsure man.	-104.5	-105.0	-9.5	-9.5	True	False	morphology	determiner_noun_agreement	Write a natural, coherent English sentence.
345	31	Helen fixes that broken tooth.	Helen fixes those broken tooth.	-67.0	-67.5	-9.625	-9.6875	True	True	morphology	determiner_noun_agreement	Write a natural, coherent English sentence.
346	31	Robert wasn't annoying that old person.	Robert wasn't annoying those old person.	-86.5	-87.5	-9.625	-9.6875	True	True	morphology	determiner_noun_agreement	Write a natural, coherent English sentence.
347	31	Amy isn't talking to that young woman.	Amy isn't talking to those young woman.	-95.5	-96.0	-9.5625	-9.625	True	True	morphology	determiner_noun_agreement	Write a natural, coherent English sentence.
348	31	Alan hadn't remembered these long analyses.	Alan hadn't remembered this long analyses.	-96.0	-96.5	-9.625	-9.625	True	False	morphology	determiner_noun_agreement	Write a natural, coherent English sentence.
349	31	Stephen is working with these out in the open women.	Stephen is working with this out in the open women.	-105.5	-105.5	-9.5625	-9.625	False	True	morphology	determiner_noun_agreement	Write a natural, coherent English sentence.
350	31	This library had discussed these employed men.	This library had discussed this employed men.	-79.0	-79.0	-9.875	-9.875	False	False	morphology	determiner_noun_agreement	Write a natural, coherent English sentence.
351	31	This teenager can't worry those delighted men.	This teenager can't worry that delighted men.	-97.5	-97.5	-9.75	-9.75	False	False	morphology	determiner_noun_agreement	Write a natural, coherent English sentence.
352	31	Wendy revealed that sick octopus.	Wendy revealed those sick octopus.	-85.0	-86.5	-9.4375	-9.625	True	True	morphology	determiner_noun_agreement	Write a natural, coherent English sentence.
353	31	The Clintons haven't worked with that young person.	The Clintons haven't worked with those young person.	-123.0	-123.5	-9.4375	-9.5	True	True	morphology	determiner_noun_agreement	Write a natural, coherent English sentence.
354	31	Some committee aggravates this unconvinced woman.	Some committee aggravates these unconvinced woman.	-113.5	-114.0	-9.5	-9.5	True	False	morphology	determiner_noun_agreement	Write a natural, coherent English sentence.
355	31	Guy bored that troubled man.	Guy bored those troubled man.	-69.0	-69.5	-9.875	-9.875	True	False	morphology	determiner_noun_agreement	Write a natural, coherent English sentence.
356	31	Every actress scanned those bad analyses.	Every actress scanned that bad analyses.	-87.5	-88.0	-9.6875	-9.8125	True	True	morphology	determiner_noun_agreement	Write a natural, coherent English sentence.
357	31	A library alarms that determined child.	A library alarms those determined child.	-79.0	-79.0	-9.875	-9.875	False	False	morphology	determiner_noun_agreement	Write a natural, coherent English sentence.
358	31	Sheila can't notice this clever man.	Sheila can't notice these clever man.	-95.5	-96.0	-9.5625	-9.5625	True	False	morphology	determiner_noun_agreement	Write a natural, coherent English sentence.
359	31	James forgets this fast alumnus.	James forgets these fast alumnus.	-87.0	-87.0	-9.6875	-9.6875	False	False	morphology	determiner_noun_agreement	Write a natural, coherent English sentence.
360	31	Noah hasn't thought about these smooth lice.	Noah hasn't thought about this smooth lice.	-105.5	-106.0	-9.625	-9.625	True	False	morphology	determiner_noun_agreement	Write a natural, coherent English sentence.
361	31	Aaron sees these gray oases.	Aaron sees this gray oases.	-69.0	-69.5	-9.875	-9.9375	True	True	morphology	determiner_noun_agreement	Write a natural, coherent English sentence.
362	31	Sherry has taken this standing goose.	Sherry has taken these standing goose.	-87.5	-87.5	-9.6875	-9.75	False	True	morphology	determiner_noun_agreement	Write a natural, coherent English sentence.
363	31	Marie hasn't found those ill geese.	Marie hasn't found that ill geese.	-96.5	-96.5	-9.625	-9.6875	False	True	morphology	determiner_noun_agreement	Write a natural, coherent English sentence.
364	31	Peter isn't arriving at that red oasis.	Peter isn't arriving at those red oasis.	-104.5	-105.0	-9.5	-9.5625	True	True	morphology	determiner_noun_agreement	Write a natural, coherent English sentence.
365	31	Jill isn't boycotting those orange oases.	Jill isn't boycotting that orange oases.	-132.0	-132.0	-9.375	-9.4375	False	True	morphology	determiner_noun_agreement	Write a natural, coherent English sentence.
366	31	Julia messes up that orange foot.	Julia messes up those orange foot.	-78.0	-78.0	-9.75	-9.75	False	False	morphology	determiner_noun_agreement	Write a natural, coherent English sentence.
367	31	That hill didn't disturb that content woman.	That hill didn't disturb those content woman.	-96.0	-96.5	-9.625	-9.625	True	False	morphology	determiner_noun_agreement	Write a natural, coherent English sentence.
368	31	Suzanne has concealed that concealed man.	Suzanne has concealed those concealed man.	-95.0	-95.5	-9.5	-9.5625	True	True	morphology	determiner_noun_agreement	Write a natural, coherent English sentence.
369	31	Alicia sells that orange octopus.	Alicia sells those orange octopus.	-103.0	-103.5	-9.375	-9.375	True	False	morphology	determiner_noun_agreement	Write a natural, coherent English sentence.
370	31	Leslie has discussed that delighted child.	Leslie has discussed those delighted child.	-78.0	-78.5	-9.75	-9.8125	True	True	morphology	determiner_noun_agreement	Write a natural, coherent English sentence.
371	31	Andrea could like these white lice.	Andrea could like this white lice.	-78.5	-78.5	-9.8125	-9.8125	False	False	morphology	determiner_noun_agreement	Write a natural, coherent English sentence.
372	31	Most children break those rough teeth.	Most children break that rough teeth.	-69.0	-69.0	-9.875	-9.875	False	False	morphology	determiner_noun_agreement	Write a natural, coherent English sentence.
373	31	Richard did work with this clever child.	Richard did work with these clever child.	-77.5	-78.5	-9.6875	-9.8125	True	True	morphology	determiner_noun_agreement	Write a natural, coherent English sentence.
374	31	Anne hugs this unemployed woman.	Anne hugs these unemployed woman.	-77.0	-77.5	-9.625	-9.6875	True	True	morphology	determiner_noun_agreement	Write a natural, coherent English sentence.
375	31	Those actors attack that excited child.	Those actors attack those excited child.	-69.0	-70.0	-9.875	-9.9375	True	True	morphology	determiner_noun_agreement	Write a natural, coherent English sentence.
376	31	Bruce was hugging that unconvinced man.	Bruce was hugging those unconvinced man.	-104.5	-105.0	-9.5	-9.5625	True	True	morphology	determiner_noun_agreement	Write a natural, coherent English sentence.
377	31	Patrick hasn't hidden this orange oasis.	Patrick hasn't hidden these orange oasis.	-97.0	-97.0	-9.6875	-9.6875	False	False	morphology	determiner_noun_agreement	Write a natural, coherent English sentence.
378	31	Alicia hadn't discussed that uncertain person.	Alicia hadn't discussed those uncertain person.	-105.5	-105.5	-9.5625	-9.625	False	True	morphology	determiner_noun_agreement	Write a natural, coherent English sentence.
379	31	Susan wasn't talking to those confident men.	Susan wasn't talking to that confident men.	-96.0	-96.5	-9.625	-9.625	True	False	morphology	determiner_noun_agreement	Write a natural, coherent English sentence.
380	31	Cheryl will scan that good synopsis.	Cheryl will scan those good synopsis.	-87.0	-87.5	-9.6875	-9.75	True	True	morphology	determiner_noun_agreement	Write a natural, coherent English sentence.
381	31	Tamara kissed that unsure man.	Tamara kissed those unsure man.	-77.0	-78.0	-9.625	-9.75	True	True	morphology	determiner_noun_agreement	Write a natural, coherent English sentence.
382	31	Craig boasts about those bad analyses.	Craig boasts about that bad analyses.	-87.0	-87.5	-9.625	-9.6875	True	True	morphology	determiner_noun_agreement	Write a natural, coherent English sentence.
383	31	Randolf hadn't hugged those serious people.	Randolf hadn't hugged that serious people.	-105.0	-105.0	-9.5	-9.5625	False	True	morphology	determiner_noun_agreement	Write a natural, coherent English sentence.
384	31	Many doctors cure these exposed men.	Many doctors cure this exposed men.	-69.0	-69.5	-9.8125	-9.9375	True	True	morphology	determiner_noun_agreement	Write a natural, coherent English sentence.
385	31	Women criticized those smooth theses.	Women criticized that smooth theses.	-77.5	-77.5	-9.6875	-9.6875	False	False	morphology	determiner_noun_agreement	Write a natural, coherent English sentence.
386	31	Some light disturbs that old person.	Some light disturbs those old person.	-87.0	-87.0	-9.625	-9.6875	False	True	morphology	determiner_noun_agreement	Write a natural, coherent English sentence.
387	31	Carol was questioning this big man.	Carol was questioning these big man.	-68.5	-69.0	-9.75	-9.8125	True	True	morphology	determiner_noun_agreement	Write a natural, coherent English sentence.
388	31	Sara has gone to that old oasis.	Sara has gone to those old oasis.	-86.5	-87.0	-9.5625	-9.625	True	True	morphology	determiner_noun_agreement	Write a natural, coherent English sentence.
389	31	Steven brought these red oases.	Steven brought this red oases.	-68.5	-69.0	-9.8125	-9.875	True	True	morphology	determiner_noun_agreement	Write a natural, coherent English sentence.
390	31	Diana will disgust these ill children.	Diana will disgust this ill children.	-69.0	-70.0	-9.875	-10.0	True	True	morphology	determiner_noun_agreement	Write a natural, coherent English sentence.
391	31	Steven disturbs these sick alumni.	Steven disturbs this sick alumni.	-96.0	-96.5	-9.5625	-9.625	True	True	morphology	determiner_noun_agreement	Write a natural, coherent English sentence.
392	31	Angela wasn't lifting these blue feet.	Angela wasn't lifting this blue feet.	-87.5	-88.0	-9.75	-9.75	True	False	morphology	determiner_noun_agreement	Write a natural, coherent English sentence.
393	31	Sharon hasn't stunned that unsure child.	Sharon hasn't stunned those unsure child.	-116.0	-115.5	-9.625	-9.625	False	False	morphology	determiner_noun_agreement	Write a natural, coherent English sentence.
394	31	These girls question that concealed man.	These girls question those concealed man.	-78.0	-78.0	-9.75	-9.75	False	False	morphology	determiner_noun_agreement	Write a natural, coherent English sentence.
395	31	Martha wasn't kissing this unemployed man.	Martha wasn't kissing these unemployed man.	-103.5	-104.5	-9.4375	-9.5	True	True	morphology	determiner_noun_agreement	Write a natural, coherent English sentence.
396	31	Kendra isn't working with this excited child.	Kendra isn't working with these excited child.	-115.0	-115.5	-9.5625	-9.625	True	True	morphology	determiner_noun_agreement	Write a natural, coherent English sentence.
397	31	All actresses praise this hard thesis.	All actresses praise these hard thesis.	-78.0	-78.0	-9.75	-9.75	False	False	morphology	determiner_noun_agreement	Write a natural, coherent English sentence.
398	31	David cleans that hard tooth.	David cleans those hard tooth.	-68.0	-68.0	-9.6875	-9.6875	False	False	morphology	determiner_noun_agreement	Write a natural, coherent English sentence.
399	31	Julia sounded like this uncertain person.	Julia sounded like these uncertain person.	-69.0	-69.5	-9.875	-9.9375	True	True	morphology	determiner_noun_agreement	Write a natural, coherent English sentence.
400	31	Those actors attacked that happy alumnus.	Those actors attacked those happy alumnus.	-88.0	-88.0	-9.75	-9.75	False	False	morphology	determiner_noun_agreement	Write a natural, coherent English sentence.
401	31	Eva hadn't admired these black fungi.	Eva hadn't admired this black fungi.	-106.0	-106.0	-9.625	-9.625	False	False	morphology	determiner_noun_agreement	Write a natural, coherent English sentence.
402	31	Many chairs aren't disgusting this unlucky child.	Many chairs aren't disgusting these unlucky child.	-123.5	-123.5	-9.5	-9.5	False	False	morphology	determiner_noun_agreement	Write a natural, coherent English sentence.
403	31	Those waiters break these rough teeth.	Those waiters break this rough teeth.	-78.0	-78.5	-9.75	-9.8125	True	True	morphology	determiner_noun_agreement	Write a natural, coherent English sentence.
404	31	Becca leaves this uncertain child.	Becca leaves these uncertain child.	-69.0	-69.5	-9.875	-9.9375	True	True	morphology	determiner_noun_agreement	Write a natural, coherent English sentence.
405	31	Some steak disturbs these displeased children.	Some steak disturbs this displeased children.	-113.0	-114.0	-9.4375	-9.5	True	True	morphology	determiner_noun_agreement	Write a natural, coherent English sentence.
406	31	Christine wouldn't conceal this lost stimulus.	Christine wouldn't conceal these lost stimulus.	-114.0	-114.5	-9.5	-9.5	True	False	morphology	determiner_noun_agreement	Write a natural, coherent English sentence.
407	31	Every face irritates those unemployed alumni.	Every face irritates that unemployed alumni.	-103.0	-103.5	-9.375	-9.4375	True	True	morphology	determiner_noun_agreement	Write a natural, coherent English sentence.
408	31	Susan noticed that unlucky person.	Susan noticed those unlucky person.	-77.0	-78.0	-9.625	-9.75	True	True	morphology	determiner_noun_agreement	Write a natural, coherent English sentence.
409	31	Some women drop by those concealed oases.	Some women drop by that concealed oases.	-97.0	-97.0	-9.6875	-9.75	False	True	morphology	determiner_noun_agreement	Write a natural, coherent English sentence.
410	31	The Clintons disagree with these serious men.	The Clintons disagree with this serious men.	-96.0	-96.5	-9.5625	-9.625	True	True	morphology	determiner_noun_agreement	Write a natural, coherent English sentence.
411	31	Phillip discovers these busy women.	Phillip discovers this busy women.	-77.5	-77.5	-9.6875	-9.6875	False	False	morphology	determiner_noun_agreement	Write a natural, coherent English sentence.
412	31	Waiters investigate that hopeful woman.	Waiters investigate those hopeful woman.	-77.0	-77.5	-9.625	-9.6875	True	True	morphology	determiner_noun_agreement	Write a natural, coherent English sentence.
413	31	Regina hasn't found these white nuclei.	Regina hasn't found this white nuclei.	-113.5	-114.5	-9.5	-9.5	True	False	morphology	determiner_noun_agreement	Write a natural, coherent English sentence.
414	31	Irene scanned those purple theses.	Irene scanned that purple theses.	-87.0	-87.5	-9.6875	-9.75	True	True	morphology	determiner_noun_agreement	Write a natural, coherent English sentence.
415	31	A bank references those popular people.	A bank references that popular people.	-69.0	-69.0	-9.875	-9.875	False	False	morphology	determiner_noun_agreement	Write a natural, coherent English sentence.
416	31	Vincent tours this old oasis.	Vincent tours these old oasis.	-68.0	-69.0	-9.75	-9.8125	True	True	morphology	determiner_noun_agreement	Write a natural, coherent English sentence.
417	31	Alicia kisses that standing woman.	Alicia kisses those standing woman.	-86.5	-87.0	-9.5625	-9.625	True	True	morphology	determiner_noun_agreement	Write a natural, coherent English sentence.
418	31	Some candles aren't boring those displeased men.	Some candles aren't boring that displeased men.	-124.0	-124.5	-9.5	-9.5625	True	True	morphology	determiner_noun_agreement	Write a natural, coherent English sentence.
419	31	That teenager does care for this old alumnus.	That teenager does care for these old alumnus.	-106.0	-106.5	-9.625	-9.6875	True	True	morphology	determiner_noun_agreement	Write a natural, coherent English sentence.
420	31	A lot of drawings weren't alarming that displeased man.	A lot of drawings weren't alarming those displeased man.	-141.0	-141.0	-9.375	-9.4375	False	True	morphology	determiner_noun_agreement	Write a natural, coherent English sentence.
421	31	That face astounded that important woman.	That face astounded those important woman.	-86.0	-86.5	-9.5625	-9.625	True	True	morphology	determiner_noun_agreement	Write a natural, coherent English sentence.
422	31	Tiffany had approached these unemployed people.	Tiffany had approached this unemployed people.	-96.0	-96.0	-9.5625	-9.625	False	True	morphology	determiner_noun_agreement	Write a natural, coherent English sentence.
423	31	Christina is passing these rough oases.	Christina is passing this rough oases.	-87.0	-87.0	-9.6875	-9.6875	False	False	morphology	determiner_noun_agreement	Write a natural, coherent English sentence.
424	31	Debra was praising those busy people.	Debra was praising that busy people.	-86.5	-87.0	-9.625	-9.6875	True	True	morphology	determiner_noun_agreement	Write a natural, coherent English sentence.
425	31	The doctors didn't care for these scared children.	The doctors didn't care for this scared children.	-104.0	-105.0	-9.5	-9.5	True	False	morphology	determiner_noun_agreement	Write a natural, coherent English sentence.
426	31	Those ladders stun these small people.	Those ladders stun this small people.	-96.5	-97.0	-9.6875	-9.75	True	True	morphology	determiner_noun_agreement	Write a natural, coherent English sentence.
427	31	Samuel isn't distracting these clever women.	Samuel isn't distracting this clever women.	-96.0	-96.5	-9.625	-9.625	True	False	morphology	determiner_noun_agreement	Write a natural, coherent English sentence.
428	31	Lucille dropped by those new oases.	Lucille dropped by that new oases.	-87.5	-87.0	-9.75	-9.6875	False	False	morphology	determiner_noun_agreement	Write a natural, coherent English sentence.
429	31	A legislature should aggravate that busy child.	A legislature should aggravate those busy child.	-105.5	-106.0	-9.625	-9.625	True	False	morphology	determiner_noun_agreement	Write a natural, coherent English sentence.
430	31	Larry observed that lucky child.	Larry observed those lucky child.	-59.25	-60.0	-9.875	-10.0	True	True	morphology	determiner_noun_agreement	Write a natural, coherent English sentence.
431	31	Lawrence wasn't approaching those troubled children.	Lawrence wasn't approaching that troubled children.	-96.0	-97.0	-9.625	-9.6875	True	True	morphology	determiner_noun_agreement	Write a natural, coherent English sentence.
432	31	Most libraries describe those delighted men.	Most libraries describe that delighted men.	-70.0	-70.0	-10.0	-10.0	False	False	morphology	determiner_noun_agreement	Write a natural, coherent English sentence.
433	31	The Impressionists alarms that sick child.	The Impressionists alarms those sick child.	-96.0	-96.5	-9.625	-9.625	True	False	morphology	determiner_noun_agreement	Write a natural, coherent English sentence.
434	31	A lot of children have this exposed axis.	A lot of children have these exposed axis.	-86.5	-87.0	-9.625	-9.6875	True	True	morphology	determiner_noun_agreement	Write a natural, coherent English sentence.
435	31	Melissa couldn't reveal that small man.	Melissa couldn't reveal those small man.	-95.5	-96.0	-9.5625	-9.625	True	True	morphology	determiner_noun_agreement	Write a natural, coherent English sentence.
436	31	These carriages won't impress those bad men.	These carriages won't impress that bad men.	-105.0	-106.0	-9.5625	-9.625	True	True	morphology	determiner_noun_agreement	Write a natural, coherent English sentence.
437	31	Many girls drop by that red oasis.	Many girls drop by those red oasis.	-88.0	-88.0	-9.75	-9.8125	False	True	morphology	determiner_noun_agreement	Write a natural, coherent English sentence.
438	31	The Impressionists fled from this small woman.	The Impressionists fled from these small woman.	-95.0	-95.5	-9.5	-9.5625	True	True	morphology	determiner_noun_agreement	Write a natural, coherent English sentence.
439	31	Ann arrived at that blue oasis.	Ann arrived at those blue oasis.	-77.0	-77.0	-9.625	-9.625	False	False	morphology	determiner_noun_agreement	Write a natural, coherent English sentence.
440	31	The sock isn't disturbing those lucky children.	The sock isn't disturbing that lucky children.	-104.5	-105.0	-9.5	-9.5625	True	True	morphology	determiner_noun_agreement	Write a natural, coherent English sentence.
441	31	Those socks were shocking those unlucky men.	Those socks were shocking that unlucky men.	-104.0	-105.5	-9.4375	-9.5625	True	True	morphology	determiner_noun_agreement	Write a natural, coherent English sentence.
442	31	Christine wasn't walking through those cheap oases.	Christine wasn't walking through that cheap oases.	-115.5	-115.5	-9.625	-9.625	False	False	morphology	determiner_noun_agreement	Write a natural, coherent English sentence.
443	31	Mary appreciates those content women.	Mary appreciates that content women.	-67.5	-67.0	-9.625	-9.625	False	False	morphology	determiner_noun_agreement	Write a natural, coherent English sentence.
444	31	That lady didn't question this ill person.	That lady didn't question these ill person.	-96.5	-97.0	-9.625	-9.6875	True	True	morphology	determiner_noun_agreement	Write a natural, coherent English sentence.
445	31	Most birds annoy this young woman.	Most birds annoy these young woman.	-67.5	-68.0	-9.625	-9.75	True	True	morphology	determiner_noun_agreement	Write a natural, coherent English sentence.
446	31	Amelia is kissing these content men.	Amelia is kissing this content men.	-86.0	-86.0	-9.5625	-9.5625	False	False	morphology	determiner_noun_agreement	Write a natural, coherent English sentence.
447	31	Judy isn't taking those standing oxen.	Judy isn't taking that standing oxen.	-105.5	-105.5	-9.5625	-9.625	False	True	morphology	determiner_noun_agreement	Write a natural, coherent English sentence.
448	31	Irene is discussing those clever alumni.	Irene is discussing that clever alumni.	-96.0	-96.0	-9.5625	-9.625	False	True	morphology	determiner_noun_agreement	Write a natural, coherent English sentence.
449	31	Danielle could describe these long analyses.	Danielle could describe this long analyses.	-87.0	-87.5	-9.6875	-9.6875	True	False	morphology	determiner_noun_agreement	Write a natural, coherent English sentence.
450	31	Eva hasn't praised that lucky woman.	Eva hasn't praised those lucky woman.	-87.0	-87.5	-9.6875	-9.75	True	True	morphology	determiner_noun_agreement	Write a natural, coherent English sentence.
451	31	Grace might observe that unlucky woman.	Grace might observe those unlucky woman.	-87.0	-87.5	-9.6875	-9.75	True	True	morphology	determiner_noun_agreement	Write a natural, coherent English sentence.
452	31	The Clintons bothered these clever people.	The Clintons bothered this clever people.	-87.0	-87.5	-9.625	-9.6875	True	True	morphology	determiner_noun_agreement	Write a natural, coherent English sentence.
453	31	April hadn't embarrassed those employed alumni.	April hadn't embarrassed that employed alumni.	-106.0	-106.0	-9.625	-9.625	False	False	morphology	determiner_noun_agreement	Write a natural, coherent English sentence.
454	31	Marie shouldn't forget that happy man.	Marie shouldn't forget those happy man.	-86.5	-87.0	-9.625	-9.625	True	False	morphology	determiner_noun_agreement	Write a natural, coherent English sentence.
455	31	Renee isn't breaking that cheap foot.	Renee isn't breaking those cheap foot.	-106.0	-106.0	-9.625	-9.625	False	False	morphology	determiner_noun_agreement	Write a natural, coherent English sentence.
456	31	Monica shouldn't sell those new oases.	Monica shouldn't sell that new oases.	-105.5	-106.0	-9.5625	-9.625	True	True	morphology	determiner_noun_agreement	Write a natural, coherent English sentence.
457	31	Every dancer has returned to that troubled man.	Every dancer has returned to those troubled man.	-105.0	-105.5	-9.5625	-9.625	True	True	morphology	determiner_noun_agreement	Write a natural, coherent English sentence.
458	31	Those dancers break those green teeth.	Those dancers break that green teeth.	-78.5	-79.0	-9.8125	-9.875	True	True	morphology	determiner_noun_agreement	Write a natural, coherent English sentence.
459	31	These teachers talk about these fast women.	These teachers talk about this fast women.	-77.5	-78.5	-9.6875	-9.8125	True	True	morphology	determiner_noun_agreement	Write a natural, coherent English sentence.
460	31	Spain hasn't praised that happy man.	Spain hasn't praised those happy man.	-87.5	-88.0	-9.6875	-9.8125	True	True	morphology	determiner_noun_agreement	Write a natural, coherent English sentence.
461	31	Monica does kiss those good people.	Monica does kiss that good people.	-77.0	-77.5	-9.625	-9.6875	True	True	morphology	determiner_noun_agreement	Write a natural, coherent English sentence.
462	31	Benjamin can boast about those busy men.	Benjamin can boast about that busy men.	-87.0	-87.5	-9.6875	-9.75	True	True	morphology	determiner_noun_agreement	Write a natural, coherent English sentence.
463	31	Donald conceals this lost nucleus.	Donald conceals these lost nucleus.	-77.0	-77.5	-9.625	-9.6875	True	True	morphology	determiner_noun_agreement	Write a natural, coherent English sentence.
464	31	Gregory was embarrassing this big woman.	Gregory was embarrassing these big woman.	-78.5	-79.0	-9.8125	-9.875	True	True	morphology	determiner_noun_agreement	Write a natural, coherent English sentence.
465	31	The waiter wasn't stunning that hidden child.	The waiter wasn't stunning those hidden child.	-105.5	-106.0	-9.5625	-9.625	True	True	morphology	determiner_noun_agreement	Write a natural, coherent English sentence.
466	31	A lot of photographs haven't looked like this red stimulus.	A lot of photographs haven't looked like these red stimulus.	-132.0	-133.0	-9.4375	-9.5	True	True	morphology	determiner_noun_agreement	Write a natural, coherent English sentence.
467	31	A patient fixed those cheap feet.	A patient fixed that cheap feet.	-69.0	-70.0	-9.875	-10.0	True	True	morphology	determiner_noun_agreement	Write a natural, coherent English sentence.
468	31	Many gates shouldn't astound these unsure alumni.	Many gates shouldn't astound this unsure alumni.	-133.0	-134.0	-9.5	-9.5625	True	True	morphology	determiner_noun_agreement	Write a natural, coherent English sentence.
469	31	That picture hasn't looked like these big men.	That picture hasn't looked like this big men.	-105.0	-105.0	-9.5625	-9.5625	False	False	morphology	determiner_noun_agreement	Write a natural, coherent English sentence.
470	31	These waitresses talk about this hidden thesis.	These waitresses talk about these hidden thesis.	-96.0	-96.5	-9.5625	-9.625	True	True	morphology	determiner_noun_agreement	Write a natural, coherent English sentence.
471	31	Stacy concealed those gray axes.	Stacy concealed that gray axes.	-87.5	-87.5	-9.75	-9.75	False	False	morphology	determiner_noun_agreement	Write a natural, coherent English sentence.
472	31	Nicole remembers those serious alumni.	Nicole remembers that serious alumni.	-86.5	-86.5	-9.625	-9.625	False	False	morphology	determiner_noun_agreement	Write a natural, coherent English sentence.
473	31	Leslie hadn't gone to that small oasis.	Leslie hadn't gone to those small oasis.	-113.0	-113.0	-9.375	-9.4375	False	True	morphology	determiner_noun_agreement	Write a natural, coherent English sentence.
474	31	Joel wasn't praising this ill person.	Joel wasn't praising these ill person.	-97.0	-97.5	-9.6875	-9.75	True	True	morphology	determiner_noun_agreement	Write a natural, coherent English sentence.
475	31	These drivers embarrasses this young alumnus.	These drivers embarrasses these young alumnus.	-96.5	-96.5	-9.625	-9.6875	False	True	morphology	determiner_noun_agreement	Write a natural, coherent English sentence.
476	31	Beef bores that delighted woman.	Beef bores those delighted woman.	-78.5	-79.0	-9.8125	-9.875	True	True	morphology	determiner_noun_agreement	Write a natural, coherent English sentence.
477	31	Mitchell goes to this gray oasis.	Mitchell goes to these gray oasis.	-77.5	-78.0	-9.6875	-9.75	True	True	morphology	determiner_noun_agreement	Write a natural, coherent English sentence.
478	31	The mouth bores these upset men.	The mouth bores this upset men.	-78.5	-78.5	-9.8125	-9.8125	False	False	morphology	determiner_noun_agreement	Write a natural, coherent English sentence.
479	31	Most legislatures discuss those good people.	Most legislatures discuss that good people.	-78.5	-78.5	-9.8125	-9.8125	False	False	morphology	determiner_noun_agreement	Write a natural, coherent English sentence.
480	31	The boys mess up those purple feet.	The boys mess up that purple feet.	-78.0	-78.5	-9.75	-9.8125	True	True	morphology	determiner_noun_agreement	Write a natural, coherent English sentence.
481	31	Cashiers describe these fast children.	Cashiers describe this fast children.	-68.5	-68.5	-9.75	-9.8125	False	True	morphology	determiner_noun_agreement	Write a natural, coherent English sentence.
482	31	Roger has fired those unconvinced men.	Roger has fired that unconvinced men.	-97.0	-98.0	-9.6875	-9.75	True	True	morphology	determiner_noun_agreement	Write a natural, coherent English sentence.
483	31	Amy wasn't kissing this content man.	Amy wasn't kissing these content man.	-95.0	-96.0	-9.5	-9.625	True	True	morphology	determiner_noun_agreement	Write a natural, coherent English sentence.
484	31	Every dancer hadn't praised those good analyses.	Every dancer hadn't praised that good analyses.	-115.5	-116.0	-9.625	-9.6875	True	True	morphology	determiner_noun_agreement	Write a natural, coherent English sentence.
485	31	Rhonda wasn't hiding those red mice.	Rhonda wasn't hiding that red mice.	-106.0	-106.0	-9.625	-9.625	False	False	morphology	determiner_noun_agreement	Write a natural, coherent English sentence.
486	31	Every pedestrian talks about that bad synopsis.	Every pedestrian talks about those bad synopsis.	-95.5	-95.0	-9.5625	-9.5	False	False	morphology	determiner_noun_agreement	Write a natural, coherent English sentence.
487	31	The fish shocks these old alumni.	The fish shocks this old alumni.	-95.0	-95.0	-9.5	-9.5	False	False	morphology	determiner_noun_agreement	Write a natural, coherent English sentence.
488	31	Those waitresses visited those scared alumni.	Those waitresses visited that scared alumni.	-105.0	-105.0	-9.5	-9.5625	False	True	morphology	determiner_noun_agreement	Write a natural, coherent English sentence.
489	31	That library was listening to this nice man.	That library was listening to these nice man.	-86.5	-87.5	-9.625	-9.75	True	True	morphology	determiner_noun_agreement	Write a natural, coherent English sentence.
490	31	Steve wasn't bringing that blue stimulus.	Steve wasn't bringing those blue stimulus.	-97.0	-96.5	-9.6875	-9.625	False	False	morphology	determiner_noun_agreement	Write a natural, coherent English sentence.
491	31	Some guest was hiring that scared woman.	Some guest was hiring those scared woman.	-78.5	-79.0	-9.8125	-9.875	True	True	morphology	determiner_noun_agreement	Write a natural, coherent English sentence.
492	31	The spotlights upset this unconvinced alumnus.	The spotlights upset these unconvinced alumnus.	-122.5	-122.5	-9.4375	-9.4375	False	False	morphology	determiner_noun_agreement	Write a natural, coherent English sentence.
493	31	Todd might observe this lost man.	Todd might observe these lost man.	-69.5	-69.5	-9.875	-9.9375	False	True	morphology	determiner_noun_agreement	Write a natural, coherent English sentence.
494	31	People could describe that unconvinced person.	People could describe those unconvinced person.	-97.0	-97.0	-9.6875	-9.6875	False	False	morphology	determiner_noun_agreement	Write a natural, coherent English sentence.
495	31	That waiter had astounded these lucky people.	That waiter had astounded this lucky people.	-105.0	-105.5	-9.5	-9.5625	True	True	morphology	determiner_noun_agreement	Write a natural, coherent English sentence.
496	31	Kendra disgusted these confident women.	Kendra disgusted this confident women.	-87.5	-88.0	-9.6875	-9.75	True	True	morphology	determiner_noun_agreement	Write a natural, coherent English sentence.
497	31	Spain hasn't annoyed those old people.	Spain hasn't annoyed that old people.	-95.0	-95.0	-9.5	-9.5	False	False	morphology	determiner_noun_agreement	Write a natural, coherent English sentence.
498	31	Steve kisses these out in the open people.	Steve kisses this out in the open people.	-95.0	-95.0	-9.5	-9.5	False	False	morphology	determiner_noun_agreement	Write a natural, coherent English sentence.
499	31	Wayne kissed those unconvinced men.	Wayne kissed that unconvinced men.	-87.5	-88.0	-9.75	-9.75	True	False	morphology	determiner_noun_agreement	Write a natural, coherent English sentence.
500	31	Douglas has brought those lost cacti.	Douglas has brought that lost cacti.	-87.5	-87.5	-9.6875	-9.75	False	True	morphology	determiner_noun_agreement	Write a natural, coherent English sentence.
501	31	Tammy can't reveal that big alumnus.	Tammy can't reveal those big alumnus.	-114.5	-115.0	-9.5625	-9.625	True	True	morphology	determiner_noun_agreement	Write a natural, coherent English sentence.
502	31	Deborah fled from those standing children.	Deborah fled from that standing children.	-85.5	-86.0	-9.5	-9.5625	True	True	morphology	determiner_noun_agreement	Write a natural, coherent English sentence.
503	31	A man wasn't cleaning that hard fungus.	A man wasn't cleaning those hard fungus.	-115.0	-115.0	-9.5625	-9.5625	False	False	morphology	determiner_noun_agreement	Write a natural, coherent English sentence.
504	31	Danielle has broken those gray teeth.	Danielle has broken that gray teeth.	-78.0	-78.0	-9.75	-9.75	False	False	morphology	determiner_noun_agreement	Write a natural, coherent English sentence.
505	31	Derek praised this big thesis.	Derek praised these big thesis.	-69.5	-70.0	-9.9375	-10.0	True	True	morphology	determiner_noun_agreement	Write a natural, coherent English sentence.
506	31	Gary has disgusted those unsure people.	Gary has disgusted that unsure people.	-87.5	-87.5	-9.75	-9.6875	False	False	morphology	determiner_noun_agreement	Write a natural, coherent English sentence.
507	31	A senator insulted this bad synopsis.	A senator insulted these bad synopsis.	-96.0	-96.0	-9.5625	-9.625	False	True	morphology	determiner_noun_agreement	Write a natural, coherent English sentence.
508	31	A lot of drivers visit these purple oases.	A lot of drivers visit this purple oases.	-96.5	-97.0	-9.6875	-9.6875	True	False	morphology	determiner_noun_agreement	Write a natural, coherent English sentence.
509	31	Richard isn't attacking this fast child.	Richard isn't attacking these fast child.	-87.0	-87.5	-9.6875	-9.6875	True	False	morphology	determiner_noun_agreement	Write a natural, coherent English sentence.
510	31	Frank shocked that unsure man.	Frank shocked those unsure man.	-70.0	-69.5	-10.0	-9.9375	False	False	morphology	determiner_noun_agreement	Write a natural, coherent English sentence.
511	31	Brett returned to that confident man.	Brett returned to those confident man.	-78.0	-78.5	-9.75	-9.8125	True	True	morphology	determiner_noun_agreement	Write a natural, coherent English sentence.
512	31	Many ladies weren't passing these old oases.	Many ladies weren't passing this old oases.	-107.0	-107.0	-9.6875	-9.75	False	True	morphology	determiner_noun_agreement	Write a natural, coherent English sentence.
513	31	A waiter brought those purple teeth.	A waiter brought that purple teeth.	-76.5	-77.0	-9.5625	-9.625	True	True	morphology	determiner_noun_agreement	Write a natural, coherent English sentence.
514	31	Beverly has fired this fast alumnus.	Beverly has fired these fast alumnus.	-97.0	-97.5	-9.75	-9.75	True	False	morphology	determiner_noun_agreement	Write a natural, coherent English sentence.
515	31	Men haven't observed that standing man.	Men haven't observed those standing man.	-87.0	-87.5	-9.6875	-9.6875	True	False	morphology	determiner_noun_agreement	Write a natural, coherent English sentence.
516	31	Tiffany admired this ill child.	Tiffany admired these ill child.	-86.0	-86.5	-9.5625	-9.625	True	True	morphology	determiner_noun_agreement	Write a natural, coherent English sentence.
517	31	That patient didn't love that unemployed alumnus.	That patient didn't love those unemployed alumnus.	-123.5	-123.5	-9.5	-9.5	False	False	morphology	determiner_noun_agreement	Write a natural, coherent English sentence.
518	31	Aaron reveals that red tooth.	Aaron reveals those red tooth.	-60.0	-60.5	-10.0	-10.0625	True	True	morphology	determiner_noun_agreement	Write a natural, coherent English sentence.
519	31	Monica was insulting those bad people.	Monica was insulting that bad people.	-86.0	-87.0	-9.5625	-9.625	True	True	morphology	determiner_noun_agreement	Write a natural, coherent English sentence.
520	31	These teenagers watch that old alumnus.	These teenagers watch those old alumnus.	-95.0	-95.0	-9.5	-9.5	False	False	morphology	determiner_noun_agreement	Write a natural, coherent English sentence.
521	31	Tina might confuse this exposed child.	Tina might confuse these exposed child.	-88.0	-88.0	-9.75	-9.75	False	False	morphology	determiner_noun_agreement	Write a natural, coherent English sentence.
522	31	A face was confusing that nice woman.	A face was confusing those nice woman.	-78.0	-78.5	-9.75	-9.8125	True	True	morphology	determiner_noun_agreement	Write a natural, coherent English sentence.
523	31	An adult researches that good analysis.	An adult researches those good analysis.	-95.0	-95.5	-9.5	-9.5625	True	True	morphology	determiner_noun_agreement	Write a natural, coherent English sentence.
524	31	Some broccoli isn't annoying these unconvinced women.	Some broccoli isn't annoying this unconvinced women.	-141.0	-142.0	-9.375	-9.4375	True	True	morphology	determiner_noun_agreement	Write a natural, coherent English sentence.
525	31	Nancy talks about these content children.	Nancy talks about this content children.	-68.5	-68.5	-9.8125	-9.75	False	False	morphology	determiner_noun_agreement	Write a natural, coherent English sentence.
526	31	Regina found this lost ox.	Regina found these lost ox.	-77.5	-77.5	-9.6875	-9.6875	False	False	morphology	determiner_noun_agreement	Write a natural, coherent English sentence.
527	31	Emily had respected that clever man.	Emily had respected those clever man.	-69.0	-69.5	-9.8125	-9.875	True	True	morphology	determiner_noun_agreement	Write a natural, coherent English sentence.
528	31	Kathleen has worked with this confident man.	Kathleen has worked with these confident man.	-86.0	-86.5	-9.5625	-9.625	True	True	morphology	determiner_noun_agreement	Write a natural, coherent English sentence.
529	31	Most customers are distracting these determined children.	Most customers are distracting this determined children.	-86.5	-87.5	-9.625	-9.6875	True	True	morphology	determiner_noun_agreement	Write a natural, coherent English sentence.
530	31	Rachelle didn't cure this black octopus.	Rachelle didn't cure these black octopus.	-113.0	-114.0	-9.4375	-9.5	True	True	morphology	determiner_noun_agreement	Write a natural, coherent English sentence.
531	31	Steven hugs these standing men.	Steven hugs this standing men.	-68.5	-69.0	-9.8125	-9.875	True	True	morphology	determiner_noun_agreement	Write a natural, coherent English sentence.
532	31	Every popsicle shocked those excited men.	Every popsicle shocked that excited men.	-87.0	-88.0	-9.6875	-9.75	True	True	morphology	determiner_noun_agreement	Write a natural, coherent English sentence.
533	31	Sonia lifts that new oasis.	Sonia lifts those new oasis.	-87.0	-87.0	-9.6875	-9.6875	False	False	morphology	determiner_noun_agreement	Write a natural, coherent English sentence.
534	31	Cheryl might tour that purple oasis.	Cheryl might tour those purple oasis.	-87.5	-88.0	-9.75	-9.8125	True	True	morphology	determiner_noun_agreement	Write a natural, coherent English sentence.
535	31	This doctor appreciates this bad child.	This doctor appreciates these bad child.	-77.5	-78.0	-9.6875	-9.75	True	True	morphology	determiner_noun_agreement	Write a natural, coherent English sentence.
536	31	Leslie breaks those red feet.	Leslie breaks that red feet.	-68.0	-68.5	-9.6875	-9.75	True	True	morphology	determiner_noun_agreement	Write a natural, coherent English sentence.
537	31	Bethany hasn't hidden that yellow louse.	Bethany hasn't hidden those yellow louse.	-105.5	-106.5	-9.625	-9.6875	True	True	morphology	determiner_noun_agreement	Write a natural, coherent English sentence.
538	31	Some people have criticized this brown thesis.	Some people have criticized these brown thesis.	-85.5	-86.0	-9.5	-9.5625	True	True	morphology	determiner_noun_agreement	Write a natural, coherent English sentence.
539	31	Noah heals this determined child.	Noah heals these determined child.	-69.0	-69.5	-9.875	-9.9375	True	True	morphology	determiner_noun_agreement	Write a natural, coherent English sentence.
540	31	Kevin biked to those big oases.	Kevin biked to that big oases.	-94.5	-94.5	-9.4375	-9.4375	False	False	morphology	determiner_noun_agreement	Write a natural, coherent English sentence.
541	31	Wayne hadn't bored these sick men.	Wayne hadn't bored this sick men.	-88.0	-88.5	-9.8125	-9.8125	True	False	morphology	determiner_noun_agreement	Write a natural, coherent English sentence.
542	31	Amy returns to those young alumni.	Amy returns to that young alumni.	-86.0	-87.0	-9.5625	-9.6875	True	True	morphology	determiner_noun_agreement	Write a natural, coherent English sentence.
543	31	That gate did aggravate this excited woman.	That gate did aggravate these excited woman.	-96.0	-96.5	-9.625	-9.625	True	False	morphology	determiner_noun_agreement	Write a natural, coherent English sentence.
544	31	Melissa observes that bad child.	Melissa observes those bad child.	-77.5	-78.0	-9.6875	-9.75	True	True	morphology	determiner_noun_agreement	Write a natural, coherent English sentence.
545	31	Kathleen wasn't scanning those long synopses.	Kathleen wasn't scanning that long synopses.	-123.0	-123.5	-9.4375	-9.5	True	True	morphology	determiner_noun_agreement	Write a natural, coherent English sentence.
546	31	That guy dropped by these white oases.	That guy dropped by this white oases.	-88.0	-87.5	-9.75	-9.75	False	False	morphology	determiner_noun_agreement	Write a natural, coherent English sentence.
547	31	Every child might fire this serious child.	Every child might fire these serious child.	-79.0	-79.5	-9.875	-9.9375	True	True	morphology	determiner_noun_agreement	Write a natural, coherent English sentence.
548	31	Meredith had concealed that black thesis.	Meredith had concealed those black thesis.	-96.0	-96.5	-9.625	-9.625	True	False	morphology	determiner_noun_agreement	Write a natural, coherent English sentence.
549	31	Randolf didn't see these blue teeth.	Randolf didn't see this blue teeth.	-96.0	-96.5	-9.5625	-9.625	True	True	morphology	determiner_noun_agreement	Write a natural, coherent English sentence.
550	31	Some guy passes that rough oasis.	Some guy passes those rough oasis.	-79.0	-79.5	-9.875	-9.9375	True	True	morphology	determiner_noun_agreement	Write a natural, coherent English sentence.
551	31	Guys hurts that smart man.	Guys hurts those smart man.	-78.5	-78.5	-9.8125	-9.8125	False	False	morphology	determiner_noun_agreement	Write a natural, coherent English sentence.
552	31	Many museums should describe this fast man.	Many museums should describe these fast man.	-86.5	-87.0	-9.625	-9.6875	True	True	morphology	determiner_noun_agreement	Write a natural, coherent English sentence.
553	31	A lot of chairs haven't embarrassed this serious man.	A lot of chairs haven't embarrassed these serious man.	-114.5	-115.0	-9.5	-9.5625	True	True	morphology	determiner_noun_agreement	Write a natural, coherent English sentence.
554	31	Emily talked about that ill alumnus.	Emily talked about those ill alumnus.	-86.5	-87.0	-9.625	-9.6875	True	True	morphology	determiner_noun_agreement	Write a natural, coherent English sentence.
555	31	A lot of girls notice these black lice.	A lot of girls notice this black lice.	-97.0	-97.0	-9.6875	-9.6875	False	False	morphology	determiner_noun_agreement	Write a natural, coherent English sentence.
556	31	Those schools reference that green thesis.	Those schools reference those green thesis.	-69.5	-70.0	-9.875	-10.0	True	True	morphology	determiner_noun_agreement	Write a natural, coherent English sentence.
557	31	Bradley had bored this delighted alumnus.	Bradley had bored these delighted alumnus.	-96.5	-96.5	-9.625	-9.625	False	False	morphology	determiner_noun_agreement	Write a natural, coherent English sentence.
558	31	Melinda scares this good woman.	Melinda scares these good woman.	-78.5	-79.0	-9.8125	-9.875	True	True	morphology	determiner_noun_agreement	Write a natural, coherent English sentence.
559	31	Those pedestrians go to those big oases.	Those pedestrians go to that big oases.	-105.0	-105.0	-9.5625	-9.5625	False	False	morphology	determiner_noun_agreement	Write a natural, coherent English sentence.
560	31	Many doctors escaped from that lost child.	Many doctors escaped from those lost child.	-78.5	-79.0	-9.8125	-9.875	True	True	morphology	determiner_noun_agreement	Write a natural, coherent English sentence.
561	31	Tamara isn't revealing that orange ox.	Tamara isn't revealing those orange ox.	-96.5	-97.0	-9.6875	-9.6875	True	False	morphology	determiner_noun_agreement	Write a natural, coherent English sentence.
562	31	Many patients arrive at that hidden oasis.	Many patients arrive at those hidden oasis.	-84.0	-85.0	-9.3125	-9.4375	True	True	morphology	determiner_noun_agreement	Write a natural, coherent English sentence.
563	31	Beth leaves these happy children.	Beth leaves this happy children.	-59.75	-60.0	-9.9375	-10.0	True	True	morphology	determiner_noun_agreement	Write a natural, coherent English sentence.
564	31	Deanna broke that yellow foot.	Deanna broke those yellow foot.	-69.0	-69.0	-9.875	-9.875	False	False	morphology	determiner_noun_agreement	Write a natural, coherent English sentence.
565	31	Jessica had talked to that concealed man.	Jessica had talked to those concealed man.	-86.5	-87.5	-9.625	-9.75	True	True	morphology	determiner_noun_agreement	Write a natural, coherent English sentence.
566	31	Those actors praise those long synopses.	Those actors praise that long synopses.	-87.0	-88.0	-9.625	-9.75	True	True	morphology	determiner_noun_agreement	Write a natural, coherent English sentence.
567	31	This coat hasn't astounded these popular men.	This coat hasn't astounded this popular men.	-113.5	-114.0	-9.4375	-9.5	True	True	morphology	determiner_noun_agreement	Write a natural, coherent English sentence.
568	31	Wendy does talk to this scared alumnus.	Wendy does talk to these scared alumnus.	-105.5	-106.0	-9.625	-9.625	True	False	morphology	determiner_noun_agreement	Write a natural, coherent English sentence.
569	31	Christine is questioning these happy men.	Christine is questioning this happy men.	-77.5	-78.0	-9.6875	-9.75	True	True	morphology	determiner_noun_agreement	Write a natural, coherent English sentence.
570	31	All doctors loved that displeased man.	All doctors loved those displeased man.	-87.5	-88.0	-9.6875	-9.8125	True	True	morphology	determiner_noun_agreement	Write a natural, coherent English sentence.
571	31	Waitresses researched these long synopses.	Waitresses researched this long synopses.	-121.0	-121.5	-9.3125	-9.375	True	True	morphology	determiner_noun_agreement	Write a natural, coherent English sentence.
572	31	Alexander can flee from this nice woman.	Alexander can flee from these nice woman.	-87.0	-87.5	-9.625	-9.6875	True	True	morphology	determiner_noun_agreement	Write a natural, coherent English sentence.
573	31	Walter hadn't hated this fast man.	Walter hadn't hated these fast man.	-88.0	-88.0	-9.75	-9.8125	False	True	morphology	determiner_noun_agreement	Write a natural, coherent English sentence.
574	31	Those cashiers buy those smooth lice.	Those cashiers buy that smooth lice.	-88.0	-88.5	-9.75	-9.8125	True	True	morphology	determiner_noun_agreement	Write a natural, coherent English sentence.
575	31	Sonia hid that determined child.	Sonia hid those determined child.	-70.0	-69.5	-9.9375	-9.9375	False	False	morphology	determiner_noun_agreement	Write a natural, coherent English sentence.
576	31	Barbara is observing that excited person.	Barbara is observing those excited person.	-77.0	-77.5	-9.625	-9.6875	True	True	morphology	determiner_noun_agreement	Write a natural, coherent English sentence.
577	31	That company stuns these unconvinced women.	That company stuns this unconvinced women.	-105.5	-106.0	-9.625	-9.625	True	False	morphology	determiner_noun_agreement	Write a natural, coherent English sentence.
578	31	Paul thought about those bad theses.	Paul thought about that bad theses.	-78.5	-79.0	-9.8125	-9.875	True	True	morphology	determiner_noun_agreement	Write a natural, coherent English sentence.
579	31	Victoria escaped from these displeased children.	Victoria escaped from this displeased children.	-86.5	-87.0	-9.625	-9.6875	True	True	morphology	determiner_noun_agreement	Write a natural, coherent English sentence.
580	31	Brad notices this big octopus.	Brad notices these big octopus.	-84.5	-85.0	-9.375	-9.4375	True	True	morphology	determiner_noun_agreement	Write a natural, coherent English sentence.
581	31	Adam is praising those yellow theses.	Adam is praising that yellow theses.	-87.0	-88.0	-9.6875	-9.75	True	True	morphology	determiner_noun_agreement	Write a natural, coherent English sentence.
582	31	Douglas did tour those hidden oases.	Douglas did tour that hidden oases.	-78.5	-78.5	-9.8125	-9.8125	False	False	morphology	determiner_noun_agreement	Write a natural, coherent English sentence.
583	31	Gerald couldn't know these happy men.	Gerald couldn't know this happy men.	-96.0	-96.5	-9.625	-9.625	True	False	morphology	determiner_noun_agreement	Write a natural, coherent English sentence.
584	31	Those women hug that smart man.	Those women hug those smart man.	-68.5	-68.5	-9.75	-9.75	False	False	morphology	determiner_noun_agreement	Write a natural, coherent English sentence.
585	31	These senators wouldn't forget that long synopsis.	These senators wouldn't forget those long synopsis.	-115.0	-115.5	-9.5625	-9.625	True	True	morphology	determiner_noun_agreement	Write a natural, coherent English sentence.
586	31	Edward took those lost stimuli.	Edward took that lost stimuli.	-69.0	-69.0	-9.8125	-9.875	False	True	morphology	determiner_noun_agreement	Write a natural, coherent English sentence.
587	31	The waitresses did know this lucky person.	The waitresses did know these lucky person.	-95.0	-96.0	-9.5	-9.5625	True	True	morphology	determiner_noun_agreement	Write a natural, coherent English sentence.
588	31	That library might love this important person.	That library might love these important person.	-78.0	-79.0	-9.75	-9.875	True	True	morphology	determiner_noun_agreement	Write a natural, coherent English sentence.
589	31	Carrie was healing this gray octopus.	Carrie was healing these gray octopus.	-95.0	-96.0	-9.5	-9.625	True	True	morphology	determiner_noun_agreement	Write a natural, coherent English sentence.
590	31	Sonia hadn't cleaned those gray teeth.	Sonia hadn't cleaned that gray teeth.	-96.5	-96.5	-9.6875	-9.625	False	False	morphology	determiner_noun_agreement	Write a natural, coherent English sentence.
591	31	The Lutherans alarmed this confident woman.	The Lutherans alarmed these confident woman.	-87.0	-87.5	-9.6875	-9.75	True	True	morphology	determiner_noun_agreement	Write a natural, coherent English sentence.
592	31	This shirt impressed those popular people.	This shirt impressed that popular people.	-68.5	-69.0	-9.75	-9.8125	True	True	morphology	determiner_noun_agreement	Write a natural, coherent English sentence.
593	31	Some schools love that employed person.	Some schools love those employed person.	-69.0	-69.0	-9.8125	-9.875	False	True	morphology	determiner_noun_agreement	Write a natural, coherent English sentence.
594	31	Valerie hasn't known this young child.	Valerie hasn't known these young child.	-96.0	-96.0	-9.5625	-9.625	False	True	morphology	determiner_noun_agreement	Write a natural, coherent English sentence.
595	31	Scott respected those displeased men.	Scott respected that displeased men.	-78.5	-79.0	-9.8125	-9.875	True	True	morphology	determiner_noun_agreement	Write a natural, coherent English sentence.
596	31	The ladies work with those lost children.	The ladies work with that lost children.	-77.5	-78.0	-9.6875	-9.75	True	True	morphology	determiner_noun_agreement	Write a natural, coherent English sentence.
597	31	Dawn had biked to this small oasis.	Dawn had biked to these small oasis.	-112.0	-113.0	-9.3125	-9.375	True	True	morphology	determiner_noun_agreement	Write a natural, coherent English sentence.
598	31	Samantha would explore that gray oasis.	Samantha would explore those gray oasis.	-95.0	-95.0	-9.5	-9.5	False	False	morphology	determiner_noun_agreement	Write a natural, coherent English sentence.
599	31	All steps upset those unemployed men.	All steps upset that unemployed men.	-77.0	-78.0	-9.625	-9.75	True	True	morphology	determiner_noun_agreement	Write a natural, coherent English sentence.
600	31	Marla has described that unemployed woman.	Marla has described those unemployed woman.	-87.0	-87.5	-9.6875	-9.6875	True	False	morphology	determiner_noun_agreement	Write a natural, coherent English sentence.
601	31	Most universities bore those excited children.	Most universities bore that excited children.	-69.5	-70.0	-9.9375	-10.0	True	True	morphology	determiner_noun_agreement	Write a natural, coherent English sentence.
602	31	These banks should reference that purple thesis.	These banks should reference those purple thesis.	-79.0	-79.5	-9.875	-9.9375	True	True	morphology	determiner_noun_agreement	Write a natural, coherent English sentence.
603	31	Sherry brought those concealed geese.	Sherry brought that concealed geese.	-87.0	-87.5	-9.6875	-9.75	True	True	morphology	determiner_noun_agreement	Write a natural, coherent English sentence.
604	31	Many pedestrians complain about these long analyses.	Many pedestrians complain about this long analyses.	-102.0	-103.0	-9.3125	-9.375	True	True	morphology	determiner_noun_agreement	Write a natural, coherent English sentence.
605	31	Theresa fixed these small teeth.	Theresa fixed this small teeth.	-68.0	-68.0	-9.75	-9.75	False	False	morphology	determiner_noun_agreement	Write a natural, coherent English sentence.
606	31	This lake disturbed those unconvinced men.	This lake disturbed that unconvinced men.	-105.5	-106.0	-9.5625	-9.625	True	True	morphology	determiner_noun_agreement	Write a natural, coherent English sentence.
607	31	Catherine was talking about those bad synopses.	Catherine was talking about that bad synopses.	-96.0	-96.5	-9.625	-9.6875	True	True	morphology	determiner_noun_agreement	Write a natural, coherent English sentence.
608	31	Alicia had escaped from these hidden men.	Alicia had escaped from this hidden men.	-96.0	-96.5	-9.625	-9.625	True	False	morphology	determiner_noun_agreement	Write a natural, coherent English sentence.
609	31	Natalie hasn't worked with this confident woman.	Natalie hasn't worked with these confident woman.	-104.5	-105.0	-9.5	-9.5625	True	True	morphology	determiner_noun_agreement	Write a natural, coherent English sentence.
610	31	Amelia annoyed this smart man.	Amelia annoyed these smart man.	-76.0	-77.0	-9.5	-9.625	True	True	morphology	determiner_noun_agreement	Write a natural, coherent English sentence.
611	31	Every guest is irritating this serious child.	Every guest is irritating these serious child.	-87.5	-88.0	-9.75	-9.75	True	False	morphology	determiner_noun_agreement	Write a natural, coherent English sentence.
612	31	All reports annoyed this hopeful person.	All reports annoyed these hopeful person.	-86.0	-86.5	-9.5625	-9.625	True	True	morphology	determiner_noun_agreement	Write a natural, coherent English sentence.
613	31	These women break those orange teeth.	These women break that orange teeth.	-69.0	-69.0	-9.875	-9.875	False	False	morphology	determiner_noun_agreement	Write a natural, coherent English sentence.
614	31	Christopher could shock this excited child.	Christopher could shock these excited child.	-70.0	-70.0	-9.9375	-10.0	False	True	morphology	determiner_noun_agreement	Write a natural, coherent English sentence.
615	31	This spotlight hasn't disgusted that employed child.	This spotlight hasn't disgusted those employed child.	-115.5	-115.5	-9.625	-9.625	False	False	morphology	determiner_noun_agreement	Write a natural, coherent English sentence.
616	31	Samantha fled from that busy child.	Samantha fled from those busy child.	-85.5	-85.5	-9.5	-9.5	False	False	morphology	determiner_noun_agreement	Write a natural, coherent English sentence.
617	31	Lucille arrived at that hard oasis.	Lucille arrived at those hard oasis.	-86.5	-87.0	-9.625	-9.625	True	False	morphology	determiner_noun_agreement	Write a natural, coherent English sentence.
618	31	All teachers see those yellow lice.	All teachers see that yellow lice.	-78.0	-78.5	-9.75	-9.8125	True	True	morphology	determiner_noun_agreement	Write a natural, coherent English sentence.
619	31	Some photographs haven't looked like these small octopi.	Some photographs haven't looked like this small octopi.	-123.0	-123.0	-9.4375	-9.5	False	True	morphology	determiner_noun_agreement	Write a natural, coherent English sentence.
620	31	Danielle brought those blue feet.	Danielle brought that blue feet.	-68.0	-69.0	-9.75	-9.8125	True	True	morphology	determiner_noun_agreement	Write a natural, coherent English sentence.
621	31	Todd hadn't left those exposed men.	Todd hadn't left that exposed men.	-87.5	-87.5	-9.6875	-9.75	False	True	morphology	determiner_noun_agreement	Write a natural, coherent English sentence.
622	31	Some doctors embarrasses those delighted alumni.	Some doctors embarrasses that delighted alumni.	-97.0	-97.0	-9.75	-9.75	False	False	morphology	determiner_noun_agreement	Write a natural, coherent English sentence.
623	31	The actresses forget that unemployed alumnus.	The actresses forget those unemployed alumnus.	-104.0	-103.5	-9.4375	-9.4375	False	False	morphology	determiner_noun_agreement	Write a natural, coherent English sentence.
624	31	A lot of socks alarm this unsure alumnus.	A lot of socks alarm these unsure alumnus.	-115.0	-115.0	-9.625	-9.5625	False	False	morphology	determiner_noun_agreement	Write a natural, coherent English sentence.
625	31	The customers are thinking about that busy child.	The customers are thinking about those busy child.	-87.0	-87.0	-9.625	-9.6875	False	True	morphology	determiner_noun_agreement	Write a natural, coherent English sentence.
626	31	Kristin wasn't kissing those small men.	Kristin wasn't kissing that small men.	-104.5	-104.5	-9.5	-9.5	False	False	morphology	determiner_noun_agreement	Write a natural, coherent English sentence.
627	31	Omar hasn't broken this broken foot.	Omar hasn't broken these broken foot.	-96.0	-96.0	-9.5625	-9.625	False	True	morphology	determiner_noun_agreement	Write a natural, coherent English sentence.
628	31	The actress worked with this nice woman.	The actress worked with these nice woman.	-78.0	-78.0	-9.75	-9.75	False	False	morphology	determiner_noun_agreement	Write a natural, coherent English sentence.
629	31	Patients insult these happy people.	Patients insult this happy people.	-68.0	-69.0	-9.75	-9.875	True	True	morphology	determiner_noun_agreement	Write a natural, coherent English sentence.
630	31	Spain bought those orange lice.	Spain bought that orange lice.	-69.0	-69.0	-9.8125	-9.875	False	True	morphology	determiner_noun_agreement	Write a natural, coherent English sentence.
631	31	Those waiters didn't kiss this unlucky child.	Those waiters didn't kiss these unlucky child.	-122.5	-123.5	-9.4375	-9.5	True	True	morphology	determiner_noun_agreement	Write a natural, coherent English sentence.
632	31	Jennifer isn't touring these old oases.	Jennifer isn't touring this old oases.	-104.5	-105.0	-9.5	-9.5625	True	True	morphology	determiner_noun_agreement	Write a natural, coherent English sentence.
633	31	Glaciers upset this small child.	Glaciers upset these small child.	-77.0	-77.0	-9.625	-9.625	False	False	morphology	determiner_noun_agreement	Write a natural, coherent English sentence.
634	31	John investigated these old men.	John investigated this old men.	-58.75	-58.75	-9.8125	-9.8125	False	False	morphology	determiner_noun_agreement	Write a natural, coherent English sentence.
635	31	Some doctors hated these yellow theses.	Some doctors hated this yellow theses.	-79.0	-79.5	-9.875	-9.9375	True	True	morphology	determiner_noun_agreement	Write a natural, coherent English sentence.
636	31	Linda described that clever man.	Linda described those clever man.	-59.0	-59.25	-9.8125	-9.875	True	True	morphology	determiner_noun_agreement	Write a natural, coherent English sentence.
637	31	Many drawings are looking like these excited women.	Many drawings are looking like this excited women.	-87.5	-88.0	-9.75	-9.75	True	False	morphology	determiner_noun_agreement	Write a natural, coherent English sentence.
638	31	Mitchell had concealed that small tooth.	Mitchell had concealed those small tooth.	-78.0	-78.5	-9.75	-9.8125	True	True	morphology	determiner_noun_agreement	Write a natural, coherent English sentence.
639	31	Every dog had irritated this young child.	Every dog had irritated these young child.	-86.0	-87.0	-9.5	-9.6875	True	True	morphology	determiner_noun_agreement	Write a natural, coherent English sentence.
640	31	Some doctors lift this exposed ox.	Some doctors lift these exposed ox.	-70.0	-70.5	-10.0625	-10.0625	True	False	morphology	determiner_noun_agreement	Write a natural, coherent English sentence.
641	31	Valerie was disgusting that happy woman.	Valerie was disgusting those happy woman.	-87.5	-88.0	-9.75	-9.75	True	False	morphology	determiner_noun_agreement	Write a natural, coherent English sentence.
642	31	Claire hugs those clever men.	Claire hugs that clever men.	-68.5	-69.0	-9.8125	-9.8125	True	False	morphology	determiner_noun_agreement	Write a natural, coherent English sentence.
643	31	All adults go to these white oases.	All adults go to this white oases.	-87.0	-87.5	-9.6875	-9.6875	True	False	morphology	determiner_noun_agreement	Write a natural, coherent English sentence.
644	31	Bill observed this nice child.	Bill observed these nice child.	-59.5	-59.5	-9.9375	-9.9375	False	False	morphology	determiner_noun_agreement	Write a natural, coherent English sentence.
645	31	Diana kissed these delighted alumni.	Diana kissed this delighted alumni.	-78.0	-78.0	-9.75	-9.75	False	False	morphology	determiner_noun_agreement	Write a natural, coherent English sentence.
646	31	Governments are describing those sick people.	Governments are describing that sick people.	-77.0	-76.5	-9.625	-9.5625	False	False	morphology	determiner_noun_agreement	Write a natural, coherent English sentence.
647	31	The doctors cure that young woman.	The doctors cure those young woman.	-67.0	-68.0	-9.5625	-9.6875	True	True	morphology	determiner_noun_agreement	Write a natural, coherent English sentence.
648	31	Dancers did disagree with this ill child.	Dancers did disagree with these ill child.	-88.5	-89.0	-9.8125	-9.875	True	True	morphology	determiner_noun_agreement	Write a natural, coherent English sentence.
649	31	Veronica couldn't embarrass these exposed men.	Veronica couldn't embarrass this exposed men.	-104.5	-105.0	-9.5	-9.5625	True	True	morphology	determiner_noun_agreement	Write a natural, coherent English sentence.
650	31	The students cared for that delighted man.	The students cared for those delighted man.	-77.5	-78.0	-9.6875	-9.75	True	True	morphology	determiner_noun_agreement	Write a natural, coherent English sentence.
651	31	Steve conceals these important men.	Steve conceals this important men.	-68.0	-68.5	-9.75	-9.75	True	False	morphology	determiner_noun_agreement	Write a natural, coherent English sentence.
652	31	These actresses will talk to these content men.	These actresses will talk to this content men.	-96.0	-96.0	-9.625	-9.625	False	False	morphology	determiner_noun_agreement	Write a natural, coherent English sentence.
653	31	That teenager wouldn't buy these rough oxen.	That teenager wouldn't buy this rough oxen.	-106.5	-106.5	-9.6875	-9.6875	False	False	morphology	determiner_noun_agreement	Write a natural, coherent English sentence.
654	31	Sheila wouldn't kiss that happy child.	Sheila wouldn't kiss those happy child.	-96.5	-97.0	-9.625	-9.6875	True	True	morphology	determiner_noun_agreement	Write a natural, coherent English sentence.
655	31	Erin drove to these out in the open oases.	Erin drove to this out in the open oases.	-114.5	-115.0	-9.5625	-9.5625	True	False	morphology	determiner_noun_agreement	Write a natural, coherent English sentence.
656	31	Every hat has embarrassed those hopeful people.	Every hat has embarrassed that hopeful people.	-86.0	-86.5	-9.5625	-9.625	True	True	morphology	determiner_noun_agreement	Write a natural, coherent English sentence.
657	31	Every man is fleeing from that exposed oasis.	Every man is fleeing from those exposed oasis.	-105.5	-105.5	-9.5625	-9.5625	False	False	morphology	determiner_noun_agreement	Write a natural, coherent English sentence.
658	31	Some adults visit this ill man.	Some adults visit these ill man.	-69.0	-69.5	-9.875	-9.9375	True	True	morphology	determiner_noun_agreement	Write a natural, coherent English sentence.
659	31	Janet did lift that good thesis.	Janet did lift those good thesis.	-78.5	-78.5	-9.8125	-9.8125	False	False	morphology	determiner_noun_agreement	Write a natural, coherent English sentence.
660	31	Katherine was cleaning this orange tooth.	Katherine was cleaning these orange tooth.	-78.5	-79.0	-9.8125	-9.875	True	True	morphology	determiner_noun_agreement	Write a natural, coherent English sentence.
661	31	A lot of tomatoes can't confuse these ill alumni.	A lot of tomatoes can't confuse this ill alumni.	-150.0	-151.0	-9.375	-9.4375	True	True	morphology	determiner_noun_agreement	Write a natural, coherent English sentence.
662	31	Rose goes to those out in the open oases.	Rose goes to that out in the open oases.	-105.0	-106.0	-9.5625	-9.625	True	True	morphology	determiner_noun_agreement	Write a natural, coherent English sentence.
663	31	These governments criticize those gray oases.	These governments criticize that gray oases.	-87.5	-88.0	-9.6875	-9.8125	True	True	morphology	determiner_noun_agreement	Write a natural, coherent English sentence.
664	31	Kevin forgot those delighted men.	Kevin forgot that delighted men.	-60.0	-59.5	-10.0	-9.9375	False	False	morphology	determiner_noun_agreement	Write a natural, coherent English sentence.
665	31	Most companies describe that long analysis.	Most companies describe those long analysis.	-69.0	-69.5	-9.875	-9.9375	True	True	morphology	determiner_noun_agreement	Write a natural, coherent English sentence.
666	31	Vincent was skated around this small oasis.	Vincent was skated around these small oasis.	-97.0	-97.5	-9.6875	-9.75	True	True	morphology	determiner_noun_agreement	Write a natural, coherent English sentence.
667	31	Many guys arrive at these out in the open oases.	Many guys arrive at this out in the open oases.	-114.0	-114.0	-9.5	-9.5	False	False	morphology	determiner_noun_agreement	Write a natural, coherent English sentence.
668	31	Gregory hadn't revealed these lost fungi.	Gregory hadn't revealed this lost fungi.	-97.5	-97.5	-9.75	-9.75	False	False	morphology	determiner_noun_agreement	Write a natural, coherent English sentence.
669	31	The cake stuns this standing man.	The cake stuns these standing man.	-77.0	-78.0	-9.625	-9.75	True	True	morphology	determiner_noun_agreement	Write a natural, coherent English sentence.
670	31	Cheryl isn't irritating that clever man.	Cheryl isn't irritating those clever man.	-104.5	-105.5	-9.5	-9.5625	True	True	morphology	determiner_noun_agreement	Write a natural, coherent English sentence.
671	31	Some cat bores those old children.	Some cat bores that old children.	-78.0	-78.0	-9.75	-9.75	False	False	morphology	determiner_noun_agreement	Write a natural, coherent English sentence.
672	31	The actress knows that delighted child.	The actress knows those delighted child.	-68.5	-69.0	-9.8125	-9.875	True	True	morphology	determiner_noun_agreement	Write a natural, coherent English sentence.
673	31	That actress had driven to these hidden oases.	That actress had driven to this hidden oases.	-97.0	-96.5	-9.6875	-9.625	False	False	morphology	determiner_noun_agreement	Write a natural, coherent English sentence.
674	31	The Lutherans arrive at this cheap oasis.	The Lutherans arrive at these cheap oasis.	-95.5	-96.5	-9.5625	-9.625	True	True	morphology	determiner_noun_agreement	Write a natural, coherent English sentence.
675	31	Diane was kissing those lost women.	Diane was kissing that lost women.	-87.5	-87.5	-9.6875	-9.75	False	True	morphology	determiner_noun_agreement	Write a natural, coherent English sentence.
676	31	Larry disturbs this employed woman.	Larry disturbs these employed woman.	-77.5	-78.0	-9.6875	-9.75	True	True	morphology	determiner_noun_agreement	Write a natural, coherent English sentence.
677	31	Pies shock this upset woman.	Pies shock these upset woman.	-69.0	-69.5	-9.875	-9.9375	True	True	morphology	determiner_noun_agreement	Write a natural, coherent English sentence.
678	31	Some waiters hug this content alumnus.	Some waiters hug these content alumnus.	-96.0	-96.0	-9.625	-9.625	False	False	morphology	determiner_noun_agreement	Write a natural, coherent English sentence.
679	31	Anna talked to those unsure men.	Anna talked to that unsure men.	-78.0	-78.0	-9.75	-9.75	False	False	morphology	determiner_noun_agreement	Write a natural, coherent English sentence.
680	31	This school bores this determined man.	This school bores these determined man.	-78.0	-78.5	-9.75	-9.8125	True	True	morphology	determiner_noun_agreement	Write a natural, coherent English sentence.
681	31	Omar had thought about these unemployed men.	Omar had thought about this unemployed men.	-96.5	-96.5	-9.625	-9.625	False	False	morphology	determiner_noun_agreement	Write a natural, coherent English sentence.
682	31	Winston Churchill cleaned these big nuclei.	Winston Churchill cleaned this big nuclei.	-95.5	-95.5	-9.5625	-9.5625	False	False	morphology	determiner_noun_agreement	Write a natural, coherent English sentence.
683	31	These organizations aren't concealing that exposed child.	These organizations aren't concealing those exposed child.	-105.5	-106.0	-9.5625	-9.625	True	True	morphology	determiner_noun_agreement	Write a natural, coherent English sentence.
684	31	Erin bought this concealed axis.	Erin bought these concealed axis.	-78.0	-78.0	-9.75	-9.75	False	False	morphology	determiner_noun_agreement	Write a natural, coherent English sentence.
685	31	Dan examines this long analysis.	Dan examines these long analysis.	-68.0	-68.5	-9.75	-9.8125	True	True	morphology	determiner_noun_agreement	Write a natural, coherent English sentence.
686	31	These drivers concealed these gray oxen.	These drivers concealed this gray oxen.	-87.0	-87.5	-9.6875	-9.75	True	True	morphology	determiner_noun_agreement	Write a natural, coherent English sentence.
687	31	All children impresses this happy man.	All children impresses these happy man.	-78.0	-77.5	-9.75	-9.6875	False	False	morphology	determiner_noun_agreement	Write a natural, coherent English sentence.
688	31	People will conceal that concealed man.	People will conceal those concealed man.	-85.5	-86.0	-9.5	-9.5625	True	True	morphology	determiner_noun_agreement	Write a natural, coherent English sentence.
689	31	Some patient returns to this old man.	Some patient returns to these old man.	-77.5	-78.0	-9.6875	-9.75	True	True	morphology	determiner_noun_agreement	Write a natural, coherent English sentence.
690	31	Many actresses discovered those big oases.	Many actresses discovered that big oases.	-87.5	-87.5	-9.75	-9.75	False	False	morphology	determiner_noun_agreement	Write a natural, coherent English sentence.
691	31	The school talks about those young alumni.	The school talks about that young alumni.	-94.5	-95.0	-9.4375	-9.5	True	True	morphology	determiner_noun_agreement	Write a natural, coherent English sentence.
692	31	Omar admired these blue fungi.	Omar admired this blue fungi.	-87.0	-87.0	-9.6875	-9.6875	False	False	morphology	determiner_noun_agreement	Write a natural, coherent English sentence.
693	31	Some school can't hate these good people.	Some school can't hate this good people.	-96.5	-96.5	-9.625	-9.6875	False	True	morphology	determiner_noun_agreement	Write a natural, coherent English sentence.
694	31	A lot of eggplants wouldn't disturb that determined woman.	A lot of eggplants wouldn't disturb those determined woman.	-132.0	-132.0	-9.375	-9.4375	False	True	morphology	determiner_noun_agreement	Write a natural, coherent English sentence.
695	31	That cake could annoy these uncertain men.	That cake could annoy this uncertain men.	-79.0	-79.5	-9.875	-9.9375	True	True	morphology	determiner_noun_agreement	Write a natural, coherent English sentence.
696	31	Lamps are worrying these hopeful alumni.	Lamps are worrying this hopeful alumni.	-104.5	-105.0	-9.5	-9.5625	True	True	morphology	determiner_noun_agreement	Write a natural, coherent English sentence.
697	31	A lot of eggplants bore these excited alumni.	A lot of eggplants bore this excited alumni.	-122.5	-123.0	-9.4375	-9.4375	True	False	morphology	determiner_noun_agreement	Write a natural, coherent English sentence.
698	31	A lot of teachers arrived at these old oases.	A lot of teachers arrived at this old oases.	-105.5	-105.5	-9.5625	-9.5625	False	False	morphology	determiner_noun_agreement	Write a natural, coherent English sentence.
699	31	Most sweaters hurt those happy people.	Most sweaters hurt that happy people.	-77.0	-78.0	-9.625	-9.75	True	True	morphology	determiner_noun_agreement	Write a natural, coherent English sentence.
700	31	Tara scans those good analyses.	Tara scans that good analyses.	-87.5	-87.5	-9.6875	-9.75	False	True	morphology	determiner_noun_agreement	Write a natural, coherent English sentence.
701	31	The man doesn't reference this out in the open woman.	The man doesn't reference these out in the open woman.	-122.5	-122.5	-9.4375	-9.4375	False	False	morphology	determiner_noun_agreement	Write a natural, coherent English sentence.
702	31	This cashier is leaving this employed person.	This cashier is leaving these employed person.	-86.5	-87.0	-9.625	-9.6875	True	True	morphology	determiner_noun_agreement	Write a natural, coherent English sentence.
703	31	Bananas bother these clever alumni.	Bananas bother this clever alumni.	-85.0	-85.5	-9.5	-9.5	True	False	morphology	determiner_noun_agreement	Write a natural, coherent English sentence.
704	31	Some convertibles had worried those fast men.	Some convertibles had worried that fast men.	-88.0	-88.0	-9.8125	-9.8125	False	False	morphology	determiner_noun_agreement	Write a natural, coherent English sentence.
705	31	Carl bored those nice women.	Carl bored that nice women.	-60.0	-60.25	-10.0	-10.0	True	False	morphology	determiner_noun_agreement	Write a natural, coherent English sentence.
706	31	These teachers explore these old oases.	These teachers explore this old oases.	-78.0	-79.0	-9.75	-9.875	True	True	morphology	determiner_noun_agreement	Write a natural, coherent English sentence.
707	31	Many waiters work with this scared child.	Many waiters work with these scared child.	-87.0	-88.0	-9.6875	-9.75	True	True	morphology	determiner_noun_agreement	Write a natural, coherent English sentence.
708	31	Committees admire that smart child.	Committees admire those smart child.	-86.0	-86.5	-9.5625	-9.625	True	True	morphology	determiner_noun_agreement	Write a natural, coherent English sentence.
709	31	Matt approaches this exposed child.	Matt approaches these exposed child.	-59.75	-60.0	-10.0	-10.0	True	False	morphology	determiner_noun_agreement	Write a natural, coherent English sentence.
710	31	Brian talks to this lucky man.	Brian talks to these lucky man.	-68.0	-68.5	-9.75	-9.8125	True	True	morphology	determiner_noun_agreement	Write a natural, coherent English sentence.
711	31	A boy isn't talking about that red oasis.	A boy isn't talking about those red oasis.	-115.0	-115.0	-9.5625	-9.625	False	True	morphology	determiner_noun_agreement	Write a natural, coherent English sentence.
712	31	Phillip bought those black feet.	Phillip bought that black feet.	-68.0	-68.5	-9.6875	-9.75	True	True	morphology	determiner_noun_agreement	Write a natural, coherent English sentence.
713	31	Eric isn't buying those brown geese.	Eric isn't buying that brown geese.	-96.0	-97.0	-9.625	-9.6875	True	True	morphology	determiner_noun_agreement	Write a natural, coherent English sentence.
714	31	Elaine remembers this delighted woman.	Elaine remembers these delighted woman.	-77.0	-77.5	-9.625	-9.6875	True	True	morphology	determiner_noun_agreement	Write a natural, coherent English sentence.
715	31	This pedestrian arrives at that smooth oasis.	This pedestrian arrives at those smooth oasis.	-94.5	-95.0	-9.4375	-9.5	True	True	morphology	determiner_noun_agreement	Write a natural, coherent English sentence.
716	31	Those men forget these smart men.	Those men forget this smart men.	-68.5	-69.0	-9.8125	-9.875	True	True	morphology	determiner_noun_agreement	Write a natural, coherent English sentence.
717	31	Tara might alarm this unsure person.	Tara might alarm these unsure person.	-87.5	-88.0	-9.75	-9.75	True	False	morphology	determiner_noun_agreement	Write a natural, coherent English sentence.
718	31	Vanessa was healing those purple geese.	Vanessa was healing that purple geese.	-87.5	-88.0	-9.6875	-9.75	True	True	morphology	determiner_noun_agreement	Write a natural, coherent English sentence.
719	31	Steven hasn't questioned those troubled people.	Steven hasn't questioned that troubled people.	-96.0	-96.5	-9.625	-9.6875	True	True	morphology	determiner_noun_agreement	Write a natural, coherent English sentence.
720	31	Thomas hides this clever woman.	Thomas hides these clever woman.	-68.5	-69.0	-9.8125	-9.8125	True	False	morphology	determiner_noun_agreement	Write a natural, coherent English sentence.
721	31	Most eyes confuse these content alumni.	Most eyes confuse this content alumni.	-97.0	-97.0	-9.6875	-9.6875	False	False	morphology	determiner_noun_agreement	Write a natural, coherent English sentence.
722	31	That dog aggravates this busy child.	That dog aggravates these busy child.	-85.5	-86.0	-9.5	-9.5625	True	True	morphology	determiner_noun_agreement	Write a natural, coherent English sentence.
723	31	Karen has attacked this popular child.	Karen has attacked these popular child.	-69.5	-70.0	-9.9375	-9.9375	True	False	morphology	determiner_noun_agreement	Write a natural, coherent English sentence.
724	31	Heidi might confuse those displeased men.	Heidi might confuse that displeased men.	-105.0	-106.0	-9.5625	-9.625	True	True	morphology	determiner_noun_agreement	Write a natural, coherent English sentence.
725	31	Maria kisses this bad person.	Maria kisses these bad person.	-67.5	-68.0	-9.625	-9.6875	True	True	morphology	determiner_noun_agreement	Write a natural, coherent English sentence.
726	31	Tanya passes this purple oasis.	Tanya passes these purple oasis.	-78.0	-78.5	-9.75	-9.8125	True	True	morphology	determiner_noun_agreement	Write a natural, coherent English sentence.
727	31	Marla has respected those delighted alumni.	Marla has respected that delighted alumni.	-97.5	-98.0	-9.75	-9.75	True	False	morphology	determiner_noun_agreement	Write a natural, coherent English sentence.
728	31	Paula is investigating this employed alumnus.	Paula is investigating these employed alumnus.	-104.5	-105.0	-9.5	-9.5	True	False	morphology	determiner_noun_agreement	Write a natural, coherent English sentence.
729	31	Most chairs aren't disgusting those serious women.	Most chairs aren't disgusting that serious women.	-105.5	-106.0	-9.625	-9.625	True	False	morphology	determiner_noun_agreement	Write a natural, coherent English sentence.
730	31	Men hadn't run around this purple oasis.	Men hadn't run around these purple oasis.	-105.5	-106.0	-9.625	-9.625	True	False	morphology	determiner_noun_agreement	Write a natural, coherent English sentence.
731	31	Tina hadn't arrived at those green oases.	Tina hadn't arrived at that green oases.	-114.5	-114.5	-9.5	-9.5	False	False	morphology	determiner_noun_agreement	Write a natural, coherent English sentence.
732	31	Karla knew this busy alumnus.	Karla knew these busy alumnus.	-88.0	-88.0	-9.8125	-9.8125	False	False	morphology	determiner_noun_agreement	Write a natural, coherent English sentence.
733	31	The actors care for these exposed people.	The actors care for this exposed people.	-78.0	-78.5	-9.75	-9.8125	True	True	morphology	determiner_noun_agreement	Write a natural, coherent English sentence.
734	31	Michelle might alarm this employed man.	Michelle might alarm these employed man.	-69.5	-70.0	-9.9375	-10.0	True	True	morphology	determiner_noun_agreement	Write a natural, coherent English sentence.
735	31	Maria hasn't walked through these hard oases.	Maria hasn't walked through this hard oases.	-105.0	-105.0	-9.5625	-9.5625	False	False	morphology	determiner_noun_agreement	Write a natural, coherent English sentence.
736	31	That report might disagree with those delighted men.	That report might disagree with that delighted men.	-86.5	-88.0	-9.625	-9.75	True	True	morphology	determiner_noun_agreement	Write a natural, coherent English sentence.
737	31	Actresses discuss this popular person.	Actresses discuss these popular person.	-77.0	-78.0	-9.625	-9.75	True	True	morphology	determiner_noun_agreement	Write a natural, coherent English sentence.
738	31	Holly won't watch these unlucky men.	Holly won't watch this unlucky men.	-105.0	-105.5	-9.5625	-9.625	True	True	morphology	determiner_noun_agreement	Write a natural, coherent English sentence.
739	31	Carl was driving to those blue oases.	Carl was driving to that blue oases.	-87.0	-87.0	-9.625	-9.6875	False	True	morphology	determiner_noun_agreement	Write a natural, coherent English sentence.
740	31	Bill passes that rough oasis.	Bill passes those rough oasis.	-69.0	-69.0	-9.875	-9.875	False	False	morphology	determiner_noun_agreement	Write a natural, coherent English sentence.
741	31	All men praise this good thesis.	All men praise these good thesis.	-68.0	-69.0	-9.75	-9.875	True	True	morphology	determiner_noun_agreement	Write a natural, coherent English sentence.
742	31	Many doctors should escape from these hopeful women.	Many doctors should escape from this hopeful women.	-96.5	-97.0	-9.6875	-9.6875	True	False	morphology	determiner_noun_agreement	Write a natural, coherent English sentence.
743	31	Many girls find these nice men.	Many girls find this nice men.	-68.5	-69.0	-9.8125	-9.8125	True	False	morphology	determiner_noun_agreement	Write a natural, coherent English sentence.
744	31	Every museum helps those concealed children.	Every museum helps that concealed children.	-78.0	-78.5	-9.75	-9.8125	True	True	morphology	determiner_noun_agreement	Write a natural, coherent English sentence.
745	31	Marla was distracting these determined people.	Marla was distracting this determined people.	-87.5	-88.0	-9.6875	-9.75	True	True	morphology	determiner_noun_agreement	Write a natural, coherent English sentence.
746	31	Those computers might confuse this nice child.	Those computers might confuse these nice child.	-86.0	-87.5	-9.5625	-9.75	True	True	morphology	determiner_noun_agreement	Write a natural, coherent English sentence.
747	31	Tanya hasn't loved that content woman.	Tanya hasn't loved those content woman.	-96.5	-97.0	-9.6875	-9.6875	True	False	morphology	determiner_noun_agreement	Write a natural, coherent English sentence.
748	31	Theresa won't conceal those lost lice.	Theresa won't conceal that lost lice.	-114.5	-114.0	-9.5625	-9.5	False	False	morphology	determiner_noun_agreement	Write a natural, coherent English sentence.
749	31	The Borgias do cure these out in the open octopi.	The Borgias do cure this out in the open octopi.	-144.0	-144.0	-9.5625	-9.625	False	True	morphology	determiner_noun_agreement	Write a natural, coherent English sentence.
750	31	Kenneth messed up those lost teeth.	Kenneth messed up that lost teeth.	-86.0	-86.0	-9.5625	-9.5625	False	False	morphology	determiner_noun_agreement	Write a natural, coherent English sentence.
751	31	Jodi doesn't alarm these unsure people.	Jodi doesn't alarm this unsure people.	-104.5	-105.0	-9.5	-9.5625	True	True	morphology	determiner_noun_agreement	Write a natural, coherent English sentence.
752	31	This customer scans those good analyses.	This customer scans that good analyses.	-87.0	-87.0	-9.625	-9.6875	False	True	morphology	determiner_noun_agreement	Write a natural, coherent English sentence.
753	31	Vincent can't watch this hopeful alumnus.	Vincent can't watch these hopeful alumnus.	-114.0	-114.0	-9.5	-9.5	False	False	morphology	determiner_noun_agreement	Write a natural, coherent English sentence.
754	31	Jodi talked to this unconvinced child.	Jodi talked to these unconvinced child.	-105.0	-105.5	-9.5625	-9.625	True	True	morphology	determiner_noun_agreement	Write a natural, coherent English sentence.
755	31	Katherine exited these exposed oases.	Katherine exited this exposed oases.	-88.0	-88.0	-9.75	-9.8125	False	True	morphology	determiner_noun_agreement	Write a natural, coherent English sentence.
756	31	Beverly hasn't brought these rough fungi.	Beverly hasn't brought this rough fungi.	-106.0	-106.0	-9.625	-9.625	False	False	morphology	determiner_noun_agreement	Write a natural, coherent English sentence.
757	31	That unicycle is boring those standing children.	That unicycle is boring that standing children.	-95.0	-95.5	-9.5	-9.5625	True	True	morphology	determiner_noun_agreement	Write a natural, coherent English sentence.
758	31	That boy can't escape from those unsure children.	That boy can't escape from that unsure children.	-115.0	-115.5	-9.5625	-9.625	True	True	morphology	determiner_noun_agreement	Write a natural, coherent English sentence.
759	31	An adult bought these black axes.	An adult bought this black axes.	-78.0	-78.5	-9.75	-9.8125	True	True	morphology	determiner_noun_agreement	Write a natural, coherent English sentence.
760	31	Sara isn't kissing this nice woman.	Sara isn't kissing these nice woman.	-95.5	-96.0	-9.5625	-9.625	True	True	morphology	determiner_noun_agreement	Write a natural, coherent English sentence.
761	31	Robert couldn't embarrass those scared people.	Robert couldn't embarrass that scared people.	-87.0	-87.0	-9.6875	-9.6875	False	False	morphology	determiner_noun_agreement	Write a natural, coherent English sentence.
762	31	Deborah had fled from that important woman.	Deborah had fled from those important woman.	-95.5	-95.5	-9.5625	-9.5625	False	False	morphology	determiner_noun_agreement	Write a natural, coherent English sentence.
763	31	Brenda discussed that serious woman.	Brenda discussed those serious woman.	-69.0	-69.0	-9.875	-9.875	False	False	morphology	determiner_noun_agreement	Write a natural, coherent English sentence.
764	31	Some women questioned that big woman.	Some women questioned those big woman.	-69.0	-69.5	-9.875	-9.9375	True	True	morphology	determiner_noun_agreement	Write a natural, coherent English sentence.
765	31	Rodney didn't kiss those displeased women.	Rodney didn't kiss that displeased women.	-113.0	-113.5	-9.4375	-9.4375	True	False	morphology	determiner_noun_agreement	Write a natural, coherent English sentence.
766	31	Carrie can help those lost alumni.	Carrie can help that lost alumni.	-95.0	-95.5	-9.5	-9.5	True	False	morphology	determiner_noun_agreement	Write a natural, coherent English sentence.
767	31	Many guests approach this lucky man.	Many guests approach these lucky man.	-68.5	-69.0	-9.8125	-9.875	True	True	morphology	determiner_noun_agreement	Write a natural, coherent English sentence.
768	31	Some student messes up that hard foot.	Some student messes up those hard foot.	-87.5	-87.5	-9.6875	-9.75	False	True	morphology	determiner_noun_agreement	Write a natural, coherent English sentence.
769	31	Some men had skated around these hard oases.	Some men had skated around this hard oases.	-106.5	-107.0	-9.6875	-9.75	True	True	morphology	determiner_noun_agreement	Write a natural, coherent English sentence.
770	31	Some light would annoy those happy alumni.	Some light would annoy that happy alumni.	-96.5	-97.0	-9.625	-9.6875	True	True	morphology	determiner_noun_agreement	Write a natural, coherent English sentence.
771	31	Many casseroles shock these unconvinced men.	Many casseroles shock this unconvinced men.	-112.5	-113.5	-9.375	-9.4375	True	True	morphology	determiner_noun_agreement	Write a natural, coherent English sentence.
772	31	Carl talks about those confident children.	Carl talks about that confident children.	-69.0	-69.5	-9.8125	-9.875	True	True	morphology	determiner_noun_agreement	Write a natural, coherent English sentence.
773	31	Timothy was dropping by those new oases.	Timothy was dropping by that new oases.	-97.0	-96.5	-9.6875	-9.6875	False	False	morphology	determiner_noun_agreement	Write a natural, coherent English sentence.
774	31	Lori has approached these scared people.	Lori has approached this scared people.	-79.0	-79.0	-9.875	-9.875	False	False	morphology	determiner_noun_agreement	Write a natural, coherent English sentence.
775	31	Jodi wouldn't mess up those orange feet.	Jodi wouldn't mess up that orange feet.	-106.0	-106.5	-9.6875	-9.6875	True	False	morphology	determiner_noun_agreement	Write a natural, coherent English sentence.
776	31	This newspaper article will embarrass this determined child.	This newspaper article will embarrass these determined child.	-87.5	-88.5	-9.75	-9.8125	True	True	morphology	determiner_noun_agreement	Write a natural, coherent English sentence.
777	31	A lot of guys conceal this long analysis.	A lot of guys conceal these long analysis.	-96.0	-96.5	-9.625	-9.625	True	False	morphology	determiner_noun_agreement	Write a natural, coherent English sentence.
778	31	Lawrence fired that serious woman.	Lawrence fired those serious woman.	-60.25	-60.75	-10.0625	-10.125	True	True	morphology	determiner_noun_agreement	Write a natural, coherent English sentence.
779	31	This story didn't bore this serious man.	This story didn't bore these serious man.	-95.0	-96.0	-9.5	-9.625	True	True	morphology	determiner_noun_agreement	Write a natural, coherent English sentence.
780	31	Mary can't remember that clever person.	Mary can't remember those clever person.	-85.5	-86.0	-9.5	-9.5625	True	True	morphology	determiner_noun_agreement	Write a natural, coherent English sentence.
781	31	Marie could listen to that big woman.	Marie could listen to those big woman.	-78.0	-78.5	-9.75	-9.8125	True	True	morphology	determiner_noun_agreement	Write a natural, coherent English sentence.
782	31	Clyde had those exposed axes.	Clyde had that exposed axes.	-88.0	-88.0	-9.75	-9.75	False	False	morphology	determiner_noun_agreement	Write a natural, coherent English sentence.
783	31	Victoria has left these delighted men.	Victoria has left this delighted men.	-69.5	-69.5	-9.875	-9.9375	False	True	morphology	determiner_noun_agreement	Write a natural, coherent English sentence.
784	31	The Impressionists disagree with those bad analyses.	The Impressionists disagree with that bad analyses.	-103.0	-104.0	-9.375	-9.4375	True	True	morphology	determiner_noun_agreement	Write a natural, coherent English sentence.
785	31	Amy took that hidden fungus.	Amy took those hidden fungus.	-77.5	-77.5	-9.6875	-9.6875	False	False	morphology	determiner_noun_agreement	Write a natural, coherent English sentence.
786	31	Rose was fixing this hard foot.	Rose was fixing these hard foot.	-69.5	-70.0	-9.9375	-9.9375	True	False	morphology	determiner_noun_agreement	Write a natural, coherent English sentence.
787	31	Most dishes weren't astounding these scared men.	Most dishes weren't astounding this scared men.	-114.0	-114.5	-9.5	-9.5625	True	True	morphology	determiner_noun_agreement	Write a natural, coherent English sentence.
788	31	The doctor sees those smooth cacti.	The doctor sees that smooth cacti.	-86.5	-86.5	-9.625	-9.625	False	False	morphology	determiner_noun_agreement	Write a natural, coherent English sentence.
789	31	Rodney hadn't cured these white octopi.	Rodney hadn't cured this white octopi.	-124.0	-124.0	-9.5625	-9.5625	False	False	morphology	determiner_noun_agreement	Write a natural, coherent English sentence.
790	31	This museum hadn't disgusted these troubled men.	This museum hadn't disgusted this troubled men.	-114.5	-115.0	-9.5	-9.625	True	True	morphology	determiner_noun_agreement	Write a natural, coherent English sentence.
791	31	Patrick complained about those scared men.	Patrick complained about that scared men.	-69.0	-69.5	-9.875	-9.9375	True	True	morphology	determiner_noun_agreement	Write a natural, coherent English sentence.
792	31	Jacqueline should stun these determined alumni.	Jacqueline should stun this determined alumni.	-114.0	-114.0	-9.5	-9.5	False	False	morphology	determiner_noun_agreement	Write a natural, coherent English sentence.
793	31	All apples worry this serious man.	All apples worry these serious man.	-76.0	-76.5	-9.5	-9.5625	True	True	morphology	determiner_noun_agreement	Write a natural, coherent English sentence.
794	31	The drawing isn't scaring that old child.	The drawing isn't scaring those old child.	-104.0	-105.5	-9.4375	-9.5625	True	True	morphology	determiner_noun_agreement	Write a natural, coherent English sentence.
795	31	Veronica questioned this uncertain woman.	Veronica questioned these uncertain woman.	-76.5	-77.0	-9.5625	-9.625	True	True	morphology	determiner_noun_agreement	Write a natural, coherent English sentence.
796	31	Vanessa hadn't known this determined alumnus.	Vanessa hadn't known these determined alumnus.	-114.0	-114.5	-9.5	-9.5625	True	True	morphology	determiner_noun_agreement	Write a natural, coherent English sentence.
797	31	Cynthia hadn't kissed this unemployed man.	Cynthia hadn't kissed these unemployed man.	-122.5	-123.0	-9.4375	-9.5	True	True	morphology	determiner_noun_agreement	Write a natural, coherent English sentence.
798	31	These companies irritate that exposed woman.	These companies irritate those exposed woman.	-78.0	-78.0	-9.75	-9.75	False	False	morphology	determiner_noun_agreement	Write a natural, coherent English sentence.
799	31	This dancer wasn't biking to this orange oasis.	This dancer wasn't biking to these orange oasis.	-134.0	-134.0	-9.5625	-9.625	False	True	morphology	determiner_noun_agreement	Write a natural, coherent English sentence.
800	31	Those legislatures could disturb this upset alumnus.	Those legislatures could disturb these upset alumnus.	-106.5	-106.5	-9.6875	-9.6875	False	False	morphology	determiner_noun_agreement	Write a natural, coherent English sentence.
801	31	Some adult hasn't hidden these ill men.	Some adult hasn't hidden this ill men.	-98.0	-98.0	-9.75	-9.8125	False	True	morphology	determiner_noun_agreement	Write a natural, coherent English sentence.
802	31	A cashier should insult these hidden children.	A cashier should insult this hidden children.	-88.0	-88.0	-9.75	-9.75	False	False	morphology	determiner_noun_agreement	Write a natural, coherent English sentence.
803	31	Danielle could annoy that confident man.	Danielle could annoy those confident man.	-78.0	-79.0	-9.75	-9.875	True	True	morphology	determiner_noun_agreement	Write a natural, coherent English sentence.
804	31	These teachers lift this exposed goose.	These teachers lift these exposed goose.	-78.0	-78.5	-9.75	-9.8125	True	True	morphology	determiner_noun_agreement	Write a natural, coherent English sentence.
805	31	Christina drove to that exposed oasis.	Christina drove to those exposed oasis.	-86.0	-86.5	-9.5625	-9.625	True	True	morphology	determiner_noun_agreement	Write a natural, coherent English sentence.
806	31	Jesus hadn't sounded like these hidden people.	Jesus hadn't sounded like this hidden people.	-96.5	-96.0	-9.625	-9.625	False	False	morphology	determiner_noun_agreement	Write a natural, coherent English sentence.
807	31	Many mushrooms irritate that upset man.	Many mushrooms irritate those upset man.	-85.0	-85.5	-9.4375	-9.5	True	True	morphology	determiner_noun_agreement	Write a natural, coherent English sentence.
808	31	Some committee bought those white lice.	Some committee bought that white lice.	-78.5	-79.0	-9.8125	-9.875	True	True	morphology	determiner_noun_agreement	Write a natural, coherent English sentence.
809	31	Daniel hasn't known this determined man.	Daniel hasn't known these determined man.	-87.0	-87.0	-9.625	-9.6875	False	True	morphology	determiner_noun_agreement	Write a natural, coherent English sentence.
810	31	Art hadn't scared these serious alumni.	Art hadn't scared this serious alumni.	-105.0	-105.0	-9.5625	-9.5625	False	False	morphology	determiner_noun_agreement	Write a natural, coherent English sentence.
811	31	Alice fires this unconvinced child.	Alice fires these unconvinced child.	-87.5	-88.0	-9.75	-9.75	True	False	morphology	determiner_noun_agreement	Write a natural, coherent English sentence.
812	31	Melanie hid that exposed tooth.	Melanie hid those exposed tooth.	-68.0	-68.0	-9.6875	-9.75	False	True	morphology	determiner_noun_agreement	Write a natural, coherent English sentence.
813	31	Most hamsters find that red tooth.	Most hamsters find those red tooth.	-77.5	-77.5	-9.6875	-9.6875	False	False	morphology	determiner_noun_agreement	Write a natural, coherent English sentence.
814	31	Those children explore those small oases.	Those children explore that small oases.	-77.5	-77.5	-9.6875	-9.6875	False	False	morphology	determiner_noun_agreement	Write a natural, coherent English sentence.
815	31	Most museums listen to this troubled man.	Most museums listen to these troubled man.	-94.5	-95.0	-9.4375	-9.5	True	True	morphology	determiner_noun_agreement	Write a natural, coherent English sentence.
816	31	Patrick embarrassed this unemployed person.	Patrick embarrassed these unemployed person.	-68.0	-68.5	-9.6875	-9.75	True	True	morphology	determiner_noun_agreement	Write a natural, coherent English sentence.
817	31	A lot of icicles had alarmed that hidden woman.	A lot of icicles had alarmed those hidden woman.	-115.0	-115.5	-9.5625	-9.625	True	True	morphology	determiner_noun_agreement	Write a natural, coherent English sentence.
818	31	Matt hadn't impressed this exposed child.	Matt hadn't impressed these exposed child.	-87.5	-88.0	-9.75	-9.75	True	False	morphology	determiner_noun_agreement	Write a natural, coherent English sentence.
819	31	Eric might see those new feet.	Eric might see that new feet.	-69.0	-69.5	-9.875	-9.875	True	False	morphology	determiner_noun_agreement	Write a natural, coherent English sentence.
820	31	Some turtle can confuse this old alumnus.	Some turtle can confuse these old alumnus.	-121.5	-122.0	-9.375	-9.375	True	False	morphology	determiner_noun_agreement	Write a natural, coherent English sentence.
821	31	Most guests explore these smooth oases.	Most guests explore this smooth oases.	-79.0	-79.0	-9.875	-9.875	False	False	morphology	determiner_noun_agreement	Write a natural, coherent English sentence.
822	31	Brian has praised that happy alumnus.	Brian has praised those happy alumnus.	-88.0	-87.5	-9.75	-9.75	False	False	morphology	determiner_noun_agreement	Write a natural, coherent English sentence.
823	31	Karen sees these ill lice.	Karen sees this ill lice.	-69.5	-69.5	-9.9375	-9.9375	False	False	morphology	determiner_noun_agreement	Write a natural, coherent English sentence.
824	31	Alicia doesn't observe this confident alumnus.	Alicia doesn't observe these confident alumnus.	-123.0	-123.5	-9.5	-9.5	True	False	morphology	determiner_noun_agreement	Write a natural, coherent English sentence.
825	31	That horse does find this lost octopus.	That horse does find these lost octopus.	-96.0	-96.5	-9.625	-9.6875	True	True	morphology	determiner_noun_agreement	Write a natural, coherent English sentence.
826	31	Those customers haven't annoyed those delighted children.	Those customers haven't annoyed that delighted children.	-104.0	-104.5	-9.4375	-9.5	True	True	morphology	determiner_noun_agreement	Write a natural, coherent English sentence.
827	31	The Great Lakes confused these hidden women.	The Great Lakes confused this hidden women.	-87.0	-87.5	-9.6875	-9.75	True	True	morphology	determiner_noun_agreement	Write a natural, coherent English sentence.
828	31	Russell watches these unsure women.	Russell watches this unsure women.	-69.0	-69.5	-9.875	-9.9375	True	True	morphology	determiner_noun_agreement	Write a natural, coherent English sentence.
829	31	Jacqueline has concealed these long synopses.	Jacqueline has concealed this long synopses.	-113.0	-113.0	-9.375	-9.4375	False	True	morphology	determiner_noun_agreement	Write a natural, coherent English sentence.
830	31	Carrie isn't hiring this small woman.	Carrie isn't hiring these small woman.	-96.0	-96.5	-9.625	-9.6875	True	True	morphology	determiner_noun_agreement	Write a natural, coherent English sentence.
831	31	Charles doesn't admire these big mice.	Charles doesn't admire this big mice.	-105.0	-105.5	-9.5625	-9.5625	True	False	morphology	determiner_noun_agreement	Write a natural, coherent English sentence.
832	31	The Impressionists might think about that white thesis.	The Impressionists might think about those white thesis.	-104.5	-104.5	-9.5	-9.5	False	False	morphology	determiner_noun_agreement	Write a natural, coherent English sentence.
833	31	Most men question those bad people.	Most men question that bad people.	-69.5	-69.5	-9.9375	-9.9375	False	False	morphology	determiner_noun_agreement	Write a natural, coherent English sentence.
834	31	Lissa hasn't left this upset woman.	Lissa hasn't left these upset woman.	-96.0	-96.5	-9.625	-9.625	True	False	morphology	determiner_noun_agreement	Write a natural, coherent English sentence.
835	31	Janice won't fire that determined child.	Janice won't fire those determined child.	-96.5	-97.0	-9.6875	-9.6875	True	False	morphology	determiner_noun_agreement	Write a natural, coherent English sentence.
836	31	This company criticized this lucky man.	This company criticized these lucky man.	-77.0	-78.0	-9.625	-9.75	True	True	morphology	determiner_noun_agreement	Write a natural, coherent English sentence.
837	31	The banks hurt that excited woman.	The banks hurt those excited woman.	-69.0	-69.0	-9.8125	-9.8125	False	False	morphology	determiner_noun_agreement	Write a natural, coherent English sentence.
838	31	Peter wasn't walking through those red oases.	Peter wasn't walking through that red oases.	-105.5	-106.0	-9.625	-9.625	True	False	morphology	determiner_noun_agreement	Write a natural, coherent English sentence.
839	31	Rebecca wasn't referencing this long synopsis.	Rebecca wasn't referencing these long synopsis.	-105.0	-105.5	-9.5	-9.625	True	True	morphology	determiner_noun_agreement	Write a natural, coherent English sentence.
840	31	Naomi notices this smooth octopus.	Naomi notices these smooth octopus.	-93.5	-94.0	-9.375	-9.375	True	False	morphology	determiner_noun_agreement	Write a natural, coherent English sentence.
841	31	Patrick conceals this hard stimulus.	Patrick conceals these hard stimulus.	-78.0	-78.0	-9.75	-9.75	False	False	morphology	determiner_noun_agreement	Write a natural, coherent English sentence.
842	31	Candice shouldn't bring those smooth feet.	Candice shouldn't bring that smooth feet.	-96.0	-96.5	-9.625	-9.6875	True	True	morphology	determiner_noun_agreement	Write a natural, coherent English sentence.
843	31	All books sound like those content women.	All books sound like that content women.	-78.0	-78.0	-9.75	-9.75	False	False	morphology	determiner_noun_agreement	Write a natural, coherent English sentence.
844	31	Bethany hasn't arrived at this white oasis.	Bethany hasn't arrived at these white oasis.	-113.0	-113.5	-9.4375	-9.4375	True	False	morphology	determiner_noun_agreement	Write a natural, coherent English sentence.
845	31	Steve reveals these unemployed alumni.	Steve reveals this unemployed alumni.	-86.5	-87.0	-9.5625	-9.625	True	True	morphology	determiner_noun_agreement	Write a natural, coherent English sentence.
846	31	Sonia was upsetting that ill woman.	Sonia was upsetting those ill woman.	-87.0	-87.0	-9.6875	-9.6875	False	False	morphology	determiner_noun_agreement	Write a natural, coherent English sentence.
847	31	Keith wasn't boring these delighted men.	Keith wasn't boring this delighted men.	-88.0	-88.0	-9.8125	-9.8125	False	False	morphology	determiner_noun_agreement	Write a natural, coherent English sentence.
848	31	The Borgias admire these hard mice.	The Borgias admire this hard mice.	-106.5	-107.0	-9.6875	-9.75	True	True	morphology	determiner_noun_agreement	Write a natural, coherent English sentence.
849	31	These drivers had forgotten this good analysis.	These drivers had forgotten these good analysis.	-78.5	-79.0	-9.8125	-9.875	True	True	morphology	determiner_noun_agreement	Write a natural, coherent English sentence.
850	31	Helen skates around this blue oasis.	Helen skates around these blue oasis.	-86.5	-87.0	-9.5625	-9.6875	True	True	morphology	determiner_noun_agreement	Write a natural, coherent English sentence.
851	31	Galileo found that smooth stimulus.	Galileo found those smooth stimulus.	-85.5	-86.5	-9.5	-9.625	True	True	morphology	determiner_noun_agreement	Write a natural, coherent English sentence.
852	31	Kimberley isn't curing these small octopi.	Kimberley isn't curing this small octopi.	-133.0	-133.0	-9.5	-9.5	False	False	morphology	determiner_noun_agreement	Write a natural, coherent English sentence.
853	31	Debra didn't conceal these popular men.	Debra didn't conceal this popular men.	-105.0	-105.5	-9.5625	-9.5625	True	False	morphology	determiner_noun_agreement	Write a natural, coherent English sentence.
854	31	A lot of doctors hug these scared children.	A lot of doctors hug this scared children.	-86.0	-87.0	-9.5625	-9.6875	True	True	morphology	determiner_noun_agreement	Write a natural, coherent English sentence.
855	31	Those pedestrians weren't fleeing from these concealed men.	Those pedestrians weren't fleeing from this concealed men.	-140.0	-141.0	-9.3125	-9.375	True	True	morphology	determiner_noun_agreement	Write a natural, coherent English sentence.
856	31	Those children find that exposed thesis.	Those children find those exposed thesis.	-69.0	-69.5	-9.875	-9.9375	True	True	morphology	determiner_noun_agreement	Write a natural, coherent English sentence.
857	31	Debra admires these blue octopi.	Debra admires this blue octopi.	-95.5	-95.0	-9.5625	-9.5	False	False	morphology	determiner_noun_agreement	Write a natural, coherent English sentence.
858	31	Bruce wasn't approaching that clever alumnus.	Bruce wasn't approaching those clever alumnus.	-105.5	-106.0	-9.625	-9.625	True	False	morphology	determiner_noun_agreement	Write a natural, coherent English sentence.
859	31	Lawrence isn't questioning that nice woman.	Lawrence isn't questioning those nice woman.	-87.5	-88.0	-9.6875	-9.8125	True	True	morphology	determiner_noun_agreement	Write a natural, coherent English sentence.
860	31	Some waitresses have this big octopus.	Some waitresses have these big octopus.	-103.5	-103.0	-9.375	-9.375	False	False	morphology	determiner_noun_agreement	Write a natural, coherent English sentence.
861	31	Carolyn had embarrassed that busy alumnus.	Carolyn had embarrassed those busy alumnus.	-97.0	-97.0	-9.6875	-9.6875	False	False	morphology	determiner_noun_agreement	Write a natural, coherent English sentence.
862	31	Jeffrey aggravated that smart man.	Jeffrey aggravated those smart man.	-86.5	-86.5	-9.5625	-9.625	False	True	morphology	determiner_noun_agreement	Write a natural, coherent English sentence.
863	31	Guy messed up this yellow foot.	Guy messed up these yellow foot.	-76.5	-76.5	-9.5625	-9.5625	False	False	morphology	determiner_noun_agreement	Write a natural, coherent English sentence.
864	31	Every book is embarrassing this small woman.	Every book is embarrassing these small woman.	-86.0	-86.5	-9.5625	-9.625	True	True	morphology	determiner_noun_agreement	Write a natural, coherent English sentence.
865	31	These associations were talking about these scared women.	These associations were talking about this scared women.	-87.0	-87.5	-9.6875	-9.75	True	True	morphology	determiner_noun_agreement	Write a natural, coherent English sentence.
866	31	Todd disturbs this upset child.	Todd disturbs these upset child.	-77.5	-78.0	-9.6875	-9.75	True	True	morphology	determiner_noun_agreement	Write a natural, coherent English sentence.
867	31	That window alarms these exposed women.	That window alarms this exposed women.	-78.5	-79.0	-9.8125	-9.875	True	True	morphology	determiner_noun_agreement	Write a natural, coherent English sentence.
868	31	A window upsets these upset men.	A window upsets this upset men.	-78.0	-78.5	-9.75	-9.8125	True	True	morphology	determiner_noun_agreement	Write a natural, coherent English sentence.
869	31	Monet is fixing that brown foot.	Monet is fixing those brown foot.	-78.5	-78.5	-9.8125	-9.8125	False	False	morphology	determiner_noun_agreement	Write a natural, coherent English sentence.
870	31	Adam left these big alumni.	Adam left this big alumni.	-78.0	-78.0	-9.75	-9.75	False	False	morphology	determiner_noun_agreement	Write a natural, coherent English sentence.
871	31	Stacy can exit that big oasis.	Stacy can exit those big oasis.	-87.5	-88.0	-9.75	-9.8125	True	True	morphology	determiner_noun_agreement	Write a natural, coherent English sentence.
872	31	Roger was returning to those happy alumni.	Roger was returning to that happy alumni.	-95.5	-96.5	-9.5625	-9.625	True	True	morphology	determiner_noun_agreement	Write a natural, coherent English sentence.
873	31	Dana isn't investigating this ill woman.	Dana isn't investigating these ill woman.	-105.0	-105.5	-9.5625	-9.625	True	True	morphology	determiner_noun_agreement	Write a natural, coherent English sentence.
874	31	Tammy has those yellow axes.	Tammy has that yellow axes.	-77.5	-78.0	-9.6875	-9.75	True	True	morphology	determiner_noun_agreement	Write a natural, coherent English sentence.
875	31	Marla leaves those employed children.	Marla leaves that employed children.	-70.0	-69.5	-10.0	-9.9375	False	False	morphology	determiner_noun_agreement	Write a natural, coherent English sentence.
876	31	Sarah referenced that ill child.	Sarah referenced those ill child.	-68.0	-68.5	-9.75	-9.75	True	False	morphology	determiner_noun_agreement	Write a natural, coherent English sentence.
877	31	Edward complained about this serious child.	Edward complained about these serious child.	-69.5	-69.5	-9.875	-9.9375	False	True	morphology	determiner_noun_agreement	Write a natural, coherent English sentence.
878	31	Carolyn healed those bad women.	Carolyn healed that bad women.	-77.5	-78.0	-9.6875	-9.75	True	True	morphology	determiner_noun_agreement	Write a natural, coherent English sentence.
879	31	The waitresses fired those upset alumni.	The waitresses fired that upset alumni.	-104.5	-105.0	-9.5	-9.5625	True	True	morphology	determiner_noun_agreement	Write a natural, coherent English sentence.
880	31	Every driver dropped by that old oasis.	Every driver dropped by those old oasis.	-87.0	-88.0	-9.6875	-9.75	True	True	morphology	determiner_noun_agreement	Write a natural, coherent English sentence.
881	31	William hadn't hugged these hopeful alumni.	William hadn't hugged this hopeful alumni.	-122.0	-122.5	-9.375	-9.4375	True	True	morphology	determiner_noun_agreement	Write a natural, coherent English sentence.
882	31	The Lutherans had messed up those lost feet.	The Lutherans had messed up that lost feet.	-105.5	-106.0	-9.5625	-9.625	True	True	morphology	determiner_noun_agreement	Write a natural, coherent English sentence.
883	31	Florence hasn't confused those standing men.	Florence hasn't confused that standing men.	-88.0	-88.5	-9.75	-9.8125	True	True	morphology	determiner_noun_agreement	Write a natural, coherent English sentence.
884	31	Some convertible upset this upset woman.	Some convertible upset these upset woman.	-78.0	-78.5	-9.75	-9.8125	True	True	morphology	determiner_noun_agreement	Write a natural, coherent English sentence.
885	31	Rebecca saw this hidden foot.	Rebecca saw these hidden foot.	-59.5	-59.25	-9.875	-9.875	False	False	morphology	determiner_noun_agreement	Write a natural, coherent English sentence.
886	31	Derek returned to these content men.	Derek returned to this content men.	-78.5	-78.5	-9.8125	-9.8125	False	False	morphology	determiner_noun_agreement	Write a natural, coherent English sentence.
887	31	Those teachers love those hidden women.	Those teachers love that hidden women.	-69.5	-70.0	-9.9375	-10.0	True	True	morphology	determiner_noun_agreement	Write a natural, coherent English sentence.
888	31	Jennifer worried those ill men.	Jennifer worried that ill men.	-60.5	-59.5	-10.0625	-9.9375	False	False	morphology	determiner_noun_agreement	Write a natural, coherent English sentence.
889	31	A chair was stunning this big man.	A chair was stunning these big man.	-77.5	-78.5	-9.6875	-9.8125	True	True	morphology	determiner_noun_agreement	Write a natural, coherent English sentence.
890	31	Paintings looked like that gray thesis.	Paintings looked like those gray thesis.	-88.5	-88.5	-9.8125	-9.875	False	True	morphology	determiner_noun_agreement	Write a natural, coherent English sentence.
891	31	Karla toured this rough oasis.	Karla toured these rough oasis.	-87.5	-87.5	-9.75	-9.75	False	False	morphology	determiner_noun_agreement	Write a natural, coherent English sentence.
892	31	Walter couldn't boycott those hidden oases.	Walter couldn't boycott that hidden oases.	-107.0	-107.0	-9.6875	-9.6875	False	False	morphology	determiner_noun_agreement	Write a natural, coherent English sentence.
893	31	Donald has worried this smart man.	Donald has worried these smart man.	-69.0	-69.5	-9.875	-9.9375	True	True	morphology	determiner_noun_agreement	Write a natural, coherent English sentence.
894	31	Catherine has boycotted those gray oases.	Catherine has boycotted that gray oases.	-97.0	-97.5	-9.6875	-9.75	True	True	morphology	determiner_noun_agreement	Write a natural, coherent English sentence.
895	31	Nicole toured those yellow oases.	Nicole toured that yellow oases.	-78.0	-78.5	-9.75	-9.8125	True	True	morphology	determiner_noun_agreement	Write a natural, coherent English sentence.
896	31	Barbara praises that young woman.	Barbara praises those young woman.	-67.5	-68.5	-9.6875	-9.75	True	True	morphology	determiner_noun_agreement	Write a natural, coherent English sentence.
897	31	The apple aggravates those hopeful children.	The apple aggravates that hopeful children.	-94.0	-94.5	-9.4375	-9.5	True	True	morphology	determiner_noun_agreement	Write a natural, coherent English sentence.
898	31	All photographs could look like this big fungus.	All photographs could look like these big fungus.	-105.0	-105.5	-9.5625	-9.625	True	True	morphology	determiner_noun_agreement	Write a natural, coherent English sentence.
899	31	Guys should talk about that good synopsis.	Guys should talk about those good synopsis.	-96.5	-96.0	-9.625	-9.625	False	False	morphology	determiner_noun_agreement	Write a natural, coherent English sentence.
900	31	Tracy discovered this concealed alumnus.	Tracy discovered these concealed alumnus.	-96.0	-96.5	-9.625	-9.625	True	False	morphology	determiner_noun_agreement	Write a natural, coherent English sentence.
901	31	All actresses are helping this troubled man.	All actresses are helping these troubled man.	-93.5	-94.0	-9.375	-9.375	True	False	morphology	determiner_noun_agreement	Write a natural, coherent English sentence.
902	31	Douglas isn't revealing this dirty foot.	Douglas isn't revealing these dirty foot.	-88.5	-88.5	-9.8125	-9.8125	False	False	morphology	determiner_noun_agreement	Write a natural, coherent English sentence.
903	31	Most senators confuse that standing child.	Most senators confuse those standing child.	-88.5	-88.0	-9.8125	-9.8125	False	False	morphology	determiner_noun_agreement	Write a natural, coherent English sentence.
904	31	Those doctors embarrass that upset woman.	Those doctors embarrass those upset woman.	-69.0	-70.0	-9.875	-10.0	True	True	morphology	determiner_noun_agreement	Write a natural, coherent English sentence.
905	31	A lot of customers were healing those sick men.	A lot of customers were healing that sick men.	-96.0	-97.0	-9.5625	-9.6875	True	True	morphology	determiner_noun_agreement	Write a natural, coherent English sentence.
906	31	Sabrina does conceal these old alumni.	Sabrina does conceal this old alumni.	-114.5	-114.5	-9.5	-9.5625	False	True	morphology	determiner_noun_agreement	Write a natural, coherent English sentence.
907	31	Many girls can't observe those young alumni.	Many girls can't observe that young alumni.	-115.5	-115.5	-9.625	-9.625	False	False	morphology	determiner_noun_agreement	Write a natural, coherent English sentence.
908	31	The actresses hire that lucky man.	The actresses hire those lucky man.	-77.5	-78.0	-9.6875	-9.75	True	True	morphology	determiner_noun_agreement	Write a natural, coherent English sentence.
909	31	Andrea is firing that scared child.	Andrea is firing those scared child.	-69.0	-70.0	-9.875	-9.9375	True	True	morphology	determiner_noun_agreement	Write a natural, coherent English sentence.
910	31	That dancer scanned that bad synopsis.	That dancer scanned those bad synopsis.	-97.5	-97.5	-9.75	-9.75	False	False	morphology	determiner_noun_agreement	Write a natural, coherent English sentence.
911	31	Daniel breaks these dirty teeth.	Daniel breaks this dirty teeth.	-59.0	-59.5	-9.8125	-9.9375	True	True	morphology	determiner_noun_agreement	Write a natural, coherent English sentence.
912	31	Students had messed up those purple teeth.	Students had messed up that purple teeth.	-87.0	-87.5	-9.6875	-9.75	True	True	morphology	determiner_noun_agreement	Write a natural, coherent English sentence.
913	31	Becky boycotted those old oases.	Becky boycotted that old oases.	-95.5	-96.0	-9.5625	-9.625	True	True	morphology	determiner_noun_agreement	Write a natural, coherent English sentence.
914	31	Florence talks to those good women.	Florence talks to that good women.	-69.0	-69.0	-9.8125	-9.875	False	True	morphology	determiner_noun_agreement	Write a natural, coherent English sentence.
915	31	Carmen won't break this big foot.	Carmen won't break these big foot.	-96.0	-96.5	-9.625	-9.625	True	False	morphology	determiner_noun_agreement	Write a natural, coherent English sentence.
916	31	Stephen fired those employed men.	Stephen fired that employed men.	-60.0	-60.25	-10.0	-10.0625	True	True	morphology	determiner_noun_agreement	Write a natural, coherent English sentence.
917	31	Many governments confuse this sick woman.	Many governments confuse these sick woman.	-78.5	-79.0	-9.8125	-9.875	True	True	morphology	determiner_noun_agreement	Write a natural, coherent English sentence.
918	31	Heidi healed this troubled child.	Heidi healed these troubled child.	-86.0	-86.0	-9.5625	-9.5625	False	False	morphology	determiner_noun_agreement	Write a natural, coherent English sentence.
919	31	Daniel questions these employed alumni.	Daniel questions this employed alumni.	-77.5	-78.0	-9.6875	-9.75	True	True	morphology	determiner_noun_agreement	Write a natural, coherent English sentence.
920	31	People admire these yellow oxen.	People admire this yellow oxen.	-77.0	-77.0	-9.625	-9.625	False	False	morphology	determiner_noun_agreement	Write a natural, coherent English sentence.
921	31	Those adults embarrasses this displeased woman.	Those adults embarrasses these displeased woman.	-95.5	-96.0	-9.5625	-9.625	True	True	morphology	determiner_noun_agreement	Write a natural, coherent English sentence.
922	31	Winston Churchill notices these big nuclei.	Winston Churchill notices this big nuclei.	-104.0	-104.0	-9.4375	-9.5	False	True	morphology	determiner_noun_agreement	Write a natural, coherent English sentence.
923	31	All women hide those concealed nuclei.	All women hide that concealed nuclei.	-87.0	-87.0	-9.6875	-9.6875	False	False	morphology	determiner_noun_agreement	Write a natural, coherent English sentence.
924	31	Charles was escaping from those lucky men.	Charles was escaping from that lucky men.	-87.0	-88.0	-9.6875	-9.75	True	True	morphology	determiner_noun_agreement	Write a natural, coherent English sentence.
925	31	Paul doesn't insult this happy woman.	Paul doesn't insult these happy woman.	-87.0	-88.0	-9.625	-9.75	True	True	morphology	determiner_noun_agreement	Write a natural, coherent English sentence.
926	31	Galileo isn't scanning this brown thesis.	Galileo isn't scanning these brown thesis.	-114.5	-115.0	-9.5625	-9.625	True	True	morphology	determiner_noun_agreement	Write a natural, coherent English sentence.
927	31	The newspaper article doesn't annoy that exposed man.	The newspaper article doesn't annoy those exposed man.	-105.0	-105.5	-9.5625	-9.5625	True	False	morphology	determiner_noun_agreement	Write a natural, coherent English sentence.
928	31	Carmen noticed these gray cacti.	Carmen noticed this gray cacti.	-86.0	-86.0	-9.5625	-9.5625	False	False	morphology	determiner_noun_agreement	Write a natural, coherent English sentence.
929	31	Teresa approaches this upset man.	Teresa approaches these upset man.	-68.0	-68.5	-9.75	-9.8125	True	True	morphology	determiner_noun_agreement	Write a natural, coherent English sentence.
930	31	April was revealing this hidden woman.	April was revealing these hidden woman.	-68.5	-69.0	-9.8125	-9.875	True	True	morphology	determiner_noun_agreement	Write a natural, coherent English sentence.
931	31	Michael has loved these scared men.	Michael has loved this scared men.	-69.0	-69.5	-9.875	-9.9375	True	True	morphology	determiner_noun_agreement	Write a natural, coherent English sentence.
932	31	Joseph hadn't bought those hard lice.	Joseph hadn't bought that hard lice.	-97.5	-97.5	-9.75	-9.75	False	False	morphology	determiner_noun_agreement	Write a natural, coherent English sentence.
933	31	Larry did drive to this out in the open oasis.	Larry did drive to these out in the open oasis.	-115.5	-116.0	-9.625	-9.625	True	False	morphology	determiner_noun_agreement	Write a natural, coherent English sentence.
934	31	Lisa hasn't driven to that new oasis.	Lisa hasn't driven to those new oasis.	-103.5	-104.5	-9.4375	-9.5	True	True	morphology	determiner_noun_agreement	Write a natural, coherent English sentence.
935	31	Steve scanned this good synopsis.	Steve scanned these good synopsis.	-77.0	-78.0	-9.625	-9.75	True	True	morphology	determiner_noun_agreement	Write a natural, coherent English sentence.
936	31	The Lutherans care for those hopeful men.	The Lutherans care for that hopeful men.	-95.5	-97.0	-9.5625	-9.6875	True	True	morphology	determiner_noun_agreement	Write a natural, coherent English sentence.
937	31	Christine bikes to these orange oases.	Christine bikes to this orange oases.	-95.0	-95.5	-9.5	-9.5625	True	True	morphology	determiner_noun_agreement	Write a natural, coherent English sentence.
938	31	Most actors distracted this popular woman.	Most actors distracted these popular woman.	-78.5	-79.0	-9.8125	-9.875	True	True	morphology	determiner_noun_agreement	Write a natural, coherent English sentence.
939	31	Emily should observe those displeased men.	Emily should observe that displeased men.	-88.0	-87.5	-9.75	-9.75	False	False	morphology	determiner_noun_agreement	Write a natural, coherent English sentence.
940	31	The drivers do sell this green thesis.	The drivers do sell these green thesis.	-78.5	-79.0	-9.8125	-9.875	True	True	morphology	determiner_noun_agreement	Write a natural, coherent English sentence.
941	31	Most drivers love these unemployed men.	Most drivers love this unemployed men.	-77.5	-78.5	-9.6875	-9.8125	True	True	morphology	determiner_noun_agreement	Write a natural, coherent English sentence.
942	31	Those doctors care for this hopeful man.	Those doctors care for these hopeful man.	-85.5	-86.5	-9.5	-9.625	True	True	morphology	determiner_noun_agreement	Write a natural, coherent English sentence.
943	31	Brad kisses that displeased man.	Brad kisses those displeased man.	-85.5	-86.5	-9.5	-9.625	True	True	morphology	determiner_noun_agreement	Write a natural, coherent English sentence.
944	31	Danielle had argued about those troubled men.	Danielle had argued about that troubled men.	-96.5	-97.0	-9.6875	-9.75	True	True	morphology	determiner_noun_agreement	Write a natural, coherent English sentence.
945	31	An actor is disgusting those unsure men.	An actor is disgusting that unsure men.	-97.5	-98.0	-9.75	-9.75	True	False	morphology	determiner_noun_agreement	Write a natural, coherent English sentence.
946	31	Galileo didn't hurt those displeased children.	Galileo didn't hurt that displeased children.	-122.5	-123.0	-9.4375	-9.4375	True	False	morphology	determiner_noun_agreement	Write a natural, coherent English sentence.
947	31	Omar messed up these small teeth.	Omar messed up this small teeth.	-85.0	-85.5	-9.4375	-9.5	True	True	morphology	determiner_noun_agreement	Write a natural, coherent English sentence.
948	31	Carmen will watch this smart person.	Carmen will watch these smart person.	-77.5	-78.0	-9.6875	-9.75	True	True	morphology	determiner_noun_agreement	Write a natural, coherent English sentence.
949	31	Jeffrey hid that unlucky child.	Jeffrey hid those unlucky child.	-87.5	-87.5	-9.75	-9.75	False	False	morphology	determiner_noun_agreement	Write a natural, coherent English sentence.
950	31	Every plane bothers this upset child.	Every plane bothers these upset child.	-77.5	-78.5	-9.6875	-9.8125	True	True	morphology	determiner_noun_agreement	Write a natural, coherent English sentence.
951	31	A lot of hospitals have those blue teeth.	A lot of hospitals have that blue teeth.	-87.0	-87.0	-9.625	-9.6875	False	True	morphology	determiner_noun_agreement	Write a natural, coherent English sentence.
952	31	Nancy wasn't disturbing that clever man.	Nancy wasn't disturbing those clever man.	-96.0	-96.5	-9.625	-9.625	True	False	morphology	determiner_noun_agreement	Write a natural, coherent English sentence.
953	31	These ladies bought that white tooth.	These ladies bought those white tooth.	-69.5	-69.0	-9.9375	-9.875	False	False	morphology	determiner_noun_agreement	Write a natural, coherent English sentence.
954	31	Every skirt annoys that confident person.	Every skirt annoys those confident person.	-87.0	-88.0	-9.625	-9.75	True	True	morphology	determiner_noun_agreement	Write a natural, coherent English sentence.
955	31	These actors weren't biking to these red oases.	These actors weren't biking to this red oases.	-125.0	-125.0	-9.625	-9.625	False	False	morphology	determiner_noun_agreement	Write a natural, coherent English sentence.
956	31	Carmen has described those confident people.	Carmen has described that confident people.	-77.5	-77.5	-9.6875	-9.6875	False	False	morphology	determiner_noun_agreement	Write a natural, coherent English sentence.
957	31	All legislatures criticize that brown oasis.	All legislatures criticize those brown oasis.	-96.0	-96.0	-9.625	-9.625	False	False	morphology	determiner_noun_agreement	Write a natural, coherent English sentence.
958	31	Paula works with that clever person.	Paula works with those clever person.	-78.0	-78.5	-9.75	-9.8125	True	True	morphology	determiner_noun_agreement	Write a natural, coherent English sentence.
959	31	Benjamin respects those confident children.	Benjamin respects that confident children.	-68.0	-69.0	-9.75	-9.8125	True	True	morphology	determiner_noun_agreement	Write a natural, coherent English sentence.
960	31	Mitchell attacked these unsure alumni.	Mitchell attacked this unsure alumni.	-87.5	-88.0	-9.75	-9.75	True	False	morphology	determiner_noun_agreement	Write a natural, coherent English sentence.
961	31	The Lutherans hadn't cleaned these broken teeth.	The Lutherans hadn't cleaned this broken teeth.	-105.5	-106.0	-9.625	-9.625	True	False	morphology	determiner_noun_agreement	Write a natural, coherent English sentence.
962	31	A lot of children observe that young child.	A lot of children observe those young child.	-86.5	-87.0	-9.625	-9.6875	True	True	morphology	determiner_noun_agreement	Write a natural, coherent English sentence.
963	31	Gary hadn't sounded like this out in the open oasis.	Gary hadn't sounded like these out in the open oasis.	-133.0	-133.0	-9.5	-9.5	False	False	morphology	determiner_noun_agreement	Write a natural, coherent English sentence.
964	31	That fish annoyed this serious alumnus.	That fish annoyed these serious alumnus.	-95.5	-96.0	-9.5	-9.5625	True	True	morphology	determiner_noun_agreement	Write a natural, coherent English sentence.
965	31	Spotlights worry those standing people.	Spotlights worry that standing people.	-68.5	-69.0	-9.8125	-9.8125	True	False	morphology	determiner_noun_agreement	Write a natural, coherent English sentence.
966	31	Rodney returned to these content alumni.	Rodney returned to this content alumni.	-96.0	-96.0	-9.5625	-9.625	False	True	morphology	determiner_noun_agreement	Write a natural, coherent English sentence.
967	31	Bruce references this unemployed child.	Bruce references these unemployed child.	-69.0	-69.0	-9.875	-9.875	False	False	morphology	determiner_noun_agreement	Write a natural, coherent English sentence.
968	31	Many museums criticize this bad analysis.	Many museums criticize these bad analysis.	-85.0	-86.0	-9.5	-9.5625	True	True	morphology	determiner_noun_agreement	Write a natural, coherent English sentence.
969	31	Danielle knows that concealed man.	Danielle knows those concealed man.	-78.0	-78.0	-9.75	-9.75	False	False	morphology	determiner_noun_agreement	Write a natural, coherent English sentence.
970	31	Katherine sells that smooth oasis.	Katherine sells those smooth oasis.	-86.5	-86.5	-9.625	-9.625	False	False	morphology	determiner_noun_agreement	Write a natural, coherent English sentence.
971	31	Meredith hadn't scared these clever people.	Meredith hadn't scared this clever people.	-105.0	-105.5	-9.5625	-9.5625	True	False	morphology	determiner_noun_agreement	Write a natural, coherent English sentence.
972	31	Walter biked to these gray oases.	Walter biked to this gray oases.	-95.0	-95.0	-9.5	-9.5	False	False	morphology	determiner_noun_agreement	Write a natural, coherent English sentence.
973	31	Phillip has investigated this unemployed man.	Phillip has investigated these unemployed man.	-86.5	-87.0	-9.625	-9.6875	True	True	morphology	determiner_noun_agreement	Write a natural, coherent English sentence.
974	31	Alice knows that ill woman.	Alice knows those ill woman.	-59.0	-59.75	-9.875	-9.9375	True	True	morphology	determiner_noun_agreement	Write a natural, coherent English sentence.
975	31	Daniel bothered that unemployed alumnus.	Daniel bothered those unemployed alumnus.	-86.5	-86.0	-9.625	-9.5625	False	False	morphology	determiner_noun_agreement	Write a natural, coherent English sentence.
976	31	Some children notice this black thesis.	Some children notice these black thesis.	-69.0	-69.0	-9.875	-9.875	False	False	morphology	determiner_noun_agreement	Write a natural, coherent English sentence.
977	31	George has alarmed these unemployed children.	George has alarmed this unemployed children.	-86.0	-87.0	-9.5625	-9.6875	True	True	morphology	determiner_noun_agreement	Write a natural, coherent English sentence.
978	31	Sarah won't drive to this concealed oasis.	Sarah won't drive to these concealed oasis.	-113.0	-114.0	-9.375	-9.5	True	True	morphology	determiner_noun_agreement	Write a natural, coherent English sentence.
979	31	Grace arrived at those small oases.	Grace arrived at that small oases.	-77.5	-77.5	-9.6875	-9.6875	False	False	morphology	determiner_noun_agreement	Write a natural, coherent English sentence.
980	31	David kisses that lucky man.	David kisses those lucky man.	-67.5	-68.0	-9.625	-9.75	True	True	morphology	determiner_noun_agreement	Write a natural, coherent English sentence.
981	31	Laura isn't lifting this smooth axis.	Laura isn't lifting these smooth axis.	-87.5	-88.0	-9.75	-9.75	True	False	morphology	determiner_noun_agreement	Write a natural, coherent English sentence.
982	31	Mark embarrassed these confident children.	Mark embarrassed this confident children.	-59.0	-59.5	-9.8125	-9.875	True	True	morphology	determiner_noun_agreement	Write a natural, coherent English sentence.
983	31	Patients bothers this employed man.	Patients bothers these employed man.	-77.5	-78.0	-9.6875	-9.75	True	True	morphology	determiner_noun_agreement	Write a natural, coherent English sentence.
984	31	Christopher has criticized this bad synopsis.	Christopher has criticized these bad synopsis.	-86.5	-87.0	-9.5625	-9.625	True	True	morphology	determiner_noun_agreement	Write a natural, coherent English sentence.
985	31	Todd hadn't gone to this cheap oasis.	Todd hadn't gone to these cheap oasis.	-105.0	-105.0	-9.5625	-9.5625	False	False	morphology	determiner_noun_agreement	Write a natural, coherent English sentence.
986	31	Becca does investigate this lucky alumnus.	Becca does investigate these lucky alumnus.	-97.0	-97.0	-9.6875	-9.75	False	True	morphology	determiner_noun_agreement	Write a natural, coherent English sentence.
987	31	Sabrina visits those fast women.	Sabrina visits that fast women.	-76.5	-77.0	-9.5625	-9.625	True	True	morphology	determiner_noun_agreement	Write a natural, coherent English sentence.
988	31	Janet knew those unconvinced children.	Janet knew that unconvinced children.	-96.5	-96.0	-9.625	-9.5625	False	False	morphology	determiner_noun_agreement	Write a natural, coherent English sentence.
989	31	Christine hated this young man.	Christine hated these young man.	-68.0	-68.5	-9.6875	-9.8125	True	True	morphology	determiner_noun_agreement	Write a natural, coherent English sentence.
990	31	Chad hadn't complained about these big oases.	Chad hadn't complained about this big oases.	-115.0	-115.5	-9.625	-9.625	True	False	morphology	determiner_noun_agreement	Write a natural, coherent English sentence.
991	31	Many bikes stun that nice man.	Many bikes stun those nice man.	-87.5	-88.0	-9.75	-9.8125	True	True	morphology	determiner_noun_agreement	Write a natural, coherent English sentence.
992	31	William hasn't investigated these fast men.	William hasn't investigated this fast men.	-87.0	-87.0	-9.6875	-9.6875	False	False	morphology	determiner_noun_agreement	Write a natural, coherent English sentence.
993	31	Kristin couldn't research these smooth oases.	Kristin couldn't research this smooth oases.	-106.0	-106.5	-9.625	-9.6875	True	True	morphology	determiner_noun_agreement	Write a natural, coherent English sentence.
994	31	Travis arrives at these old oases.	Travis arrives at this old oases.	-86.5	-87.0	-9.625	-9.625	True	False	morphology	determiner_noun_agreement	Write a natural, coherent English sentence.
995	31	Many boys drive to this yellow oasis.	Many boys drive to these yellow oasis.	-88.0	-88.5	-9.75	-9.8125	True	True	morphology	determiner_noun_agreement	Write a natural, coherent English sentence.
996	31	Danielle won't heal those unlucky people.	Danielle won't heal that unlucky people.	-115.0	-115.5	-9.5625	-9.625	True	True	morphology	determiner_noun_agreement	Write a natural, coherent English sentence.
997	31	Sabrina wouldn't go to that new oasis.	Sabrina wouldn't go to those new oasis.	-122.0	-123.0	-9.375	-9.4375	True	True	morphology	determiner_noun_agreement	Write a natural, coherent English sentence.
998	31	This movie theater annoys these lucky alumni.	This movie theater annoys this lucky alumni.	-113.5	-114.0	-9.4375	-9.5	True	True	morphology	determiner_noun_agreement	Write a natural, coherent English sentence.
999	31	Stacy doesn't appreciate that out in the open woman.	Stacy doesn't appreciate those out in the open woman.	-123.5	-124.0	-9.5	-9.5	True	False	morphology	determiner_noun_agreement	Write a natural, coherent English sentence.
0	32	Alexander didn't walk through that new oasis.	Alexander didn't walk through those new oasis.	-78.0	-82.5	-7.0625	-7.5	True	True	morphology	determiner_noun_agreement	Write a natural, coherent English sentence.
1	32	This hair irritates these old alumni.	This hair irritates this old alumni.	-72.5	-76.0	-7.21875	-7.59375	True	True	morphology	determiner_noun_agreement	Write a natural, coherent English sentence.
2	32	Winston Churchill was escaping from this serious person.	Winston Churchill was escaping from these serious person.	-77.0	-81.5	-6.40625	-6.78125	True	True	morphology	determiner_noun_agreement	Write a natural, coherent English sentence.
3	32	Anna walks through these purple oases.	Anna walks through this purple oases.	-73.0	-75.0	-9.125	-9.375	True	True	morphology	determiner_noun_agreement	Write a natural, coherent English sentence.
4	32	Alicia sounded like this good analysis.	Alicia sounded like these good analysis.	-74.0	-76.0	-8.25	-8.4375	True	True	morphology	determiner_noun_agreement	Write a natural, coherent English sentence.
5	32	Jeffrey might complain about this gray thesis.	Jeffrey might complain about these gray thesis.	-81.0	-83.0	-9.0	-9.1875	True	True	morphology	determiner_noun_agreement	Write a natural, coherent English sentence.
6	32	Meredith approaches these concealed women.	Meredith approaches this concealed women.	-68.5	-72.5	-7.625	-8.0	True	True	morphology	determiner_noun_agreement	Write a natural, coherent English sentence.
7	32	Julia questioned those small children.	Julia questioned that small children.	-63.0	-61.5	-10.5	-10.25	False	False	morphology	determiner_noun_agreement	Write a natural, coherent English sentence.
8	32	That adult has brought that purple octopus.	That adult has brought those purple octopus.	-71.0	-74.0	-7.09375	-7.40625	True	True	morphology	determiner_noun_agreement	Write a natural, coherent English sentence.
9	32	The people hug this displeased woman.	The people hug these displeased woman.	-65.5	-80.5	-7.28125	-8.9375	True	True	morphology	determiner_noun_agreement	Write a natural, coherent English sentence.
10	32	That beef did bore these displeased people.	That beef did bore this displeased people.	-85.5	-88.0	-8.5625	-8.8125	True	True	morphology	determiner_noun_agreement	Write a natural, coherent English sentence.
11	32	These libraries talk about these long synopses.	These libraries talk about this long synopses.	-75.5	-79.0	-7.5625	-7.90625	True	True	morphology	determiner_noun_agreement	Write a natural, coherent English sentence.
12	32	Lori wasn't hiring those delighted men.	Lori wasn't hiring that delighted men.	-78.5	-84.5	-7.84375	-8.5	True	True	morphology	determiner_noun_agreement	Write a natural, coherent English sentence.
13	32	The teachers are running around this concealed oasis.	The teachers are running around these concealed oasis.	-72.5	-75.5	-6.59375	-6.875	True	True	morphology	determiner_noun_agreement	Write a natural, coherent English sentence.
14	32	Those bananas embarrass these delighted people.	Those bananas embarrass this delighted people.	-85.5	-87.5	-10.6875	-10.9375	True	True	morphology	determiner_noun_agreement	Write a natural, coherent English sentence.
15	32	Mitchell brought those green oases.	Mitchell brought that green oases.	-72.5	-71.5	-10.375	-10.25	False	False	morphology	determiner_noun_agreement	Write a natural, coherent English sentence.
16	32	The actresses complain about this rough thesis.	The actresses complain about these rough thesis.	-78.0	-79.5	-8.6875	-8.875	True	True	morphology	determiner_noun_agreement	Write a natural, coherent English sentence.
17	32	Russell investigates these fast women.	Russell investigates this fast women.	-64.5	-69.5	-9.25	-9.9375	True	True	morphology	determiner_noun_agreement	Write a natural, coherent English sentence.
18	32	Irene praised those bad synopses.	Irene praised that bad synopses.	-75.0	-75.5	-8.3125	-8.4375	True	True	morphology	determiner_noun_agreement	Write a natural, coherent English sentence.
19	32	Denise did confuse that important woman.	Denise did confuse those important woman.	-73.0	-84.5	-8.0625	-9.375	True	True	morphology	determiner_noun_agreement	Write a natural, coherent English sentence.
20	32	Some patients dislike those nice women.	Some patients dislike that nice women.	-74.5	-74.5	-9.3125	-9.3125	False	False	morphology	determiner_noun_agreement	Write a natural, coherent English sentence.
21	32	Amelia wasn't observing this hopeful man.	Amelia wasn't observing these hopeful man.	-79.0	-88.5	-6.5625	-7.375	True	True	morphology	determiner_noun_agreement	Write a natural, coherent English sentence.
22	32	Grace is hugging these popular women.	Grace is hugging this popular women.	-67.5	-73.0	-8.4375	-9.125	True	True	morphology	determiner_noun_agreement	Write a natural, coherent English sentence.
23	32	Julia might describe this long synopsis.	Julia might describe these long synopsis.	-72.5	-77.5	-9.0625	-9.6875	True	True	morphology	determiner_noun_agreement	Write a natural, coherent English sentence.
24	32	Many pedestrians do return to these happy men.	Many pedestrians do return to this happy men.	-86.5	-96.0	-7.875	-8.75	True	True	morphology	determiner_noun_agreement	Write a natural, coherent English sentence.
25	32	Laura noticed that determined man.	Laura noticed those determined man.	-61.5	-74.5	-10.25	-12.4375	True	True	morphology	determiner_noun_agreement	Write a natural, coherent English sentence.
26	32	Julie would pass those red oases.	Julie would pass that red oases.	-82.0	-86.5	-10.25	-10.8125	True	True	morphology	determiner_noun_agreement	Write a natural, coherent English sentence.
27	32	These doctors boast about this out in the open child.	These doctors boast about these out in the open child.	-106.5	-107.0	-8.875	-8.875	True	False	morphology	determiner_noun_agreement	Write a natural, coherent English sentence.
28	32	Stephen isn't revealing this brown nucleus.	Stephen isn't revealing these brown nucleus.	-83.0	-91.5	-8.3125	-9.1875	True	True	morphology	determiner_noun_agreement	Write a natural, coherent English sentence.
29	32	Travel stuns that sick child.	Travel stuns those sick child.	-70.0	-81.0	-10.0	-11.5625	True	True	morphology	determiner_noun_agreement	Write a natural, coherent English sentence.
30	32	Amelia healed that unemployed woman.	Amelia healed those unemployed woman.	-65.0	-73.0	-7.25	-8.0625	True	True	morphology	determiner_noun_agreement	Write a natural, coherent English sentence.
31	32	Noah attacks that ill child.	Noah attacks those ill child.	-65.0	-71.5	-10.875	-11.9375	True	True	morphology	determiner_noun_agreement	Write a natural, coherent English sentence.
32	32	Randolf buys those gray fungi.	Randolf buys that gray fungi.	-83.0	-84.5	-9.25	-9.375	True	True	morphology	determiner_noun_agreement	Write a natural, coherent English sentence.
33	32	Some pedestrians disagreed with this big woman.	Some pedestrians disagreed with these big woman.	-78.5	-84.0	-7.125	-7.65625	True	True	morphology	determiner_noun_agreement	Write a natural, coherent English sentence.
34	32	Adam might sound like these determined children.	Adam might sound like this determined children.	-73.5	-77.5	-9.1875	-9.6875	True	True	morphology	determiner_noun_agreement	Write a natural, coherent English sentence.
35	32	Bill has stunned this confident man.	Bill has stunned these confident man.	-65.5	-74.0	-8.1875	-9.25	True	True	morphology	determiner_noun_agreement	Write a natural, coherent English sentence.
36	32	Rhonda should see these blue oases.	Rhonda should see this blue oases.	-82.5	-82.5	-9.125	-9.1875	False	True	morphology	determiner_noun_agreement	Write a natural, coherent English sentence.
37	32	Stephen cares for that out in the open alumnus.	Stephen cares for those out in the open alumnus.	-100.5	-100.0	-8.375	-8.3125	False	False	morphology	determiner_noun_agreement	Write a natural, coherent English sentence.
38	32	Cheryl has bought this green oasis.	Cheryl has bought these green oasis.	-71.5	-78.0	-7.96875	-8.6875	True	True	morphology	determiner_noun_agreement	Write a natural, coherent English sentence.
39	32	Every door annoyed this lucky child.	Every door annoyed these lucky child.	-69.0	-77.5	-8.625	-9.6875	True	True	morphology	determiner_noun_agreement	Write a natural, coherent English sentence.
40	32	Gerald cures that unlucky child.	Gerald cures those unlucky child.	-71.5	-80.0	-7.125	-7.96875	True	True	morphology	determiner_noun_agreement	Write a natural, coherent English sentence.
41	32	Eyes weren't worrying this troubled child.	Eyes weren't worrying these troubled child.	-73.5	-76.5	-6.6875	-6.96875	True	True	morphology	determiner_noun_agreement	Write a natural, coherent English sentence.
42	32	Michael isn't referencing this long synopsis.	Michael isn't referencing these long synopsis.	-72.0	-81.5	-6.5625	-7.40625	True	True	morphology	determiner_noun_agreement	Write a natural, coherent English sentence.
43	32	Robert insults this serious man.	Robert insults these serious man.	-72.5	-86.0	-10.375	-12.25	True	True	morphology	determiner_noun_agreement	Write a natural, coherent English sentence.
44	32	Waitresses describe that smart alumnus.	Waitresses describe those smart alumnus.	-81.5	-92.5	-8.125	-9.25	True	True	morphology	determiner_noun_agreement	Write a natural, coherent English sentence.
45	32	Dan doesn't respect this unemployed alumnus.	Dan doesn't respect these unemployed alumnus.	-81.5	-88.0	-6.78125	-7.3125	True	True	morphology	determiner_noun_agreement	Write a natural, coherent English sentence.
46	32	Eric has upset those scared people.	Eric has upset that scared people.	-71.5	-70.0	-10.1875	-10.0	False	False	morphology	determiner_noun_agreement	Write a natural, coherent English sentence.
47	32	Sabrina was biking to this exposed oasis.	Sabrina was biking to these exposed oasis.	-75.5	-77.0	-6.28125	-6.40625	True	True	morphology	determiner_noun_agreement	Write a natural, coherent English sentence.
48	32	Edward can't think about these exposed mice.	Edward can't think about this exposed mice.	-78.0	-83.0	-7.09375	-7.53125	True	True	morphology	determiner_noun_agreement	Write a natural, coherent English sentence.
49	32	Phillip listened to this standing alumnus.	Phillip listened to these standing alumnus.	-80.0	-84.5	-8.0	-8.4375	True	True	morphology	determiner_noun_agreement	Write a natural, coherent English sentence.
50	32	Those men skate around this small oasis.	Those men skate around these small oasis.	-79.5	-85.5	-7.9375	-8.5625	True	True	morphology	determiner_noun_agreement	Write a natural, coherent English sentence.
51	32	Rhonda could think about those content children.	Rhonda could think about that content children.	-77.5	-79.0	-8.5625	-8.75	True	True	morphology	determiner_noun_agreement	Write a natural, coherent English sentence.
52	32	Melissa had remembered that unsure person.	Melissa had remembered those unsure person.	-71.5	-80.0	-7.96875	-8.875	True	True	morphology	determiner_noun_agreement	Write a natural, coherent English sentence.
53	32	The students talk about this upset person.	The students talk about these upset person.	-76.0	-82.5	-9.5	-10.3125	True	True	morphology	determiner_noun_agreement	Write a natural, coherent English sentence.
54	32	Leslie insults those upset alumni.	Leslie insults that upset alumni.	-82.0	-83.0	-8.1875	-8.3125	True	True	morphology	determiner_noun_agreement	Write a natural, coherent English sentence.
55	32	Hats distract this ill man.	Hats distract these ill man.	-66.5	-74.0	-9.5	-10.5625	True	True	morphology	determiner_noun_agreement	Write a natural, coherent English sentence.
56	32	Dawn sounded like this determined child.	Dawn sounded like these determined child.	-62.75	-73.5	-7.84375	-9.1875	True	True	morphology	determiner_noun_agreement	Write a natural, coherent English sentence.
57	32	Carl had run around that brown oasis.	Carl had run around those brown oasis.	-78.5	-81.0	-8.6875	-9.0	True	True	morphology	determiner_noun_agreement	Write a natural, coherent English sentence.
58	32	Anna criticizes these concealed children.	Anna criticizes this concealed children.	-79.0	-77.5	-9.875	-9.6875	False	False	morphology	determiner_noun_agreement	Write a natural, coherent English sentence.
59	32	The waiter might criticize that unemployed man.	The waiter might criticize those unemployed man.	-75.5	-81.5	-6.875	-7.40625	True	True	morphology	determiner_noun_agreement	Write a natural, coherent English sentence.
60	32	Tracy was investigating this troubled alumnus.	Tracy was investigating these troubled alumnus.	-84.0	-89.5	-7.0	-7.46875	True	True	morphology	determiner_noun_agreement	Write a natural, coherent English sentence.
61	32	These newspaper articles astound this clever child.	These newspaper articles astound these clever child.	-75.0	-87.0	-8.3125	-9.6875	True	True	morphology	determiner_noun_agreement	Write a natural, coherent English sentence.
62	32	Dana hadn't attacked this small man.	Dana hadn't attacked these small man.	-73.5	-73.0	-7.34375	-7.28125	False	False	morphology	determiner_noun_agreement	Write a natural, coherent English sentence.
63	32	Curtis wasn't breaking those hard teeth.	Curtis wasn't breaking that hard teeth.	-79.5	-76.5	-7.9375	-7.65625	False	False	morphology	determiner_noun_agreement	Write a natural, coherent English sentence.
64	32	All customers attack this employed alumnus.	All customers attack these employed alumnus.	-83.0	-87.0	-9.25	-9.6875	True	True	morphology	determiner_noun_agreement	Write a natural, coherent English sentence.
65	32	Most ladies go to those purple oases.	Most ladies go to that purple oases.	-87.0	-90.5	-9.625	-10.0625	True	True	morphology	determiner_noun_agreement	Write a natural, coherent English sentence.
66	32	A dancer tours that blue oasis.	A dancer tours those blue oasis.	-75.5	-88.5	-8.375	-9.8125	True	True	morphology	determiner_noun_agreement	Write a natural, coherent English sentence.
67	32	Steven irritated this unconvinced woman.	Steven irritated these unconvinced woman.	-71.5	-75.5	-7.125	-7.5625	True	True	morphology	determiner_noun_agreement	Write a natural, coherent English sentence.
68	32	Tara wasn't helping that sick man.	Tara wasn't helping those sick man.	-65.5	-77.0	-6.5625	-7.6875	True	True	morphology	determiner_noun_agreement	Write a natural, coherent English sentence.
69	32	The dancers aren't cleaning that smooth fungus.	The dancers aren't cleaning those smooth fungus.	-86.5	-93.5	-6.625	-7.1875	True	True	morphology	determiner_noun_agreement	Write a natural, coherent English sentence.
70	32	Melissa had talked about these white theses.	Melissa had talked about this white theses.	-71.0	-74.5	-7.0625	-7.4375	True	True	morphology	determiner_noun_agreement	Write a natural, coherent English sentence.
71	32	The man isn't watching those upset men.	The man isn't watching that upset men.	-75.0	-75.5	-7.5	-7.53125	True	True	morphology	determiner_noun_agreement	Write a natural, coherent English sentence.
72	32	Sabrina won't worry this out in the open person.	Sabrina won't worry these out in the open person.	-86.5	-90.0	-6.15625	-6.4375	True	True	morphology	determiner_noun_agreement	Write a natural, coherent English sentence.
73	32	Every bird embarrassed these unemployed men.	Every bird embarrassed this unemployed men.	-61.75	-67.0	-7.71875	-8.375	True	True	morphology	determiner_noun_agreement	Write a natural, coherent English sentence.
74	32	The Borgias drive to that small oasis.	The Borgias drive to those small oasis.	-75.5	-79.0	-6.84375	-7.15625	True	True	morphology	determiner_noun_agreement	Write a natural, coherent English sentence.
75	32	Bradley likes these brown fungi.	Bradley likes this brown fungi.	-58.25	-63.0	-7.28125	-7.875	True	True	morphology	determiner_noun_agreement	Write a natural, coherent English sentence.
76	32	Most guys go to that black oasis.	Most guys go to those black oasis.	-77.5	-81.5	-8.625	-9.0	True	True	morphology	determiner_noun_agreement	Write a natural, coherent English sentence.
77	32	A pedestrian hadn't approached these hopeful women.	A pedestrian hadn't approached this hopeful women.	-85.5	-87.0	-7.125	-7.25	True	True	morphology	determiner_noun_agreement	Write a natural, coherent English sentence.
78	32	Some senators aren't healing this unemployed alumnus.	Some senators aren't healing these unemployed alumnus.	-99.0	-102.5	-7.0625	-7.3125	True	True	morphology	determiner_noun_agreement	Write a natural, coherent English sentence.
79	32	That cart wasn't stunning these exposed men.	That cart wasn't stunning this exposed men.	-88.0	-93.5	-8.8125	-9.3125	True	True	morphology	determiner_noun_agreement	Write a natural, coherent English sentence.
80	32	Joel can think about this smart man.	Joel can think about these smart man.	-71.0	-80.0	-8.875	-10.0	True	True	morphology	determiner_noun_agreement	Write a natural, coherent English sentence.
81	32	Those prints disgust those good people.	Those prints disgust that good people.	-71.0	-78.5	-10.125	-11.1875	True	True	morphology	determiner_noun_agreement	Write a natural, coherent English sentence.
82	32	Beverly hadn't passed these yellow oases.	Beverly hadn't passed this yellow oases.	-87.0	-88.0	-7.9375	-8.0	True	True	morphology	determiner_noun_agreement	Write a natural, coherent English sentence.
83	32	A lot of prints irritate this unconvinced woman.	A lot of prints irritate these unconvinced woman.	-73.5	-82.5	-5.65625	-6.34375	True	True	morphology	determiner_noun_agreement	Write a natural, coherent English sentence.
84	32	Many customers hire those standing alumni.	Many customers hire that standing alumni.	-89.5	-92.0	-9.9375	-10.1875	True	True	morphology	determiner_noun_agreement	Write a natural, coherent English sentence.
85	32	Some rug isn't irritating that nice woman.	Some rug isn't irritating those nice woman.	-82.5	-89.0	-7.5	-8.0625	True	True	morphology	determiner_noun_agreement	Write a natural, coherent English sentence.
86	32	Jill embarrassed those busy men.	Jill embarrassed that busy men.	-69.0	-70.0	-9.8125	-10.0625	True	True	morphology	determiner_noun_agreement	Write a natural, coherent English sentence.
87	32	Most sketches could hurt this uncertain person.	Most sketches could hurt these uncertain person.	-82.5	-92.0	-8.25	-9.1875	True	True	morphology	determiner_noun_agreement	Write a natural, coherent English sentence.
88	32	Patricia lifted those purple feet.	Patricia lifted that purple feet.	-68.0	-72.5	-8.5	-9.0625	True	True	morphology	determiner_noun_agreement	Write a natural, coherent English sentence.
89	32	The girls sell this hard fungus.	The girls sell these hard fungus.	-70.5	-76.0	-7.8125	-8.4375	True	True	morphology	determiner_noun_agreement	Write a natural, coherent English sentence.
90	32	Nicole has seen this yellow cactus.	Nicole has seen these yellow cactus.	-74.0	-81.0	-8.25	-9.0	True	True	morphology	determiner_noun_agreement	Write a natural, coherent English sentence.
91	32	Sharon could arrive at those big oases.	Sharon could arrive at that big oases.	-79.0	-84.0	-7.875	-8.375	True	True	morphology	determiner_noun_agreement	Write a natural, coherent English sentence.
92	32	This cashier can fire that good woman.	This cashier can fire those good woman.	-76.5	-78.5	-8.5	-8.6875	True	True	morphology	determiner_noun_agreement	Write a natural, coherent English sentence.
93	32	Raymond left those scared children.	Raymond left that scared children.	-66.5	-66.5	-11.0625	-11.0625	False	False	morphology	determiner_noun_agreement	Write a natural, coherent English sentence.
94	32	Noah could discuss that clever person.	Noah could discuss those clever person.	-80.0	-84.0	-11.4375	-12.0	True	True	morphology	determiner_noun_agreement	Write a natural, coherent English sentence.
95	32	Rachelle knew that concealed woman.	Rachelle knew those concealed woman.	-73.5	-72.5	-9.1875	-9.0625	False	False	morphology	determiner_noun_agreement	Write a natural, coherent English sentence.
96	32	Dawn hasn't cured those gray oxen.	Dawn hasn't cured that gray oxen.	-74.5	-73.5	-6.21875	-6.125	False	False	morphology	determiner_noun_agreement	Write a natural, coherent English sentence.
97	32	The Great Lakes haven't disgusted those out in the open people.	The Great Lakes haven't disgusted that out in the open people.	-91.5	-91.0	-5.71875	-5.6875	False	False	morphology	determiner_noun_agreement	Write a natural, coherent English sentence.
98	32	Wayne doesn't exit those cheap oases.	Wayne doesn't exit that cheap oases.	-82.0	-86.5	-8.1875	-8.6875	True	True	morphology	determiner_noun_agreement	Write a natural, coherent English sentence.
99	32	These waitresses haven't astounded this fast woman.	These waitresses haven't astounded these fast woman.	-83.0	-94.5	-5.9375	-6.75	True	True	morphology	determiner_noun_agreement	Write a natural, coherent English sentence.
100	32	Patrick hasn't lifted this out in the open cactus.	Patrick hasn't lifted these out in the open cactus.	-91.5	-97.5	-6.5625	-6.9375	True	True	morphology	determiner_noun_agreement	Write a natural, coherent English sentence.
101	32	Angela isn't embarrassing those excited children.	Angela isn't embarrassing that excited children.	-72.0	-79.5	-7.1875	-7.9375	True	True	morphology	determiner_noun_agreement	Write a natural, coherent English sentence.
102	32	Jennifer hasn't criticized this smart man.	Jennifer hasn't criticized these smart man.	-76.5	-85.5	-7.625	-8.5625	True	True	morphology	determiner_noun_agreement	Write a natural, coherent English sentence.
103	32	April watched this big person.	April watched these big person.	-71.0	-72.0	-11.8125	-12.0625	True	True	morphology	determiner_noun_agreement	Write a natural, coherent English sentence.
104	32	Candice hadn't bothered that serious alumnus.	Candice hadn't bothered those serious alumnus.	-88.0	-86.5	-7.34375	-7.1875	False	False	morphology	determiner_noun_agreement	Write a natural, coherent English sentence.
105	32	The Clintons observe those happy women.	The Clintons observe that happy women.	-72.5	-74.0	-8.0625	-8.1875	True	True	morphology	determiner_noun_agreement	Write a natural, coherent English sentence.
106	32	The Clintons observe this excited man.	The Clintons observe these excited man.	-72.5	-82.5	-8.0625	-9.1875	True	True	morphology	determiner_noun_agreement	Write a natural, coherent English sentence.
107	32	Associations were listening to that unlucky child.	Associations were listening to those unlucky child.	-75.5	-78.0	-6.875	-7.09375	True	True	morphology	determiner_noun_agreement	Write a natural, coherent English sentence.
108	32	Those committees discussed that busy woman.	Those committees discussed those busy woman.	-74.5	-81.0	-8.25	-9.0	True	True	morphology	determiner_noun_agreement	Write a natural, coherent English sentence.
109	32	Debra isn't discussing that good analysis.	Debra isn't discussing those good analysis.	-74.5	-80.5	-7.46875	-8.0625	True	True	morphology	determiner_noun_agreement	Write a natural, coherent English sentence.
110	32	The drawing distracts this lucky woman.	The drawing distracts these lucky woman.	-71.5	-80.0	-8.9375	-10.0	True	True	morphology	determiner_noun_agreement	Write a natural, coherent English sentence.
111	32	Holly couldn't dislike this exposed child.	Holly couldn't dislike these exposed child.	-83.5	-87.0	-8.375	-8.6875	True	True	morphology	determiner_noun_agreement	Write a natural, coherent English sentence.
112	32	Angela examines that good synopsis.	Angela examines those good synopsis.	-71.5	-78.5	-8.9375	-9.8125	True	True	morphology	determiner_noun_agreement	Write a natural, coherent English sentence.
113	32	These skateboards aggravate that lucky woman.	These skateboards aggravate those lucky woman.	-86.5	-90.5	-7.875	-8.25	True	True	morphology	determiner_noun_agreement	Write a natural, coherent English sentence.
114	32	Some play alarms those small women.	Some play alarms that small women.	-73.0	-70.0	-9.125	-8.75	False	False	morphology	determiner_noun_agreement	Write a natural, coherent English sentence.
115	32	Students investigate these nice men.	Students investigate this nice men.	-64.5	-73.5	-10.75	-12.25	True	True	morphology	determiner_noun_agreement	Write a natural, coherent English sentence.
116	32	Tanya wasn't shocking that busy child.	Tanya wasn't shocking those busy child.	-82.5	-88.5	-7.46875	-8.0625	True	True	morphology	determiner_noun_agreement	Write a natural, coherent English sentence.
117	32	Brett has boasted about this nice person.	Brett has boasted about these nice person.	-78.5	-87.0	-7.875	-8.6875	True	True	morphology	determiner_noun_agreement	Write a natural, coherent English sentence.
118	32	Jennifer described that hidden woman.	Jennifer described those hidden woman.	-69.5	-72.5	-11.5625	-12.125	True	True	morphology	determiner_noun_agreement	Write a natural, coherent English sentence.
119	32	Winston Churchill passed these red oases.	Winston Churchill passed this red oases.	-75.5	-75.5	-7.53125	-7.5625	False	True	morphology	determiner_noun_agreement	Write a natural, coherent English sentence.
120	32	Some mirror could scare this nice woman.	Some mirror could scare these nice woman.	-77.5	-87.0	-8.625	-9.6875	True	True	morphology	determiner_noun_agreement	Write a natural, coherent English sentence.
121	32	Caroline hadn't fired that scared alumnus.	Caroline hadn't fired those scared alumnus.	-87.5	-93.5	-7.96875	-8.5	True	True	morphology	determiner_noun_agreement	Write a natural, coherent English sentence.
122	32	Edward wasn't referencing that displeased woman.	Edward wasn't referencing those displeased woman.	-83.5	-90.5	-6.9375	-7.53125	True	True	morphology	determiner_noun_agreement	Write a natural, coherent English sentence.
123	32	Many teachers clean these cheap teeth.	Many teachers clean this cheap teeth.	-79.0	-81.0	-11.25	-11.5625	True	True	morphology	determiner_noun_agreement	Write a natural, coherent English sentence.
124	32	Wayne might remember these new oases.	Wayne might remember this new oases.	-81.0	-82.0	-10.125	-10.25	True	True	morphology	determiner_noun_agreement	Write a natural, coherent English sentence.
125	32	Some high school alarms this determined man.	Some high school alarms these determined man.	-86.0	-92.0	-9.5625	-10.1875	True	True	morphology	determiner_noun_agreement	Write a natural, coherent English sentence.
126	32	Vincent had returned to these out in the open oases.	Vincent had returned to this out in the open oases.	-95.0	-91.0	-7.90625	-7.5625	False	False	morphology	determiner_noun_agreement	Write a natural, coherent English sentence.
127	32	Marla hired this standing child.	Marla hired these standing child.	-76.5	-78.5	-10.9375	-11.1875	True	True	morphology	determiner_noun_agreement	Write a natural, coherent English sentence.
128	32	Some cucumber has upset those ill men.	Some cucumber has upset that ill men.	-83.0	-85.0	-8.3125	-8.5	True	True	morphology	determiner_noun_agreement	Write a natural, coherent English sentence.
129	32	Russell hasn't kissed this content man.	Russell hasn't kissed these content man.	-68.0	-77.0	-7.53125	-8.5625	True	True	morphology	determiner_noun_agreement	Write a natural, coherent English sentence.
130	32	Guy has left this determined man.	Guy has left these determined man.	-68.5	-76.0	-9.8125	-10.875	True	True	morphology	determiner_noun_agreement	Write a natural, coherent English sentence.
131	32	The Lutherans listen to these employed women.	The Lutherans listen to this employed women.	-79.0	-81.0	-8.75	-9.0	True	True	morphology	determiner_noun_agreement	Write a natural, coherent English sentence.
132	32	Candice disliked these bad analyses.	Candice disliked this bad analyses.	-65.0	-67.0	-6.53125	-6.6875	True	True	morphology	determiner_noun_agreement	Write a natural, coherent English sentence.
133	32	Many women heal these lost geese.	Many women heal this lost geese.	-80.5	-78.5	-10.0625	-9.8125	False	False	morphology	determiner_noun_agreement	Write a natural, coherent English sentence.
134	32	Wayne has remembered these smart people.	Wayne has remembered this smart people.	-73.5	-75.5	-10.5	-10.75	True	True	morphology	determiner_noun_agreement	Write a natural, coherent English sentence.
135	32	This teenager had dropped by these white oases.	This teenager had dropped by this white oases.	-89.0	-93.0	-8.875	-9.3125	True	True	morphology	determiner_noun_agreement	Write a natural, coherent English sentence.
136	32	Eva has exited those smooth oases.	Eva has exited that smooth oases.	-78.5	-79.0	-8.6875	-8.75	True	True	morphology	determiner_noun_agreement	Write a natural, coherent English sentence.
137	32	Cheryl wouldn't aggravate that bad person.	Cheryl wouldn't aggravate those bad person.	-70.0	-74.5	-5.84375	-6.1875	True	True	morphology	determiner_noun_agreement	Write a natural, coherent English sentence.
138	32	Katherine hadn't shocked those young children.	Katherine hadn't shocked that young children.	-72.0	-69.5	-7.1875	-6.96875	False	False	morphology	determiner_noun_agreement	Write a natural, coherent English sentence.
139	32	The student loves these troubled people.	The student loves this troubled people.	-72.5	-74.5	-9.0625	-9.3125	True	True	morphology	determiner_noun_agreement	Write a natural, coherent English sentence.
140	32	Tracy cared for those smart alumni.	Tracy cared for that smart alumni.	-81.5	-82.0	-8.1875	-8.25	True	True	morphology	determiner_noun_agreement	Write a natural, coherent English sentence.
141	32	Guys return to these small oases.	Guys return to this small oases.	-70.0	-79.0	-7.78125	-8.75	True	True	morphology	determiner_noun_agreement	Write a natural, coherent English sentence.
142	32	Marcus won't bike to this white oasis.	Marcus won't bike to these white oasis.	-81.5	-86.5	-7.40625	-7.84375	True	True	morphology	determiner_noun_agreement	Write a natural, coherent English sentence.
143	32	Eggplants impressed these unconvinced alumni.	Eggplants impressed this unconvinced alumni.	-86.5	-82.5	-6.1875	-5.90625	False	False	morphology	determiner_noun_agreement	Write a natural, coherent English sentence.
144	32	A turtle has bored those troubled children.	A turtle has bored that troubled children.	-77.5	-78.0	-7.0625	-7.09375	True	True	morphology	determiner_noun_agreement	Write a natural, coherent English sentence.
145	32	The adults were taking those old teeth.	The adults were taking that old teeth.	-67.5	-67.0	-8.4375	-8.375	False	False	morphology	determiner_noun_agreement	Write a natural, coherent English sentence.
146	32	Alan wasn't returning to those blue oases.	Alan wasn't returning to that blue oases.	-90.5	-93.0	-8.25	-8.4375	True	True	morphology	determiner_noun_agreement	Write a natural, coherent English sentence.
147	32	Theodore had lifted this rough cactus.	Theodore had lifted these rough cactus.	-80.0	-93.0	-8.0	-9.25	True	True	morphology	determiner_noun_agreement	Write a natural, coherent English sentence.
148	32	Joel isn't praising those good synopses.	Joel isn't praising that good synopses.	-78.0	-81.0	-6.46875	-6.71875	True	True	morphology	determiner_noun_agreement	Write a natural, coherent English sentence.
149	32	The pedestrian knows these standing women.	The pedestrian knows this standing women.	-73.0	-77.0	-9.125	-9.625	True	True	morphology	determiner_noun_agreement	Write a natural, coherent English sentence.
150	32	Some museums forget that good analysis.	Some museums forget those good analysis.	-76.5	-84.0	-9.5625	-10.5	True	True	morphology	determiner_noun_agreement	Write a natural, coherent English sentence.
151	32	The Clintons might clean that lost fungus.	The Clintons might clean those lost fungus.	-79.5	-85.5	-6.65625	-7.125	True	True	morphology	determiner_noun_agreement	Write a natural, coherent English sentence.
152	32	Mary is bothering these out in the open children.	Mary is bothering this out in the open children.	-76.0	-77.0	-6.9375	-6.96875	True	True	morphology	determiner_noun_agreement	Write a natural, coherent English sentence.
153	32	Many customers sell that lost ox.	Many customers sell those lost ox.	-80.0	-88.5	-11.4375	-12.625	True	True	morphology	determiner_noun_agreement	Write a natural, coherent English sentence.
154	32	These waitresses praise these troubled men.	These waitresses praise this troubled men.	-76.5	-89.0	-7.65625	-8.9375	True	True	morphology	determiner_noun_agreement	Write a natural, coherent English sentence.
155	32	Many men didn't admire that nice person.	Many men didn't admire those nice person.	-76.5	-83.0	-6.96875	-7.53125	True	True	morphology	determiner_noun_agreement	Write a natural, coherent English sentence.
156	32	Jesus ran around this exposed oasis.	Jesus ran around these exposed oasis.	-67.0	-77.0	-8.375	-9.625	True	True	morphology	determiner_noun_agreement	Write a natural, coherent English sentence.
157	32	Many customers talk about that delighted child.	Many customers talk about those delighted child.	-84.5	-85.5	-10.5625	-10.6875	True	True	morphology	determiner_noun_agreement	Write a natural, coherent English sentence.
158	32	Drawings had disgusted this small woman.	Drawings had disgusted these small woman.	-79.5	-87.5	-8.875	-9.6875	True	True	morphology	determiner_noun_agreement	Write a natural, coherent English sentence.
159	32	Colleen did care for that good man.	Colleen did care for those good man.	-68.5	-77.5	-7.625	-8.625	True	True	morphology	determiner_noun_agreement	Write a natural, coherent English sentence.
160	32	Marcus admired those exposed geese.	Marcus admired that exposed geese.	-84.5	-86.0	-10.5625	-10.75	True	True	morphology	determiner_noun_agreement	Write a natural, coherent English sentence.
161	32	Randolf has noticed this clean foot.	Randolf has noticed these clean foot.	-81.5	-85.0	-10.1875	-10.625	True	True	morphology	determiner_noun_agreement	Write a natural, coherent English sentence.
162	32	Craig could listen to that determined man.	Craig could listen to those determined man.	-81.5	-81.0	-10.1875	-10.125	False	False	morphology	determiner_noun_agreement	Write a natural, coherent English sentence.
163	32	Movies stunned this small man.	Movies stunned these small man.	-63.5	-70.0	-7.9375	-8.75	True	True	morphology	determiner_noun_agreement	Write a natural, coherent English sentence.
164	32	Timothy buys this rough ox.	Timothy buys these rough ox.	-69.0	-75.0	-8.625	-9.375	True	True	morphology	determiner_noun_agreement	Write a natural, coherent English sentence.
165	32	Some women go to those red oases.	Some women go to that red oases.	-81.0	-84.0	-9.0	-9.3125	True	True	morphology	determiner_noun_agreement	Write a natural, coherent English sentence.
166	32	Ruth fixed this clean tooth.	Ruth fixed these clean tooth.	-65.0	-69.5	-10.8125	-11.625	True	True	morphology	determiner_noun_agreement	Write a natural, coherent English sentence.
167	32	Monica is boring those clever men.	Monica is boring that clever men.	-69.0	-69.5	-8.625	-8.6875	True	True	morphology	determiner_noun_agreement	Write a natural, coherent English sentence.
168	32	Janice knows these hidden alumni.	Janice knows this hidden alumni.	-68.0	-74.5	-7.53125	-8.25	True	True	morphology	determiner_noun_agreement	Write a natural, coherent English sentence.
169	32	Spain insults this delighted alumnus.	Spain insults these delighted alumnus.	-84.0	-85.5	-9.3125	-9.5	True	True	morphology	determiner_noun_agreement	Write a natural, coherent English sentence.
170	32	Some planes bore that displeased child.	Some planes bore those displeased child.	-83.0	-88.0	-9.25	-9.75	True	True	morphology	determiner_noun_agreement	Write a natural, coherent English sentence.
171	32	Dishes should upset these happy men.	Dishes should upset this happy men.	-70.5	-77.5	-8.8125	-9.6875	True	True	morphology	determiner_noun_agreement	Write a natural, coherent English sentence.
172	32	That painting looked like these yellow stimuli.	That painting looked like this yellow stimuli.	-80.0	-82.0	-8.875	-9.0625	True	True	morphology	determiner_noun_agreement	Write a natural, coherent English sentence.
173	32	Amy shocked that content man.	Amy shocked those content man.	-65.5	-73.0	-10.875	-12.1875	True	True	morphology	determiner_noun_agreement	Write a natural, coherent English sentence.
174	32	Melinda hasn't hidden this determined woman.	Melinda hasn't hidden these determined woman.	-86.0	-88.0	-8.625	-8.8125	True	True	morphology	determiner_noun_agreement	Write a natural, coherent English sentence.
175	32	Caroline did drive to this brown oasis.	Caroline did drive to these brown oasis.	-81.0	-85.0	-9.0	-9.4375	True	True	morphology	determiner_noun_agreement	Write a natural, coherent English sentence.
176	32	That rice disturbed those smart alumni.	That rice disturbed that smart alumni.	-85.0	-82.0	-8.5	-8.1875	False	False	morphology	determiner_noun_agreement	Write a natural, coherent English sentence.
177	32	Brian will examine these long analyses.	Brian will examine this long analyses.	-72.5	-69.5	-9.0625	-8.6875	False	False	morphology	determiner_noun_agreement	Write a natural, coherent English sentence.
178	32	Mark dislikes this uncertain child.	Mark dislikes these uncertain child.	-65.5	-71.0	-8.1875	-8.875	True	True	morphology	determiner_noun_agreement	Write a natural, coherent English sentence.
179	32	Rose was returning to these out in the open children.	Rose was returning to this out in the open children.	-91.0	-90.5	-8.3125	-8.1875	False	False	morphology	determiner_noun_agreement	Write a natural, coherent English sentence.
180	32	The guest has fixed this red tooth.	The guest has fixed these red tooth.	-67.5	-72.5	-8.4375	-9.0625	True	True	morphology	determiner_noun_agreement	Write a natural, coherent English sentence.
181	32	Jennifer is breaking this big tooth.	Jennifer is breaking these big tooth.	-62.75	-67.0	-8.9375	-9.5625	True	True	morphology	determiner_noun_agreement	Write a natural, coherent English sentence.
182	32	Sabrina isn't referencing these red theses.	Sabrina isn't referencing this red theses.	-77.0	-85.0	-5.90625	-6.5625	True	True	morphology	determiner_noun_agreement	Write a natural, coherent English sentence.
183	32	Valerie hadn't exited that exposed oasis.	Valerie hadn't exited those exposed oasis.	-82.0	-86.0	-6.8125	-7.15625	True	True	morphology	determiner_noun_agreement	Write a natural, coherent English sentence.
184	32	Every restaurant had worried this hidden child.	Every restaurant had worried these hidden child.	-86.0	-96.0	-10.75	-12.0	True	True	morphology	determiner_noun_agreement	Write a natural, coherent English sentence.
185	32	A woman was examining those long synopses.	A woman was examining that long synopses.	-78.5	-77.5	-7.15625	-7.03125	False	False	morphology	determiner_noun_agreement	Write a natural, coherent English sentence.
186	32	All actresses approach that content man.	All actresses approach those content man.	-83.0	-90.0	-10.375	-11.25	True	True	morphology	determiner_noun_agreement	Write a natural, coherent English sentence.
187	32	Sarah cleaned those yellow feet.	Sarah cleaned that yellow feet.	-63.5	-62.5	-10.625	-10.4375	False	False	morphology	determiner_noun_agreement	Write a natural, coherent English sentence.
188	32	Margaret tours those black oases.	Margaret tours that black oases.	-79.0	-78.0	-11.3125	-11.125	False	False	morphology	determiner_noun_agreement	Write a natural, coherent English sentence.
189	32	Rachel wasn't messing up this clean foot.	Rachel wasn't messing up these clean foot.	-82.5	-92.5	-7.5	-8.375	True	True	morphology	determiner_noun_agreement	Write a natural, coherent English sentence.
190	32	The Lutherans go to that old oasis.	The Lutherans go to those old oasis.	-78.0	-85.0	-7.78125	-8.5	True	True	morphology	determiner_noun_agreement	Write a natural, coherent English sentence.
191	32	The lamps shock those hidden alumni.	The lamps shock that hidden alumni.	-85.0	-80.0	-8.5	-8.0	False	False	morphology	determiner_noun_agreement	Write a natural, coherent English sentence.
192	32	Claire conceals those small stimuli.	Claire conceals that small stimuli.	-78.0	-84.5	-9.75	-10.5625	True	True	morphology	determiner_noun_agreement	Write a natural, coherent English sentence.
193	32	Most documentaries annoy that busy person.	Most documentaries annoy those busy person.	-67.5	-79.5	-8.4375	-9.9375	True	True	morphology	determiner_noun_agreement	Write a natural, coherent English sentence.
194	32	Pamela shouldn't return to those exposed men.	Pamela shouldn't return to that exposed men.	-85.5	-91.0	-7.78125	-8.25	True	True	morphology	determiner_noun_agreement	Write a natural, coherent English sentence.
195	32	That person couldn't arrive at that purple oasis.	That person couldn't arrive at those purple oasis.	-85.5	-87.0	-7.125	-7.28125	True	True	morphology	determiner_noun_agreement	Write a natural, coherent English sentence.
196	32	Alicia won't admire those big nuclei.	Alicia won't admire that big nuclei.	-81.0	-86.5	-6.25	-6.65625	True	True	morphology	determiner_noun_agreement	Write a natural, coherent English sentence.
197	32	Curtis arrived at that red oasis.	Curtis arrived at those red oasis.	-60.0	-64.0	-6.65625	-7.125	True	True	morphology	determiner_noun_agreement	Write a natural, coherent English sentence.
198	32	People investigate that smart man.	People investigate those smart man.	-62.75	-70.0	-10.4375	-11.625	True	True	morphology	determiner_noun_agreement	Write a natural, coherent English sentence.
199	32	Some boys hire these content alumni.	Some boys hire this content alumni.	-86.0	-86.5	-9.5625	-9.625	True	True	morphology	determiner_noun_agreement	Write a natural, coherent English sentence.
200	32	Leslie found these brown feet.	Leslie found this brown feet.	-58.25	-62.5	-8.3125	-8.9375	True	True	morphology	determiner_noun_agreement	Write a natural, coherent English sentence.
201	32	Alexander was firing that displeased woman.	Alexander was firing those displeased woman.	-72.5	-88.0	-8.0625	-9.8125	True	True	morphology	determiner_noun_agreement	Write a natural, coherent English sentence.
202	32	Florence hasn't argued about those confident children.	Florence hasn't argued about that confident children.	-78.0	-81.0	-7.8125	-8.0625	True	True	morphology	determiner_noun_agreement	Write a natural, coherent English sentence.
203	32	That adult hadn't complained about that exposed man.	That adult hadn't complained about those exposed man.	-84.0	-88.5	-7.65625	-8.0625	True	True	morphology	determiner_noun_agreement	Write a natural, coherent English sentence.
204	32	Larry works with these scared women.	Larry works with this scared women.	-67.0	-67.0	-9.5625	-9.625	False	True	morphology	determiner_noun_agreement	Write a natural, coherent English sentence.
205	32	Kathleen leaves this old child.	Kathleen leaves these old child.	-73.5	-75.0	-10.5	-10.6875	True	True	morphology	determiner_noun_agreement	Write a natural, coherent English sentence.
206	32	The actresses weren't watching these scared people.	The actresses weren't watching this scared people.	-78.5	-80.0	-7.15625	-7.28125	True	True	morphology	determiner_noun_agreement	Write a natural, coherent English sentence.
207	32	Derek isn't escaping from these blue oases.	Derek isn't escaping from this blue oases.	-87.0	-87.0	-6.6875	-6.6875	False	False	morphology	determiner_noun_agreement	Write a natural, coherent English sentence.
208	32	Naomi isn't talking about that cheap oasis.	Naomi isn't talking about those cheap oasis.	-75.5	-77.0	-6.3125	-6.40625	True	True	morphology	determiner_noun_agreement	Write a natural, coherent English sentence.
209	32	These guests hate these troubled men.	These guests hate this troubled men.	-74.5	-84.0	-9.3125	-10.5	True	True	morphology	determiner_noun_agreement	Write a natural, coherent English sentence.
210	32	Patricia wasn't hiring those small children.	Patricia wasn't hiring that small children.	-69.5	-71.0	-6.28125	-6.4375	True	True	morphology	determiner_noun_agreement	Write a natural, coherent English sentence.
211	32	All stairs weren't alarming that lucky woman.	All stairs weren't alarming those lucky woman.	-86.0	-88.5	-7.84375	-8.0625	True	True	morphology	determiner_noun_agreement	Write a natural, coherent English sentence.
212	32	Many drivers left that confident alumnus.	Many drivers left those confident alumnus.	-90.0	-91.0	-10.0	-10.125	True	True	morphology	determiner_noun_agreement	Write a natural, coherent English sentence.
213	32	Every skirt disgusts these smart children.	Every skirt disgusts this smart children.	-71.5	-75.5	-8.9375	-9.4375	True	True	morphology	determiner_noun_agreement	Write a natural, coherent English sentence.
214	32	Valerie has astounded that lost alumnus.	Valerie has astounded those lost alumnus.	-83.5	-94.5	-6.96875	-7.875	True	True	morphology	determiner_noun_agreement	Write a natural, coherent English sentence.
215	32	Sonia should describe this determined child.	Sonia should describe these determined child.	-82.5	-85.0	-10.3125	-10.625	True	True	morphology	determiner_noun_agreement	Write a natural, coherent English sentence.
216	32	A lot of lakes weren't disgusting that old person.	A lot of lakes weren't disgusting those old person.	-78.5	-88.5	-5.625	-6.34375	True	True	morphology	determiner_noun_agreement	Write a natural, coherent English sentence.
217	32	Some pants hadn't aggravated that good woman.	Some pants hadn't aggravated those good woman.	-81.5	-87.0	-6.78125	-7.28125	True	True	morphology	determiner_noun_agreement	Write a natural, coherent English sentence.
218	32	Anne does return to that old woman.	Anne does return to those old woman.	-72.0	-79.0	-9.0	-9.875	True	True	morphology	determiner_noun_agreement	Write a natural, coherent English sentence.
219	32	Alan wasn't listening to that delighted person.	Alan wasn't listening to those delighted person.	-75.5	-79.5	-7.5625	-7.96875	True	True	morphology	determiner_noun_agreement	Write a natural, coherent English sentence.
220	32	Some icicles annoy those serious alumni.	Some icicles annoy that serious alumni.	-88.5	-88.0	-8.8125	-8.75	False	False	morphology	determiner_noun_agreement	Write a natural, coherent English sentence.
221	32	Many women won't scare those uncertain men.	Many women won't scare that uncertain men.	-79.5	-78.5	-7.21875	-7.15625	False	False	morphology	determiner_noun_agreement	Write a natural, coherent English sentence.
222	32	Science disgusts this unconvinced alumnus.	Science disgusts these unconvinced alumnus.	-72.0	-80.0	-6.0	-6.65625	True	True	morphology	determiner_noun_agreement	Write a natural, coherent English sentence.
223	32	Connie tours these rough oases.	Connie tours this rough oases.	-73.5	-80.5	-9.1875	-10.0625	True	True	morphology	determiner_noun_agreement	Write a natural, coherent English sentence.
224	32	Those banks were talking about this lost thesis.	Those banks were talking about these lost thesis.	-83.5	-88.0	-9.25	-9.75	True	True	morphology	determiner_noun_agreement	Write a natural, coherent English sentence.
225	32	Some prints didn't look like this rough louse.	Some prints didn't look like these rough louse.	-85.0	-87.0	-7.09375	-7.25	True	True	morphology	determiner_noun_agreement	Write a natural, coherent English sentence.
226	32	All pedestrians like those rough theses.	All pedestrians like that rough theses.	-84.5	-86.5	-8.4375	-8.6875	True	True	morphology	determiner_noun_agreement	Write a natural, coherent English sentence.
227	32	Douglas saw that black fungus.	Douglas saw those black fungus.	-62.25	-72.0	-7.78125	-9.0	True	True	morphology	determiner_noun_agreement	Write a natural, coherent English sentence.
228	32	Sarah examined that bad analysis.	Sarah examined those bad analysis.	-63.0	-66.0	-10.5	-11.0	True	True	morphology	determiner_noun_agreement	Write a natural, coherent English sentence.
229	32	An actress researches this long thesis.	An actress researches these long thesis.	-76.0	-77.5	-7.59375	-7.75	True	True	morphology	determiner_noun_agreement	Write a natural, coherent English sentence.
230	32	Those waitresses criticize this hidden child.	Those waitresses criticize these hidden child.	-91.0	-102.0	-9.125	-10.1875	True	True	morphology	determiner_noun_agreement	Write a natural, coherent English sentence.
231	32	Most drivers question these upset alumni.	Most drivers question this upset alumni.	-88.0	-83.0	-9.75	-9.25	False	False	morphology	determiner_noun_agreement	Write a natural, coherent English sentence.
232	32	Phillip isn't working with these small women.	Phillip isn't working with this small women.	-73.5	-75.5	-6.6875	-6.875	True	True	morphology	determiner_noun_agreement	Write a natural, coherent English sentence.
233	32	Jennifer can't aggravate that unlucky man.	Jennifer can't aggravate those unlucky man.	-72.5	-78.5	-5.5625	-6.03125	True	True	morphology	determiner_noun_agreement	Write a natural, coherent English sentence.
234	32	Essays confuse this good woman.	Essays confuse these good woman.	-64.5	-74.5	-8.0625	-9.3125	True	True	morphology	determiner_noun_agreement	Write a natural, coherent English sentence.
235	32	Amelia has forgotten those bad analyses.	Amelia has forgotten that bad analyses.	-67.0	-73.5	-7.46875	-8.1875	True	True	morphology	determiner_noun_agreement	Write a natural, coherent English sentence.
236	32	Michael had explored this brown oasis.	Michael had explored these brown oasis.	-71.0	-75.5	-8.875	-9.4375	True	True	morphology	determiner_noun_agreement	Write a natural, coherent English sentence.
237	32	Natalie can aggravate those smart men.	Natalie can aggravate that smart men.	-75.0	-77.0	-7.5	-7.6875	True	True	morphology	determiner_noun_agreement	Write a natural, coherent English sentence.
238	32	That patient won't go to these cheap oases.	That patient won't go to this cheap oases.	-86.5	-92.0	-7.21875	-7.65625	True	True	morphology	determiner_noun_agreement	Write a natural, coherent English sentence.
239	32	Heidi had discovered those black feet.	Heidi had discovered that black feet.	-75.5	-67.0	-9.4375	-8.375	False	False	morphology	determiner_noun_agreement	Write a natural, coherent English sentence.
240	32	David hadn't watched those determined men.	David hadn't watched that determined men.	-78.0	-78.5	-8.6875	-8.6875	True	False	morphology	determiner_noun_agreement	Write a natural, coherent English sentence.
241	32	Some teenager couldn't walk through these green oases.	Some teenager couldn't walk through this green oases.	-88.5	-88.0	-7.375	-7.3125	False	False	morphology	determiner_noun_agreement	Write a natural, coherent English sentence.
242	32	Christina shouldn't sell this hard oasis.	Christina shouldn't sell these hard oasis.	-82.0	-85.0	-7.46875	-7.71875	True	True	morphology	determiner_noun_agreement	Write a natural, coherent English sentence.
243	32	Christopher isn't firing those sick men.	Christopher isn't firing that sick men.	-81.0	-87.0	-9.0	-9.6875	True	True	morphology	determiner_noun_agreement	Write a natural, coherent English sentence.
244	32	Most students hide that yellow mouse.	Most students hide those yellow mouse.	-76.0	-76.0	-10.875	-10.875	False	False	morphology	determiner_noun_agreement	Write a natural, coherent English sentence.
245	32	Holly did buy those clean feet.	Holly did buy that clean feet.	-81.5	-79.5	-11.6875	-11.375	False	False	morphology	determiner_noun_agreement	Write a natural, coherent English sentence.
246	32	Many actors clean these brown theses.	Many actors clean this brown theses.	-77.0	-78.5	-9.625	-9.8125	True	True	morphology	determiner_noun_agreement	Write a natural, coherent English sentence.
247	32	Stacy would hide those lost lice.	Stacy would hide that lost lice.	-85.0	-91.5	-9.4375	-10.125	True	True	morphology	determiner_noun_agreement	Write a natural, coherent English sentence.
248	32	Alan drove to that new oasis.	Alan drove to those new oasis.	-57.0	-62.25	-7.125	-7.78125	True	True	morphology	determiner_noun_agreement	Write a natural, coherent English sentence.
249	32	The Impressionists tour this purple oasis.	The Impressionists tour these purple oasis.	-67.5	-74.5	-6.78125	-7.4375	True	True	morphology	determiner_noun_agreement	Write a natural, coherent English sentence.
250	32	Wayne is talking to this hidden woman.	Wayne is talking to these hidden woman.	-65.0	-73.5	-8.125	-9.1875	True	True	morphology	determiner_noun_agreement	Write a natural, coherent English sentence.
251	32	Christopher forgets this happy child.	Christopher forgets these happy child.	-76.0	-82.5	-10.875	-11.8125	True	True	morphology	determiner_noun_agreement	Write a natural, coherent English sentence.
252	32	Julie can boycott those cheap oases.	Julie can boycott that cheap oases.	-79.5	-83.5	-8.8125	-9.25	True	True	morphology	determiner_noun_agreement	Write a natural, coherent English sentence.
253	32	Most senators dislike these bad theses.	Most senators dislike this bad theses.	-91.0	-100.5	-9.0625	-10.0625	True	True	morphology	determiner_noun_agreement	Write a natural, coherent English sentence.
254	32	Denise concealed this content person.	Denise concealed these content person.	-70.0	-77.5	-8.75	-9.6875	True	True	morphology	determiner_noun_agreement	Write a natural, coherent English sentence.
255	32	Some bike shocks these nice women.	Some bike shocks this nice women.	-75.0	-77.0	-9.375	-9.625	True	True	morphology	determiner_noun_agreement	Write a natural, coherent English sentence.
256	32	These teenagers fix those hidden feet.	These teenagers fix that hidden feet.	-77.0	-81.0	-9.625	-10.125	True	True	morphology	determiner_noun_agreement	Write a natural, coherent English sentence.
257	32	Ella praised that ill woman.	Ella praised those ill woman.	-71.5	-77.5	-10.1875	-11.0625	True	True	morphology	determiner_noun_agreement	Write a natural, coherent English sentence.
258	32	Current events stun these lost people.	Current events stun this lost people.	-69.0	-74.0	-8.625	-9.25	True	True	morphology	determiner_noun_agreement	Write a natural, coherent English sentence.
259	32	Mary tours this gray oasis.	Mary tours these gray oasis.	-74.0	-75.0	-10.5625	-10.75	True	True	morphology	determiner_noun_agreement	Write a natural, coherent English sentence.
260	32	Linda visited those unsure men.	Linda visited that unsure men.	-66.0	-67.5	-9.4375	-9.625	True	True	morphology	determiner_noun_agreement	Write a natural, coherent English sentence.
261	32	Dan wouldn't boycott that smooth oasis.	Dan wouldn't boycott those smooth oasis.	-82.5	-85.0	-7.5	-7.75	True	True	morphology	determiner_noun_agreement	Write a natural, coherent English sentence.
262	32	Those men leave that brown oasis.	Those men leave those brown oasis.	-82.5	-84.0	-10.3125	-10.5	True	True	morphology	determiner_noun_agreement	Write a natural, coherent English sentence.
263	32	Lissa does pass these black oases.	Lissa does pass this black oases.	-87.0	-90.5	-9.6875	-10.0625	True	True	morphology	determiner_noun_agreement	Write a natural, coherent English sentence.
264	32	Alice had embarrassed this happy man.	Alice had embarrassed these happy man.	-69.0	-75.5	-9.8125	-10.8125	True	True	morphology	determiner_noun_agreement	Write a natural, coherent English sentence.
265	32	Wayne is worrying that hopeful child.	Wayne is worrying those hopeful child.	-78.5	-85.5	-9.8125	-10.6875	True	True	morphology	determiner_noun_agreement	Write a natural, coherent English sentence.
266	32	Lucille is biking to that green oasis.	Lucille is biking to those green oasis.	-64.5	-68.5	-5.84375	-6.21875	True	True	morphology	determiner_noun_agreement	Write a natural, coherent English sentence.
267	32	Katherine hadn't skated around this white oasis.	Katherine hadn't skated around these white oasis.	-87.5	-91.0	-6.75	-6.96875	True	True	morphology	determiner_noun_agreement	Write a natural, coherent English sentence.
268	32	James observed this hopeful child.	James observed these hopeful child.	-68.5	-71.0	-9.8125	-10.125	True	True	morphology	determiner_noun_agreement	Write a natural, coherent English sentence.
269	32	Gerald liked this big child.	Gerald liked these big child.	-65.0	-67.5	-9.3125	-9.6875	True	True	morphology	determiner_noun_agreement	Write a natural, coherent English sentence.
270	32	That committee wasn't hiring this displeased alumnus.	That committee wasn't hiring these displeased alumnus.	-92.5	-98.0	-6.625	-7.0	True	True	morphology	determiner_noun_agreement	Write a natural, coherent English sentence.
271	32	Gary isn't breaking that white tooth.	Gary isn't breaking those white tooth.	-69.0	-75.5	-7.65625	-8.375	True	True	morphology	determiner_noun_agreement	Write a natural, coherent English sentence.
272	32	Walter hasn't seen those content children.	Walter hasn't seen that content children.	-72.0	-73.0	-7.96875	-8.125	True	True	morphology	determiner_noun_agreement	Write a natural, coherent English sentence.
273	32	Martha didn't clean these hidden teeth.	Martha didn't clean this hidden teeth.	-70.0	-72.0	-7.78125	-8.0	True	True	morphology	determiner_noun_agreement	Write a natural, coherent English sentence.
274	32	These teachers are returning to those lost men.	These teachers are returning to that lost men.	-75.5	-81.5	-8.375	-9.0625	True	True	morphology	determiner_noun_agreement	Write a natural, coherent English sentence.
275	32	Ellen hadn't boycotted that hidden oasis.	Ellen hadn't boycotted those hidden oasis.	-79.5	-82.0	-6.625	-6.84375	True	True	morphology	determiner_noun_agreement	Write a natural, coherent English sentence.
276	32	Some patients drive to these brown oases.	Some patients drive to this brown oases.	-83.5	-91.5	-9.25	-10.125	True	True	morphology	determiner_noun_agreement	Write a natural, coherent English sentence.
277	32	Nina wasn't referencing this ill person.	Nina wasn't referencing these ill person.	-80.0	-84.5	-8.0	-8.4375	True	True	morphology	determiner_noun_agreement	Write a natural, coherent English sentence.
278	32	Denise praises these fast children.	Denise praises this fast children.	-67.5	-77.0	-8.4375	-9.625	True	True	morphology	determiner_noun_agreement	Write a natural, coherent English sentence.
279	32	Most customers attack that clever man.	Most customers attack those clever man.	-72.5	-76.0	-10.375	-10.875	True	True	morphology	determiner_noun_agreement	Write a natural, coherent English sentence.
280	32	Every photograph looks like those exposed people.	Every photograph looks like that exposed people.	-74.0	-75.5	-9.25	-9.4375	True	True	morphology	determiner_noun_agreement	Write a natural, coherent English sentence.
281	32	Cindy shouldn't cure that confident alumnus.	Cindy shouldn't cure those confident alumnus.	-95.0	-97.0	-7.3125	-7.46875	True	True	morphology	determiner_noun_agreement	Write a natural, coherent English sentence.
282	32	The Borgias reveal these blue feet.	The Borgias reveal this blue feet.	-78.5	-81.0	-8.6875	-9.0	True	True	morphology	determiner_noun_agreement	Write a natural, coherent English sentence.
283	32	Ella lifts these exposed fungi.	Ella lifts this exposed fungi.	-76.5	-76.5	-8.5	-8.5	False	False	morphology	determiner_noun_agreement	Write a natural, coherent English sentence.
284	32	The Lutherans astound that unsure person.	The Lutherans astound those unsure person.	-85.0	-90.0	-8.5	-9.0	True	True	morphology	determiner_noun_agreement	Write a natural, coherent English sentence.
285	32	These cakes bore that determined woman.	These cakes bore those determined woman.	-77.0	-80.0	-9.625	-10.0	True	True	morphology	determiner_noun_agreement	Write a natural, coherent English sentence.
286	32	Nina lifts this orange cactus.	Nina lifts these orange cactus.	-70.5	-82.0	-7.84375	-9.125	True	True	morphology	determiner_noun_agreement	Write a natural, coherent English sentence.
287	32	The actors kiss these unconvinced children.	The actors kiss this unconvinced children.	-74.5	-76.5	-7.4375	-7.65625	True	True	morphology	determiner_noun_agreement	Write a natural, coherent English sentence.
288	32	Sharon dislikes that brown thesis.	Sharon dislikes those brown thesis.	-62.75	-62.5	-6.96875	-6.9375	False	False	morphology	determiner_noun_agreement	Write a natural, coherent English sentence.
289	32	The customers sell these rough fungi.	The customers sell this rough fungi.	-73.0	-78.5	-9.125	-9.8125	True	True	morphology	determiner_noun_agreement	Write a natural, coherent English sentence.
290	32	Janice didn't cure those employed men.	Janice didn't cure that employed men.	-73.0	-78.0	-7.3125	-7.8125	True	True	morphology	determiner_noun_agreement	Write a natural, coherent English sentence.
291	32	Paula left this uncertain person.	Paula left these uncertain person.	-68.0	-72.5	-9.75	-10.375	True	True	morphology	determiner_noun_agreement	Write a natural, coherent English sentence.
292	32	Those guys had escaped from those employed children.	Those guys had escaped from that employed children.	-82.0	-83.0	-9.125	-9.25	True	True	morphology	determiner_noun_agreement	Write a natural, coherent English sentence.
293	32	Christine wasn't touring that old oasis.	Christine wasn't touring those old oasis.	-74.5	-80.5	-6.21875	-6.71875	True	True	morphology	determiner_noun_agreement	Write a natural, coherent English sentence.
294	32	These waitresses praise this rough thesis.	These waitresses praise these rough thesis.	-86.5	-90.5	-9.5625	-10.0625	True	True	morphology	determiner_noun_agreement	Write a natural, coherent English sentence.
295	32	Some girls hadn't passed this concealed oasis.	Some girls hadn't passed these concealed oasis.	-94.5	-99.5	-7.875	-8.3125	True	True	morphology	determiner_noun_agreement	Write a natural, coherent English sentence.
296	32	Andrea lifts these small cacti.	Andrea lifts this small cacti.	-79.0	-79.5	-8.75	-8.875	True	True	morphology	determiner_noun_agreement	Write a natural, coherent English sentence.
297	32	Kristen is scanning those bad synopses.	Kristen is scanning that bad synopses.	-83.5	-81.5	-7.59375	-7.4375	False	False	morphology	determiner_noun_agreement	Write a natural, coherent English sentence.
298	32	Alan is skated around these cheap oases.	Alan is skated around this cheap oases.	-96.0	-98.5	-9.5625	-9.8125	True	True	morphology	determiner_noun_agreement	Write a natural, coherent English sentence.
299	32	Kayla has investigated these busy people.	Kayla has investigated this busy people.	-75.5	-79.5	-9.4375	-9.9375	True	True	morphology	determiner_noun_agreement	Write a natural, coherent English sentence.
300	32	Timothy observes that good woman.	Timothy observes those good woman.	-59.25	-67.5	-7.40625	-8.4375	True	True	morphology	determiner_noun_agreement	Write a natural, coherent English sentence.
301	32	Every museum hadn't discussed those hidden theses.	Every museum hadn't discussed that hidden theses.	-86.0	-90.5	-7.8125	-8.1875	True	True	morphology	determiner_noun_agreement	Write a natural, coherent English sentence.
302	32	Some cashiers help this troubled person.	Some cashiers help these troubled person.	-72.5	-76.0	-8.0625	-8.4375	True	True	morphology	determiner_noun_agreement	Write a natural, coherent English sentence.
303	32	Amanda was attacking that displeased woman.	Amanda was attacking those displeased woman.	-79.0	-83.0	-8.75	-9.25	True	True	morphology	determiner_noun_agreement	Write a natural, coherent English sentence.
304	32	This window upsets these lost people.	This window upsets this lost people.	-64.5	-69.5	-8.0625	-8.6875	True	True	morphology	determiner_noun_agreement	Write a natural, coherent English sentence.
305	32	Cindy wasn't bringing those gray cacti.	Cindy wasn't bringing that gray cacti.	-84.0	-88.5	-6.46875	-6.8125	True	True	morphology	determiner_noun_agreement	Write a natural, coherent English sentence.
306	32	Peter complained about these good synopses.	Peter complained about this good synopses.	-74.5	-70.5	-8.3125	-7.8125	False	False	morphology	determiner_noun_agreement	Write a natural, coherent English sentence.
307	32	Danielle was touring those new oases.	Danielle was touring that new oases.	-78.5	-79.0	-7.84375	-7.90625	True	True	morphology	determiner_noun_agreement	Write a natural, coherent English sentence.
308	32	Elaine discusses that standing person.	Elaine discusses those standing person.	-72.0	-74.0	-9.0	-9.25	True	True	morphology	determiner_noun_agreement	Write a natural, coherent English sentence.
309	32	Jacqueline had healed those rough geese.	Jacqueline had healed that rough geese.	-85.5	-87.5	-7.75	-7.9375	True	True	morphology	determiner_noun_agreement	Write a natural, coherent English sentence.
310	32	All rivers were distracting those standing men.	All rivers were distracting that standing men.	-76.5	-87.5	-8.5	-9.75	True	True	morphology	determiner_noun_agreement	Write a natural, coherent English sentence.
311	32	Some people exit those yellow oases.	Some people exit that yellow oases.	-74.0	-74.5	-9.25	-9.3125	True	True	morphology	determiner_noun_agreement	Write a natural, coherent English sentence.
312	32	Becca isn't exploring these hard oases.	Becca isn't exploring this hard oases.	-88.0	-92.0	-8.0	-8.375	True	True	morphology	determiner_noun_agreement	Write a natural, coherent English sentence.
313	32	Timothy revealed that big foot.	Timothy revealed those big foot.	-53.75	-81.5	-7.6875	-11.625	True	True	morphology	determiner_noun_agreement	Write a natural, coherent English sentence.
314	32	Adam fires these determined men.	Adam fires this determined men.	-69.5	-78.0	-11.5625	-12.9375	True	True	morphology	determiner_noun_agreement	Write a natural, coherent English sentence.
315	32	The teenagers clean this purple foot.	The teenagers clean these purple foot.	-80.0	-78.5	-10.0	-9.8125	False	False	morphology	determiner_noun_agreement	Write a natural, coherent English sentence.
316	32	The Great Lakes could annoy that troubled man.	The Great Lakes could annoy those troubled man.	-72.0	-81.5	-6.5625	-7.4375	True	True	morphology	determiner_noun_agreement	Write a natural, coherent English sentence.
317	32	Karen discusses those bad men.	Karen discusses that bad men.	-74.0	-72.0	-10.5625	-10.25	False	False	morphology	determiner_noun_agreement	Write a natural, coherent English sentence.
318	32	Phillip didn't find those ill alumni.	Phillip didn't find that ill alumni.	-72.0	-72.0	-6.0	-5.96875	False	False	morphology	determiner_noun_agreement	Write a natural, coherent English sentence.
319	32	A lot of men reference these good analyses.	A lot of men reference this good analyses.	-72.5	-75.5	-7.25	-7.5625	True	True	morphology	determiner_noun_agreement	Write a natural, coherent English sentence.
320	32	Larry had insulted these lucky children.	Larry had insulted this lucky children.	-74.0	-82.0	-9.25	-10.25	True	True	morphology	determiner_noun_agreement	Write a natural, coherent English sentence.
321	32	Debra is firing that determined child.	Debra is firing those determined child.	-72.5	-81.0	-9.0625	-10.125	True	True	morphology	determiner_noun_agreement	Write a natural, coherent English sentence.
322	32	Noah was watching that fast woman.	Noah was watching those fast woman.	-68.0	-67.5	-9.6875	-9.625	False	False	morphology	determiner_noun_agreement	Write a natural, coherent English sentence.
323	32	Gina works with that displeased person.	Gina works with those displeased person.	-74.5	-76.0	-7.4375	-7.59375	True	True	morphology	determiner_noun_agreement	Write a natural, coherent English sentence.
324	32	Most doctors would bring these big nuclei.	Most doctors would bring this big nuclei.	-90.5	-93.0	-10.0625	-10.3125	True	True	morphology	determiner_noun_agreement	Write a natural, coherent English sentence.
325	32	All drawings alarm that unconvinced child.	All drawings alarm those unconvinced child.	-77.5	-84.0	-7.75	-8.4375	True	True	morphology	determiner_noun_agreement	Write a natural, coherent English sentence.
326	32	Some libraries hate that busy man.	Some libraries hate those busy man.	-69.0	-72.0	-9.8125	-10.3125	True	True	morphology	determiner_noun_agreement	Write a natural, coherent English sentence.
327	32	Derek disgusted that unemployed child.	Derek disgusted those unemployed child.	-76.5	-86.5	-8.5	-9.625	True	True	morphology	determiner_noun_agreement	Write a natural, coherent English sentence.
328	32	Marla hadn't fired these good men.	Marla hadn't fired this good men.	-77.0	-80.0	-7.6875	-8.0	True	True	morphology	determiner_noun_agreement	Write a natural, coherent English sentence.
329	32	Carmen examined that red thesis.	Carmen examined those red thesis.	-69.5	-70.5	-9.9375	-10.0625	True	True	morphology	determiner_noun_agreement	Write a natural, coherent English sentence.
330	32	Amelia investigates this smart woman.	Amelia investigates these smart woman.	-67.0	-72.0	-8.375	-9.0	True	True	morphology	determiner_noun_agreement	Write a natural, coherent English sentence.
331	32	The Borgias hire that displeased alumnus.	The Borgias hire those displeased alumnus.	-86.5	-96.0	-6.65625	-7.375	True	True	morphology	determiner_noun_agreement	Write a natural, coherent English sentence.
332	32	Stacey would arrive at these orange oases.	Stacey would arrive at this orange oases.	-77.0	-81.5	-7.0	-7.40625	True	True	morphology	determiner_noun_agreement	Write a natural, coherent English sentence.
333	32	Anna works with this lucky man.	Anna works with these lucky man.	-58.5	-65.0	-8.3125	-9.3125	True	True	morphology	determiner_noun_agreement	Write a natural, coherent English sentence.
334	32	Walter has scanned this rough thesis.	Walter has scanned these rough thesis.	-84.5	-91.5	-10.5625	-11.4375	True	True	morphology	determiner_noun_agreement	Write a natural, coherent English sentence.
335	32	Some mushroom bothered that lucky woman.	Some mushroom bothered those lucky woman.	-76.5	-83.0	-9.5625	-10.375	True	True	morphology	determiner_noun_agreement	Write a natural, coherent English sentence.
336	32	Cynthia walked through this hard oasis.	Cynthia walked through these hard oasis.	-75.0	-79.5	-6.8125	-7.25	True	True	morphology	determiner_noun_agreement	Write a natural, coherent English sentence.
337	32	Liam has healed these black oxen.	Liam has healed this black oxen.	-67.0	-63.5	-6.6875	-6.34375	False	False	morphology	determiner_noun_agreement	Write a natural, coherent English sentence.
338	32	Andrew did notice these white axes.	Andrew did notice this white axes.	-80.0	-84.5	-10.0	-10.5625	True	True	morphology	determiner_noun_agreement	Write a natural, coherent English sentence.
339	32	Bethany kisses these serious alumni.	Bethany kisses this serious alumni.	-76.0	-75.0	-7.625	-7.5	False	False	morphology	determiner_noun_agreement	Write a natural, coherent English sentence.
340	32	Vanessa watches this nice person.	Vanessa watches these nice person.	-67.0	-67.5	-9.5625	-9.625	True	True	morphology	determiner_noun_agreement	Write a natural, coherent English sentence.
341	32	Every window astounded that big man.	Every window astounded those big man.	-69.5	-74.0	-7.71875	-8.25	True	True	morphology	determiner_noun_agreement	Write a natural, coherent English sentence.
342	32	Donna leaves that upset man.	Donna leaves those upset man.	-69.5	-78.0	-9.9375	-11.125	True	True	morphology	determiner_noun_agreement	Write a natural, coherent English sentence.
343	32	Many students drop by that orange oasis.	Many students drop by those orange oasis.	-87.5	-89.0	-9.6875	-9.9375	True	True	morphology	determiner_noun_agreement	Write a natural, coherent English sentence.
344	32	The sketches looked like this unsure man.	The sketches looked like these unsure man.	-70.0	-75.0	-6.375	-6.8125	True	True	morphology	determiner_noun_agreement	Write a natural, coherent English sentence.
345	32	Helen fixes that broken tooth.	Helen fixes those broken tooth.	-50.5	-56.5	-7.21875	-8.0625	True	True	morphology	determiner_noun_agreement	Write a natural, coherent English sentence.
346	32	Robert wasn't annoying that old person.	Robert wasn't annoying those old person.	-75.0	-78.5	-8.375	-8.75	True	True	morphology	determiner_noun_agreement	Write a natural, coherent English sentence.
347	32	Amy isn't talking to that young woman.	Amy isn't talking to those young woman.	-69.0	-74.0	-6.90625	-7.375	True	True	morphology	determiner_noun_agreement	Write a natural, coherent English sentence.
348	32	Alan hadn't remembered these long analyses.	Alan hadn't remembered this long analyses.	-77.0	-77.5	-7.71875	-7.75	True	True	morphology	determiner_noun_agreement	Write a natural, coherent English sentence.
349	32	Stephen is working with these out in the open women.	Stephen is working with this out in the open women.	-86.5	-82.5	-7.875	-7.53125	False	False	morphology	determiner_noun_agreement	Write a natural, coherent English sentence.
350	32	This library had discussed these employed men.	This library had discussed this employed men.	-85.0	-86.0	-10.625	-10.75	True	True	morphology	determiner_noun_agreement	Write a natural, coherent English sentence.
351	32	This teenager can't worry those delighted men.	This teenager can't worry that delighted men.	-84.5	-84.0	-8.4375	-8.4375	False	False	morphology	determiner_noun_agreement	Write a natural, coherent English sentence.
352	32	Wendy revealed that sick octopus.	Wendy revealed those sick octopus.	-67.5	-82.5	-7.5	-9.125	True	True	morphology	determiner_noun_agreement	Write a natural, coherent English sentence.
353	32	The Clintons haven't worked with that young person.	The Clintons haven't worked with those young person.	-70.0	-75.0	-5.375	-5.78125	True	True	morphology	determiner_noun_agreement	Write a natural, coherent English sentence.
354	32	Some committee aggravates this unconvinced woman.	Some committee aggravates these unconvinced woman.	-82.0	-86.5	-6.84375	-7.21875	True	True	morphology	determiner_noun_agreement	Write a natural, coherent English sentence.
355	32	Guy bored that troubled man.	Guy bored those troubled man.	-68.0	-77.0	-9.6875	-11.0	True	True	morphology	determiner_noun_agreement	Write a natural, coherent English sentence.
356	32	Every actress scanned those bad analyses.	Every actress scanned that bad analyses.	-85.5	-90.0	-9.5	-10.0	True	True	morphology	determiner_noun_agreement	Write a natural, coherent English sentence.
357	32	A library alarms that determined child.	A library alarms those determined child.	-74.0	-81.0	-9.25	-10.125	True	True	morphology	determiner_noun_agreement	Write a natural, coherent English sentence.
358	32	Sheila can't notice this clever man.	Sheila can't notice these clever man.	-62.25	-74.5	-6.21875	-7.4375	True	True	morphology	determiner_noun_agreement	Write a natural, coherent English sentence.
359	32	James forgets this fast alumnus.	James forgets these fast alumnus.	-78.0	-80.0	-8.6875	-8.875	True	True	morphology	determiner_noun_agreement	Write a natural, coherent English sentence.
360	32	Noah hasn't thought about these smooth lice.	Noah hasn't thought about this smooth lice.	-83.0	-85.0	-7.5625	-7.71875	True	True	morphology	determiner_noun_agreement	Write a natural, coherent English sentence.
361	32	Aaron sees these gray oases.	Aaron sees this gray oases.	-71.0	-75.5	-10.1875	-10.75	True	True	morphology	determiner_noun_agreement	Write a natural, coherent English sentence.
362	32	Sherry has taken this standing goose.	Sherry has taken these standing goose.	-72.0	-76.0	-8.0	-8.4375	True	True	morphology	determiner_noun_agreement	Write a natural, coherent English sentence.
363	32	Marie hasn't found those ill geese.	Marie hasn't found that ill geese.	-82.0	-77.5	-8.1875	-7.78125	False	False	morphology	determiner_noun_agreement	Write a natural, coherent English sentence.
364	32	Peter isn't arriving at that red oasis.	Peter isn't arriving at those red oasis.	-74.0	-79.0	-6.71875	-7.15625	True	True	morphology	determiner_noun_agreement	Write a natural, coherent English sentence.
365	32	Jill isn't boycotting those orange oases.	Jill isn't boycotting that orange oases.	-74.5	-80.5	-5.3125	-5.75	True	True	morphology	determiner_noun_agreement	Write a natural, coherent English sentence.
366	32	Julia messes up that orange foot.	Julia messes up those orange foot.	-75.5	-85.5	-9.4375	-10.6875	True	True	morphology	determiner_noun_agreement	Write a natural, coherent English sentence.
367	32	That hill didn't disturb that content woman.	That hill didn't disturb those content woman.	-73.5	-80.5	-7.375	-8.0625	True	True	morphology	determiner_noun_agreement	Write a natural, coherent English sentence.
368	32	Suzanne has concealed that concealed man.	Suzanne has concealed those concealed man.	-73.0	-76.5	-7.3125	-7.625	True	True	morphology	determiner_noun_agreement	Write a natural, coherent English sentence.
369	32	Alicia sells that orange octopus.	Alicia sells those orange octopus.	-68.0	-73.5	-6.1875	-6.6875	True	True	morphology	determiner_noun_agreement	Write a natural, coherent English sentence.
370	32	Leslie has discussed that delighted child.	Leslie has discussed those delighted child.	-73.5	-79.5	-9.1875	-9.9375	True	True	morphology	determiner_noun_agreement	Write a natural, coherent English sentence.
371	32	Andrea could like these white lice.	Andrea could like this white lice.	-76.5	-76.5	-9.5625	-9.5625	False	False	morphology	determiner_noun_agreement	Write a natural, coherent English sentence.
372	32	Most children break those rough teeth.	Most children break that rough teeth.	-74.0	-72.0	-10.5625	-10.3125	False	False	morphology	determiner_noun_agreement	Write a natural, coherent English sentence.
373	32	Richard did work with this clever child.	Richard did work with these clever child.	-68.5	-74.5	-8.5625	-9.3125	True	True	morphology	determiner_noun_agreement	Write a natural, coherent English sentence.
374	32	Anne hugs this unemployed woman.	Anne hugs these unemployed woman.	-71.0	-79.0	-8.875	-9.875	True	True	morphology	determiner_noun_agreement	Write a natural, coherent English sentence.
375	32	Those actors attack that excited child.	Those actors attack those excited child.	-77.5	-83.5	-11.125	-11.9375	True	True	morphology	determiner_noun_agreement	Write a natural, coherent English sentence.
376	32	Bruce was hugging that unconvinced man.	Bruce was hugging those unconvinced man.	-75.5	-82.5	-6.84375	-7.5	True	True	morphology	determiner_noun_agreement	Write a natural, coherent English sentence.
377	32	Patrick hasn't hidden this orange oasis.	Patrick hasn't hidden these orange oasis.	-83.5	-87.0	-8.3125	-8.6875	True	True	morphology	determiner_noun_agreement	Write a natural, coherent English sentence.
378	32	Alicia hadn't discussed that uncertain person.	Alicia hadn't discussed those uncertain person.	-85.0	-89.0	-7.71875	-8.0625	True	True	morphology	determiner_noun_agreement	Write a natural, coherent English sentence.
379	32	Susan wasn't talking to those confident men.	Susan wasn't talking to that confident men.	-71.0	-76.0	-7.125	-7.59375	True	True	morphology	determiner_noun_agreement	Write a natural, coherent English sentence.
380	32	Cheryl will scan that good synopsis.	Cheryl will scan those good synopsis.	-82.5	-87.5	-9.1875	-9.75	True	True	morphology	determiner_noun_agreement	Write a natural, coherent English sentence.
381	32	Tamara kissed that unsure man.	Tamara kissed those unsure man.	-64.5	-70.5	-8.0625	-8.8125	True	True	morphology	determiner_noun_agreement	Write a natural, coherent English sentence.
382	32	Craig boasts about those bad analyses.	Craig boasts about that bad analyses.	-79.5	-80.0	-8.875	-8.875	True	False	morphology	determiner_noun_agreement	Write a natural, coherent English sentence.
383	32	Randolf hadn't hugged those serious people.	Randolf hadn't hugged that serious people.	-81.0	-84.5	-7.375	-7.6875	True	True	morphology	determiner_noun_agreement	Write a natural, coherent English sentence.
384	32	Many doctors cure these exposed men.	Many doctors cure this exposed men.	-80.0	-87.0	-11.4375	-12.4375	True	True	morphology	determiner_noun_agreement	Write a natural, coherent English sentence.
385	32	Women criticized those smooth theses.	Women criticized that smooth theses.	-74.5	-72.0	-9.3125	-9.0	False	False	morphology	determiner_noun_agreement	Write a natural, coherent English sentence.
386	32	Some light disturbs that old person.	Some light disturbs those old person.	-76.5	-82.5	-8.5	-9.1875	True	True	morphology	determiner_noun_agreement	Write a natural, coherent English sentence.
387	32	Carol was questioning this big man.	Carol was questioning these big man.	-61.75	-65.5	-8.8125	-9.375	True	True	morphology	determiner_noun_agreement	Write a natural, coherent English sentence.
388	32	Sara has gone to that old oasis.	Sara has gone to those old oasis.	-69.5	-76.5	-7.71875	-8.5	True	True	morphology	determiner_noun_agreement	Write a natural, coherent English sentence.
389	32	Steven brought these red oases.	Steven brought this red oases.	-69.5	-67.5	-9.9375	-9.625	False	False	morphology	determiner_noun_agreement	Write a natural, coherent English sentence.
390	32	Diana will disgust these ill children.	Diana will disgust this ill children.	-72.0	-78.5	-10.25	-11.1875	True	True	morphology	determiner_noun_agreement	Write a natural, coherent English sentence.
391	32	Steven disturbs these sick alumni.	Steven disturbs this sick alumni.	-80.0	-82.5	-7.96875	-8.25	True	True	morphology	determiner_noun_agreement	Write a natural, coherent English sentence.
392	32	Angela wasn't lifting these blue feet.	Angela wasn't lifting this blue feet.	-80.0	-81.0	-8.875	-9.0	True	True	morphology	determiner_noun_agreement	Write a natural, coherent English sentence.
393	32	Sharon hasn't stunned that unsure child.	Sharon hasn't stunned those unsure child.	-84.0	-91.0	-6.96875	-7.5625	True	True	morphology	determiner_noun_agreement	Write a natural, coherent English sentence.
394	32	These girls question that concealed man.	These girls question those concealed man.	-74.5	-77.0	-9.3125	-9.625	True	True	morphology	determiner_noun_agreement	Write a natural, coherent English sentence.
395	32	Martha wasn't kissing this unemployed man.	Martha wasn't kissing these unemployed man.	-65.5	-76.0	-5.9375	-6.875	True	True	morphology	determiner_noun_agreement	Write a natural, coherent English sentence.
396	32	Kendra isn't working with this excited child.	Kendra isn't working with these excited child.	-77.5	-84.5	-6.4375	-7.03125	True	True	morphology	determiner_noun_agreement	Write a natural, coherent English sentence.
397	32	All actresses praise this hard thesis.	All actresses praise these hard thesis.	-80.5	-83.5	-10.0625	-10.4375	True	True	morphology	determiner_noun_agreement	Write a natural, coherent English sentence.
398	32	David cleans that hard tooth.	David cleans those hard tooth.	-65.5	-70.5	-9.375	-10.0625	True	True	morphology	determiner_noun_agreement	Write a natural, coherent English sentence.
399	32	Julia sounded like this uncertain person.	Julia sounded like these uncertain person.	-66.5	-75.0	-9.5	-10.6875	True	True	morphology	determiner_noun_agreement	Write a natural, coherent English sentence.
400	32	Those actors attacked that happy alumnus.	Those actors attacked those happy alumnus.	-88.0	-91.5	-9.75	-10.1875	True	True	morphology	determiner_noun_agreement	Write a natural, coherent English sentence.
401	32	Eva hadn't admired these black fungi.	Eva hadn't admired this black fungi.	-83.0	-84.5	-7.5625	-7.65625	True	True	morphology	determiner_noun_agreement	Write a natural, coherent English sentence.
402	32	Many chairs aren't disgusting this unlucky child.	Many chairs aren't disgusting these unlucky child.	-94.5	-104.5	-7.25	-8.0	True	True	morphology	determiner_noun_agreement	Write a natural, coherent English sentence.
403	32	Those waiters break these rough teeth.	Those waiters break this rough teeth.	-77.5	-79.5	-9.6875	-9.9375	True	True	morphology	determiner_noun_agreement	Write a natural, coherent English sentence.
404	32	Becca leaves this uncertain child.	Becca leaves these uncertain child.	-74.5	-80.0	-10.625	-11.4375	True	True	morphology	determiner_noun_agreement	Write a natural, coherent English sentence.
405	32	Some steak disturbs these displeased children.	Some steak disturbs this displeased children.	-77.0	-81.5	-6.4375	-6.8125	True	True	morphology	determiner_noun_agreement	Write a natural, coherent English sentence.
406	32	Christine wouldn't conceal this lost stimulus.	Christine wouldn't conceal these lost stimulus.	-87.0	-91.5	-7.25	-7.625	True	True	morphology	determiner_noun_agreement	Write a natural, coherent English sentence.
407	32	Every face irritates those unemployed alumni.	Every face irritates that unemployed alumni.	-74.5	-73.0	-6.78125	-6.65625	False	False	morphology	determiner_noun_agreement	Write a natural, coherent English sentence.
408	32	Susan noticed that unlucky person.	Susan noticed those unlucky person.	-62.25	-72.5	-7.78125	-9.0625	True	True	morphology	determiner_noun_agreement	Write a natural, coherent English sentence.
409	32	Some women drop by those concealed oases.	Some women drop by that concealed oases.	-88.0	-97.0	-8.8125	-9.6875	True	True	morphology	determiner_noun_agreement	Write a natural, coherent English sentence.
410	32	The Clintons disagree with these serious men.	The Clintons disagree with this serious men.	-74.5	-79.5	-7.46875	-7.96875	True	True	morphology	determiner_noun_agreement	Write a natural, coherent English sentence.
411	32	Phillip discovers these busy women.	Phillip discovers this busy women.	-71.5	-73.5	-8.9375	-9.1875	True	True	morphology	determiner_noun_agreement	Write a natural, coherent English sentence.
412	32	Waiters investigate that hopeful woman.	Waiters investigate those hopeful woman.	-67.0	-74.5	-8.375	-9.3125	True	True	morphology	determiner_noun_agreement	Write a natural, coherent English sentence.
413	32	Regina hasn't found these white nuclei.	Regina hasn't found this white nuclei.	-76.0	-81.0	-6.3125	-6.75	True	True	morphology	determiner_noun_agreement	Write a natural, coherent English sentence.
414	32	Irene scanned those purple theses.	Irene scanned that purple theses.	-67.5	-76.0	-7.5	-8.4375	True	True	morphology	determiner_noun_agreement	Write a natural, coherent English sentence.
415	32	A bank references those popular people.	A bank references that popular people.	-74.5	-72.0	-10.625	-10.3125	False	False	morphology	determiner_noun_agreement	Write a natural, coherent English sentence.
416	32	Vincent tours this old oasis.	Vincent tours these old oasis.	-68.5	-73.0	-9.8125	-10.4375	True	True	morphology	determiner_noun_agreement	Write a natural, coherent English sentence.
417	32	Alicia kisses that standing woman.	Alicia kisses those standing woman.	-70.0	-75.0	-7.78125	-8.375	True	True	morphology	determiner_noun_agreement	Write a natural, coherent English sentence.
418	32	Some candles aren't boring those displeased men.	Some candles aren't boring that displeased men.	-93.5	-94.5	-7.1875	-7.28125	True	True	morphology	determiner_noun_agreement	Write a natural, coherent English sentence.
419	32	That teenager does care for this old alumnus.	That teenager does care for these old alumnus.	-79.0	-90.5	-7.1875	-8.25	True	True	morphology	determiner_noun_agreement	Write a natural, coherent English sentence.
420	32	A lot of drawings weren't alarming that displeased man.	A lot of drawings weren't alarming those displeased man.	-87.5	-94.5	-5.84375	-6.28125	True	True	morphology	determiner_noun_agreement	Write a natural, coherent English sentence.
421	32	That face astounded that important woman.	That face astounded those important woman.	-68.5	-78.0	-7.59375	-8.625	True	True	morphology	determiner_noun_agreement	Write a natural, coherent English sentence.
422	32	Tiffany had approached these unemployed people.	Tiffany had approached this unemployed people.	-73.5	-73.5	-7.34375	-7.34375	False	False	morphology	determiner_noun_agreement	Write a natural, coherent English sentence.
423	32	Christina is passing these rough oases.	Christina is passing this rough oases.	-73.0	-77.0	-8.0625	-8.5625	True	True	morphology	determiner_noun_agreement	Write a natural, coherent English sentence.
424	32	Debra was praising those busy people.	Debra was praising that busy people.	-73.0	-74.5	-8.125	-8.25	True	True	morphology	determiner_noun_agreement	Write a natural, coherent English sentence.
425	32	The doctors didn't care for these scared children.	The doctors didn't care for this scared children.	-69.5	-77.5	-6.34375	-7.03125	True	True	morphology	determiner_noun_agreement	Write a natural, coherent English sentence.
426	32	Those ladders stun these small people.	Those ladders stun this small people.	-87.5	-90.0	-8.75	-9.0	True	True	morphology	determiner_noun_agreement	Write a natural, coherent English sentence.
427	32	Samuel isn't distracting these clever women.	Samuel isn't distracting this clever women.	-85.0	-84.5	-8.5	-8.4375	False	False	morphology	determiner_noun_agreement	Write a natural, coherent English sentence.
428	32	Lucille dropped by those new oases.	Lucille dropped by that new oases.	-74.0	-74.5	-8.1875	-8.25	True	True	morphology	determiner_noun_agreement	Write a natural, coherent English sentence.
429	32	A legislature should aggravate that busy child.	A legislature should aggravate those busy child.	-84.0	-91.5	-7.625	-8.3125	True	True	morphology	determiner_noun_agreement	Write a natural, coherent English sentence.
430	32	Larry observed that lucky child.	Larry observed those lucky child.	-64.5	-67.0	-10.8125	-11.1875	True	True	morphology	determiner_noun_agreement	Write a natural, coherent English sentence.
431	32	Lawrence wasn't approaching those troubled children.	Lawrence wasn't approaching that troubled children.	-76.5	-81.0	-7.65625	-8.125	True	True	morphology	determiner_noun_agreement	Write a natural, coherent English sentence.
432	32	Most libraries describe those delighted men.	Most libraries describe that delighted men.	-85.0	-88.0	-12.1875	-12.5625	True	True	morphology	determiner_noun_agreement	Write a natural, coherent English sentence.
433	32	The Impressionists alarms that sick child.	The Impressionists alarms those sick child.	-68.5	-77.5	-6.84375	-7.71875	True	True	morphology	determiner_noun_agreement	Write a natural, coherent English sentence.
434	32	A lot of children have this exposed axis.	A lot of children have these exposed axis.	-66.5	-69.5	-7.375	-7.71875	True	True	morphology	determiner_noun_agreement	Write a natural, coherent English sentence.
435	32	Melissa couldn't reveal that small man.	Melissa couldn't reveal those small man.	-78.0	-88.0	-7.8125	-8.8125	True	True	morphology	determiner_noun_agreement	Write a natural, coherent English sentence.
436	32	These carriages won't impress those bad men.	These carriages won't impress that bad men.	-83.5	-85.5	-7.625	-7.75	True	True	morphology	determiner_noun_agreement	Write a natural, coherent English sentence.
437	32	Many girls drop by that red oasis.	Many girls drop by those red oasis.	-91.5	-92.5	-10.125	-10.25	True	True	morphology	determiner_noun_agreement	Write a natural, coherent English sentence.
438	32	The Impressionists fled from this small woman.	The Impressionists fled from these small woman.	-66.5	-71.5	-6.65625	-7.15625	True	True	morphology	determiner_noun_agreement	Write a natural, coherent English sentence.
439	32	Ann arrived at that blue oasis.	Ann arrived at those blue oasis.	-60.5	-62.0	-7.5625	-7.75	True	True	morphology	determiner_noun_agreement	Write a natural, coherent English sentence.
440	32	The sock isn't disturbing those lucky children.	The sock isn't disturbing that lucky children.	-73.0	-78.5	-6.65625	-7.125	True	True	morphology	determiner_noun_agreement	Write a natural, coherent English sentence.
441	32	Those socks were shocking those unlucky men.	Those socks were shocking that unlucky men.	-81.0	-88.0	-7.375	-8.0	True	True	morphology	determiner_noun_agreement	Write a natural, coherent English sentence.
442	32	Christine wasn't walking through those cheap oases.	Christine wasn't walking through that cheap oases.	-92.0	-90.5	-7.6875	-7.53125	False	False	morphology	determiner_noun_agreement	Write a natural, coherent English sentence.
443	32	Mary appreciates those content women.	Mary appreciates that content women.	-63.25	-58.25	-9.0	-8.3125	False	False	morphology	determiner_noun_agreement	Write a natural, coherent English sentence.
444	32	That lady didn't question this ill person.	That lady didn't question these ill person.	-84.5	-86.5	-8.4375	-8.6875	True	True	morphology	determiner_noun_agreement	Write a natural, coherent English sentence.
445	32	Most birds annoy this young woman.	Most birds annoy these young woman.	-52.75	-60.75	-7.53125	-8.6875	True	True	morphology	determiner_noun_agreement	Write a natural, coherent English sentence.
446	32	Amelia is kissing these content men.	Amelia is kissing this content men.	-66.0	-65.0	-7.34375	-7.21875	False	False	morphology	determiner_noun_agreement	Write a natural, coherent English sentence.
447	32	Judy isn't taking those standing oxen.	Judy isn't taking that standing oxen.	-74.5	-78.0	-6.78125	-7.0625	True	True	morphology	determiner_noun_agreement	Write a natural, coherent English sentence.
448	32	Irene is discussing those clever alumni.	Irene is discussing that clever alumni.	-79.0	-78.0	-7.90625	-7.8125	False	False	morphology	determiner_noun_agreement	Write a natural, coherent English sentence.
449	32	Danielle could describe these long analyses.	Danielle could describe this long analyses.	-77.5	-77.0	-8.625	-8.5625	False	False	morphology	determiner_noun_agreement	Write a natural, coherent English sentence.
450	32	Eva hasn't praised that lucky woman.	Eva hasn't praised those lucky woman.	-70.0	-77.0	-7.8125	-8.5625	True	True	morphology	determiner_noun_agreement	Write a natural, coherent English sentence.
451	32	Grace might observe that unlucky woman.	Grace might observe those unlucky woman.	-69.5	-76.0	-7.71875	-8.4375	True	True	morphology	determiner_noun_agreement	Write a natural, coherent English sentence.
452	32	The Clintons bothered these clever people.	The Clintons bothered this clever people.	-69.0	-71.5	-7.65625	-7.9375	True	True	morphology	determiner_noun_agreement	Write a natural, coherent English sentence.
453	32	April hadn't embarrassed those employed alumni.	April hadn't embarrassed that employed alumni.	-90.0	-87.5	-8.1875	-7.9375	False	False	morphology	determiner_noun_agreement	Write a natural, coherent English sentence.
454	32	Marie shouldn't forget that happy man.	Marie shouldn't forget those happy man.	-76.5	-87.5	-8.5	-9.75	True	True	morphology	determiner_noun_agreement	Write a natural, coherent English sentence.
455	32	Renee isn't breaking that cheap foot.	Renee isn't breaking those cheap foot.	-84.5	-82.5	-7.6875	-7.5	False	False	morphology	determiner_noun_agreement	Write a natural, coherent English sentence.
456	32	Monica shouldn't sell those new oases.	Monica shouldn't sell that new oases.	-85.0	-87.5	-7.75	-7.9375	True	True	morphology	determiner_noun_agreement	Write a natural, coherent English sentence.
457	32	Every dancer has returned to that troubled man.	Every dancer has returned to those troubled man.	-78.5	-85.0	-7.125	-7.71875	True	True	morphology	determiner_noun_agreement	Write a natural, coherent English sentence.
458	32	Those dancers break those green teeth.	Those dancers break that green teeth.	-79.5	-82.5	-9.9375	-10.3125	True	True	morphology	determiner_noun_agreement	Write a natural, coherent English sentence.
459	32	These teachers talk about these fast women.	These teachers talk about this fast women.	-79.0	-83.0	-9.875	-10.375	True	True	morphology	determiner_noun_agreement	Write a natural, coherent English sentence.
460	32	Spain hasn't praised that happy man.	Spain hasn't praised those happy man.	-68.0	-79.0	-7.5625	-8.75	True	True	morphology	determiner_noun_agreement	Write a natural, coherent English sentence.
461	32	Monica does kiss those good people.	Monica does kiss that good people.	-64.5	-68.0	-8.0625	-8.5	True	True	morphology	determiner_noun_agreement	Write a natural, coherent English sentence.
462	32	Benjamin can boast about those busy men.	Benjamin can boast about that busy men.	-76.5	-81.0	-8.5	-9.0	True	True	morphology	determiner_noun_agreement	Write a natural, coherent English sentence.
463	32	Donald conceals this lost nucleus.	Donald conceals these lost nucleus.	-72.5	-79.0	-9.0625	-9.875	True	True	morphology	determiner_noun_agreement	Write a natural, coherent English sentence.
464	32	Gregory was embarrassing this big woman.	Gregory was embarrassing these big woman.	-84.0	-84.0	-10.5	-10.5	False	False	morphology	determiner_noun_agreement	Write a natural, coherent English sentence.
465	32	The waiter wasn't stunning that hidden child.	The waiter wasn't stunning those hidden child.	-79.5	-85.5	-7.21875	-7.78125	True	True	morphology	determiner_noun_agreement	Write a natural, coherent English sentence.
466	32	A lot of photographs haven't looked like this red stimulus.	A lot of photographs haven't looked like these red stimulus.	-92.0	-101.0	-6.5625	-7.21875	True	True	morphology	determiner_noun_agreement	Write a natural, coherent English sentence.
467	32	A patient fixed those cheap feet.	A patient fixed that cheap feet.	-69.5	-74.5	-9.875	-10.625	True	True	morphology	determiner_noun_agreement	Write a natural, coherent English sentence.
468	32	Many gates shouldn't astound these unsure alumni.	Many gates shouldn't astound this unsure alumni.	-104.5	-104.0	-7.4375	-7.4375	False	False	morphology	determiner_noun_agreement	Write a natural, coherent English sentence.
469	32	That picture hasn't looked like these big men.	That picture hasn't looked like this big men.	-72.5	-70.5	-6.59375	-6.40625	False	False	morphology	determiner_noun_agreement	Write a natural, coherent English sentence.
470	32	These waitresses talk about this hidden thesis.	These waitresses talk about these hidden thesis.	-84.5	-91.5	-8.4375	-9.1875	True	True	morphology	determiner_noun_agreement	Write a natural, coherent English sentence.
471	32	Stacy concealed those gray axes.	Stacy concealed that gray axes.	-77.5	-85.0	-8.625	-9.5	True	True	morphology	determiner_noun_agreement	Write a natural, coherent English sentence.
472	32	Nicole remembers those serious alumni.	Nicole remembers that serious alumni.	-76.0	-69.5	-8.4375	-7.71875	False	False	morphology	determiner_noun_agreement	Write a natural, coherent English sentence.
473	32	Leslie hadn't gone to that small oasis.	Leslie hadn't gone to those small oasis.	-72.0	-71.0	-6.0	-5.90625	False	False	morphology	determiner_noun_agreement	Write a natural, coherent English sentence.
474	32	Joel wasn't praising this ill person.	Joel wasn't praising these ill person.	-81.5	-84.5	-8.125	-8.4375	True	True	morphology	determiner_noun_agreement	Write a natural, coherent English sentence.
475	32	These drivers embarrasses this young alumnus.	These drivers embarrasses these young alumnus.	-88.0	-89.5	-8.8125	-9.0	True	True	morphology	determiner_noun_agreement	Write a natural, coherent English sentence.
476	32	Beef bores that delighted woman.	Beef bores those delighted woman.	-73.0	-83.0	-9.125	-10.375	True	True	morphology	determiner_noun_agreement	Write a natural, coherent English sentence.
477	32	Mitchell goes to this gray oasis.	Mitchell goes to these gray oasis.	-75.5	-78.0	-9.4375	-9.75	True	True	morphology	determiner_noun_agreement	Write a natural, coherent English sentence.
478	32	The mouth bores these upset men.	The mouth bores this upset men.	-76.5	-74.0	-9.5625	-9.25	False	False	morphology	determiner_noun_agreement	Write a natural, coherent English sentence.
479	32	Most legislatures discuss those good people.	Most legislatures discuss that good people.	-80.0	-80.5	-10.0	-10.0625	True	True	morphology	determiner_noun_agreement	Write a natural, coherent English sentence.
480	32	The boys mess up those purple feet.	The boys mess up that purple feet.	-78.0	-77.5	-9.75	-9.6875	False	False	morphology	determiner_noun_agreement	Write a natural, coherent English sentence.
481	32	Cashiers describe these fast children.	Cashiers describe this fast children.	-65.0	-68.0	-9.25	-9.6875	True	True	morphology	determiner_noun_agreement	Write a natural, coherent English sentence.
482	32	Roger has fired those unconvinced men.	Roger has fired that unconvinced men.	-82.5	-86.0	-8.25	-8.625	True	True	morphology	determiner_noun_agreement	Write a natural, coherent English sentence.
483	32	Amy wasn't kissing this content man.	Amy wasn't kissing these content man.	-63.75	-74.0	-6.375	-7.375	True	True	morphology	determiner_noun_agreement	Write a natural, coherent English sentence.
484	32	Every dancer hadn't praised those good analyses.	Every dancer hadn't praised that good analyses.	-90.5	-94.0	-7.53125	-7.84375	True	True	morphology	determiner_noun_agreement	Write a natural, coherent English sentence.
485	32	Rhonda wasn't hiding those red mice.	Rhonda wasn't hiding that red mice.	-77.0	-82.5	-7.0	-7.53125	True	True	morphology	determiner_noun_agreement	Write a natural, coherent English sentence.
486	32	Every pedestrian talks about that bad synopsis.	Every pedestrian talks about those bad synopsis.	-78.0	-79.0	-7.78125	-7.90625	True	True	morphology	determiner_noun_agreement	Write a natural, coherent English sentence.
487	32	The fish shocks these old alumni.	The fish shocks this old alumni.	-64.5	-65.0	-6.46875	-6.5	True	True	morphology	determiner_noun_agreement	Write a natural, coherent English sentence.
488	32	Those waitresses visited those scared alumni.	Those waitresses visited that scared alumni.	-90.0	-89.5	-8.1875	-8.125	False	False	morphology	determiner_noun_agreement	Write a natural, coherent English sentence.
489	32	That library was listening to this nice man.	That library was listening to these nice man.	-70.0	-75.5	-7.78125	-8.375	True	True	morphology	determiner_noun_agreement	Write a natural, coherent English sentence.
490	32	Steve wasn't bringing that blue stimulus.	Steve wasn't bringing those blue stimulus.	-80.5	-82.0	-8.0625	-8.25	True	True	morphology	determiner_noun_agreement	Write a natural, coherent English sentence.
491	32	Some guest was hiring that scared woman.	Some guest was hiring those scared woman.	-82.0	-88.0	-10.25	-11.0	True	True	morphology	determiner_noun_agreement	Write a natural, coherent English sentence.
492	32	The spotlights upset this unconvinced alumnus.	The spotlights upset these unconvinced alumnus.	-86.0	-90.5	-6.625	-6.96875	True	True	morphology	determiner_noun_agreement	Write a natural, coherent English sentence.
493	32	Todd might observe this lost man.	Todd might observe these lost man.	-74.5	-80.5	-10.625	-11.5	True	True	morphology	determiner_noun_agreement	Write a natural, coherent English sentence.
494	32	People could describe that unconvinced person.	People could describe those unconvinced person.	-77.5	-82.5	-7.75	-8.25	True	True	morphology	determiner_noun_agreement	Write a natural, coherent English sentence.
495	32	That waiter had astounded these lucky people.	That waiter had astounded this lucky people.	-82.0	-87.0	-7.46875	-7.90625	True	True	morphology	determiner_noun_agreement	Write a natural, coherent English sentence.
496	32	Kendra disgusted these confident women.	Kendra disgusted this confident women.	-74.5	-78.5	-8.25	-8.75	True	True	morphology	determiner_noun_agreement	Write a natural, coherent English sentence.
497	32	Spain hasn't annoyed those old people.	Spain hasn't annoyed that old people.	-68.0	-68.5	-6.8125	-6.875	True	True	morphology	determiner_noun_agreement	Write a natural, coherent English sentence.
498	32	Steve kisses these out in the open people.	Steve kisses this out in the open people.	-76.0	-73.5	-7.59375	-7.375	False	False	morphology	determiner_noun_agreement	Write a natural, coherent English sentence.
499	32	Wayne kissed those unconvinced men.	Wayne kissed that unconvinced men.	-78.0	-82.5	-8.625	-9.1875	True	True	morphology	determiner_noun_agreement	Write a natural, coherent English sentence.
500	32	Douglas has brought those lost cacti.	Douglas has brought that lost cacti.	-85.0	-84.5	-9.4375	-9.375	False	False	morphology	determiner_noun_agreement	Write a natural, coherent English sentence.
501	32	Tammy can't reveal that big alumnus.	Tammy can't reveal those big alumnus.	-84.5	-94.0	-7.0625	-7.84375	True	True	morphology	determiner_noun_agreement	Write a natural, coherent English sentence.
502	32	Deborah fled from those standing children.	Deborah fled from that standing children.	-63.75	-69.5	-7.09375	-7.71875	True	True	morphology	determiner_noun_agreement	Write a natural, coherent English sentence.
503	32	A man wasn't cleaning that hard fungus.	A man wasn't cleaning those hard fungus.	-80.0	-87.0	-6.6875	-7.21875	True	True	morphology	determiner_noun_agreement	Write a natural, coherent English sentence.
504	32	Danielle has broken those gray teeth.	Danielle has broken that gray teeth.	-69.5	-73.5	-8.6875	-9.1875	True	True	morphology	determiner_noun_agreement	Write a natural, coherent English sentence.
505	32	Derek praised this big thesis.	Derek praised these big thesis.	-69.5	-73.0	-9.9375	-10.4375	True	True	morphology	determiner_noun_agreement	Write a natural, coherent English sentence.
506	32	Gary has disgusted those unsure people.	Gary has disgusted that unsure people.	-84.5	-73.0	-9.375	-8.125	False	False	morphology	determiner_noun_agreement	Write a natural, coherent English sentence.
507	32	A senator insulted this bad synopsis.	A senator insulted these bad synopsis.	-81.5	-87.0	-8.125	-8.6875	True	True	morphology	determiner_noun_agreement	Write a natural, coherent English sentence.
508	32	A lot of drivers visit these purple oases.	A lot of drivers visit this purple oases.	-84.0	-87.0	-8.375	-8.6875	True	True	morphology	determiner_noun_agreement	Write a natural, coherent English sentence.
509	32	Richard isn't attacking this fast child.	Richard isn't attacking these fast child.	-72.0	-74.5	-8.0	-8.25	True	True	morphology	determiner_noun_agreement	Write a natural, coherent English sentence.
510	32	Frank shocked that unsure man.	Frank shocked those unsure man.	-74.0	-88.0	-10.5625	-12.5625	True	True	morphology	determiner_noun_agreement	Write a natural, coherent English sentence.
511	32	Brett returned to that confident man.	Brett returned to those confident man.	-74.0	-83.0	-9.25	-10.375	True	True	morphology	determiner_noun_agreement	Write a natural, coherent English sentence.
512	32	Many ladies weren't passing these old oases.	Many ladies weren't passing this old oases.	-96.0	-101.5	-8.6875	-9.25	True	True	morphology	determiner_noun_agreement	Write a natural, coherent English sentence.
513	32	A waiter brought those purple teeth.	A waiter brought that purple teeth.	-60.25	-63.75	-7.53125	-7.96875	True	True	morphology	determiner_noun_agreement	Write a natural, coherent English sentence.
514	32	Beverly has fired this fast alumnus.	Beverly has fired these fast alumnus.	-80.5	-87.0	-8.0625	-8.6875	True	True	morphology	determiner_noun_agreement	Write a natural, coherent English sentence.
515	32	Men haven't observed that standing man.	Men haven't observed those standing man.	-71.5	-74.0	-7.9375	-8.1875	True	True	morphology	determiner_noun_agreement	Write a natural, coherent English sentence.
516	32	Tiffany admired this ill child.	Tiffany admired these ill child.	-74.0	-76.0	-8.25	-8.4375	True	True	morphology	determiner_noun_agreement	Write a natural, coherent English sentence.
517	32	That patient didn't love that unemployed alumnus.	That patient didn't love those unemployed alumnus.	-84.5	-88.0	-6.5	-6.75	True	True	morphology	determiner_noun_agreement	Write a natural, coherent English sentence.
518	32	Aaron reveals that red tooth.	Aaron reveals those red tooth.	-69.5	-75.0	-11.625	-12.5	True	True	morphology	determiner_noun_agreement	Write a natural, coherent English sentence.
519	32	Monica was insulting those bad people.	Monica was insulting that bad people.	-68.5	-79.0	-7.625	-8.8125	True	True	morphology	determiner_noun_agreement	Write a natural, coherent English sentence.
520	32	These teenagers watch that old alumnus.	These teenagers watch those old alumnus.	-87.0	-86.5	-8.6875	-8.625	False	False	morphology	determiner_noun_agreement	Write a natural, coherent English sentence.
521	32	Tina might confuse this exposed child.	Tina might confuse these exposed child.	-80.0	-85.0	-8.875	-9.5	True	True	morphology	determiner_noun_agreement	Write a natural, coherent English sentence.
522	32	A face was confusing that nice woman.	A face was confusing those nice woman.	-70.0	-76.0	-8.75	-9.5	True	True	morphology	determiner_noun_agreement	Write a natural, coherent English sentence.
523	32	An adult researches that good analysis.	An adult researches those good analysis.	-77.5	-80.5	-7.75	-8.0625	True	True	morphology	determiner_noun_agreement	Write a natural, coherent English sentence.
524	32	Some broccoli isn't annoying these unconvinced women.	Some broccoli isn't annoying this unconvinced women.	-88.5	-88.5	-5.90625	-5.90625	False	False	morphology	determiner_noun_agreement	Write a natural, coherent English sentence.
525	32	Nancy talks about these content children.	Nancy talks about this content children.	-69.5	-65.5	-9.9375	-9.3125	False	False	morphology	determiner_noun_agreement	Write a natural, coherent English sentence.
526	32	Regina found this lost ox.	Regina found these lost ox.	-66.0	-73.0	-8.25	-9.125	True	True	morphology	determiner_noun_agreement	Write a natural, coherent English sentence.
527	32	Emily had respected that clever man.	Emily had respected those clever man.	-67.0	-74.5	-9.5625	-10.625	True	True	morphology	determiner_noun_agreement	Write a natural, coherent English sentence.
528	32	Kathleen has worked with this confident man.	Kathleen has worked with these confident man.	-69.5	-76.5	-7.6875	-8.5	True	True	morphology	determiner_noun_agreement	Write a natural, coherent English sentence.
529	32	Most customers are distracting these determined children.	Most customers are distracting this determined children.	-90.5	-91.0	-10.0625	-10.125	True	True	morphology	determiner_noun_agreement	Write a natural, coherent English sentence.
530	32	Rachelle didn't cure this black octopus.	Rachelle didn't cure these black octopus.	-73.0	-81.0	-6.09375	-6.75	True	True	morphology	determiner_noun_agreement	Write a natural, coherent English sentence.
531	32	Steven hugs these standing men.	Steven hugs this standing men.	-74.5	-78.0	-10.6875	-11.125	True	True	morphology	determiner_noun_agreement	Write a natural, coherent English sentence.
532	32	Every popsicle shocked those excited men.	Every popsicle shocked that excited men.	-76.0	-80.5	-8.4375	-8.9375	True	True	morphology	determiner_noun_agreement	Write a natural, coherent English sentence.
533	32	Sonia lifts that new oasis.	Sonia lifts those new oasis.	-76.5	-82.5	-8.5	-9.1875	True	True	morphology	determiner_noun_agreement	Write a natural, coherent English sentence.
534	32	Cheryl might tour that purple oasis.	Cheryl might tour those purple oasis.	-79.5	-89.0	-8.8125	-9.875	True	True	morphology	determiner_noun_agreement	Write a natural, coherent English sentence.
535	32	This doctor appreciates this bad child.	This doctor appreciates these bad child.	-74.0	-75.0	-9.25	-9.375	True	True	morphology	determiner_noun_agreement	Write a natural, coherent English sentence.
536	32	Leslie breaks those red feet.	Leslie breaks that red feet.	-61.0	-66.5	-8.6875	-9.5	True	True	morphology	determiner_noun_agreement	Write a natural, coherent English sentence.
537	32	Bethany hasn't hidden that yellow louse.	Bethany hasn't hidden those yellow louse.	-88.0	-89.5	-7.96875	-8.125	True	True	morphology	determiner_noun_agreement	Write a natural, coherent English sentence.
538	32	Some people have criticized this brown thesis.	Some people have criticized these brown thesis.	-66.5	-71.5	-7.375	-7.9375	True	True	morphology	determiner_noun_agreement	Write a natural, coherent English sentence.
539	32	Noah heals this determined child.	Noah heals these determined child.	-70.5	-75.5	-10.0625	-10.8125	True	True	morphology	determiner_noun_agreement	Write a natural, coherent English sentence.
540	32	Kevin biked to those big oases.	Kevin biked to that big oases.	-78.0	-77.5	-7.8125	-7.78125	False	False	morphology	determiner_noun_agreement	Write a natural, coherent English sentence.
541	32	Wayne hadn't bored these sick men.	Wayne hadn't bored this sick men.	-82.5	-83.0	-9.1875	-9.1875	True	False	morphology	determiner_noun_agreement	Write a natural, coherent English sentence.
542	32	Amy returns to those young alumni.	Amy returns to that young alumni.	-72.5	-76.5	-8.0625	-8.5	True	True	morphology	determiner_noun_agreement	Write a natural, coherent English sentence.
543	32	That gate did aggravate this excited woman.	That gate did aggravate these excited woman.	-81.0	-85.0	-8.0625	-8.5	True	True	morphology	determiner_noun_agreement	Write a natural, coherent English sentence.
544	32	Melissa observes that bad child.	Melissa observes those bad child.	-71.0	-81.5	-8.875	-10.1875	True	True	morphology	determiner_noun_agreement	Write a natural, coherent English sentence.
545	32	Kathleen wasn't scanning those long synopses.	Kathleen wasn't scanning that long synopses.	-80.5	-82.5	-6.1875	-6.34375	True	True	morphology	determiner_noun_agreement	Write a natural, coherent English sentence.
546	32	That guy dropped by these white oases.	That guy dropped by this white oases.	-75.5	-77.0	-8.4375	-8.5625	True	True	morphology	determiner_noun_agreement	Write a natural, coherent English sentence.
547	32	Every child might fire this serious child.	Every child might fire these serious child.	-80.5	-85.5	-10.0625	-10.6875	True	True	morphology	determiner_noun_agreement	Write a natural, coherent English sentence.
548	32	Meredith had concealed that black thesis.	Meredith had concealed those black thesis.	-78.0	-75.5	-7.8125	-7.53125	False	False	morphology	determiner_noun_agreement	Write a natural, coherent English sentence.
549	32	Randolf didn't see these blue teeth.	Randolf didn't see this blue teeth.	-68.5	-76.5	-6.84375	-7.625	True	True	morphology	determiner_noun_agreement	Write a natural, coherent English sentence.
550	32	Some guy passes that rough oasis.	Some guy passes those rough oasis.	-80.5	-85.0	-10.0625	-10.625	True	True	morphology	determiner_noun_agreement	Write a natural, coherent English sentence.
551	32	Guys hurts that smart man.	Guys hurts those smart man.	-76.0	-79.0	-9.5	-9.875	True	True	morphology	determiner_noun_agreement	Write a natural, coherent English sentence.
552	32	Many museums should describe this fast man.	Many museums should describe these fast man.	-84.0	-89.0	-9.375	-9.875	True	True	morphology	determiner_noun_agreement	Write a natural, coherent English sentence.
553	32	A lot of chairs haven't embarrassed this serious man.	A lot of chairs haven't embarrassed these serious man.	-78.0	-88.5	-6.5	-7.40625	True	True	morphology	determiner_noun_agreement	Write a natural, coherent English sentence.
554	32	Emily talked about that ill alumnus.	Emily talked about those ill alumnus.	-73.5	-76.0	-8.1875	-8.4375	True	True	morphology	determiner_noun_agreement	Write a natural, coherent English sentence.
555	32	A lot of girls notice these black lice.	A lot of girls notice this black lice.	-76.5	-74.5	-7.6875	-7.4375	False	False	morphology	determiner_noun_agreement	Write a natural, coherent English sentence.
556	32	Those schools reference that green thesis.	Those schools reference those green thesis.	-74.0	-82.0	-10.5625	-11.6875	True	True	morphology	determiner_noun_agreement	Write a natural, coherent English sentence.
557	32	Bradley had bored this delighted alumnus.	Bradley had bored these delighted alumnus.	-79.0	-82.5	-7.90625	-8.25	True	True	morphology	determiner_noun_agreement	Write a natural, coherent English sentence.
558	32	Melinda scares this good woman.	Melinda scares these good woman.	-70.5	-77.5	-8.8125	-9.6875	True	True	morphology	determiner_noun_agreement	Write a natural, coherent English sentence.
559	32	Those pedestrians go to those big oases.	Those pedestrians go to that big oases.	-89.5	-88.5	-8.125	-8.0625	False	False	morphology	determiner_noun_agreement	Write a natural, coherent English sentence.
560	32	Many doctors escaped from that lost child.	Many doctors escaped from those lost child.	-89.0	-87.5	-11.125	-10.9375	False	False	morphology	determiner_noun_agreement	Write a natural, coherent English sentence.
561	32	Tamara isn't revealing that orange ox.	Tamara isn't revealing those orange ox.	-88.0	-91.5	-8.8125	-9.125	True	True	morphology	determiner_noun_agreement	Write a natural, coherent English sentence.
562	32	Many patients arrive at that hidden oasis.	Many patients arrive at those hidden oasis.	-68.5	-71.5	-7.59375	-7.9375	True	True	morphology	determiner_noun_agreement	Write a natural, coherent English sentence.
563	32	Beth leaves these happy children.	Beth leaves this happy children.	-65.5	-70.5	-10.9375	-11.75	True	True	morphology	determiner_noun_agreement	Write a natural, coherent English sentence.
564	32	Deanna broke that yellow foot.	Deanna broke those yellow foot.	-71.0	-69.5	-10.125	-9.9375	False	False	morphology	determiner_noun_agreement	Write a natural, coherent English sentence.
565	32	Jessica had talked to that concealed man.	Jessica had talked to those concealed man.	-68.5	-77.5	-7.625	-8.625	True	True	morphology	determiner_noun_agreement	Write a natural, coherent English sentence.
566	32	Those actors praise those long synopses.	Those actors praise that long synopses.	-83.5	-91.5	-9.3125	-10.1875	True	True	morphology	determiner_noun_agreement	Write a natural, coherent English sentence.
567	32	This coat hasn't astounded these popular men.	This coat hasn't astounded this popular men.	-77.5	-81.5	-6.4375	-6.78125	True	True	morphology	determiner_noun_agreement	Write a natural, coherent English sentence.
568	32	Wendy does talk to this scared alumnus.	Wendy does talk to these scared alumnus.	-85.0	-91.0	-7.75	-8.3125	True	True	morphology	determiner_noun_agreement	Write a natural, coherent English sentence.
569	32	Christine is questioning these happy men.	Christine is questioning this happy men.	-71.5	-78.0	-8.9375	-9.75	True	True	morphology	determiner_noun_agreement	Write a natural, coherent English sentence.
570	32	All doctors loved that displeased man.	All doctors loved those displeased man.	-87.0	-95.0	-9.6875	-10.5	True	True	morphology	determiner_noun_agreement	Write a natural, coherent English sentence.
571	32	Waitresses researched these long synopses.	Waitresses researched this long synopses.	-82.5	-82.5	-6.34375	-6.34375	False	False	morphology	determiner_noun_agreement	Write a natural, coherent English sentence.
572	32	Alexander can flee from this nice woman.	Alexander can flee from these nice woman.	-67.0	-73.5	-7.46875	-8.1875	True	True	morphology	determiner_noun_agreement	Write a natural, coherent English sentence.
573	32	Walter hadn't hated this fast man.	Walter hadn't hated these fast man.	-79.5	-84.0	-8.875	-9.3125	True	True	morphology	determiner_noun_agreement	Write a natural, coherent English sentence.
574	32	Those cashiers buy those smooth lice.	Those cashiers buy that smooth lice.	-91.0	-93.0	-10.125	-10.3125	True	True	morphology	determiner_noun_agreement	Write a natural, coherent English sentence.
575	32	Sonia hid that determined child.	Sonia hid those determined child.	-88.5	-80.5	-12.625	-11.5	False	False	morphology	determiner_noun_agreement	Write a natural, coherent English sentence.
576	32	Barbara is observing that excited person.	Barbara is observing those excited person.	-63.25	-70.0	-7.90625	-8.75	True	True	morphology	determiner_noun_agreement	Write a natural, coherent English sentence.
577	32	That company stuns these unconvinced women.	That company stuns this unconvinced women.	-93.5	-92.5	-8.5	-8.375	False	False	morphology	determiner_noun_agreement	Write a natural, coherent English sentence.
578	32	Paul thought about those bad theses.	Paul thought about that bad theses.	-68.5	-77.0	-8.5625	-9.625	True	True	morphology	determiner_noun_agreement	Write a natural, coherent English sentence.
579	32	Victoria escaped from these displeased children.	Victoria escaped from this displeased children.	-74.0	-82.0	-8.1875	-9.0625	True	True	morphology	determiner_noun_agreement	Write a natural, coherent English sentence.
580	32	Brad notices this big octopus.	Brad notices these big octopus.	-64.0	-71.5	-7.09375	-7.9375	True	True	morphology	determiner_noun_agreement	Write a natural, coherent English sentence.
581	32	Adam is praising those yellow theses.	Adam is praising that yellow theses.	-79.5	-82.0	-8.8125	-9.125	True	True	morphology	determiner_noun_agreement	Write a natural, coherent English sentence.
582	32	Douglas did tour those hidden oases.	Douglas did tour that hidden oases.	-77.5	-80.0	-9.6875	-10.0	True	True	morphology	determiner_noun_agreement	Write a natural, coherent English sentence.
583	32	Gerald couldn't know these happy men.	Gerald couldn't know this happy men.	-73.5	-74.0	-7.34375	-7.4375	True	True	morphology	determiner_noun_agreement	Write a natural, coherent English sentence.
584	32	Those women hug that smart man.	Those women hug those smart man.	-75.5	-81.0	-10.75	-11.625	True	True	morphology	determiner_noun_agreement	Write a natural, coherent English sentence.
585	32	These senators wouldn't forget that long synopsis.	These senators wouldn't forget those long synopsis.	-89.5	-96.5	-7.46875	-8.0625	True	True	morphology	determiner_noun_agreement	Write a natural, coherent English sentence.
586	32	Edward took those lost stimuli.	Edward took that lost stimuli.	-65.5	-68.0	-9.3125	-9.6875	True	True	morphology	determiner_noun_agreement	Write a natural, coherent English sentence.
587	32	The waitresses did know this lucky person.	The waitresses did know these lucky person.	-78.0	-86.5	-7.8125	-8.6875	True	True	morphology	determiner_noun_agreement	Write a natural, coherent English sentence.
588	32	That library might love this important person.	That library might love these important person.	-77.5	-85.0	-9.6875	-10.625	True	True	morphology	determiner_noun_agreement	Write a natural, coherent English sentence.
589	32	Carrie was healing this gray octopus.	Carrie was healing these gray octopus.	-70.5	-80.0	-7.03125	-8.0	True	True	morphology	determiner_noun_agreement	Write a natural, coherent English sentence.
590	32	Sonia hadn't cleaned those gray teeth.	Sonia hadn't cleaned that gray teeth.	-83.5	-79.5	-8.375	-7.9375	False	False	morphology	determiner_noun_agreement	Write a natural, coherent English sentence.
591	32	The Lutherans alarmed this confident woman.	The Lutherans alarmed these confident woman.	-75.0	-79.0	-8.3125	-8.8125	True	True	morphology	determiner_noun_agreement	Write a natural, coherent English sentence.
592	32	This shirt impressed those popular people.	This shirt impressed that popular people.	-69.5	-69.5	-9.875	-9.9375	False	True	morphology	determiner_noun_agreement	Write a natural, coherent English sentence.
593	32	Some schools love that employed person.	Some schools love those employed person.	-72.0	-79.0	-10.3125	-11.25	True	True	morphology	determiner_noun_agreement	Write a natural, coherent English sentence.
594	32	Valerie hasn't known this young child.	Valerie hasn't known these young child.	-72.0	-72.5	-7.21875	-7.25	True	True	morphology	determiner_noun_agreement	Write a natural, coherent English sentence.
595	32	Scott respected those displeased men.	Scott respected that displeased men.	-78.5	-76.0	-9.8125	-9.5	False	False	morphology	determiner_noun_agreement	Write a natural, coherent English sentence.
596	32	The ladies work with those lost children.	The ladies work with that lost children.	-65.0	-67.0	-8.125	-8.375	True	True	morphology	determiner_noun_agreement	Write a natural, coherent English sentence.
597	32	Dawn had biked to this small oasis.	Dawn had biked to these small oasis.	-73.5	-77.5	-6.125	-6.46875	True	True	morphology	determiner_noun_agreement	Write a natural, coherent English sentence.
598	32	Samantha would explore that gray oasis.	Samantha would explore those gray oasis.	-78.0	-81.0	-7.8125	-8.0625	True	True	morphology	determiner_noun_agreement	Write a natural, coherent English sentence.
599	32	All steps upset those unemployed men.	All steps upset that unemployed men.	-74.0	-73.5	-9.25	-9.1875	False	False	morphology	determiner_noun_agreement	Write a natural, coherent English sentence.
600	32	Marla has described that unemployed woman.	Marla has described those unemployed woman.	-74.5	-82.0	-8.25	-9.0625	True	True	morphology	determiner_noun_agreement	Write a natural, coherent English sentence.
601	32	Most universities bore those excited children.	Most universities bore that excited children.	-77.0	-82.0	-11.0	-11.6875	True	True	morphology	determiner_noun_agreement	Write a natural, coherent English sentence.
602	32	These banks should reference that purple thesis.	These banks should reference those purple thesis.	-84.0	-90.5	-10.5	-11.3125	True	True	morphology	determiner_noun_agreement	Write a natural, coherent English sentence.
603	32	Sherry brought those concealed geese.	Sherry brought that concealed geese.	-77.0	-82.5	-8.5625	-9.125	True	True	morphology	determiner_noun_agreement	Write a natural, coherent English sentence.
604	32	Many pedestrians complain about these long analyses.	Many pedestrians complain about this long analyses.	-71.0	-73.5	-6.46875	-6.6875	True	True	morphology	determiner_noun_agreement	Write a natural, coherent English sentence.
605	32	Theresa fixed these small teeth.	Theresa fixed this small teeth.	-61.25	-60.75	-8.75	-8.6875	False	False	morphology	determiner_noun_agreement	Write a natural, coherent English sentence.
606	32	This lake disturbed those unconvinced men.	This lake disturbed that unconvinced men.	-83.5	-83.5	-7.59375	-7.5625	False	False	morphology	determiner_noun_agreement	Write a natural, coherent English sentence.
607	32	Catherine was talking about those bad synopses.	Catherine was talking about that bad synopses.	-80.5	-78.5	-8.0625	-7.875	False	False	morphology	determiner_noun_agreement	Write a natural, coherent English sentence.
608	32	Alicia had escaped from these hidden men.	Alicia had escaped from this hidden men.	-69.5	-81.0	-6.9375	-8.125	True	True	morphology	determiner_noun_agreement	Write a natural, coherent English sentence.
609	32	Natalie hasn't worked with this confident woman.	Natalie hasn't worked with these confident woman.	-70.0	-76.0	-6.375	-6.90625	True	True	morphology	determiner_noun_agreement	Write a natural, coherent English sentence.
610	32	Amelia annoyed this smart man.	Amelia annoyed these smart man.	-57.0	-66.0	-7.125	-8.25	True	True	morphology	determiner_noun_agreement	Write a natural, coherent English sentence.
611	32	Every guest is irritating this serious child.	Every guest is irritating these serious child.	-87.5	-88.0	-9.6875	-9.8125	True	True	morphology	determiner_noun_agreement	Write a natural, coherent English sentence.
612	32	All reports annoyed this hopeful person.	All reports annoyed these hopeful person.	-74.0	-81.0	-8.25	-9.0	True	True	morphology	determiner_noun_agreement	Write a natural, coherent English sentence.
613	32	These women break those orange teeth.	These women break that orange teeth.	-83.0	-83.5	-11.875	-11.875	True	False	morphology	determiner_noun_agreement	Write a natural, coherent English sentence.
614	32	Christopher could shock this excited child.	Christopher could shock these excited child.	-77.0	-79.0	-11.0	-11.3125	True	True	morphology	determiner_noun_agreement	Write a natural, coherent English sentence.
615	32	This spotlight hasn't disgusted that employed child.	This spotlight hasn't disgusted those employed child.	-87.5	-92.0	-7.28125	-7.65625	True	True	morphology	determiner_noun_agreement	Write a natural, coherent English sentence.
616	32	Samantha fled from that busy child.	Samantha fled from those busy child.	-72.0	-78.5	-8.0	-8.6875	True	True	morphology	determiner_noun_agreement	Write a natural, coherent English sentence.
617	32	Lucille arrived at that hard oasis.	Lucille arrived at those hard oasis.	-67.0	-69.5	-7.46875	-7.71875	True	True	morphology	determiner_noun_agreement	Write a natural, coherent English sentence.
618	32	All teachers see those yellow lice.	All teachers see that yellow lice.	-67.0	-67.0	-8.375	-8.375	False	False	morphology	determiner_noun_agreement	Write a natural, coherent English sentence.
619	32	Some photographs haven't looked like these small octopi.	Some photographs haven't looked like this small octopi.	-90.5	-92.0	-6.96875	-7.0625	True	True	morphology	determiner_noun_agreement	Write a natural, coherent English sentence.
620	32	Danielle brought those blue feet.	Danielle brought that blue feet.	-64.5	-70.5	-9.25	-10.0625	True	True	morphology	determiner_noun_agreement	Write a natural, coherent English sentence.
621	32	Todd hadn't left those exposed men.	Todd hadn't left that exposed men.	-80.0	-83.0	-8.9375	-9.25	True	True	morphology	determiner_noun_agreement	Write a natural, coherent English sentence.
622	32	Some doctors embarrasses those delighted alumni.	Some doctors embarrasses that delighted alumni.	-105.5	-105.0	-10.5625	-10.5	False	False	morphology	determiner_noun_agreement	Write a natural, coherent English sentence.
623	32	The actresses forget that unemployed alumnus.	The actresses forget those unemployed alumnus.	-75.5	-74.0	-6.875	-6.75	False	False	morphology	determiner_noun_agreement	Write a natural, coherent English sentence.
624	32	A lot of socks alarm this unsure alumnus.	A lot of socks alarm these unsure alumnus.	-94.5	-102.5	-7.875	-8.5	True	True	morphology	determiner_noun_agreement	Write a natural, coherent English sentence.
625	32	The customers are thinking about that busy child.	The customers are thinking about those busy child.	-76.0	-79.5	-8.4375	-8.8125	True	True	morphology	determiner_noun_agreement	Write a natural, coherent English sentence.
626	32	Kristin wasn't kissing those small men.	Kristin wasn't kissing that small men.	-71.0	-71.0	-6.4375	-6.4375	False	False	morphology	determiner_noun_agreement	Write a natural, coherent English sentence.
627	32	Omar hasn't broken this broken foot.	Omar hasn't broken these broken foot.	-66.0	-69.5	-6.625	-6.96875	True	True	morphology	determiner_noun_agreement	Write a natural, coherent English sentence.
628	32	The actress worked with this nice woman.	The actress worked with these nice woman.	-73.5	-77.5	-9.1875	-9.6875	True	True	morphology	determiner_noun_agreement	Write a natural, coherent English sentence.
629	32	Patients insult these happy people.	Patients insult this happy people.	-68.5	-73.5	-9.8125	-10.5	True	True	morphology	determiner_noun_agreement	Write a natural, coherent English sentence.
630	32	Spain bought those orange lice.	Spain bought that orange lice.	-63.75	-64.0	-9.125	-9.125	True	False	morphology	determiner_noun_agreement	Write a natural, coherent English sentence.
631	32	Those waiters didn't kiss this unlucky child.	Those waiters didn't kiss these unlucky child.	-78.5	-96.5	-6.03125	-7.4375	True	True	morphology	determiner_noun_agreement	Write a natural, coherent English sentence.
632	32	Jennifer isn't touring these old oases.	Jennifer isn't touring this old oases.	-78.0	-78.5	-7.09375	-7.15625	True	True	morphology	determiner_noun_agreement	Write a natural, coherent English sentence.
633	32	Glaciers upset this small child.	Glaciers upset these small child.	-73.0	-73.0	-9.125	-9.125	False	False	morphology	determiner_noun_agreement	Write a natural, coherent English sentence.
634	32	John investigated these old men.	John investigated this old men.	-60.75	-62.75	-10.125	-10.5	True	True	morphology	determiner_noun_agreement	Write a natural, coherent English sentence.
635	32	Some doctors hated these yellow theses.	Some doctors hated this yellow theses.	-84.0	-88.5	-10.5	-11.0625	True	True	morphology	determiner_noun_agreement	Write a natural, coherent English sentence.
636	32	Linda described that clever man.	Linda described those clever man.	-62.5	-74.0	-10.4375	-12.3125	True	True	morphology	determiner_noun_agreement	Write a natural, coherent English sentence.
637	32	Many drawings are looking like these excited women.	Many drawings are looking like this excited women.	-87.0	-88.0	-9.6875	-9.8125	True	True	morphology	determiner_noun_agreement	Write a natural, coherent English sentence.
638	32	Mitchell had concealed that small tooth.	Mitchell had concealed those small tooth.	-76.0	-79.0	-9.5	-9.875	True	True	morphology	determiner_noun_agreement	Write a natural, coherent English sentence.
639	32	Every dog had irritated this young child.	Every dog had irritated these young child.	-64.0	-75.0	-7.09375	-8.3125	True	True	morphology	determiner_noun_agreement	Write a natural, coherent English sentence.
640	32	Some doctors lift this exposed ox.	Some doctors lift these exposed ox.	-88.5	-93.0	-12.6875	-13.25	True	True	morphology	determiner_noun_agreement	Write a natural, coherent English sentence.
641	32	Valerie was disgusting that happy woman.	Valerie was disgusting those happy woman.	-71.0	-75.0	-7.90625	-8.375	True	True	morphology	determiner_noun_agreement	Write a natural, coherent English sentence.
642	32	Claire hugs those clever men.	Claire hugs that clever men.	-76.0	-75.0	-10.875	-10.75	False	False	morphology	determiner_noun_agreement	Write a natural, coherent English sentence.
643	32	All adults go to these white oases.	All adults go to this white oases.	-72.5	-74.5	-8.0625	-8.25	True	True	morphology	determiner_noun_agreement	Write a natural, coherent English sentence.
644	32	Bill observed this nice child.	Bill observed these nice child.	-62.75	-66.0	-10.4375	-11.0625	True	True	morphology	determiner_noun_agreement	Write a natural, coherent English sentence.
645	32	Diana kissed these delighted alumni.	Diana kissed this delighted alumni.	-78.0	-74.5	-9.75	-9.3125	False	False	morphology	determiner_noun_agreement	Write a natural, coherent English sentence.
646	32	Governments are describing those sick people.	Governments are describing that sick people.	-70.0	-68.0	-8.75	-8.5	False	False	morphology	determiner_noun_agreement	Write a natural, coherent English sentence.
647	32	The doctors cure that young woman.	The doctors cure those young woman.	-57.25	-69.0	-8.1875	-9.875	True	True	morphology	determiner_noun_agreement	Write a natural, coherent English sentence.
648	32	Dancers did disagree with this ill child.	Dancers did disagree with these ill child.	-90.0	-95.5	-10.0	-10.625	True	True	morphology	determiner_noun_agreement	Write a natural, coherent English sentence.
649	32	Veronica couldn't embarrass these exposed men.	Veronica couldn't embarrass this exposed men.	-72.0	-75.5	-6.53125	-6.84375	True	True	morphology	determiner_noun_agreement	Write a natural, coherent English sentence.
650	32	The students cared for that delighted man.	The students cared for those delighted man.	-62.75	-73.5	-7.84375	-9.1875	True	True	morphology	determiner_noun_agreement	Write a natural, coherent English sentence.
651	32	Steve conceals these important men.	Steve conceals this important men.	-68.5	-71.5	-9.8125	-10.25	True	True	morphology	determiner_noun_agreement	Write a natural, coherent English sentence.
652	32	These actresses will talk to these content men.	These actresses will talk to this content men.	-81.5	-83.0	-8.125	-8.3125	True	True	morphology	determiner_noun_agreement	Write a natural, coherent English sentence.
653	32	That teenager wouldn't buy these rough oxen.	That teenager wouldn't buy this rough oxen.	-85.5	-82.0	-7.78125	-7.46875	False	False	morphology	determiner_noun_agreement	Write a natural, coherent English sentence.
654	32	Sheila wouldn't kiss that happy child.	Sheila wouldn't kiss those happy child.	-68.5	-75.5	-6.84375	-7.53125	True	True	morphology	determiner_noun_agreement	Write a natural, coherent English sentence.
655	32	Erin drove to these out in the open oases.	Erin drove to this out in the open oases.	-79.0	-84.5	-6.59375	-7.03125	True	True	morphology	determiner_noun_agreement	Write a natural, coherent English sentence.
656	32	Every hat has embarrassed those hopeful people.	Every hat has embarrassed that hopeful people.	-71.0	-75.0	-7.875	-8.3125	True	True	morphology	determiner_noun_agreement	Write a natural, coherent English sentence.
657	32	Every man is fleeing from that exposed oasis.	Every man is fleeing from those exposed oasis.	-79.5	-83.5	-7.21875	-7.59375	True	True	morphology	determiner_noun_agreement	Write a natural, coherent English sentence.
658	32	Some adults visit this ill man.	Some adults visit these ill man.	-80.0	-81.0	-11.4375	-11.5625	True	True	morphology	determiner_noun_agreement	Write a natural, coherent English sentence.
659	32	Janet did lift that good thesis.	Janet did lift those good thesis.	-82.5	-84.5	-10.3125	-10.5625	True	True	morphology	determiner_noun_agreement	Write a natural, coherent English sentence.
660	32	Katherine was cleaning this orange tooth.	Katherine was cleaning these orange tooth.	-77.5	-79.0	-9.6875	-9.875	True	True	morphology	determiner_noun_agreement	Write a natural, coherent English sentence.
661	32	A lot of tomatoes can't confuse these ill alumni.	A lot of tomatoes can't confuse this ill alumni.	-95.5	-98.0	-5.96875	-6.125	True	True	morphology	determiner_noun_agreement	Write a natural, coherent English sentence.
662	32	Rose goes to those out in the open oases.	Rose goes to that out in the open oases.	-78.5	-88.0	-7.125	-8.0	True	True	morphology	determiner_noun_agreement	Write a natural, coherent English sentence.
663	32	These governments criticize those gray oases.	These governments criticize that gray oases.	-86.0	-90.0	-9.5625	-10.0	True	True	morphology	determiner_noun_agreement	Write a natural, coherent English sentence.
664	32	Kevin forgot those delighted men.	Kevin forgot that delighted men.	-73.0	-70.5	-12.1875	-11.75	False	False	morphology	determiner_noun_agreement	Write a natural, coherent English sentence.
665	32	Most companies describe that long analysis.	Most companies describe those long analysis.	-79.0	-82.0	-11.3125	-11.6875	True	True	morphology	determiner_noun_agreement	Write a natural, coherent English sentence.
666	32	Vincent was skated around this small oasis.	Vincent was skated around these small oasis.	-79.5	-85.5	-7.9375	-8.5625	True	True	morphology	determiner_noun_agreement	Write a natural, coherent English sentence.
667	32	Many guys arrive at these out in the open oases.	Many guys arrive at this out in the open oases.	-83.5	-86.5	-6.96875	-7.21875	True	True	morphology	determiner_noun_agreement	Write a natural, coherent English sentence.
668	32	Gregory hadn't revealed these lost fungi.	Gregory hadn't revealed this lost fungi.	-96.0	-94.0	-9.625	-9.4375	False	False	morphology	determiner_noun_agreement	Write a natural, coherent English sentence.
669	32	The cake stuns this standing man.	The cake stuns these standing man.	-63.75	-71.5	-7.96875	-8.9375	True	True	morphology	determiner_noun_agreement	Write a natural, coherent English sentence.
670	32	Cheryl isn't irritating that clever man.	Cheryl isn't irritating those clever man.	-75.5	-87.5	-6.84375	-7.9375	True	True	morphology	determiner_noun_agreement	Write a natural, coherent English sentence.
671	32	Some cat bores those old children.	Some cat bores that old children.	-69.0	-63.75	-8.625	-7.96875	False	False	morphology	determiner_noun_agreement	Write a natural, coherent English sentence.
672	32	The actress knows that delighted child.	The actress knows those delighted child.	-70.0	-76.5	-10.0	-10.875	True	True	morphology	determiner_noun_agreement	Write a natural, coherent English sentence.
673	32	That actress had driven to these hidden oases.	That actress had driven to this hidden oases.	-80.5	-82.0	-8.0625	-8.1875	True	True	morphology	determiner_noun_agreement	Write a natural, coherent English sentence.
674	32	The Lutherans arrive at this cheap oasis.	The Lutherans arrive at these cheap oasis.	-77.5	-85.0	-7.75	-8.5	True	True	morphology	determiner_noun_agreement	Write a natural, coherent English sentence.
675	32	Diane was kissing those lost women.	Diane was kissing that lost women.	-74.0	-75.0	-8.25	-8.3125	True	True	morphology	determiner_noun_agreement	Write a natural, coherent English sentence.
676	32	Larry disturbs this employed woman.	Larry disturbs these employed woman.	-68.0	-76.0	-8.5	-9.5	True	True	morphology	determiner_noun_agreement	Write a natural, coherent English sentence.
677	32	Pies shock this upset woman.	Pies shock these upset woman.	-71.5	-77.5	-10.25	-11.125	True	True	morphology	determiner_noun_agreement	Write a natural, coherent English sentence.
678	32	Some waiters hug this content alumnus.	Some waiters hug these content alumnus.	-82.5	-87.5	-8.25	-8.75	True	True	morphology	determiner_noun_agreement	Write a natural, coherent English sentence.
679	32	Anna talked to those unsure men.	Anna talked to that unsure men.	-69.0	-67.0	-8.625	-8.375	False	False	morphology	determiner_noun_agreement	Write a natural, coherent English sentence.
680	32	This school bores this determined man.	This school bores these determined man.	-88.5	-96.0	-11.0625	-12.0	True	True	morphology	determiner_noun_agreement	Write a natural, coherent English sentence.
681	32	Omar had thought about these unemployed men.	Omar had thought about this unemployed men.	-72.5	-71.5	-7.28125	-7.15625	False	False	morphology	determiner_noun_agreement	Write a natural, coherent English sentence.
682	32	Winston Churchill cleaned these big nuclei.	Winston Churchill cleaned this big nuclei.	-77.0	-79.0	-7.6875	-7.90625	True	True	morphology	determiner_noun_agreement	Write a natural, coherent English sentence.
683	32	These organizations aren't concealing that exposed child.	These organizations aren't concealing those exposed child.	-92.5	-97.5	-8.375	-8.875	True	True	morphology	determiner_noun_agreement	Write a natural, coherent English sentence.
684	32	Erin bought this concealed axis.	Erin bought these concealed axis.	-80.0	-76.5	-10.0	-9.5625	False	False	morphology	determiner_noun_agreement	Write a natural, coherent English sentence.
685	32	Dan examines this long analysis.	Dan examines these long analysis.	-62.5	-66.0	-8.9375	-9.375	True	True	morphology	determiner_noun_agreement	Write a natural, coherent English sentence.
686	32	These drivers concealed these gray oxen.	These drivers concealed this gray oxen.	-81.0	-83.0	-9.0	-9.1875	True	True	morphology	determiner_noun_agreement	Write a natural, coherent English sentence.
687	32	All children impresses this happy man.	All children impresses these happy man.	-74.5	-77.0	-9.3125	-9.625	True	True	morphology	determiner_noun_agreement	Write a natural, coherent English sentence.
688	32	People will conceal that concealed man.	People will conceal those concealed man.	-67.5	-73.5	-7.53125	-8.1875	True	True	morphology	determiner_noun_agreement	Write a natural, coherent English sentence.
689	32	Some patient returns to this old man.	Some patient returns to these old man.	-68.5	-71.5	-8.5625	-8.9375	True	True	morphology	determiner_noun_agreement	Write a natural, coherent English sentence.
690	32	Many actresses discovered those big oases.	Many actresses discovered that big oases.	-91.0	-88.5	-10.125	-9.8125	False	False	morphology	determiner_noun_agreement	Write a natural, coherent English sentence.
691	32	The school talks about those young alumni.	The school talks about that young alumni.	-69.5	-69.0	-6.96875	-6.875	False	False	morphology	determiner_noun_agreement	Write a natural, coherent English sentence.
692	32	Omar admired these blue fungi.	Omar admired this blue fungi.	-68.5	-70.5	-7.625	-7.875	True	True	morphology	determiner_noun_agreement	Write a natural, coherent English sentence.
693	32	Some school can't hate these good people.	Some school can't hate this good people.	-77.0	-77.0	-7.6875	-7.6875	False	False	morphology	determiner_noun_agreement	Write a natural, coherent English sentence.
694	32	A lot of eggplants wouldn't disturb that determined woman.	A lot of eggplants wouldn't disturb those determined woman.	-81.5	-85.5	-5.8125	-6.09375	True	True	morphology	determiner_noun_agreement	Write a natural, coherent English sentence.
695	32	That cake could annoy these uncertain men.	That cake could annoy this uncertain men.	-80.0	-85.0	-10.0	-10.625	True	True	morphology	determiner_noun_agreement	Write a natural, coherent English sentence.
696	32	Lamps are worrying these hopeful alumni.	Lamps are worrying this hopeful alumni.	-84.0	-85.0	-7.65625	-7.71875	True	True	morphology	determiner_noun_agreement	Write a natural, coherent English sentence.
697	32	A lot of eggplants bore these excited alumni.	A lot of eggplants bore this excited alumni.	-84.0	-85.5	-6.4375	-6.5625	True	True	morphology	determiner_noun_agreement	Write a natural, coherent English sentence.
698	32	A lot of teachers arrived at these old oases.	A lot of teachers arrived at this old oases.	-86.5	-87.0	-7.875	-7.90625	True	True	morphology	determiner_noun_agreement	Write a natural, coherent English sentence.
699	32	Most sweaters hurt those happy people.	Most sweaters hurt that happy people.	-70.5	-74.5	-8.8125	-9.3125	True	True	morphology	determiner_noun_agreement	Write a natural, coherent English sentence.
700	32	Tara scans those good analyses.	Tara scans that good analyses.	-72.5	-73.5	-8.0625	-8.1875	True	True	morphology	determiner_noun_agreement	Write a natural, coherent English sentence.
701	32	The man doesn't reference this out in the open woman.	The man doesn't reference these out in the open woman.	-79.5	-86.0	-6.09375	-6.59375	True	True	morphology	determiner_noun_agreement	Write a natural, coherent English sentence.
702	32	This cashier is leaving this employed person.	This cashier is leaving these employed person.	-64.5	-71.5	-7.15625	-7.9375	True	True	morphology	determiner_noun_agreement	Write a natural, coherent English sentence.
703	32	Bananas bother these clever alumni.	Bananas bother this clever alumni.	-72.5	-73.0	-8.0625	-8.125	True	True	morphology	determiner_noun_agreement	Write a natural, coherent English sentence.
704	32	Some convertibles had worried those fast men.	Some convertibles had worried that fast men.	-87.0	-87.0	-9.6875	-9.6875	False	False	morphology	determiner_noun_agreement	Write a natural, coherent English sentence.
705	32	Carl bored those nice women.	Carl bored that nice women.	-74.0	-69.0	-12.3125	-11.5	False	False	morphology	determiner_noun_agreement	Write a natural, coherent English sentence.
706	32	These teachers explore these old oases.	These teachers explore this old oases.	-82.0	-88.5	-10.25	-11.0625	True	True	morphology	determiner_noun_agreement	Write a natural, coherent English sentence.
707	32	Many waiters work with this scared child.	Many waiters work with these scared child.	-74.5	-79.5	-8.25	-8.875	True	True	morphology	determiner_noun_agreement	Write a natural, coherent English sentence.
708	32	Committees admire that smart child.	Committees admire those smart child.	-63.25	-69.0	-7.03125	-7.65625	True	True	morphology	determiner_noun_agreement	Write a natural, coherent English sentence.
709	32	Matt approaches this exposed child.	Matt approaches these exposed child.	-70.0	-74.0	-11.6875	-12.3125	True	True	morphology	determiner_noun_agreement	Write a natural, coherent English sentence.
710	32	Brian talks to this lucky man.	Brian talks to these lucky man.	-61.0	-66.0	-8.6875	-9.4375	True	True	morphology	determiner_noun_agreement	Write a natural, coherent English sentence.
711	32	A boy isn't talking about that red oasis.	A boy isn't talking about those red oasis.	-78.5	-82.0	-6.53125	-6.8125	True	True	morphology	determiner_noun_agreement	Write a natural, coherent English sentence.
712	32	Phillip bought those black feet.	Phillip bought that black feet.	-61.75	-67.0	-8.8125	-9.5625	True	True	morphology	determiner_noun_agreement	Write a natural, coherent English sentence.
713	32	Eric isn't buying those brown geese.	Eric isn't buying that brown geese.	-69.5	-73.0	-6.9375	-7.3125	True	True	morphology	determiner_noun_agreement	Write a natural, coherent English sentence.
714	32	Elaine remembers this delighted woman.	Elaine remembers these delighted woman.	-60.75	-69.0	-7.59375	-8.625	True	True	morphology	determiner_noun_agreement	Write a natural, coherent English sentence.
715	32	This pedestrian arrives at that smooth oasis.	This pedestrian arrives at those smooth oasis.	-72.0	-77.0	-7.1875	-7.6875	True	True	morphology	determiner_noun_agreement	Write a natural, coherent English sentence.
716	32	Those men forget these smart men.	Those men forget this smart men.	-81.5	-84.0	-11.625	-12.0	True	True	morphology	determiner_noun_agreement	Write a natural, coherent English sentence.
717	32	Tara might alarm this unsure person.	Tara might alarm these unsure person.	-74.0	-82.5	-8.25	-9.125	True	True	morphology	determiner_noun_agreement	Write a natural, coherent English sentence.
718	32	Vanessa was healing those purple geese.	Vanessa was healing that purple geese.	-72.0	-80.5	-8.0	-8.9375	True	True	morphology	determiner_noun_agreement	Write a natural, coherent English sentence.
719	32	Steven hasn't questioned those troubled people.	Steven hasn't questioned that troubled people.	-81.5	-86.0	-8.1875	-8.625	True	True	morphology	determiner_noun_agreement	Write a natural, coherent English sentence.
720	32	Thomas hides this clever woman.	Thomas hides these clever woman.	-65.0	-69.0	-9.3125	-9.875	True	True	morphology	determiner_noun_agreement	Write a natural, coherent English sentence.
721	32	Most eyes confuse these content alumni.	Most eyes confuse this content alumni.	-80.0	-77.0	-8.0	-7.6875	False	False	morphology	determiner_noun_agreement	Write a natural, coherent English sentence.
722	32	That dog aggravates this busy child.	That dog aggravates these busy child.	-62.75	-70.0	-6.96875	-7.78125	True	True	morphology	determiner_noun_agreement	Write a natural, coherent English sentence.
723	32	Karen has attacked this popular child.	Karen has attacked these popular child.	-75.5	-78.0	-10.8125	-11.125	True	True	morphology	determiner_noun_agreement	Write a natural, coherent English sentence.
724	32	Heidi might confuse those displeased men.	Heidi might confuse that displeased men.	-87.0	-94.0	-7.9375	-8.5625	True	True	morphology	determiner_noun_agreement	Write a natural, coherent English sentence.
725	32	Maria kisses this bad person.	Maria kisses these bad person.	-61.5	-67.0	-8.8125	-9.5625	True	True	morphology	determiner_noun_agreement	Write a natural, coherent English sentence.
726	32	Tanya passes this purple oasis.	Tanya passes these purple oasis.	-68.5	-73.5	-8.5625	-9.1875	True	True	morphology	determiner_noun_agreement	Write a natural, coherent English sentence.
727	32	Marla has respected those delighted alumni.	Marla has respected that delighted alumni.	-85.0	-85.0	-8.5	-8.5	False	False	morphology	determiner_noun_agreement	Write a natural, coherent English sentence.
728	32	Paula is investigating this employed alumnus.	Paula is investigating these employed alumnus.	-75.5	-80.0	-6.84375	-7.28125	True	True	morphology	determiner_noun_agreement	Write a natural, coherent English sentence.
729	32	Most chairs aren't disgusting those serious women.	Most chairs aren't disgusting that serious women.	-94.0	-94.0	-8.5625	-8.5625	False	False	morphology	determiner_noun_agreement	Write a natural, coherent English sentence.
730	32	Men hadn't run around this purple oasis.	Men hadn't run around these purple oasis.	-78.5	-86.0	-7.15625	-7.8125	True	True	morphology	determiner_noun_agreement	Write a natural, coherent English sentence.
731	32	Tina hadn't arrived at those green oases.	Tina hadn't arrived at that green oases.	-74.0	-83.0	-6.15625	-6.9375	True	True	morphology	determiner_noun_agreement	Write a natural, coherent English sentence.
732	32	Karla knew this busy alumnus.	Karla knew these busy alumnus.	-83.0	-85.0	-9.25	-9.4375	True	True	morphology	determiner_noun_agreement	Write a natural, coherent English sentence.
733	32	The actors care for these exposed people.	The actors care for this exposed people.	-74.5	-79.5	-9.3125	-9.9375	True	True	morphology	determiner_noun_agreement	Write a natural, coherent English sentence.
734	32	Michelle might alarm this employed man.	Michelle might alarm these employed man.	-71.0	-80.0	-10.125	-11.375	True	True	morphology	determiner_noun_agreement	Write a natural, coherent English sentence.
735	32	Maria hasn't walked through these hard oases.	Maria hasn't walked through this hard oases.	-90.5	-91.5	-8.25	-8.3125	True	True	morphology	determiner_noun_agreement	Write a natural, coherent English sentence.
736	32	That report might disagree with those delighted men.	That report might disagree with that delighted men.	-75.5	-83.5	-8.375	-9.3125	True	True	morphology	determiner_noun_agreement	Write a natural, coherent English sentence.
737	32	Actresses discuss this popular person.	Actresses discuss these popular person.	-70.5	-76.0	-8.8125	-9.5	True	True	morphology	determiner_noun_agreement	Write a natural, coherent English sentence.
738	32	Holly won't watch these unlucky men.	Holly won't watch this unlucky men.	-72.5	-81.5	-6.59375	-7.40625	True	True	morphology	determiner_noun_agreement	Write a natural, coherent English sentence.
739	32	Carl was driving to those blue oases.	Carl was driving to that blue oases.	-65.0	-70.5	-7.21875	-7.8125	True	True	morphology	determiner_noun_agreement	Write a natural, coherent English sentence.
740	32	Bill passes that rough oasis.	Bill passes those rough oasis.	-66.0	-67.0	-9.4375	-9.625	True	True	morphology	determiner_noun_agreement	Write a natural, coherent English sentence.
741	32	All men praise this good thesis.	All men praise these good thesis.	-63.25	-74.0	-9.0	-10.625	True	True	morphology	determiner_noun_agreement	Write a natural, coherent English sentence.
742	32	Many doctors should escape from these hopeful women.	Many doctors should escape from this hopeful women.	-93.0	-93.5	-9.3125	-9.3125	True	False	morphology	determiner_noun_agreement	Write a natural, coherent English sentence.
743	32	Many girls find these nice men.	Many girls find this nice men.	-70.0	-74.5	-10.0	-10.625	True	True	morphology	determiner_noun_agreement	Write a natural, coherent English sentence.
744	32	Every museum helps those concealed children.	Every museum helps that concealed children.	-77.5	-81.5	-9.6875	-10.1875	True	True	morphology	determiner_noun_agreement	Write a natural, coherent English sentence.
745	32	Marla was distracting these determined people.	Marla was distracting this determined people.	-82.0	-83.0	-9.125	-9.1875	True	True	morphology	determiner_noun_agreement	Write a natural, coherent English sentence.
746	32	Those computers might confuse this nice child.	Those computers might confuse these nice child.	-77.0	-89.5	-8.5625	-9.9375	True	True	morphology	determiner_noun_agreement	Write a natural, coherent English sentence.
747	32	Tanya hasn't loved that content woman.	Tanya hasn't loved those content woman.	-75.0	-81.0	-7.5	-8.0625	True	True	morphology	determiner_noun_agreement	Write a natural, coherent English sentence.
748	32	Theresa won't conceal those lost lice.	Theresa won't conceal that lost lice.	-89.5	-84.0	-7.4375	-7.03125	False	False	morphology	determiner_noun_agreement	Write a natural, coherent English sentence.
749	32	The Borgias do cure these out in the open octopi.	The Borgias do cure this out in the open octopi.	-99.5	-97.5	-6.625	-6.5	False	False	morphology	determiner_noun_agreement	Write a natural, coherent English sentence.
750	32	Kenneth messed up those lost teeth.	Kenneth messed up that lost teeth.	-75.0	-76.0	-8.375	-8.4375	True	True	morphology	determiner_noun_agreement	Write a natural, coherent English sentence.
751	32	Jodi doesn't alarm these unsure people.	Jodi doesn't alarm this unsure people.	-70.0	-71.5	-6.375	-6.5	True	True	morphology	determiner_noun_agreement	Write a natural, coherent English sentence.
752	32	This customer scans those good analyses.	This customer scans that good analyses.	-77.0	-78.0	-8.5625	-8.6875	True	True	morphology	determiner_noun_agreement	Write a natural, coherent English sentence.
753	32	Vincent can't watch this hopeful alumnus.	Vincent can't watch these hopeful alumnus.	-80.0	-81.0	-6.65625	-6.78125	True	True	morphology	determiner_noun_agreement	Write a natural, coherent English sentence.
754	32	Jodi talked to this unconvinced child.	Jodi talked to these unconvinced child.	-74.5	-82.5	-6.78125	-7.46875	True	True	morphology	determiner_noun_agreement	Write a natural, coherent English sentence.
755	32	Katherine exited these exposed oases.	Katherine exited this exposed oases.	-76.5	-78.5	-8.5	-8.75	True	True	morphology	determiner_noun_agreement	Write a natural, coherent English sentence.
756	32	Beverly hasn't brought these rough fungi.	Beverly hasn't brought this rough fungi.	-82.5	-84.0	-7.53125	-7.65625	True	True	morphology	determiner_noun_agreement	Write a natural, coherent English sentence.
757	32	That unicycle is boring those standing children.	That unicycle is boring that standing children.	-70.5	-74.5	-7.0625	-7.46875	True	True	morphology	determiner_noun_agreement	Write a natural, coherent English sentence.
758	32	That boy can't escape from those unsure children.	That boy can't escape from that unsure children.	-71.0	-84.5	-5.90625	-7.0625	True	True	morphology	determiner_noun_agreement	Write a natural, coherent English sentence.
759	32	An adult bought these black axes.	An adult bought this black axes.	-76.0	-82.0	-9.5	-10.25	True	True	morphology	determiner_noun_agreement	Write a natural, coherent English sentence.
760	32	Sara isn't kissing this nice woman.	Sara isn't kissing these nice woman.	-73.0	-77.5	-7.3125	-7.78125	True	True	morphology	determiner_noun_agreement	Write a natural, coherent English sentence.
761	32	Robert couldn't embarrass those scared people.	Robert couldn't embarrass that scared people.	-73.5	-73.5	-8.125	-8.125	False	False	morphology	determiner_noun_agreement	Write a natural, coherent English sentence.
762	32	Deborah had fled from that important woman.	Deborah had fled from those important woman.	-74.0	-77.0	-7.40625	-7.6875	True	True	morphology	determiner_noun_agreement	Write a natural, coherent English sentence.
763	32	Brenda discussed that serious woman.	Brenda discussed those serious woman.	-73.0	-81.0	-10.4375	-11.5625	True	True	morphology	determiner_noun_agreement	Write a natural, coherent English sentence.
764	32	Some women questioned that big woman.	Some women questioned those big woman.	-73.5	-82.0	-10.5	-11.75	True	True	morphology	determiner_noun_agreement	Write a natural, coherent English sentence.
765	32	Rodney didn't kiss those displeased women.	Rodney didn't kiss that displeased women.	-73.5	-77.5	-6.125	-6.46875	True	True	morphology	determiner_noun_agreement	Write a natural, coherent English sentence.
766	32	Carrie can help those lost alumni.	Carrie can help that lost alumni.	-73.0	-70.5	-7.28125	-7.0625	False	False	morphology	determiner_noun_agreement	Write a natural, coherent English sentence.
767	32	Many guests approach this lucky man.	Many guests approach these lucky man.	-74.5	-82.0	-10.6875	-11.75	True	True	morphology	determiner_noun_agreement	Write a natural, coherent English sentence.
768	32	Some student messes up that hard foot.	Some student messes up those hard foot.	-82.5	-84.5	-9.1875	-9.375	True	True	morphology	determiner_noun_agreement	Write a natural, coherent English sentence.
769	32	Some men had skated around these hard oases.	Some men had skated around this hard oases.	-84.5	-93.5	-7.6875	-8.5	True	True	morphology	determiner_noun_agreement	Write a natural, coherent English sentence.
770	32	Some light would annoy those happy alumni.	Some light would annoy that happy alumni.	-85.0	-87.5	-8.5	-8.75	True	True	morphology	determiner_noun_agreement	Write a natural, coherent English sentence.
771	32	Many casseroles shock these unconvinced men.	Many casseroles shock this unconvinced men.	-83.0	-86.0	-6.9375	-7.15625	True	True	morphology	determiner_noun_agreement	Write a natural, coherent English sentence.
772	32	Carl talks about those confident children.	Carl talks about that confident children.	-70.0	-77.0	-10.0	-11.0	True	True	morphology	determiner_noun_agreement	Write a natural, coherent English sentence.
773	32	Timothy was dropping by those new oases.	Timothy was dropping by that new oases.	-72.5	-76.5	-7.25	-7.65625	True	True	morphology	determiner_noun_agreement	Write a natural, coherent English sentence.
774	32	Lori has approached these scared people.	Lori has approached this scared people.	-78.5	-75.5	-9.8125	-9.4375	False	False	morphology	determiner_noun_agreement	Write a natural, coherent English sentence.
775	32	Jodi wouldn't mess up those orange feet.	Jodi wouldn't mess up that orange feet.	-78.5	-81.0	-7.15625	-7.375	True	True	morphology	determiner_noun_agreement	Write a natural, coherent English sentence.
776	32	This newspaper article will embarrass this determined child.	This newspaper article will embarrass these determined child.	-90.0	-104.0	-10.0	-11.5625	True	True	morphology	determiner_noun_agreement	Write a natural, coherent English sentence.
777	32	A lot of guys conceal this long analysis.	A lot of guys conceal these long analysis.	-80.0	-80.0	-8.0	-8.0	False	False	morphology	determiner_noun_agreement	Write a natural, coherent English sentence.
778	32	Lawrence fired that serious woman.	Lawrence fired those serious woman.	-64.5	-72.5	-10.8125	-12.0625	True	True	morphology	determiner_noun_agreement	Write a natural, coherent English sentence.
779	32	This story didn't bore this serious man.	This story didn't bore these serious man.	-69.0	-78.5	-6.90625	-7.875	True	True	morphology	determiner_noun_agreement	Write a natural, coherent English sentence.
780	32	Mary can't remember that clever person.	Mary can't remember those clever person.	-61.0	-61.5	-6.78125	-6.84375	True	True	morphology	determiner_noun_agreement	Write a natural, coherent English sentence.
781	32	Marie could listen to that big woman.	Marie could listen to those big woman.	-77.5	-76.0	-9.6875	-9.5	False	False	morphology	determiner_noun_agreement	Write a natural, coherent English sentence.
782	32	Clyde had those exposed axes.	Clyde had that exposed axes.	-75.5	-77.0	-8.375	-8.5625	True	True	morphology	determiner_noun_agreement	Write a natural, coherent English sentence.
783	32	Victoria has left these delighted men.	Victoria has left this delighted men.	-73.0	-74.0	-10.4375	-10.5625	True	True	morphology	determiner_noun_agreement	Write a natural, coherent English sentence.
784	32	The Impressionists disagree with those bad analyses.	The Impressionists disagree with that bad analyses.	-70.0	-73.5	-6.375	-6.6875	True	True	morphology	determiner_noun_agreement	Write a natural, coherent English sentence.
785	32	Amy took that hidden fungus.	Amy took those hidden fungus.	-63.75	-66.0	-7.96875	-8.25	True	True	morphology	determiner_noun_agreement	Write a natural, coherent English sentence.
786	32	Rose was fixing this hard foot.	Rose was fixing these hard foot.	-72.0	-77.0	-10.25	-11.0	True	True	morphology	determiner_noun_agreement	Write a natural, coherent English sentence.
787	32	Most dishes weren't astounding these scared men.	Most dishes weren't astounding this scared men.	-88.5	-92.0	-7.40625	-7.65625	True	True	morphology	determiner_noun_agreement	Write a natural, coherent English sentence.
788	32	The doctor sees those smooth cacti.	The doctor sees that smooth cacti.	-77.5	-77.0	-8.625	-8.5625	False	False	morphology	determiner_noun_agreement	Write a natural, coherent English sentence.
789	32	Rodney hadn't cured these white octopi.	Rodney hadn't cured this white octopi.	-90.0	-92.5	-6.90625	-7.125	True	True	morphology	determiner_noun_agreement	Write a natural, coherent English sentence.
790	32	This museum hadn't disgusted these troubled men.	This museum hadn't disgusted this troubled men.	-86.5	-88.0	-7.21875	-7.34375	True	True	morphology	determiner_noun_agreement	Write a natural, coherent English sentence.
791	32	Patrick complained about those scared men.	Patrick complained about that scared men.	-71.5	-73.0	-10.1875	-10.4375	True	True	morphology	determiner_noun_agreement	Write a natural, coherent English sentence.
792	32	Jacqueline should stun these determined alumni.	Jacqueline should stun this determined alumni.	-79.5	-84.5	-6.625	-7.0625	True	True	morphology	determiner_noun_agreement	Write a natural, coherent English sentence.
793	32	All apples worry this serious man.	All apples worry these serious man.	-63.0	-72.5	-7.875	-9.0625	True	True	morphology	determiner_noun_agreement	Write a natural, coherent English sentence.
794	32	The drawing isn't scaring that old child.	The drawing isn't scaring those old child.	-62.75	-77.0	-5.71875	-6.96875	True	True	morphology	determiner_noun_agreement	Write a natural, coherent English sentence.
795	32	Veronica questioned this uncertain woman.	Veronica questioned these uncertain woman.	-61.75	-62.75	-7.71875	-7.84375	True	True	morphology	determiner_noun_agreement	Write a natural, coherent English sentence.
796	32	Vanessa hadn't known this determined alumnus.	Vanessa hadn't known these determined alumnus.	-80.5	-84.0	-6.6875	-7.0	True	True	morphology	determiner_noun_agreement	Write a natural, coherent English sentence.
797	32	Cynthia hadn't kissed this unemployed man.	Cynthia hadn't kissed these unemployed man.	-76.0	-86.5	-5.875	-6.65625	True	True	morphology	determiner_noun_agreement	Write a natural, coherent English sentence.
798	32	These companies irritate that exposed woman.	These companies irritate those exposed woman.	-81.0	-84.5	-10.125	-10.5625	True	True	morphology	determiner_noun_agreement	Write a natural, coherent English sentence.
799	32	This dancer wasn't biking to this orange oasis.	This dancer wasn't biking to these orange oasis.	-89.0	-93.5	-6.34375	-6.6875	True	True	morphology	determiner_noun_agreement	Write a natural, coherent English sentence.
800	32	Those legislatures could disturb this upset alumnus.	Those legislatures could disturb these upset alumnus.	-105.5	-110.5	-9.5625	-10.0625	True	True	morphology	determiner_noun_agreement	Write a natural, coherent English sentence.
801	32	Some adult hasn't hidden these ill men.	Some adult hasn't hidden this ill men.	-89.5	-90.0	-8.9375	-9.0	True	True	morphology	determiner_noun_agreement	Write a natural, coherent English sentence.
802	32	A cashier should insult these hidden children.	A cashier should insult this hidden children.	-84.0	-86.0	-9.375	-9.5	True	True	morphology	determiner_noun_agreement	Write a natural, coherent English sentence.
803	32	Danielle could annoy that confident man.	Danielle could annoy those confident man.	-69.0	-82.5	-8.625	-10.3125	True	True	morphology	determiner_noun_agreement	Write a natural, coherent English sentence.
804	32	These teachers lift this exposed goose.	These teachers lift these exposed goose.	-78.0	-89.0	-9.75	-11.125	True	True	morphology	determiner_noun_agreement	Write a natural, coherent English sentence.
805	32	Christina drove to that exposed oasis.	Christina drove to those exposed oasis.	-65.0	-69.0	-7.21875	-7.6875	True	True	morphology	determiner_noun_agreement	Write a natural, coherent English sentence.
806	32	Jesus hadn't sounded like these hidden people.	Jesus hadn't sounded like this hidden people.	-74.5	-74.5	-7.4375	-7.46875	False	True	morphology	determiner_noun_agreement	Write a natural, coherent English sentence.
807	32	Many mushrooms irritate that upset man.	Many mushrooms irritate those upset man.	-72.5	-80.0	-8.0625	-8.875	True	True	morphology	determiner_noun_agreement	Write a natural, coherent English sentence.
808	32	Some committee bought those white lice.	Some committee bought that white lice.	-79.0	-76.5	-9.875	-9.5625	False	False	morphology	determiner_noun_agreement	Write a natural, coherent English sentence.
809	32	Daniel hasn't known this determined man.	Daniel hasn't known these determined man.	-73.0	-77.5	-8.125	-8.625	True	True	morphology	determiner_noun_agreement	Write a natural, coherent English sentence.
810	32	Art hadn't scared these serious alumni.	Art hadn't scared this serious alumni.	-86.5	-82.0	-7.875	-7.46875	False	False	morphology	determiner_noun_agreement	Write a natural, coherent English sentence.
811	32	Alice fires this unconvinced child.	Alice fires these unconvinced child.	-78.0	-81.0	-8.6875	-9.0	True	True	morphology	determiner_noun_agreement	Write a natural, coherent English sentence.
812	32	Melanie hid that exposed tooth.	Melanie hid those exposed tooth.	-60.5	-65.5	-8.625	-9.375	True	True	morphology	determiner_noun_agreement	Write a natural, coherent English sentence.
813	32	Most hamsters find that red tooth.	Most hamsters find those red tooth.	-73.5	-76.5	-9.1875	-9.5625	True	True	morphology	determiner_noun_agreement	Write a natural, coherent English sentence.
814	32	Those children explore those small oases.	Those children explore that small oases.	-76.5	-81.5	-9.5625	-10.1875	True	True	morphology	determiner_noun_agreement	Write a natural, coherent English sentence.
815	32	Most museums listen to this troubled man.	Most museums listen to these troubled man.	-69.0	-77.0	-6.90625	-7.6875	True	True	morphology	determiner_noun_agreement	Write a natural, coherent English sentence.
816	32	Patrick embarrassed this unemployed person.	Patrick embarrassed these unemployed person.	-66.0	-73.5	-9.4375	-10.5	True	True	morphology	determiner_noun_agreement	Write a natural, coherent English sentence.
817	32	A lot of icicles had alarmed that hidden woman.	A lot of icicles had alarmed those hidden woman.	-91.0	-97.0	-7.5625	-8.0625	True	True	morphology	determiner_noun_agreement	Write a natural, coherent English sentence.
818	32	Matt hadn't impressed this exposed child.	Matt hadn't impressed these exposed child.	-77.0	-80.5	-8.5625	-8.9375	True	True	morphology	determiner_noun_agreement	Write a natural, coherent English sentence.
819	32	Eric might see those new feet.	Eric might see that new feet.	-65.0	-71.0	-9.25	-10.125	True	True	morphology	determiner_noun_agreement	Write a natural, coherent English sentence.
820	32	Some turtle can confuse this old alumnus.	Some turtle can confuse these old alumnus.	-87.5	-91.0	-6.71875	-7.0	True	True	morphology	determiner_noun_agreement	Write a natural, coherent English sentence.
821	32	Most guests explore these smooth oases.	Most guests explore this smooth oases.	-90.5	-93.0	-11.3125	-11.625	True	True	morphology	determiner_noun_agreement	Write a natural, coherent English sentence.
822	32	Brian has praised that happy alumnus.	Brian has praised those happy alumnus.	-79.0	-86.5	-8.75	-9.625	True	True	morphology	determiner_noun_agreement	Write a natural, coherent English sentence.
823	32	Karen sees these ill lice.	Karen sees this ill lice.	-79.5	-75.5	-11.375	-10.75	False	False	morphology	determiner_noun_agreement	Write a natural, coherent English sentence.
824	32	Alicia doesn't observe this confident alumnus.	Alicia doesn't observe these confident alumnus.	-84.0	-85.0	-6.46875	-6.53125	True	True	morphology	determiner_noun_agreement	Write a natural, coherent English sentence.
825	32	That horse does find this lost octopus.	That horse does find these lost octopus.	-79.0	-84.5	-7.90625	-8.4375	True	True	morphology	determiner_noun_agreement	Write a natural, coherent English sentence.
826	32	Those customers haven't annoyed those delighted children.	Those customers haven't annoyed that delighted children.	-87.5	-89.5	-7.96875	-8.125	True	True	morphology	determiner_noun_agreement	Write a natural, coherent English sentence.
827	32	The Great Lakes confused these hidden women.	The Great Lakes confused this hidden women.	-75.5	-80.5	-8.375	-8.9375	True	True	morphology	determiner_noun_agreement	Write a natural, coherent English sentence.
828	32	Russell watches these unsure women.	Russell watches this unsure women.	-65.0	-69.0	-9.25	-9.875	True	True	morphology	determiner_noun_agreement	Write a natural, coherent English sentence.
829	32	Jacqueline has concealed these long synopses.	Jacqueline has concealed this long synopses.	-76.0	-80.5	-6.34375	-6.6875	True	True	morphology	determiner_noun_agreement	Write a natural, coherent English sentence.
830	32	Carrie isn't hiring this small woman.	Carrie isn't hiring these small woman.	-74.5	-81.5	-7.46875	-8.125	True	True	morphology	determiner_noun_agreement	Write a natural, coherent English sentence.
831	32	Charles doesn't admire these big mice.	Charles doesn't admire this big mice.	-66.5	-71.0	-6.0625	-6.4375	True	True	morphology	determiner_noun_agreement	Write a natural, coherent English sentence.
832	32	The Impressionists might think about that white thesis.	The Impressionists might think about those white thesis.	-73.0	-77.5	-6.65625	-7.0625	True	True	morphology	determiner_noun_agreement	Write a natural, coherent English sentence.
833	32	Most men question those bad people.	Most men question that bad people.	-74.5	-73.0	-10.6875	-10.4375	False	False	morphology	determiner_noun_agreement	Write a natural, coherent English sentence.
834	32	Lissa hasn't left this upset woman.	Lissa hasn't left these upset woman.	-78.5	-85.0	-7.875	-8.5	True	True	morphology	determiner_noun_agreement	Write a natural, coherent English sentence.
835	32	Janice won't fire that determined child.	Janice won't fire those determined child.	-80.0	-87.5	-8.0	-8.75	True	True	morphology	determiner_noun_agreement	Write a natural, coherent English sentence.
836	32	This company criticized this lucky man.	This company criticized these lucky man.	-71.0	-81.0	-8.875	-10.125	True	True	morphology	determiner_noun_agreement	Write a natural, coherent English sentence.
837	32	The banks hurt that excited woman.	The banks hurt those excited woman.	-68.0	-73.0	-9.75	-10.4375	True	True	morphology	determiner_noun_agreement	Write a natural, coherent English sentence.
838	32	Peter wasn't walking through those red oases.	Peter wasn't walking through that red oases.	-78.5	-80.5	-7.125	-7.3125	True	True	morphology	determiner_noun_agreement	Write a natural, coherent English sentence.
839	32	Rebecca wasn't referencing this long synopsis.	Rebecca wasn't referencing these long synopsis.	-78.0	-86.5	-7.0625	-7.84375	True	True	morphology	determiner_noun_agreement	Write a natural, coherent English sentence.
840	32	Naomi notices this smooth octopus.	Naomi notices these smooth octopus.	-68.5	-75.5	-6.84375	-7.53125	True	True	morphology	determiner_noun_agreement	Write a natural, coherent English sentence.
841	32	Patrick conceals this hard stimulus.	Patrick conceals these hard stimulus.	-80.5	-83.0	-10.0625	-10.375	True	True	morphology	determiner_noun_agreement	Write a natural, coherent English sentence.
842	32	Candice shouldn't bring those smooth feet.	Candice shouldn't bring that smooth feet.	-84.0	-84.0	-8.375	-8.4375	False	True	morphology	determiner_noun_agreement	Write a natural, coherent English sentence.
843	32	All books sound like those content women.	All books sound like that content women.	-74.0	-77.0	-9.25	-9.625	True	True	morphology	determiner_noun_agreement	Write a natural, coherent English sentence.
844	32	Bethany hasn't arrived at this white oasis.	Bethany hasn't arrived at these white oasis.	-74.0	-73.5	-6.15625	-6.125	False	False	morphology	determiner_noun_agreement	Write a natural, coherent English sentence.
845	32	Steve reveals these unemployed alumni.	Steve reveals this unemployed alumni.	-80.5	-77.0	-8.9375	-8.5625	False	False	morphology	determiner_noun_agreement	Write a natural, coherent English sentence.
846	32	Sonia was upsetting that ill woman.	Sonia was upsetting those ill woman.	-76.0	-79.5	-8.5	-8.875	True	True	morphology	determiner_noun_agreement	Write a natural, coherent English sentence.
847	32	Keith wasn't boring these delighted men.	Keith wasn't boring this delighted men.	-85.0	-83.5	-9.4375	-9.25	False	False	morphology	determiner_noun_agreement	Write a natural, coherent English sentence.
848	32	The Borgias admire these hard mice.	The Borgias admire this hard mice.	-81.5	-87.0	-7.40625	-7.90625	True	True	morphology	determiner_noun_agreement	Write a natural, coherent English sentence.
849	32	These drivers had forgotten this good analysis.	These drivers had forgotten these good analysis.	-83.0	-87.0	-10.375	-10.875	True	True	morphology	determiner_noun_agreement	Write a natural, coherent English sentence.
850	32	Helen skates around this blue oasis.	Helen skates around these blue oasis.	-76.5	-81.0	-8.5	-9.0	True	True	morphology	determiner_noun_agreement	Write a natural, coherent English sentence.
851	32	Galileo found that smooth stimulus.	Galileo found those smooth stimulus.	-70.5	-84.5	-7.84375	-9.4375	True	True	morphology	determiner_noun_agreement	Write a natural, coherent English sentence.
852	32	Kimberley isn't curing these small octopi.	Kimberley isn't curing this small octopi.	-88.5	-91.0	-6.3125	-6.5	True	True	morphology	determiner_noun_agreement	Write a natural, coherent English sentence.
853	32	Debra didn't conceal these popular men.	Debra didn't conceal this popular men.	-80.0	-87.0	-7.28125	-7.90625	True	True	morphology	determiner_noun_agreement	Write a natural, coherent English sentence.
854	32	A lot of doctors hug these scared children.	A lot of doctors hug this scared children.	-69.5	-76.0	-7.75	-8.4375	True	True	morphology	determiner_noun_agreement	Write a natural, coherent English sentence.
855	32	Those pedestrians weren't fleeing from these concealed men.	Those pedestrians weren't fleeing from this concealed men.	-89.0	-100.0	-5.9375	-6.65625	True	True	morphology	determiner_noun_agreement	Write a natural, coherent English sentence.
856	32	Those children find that exposed thesis.	Those children find those exposed thesis.	-78.0	-82.5	-11.125	-11.75	True	True	morphology	determiner_noun_agreement	Write a natural, coherent English sentence.
857	32	Debra admires these blue octopi.	Debra admires this blue octopi.	-72.0	-72.0	-7.1875	-7.21875	False	True	morphology	determiner_noun_agreement	Write a natural, coherent English sentence.
858	32	Bruce wasn't approaching that clever alumnus.	Bruce wasn't approaching those clever alumnus.	-84.5	-89.0	-7.71875	-8.0625	True	True	morphology	determiner_noun_agreement	Write a natural, coherent English sentence.
859	32	Lawrence isn't questioning that nice woman.	Lawrence isn't questioning those nice woman.	-71.0	-82.5	-7.90625	-9.1875	True	True	morphology	determiner_noun_agreement	Write a natural, coherent English sentence.
860	32	Some waitresses have this big octopus.	Some waitresses have these big octopus.	-73.5	-70.5	-6.65625	-6.40625	False	False	morphology	determiner_noun_agreement	Write a natural, coherent English sentence.
861	32	Carolyn had embarrassed that busy alumnus.	Carolyn had embarrassed those busy alumnus.	-81.5	-85.5	-8.125	-8.5625	True	True	morphology	determiner_noun_agreement	Write a natural, coherent English sentence.
862	32	Jeffrey aggravated that smart man.	Jeffrey aggravated those smart man.	-71.0	-77.0	-7.90625	-8.5625	True	True	morphology	determiner_noun_agreement	Write a natural, coherent English sentence.
863	32	Guy messed up this yellow foot.	Guy messed up these yellow foot.	-63.5	-68.5	-7.9375	-8.5625	True	True	morphology	determiner_noun_agreement	Write a natural, coherent English sentence.
864	32	Every book is embarrassing this small woman.	Every book is embarrassing these small woman.	-70.0	-81.0	-7.8125	-9.0	True	True	morphology	determiner_noun_agreement	Write a natural, coherent English sentence.
865	32	These associations were talking about these scared women.	These associations were talking about this scared women.	-79.0	-80.0	-8.8125	-8.875	True	True	morphology	determiner_noun_agreement	Write a natural, coherent English sentence.
866	32	Todd disturbs this upset child.	Todd disturbs these upset child.	-70.0	-75.5	-8.75	-9.4375	True	True	morphology	determiner_noun_agreement	Write a natural, coherent English sentence.
867	32	That window alarms these exposed women.	That window alarms this exposed women.	-75.0	-76.0	-9.375	-9.5	True	True	morphology	determiner_noun_agreement	Write a natural, coherent English sentence.
868	32	A window upsets these upset men.	A window upsets this upset men.	-73.0	-74.5	-9.125	-9.3125	True	True	morphology	determiner_noun_agreement	Write a natural, coherent English sentence.
869	32	Monet is fixing that brown foot.	Monet is fixing those brown foot.	-75.0	-82.5	-9.375	-10.3125	True	True	morphology	determiner_noun_agreement	Write a natural, coherent English sentence.
870	32	Adam left these big alumni.	Adam left this big alumni.	-75.5	-72.5	-9.4375	-9.0625	False	False	morphology	determiner_noun_agreement	Write a natural, coherent English sentence.
871	32	Stacy can exit that big oasis.	Stacy can exit those big oasis.	-75.5	-81.5	-8.4375	-9.0625	True	True	morphology	determiner_noun_agreement	Write a natural, coherent English sentence.
872	32	Roger was returning to those happy alumni.	Roger was returning to that happy alumni.	-78.0	-82.5	-7.8125	-8.25	True	True	morphology	determiner_noun_agreement	Write a natural, coherent English sentence.
873	32	Dana isn't investigating this ill woman.	Dana isn't investigating these ill woman.	-75.0	-82.0	-6.84375	-7.46875	True	True	morphology	determiner_noun_agreement	Write a natural, coherent English sentence.
874	32	Tammy has those yellow axes.	Tammy has that yellow axes.	-69.0	-72.5	-8.625	-9.0625	True	True	morphology	determiner_noun_agreement	Write a natural, coherent English sentence.
875	32	Marla leaves those employed children.	Marla leaves that employed children.	-77.0	-72.5	-11.0	-10.375	False	False	morphology	determiner_noun_agreement	Write a natural, coherent English sentence.
876	32	Sarah referenced that ill child.	Sarah referenced those ill child.	-72.0	-74.5	-10.25	-10.625	True	True	morphology	determiner_noun_agreement	Write a natural, coherent English sentence.
877	32	Edward complained about this serious child.	Edward complained about these serious child.	-72.0	-78.0	-10.25	-11.125	True	True	morphology	determiner_noun_agreement	Write a natural, coherent English sentence.
878	32	Carolyn healed those bad women.	Carolyn healed that bad women.	-67.5	-69.5	-8.4375	-8.6875	True	True	morphology	determiner_noun_agreement	Write a natural, coherent English sentence.
879	32	The waitresses fired those upset alumni.	The waitresses fired that upset alumni.	-80.5	-83.0	-7.3125	-7.5625	True	True	morphology	determiner_noun_agreement	Write a natural, coherent English sentence.
880	32	Every driver dropped by that old oasis.	Every driver dropped by those old oasis.	-71.5	-83.0	-7.96875	-9.1875	True	True	morphology	determiner_noun_agreement	Write a natural, coherent English sentence.
881	32	William hadn't hugged these hopeful alumni.	William hadn't hugged this hopeful alumni.	-89.0	-91.0	-6.875	-7.0	True	True	morphology	determiner_noun_agreement	Write a natural, coherent English sentence.
882	32	The Lutherans had messed up those lost feet.	The Lutherans had messed up that lost feet.	-85.0	-87.0	-7.75	-7.90625	True	True	morphology	determiner_noun_agreement	Write a natural, coherent English sentence.
883	32	Florence hasn't confused those standing men.	Florence hasn't confused that standing men.	-77.0	-81.0	-8.5625	-9.0	True	True	morphology	determiner_noun_agreement	Write a natural, coherent English sentence.
884	32	Some convertible upset this upset woman.	Some convertible upset these upset woman.	-75.5	-82.0	-9.4375	-10.25	True	True	morphology	determiner_noun_agreement	Write a natural, coherent English sentence.
885	32	Rebecca saw this hidden foot.	Rebecca saw these hidden foot.	-68.5	-73.0	-11.4375	-12.125	True	True	morphology	determiner_noun_agreement	Write a natural, coherent English sentence.
886	32	Derek returned to these content men.	Derek returned to this content men.	-72.0	-73.5	-9.0	-9.1875	True	True	morphology	determiner_noun_agreement	Write a natural, coherent English sentence.
887	32	Those teachers love those hidden women.	Those teachers love that hidden women.	-84.0	-84.0	-12.0	-12.0	False	False	morphology	determiner_noun_agreement	Write a natural, coherent English sentence.
888	32	Jennifer worried those ill men.	Jennifer worried that ill men.	-76.0	-65.0	-12.6875	-10.875	False	False	morphology	determiner_noun_agreement	Write a natural, coherent English sentence.
889	32	A chair was stunning this big man.	A chair was stunning these big man.	-67.0	-72.0	-8.375	-9.0	True	True	morphology	determiner_noun_agreement	Write a natural, coherent English sentence.
890	32	Paintings looked like that gray thesis.	Paintings looked like those gray thesis.	-83.0	-86.0	-9.1875	-9.5625	True	True	morphology	determiner_noun_agreement	Write a natural, coherent English sentence.
891	32	Karla toured this rough oasis.	Karla toured these rough oasis.	-77.0	-79.5	-8.5625	-8.8125	True	True	morphology	determiner_noun_agreement	Write a natural, coherent English sentence.
892	32	Walter couldn't boycott those hidden oases.	Walter couldn't boycott that hidden oases.	-87.5	-88.5	-7.96875	-8.0625	True	True	morphology	determiner_noun_agreement	Write a natural, coherent English sentence.
893	32	Donald has worried this smart man.	Donald has worried these smart man.	-71.0	-77.5	-10.125	-11.0625	True	True	morphology	determiner_noun_agreement	Write a natural, coherent English sentence.
894	32	Catherine has boycotted those gray oases.	Catherine has boycotted that gray oases.	-83.0	-89.0	-8.3125	-8.875	True	True	morphology	determiner_noun_agreement	Write a natural, coherent English sentence.
895	32	Nicole toured those yellow oases.	Nicole toured that yellow oases.	-79.0	-80.0	-9.875	-10.0	True	True	morphology	determiner_noun_agreement	Write a natural, coherent English sentence.
896	32	Barbara praises that young woman.	Barbara praises those young woman.	-60.75	-72.5	-8.6875	-10.375	True	True	morphology	determiner_noun_agreement	Write a natural, coherent English sentence.
897	32	The apple aggravates those hopeful children.	The apple aggravates that hopeful children.	-64.5	-64.5	-6.4375	-6.46875	False	True	morphology	determiner_noun_agreement	Write a natural, coherent English sentence.
898	32	All photographs could look like this big fungus.	All photographs could look like these big fungus.	-83.0	-87.5	-7.53125	-7.9375	True	True	morphology	determiner_noun_agreement	Write a natural, coherent English sentence.
899	32	Guys should talk about that good synopsis.	Guys should talk about those good synopsis.	-79.5	-81.0	-7.9375	-8.0625	True	True	morphology	determiner_noun_agreement	Write a natural, coherent English sentence.
900	32	Tracy discovered this concealed alumnus.	Tracy discovered these concealed alumnus.	-74.0	-79.0	-7.40625	-7.90625	True	True	morphology	determiner_noun_agreement	Write a natural, coherent English sentence.
901	32	All actresses are helping this troubled man.	All actresses are helping these troubled man.	-61.25	-71.5	-6.125	-7.15625	True	True	morphology	determiner_noun_agreement	Write a natural, coherent English sentence.
902	32	Douglas isn't revealing this dirty foot.	Douglas isn't revealing these dirty foot.	-91.0	-94.0	-10.125	-10.4375	True	True	morphology	determiner_noun_agreement	Write a natural, coherent English sentence.
903	32	Most senators confuse that standing child.	Most senators confuse those standing child.	-94.5	-88.5	-10.5	-9.875	False	False	morphology	determiner_noun_agreement	Write a natural, coherent English sentence.
904	32	Those doctors embarrass that upset woman.	Those doctors embarrass those upset woman.	-78.0	-88.0	-11.1875	-12.625	True	True	morphology	determiner_noun_agreement	Write a natural, coherent English sentence.
905	32	A lot of customers were healing those sick men.	A lot of customers were healing that sick men.	-69.0	-76.5	-6.875	-7.65625	True	True	morphology	determiner_noun_agreement	Write a natural, coherent English sentence.
906	32	Sabrina does conceal these old alumni.	Sabrina does conceal this old alumni.	-85.0	-86.0	-7.09375	-7.15625	True	True	morphology	determiner_noun_agreement	Write a natural, coherent English sentence.
907	32	Many girls can't observe those young alumni.	Many girls can't observe that young alumni.	-90.5	-88.5	-7.53125	-7.34375	False	False	morphology	determiner_noun_agreement	Write a natural, coherent English sentence.
908	32	The actresses hire that lucky man.	The actresses hire those lucky man.	-69.0	-75.0	-8.625	-9.375	True	True	morphology	determiner_noun_agreement	Write a natural, coherent English sentence.
909	32	Andrea is firing that scared child.	Andrea is firing those scared child.	-68.0	-78.5	-9.6875	-11.1875	True	True	morphology	determiner_noun_agreement	Write a natural, coherent English sentence.
910	32	That dancer scanned that bad synopsis.	That dancer scanned those bad synopsis.	-84.5	-84.5	-8.4375	-8.4375	False	False	morphology	determiner_noun_agreement	Write a natural, coherent English sentence.
911	32	Daniel breaks these dirty teeth.	Daniel breaks this dirty teeth.	-60.0	-64.5	-10.0	-10.75	True	True	morphology	determiner_noun_agreement	Write a natural, coherent English sentence.
912	32	Students had messed up those purple teeth.	Students had messed up that purple teeth.	-78.5	-82.5	-8.75	-9.125	True	True	morphology	determiner_noun_agreement	Write a natural, coherent English sentence.
913	32	Becky boycotted those old oases.	Becky boycotted that old oases.	-71.0	-77.5	-7.09375	-7.75	True	True	morphology	determiner_noun_agreement	Write a natural, coherent English sentence.
914	32	Florence talks to those good women.	Florence talks to that good women.	-69.5	-74.5	-9.9375	-10.625	True	True	morphology	determiner_noun_agreement	Write a natural, coherent English sentence.
915	32	Carmen won't break this big foot.	Carmen won't break these big foot.	-73.5	-84.5	-7.375	-8.4375	True	True	morphology	determiner_noun_agreement	Write a natural, coherent English sentence.
916	32	Stephen fired those employed men.	Stephen fired that employed men.	-67.0	-67.5	-11.1875	-11.25	True	True	morphology	determiner_noun_agreement	Write a natural, coherent English sentence.
917	32	Many governments confuse this sick woman.	Many governments confuse these sick woman.	-85.0	-91.0	-10.625	-11.375	True	True	morphology	determiner_noun_agreement	Write a natural, coherent English sentence.
918	32	Heidi healed this troubled child.	Heidi healed these troubled child.	-66.5	-71.0	-7.40625	-7.90625	True	True	morphology	determiner_noun_agreement	Write a natural, coherent English sentence.
919	32	Daniel questions these employed alumni.	Daniel questions this employed alumni.	-74.0	-73.0	-9.25	-9.125	False	False	morphology	determiner_noun_agreement	Write a natural, coherent English sentence.
920	32	People admire these yellow oxen.	People admire this yellow oxen.	-66.5	-63.25	-8.3125	-7.90625	False	False	morphology	determiner_noun_agreement	Write a natural, coherent English sentence.
921	32	Those adults embarrasses this displeased woman.	Those adults embarrasses these displeased woman.	-86.0	-100.5	-8.625	-10.0625	True	True	morphology	determiner_noun_agreement	Write a natural, coherent English sentence.
922	32	Winston Churchill notices these big nuclei.	Winston Churchill notices this big nuclei.	-77.5	-78.5	-7.03125	-7.125	True	True	morphology	determiner_noun_agreement	Write a natural, coherent English sentence.
923	32	All women hide those concealed nuclei.	All women hide that concealed nuclei.	-81.5	-86.5	-9.0625	-9.625	True	True	morphology	determiner_noun_agreement	Write a natural, coherent English sentence.
924	32	Charles was escaping from those lucky men.	Charles was escaping from that lucky men.	-72.5	-79.0	-8.0625	-8.8125	True	True	morphology	determiner_noun_agreement	Write a natural, coherent English sentence.
925	32	Paul doesn't insult this happy woman.	Paul doesn't insult these happy woman.	-65.5	-77.0	-7.25	-8.5625	True	True	morphology	determiner_noun_agreement	Write a natural, coherent English sentence.
926	32	Galileo isn't scanning this brown thesis.	Galileo isn't scanning these brown thesis.	-78.5	-86.5	-6.53125	-7.21875	True	True	morphology	determiner_noun_agreement	Write a natural, coherent English sentence.
927	32	The newspaper article doesn't annoy that exposed man.	The newspaper article doesn't annoy those exposed man.	-80.5	-88.5	-7.28125	-8.0625	True	True	morphology	determiner_noun_agreement	Write a natural, coherent English sentence.
928	32	Carmen noticed these gray cacti.	Carmen noticed this gray cacti.	-70.0	-73.5	-7.78125	-8.125	True	True	morphology	determiner_noun_agreement	Write a natural, coherent English sentence.
929	32	Teresa approaches this upset man.	Teresa approaches these upset man.	-68.5	-77.0	-9.8125	-11.0	True	True	morphology	determiner_noun_agreement	Write a natural, coherent English sentence.
930	32	April was revealing this hidden woman.	April was revealing these hidden woman.	-76.0	-78.0	-10.8125	-11.125	True	True	morphology	determiner_noun_agreement	Write a natural, coherent English sentence.
931	32	Michael has loved these scared men.	Michael has loved this scared men.	-71.0	-77.0	-10.125	-10.9375	True	True	morphology	determiner_noun_agreement	Write a natural, coherent English sentence.
932	32	Joseph hadn't bought those hard lice.	Joseph hadn't bought that hard lice.	-91.0	-87.0	-9.0625	-8.6875	False	False	morphology	determiner_noun_agreement	Write a natural, coherent English sentence.
933	32	Larry did drive to this out in the open oasis.	Larry did drive to these out in the open oasis.	-90.0	-96.0	-7.5	-8.0	True	True	morphology	determiner_noun_agreement	Write a natural, coherent English sentence.
934	32	Lisa hasn't driven to that new oasis.	Lisa hasn't driven to those new oasis.	-67.0	-72.5	-6.09375	-6.5625	True	True	morphology	determiner_noun_agreement	Write a natural, coherent English sentence.
935	32	Steve scanned this good synopsis.	Steve scanned these good synopsis.	-68.0	-75.5	-8.5	-9.4375	True	True	morphology	determiner_noun_agreement	Write a natural, coherent English sentence.
936	32	The Lutherans care for those hopeful men.	The Lutherans care for that hopeful men.	-82.0	-85.0	-8.1875	-8.5	True	True	morphology	determiner_noun_agreement	Write a natural, coherent English sentence.
937	32	Christine bikes to these orange oases.	Christine bikes to this orange oases.	-83.0	-90.5	-8.3125	-9.0625	True	True	morphology	determiner_noun_agreement	Write a natural, coherent English sentence.
938	32	Most actors distracted this popular woman.	Most actors distracted these popular woman.	-74.0	-78.0	-9.25	-9.75	True	True	morphology	determiner_noun_agreement	Write a natural, coherent English sentence.
939	32	Emily should observe those displeased men.	Emily should observe that displeased men.	-79.5	-83.5	-8.8125	-9.3125	True	True	morphology	determiner_noun_agreement	Write a natural, coherent English sentence.
940	32	The drivers do sell this green thesis.	The drivers do sell these green thesis.	-82.5	-82.0	-10.3125	-10.25	False	False	morphology	determiner_noun_agreement	Write a natural, coherent English sentence.
941	32	Most drivers love these unemployed men.	Most drivers love this unemployed men.	-71.0	-77.0	-8.875	-9.625	True	True	morphology	determiner_noun_agreement	Write a natural, coherent English sentence.
942	32	Those doctors care for this hopeful man.	Those doctors care for these hopeful man.	-79.0	-93.5	-8.8125	-10.375	True	True	morphology	determiner_noun_agreement	Write a natural, coherent English sentence.
943	32	Brad kisses that displeased man.	Brad kisses those displeased man.	-62.25	-75.5	-6.90625	-8.375	True	True	morphology	determiner_noun_agreement	Write a natural, coherent English sentence.
944	32	Danielle had argued about those troubled men.	Danielle had argued about that troubled men.	-81.5	-87.5	-8.125	-8.75	True	True	morphology	determiner_noun_agreement	Write a natural, coherent English sentence.
945	32	An actor is disgusting those unsure men.	An actor is disgusting that unsure men.	-87.0	-86.0	-8.6875	-8.5625	False	False	morphology	determiner_noun_agreement	Write a natural, coherent English sentence.
946	32	Galileo didn't hurt those displeased children.	Galileo didn't hurt that displeased children.	-80.0	-77.5	-6.15625	-5.96875	False	False	morphology	determiner_noun_agreement	Write a natural, coherent English sentence.
947	32	Omar messed up these small teeth.	Omar messed up this small teeth.	-65.0	-68.5	-7.21875	-7.625	True	True	morphology	determiner_noun_agreement	Write a natural, coherent English sentence.
948	32	Carmen will watch this smart person.	Carmen will watch these smart person.	-71.5	-72.0	-8.9375	-9.0	True	True	morphology	determiner_noun_agreement	Write a natural, coherent English sentence.
949	32	Jeffrey hid that unlucky child.	Jeffrey hid those unlucky child.	-82.0	-82.0	-9.125	-9.125	False	False	morphology	determiner_noun_agreement	Write a natural, coherent English sentence.
950	32	Every plane bothers this upset child.	Every plane bothers these upset child.	-66.0	-75.5	-8.25	-9.4375	True	True	morphology	determiner_noun_agreement	Write a natural, coherent English sentence.
951	32	A lot of hospitals have those blue teeth.	A lot of hospitals have that blue teeth.	-70.0	-71.5	-7.75	-7.9375	True	True	morphology	determiner_noun_agreement	Write a natural, coherent English sentence.
952	32	Nancy wasn't disturbing that clever man.	Nancy wasn't disturbing those clever man.	-72.0	-81.0	-7.21875	-8.125	True	True	morphology	determiner_noun_agreement	Write a natural, coherent English sentence.
953	32	These ladies bought that white tooth.	These ladies bought those white tooth.	-87.5	-89.0	-12.5	-12.6875	True	True	morphology	determiner_noun_agreement	Write a natural, coherent English sentence.
954	32	Every skirt annoys that confident person.	Every skirt annoys those confident person.	-66.0	-75.5	-7.3125	-8.375	True	True	morphology	determiner_noun_agreement	Write a natural, coherent English sentence.
955	32	These actors weren't biking to these red oases.	These actors weren't biking to this red oases.	-87.5	-90.5	-6.71875	-6.96875	True	True	morphology	determiner_noun_agreement	Write a natural, coherent English sentence.
956	32	Carmen has described those confident people.	Carmen has described that confident people.	-68.5	-71.5	-8.5625	-8.9375	True	True	morphology	determiner_noun_agreement	Write a natural, coherent English sentence.
957	32	All legislatures criticize that brown oasis.	All legislatures criticize those brown oasis.	-83.5	-85.0	-8.375	-8.5	True	True	morphology	determiner_noun_agreement	Write a natural, coherent English sentence.
958	32	Paula works with that clever person.	Paula works with those clever person.	-70.0	-76.0	-8.75	-9.5	True	True	morphology	determiner_noun_agreement	Write a natural, coherent English sentence.
959	32	Benjamin respects those confident children.	Benjamin respects that confident children.	-71.0	-70.5	-10.125	-10.0625	False	False	morphology	determiner_noun_agreement	Write a natural, coherent English sentence.
960	32	Mitchell attacked these unsure alumni.	Mitchell attacked this unsure alumni.	-75.0	-79.0	-8.3125	-8.8125	True	True	morphology	determiner_noun_agreement	Write a natural, coherent English sentence.
961	32	The Lutherans hadn't cleaned these broken teeth.	The Lutherans hadn't cleaned this broken teeth.	-83.0	-85.0	-7.53125	-7.71875	True	True	morphology	determiner_noun_agreement	Write a natural, coherent English sentence.
962	32	A lot of children observe that young child.	A lot of children observe those young child.	-68.5	-71.0	-7.59375	-7.90625	True	True	morphology	determiner_noun_agreement	Write a natural, coherent English sentence.
963	32	Gary hadn't sounded like this out in the open oasis.	Gary hadn't sounded like these out in the open oasis.	-86.5	-91.5	-6.1875	-6.53125	True	True	morphology	determiner_noun_agreement	Write a natural, coherent English sentence.
964	32	That fish annoyed this serious alumnus.	That fish annoyed these serious alumnus.	-74.5	-80.5	-7.46875	-8.0625	True	True	morphology	determiner_noun_agreement	Write a natural, coherent English sentence.
965	32	Spotlights worry those standing people.	Spotlights worry that standing people.	-72.5	-71.0	-10.375	-10.1875	False	False	morphology	determiner_noun_agreement	Write a natural, coherent English sentence.
966	32	Rodney returned to these content alumni.	Rodney returned to this content alumni.	-76.5	-73.0	-7.65625	-7.28125	False	False	morphology	determiner_noun_agreement	Write a natural, coherent English sentence.
967	32	Bruce references this unemployed child.	Bruce references these unemployed child.	-72.0	-77.5	-10.25	-11.0625	True	True	morphology	determiner_noun_agreement	Write a natural, coherent English sentence.
968	32	Many museums criticize this bad analysis.	Many museums criticize these bad analysis.	-74.5	-79.5	-8.25	-8.8125	True	True	morphology	determiner_noun_agreement	Write a natural, coherent English sentence.
969	32	Danielle knows that concealed man.	Danielle knows those concealed man.	-78.5	-73.5	-9.8125	-9.1875	False	False	morphology	determiner_noun_agreement	Write a natural, coherent English sentence.
970	32	Katherine sells that smooth oasis.	Katherine sells those smooth oasis.	-70.5	-74.0	-7.84375	-8.1875	True	True	morphology	determiner_noun_agreement	Write a natural, coherent English sentence.
971	32	Meredith hadn't scared these clever people.	Meredith hadn't scared this clever people.	-74.5	-73.5	-6.75	-6.6875	False	False	morphology	determiner_noun_agreement	Write a natural, coherent English sentence.
972	32	Walter biked to these gray oases.	Walter biked to this gray oases.	-76.5	-81.0	-7.625	-8.125	True	True	morphology	determiner_noun_agreement	Write a natural, coherent English sentence.
973	32	Phillip has investigated this unemployed man.	Phillip has investigated these unemployed man.	-70.5	-79.0	-7.84375	-8.8125	True	True	morphology	determiner_noun_agreement	Write a natural, coherent English sentence.
974	32	Alice knows that ill woman.	Alice knows those ill woman.	-60.25	-66.5	-10.0625	-11.0625	True	True	morphology	determiner_noun_agreement	Write a natural, coherent English sentence.
975	32	Daniel bothered that unemployed alumnus.	Daniel bothered those unemployed alumnus.	-75.0	-79.5	-8.375	-8.875	True	True	morphology	determiner_noun_agreement	Write a natural, coherent English sentence.
976	32	Some children notice this black thesis.	Some children notice these black thesis.	-71.5	-74.5	-10.25	-10.6875	True	True	morphology	determiner_noun_agreement	Write a natural, coherent English sentence.
977	32	George has alarmed these unemployed children.	George has alarmed this unemployed children.	-69.5	-70.5	-7.71875	-7.84375	True	True	morphology	determiner_noun_agreement	Write a natural, coherent English sentence.
978	32	Sarah won't drive to this concealed oasis.	Sarah won't drive to these concealed oasis.	-73.0	-79.5	-6.0625	-6.625	True	True	morphology	determiner_noun_agreement	Write a natural, coherent English sentence.
979	32	Grace arrived at those small oases.	Grace arrived at that small oases.	-64.0	-70.0	-8.0	-8.75	True	True	morphology	determiner_noun_agreement	Write a natural, coherent English sentence.
980	32	David kisses that lucky man.	David kisses those lucky man.	-62.5	-71.0	-8.9375	-10.1875	True	True	morphology	determiner_noun_agreement	Write a natural, coherent English sentence.
981	32	Laura isn't lifting this smooth axis.	Laura isn't lifting these smooth axis.	-84.0	-90.5	-9.3125	-10.0625	True	True	morphology	determiner_noun_agreement	Write a natural, coherent English sentence.
982	32	Mark embarrassed these confident children.	Mark embarrassed this confident children.	-60.5	-64.0	-10.0625	-10.6875	True	True	morphology	determiner_noun_agreement	Write a natural, coherent English sentence.
983	32	Patients bothers this employed man.	Patients bothers these employed man.	-70.5	-74.0	-8.8125	-9.25	True	True	morphology	determiner_noun_agreement	Write a natural, coherent English sentence.
984	32	Christopher has criticized this bad synopsis.	Christopher has criticized these bad synopsis.	-72.5	-83.0	-8.0625	-9.25	True	True	morphology	determiner_noun_agreement	Write a natural, coherent English sentence.
985	32	Todd hadn't gone to this cheap oasis.	Todd hadn't gone to these cheap oasis.	-80.5	-81.0	-7.3125	-7.375	True	True	morphology	determiner_noun_agreement	Write a natural, coherent English sentence.
986	32	Becca does investigate this lucky alumnus.	Becca does investigate these lucky alumnus.	-90.5	-97.0	-9.0	-9.75	True	True	morphology	determiner_noun_agreement	Write a natural, coherent English sentence.
987	32	Sabrina visits those fast women.	Sabrina visits that fast women.	-72.5	-76.5	-9.0625	-9.5625	True	True	morphology	determiner_noun_agreement	Write a natural, coherent English sentence.
988	32	Janet knew those unconvinced children.	Janet knew that unconvinced children.	-78.0	-74.0	-7.8125	-7.375	False	False	morphology	determiner_noun_agreement	Write a natural, coherent English sentence.
989	32	Christine hated this young man.	Christine hated these young man.	-56.0	-70.0	-8.0	-10.0	True	True	morphology	determiner_noun_agreement	Write a natural, coherent English sentence.
990	32	Chad hadn't complained about these big oases.	Chad hadn't complained about this big oases.	-82.0	-84.5	-6.84375	-7.03125	True	True	morphology	determiner_noun_agreement	Write a natural, coherent English sentence.
991	32	Many bikes stun that nice man.	Many bikes stun those nice man.	-75.0	-82.5	-8.375	-9.1875	True	True	morphology	determiner_noun_agreement	Write a natural, coherent English sentence.
992	32	William hasn't investigated these fast men.	William hasn't investigated this fast men.	-80.0	-82.0	-8.875	-9.125	True	True	morphology	determiner_noun_agreement	Write a natural, coherent English sentence.
993	32	Kristin couldn't research these smooth oases.	Kristin couldn't research this smooth oases.	-86.0	-93.0	-7.84375	-8.5	True	True	morphology	determiner_noun_agreement	Write a natural, coherent English sentence.
994	32	Travis arrives at these old oases.	Travis arrives at this old oases.	-72.0	-72.0	-8.0	-8.0	False	False	morphology	determiner_noun_agreement	Write a natural, coherent English sentence.
995	32	Many boys drive to this yellow oasis.	Many boys drive to these yellow oasis.	-89.5	-93.5	-9.9375	-10.375	True	True	morphology	determiner_noun_agreement	Write a natural, coherent English sentence.
996	32	Danielle won't heal those unlucky people.	Danielle won't heal that unlucky people.	-83.5	-93.0	-6.96875	-7.75	True	True	morphology	determiner_noun_agreement	Write a natural, coherent English sentence.
997	32	Sabrina wouldn't go to that new oasis.	Sabrina wouldn't go to those new oasis.	-69.5	-76.5	-5.34375	-5.875	True	True	morphology	determiner_noun_agreement	Write a natural, coherent English sentence.
998	32	This movie theater annoys these lucky alumni.	This movie theater annoys this lucky alumni.	-79.5	-80.5	-6.625	-6.6875	True	True	morphology	determiner_noun_agreement	Write a natural, coherent English sentence.
999	32	Stacy doesn't appreciate that out in the open woman.	Stacy doesn't appreciate those out in the open woman.	-77.5	-78.0	-5.96875	-6.0	True	True	morphology	determiner_noun_agreement	Write a natural, coherent English sentence.
